/*--------------------------------*- C++ -*----------------------------------*\
  =========                 |
  \\      /  F ield         | OpenFOAM: The Open Source CFD Toolbox
   \\    /   O peration     | Website:  https://openfoam.org
    \\  /    A nd           | Version:  8
     \\/     M anipulation  |
\*---------------------------------------------------------------------------*/
FoamFile
{
    version     2.0;
    format      ascii;
    class       volScalarField;
    location    "1.3";
    object      p;
}
// * * * * * * * * * * * * * * * * * * * * * * * * * * * * * * * * * * * * * //

dimensions      [1 -1 -2 0 0 0 0];

internalField   nonuniform List<scalar> 
9150
(
397.69
370.767
345.196
327.973
319.63
319.63
327.974
345.197
370.767
397.689
368.83
349.346
333.625
321.81
315.799
315.8
321.811
333.627
349.348
368.832
339.565
326.055
317.441
309.691
305.558
305.559
309.692
317.443
326.058
339.568
314.835
304.892
299.346
293.999
291.014
291.015
294
299.349
304.895
314.838
293.515
284.725
280.041
275.878
273.43
273.43
275.879
280.043
284.728
293.519
31.1172
26.675
51.8743
66.1478
72.6279
72.6254
66.1407
51.8635
26.6614
31.1025
201.243
176.932
171.532
170.238
170.202
170.2
170.233
171.525
176.924
201.235
305.879
274.253
258.219
248.283
243.503
243.502
248.28
258.215
274.247
305.874
386.343
343.975
316.009
298.647
290.079
290.078
298.645
316.007
343.972
386.339
435.998
383.922
345.298
323.246
313.064
313.064
323.246
345.297
383.921
435.996
-55.4514
-17.2586
-28.17
-19.1602
-23.068
-23.0691
-19.1529
-28.1556
-17.2882
-55.6956
-46.4835
-28.5945
-47.738
-40.567
-43.4121
-43.4207
-40.5703
-47.7958
-28.6565
-46.6394
-91.119
-58.6066
-88.4451
-82.5293
-78.7879
-78.7939
-82.5474
-88.4828
-58.6599
-91.2101
-269.663
-144.613
-124.657
-106.933
-91.0971
-91.102
-106.949
-124.686
-144.651
-269.721
-408.72
-175.051
-77.4672
-47.4064
-32.1488
-32.1523
-47.4173
-77.4853
-175.076
-408.756
2239.65
2257.4
2271.2
2280.99
2286.76
2288.58
2286.54
2280.62
2270.86
2257.36
2111.78
2127.89
2140.83
2150.39
2156.42
2158.66
2157.06
2151.95
2143.54
2132.08
1972.56
1985.33
1995.76
2003.6
2008.76
2011.16
2010.8
2007.76
2002.15
1994.2
1880.43
1890.92
1899.5
1906.06
1910.51
1912.83
1913
1911.05
1907.04
1901.07
1819.73
1827.93
1834.7
1839.96
1843.63
1845.68
1846.08
1844.85
1842.06
1837.75
1782.42
1788.23
1793.11
1796.98
1799.76
1801.4
1801.89
1801.23
1799.45
1796.58
1762.93
1766.09
1768.92
1771.29
1773.11
1774.31
1774.87
1774.75
1773.99
1772.59
1755.03
1755.55
1756.39
1757.34
1758.29
1759.14
1759.85
1760.39
1760.76
1761.01
1752.58
1751.05
1750.33
1750.22
1750.57
1751.29
1752.3
1753.6
1755.2
1757.17
1750.77
1748.16
1746.62
1746
1746.15
1746.98
1748.45
1750.56
1753.35
1756.89
1746.61
1744.03
1742.48
1741.91
1742.26
1743.45
1745.46
1748.33
1752.1
1756.79
1738.94
1737.29
1736.4
1736.37
1737.21
1738.89
1741.41
1744.83
1749.17
1754.33
1728.51
1728.12
1728.21
1728.92
1730.35
1732.51
1735.42
1739.12
1743.56
1748.56
1716.15
1717.02
1718.13
1719.63
1721.64
1724.22
1727.39
1731.14
1735.35
1739.92
1702.91
1704.8
1706.78
1708.95
1711.46
1714.38
1717.73
1721.44
1725.36
1729.82
1689.53
1692.02
1694.64
1697.31
1700.2
1703.37
1706.81
1710.38
1713.99
1718.71
1675.89
1678.76
1681.88
1684.97
1688.18
1691.59
1695.15
1698.68
1702.33
1708.08
1662.35
1665.34
1668.8
1672.22
1675.74
1679.47
1683.35
1687.28
1692.04
1700.73
1649.23
1651.91
1655.4
1658.92
1662.56
1666.4
1670.36
1674.41
1679.8
1690.09
1635.62
1637.89
1641.32
1644.83
1648.44
1652.19
1655.97
1659.79
1665.28
1675.52
1621.22
1623.06
1626.47
1630.04
1633.68
1637.42
1641.16
1645.21
1651.7
1662.1
1606.32
1607.64
1610.94
1614.53
1618.17
1621.85
1625.51
1629.73
1636.94
1646.49
1590.45
1591.43
1594.64
1598.25
1601.87
1605.46
1608.97
1613.14
1620.33
1627.49
1573.7
1574.43
1577.64
1581.38
1585.14
1588.85
1592.54
1597.08
1604.6
1610.22
1555.82
1556.49
1559.85
1563.88
1567.96
1572.05
1576.27
1581.66
1590.11
1595.32
1536.27
1537.3
1540.99
1545.39
1549.79
1554.15
1558.71
1564.67
1573.33
1575.55
1515.75
1517.46
1521.5
1526.22
1530.8
1535.22
1539.8
1545.8
1553.99
1553.08
1496.02
1498.14
1502.29
1507.08
1511.65
1515.94
1520.32
1526.11
1533.51
1529
1478.52
1480.23
1484.01
1488.51
1492.77
1496.69
1500.68
1506.1
1512.55
1504.53
1463.45
1463.95
1466.86
1470.76
1474.53
1478.03
1481.7
1486.95
1493.08
1483.42
1449.76
1448.61
1450.24
1453.33
1456.53
1459.63
1463.12
1468.43
1474.74
1465.46
1437.22
1433.71
1433.47
1435.39
1437.73
1440.14
1443.01
1447.6
1452.6
1441.56
1420
1415.52
1414.25
1415.5
1417.3
1419.11
1421.32
1424.99
1427.93
1412.26
1394.29
1391.79
1391.36
1393.21
1395.42
1397.5
1399.98
1404.1
1406.8
1386.42
1370.3
1368.23
1368.14
1370.47
1373.23
1375.97
1379.39
1384.96
1388.28
1363.52
1344.58
1342.94
1343.57
1346.64
1350.21
1353.84
1358.47
1365.74
1370.07
1342.26
1311.36
1313.12
1315.81
1320.49
1325.35
1330.1
1335.86
1344.36
1349.24
1320
1279.82
1284.75
1288.56
1294.19
1299.9
1305.28
1311.48
1320.15
1324.54
1295.32
1252.34
1259.79
1263.31
1268.93
1274.78
1280.1
1286.01
1294.01
1297.32
1267.44
1235.76
1243.09
1243.26
1246.77
1251.38
1255.58
1260.06
1266.08
1265.5
1226.35
1217.6
1225.34
1223.11
1225.06
1228.83
1232.33
1235.88
1240.17
1235.3
1187.3
1187.21
1199.57
1198.67
1201.83
1207.47
1213.34
1219.81
1227.94
1227.7
1183.42
1136.52
1161.12
1166.74
1174.5
1184.69
1195.3
1206.98
1221.63
1229.18
1187.65
1072.6
1115.86
1130.71
1144.39
1159.9
1175.55
1192.2
1212.33
1225.63
1183.31
993.195
1065.7
1093.34
1114.01
1135.36
1156.46
1178.47
1204.78
1225.98
1189
957.675
1041.36
1071.98
1093.37
1115.97
1139.06
1163.6
1193.4
1219.87
1186.3
983.298
1047.36
1068.99
1083.07
1101.13
1121.8
1145.21
1174.88
1202.29
1168.16
963.793
1027.16
1049.91
1061.69
1077.73
1097.12
1119.64
1148.81
1177.4
1146.18
879.015
973.723
1013.38
1027.76
1043.95
1063.38
1085.52
1114.19
1144.37
1117.29
824.518
927.226
977.477
992.526
1006.88
1024.23
1043.83
1069.14
1095.37
1063.83
794.794
886.2
940.164
955.663
967.865
982.352
998.503
1019.03
1037.92
1001.9
777.776
852.074
904.516
920.402
930.255
941.628
954.382
970.336
983.341
947.938
771.46
829.798
875.491
889.042
895.751
903.722
913.062
924.951
933.972
903.882
766.55
812.676
849.846
859.471
862.769
867.285
873.134
881.01
886.349
861.839
762.684
798.8
826.574
831.2
830.81
831.779
834.083
837.896
839.561
821.29
757.523
784.306
802.533
802.127
798.238
795.728
794.251
793.509
791.635
782.239
749.868
768.111
776.701
771.427
764.315
758.297
752.552
746.297
740.829
742.163
739.67
749.787
749.387
739.771
729.638
720.198
709.966
697.999
690.393
703.395
730.71
730.246
720.464
707.415
695.191
683.244
669.698
654.615
652.938
684.876
730.629
710.341
689.184
673.759
660.289
646.492
630.242
614.088
626.132
682.73
725.452
682.444
652.668
636.727
622.757
607.257
588.102
570.816
598.025
674.46
704.313
645.196
611.939
596.725
582.63
565.668
543.46
526.267
569.076
658.26
674.641
602.363
568.92
555.583
542.067
524.343
500.876
489.157
556.425
653.582
638.269
551.964
521.812
512.184
500.17
482.083
457.76
453.873
545.432
647.191
601.165
506.921
479.503
472.109
460.87
442.724
418.265
421.316
532.872
639.823
551.6
461.459
438.72
433.354
423.704
407.255
385.153
396.239
525.86
642.6
509.784
417.581
397.663
393.912
385.661
370.85
350.144
361.268
491.165
617.479
494.908
388.21
363.118
357.358
348.897
335.502
316.557
321.074
427.639
554.974
411.995
319.043
304.99
306.76
305.131
299.428
289.031
291.204
362.874
472.443
292.257
229.903
233.71
247.195
254.825
256.937
252.364
246.178
272.527
344.877
137.512
128.253
161.274
191.999
212.675
225.015
228.005
218.46
210.899
249.273
-34.9407
18.6275
94.8572
153.057
193.305
221.634
239.876
245.183
243.492
282.927
33.7572
60.6984
122.004
179.508
221.964
253.824
278.024
294.23
308.56
358.362
238.342
204.906
220.322
254.489
283.617
307.371
327.902
346.44
369.779
417.263
383.887
321.834
310.526
325.927
341.521
354.825
367.252
380.121
398.932
431.697
476.094
408.501
383.716
383.473
385.955
387.851
389.14
388.849
389.761
404.046
503.001
451.563
426.417
418.355
413.617
409.111
403.84
395.624
387.255
402.243
485.586
460.838
442.083
432.388
425.508
418.933
411.423
401.213
391.359
403.141
438.651
437.908
432.691
428.182
423.668
418.319
411.363
401.738
392.238
399.498
422.718
423.107
422.418
420.469
417.277
412.673
406.198
397.095
386.904
387.899
405.526
409.344
410.176
409.562
407.531
403.788
398.012
389.485
378.187
372.487
379.953
389.421
394.201
395.72
395.251
392.811
388.234
380.832
369.709
360.869
352.738
366.284
376.419
380.669
381.866
380.746
377.381
371.297
361.334
352.078
335.241
346.693
360.236
366.51
368.527
367.874
364.748
358.654
348.097
337.173
328.084
334.706
347.186
353.55
355.431
354.335
350.416
342.7
329.37
315.236
319.137
327.136
336.105
341.186
342.779
341.339
336.853
328.462
314.763
299.054
287.925
307.562
318.852
325.447
328.313
327.677
323.543
315.668
302.886
283.615
283.2
299.621
308.422
313.806
316.283
315.88
312.643
306.724
297.915
283.118
284.908
293.257
298.12
301.67
303.384
302.964
300.421
296.018
290.412
281.037
278.654
280.893
282.712
284.987
286.206
285.792
283.757
280.693
278.108
274.41
263.789
262.258
261.339
262.82
264.029
263.829
262.255
260.466
261.097
262.199
228.11
231.835
230.887
232.618
234.4
234.587
233.248
232.152
234.136
232.18
169.711
187.243
189.814
192.545
194.648
195.075
193.879
192.228
191.079
175.31
106.97
135.91
142.335
145.489
147.015
147.515
146.995
144.92
139.685
111.477
53.9965
84.9895
94.6165
98.0911
99.6233
100.074
99.434
96.8662
88.1352
57.1265
19.2457
43.549
54.9037
58.0412
60.0991
60.4238
58.991
56.4399
45.612
20.9105
0.0688003
14.0312
25.5177
27.9374
30.1271
30.3109
28.4441
26.3528
15.1231
0.772292
-9.13538
-4.44336
5.32006
7.56559
9.37404
9.44486
7.78245
5.63736
-4.01646
-8.88917
-14.1167
-8.29307
-5.10204
-3.42348
-3.51198
-3.47844
-3.37142
-4.96857
-8.20589
-14.2037
-26.9243
0.886653
-9.96931
-9.90681
-12.6401
-12.6262
-9.88772
-9.83378
1.00437
-27.2296
2239.18
2215.94
2189.03
2158.87
2126.03
2091.16
2055
2018.31
1981.89
1946.55
1913.05
1882.08
1854.27
1830.16
1809.47
1791.95
1777.37
1765.68
1756.82
1750.57
1746.69
1744.87
1744.85
1746.33
1749.06
1752.79
1757.29
1762.35
1767.78
1773.41
1779.08
1784.64
1789.96
1794.91
1799.47
1804.25
1810.75
1812.78
1814.06
1814.98
2116.91
2097.09
2074.2
2048.81
2021.5
1992.88
1963.62
1934.43
1905.96
1878.85
1853.62
1830.64
1810.1
1792.12
1777.76
1766.32
1757.55
1751.23
1747.08
1744.84
1744.22
1745
1746.95
1749.85
1753.51
1757.76
1762.42
1767.33
1772.33
1777.26
1781.97
1786.28
1790.01
1792.96
1795.03
1796.55
1797.74
1798.93
1800.1
1803.18
1983.44
1969.08
1952.39
1933.92
1914.22
1893.8
1873.25
1853.12
1833.92
1816.1
1800
1785.86
1773.78
1763.81
1755.99
1750.09
1745.92
1743.3
1742.04
1741.98
1742.95
1744.78
1747.33
1750.45
1753.99
1757.83
1761.84
1765.88
1769.81
1773.5
1776.79
1779.52
1781.54
1782.7
1782.98
1782.59
1782.09
1783.74
1789.25
1798.04
1892.69
1881.79
1869.22
1855.34
1840.58
1825.36
1810.12
1795.26
1781.17
1768.22
1756.75
1746.99
1739.05
1732.89
1728.43
1725.51
1723.97
1723.61
1724.26
1725.77
1727.99
1730.77
1733.95
1737.42
1741.05
1744.73
1748.36
1751.83
1755.04
1757.88
1760.25
1762.06
1763.28
1763.93
1764.21
1764.6
1766.32
1771.87
1783.11
1795.73
1831.58
1823.43
1813.95
1803.4
1792.07
1780.2
1768.01
1755.7
1743.61
1732.3
1722.28
1713.89
1707.28
1702.43
1699.26
1697.55
1697.19
1698.03
1699.87
1702.49
1705.7
1709.3
1713.12
1717.04
1720.94
1724.71
1728.28
1731.55
1734.46
1736.95
1738.97
1740.52
1741.66
1742.54
1743.5
1745.15
1748.84
1757.13
1771.51
1787.65
1792.37
1786.66
1779.93
1772.32
1763.89
1754.66
1744.67
1734.18
1723.45
1712.71
1701.2
1689.14
1679.13
1673.35
1671.03
1669.79
1668.63
1668.57
1670.28
1673.57
1677.79
1682.44
1687.21
1691.93
1696.46
1700.7
1704.59
1708.07
1711.1
1713.68
1715.81
1717.56
1719.07
1720.56
1722.44
1725.34
1730.55
1740.42
1755.84
1771.76
1770.41
1767.35
1763.74
1759.6
1754.96
1750.22
1746.46
1743.33
1734.11
1709.83
1667.98
1618.89
1587.11
1584.06
1598.33
1618.11
1630.43
1633.71
1635.09
1638.97
1644.67
1651.01
1657.37
1663.45
1669.13
1674.31
1678.95
1683.04
1686.59
1689.63
1692.22
1694.46
1696.55
1698.74
1701.44
1705.22
1711.21
1721.34
1736.02
1749.54
1761.14
1761.19
1761.33
1761.77
1763.47
1768.95
1777.76
1770.38
1707.76
1594.85
1519.06
1496.76
1489.47
1489.69
1493.34
1509.18
1538.62
1565.15
1581.81
1593.35
1604.21
1614.56
1624.05
1632.57
1640.14
1646.82
1652.66
1657.74
1662.11
1665.87
1669.12
1672
1674.7
1677.49
1680.72
1684.88
1690.87
1700.15
1712.88
1724.36
1759.65
1762.79
1766.74
1772.81
1784.64
1801.61
1790.06
1688.22
1549.87
1486.8
1477.55
1475.32
1475.05
1475.04
1475.57
1476.58
1482.58
1495.96
1519.99
1543.1
1561.59
1576.96
1590.12
1601.46
1611.24
1619.66
1626.9
1633.12
1638.45
1643.03
1647.01
1650.52
1653.77
1656.99
1660.46
1664.57
1669.97
1677.73
1687.85
1697.66
1761.37
1767.07
1774.93
1789.01
1810.87
1805.92
1692.23
1531.34
1477.83
1475.5
1474.81
1474.52
1474.42
1474.43
1474.55
1474.74
1474.75
1472.11
1474.36
1496.98
1522.07
1542.39
1558.74
1572.44
1584.11
1594.08
1602.59
1609.86
1616.09
1621.44
1626.06
1630.1
1633.75
1637.19
1640.64
1644.36
1648.81
1654.67
1661.92
1669.23
1762.6
1770.37
1783.28
1805.86
1816.49
1722.45
1544.52
1477.06
1474.29
1474.25
1474.5
1474.52
1474.48
1474.47
1474.52
1474.57
1474.46
1473.59
1456.36
1463.25
1489.48
1513.4
1531.95
1547.09
1559.94
1570.92
1580.3
1588.33
1595.22
1601.12
1606.21
1610.61
1614.46
1617.91
1621.1
1624.21
1627.48
1631.32
1635.67
1640.45
1760.62
1770.33
1788.51
1808.63
1757.52
1583.43
1478.96
1474.28
1473.73
1473.95
1474.07
1474.07
1474.07
1474.11
1474.19
1474.28
1474.11
1471.84
1448.58
1446.8
1470.01
1493.31
1511.56
1526.57
1539.47
1550.64
1560.29
1568.61
1575.79
1581.96
1587.26
1591.79
1595.64
1598.91
1601.68
1604.02
1606.06
1607.93
1609.61
1612.27
1754.94
1766.71
1785.91
1778.76
1653.66
1501.92
1474.05
1472.98
1473.18
1473.38
1473.46
1473.51
1473.57
1473.64
1473.74
1473.83
1473.54
1466.98
1440.75
1440.41
1460.77
1480.58
1496.6
1510.27
1522.33
1532.97
1542.31
1550.46
1557.56
1563.69
1568.94
1573.37
1577.03
1579.95
1582.16
1583.65
1584.43
1584.42
1583.65
1583.03
1746.64
1760.39
1772.77
1713.03
1552.27
1475.65
1472.57
1472.42
1472.68
1472.8
1472.87
1472.94
1473.04
1473.16
1473.34
1473.46
1472.99
1456.98
1433.18
1438.31
1455.86
1471.66
1484.95
1496.8
1507.55
1517.21
1525.83
1533.47
1540.18
1546
1550.98
1555.12
1558.43
1560.89
1562.47
1563.12
1562.73
1561.09
1558.35
1555.82
1737.71
1751.79
1744.63
1634.9
1498.28
1473.01
1471.99
1472.09
1472.17
1472.17
1472.2
1472.28
1472.41
1472.59
1472.81
1472.9
1467.72
1443.15
1430.63
1439.86
1453.1
1464.78
1475.3
1485.14
1494.3
1502.72
1510.36
1517.22
1523.31
1528.62
1533.14
1536.85
1539.69
1541.62
1542.56
1542.41
1540.96
1537.94
1533.6
1529.85
1728.14
1738.02
1693.47
1553.27
1472.84
1470.73
1471.78
1471.99
1471.64
1471.43
1471.38
1471.45
1471.61
1471.87
1472.05
1471.34
1455.31
1432.77
1430.84
1439.99
1449.4
1457.95
1466.17
1474.14
1481.73
1488.83
1495.38
1501.35
1506.68
1511.34
1515.29
1518.46
1520.77
1522.14
1522.46
1521.57
1519.21
1515
1509.41
1504.89
1718.64
1718.17
1636.85
1505.39
1468.24
1468.29
1471.11
1471.19
1470.57
1470.26
1470.21
1470.34
1470.65
1471.08
1471.1
1464.08
1440.3
1427.31
1431.13
1438.01
1444.38
1450.61
1456.93
1463.21
1469.31
1475.12
1480.56
1485.58
1490.09
1494.03
1497.35
1499.94
1501.72
1502.58
1502.38
1500.96
1498
1493.04
1486.56
1483.72
1712.96
1692.12
1581.71
1485.07
1464.86
1464.56
1467.45
1468.41
1468.36
1468.27
1468.34
1468.56
1468.93
1469.54
1467.93
1450.28
1428.97
1425.06
1429.26
1433.72
1437.96
1442.44
1447.15
1451.94
1456.69
1461.29
1465.67
1469.73
1473.41
1476.62
1479.28
1481.31
1482.59
1483
1482.43
1480.71
1477.54
1472.39
1465.7
1463.4
1700.79
1660.18
1542.49
1478.68
1466.77
1463.05
1462.72
1464.44
1465.45
1465.79
1466.09
1466.51
1466.93
1466.45
1458.67
1435.54
1421.98
1422.46
1425.18
1427.65
1430.3
1433.35
1436.68
1440.17
1443.7
1447.19
1450.55
1453.7
1456.56
1459.05
1461.07
1462.53
1463.33
1463.34
1462.44
1460.5
1457.22
1452.04
1445.33
1442.32
1680.75
1620.52
1506.22
1468.83
1464.92
1462.64
1461.26
1461.73
1462.77
1463.35
1463.72
1464.11
1464.78
1462.77
1444.87
1423.24
1417.2
1418
1419.04
1420.05
1421.46
1423.3
1425.44
1427.79
1430.24
1432.73
1435.16
1437.45
1439.53
1441.31
1442.71
1443.63
1443.96
1443.59
1442.41
1440.28
1436.93
1431.82
1425.28
1422.49
1656.48
1576.41
1479.58
1461.78
1461.41
1461.6
1461.25
1460.99
1461.2
1461.48
1461.83
1462.11
1461.38
1453.81
1430.08
1414.26
1411.82
1411.61
1411.24
1411.13
1411.52
1412.33
1413.45
1414.8
1416.3
1417.88
1419.46
1420.96
1422.31
1423.44
1424.24
1424.64
1424.52
1423.79
1422.32
1420
1416.57
1411.59
1405.4
1402.22
1629.34
1536.39
1456.26
1449.29
1455.77
1460.71
1461.73
1460.45
1459.63
1459.52
1459.93
1460.66
1458.73
1439.66
1414.84
1406.07
1404.56
1403.29
1401.94
1401
1400.55
1400.48
1400.73
1401.22
1401.89
1402.66
1403.48
1404.27
1404.95
1405.47
1405.73
1405.64
1405.12
1404.05
1402.33
1399.84
1396.36
1391.5
1385.65
1380.73
1599.25
1502.85
1440.35
1438.75
1449.79
1459.06
1459.47
1456.97
1456.01
1456.14
1456.9
1456.9
1449.08
1421.7
1402.03
1397.6
1395.76
1393.54
1391.45
1389.84
1388.66
1387.85
1387.35
1387.1
1387.04
1387.11
1387.25
1387.4
1387.5
1387.47
1387.24
1386.73
1385.84
1384.5
1382.59
1380.02
1376.58
1371.96
1366.47
1362.11
1576.96
1490.06
1445.4
1438.83
1445.69
1450.68
1450.86
1449.73
1449.55
1450.16
1451.78
1450.67
1432.11
1403.26
1391.35
1388.35
1385.66
1382.67
1379.99
1377.78
1375.98
1374.54
1373.39
1372.49
1371.8
1371.26
1370.82
1370.41
1369.99
1369.49
1368.83
1367.96
1366.78
1365.21
1363.18
1360.59
1357.26
1352.95
1347.96
1344.11
1561.19
1485.32
1451.94
1439.37
1439.35
1439.96
1439.42
1440.46
1441.12
1441.69
1442.63
1438.91
1413.65
1389.35
1381.77
1378.27
1374.56
1370.89
1367.69
1364.95
1362.6
1360.6
1358.9
1357.46
1356.23
1355.17
1354.22
1353.34
1352.47
1351.56
1350.55
1349.36
1347.94
1346.21
1344.1
1341.54
1338.37
1334.4
1329.93
1326.53
1537.15
1468.87
1444.01
1434.45
1432.91
1431.53
1430.53
1431.96
1433.13
1433.99
1432.59
1420.61
1391.99
1375.71
1370.48
1366.43
1362.1
1358.04
1354.46
1351.3
1348.52
1346.08
1343.93
1342.03
1340.36
1338.86
1337.49
1336.2
1334.96
1333.72
1332.4
1330.97
1329.36
1327.51
1325.36
1322.85
1319.86
1316.22
1312.27
1309.26
1510.9
1447.88
1429.41
1424.88
1423.87
1423.1
1422.89
1423.93
1424.96
1426.91
1424.65
1401.69
1372.94
1362.32
1357.89
1353.33
1348.61
1344.28
1340.4
1336.93
1333.81
1331.01
1328.5
1326.24
1324.2
1322.35
1320.64
1319.03
1317.49
1315.96
1314.41
1312.79
1311.03
1309.1
1306.93
1304.49
1301.67
1298.35
1294.82
1292.18
1482.79
1425.16
1415.26
1416.32
1413.3
1413.04
1414.22
1414.95
1415.35
1416.05
1410.26
1381.01
1357.12
1349.18
1344.37
1339.25
1334.24
1329.69
1325.58
1321.86
1318.48
1315.42
1312.63
1310.1
1307.79
1305.66
1303.68
1301.82
1300.04
1298.3
1296.57
1294.8
1292.94
1290.95
1288.79
1286.42
1283.77
1280.71
1277.52
1275.26
1454.29
1399.3
1393.69
1400.74
1399.85
1403.77
1406.76
1406.9
1406.86
1406
1390.94
1357.03
1339.8
1334.05
1329.16
1323.85
1318.78
1314.17
1309.95
1306.09
1302.55
1299.31
1296.34
1293.62
1291.1
1288.78
1286.61
1284.56
1282.61
1280.72
1278.86
1276.98
1275.05
1273.04
1270.91
1268.63
1266.13
1263.33
1260.47
1258.59
1431.67
1376.83
1363.73
1376.21
1386.02
1394.4
1398.78
1398.35
1399.17
1397.98
1367.88
1332.4
1321.33
1317.32
1312.59
1307.36
1302.4
1297.82
1293.59
1289.66
1286.04
1282.71
1279.63
1276.78
1274.15
1271.69
1269.4
1267.23
1265.17
1263.18
1261.24
1259.3
1257.34
1255.33
1253.24
1251.04
1248.68
1246.1
1243.51
1241.73
1418.39
1369.66
1345.38
1354.74
1371.65
1379.11
1381.65
1381.75
1385.43
1378.76
1340.47
1312.1
1304.6
1300.54
1295.52
1290.28
1285.36
1280.8
1276.57
1272.63
1268.98
1265.61
1262.49
1259.59
1256.9
1254.38
1252.03
1249.81
1247.69
1245.66
1243.67
1241.72
1239.75
1237.76
1235.71
1233.59
1231.34
1228.93
1226.56
1224.87
1398.99
1361.52
1339.19
1341.71
1352.1
1354.76
1355.65
1356.95
1356.55
1346.19
1313.24
1294.55
1288.23
1283.23
1277.79
1272.5
1267.61
1263.09
1258.89
1254.99
1251.38
1248.03
1244.92
1242.03
1239.34
1236.83
1234.47
1232.25
1230.13
1228.1
1226.12
1224.18
1222.24
1220.28
1218.29
1216.24
1214.08
1211.81
1209.59
1207.99
1367.21
1335.68
1319.33
1318.9
1330.55
1335.75
1335.74
1337.26
1335.98
1317.12
1286.69
1274.38
1269.34
1264.24
1258.85
1253.73
1249
1244.6
1240.52
1236.73
1233.21
1229.96
1226.93
1224.12
1221.49
1219.04
1216.73
1214.55
1212.48
1210.49
1208.56
1206.66
1204.77
1202.86
1200.92
1198.94
1196.86
1194.66
1192.52
1190.97
1334.06
1302.67
1288.66
1285.21
1300.79
1315.17
1317.97
1320.54
1317.98
1288.05
1260.81
1252.89
1248.94
1244.11
1238.97
1234.11
1229.59
1225.39
1221.49
1217.87
1214.53
1211.43
1208.55
1205.87
1203.37
1201.03
1198.82
1196.74
1194.75
1192.83
1190.97
1189.14
1187.31
1185.47
1183.6
1181.67
1179.66
1177.49
1175.36
1173.87
1303.25
1270.25
1259.4
1253.8
1264.81
1286.09
1293.07
1296.16
1289.22
1258.6
1239.44
1233.32
1228.86
1223.75
1218.64
1213.91
1209.55
1205.55
1201.86
1198.47
1195.36
1192.48
1189.81
1187.34
1185.03
1182.86
1180.8
1178.85
1176.97
1175.16
1173.39
1171.64
1169.89
1168.12
1166.3
1164.43
1162.45
1160.31
1158.19
1156.72
1275.99
1242.04
1235.14
1227.48
1227.7
1241.49
1251.05
1256.75
1256.51
1237.34
1222.77
1214.93
1208.76
1202.98
1197.7
1192.99
1188.78
1185
1181.58
1178.49
1175.68
1173.1
1170.73
1168.54
1166.49
1164.55
1162.7
1160.92
1159.2
1157.52
1155.86
1154.21
1152.53
1150.82
1149.06
1147.22
1145.27
1143.13
1141
1139.55
1252.21
1219.26
1214.86
1207.88
1201.26
1196.07
1195.99
1206.48
1221.5
1214.98
1202.25
1193.07
1186.16
1180.29
1175.18
1170.74
1166.87
1163.48
1160.49
1157.83
1155.43
1153.26
1151.28
1149.45
1147.73
1146.1
1144.52
1142.97
1141.45
1139.93
1138.4
1136.85
1135.26
1133.61
1131.89
1130.08
1128.13
1125.99
1123.84
1122.36
1230.92
1200.78
1197.29
1195.46
1193.57
1180.97
1162.92
1170.97
1186.46
1183.36
1173.65
1166.03
1160.04
1154.93
1150.52
1146.76
1143.57
1140.83
1138.46
1136.39
1134.56
1132.92
1131.43
1130.05
1128.75
1127.48
1126.23
1124.97
1123.68
1122.36
1120.99
1119.56
1118.06
1116.47
1114.79
1113
1111.06
1108.9
1106.7
1105.19
1204.39
1176.86
1176.4
1179.7
1180.23
1178.57
1173.66
1173.97
1168.15
1153.49
1143.61
1137.21
1131.99
1127.6
1124.02
1121.16
1118.86
1117.01
1115.48
1114.19
1113.08
1112.1
1111.21
1110.37
1109.55
1108.72
1107.84
1106.91
1105.9
1104.8
1103.61
1102.32
1100.92
1099.4
1097.76
1095.99
1094.05
1091.86
1089.62
1088.07
1152.83
1123.44
1144.06
1161.49
1165.55
1183.49
1206.11
1199.51
1162.99
1126.67
1112.53
1106.31
1101.63
1098
1095.49
1093.82
1092.73
1092.03
1091.58
1091.28
1091.06
1090.88
1090.7
1090.49
1090.22
1089.87
1089.42
1088.85
1088.13
1087.28
1086.28
1085.13
1083.84
1082.39
1080.8
1079.05
1077.1
1074.9
1072.62
1071.01
1104.4
1071.52
1100.19
1145.61
1171.56
1194.65
1221.09
1197.78
1130.01
1078.75
1067.79
1066.62
1065.29
1064.21
1063.96
1064.34
1065.07
1065.97
1066.93
1067.87
1068.73
1069.48
1070.1
1070.58
1070.91
1071.07
1071.05
1070.85
1070.44
1069.83
1069.02
1068.02
1066.83
1065.46
1063.91
1062.19
1060.26
1058.04
1055.73
1054.09
1101.33
1066.15
1075.75
1122.62
1159.84
1181.16
1202.98
1158.71
1062.28
1005.39
1007.44
1017.53
1023.08
1026.64
1029.97
1033.26
1036.4
1039.32
1041.99
1044.37
1046.45
1048.24
1049.72
1050.92
1051.83
1052.49
1052.88
1053.02
1052.89
1052.51
1051.89
1051.02
1049.93
1048.63
1047.12
1045.43
1043.52
1041.3
1038.98
1037.33
1099.84
1065.98
1065.03
1080.69
1087.79
1095.64
1114.51
1103.48
1019.23
955.884
958.369
973.208
983.173
990.31
996.693
1002.66
1008.15
1013.11
1017.53
1021.42
1024.78
1027.62
1029.96
1031.85
1033.31
1034.4
1035.13
1035.54
1035.63
1035.43
1034.94
1034.18
1033.17
1031.92
1030.46
1028.81
1026.91
1024.71
1022.38
1020.74
1083.79
1047.55
1047.98
1052.57
1020.56
965.609
984.747
1023.39
983.493
929.925
923.886
936.057
947.277
956.631
965.333
973.571
981.189
988.088
994.23
999.6
1004.21
1008.07
1011.23
1013.75
1015.69
1017.12
1018.09
1018.66
1018.87
1018.74
1018.32
1017.6
1016.63
1015.41
1013.97
1012.33
1010.45
1008.26
1005.95
1004.32
1083.7
1042.06
1051.87
1065.83
999.735
861.223
847.625
900.302
901.15
876.979
877.446
893.513
909.15
922.492
934.523
945.572
955.617
964.611
972.543
979.408
985.222
990.026
993.895
996.922
999.207
1000.84
1001.92
1002.53
1002.73
1002.58
1002.12
1001.37
1000.37
999.131
997.683
996.037
994.161
991.982
989.687
988.068
1075.48
1027.28
1035.52
1017.8
929.168
830.017
789.103
810.117
821.115
812.243
824.891
849.799
871.926
890.09
905.84
919.897
932.463
943.597
953.328
961.653
968.573
974.143
978.487
981.769
984.154
985.785
986.787
987.268
987.322
987.02
986.412
985.545
984.446
983.136
981.637
979.958
978.063
975.88
973.593
971.988
1049.41
988.325
966.059
908.744
856.655
823.954
805.995
801.694
803.319
787.257
792.972
818.768
843.868
864.618
882.617
898.803
913.391
926.416
937.83
947.523
955.383
961.424
965.842
968.94
971.004
972.264
972.887
973.004
972.717
972.108
971.241
970.158
968.887
967.446
965.851
964.104
962.165
959.957
957.66
956.059
1023.23
944.489
887.257
830.62
812.567
808.031
802.198
794.793
794.612
779.021
774.257
795.563
822.202
844.832
864.391
882.213
898.678
913.753
927.13
938.354
947.013
953.09
956.961
959.19
960.285
960.613
960.41
959.823
958.95
957.858
956.595
955.195
953.678
952.05
950.318
948.471
946.462
944.205
941.876
940.26
988.693
887.377
831.709
800.151
792.833
792.436
790.462
787.621
783.539
776.651
765.968
778.018
805.294
830.737
851.779
870.956
889.599
907.854
924.611
938.16
946.875
951.19
952.759
952.855
952.079
950.792
949.243
947.578
945.86
944.113
942.343
940.553
938.739
936.889
934.993
933.024
930.928
928.604
926.217
924.566
928.257
822.33
797.456
789.842
786.095
783.748
781.998
780.421
779.36
778.109
766.68
763.195
785.197
814.071
838.235
860.476
881.898
904.375
929.512
953.78
967.076
965.632
958.134
951.625
946.727
942.679
939.123
935.968
933.157
930.612
928.26
926.044
923.916
921.838
919.775
917.691
915.508
913.112
910.655
908.954
878.111
797.672
787.724
788.32
780.231
776.086
775.01
774.441
773.779
772.295
770.002
762.611
765.263
775.493
794.694
818.609
835.19
845.253
866.019
914.16
966.663
982.237
969.819
953.13
941.637
934.024
928.347
923.773
919.968
916.726
913.886
911.323
908.95
906.699
904.516
902.35
900.11
897.677
895.151
893.404
848.4
794.928
785.751
780.634
770.413
768.527
768.536
768.517
768.106
767.178
765.593
763.394
758.943
756.357
758.223
762.092
765.383
768.536
775.97
791.367
843.767
908.206
941.321
938.598
927.162
918.822
913.14
908.662
904.847
901.526
898.593
895.949
893.512
891.218
889.011
886.84
884.61
882.189
879.657
877.901
827.772
790.521
781.238
771.643
763.536
763.347
763.75
763.847
763.534
762.817
761.661
760.338
759.191
757.908
756.145
754.43
754.232
755.491
757.487
760.186
765.229
801.241
867.427
906.656
907.86
900.398
895.018
891.238
887.993
885.017
882.285
879.773
877.434
875.223
873.097
871.014
868.883
866.567
864.135
862.441
805.486
780.213
772.917
764.256
759.333
759.903
760.386
760.526
760.346
759.869
759.097
758.156
757.283
756.427
755.644
755.04
754.75
754.886
755.323
755.847
756.653
759.697
793.043
853.464
882.57
881.201
875.907
872.476
869.871
867.415
865.038
862.78
860.65
858.613
856.662
854.761
852.837
850.745
848.562
847.102
784.991
770.3
764.778
758.475
756.462
757.458
757.989
758.18
758.144
757.911
757.493
756.941
756.35
755.803
755.364
755.065
754.914
754.947
755.114
755.254
755.322
755.852
760.008
796.793
845.963
859.672
856.48
853.096
850.929
848.991
847.016
845.063
843.177
841.371
839.666
838.029
836.421
834.713
832.959
831.85
768.119
762.57
758.263
754.824
754.726
755.823
756.36
756.581
756.637
756.555
756.356
756.068
755.736
755.404
755.118
754.906
754.788
754.778
754.845
754.901
754.88
754.902
755.658
766.254
806.696
834.978
837.027
833.921
831.799
830.16
828.488
826.78
825.116
823.551
822.114
820.799
819.591
818.409
817.248
816.555
749.767
753.859
755.092
754.33
754.383
755.055
755.433
755.607
755.661
755.631
755.531
755.379
755.198
755.009
754.836
754.697
754.602
754.556
754.548
754.543
754.49
754.349
754.365
756.354
778.837
809.768
817.491
815.137
812.863
811.252
809.702
808.127
806.619
805.252
804.073
803.107
802.362
801.818
801.406
801.264
728.08
744.151
754.162
755.334
755.026
754.996
755.037
755.057
755.04
754.992
754.918
754.824
754.717
754.607
754.504
754.415
754.345
754.294
754.256
754.216
754.14
753.999
753.992
754.705
765.318
788.088
797.933
796.552
794.232
792.469
790.85
789.269
787.816
786.583
785.634
785.014
784.767
784.933
785.386
785.9
715.656
731.404
748.337
755.505
755.287
754.902
754.701
754.598
754.526
754.461
754.397
754.333
754.269
754.206
754.146
754.093
754.048
754.01
753.977
753.944
753.897
753.833
753.841
754.153
759.284
772.602
779.907
778.661
776.172
774.05
772.135
770.37
768.846
767.659
766.884
766.583
766.836
767.745
769.125
770.345
717.008
725.294
738.328
753.624
754.443
754.245
754.059
753.985
753.947
753.915
753.885
753.857
753.83
753.804
753.778
753.753
753.729
753.706
753.683
753.659
753.631
753.6
753.582
753.642
756.118
761.798
764.237
761.887
758.831
756.095
753.66
751.533
749.802
748.562
747.892
747.857
748.581
750.217
752.527
754.466
707.844
714.751
731.474
752.418
753.694
753.557
753.396
753.36
753.368
753.378
753.388
753.398
753.406
753.411
753.413
753.411
753.405
753.396
753.383
753.365
753.345
753.323
753.283
753.164
753.574
752.516
749.883
745.924
742.02
738.481
735.37
732.751
730.708
729.324
728.678
728.85
729.983
732.285
735.47
738.101
678.295
696.442
731.755
751.149
752.945
752.852
752.72
752.744
752.809
752.869
752.921
752.968
753.008
753.04
753.065
753.082
753.093
753.098
753.098
753.095
753.098
753.125
753.14
752.844
750.001
742.558
735.744
730.335
725.453
721
717.132
713.947
711.519
709.921
709.23
709.528
710.985
713.854
717.803
721.026
642.194
659.346
737.081
750.001
752.145
752.107
752.058
752.164
752.295
752.406
752.499
752.578
752.644
752.696
752.737
752.767
752.787
752.798
752.803
752.803
752.802
752.839
752.959
752.481
743.946
730.791
721.499
714.857
708.857
703.425
698.772
694.99
692.135
690.271
689.47
689.821
691.489
694.796
699.351
702.972
604.008
608.951
740.449
749.567
751.404
751.42
751.492
751.683
751.866
752.019
752.141
752.241
752.323
752.387
752.437
752.473
752.494
752.503
752.501
752.485
752.456
752.396
752.273
748.977
733.216
716.892
706.78
698.969
691.809
685.438
680.043
675.681
672.391
670.231
669.267
669.585
671.369
674.966
679.964
683.958
570.375
550.839
734.747
748.886
751.27
751.172
751.183
751.38
751.575
751.736
751.864
751.969
752.055
752.123
752.176
752.215
752.24
752.254
752.259
752.262
752.276
752.211
751.71
739.727
717.349
701.352
691.057
682.102
673.9
666.721
660.677
655.788
652.084
649.619
648.456
648.675
650.478
654.224
659.49
663.727
547.985
457.782
633.658
748.079
751.585
751.345
751.14
751.25
751.415
751.553
751.666
751.761
751.841
751.905
751.954
751.989
752.015
752.037
752.061
752.11
752.168
752.117
745.216
721.489
698.617
684.678
673.803
663.793
654.781
646.977
640.406
635.068
630.995
628.239
626.859
626.934
628.676
632.444
637.809
642.17
534.072
375.111
512.004
747.259
750.991
750.99
750.856
751.012
751.221
751.381
751.499
751.594
751.67
751.726
751.765
751.788
751.798
751.802
751.816
751.84
751.769
747.793
725.748
697.602
679.271
666.266
654.522
643.746
634.206
625.964
618.998
613.313
608.94
605.928
604.333
604.237
605.857
609.539
614.86
619.239
520.95
347.189
372.39
744.005
750.08
750.922
750.817
750.887
751.065
751.239
751.368
751.466
751.537
751.583
751.604
751.604
751.589
751.564
751.542
751.428
748.093
727.297
696.26
673.892
658.689
645.318
632.931
621.788
611.987
603.493
596.284
590.369
585.78
582.56
580.769
580.494
581.937
585.439
590.584
594.853
488.389
356.793
221.76
460.113
745.566
750.03
751.482
751.389
751.206
751.221
751.308
751.38
751.435
751.463
751.462
751.444
751.424
751.355
751.205
746.718
724.851
692.169
667.252
650.141
635.297
621.516
608.996
597.846
588.019
579.467
572.177
566.159
561.441
558.072
556.107
555.636
556.853
560.092
564.964
569.044
386.746
368.262
306.316
292.108
496.854
733.302
749.871
751.299
751.534
751.558
751.508
751.46
751.441
751.426
751.379
751.288
751.22
751.13
742.658
717.065
683.649
657.864
639.421
623.384
608.521
594.958
582.783
571.914
562.295
553.886
546.683
540.684
535.925
532.449
530.32
529.624
530.571
533.468
537.984
541.838
314.511
364.73
419.221
345.005
293.668
444
682.097
742.838
748.256
750.649
751.194
751.382
751.504
751.616
751.61
751.203
747.136
731.499
701.427
668.899
643.936
624.96
608.218
592.763
578.646
565.888
554.399
544.091
534.916
526.85
519.877
514.004
509.264
505.706
503.397
502.434
503.028
505.511
509.628
513.255
366.692
374.612
420.852
387.463
319.655
297.588
395.422
576.104
692.616
729.731
743.905
748.506
749.813
748.9
744.336
732.067
707.514
675.48
646.033
623.193
604.672
588.072
572.805
558.845
546.142
534.589
524.098
514.612
506.098
498.532
491.906
486.235
481.55
477.904
475.379
474.07
474.217
476.204
479.868
483.26
439.473
379.816
375.01
372.007
353.675
337.174
340.743
386.548
475.716
573.282
641.957
675.474
686.444
682.841
669.041
648.686
626.439
606.553
589.723
574.519
560.182
546.669
534.058
522.357
511.517
501.495
492.27
483.819
476.126
469.18
462.989
457.564
452.953
449.211
446.427
444.692
444.223
445.493
448.612
451.749
476.013
375.391
337.631
346.967
355.147
361.61
371.802
388.775
416.647
455.558
497.362
532.147
554.493
564.25
564.806
560.148
552.886
544.118
534.383
524.149
513.825
503.703
493.928
484.578
475.703
467.332
459.482
452.163
445.371
439.119
433.406
428.273
423.753
419.921
416.853
414.597
413.268
413.361
415.487
418.458
478.762
383.457
329.745
329.737
343.497
355.643
368.838
384.98
403.929
424.802
445.774
464.535
479.099
488.646
493.44
494.303
492.15
487.838
482.098
475.492
468.416
461.126
453.807
446.582
439.548
432.764
426.268
420.086
414.227
408.711
403.546
398.771
394.419
390.582
387.374
384.79
382.667
381.084
381.317
384.269
472.56
418.861
343.958
322.753
332.415
343.482
353.67
365.202
378.268
392.017
405.353
417.235
426.852
433.771
437.951
439.64
439.24
437.198
433.929
429.778
425.024
419.883
414.528
409.086
403.653
398.296
393.06
387.977
383.068
378.351
373.842
369.562
365.557
361.937
358.901
357.136
356.001
355.148
357.28
360.761
455.748
447.532
338.238
313.209
319.637
328.664
335.927
343.338
351.526
360.102
368.472
376.067
382.44
387.305
390.559
392.266
392.561
391.671
389.803
387.174
383.976
380.374
376.504
372.472
368.36
364.228
360.123
356.075
352.104
348.222
344.414
340.635
336.914
333.628
332.532
332.983
333.528
334.6
336.036
336.822
444.189
440.128
340.93
312.541
312.274
316.299
319.451
322.816
326.887
331.422
336.034
340.373
344.155
347.166
349.299
350.502
350.822
350.335
349.146
347.379
345.159
342.604
339.81
336.855
333.805
330.715
327.63
324.589
321.625
318.76
315.989
313.29
310.801
310.768
311.722
312.029
312.667
313.776
314.34
314.019
429.21
421.651
331.458
306.639
302.705
302.744
302.434
302.506
303.335
304.743
306.458
308.241
309.89
311.246
312.212
312.691
312.681
312.176
311.221
309.873
308.219
306.337
304.301
302.142
299.918
297.681
295.478
293.36
291.381
289.589
288.025
286.76
286.059
289.628
289.721
289.607
289.465
289.996
292.345
290.486
407.451
407.924
326.766
300.924
292.588
288.831
285.373
282.496
280.53
279.324
278.652
278.315
278.156
278.059
277.897
277.59
277.074
276.323
275.334
274.131
272.873
271.333
269.735
268.133
266.516
264.925
263.408
262.016
260.809
259.848
259.198
258.965
259.41
263.745
268.29
268.136
264.709
265.117
265.483
263.792
385.034
406.764
335.224
296.594
281.135
274.122
267.919
262.371
257.923
254.463
251.759
249.63
247.937
246.548
245.353
244.252
243.168
242.05
240.875
239.657
238.429
237.161
235.855
234.604
233.395
232.254
231.214
230.314
229.595
229.097
228.858
228.923
229.484
230.702
234.499
234.31
232.479
232.157
231.18
230.367
372.593
411.425
341.719
286.115
265.252
256.719
248.746
241.139
234.693
229.395
225.03
221.425
218.439
215.945
213.828
211.983
210.326
208.795
207.367
206.022
204.744
203.537
202.388
201.34
200.389
199.545
198.828
198.262
197.873
197.685
197.714
197.977
198.468
199.185
200.079
200.52
200.066
199.131
197.672
197.121
363.513
407.036
336.73
271.68
246.849
237.092
227.745
218.512
210.46
203.691
197.993
193.19
189.14
185.722
182.815
180.308
178.117
176.178
174.463
172.897
171.483
170.223
169.112
168.152
167.341
166.677
166.165
165.811
165.623
165.604
165.755
166.065
166.494
166.964
167.377
167.249
166.429
166.328
164.991
164.801
349.062
393.248
325.077
259.393
229.395
216.688
205.428
194.588
185.116
177.123
170.357
164.604
159.714
155.551
151.988
148.916
146.24
143.903
141.888
140.07
138.399
137.003
135.826
134.864
134.105
133.54
133.159
132.955
132.926
133.057
133.328
133.698
134.101
134.432
134.601
134.692
134.543
133.955
132.755
132.735
330.967
377.9
310.564
247.258
211.327
194.468
181.027
168.759
158.188
149.316
141.815
135.41
129.922
125.2
121.12
117.568
114.45
111.707
109.36
107.258
105.297
103.697
102.381
101.347
100.578
100.062
99.779
99.7138
99.8568
100.199
100.71
101.324
101.943
102.453
102.948
103.205
103.026
102.38
101.325
100.919
308.824
356.867
285.728
224.019
185.037
166.318
152.327
139.742
128.915
119.818
112.103
105.433
99.6326
94.5565
90.0934
86.1429
82.6195
79.4664
76.657
74.1688
71.9766
70.1167
68.6056
67.4477
66.6348
66.1498
65.9659
66.0492
66.3823
66.9758
67.9069
69.0354
70.125
71.048
71.8629
72.3662
72.271
71.5668
70.4177
69.5529
268.401
316.546
260.549
192.524
149.45
131.097
118.857
107.374
97.3238
88.7605
81.3616
74.8306
68.985
63.719
58.9556
54.6267
50.6772
47.0708
43.7942
40.8538
38.27
36.079
34.3147
32.9966
32.1279
31.6929
31.6564
31.9824
32.6737
34.5129
36.5264
36.9003
38.738
40.2631
41.3506
42.5341
42.7549
41.2983
39.9239
38.8693
262.15
269.326
242.637
138.54
100.318
88.1585
81.0042
72.6799
64.5109
57.1218
50.4268
44.2471
38.4741
33.0562
27.9641
23.1778
18.6866
14.4937
10.6195
7.10349
4.0007
1.37375
-0.718592
-2.23127
-3.1413
-3.45417
-3.20534
-2.40781
-0.965875
1.54878
3.72086
5.12624
7.50176
9.95119
11.5932
12.6905
13.6991
11.9428
10.4087
9.08288
259.264
241.445
224.864
124.287
71.1466
53.876
47.5138
40.6731
33.4987
26.8287
20.6101
14.6378
8.81004
3.09842
-2.49109
-7.93089
-13.1871
-18.2018
-22.9095
-27.2263
-31.0553
-34.2932
-36.8439
-38.6289
-39.598
-39.7412
-39.0896
-37.657
-35.3769
-32.2332
-29.0521
-26.0441
-23.0276
-19.9194
-17.2565
-15.2934
-14.769
-15.5904
-17.5614
-19.3502
252.927
209.046
187.847
107.322
45.0896
21.4827
16.2159
11.2103
5.10487
-1.00214
-6.98587
-13.024
-19.2019
-25.5197
-31.9319
-38.3686
-44.7423
-50.9427
-56.8467
-62.3128
-67.1867
-71.3105
-74.5337
-76.7293
-77.8067
-77.7254
-76.5008
-74.1734
-70.7636
-66.4417
-61.7675
-57.0004
-52.2432
-47.6621
-43.7956
-40.9009
-39.6389
-40.4077
-43.0987
-45.6938
236.085
164.502
123.789
63.2207
7.98433
-14.494
-15.5827
-16.9039
-20.9456
-26.1203
-31.8586
-38.1517
-44.9869
-52.2874
-59.9457
-67.8344
-75.8054
-83.6893
-91.2945
-98.4077
-104.798
-110.229
-114.475
-117.336
-118.661
-118.368
-116.447
-112.965
-108.041
-101.828
-94.8815
-87.6017
-80.2104
-73.2845
-67.3577
-63.1354
-60.5907
-61.1255
-64.8492
-68.7715
187.856
105.91
66.0695
30.553
-15.215
-38.9151
-38.6411
-37.8591
-40.9105
-46.024
-52.2768
-59.5049
-67.6265
-76.5134
-86.0169
-95.9689
-106.173
-116.402
-126.392
-135.847
-144.438
-151.815
-157.636
-161.594
-163.444
-163.033
-160.314
-155.356
-148.329
-139.472
-129.174
-118.235
-106.729
-96.5427
-88.0519
-80.8283
-75.9175
-75.6418
-80.6539
-86.6432
110.37
48.3575
27.6195
14.5985
-17.4506
-43.7606
-47.3994
-48.2046
-52.5248
-59.1391
-67.0961
-76.2066
-86.4141
-97.6159
-109.672
-122.411
-135.621
-149.031
-162.311
-175.067
-186.844
-197.132
-205.404
-211.171
-214.031
-213.715
-210.107
-203.257
-193.367
-180.757
-165.868
-149.731
-132.702
-118.365
-105.119
-92.6633
-83.6359
-81.2449
-87.3973
-96.3781
46.6362
14.416
10.8743
9.34516
-9.3524
-34.5186
-44.4593
-49.5815
-56.8522
-66.0888
-76.6055
-88.2944
-101.203
-115.318
-130.568
-146.827
-163.898
-181.493
-199.224
-216.597
-232.995
-247.665
-259.776
-268.519
-273.218
-273.414
-268.888
-259.658
-245.971
-228.284
-207.318
-184.348
-161.221
-138.952
-117.521
-98.0644
-82.9569
-76.114
-81.7842
-94.7351
14.3854
3.65992
2.94935
2.47846
-4.48733
-20.7396
-35.833
-46.0231
-56.5858
-68.5431
-81.7217
-96.1548
-111.994
-129.343
-148.246
-168.677
-190.51
-213.481
-237.173
-261.013
-284.185
-305.557
-323.749
-337.361
-345.245
-346.664
-341.277
-329.09
-310.422
-285.933
-256.717
-224.408
-190.996
-158.264
-127.657
-100.778
-78.7107
-62.9953
-59.3775
-71.2247
2.01146
-0.498041
-0.474092
-0.759215
-1.93241
-8.6129
-25.5408
-40.8472
-54.6811
-68.6977
-83.6761
-100.262
-118.742
-139.25
-161.961
-187.028
-214.49
-244.19
-275.75
-308.65
-341.918
-373.791
-401.849
-423.509
-436.734
-440.457
-434.33
-418.427
-393.141
-359.214
-318.019
-272.012
-225.112
-181
-141.983
-108.31
-75.3903
-41.0698
-13.5903
-6.65028
-1.47248
-1.84047
-1.59791
-1.59894
-1.71544
-1.51281
-6.67057
-27.1512
-49.3135
-67.5206
-84.7287
-103.397
-124.272
-147.568
-173.778
-203.463
-237.1
-274.694
-315.638
-360.069
-407.879
-456.574
-501.473
-537.11
-559.338
-566.963
-560.297
-539.784
-505.78
-458.54
-399.013
-332.084
-268.457
-212.393
-158.304
-93.9496
-31.4905
-3.35183
-0.568156
-0.9415
-1.7964
-1.85133
-1.78573
-1.74852
-1.75907
-1.80016
-2.04974
-7.65652
-18.766
-34.224
-55.2383
-81.302
-108.679
-138.073
-171.493
-210.444
-256.111
-307.73
-361.028
-417.986
-485.065
-560.634
-634.705
-693.964
-729.786
-742.721
-735.59
-709.722
-665.367
-601.366
-515.424
-412.723
-319.301
-224.962
-107.594
-20.8519
-0.915058
-0.164013
-0.000840863
-0.0964191
-2.14784
-1.90142
-1.80636
-1.73786
-1.70755
-1.69666
-1.67935
-1.66033
-3.99789
-10.3815
-19.3363
-32.2493
-49.2558
-71.1701
-99.2477
-135.514
-182.909
-244.541
-327.525
-443.52
-590.348
-748.836
-884.578
-966.692
-1000.06
-1005.12
-992.4
-964.291
-921.283
-858.556
-749.674
-551.786
-286.098
-94.4917
-13.5277
-0.554929
-0.108942
-0.190446
-0.17749
-0.178435
-4.76235
-2.54583
-2.08359
-1.79071
-1.61658
-1.6525
-1.96482
-2.62925
-3.90328
-6.08321
-9.81122
-16.7841
-27.3227
-42.0727
-62.3643
-90.2784
-129.065
-183.775
-264.439
-380.845
-539.758
-736.532
-959.404
-1141.73
-1205.26
-1197.11
-1170.02
-1135.59
-1096.68
-1039.77
-855.089
-437.24
-134.1
-24.031
-6.28187
-2.52999
-1.85258
-2.35901
-1.58526
-1.07281
1751.55
1750.81
1749.61
1747.67
1741.83
1736.5
1732.14
1727.52
1722.63
1717.61
1712.58
1707.66
1703.01
1698.76
1695.06
1692.09
1690.02
1689.06
1689.41
1691.31
1695
1700.75
1708.82
1719.49
1733.01
1749.5
1769.03
1791.73
1818.02
1848.42
1882.62
1919.93
1959.5
2000.34
2041.4
2081.65
2120.1
2155.9
2188.3
2216.76
1738.67
1736.48
1735.69
1734
1732.98
1731.39
1729.52
1726.96
1723.74
1720.07
1716.14
1712.1
1708.11
1704.33
1700.89
1697.93
1695.59
1694.02
1693.34
1693.72
1695.29
1698.22
1702.65
1708.77
1716.78
1726.91
1739.43
1754.75
1773.59
1795.54
1820.36
1847.96
1877.97
1909.78
1942.59
1975.53
2007.7
2038.27
2066.5
2091.64
1732.97
1724.6
1719.81
1718.18
1718.9
1719.49
1719.57
1718.92
1717.53
1715.54
1713.11
1710.39
1707.53
1704.68
1701.95
1699.48
1697.37
1695.74
1694.69
1694.32
1694.73
1695.99
1698.17
1701.34
1705.56
1710.92
1717.6
1725.91
1736.18
1748.72
1763.67
1781.09
1800.81
1822.44
1845.42
1869.11
1892.8
1915.77
1937.34
1956.8
1729.38
1718
1707.71
1702.71
1701.36
1701.34
1701.52
1701.43
1700.87
1699.81
1698.28
1696.38
1694.21
1691.86
1689.44
1687.05
1684.77
1682.69
1680.9
1679.47
1678.48
1677.98
1678.02
1678.67
1680
1682.12
1685.25
1689.82
1696.29
1705.04
1716.24
1729.85
1745.47
1762.49
1780.4
1798.76
1817.13
1835.02
1851.94
1867.45
1721.76
1707.22
1693.88
1686.23
1682.98
1681.74
1681.23
1680.88
1680.35
1679.48
1678.22
1676.56
1674.55
1672.25
1669.71
1667.02
1664.22
1661.4
1658.62
1655.98
1653.53
1651.4
1649.77
1648.93
1648.72
1648.42
1648.12
1649.49
1654.9
1665.03
1678.3
1693.54
1709.33
1725.1
1740.75
1756
1770.66
1784.63
1797.72
1809.68
1708.23
1693.32
1678.78
1669.48
1664.67
1662.14
1660.66
1659.61
1658.62
1657.43
1655.92
1654.02
1651.71
1649.01
1645.93
1642.51
1638.79
1634.83
1630.72
1626.59
1622.7
1619.45
1617.06
1615.12
1609.39
1594.47
1574.92
1564.48
1574.13
1604.61
1642.47
1681.28
1705.22
1717.66
1727.79
1738.32
1748.63
1758.28
1767.22
1775.43
1688.32
1675.53
1661.56
1651.88
1646.21
1642.73
1640.35
1638.5
1636.81
1634.99
1632.88
1630.37
1627.37
1623.86
1619.81
1615.23
1610.11
1604.48
1598.44
1592.31
1586.71
1581.43
1571.59
1549.89
1514.77
1483
1467.79
1464.22
1465.78
1477.06
1512.13
1634.65
1729.6
1756.24
1752.07
1748.4
1749.39
1752.36
1755.85
1759.47
1665.34
1654.72
1642.41
1633.37
1627.58
1623.6
1620.58
1618.02
1615.58
1613.01
1610.11
1606.74
1602.78
1598.16
1592.8
1586.63
1579.58
1571.61
1562.82
1553.6
1543.53
1526.75
1497.36
1465.85
1451.21
1447.21
1446.01
1445.31
1445.62
1447.64
1457.42
1499.42
1628.03
1766.95
1797.77
1779.03
1764.66
1758.7
1756.23
1755.14
1640.54
1631.76
1621.83
1614.17
1608.83
1604.79
1601.4
1598.31
1595.21
1591.89
1588.16
1583.85
1578.84
1572.98
1566.14
1558.17
1548.91
1538.19
1525.85
1511.25
1491.66
1467.94
1452.74
1446.49
1445.77
1445.58
1445.49
1445.5
1445.65
1446
1446.91
1450.06
1478.75
1654.86
1802.21
1810.34
1783.71
1767.72
1760.05
1755.41
1615.72
1608.2
1600.77
1594.72
1590.12
1586.3
1582.79
1579.35
1575.75
1571.8
1567.32
1562.18
1556.19
1549.21
1541.05
1531.5
1520.3
1507.05
1490.81
1470.63
1450.42
1445.27
1445.33
1445.22
1445.13
1445.19
1445.26
1445.35
1445.48
1445.56
1445.45
1445.87
1450.36
1531.63
1732.81
1816.78
1796.8
1773.33
1761.49
1754.91
1589.27
1584.15
1579.3
1574.99
1571.34
1567.94
1564.54
1560.96
1557.05
1552.67
1547.67
1541.91
1535.23
1527.48
1518.44
1507.9
1495.53
1480.52
1461.37
1440.16
1432.68
1444.79
1445
1444.96
1444.9
1444.87
1444.86
1444.89
1444.95
1445.01
1444.92
1444.91
1446.78
1465.42
1618.5
1777.11
1795.55
1772.25
1757.66
1750.62
1563.03
1560.02
1557.58
1555
1552.37
1549.56
1546.44
1542.93
1538.93
1534.36
1529.1
1523.06
1516.09
1508.07
1498.81
1488.14
1475.78
1460.81
1441.8
1422.86
1423.94
1443.02
1444.63
1444.59
1444.45
1444.36
1444.32
1444.31
1444.34
1444.38
1444.38
1444.42
1445.48
1450.92
1539.4
1711.16
1775.22
1762.18
1748.04
1741.77
1537.52
1536.15
1535.81
1534.78
1533.16
1531
1528.3
1525.03
1521.15
1516.63
1511.41
1505.41
1498.56
1490.76
1481.88
1471.84
1460.47
1447.07
1430.43
1413.89
1415.92
1438.96
1443.73
1443.92
1443.8
1443.68
1443.61
1443.58
1443.57
1443.58
1443.57
1443.68
1444.82
1451.35
1496.51
1632.67
1736.76
1746.94
1735.62
1729.99
1511.89
1512.49
1513.9
1514.25
1513.61
1512.15
1509.96
1507.07
1503.5
1499.25
1494.31
1488.66
1482.25
1475.04
1466.98
1458.03
1448.17
1437.04
1423.68
1409.07
1406.42
1429.12
1442.85
1443.4
1443.19
1442.95
1442.79
1442.69
1442.62
1442.58
1442.54
1442.53
1443.03
1447.22
1474.42
1574.64
1695.76
1728.4
1721.18
1716.39
1486.56
1489.26
1492.02
1493.54
1493.78
1493.01
1491.38
1488.97
1485.83
1482.02
1477.56
1472.45
1466.72
1460.36
1453.37
1445.77
1437.61
1428.86
1418.99
1407.68
1400.93
1415.62
1439.11
1442.57
1442.29
1442
1441.78
1441.62
1441.51
1441.44
1441.38
1441.32
1441.4
1443.39
1458.92
1530.73
1657.47
1709.45
1706.54
1702.3
1463.09
1466.44
1470.19
1472.69
1473.72
1473.6
1472.54
1470.67
1468.06
1464.79
1460.92
1456.51
1451.58
1446.19
1440.35
1434.13
1427.62
1420.9
1413.85
1405.9
1398.43
1402.85
1426.29
1440.38
1441.19
1440.95
1440.59
1440.35
1440.21
1440.14
1440.14
1440.18
1440.27
1441.02
1448.56
1495.94
1618.37
1689.14
1692.86
1688.77
1440.43
1444.03
1448.56
1451.87
1453.58
1454.04
1453.53
1452.19
1450.14
1447.47
1444.26
1440.6
1436.54
1432.14
1427.46
1422.57
1417.56
1412.56
1407.64
1402.51
1396.9
1395
1410
1433.7
1440.05
1439.85
1439.28
1438.88
1438.66
1438.58
1438.68
1439
1439.34
1438.74
1440.51
1469.05
1577.5
1665.07
1678.77
1675.3
1422.31
1423.31
1428.17
1431.8
1433.82
1434.64
1434.54
1433.67
1432.13
1430.05
1427.51
1424.6
1421.39
1417.96
1414.37
1410.7
1407.05
1403.51
1400.24
1397.19
1393.93
1391.11
1396.7
1418.64
1436.04
1437.86
1437.17
1436.72
1436.46
1436.35
1436.46
1436.84
1437.22
1435.21
1433.45
1453.58
1542.15
1639.84
1664.53
1662.14
1403.05
1404.01
1408.78
1412.32
1414.39
1415.39
1415.58
1415.09
1414.03
1412.5
1410.6
1408.41
1406.02
1403.49
1400.91
1398.35
1395.88
1393.62
1391.67
1390.15
1388.84
1387.39
1388.33
1402.25
1425.57
1434.27
1434.84
1434.14
1433.64
1433.38
1433.25
1433.13
1432.27
1428.84
1430.04
1451.12
1518.03
1617.18
1651.62
1649.91
1383.67
1385.02
1389.57
1392.96
1395.01
1396.14
1396.58
1396.44
1395.81
1394.8
1393.5
1391.99
1390.35
1388.66
1386.97
1385.38
1383.95
1382.78
1381.95
1381.59
1381.69
1381.88
1382.37
1388.84
1410.12
1429.28
1431.82
1430.71
1430.2
1429.84
1429.4
1428.63
1426.65
1424.68
1428.57
1443.48
1492.51
1592.73
1637.62
1637.16
1365.3
1366.22
1370.44
1373.62
1375.64
1376.88
1377.54
1377.71
1377.49
1376.96
1376.21
1375.32
1374.36
1373.4
1372.52
1371.77
1371.23
1370.98
1371.09
1371.66
1372.77
1374.25
1375.72
1378.99
1393.2
1416.58
1426.35
1427.56
1427.03
1426.47
1426.08
1425.76
1425.19
1423.37
1422.38
1428.04
1463.11
1562.05
1619.57
1623.19
1345.85
1347.35
1351.17
1354.17
1356.2
1357.57
1358.45
1358.92
1359.07
1358.99
1358.74
1358.4
1358.05
1357.74
1357.54
1357.52
1357.74
1358.26
1359.15
1360.5
1362.38
1364.81
1367.4
1370.26
1378.35
1400.67
1421.56
1424.81
1423.39
1422.91
1422.94
1423.36
1423.36
1418.91
1415.59
1420.55
1444.43
1532.52
1599.05
1608.4
1325.45
1328.5
1331.95
1334.81
1336.85
1338.33
1339.4
1340.14
1340.63
1340.93
1341.12
1341.27
1341.44
1341.68
1342.07
1342.66
1343.5
1344.66
1346.19
1348.16
1350.64
1353.7
1357.16
1360.61
1365.69
1381.4
1406.93
1418.21
1419.35
1418.68
1418.32
1418.44
1418.04
1414.28
1412.16
1417.08
1433.4
1508.8
1578.45
1592.28
1307.41
1309.94
1313.08
1315.72
1317.73
1319.28
1320.5
1321.46
1322.22
1322.86
1323.42
1323.97
1324.57
1325.28
1326.14
1327.22
1328.57
1330.24
1332.28
1334.75
1337.71
1341.25
1345.33
1349.59
1354.08
1363.82
1388.45
1411.38
1414.99
1413.03
1412.46
1412.29
1411.24
1407.76
1407.34
1411.28
1422.69
1485.8
1556.85
1575.13
1289.66
1291.8
1294.55
1296.97
1298.9
1300.48
1301.8
1302.93
1303.91
1304.8
1305.67
1306.55
1307.5
1308.56
1309.8
1311.26
1312.99
1315.04
1317.46
1320.29
1323.59
1327.44
1331.88
1336.74
1341.58
1348.19
1366.05
1393.89
1405.47
1406.69
1406.09
1405.63
1404.05
1399.63
1399.64
1403.32
1411.47
1461.91
1533.11
1556.45
1272.07
1273.88
1276.29
1278.5
1280.35
1281.93
1283.32
1284.57
1285.72
1286.82
1287.91
1289.04
1290.25
1291.59
1293.1
1294.83
1296.83
1299.13
1301.79
1304.85
1308.36
1312.38
1316.99
1322.15
1327.43
1332.95
1344.57
1372.69
1396.95
1400.11
1398.16
1397.7
1395.11
1389.5
1390.45
1394.11
1398.8
1436.28
1505.95
1535.18
1254.5
1256.1
1258.23
1260.28
1262.06
1263.64
1265.08
1266.42
1267.69
1268.93
1270.18
1271.48
1272.87
1274.38
1276.07
1277.96
1280.11
1282.55
1285.32
1288.47
1292.05
1296.1
1300.7
1305.91
1311.47
1316.94
1324.92
1346.7
1377.27
1386.73
1387.24
1386.77
1382.61
1379.12
1383.92
1383.2
1380.62
1408.72
1476.25
1511.91
1236.92
1238.35
1240.32
1242.27
1244.01
1245.6
1247.08
1248.48
1249.82
1251.15
1252.5
1253.9
1255.39
1256.99
1258.75
1260.7
1262.88
1265.34
1268.1
1271.2
1274.69
1278.61
1283.02
1288
1293.41
1298.71
1304.35
1318.35
1350.46
1372.42
1374.03
1370.86
1365.55
1369.53
1380.17
1370.09
1357.23
1382.58
1449.16
1489.72
1219.27
1220.62
1222.53
1224.45
1226.19
1227.8
1229.31
1230.74
1232.13
1233.51
1234.9
1236.33
1237.83
1239.44
1241.18
1243.09
1245.2
1247.56
1250.19
1253.12
1256.4
1260.07
1264.18
1268.82
1273.98
1279.24
1284.24
1293.32
1320.28
1352.17
1358.28
1354.09
1350.1
1350.96
1356.38
1341.2
1329.68
1358.93
1427.69
1471.49
1201.73
1202.96
1204.89
1206.83
1208.6
1210.23
1211.76
1213.22
1214.62
1215.99
1217.37
1218.77
1220.23
1221.76
1223.4
1225.17
1227.11
1229.26
1231.64
1234.28
1237.22
1240.51
1244.19
1248.36
1253.09
1258.19
1263.17
1269.91
1289.7
1324.5
1338.07
1338.19
1334.45
1325.84
1314.21
1299.69
1300.65
1333.53
1407.22
1456.2
1184.02
1185.4
1187.38
1189.39
1191.21
1192.88
1194.43
1195.89
1197.27
1198.61
1199.92
1201.24
1202.58
1203.97
1205.43
1206.98
1208.66
1210.49
1212.51
1214.73
1217.19
1219.93
1222.98
1226.42
1230.32
1234.62
1238.82
1243.31
1255.46
1286.21
1307.48
1310.34
1309.58
1299.39
1278.8
1268.82
1278.45
1310.6
1386.79
1441.92
1166.28
1167.81
1169.96
1172.08
1173.98
1175.7
1177.27
1178.72
1180.07
1181.33
1182.55
1183.73
1184.91
1186.09
1187.31
1188.58
1189.91
1191.35
1192.91
1194.61
1196.48
1198.54
1200.81
1203.35
1206.2
1209.35
1212.42
1215.12
1221.13
1241.55
1265.61
1270.5
1270.2
1263.52
1248.25
1253.62
1272.64
1300.32
1371.77
1429.36
1148.54
1150.25
1152.6
1154.89
1156.9
1158.68
1160.27
1161.7
1162.99
1164.17
1165.25
1166.26
1167.23
1168.16
1169.08
1170.01
1170.94
1171.92
1172.95
1174.07
1175.27
1176.58
1178.01
1179.59
1181.36
1183.33
1185.29
1186.82
1189.44
1201.44
1222.85
1227.79
1226.07
1227.32
1233.16
1251.34
1261.24
1277.47
1346.13
1409.45
1130.76
1132.66
1135.3
1137.8
1139.94
1141.79
1143.41
1144.82
1146.04
1147.1
1148.03
1148.84
1149.57
1150.22
1150.81
1151.35
1151.85
1152.32
1152.79
1153.27
1153.76
1154.28
1154.82
1155.41
1156.06
1156.81
1157.56
1157.91
1158.27
1165.02
1185.75
1195.02
1197.06
1212.88
1229.16
1233.22
1221.55
1234.09
1305.06
1377.58
1113.06
1115.18
1118.11
1120.84
1123.11
1125.03
1126.67
1128.05
1129.19
1130.13
1130.89
1131.49
1131.96
1132.31
1132.55
1132.68
1132.73
1132.68
1132.56
1132.38
1132.14
1131.83
1131.44
1130.97
1130.41
1129.76
1128.94
1127.34
1124.23
1124.45
1144.83
1171.01
1180.56
1201.01
1211.18
1196.9
1182.52
1213.03
1283.17
1353.31
1095.52
1097.84
1101.05
1103.99
1106.39
1108.39
1110.04
1111.39
1112.46
1113.27
1113.86
1114.25
1114.45
1114.49
1114.38
1114.11
1113.7
1113.14
1112.43
1111.6
1110.63
1109.52
1108.24
1106.78
1105.12
1103.25
1101.13
1098.13
1092.89
1088.32
1105.66
1147.61
1168.23
1177.84
1178.02
1159.13
1157.37
1192.58
1258.06
1327.23
1078.16
1080.68
1084.15
1087.29
1089.81
1091.87
1093.54
1094.86
1095.85
1096.54
1096.96
1097.14
1097.1
1096.84
1096.38
1095.72
1094.86
1093.8
1092.53
1091.07
1089.4
1087.52
1085.42
1083.08
1080.47
1077.64
1074.6
1070.91
1065.29
1059.68
1073.36
1118.57
1143.91
1141.47
1135.2
1132.64
1140.09
1158.28
1212.36
1287.28
1061.04
1063.74
1067.43
1070.74
1073.38
1075.49
1077.17
1078.46
1079.38
1079.96
1080.23
1080.22
1079.94
1079.4
1078.61
1077.58
1076.29
1074.74
1072.94
1070.86
1068.51
1065.89
1062.97
1059.74
1056.19
1052.33
1048.2
1043.44
1036.8
1029.2
1036.46
1074.92
1099.05
1093.28
1091.67
1110.12
1124.14
1125.38
1163.15
1246.01
1044.2
1047.04
1050.92
1054.37
1057.09
1059.25
1060.95
1062.21
1063.07
1063.56
1063.7
1063.52
1063.02
1062.23
1061.14
1059.75
1058.05
1056.04
1053.7
1051.03
1048.02
1044.67
1040.96
1036.89
1032.44
1027.64
1022.56
1016.91
1009.52
1000.79
1004.87
1041.6
1069.31
1067.28
1073.59
1081.17
1072.71
1057.38
1098.31
1201.83
1027.68
1030.62
1034.63
1038.19
1040.98
1043.17
1044.88
1046.13
1046.95
1047.37
1047.4
1047.08
1046.4
1045.37
1044
1042.27
1040.19
1037.73
1034.88
1031.63
1027.98
1023.92
1019.44
1014.54
1009.23
1003.53
997.551
991.071
982.957
973.262
975.654
1015.35
1049.6
1048.37
1051.25
1038.34
1002.94
1001.81
1064.5
1174.24
1011.51
1014.5
1018.6
1022.22
1025.05
1027.27
1028.99
1030.24
1031.03
1031.4
1031.36
1030.93
1030.1
1028.87
1027.25
1025.22
1022.77
1019.89
1016.55
1012.75
1008.48
1003.73
998.498
992.779
986.589
979.952
972.952
965.431
956.389
945.553
944.247
977.316
1010.29
1009.74
1006.49
988.383
972.863
994.109
1052.35
1152.46
995.699
998.707
1002.83
1006.47
1009.32
1011.56
1013.3
1014.55
1015.35
1015.69
1015.61
1015.1
1014.16
1012.78
1010.96
1008.67
1005.91
1002.65
998.877
994.573
989.723
984.321
978.359
971.833
964.745
957.108
948.958
940.18
929.959
917.755
911.156
929.61
954.248
954.302
946.201
948.451
973.975
1004.89
1040.3
1120.57
980.267
983.242
987.328
990.959
993.812
996.063
997.817
999.094
999.907
1000.27
1000.18
999.644
998.653
997.191
995.239
992.777
989.782
986.227
982.091
977.353
971.99
965.991
959.351
952.06
944.123
935.555
926.403
916.6
905.483
892.467
883.886
897.386
919.558
920.89
920.37
929.532
955.658
978.788
995.699
1060.23
965.202
968.104
972.11
975.689
978.525
980.787
982.567
983.886
984.75
985.165
985.132
984.642
983.681
982.229
980.258
977.736
974.627
970.893
966.494
961.399
955.577
949.01
941.69
933.614
924.781
915.213
904.967
893.954
881.184
865.562
855.728
880.579
921.262
928.127
929.809
931.594
933.31
932.52
932.478
981.403
950.484
953.282
957.167
960.669
963.477
965.748
967.569
968.955
969.911
970.437
970.533
970.185
969.371
968.063
966.221
963.796
960.73
956.961
952.421
947.048
940.796
933.642
925.59
916.649
906.829
896.148
884.655
872.106
856.952
837.382
825.94
865.958
928.838
939.433
941.38
933.873
909.229
874.536
841.738
877.03
936.076
938.751
942.49
945.898
948.673
950.959
952.839
954.327
955.426
956.138
956.459
956.377
955.859
954.868
953.35
951.232
948.422
944.816
940.29
934.729
928.058
920.271
911.421
901.585
890.834
879.236
866.843
853.376
837.386
818.035
809.371
842.957
889.557
897.33
909.663
906.953
881.876
833.527
799.003
837.886
921.935
924.477
928.06
931.367
934.109
936.423
938.387
940.018
941.323
942.306
942.966
943.29
943.249
942.795
941.857
940.337
938.098
934.955
930.678
925.044
917.925
909.365
899.541
888.668
876.929
864.453
851.292
837.232
821.5
804.258
794.159
796.267
804.265
806.993
801.661
810.198
837.14
836.922
840.821
895.059
908.006
910.418
913.846
917.053
919.77
922.126
924.198
926.015
927.586
928.927
930.042
930.927
931.56
931.898
931.866
931.339
930.117
927.895
924.28
918.837
911.287
901.681
890.46
878.201
865.369
852.199
838.753
824.874
810.308
795.264
781.285
768.79
765.013
766.579
765.057
768.085
783.424
806.959
839.098
891.523
894.233
896.524
899.805
902.917
905.61
908.015
910.217
912.247
914.13
915.891
917.555
919.133
920.63
922.03
923.275
924.245
924.754
924.575
923.285
919.793
912.539
901.009
886.723
871.503
856.61
842.141
827.333
810.6
791.532
773.987
763.935
762.067
761.717
761.68
761.366
761.956
766.238
778.127
793.676
806.565
880.559
882.738
885.877
888.893
891.558
894.009
896.337
898.584
900.79
903.001
905.27
907.657
910.23
913.06
916.219
919.854
924.44
930.789
938.043
939.1
926.062
903.263
880.322
861.078
843.51
825.504
806.248
783.138
761.237
754.539
758.046
760.313
761.142
761.558
762.251
763.126
763.9
764.58
764.901
765.986
866.934
868.997
871.98
874.879
877.491
879.956
882.371
884.784
887.248
889.827
892.603
895.681
899.198
903.337
908.449
915.442
926.021
939.864
945.669
923.45
872.696
832.058
815.747
809.083
797.57
778.957
764.45
755.867
751.445
754.821
756.931
757.892
758.444
758.97
759.86
761.494
762.633
760.807
756.956
755.43
853.313
855.229
858.025
860.751
863.258
865.674
868.092
870.559
873.122
875.839
878.779
882.016
885.632
889.82
895.257
903.214
911.75
904.886
862.424
804.433
768.434
758.816
753.773
751.865
750.217
748.008
746.976
748.583
751.534
753.051
753.98
754.736
755.178
755.503
755.903
757.159
759.134
758.869
754.721
752.182
839.705
841.383
843.905
846.398
848.723
851.008
853.336
855.744
858.267
860.943
863.808
866.878
870.223
874.314
880.306
886.474
875.521
826.811
772.048
751.378
748.948
747.428
746.362
745.694
745.892
746.979
747.963
748.776
749.629
750.519
751.302
751.882
752.229
752.328
752.203
752.425
754.393
757.282
756.019
754.408
826.142
827.464
829.586
831.723
833.773
835.842
837.99
840.245
842.625
845.143
847.791
850.569
853.748
858.329
863.968
857.736
815.323
764.652
747.83
746.72
746.376
746.132
745.944
745.885
746.068
746.485
747.033
747.619
748.232
748.886
749.469
749.886
750.12
750.121
749.82
749.559
751.093
754.812
755.25
754.037
812.408
813.366
814.958
816.633
818.326
820.102
822.011
824.043
826.221
828.518
830.893
833.424
836.757
841.667
841.985
814.048
766.093
747.48
746.296
746.129
746.129
746.068
745.994
745.985
746.09
746.316
746.646
747.049
747.489
747.918
748.28
748.541
748.68
748.663
748.401
747.958
748.199
751.331
753.234
752.802
798.575
799.056
799.983
801.085
802.334
803.768
805.394
807.189
809.145
811.209
813.335
815.732
819.251
822.973
813.263
774.891
748.125
746.052
745.838
745.882
745.904
745.887
745.876
745.907
746.004
746.171
746.396
746.662
746.943
747.213
747.448
747.631
747.754
747.797
747.719
747.495
747.545
749.173
750.519
750.054
784.592
784.489
784.64
785.067
785.827
786.885
788.216
789.786
791.55
793.438
795.412
797.764
801.043
802.071
785.594
756.058
746.236
745.553
745.552
745.629
745.659
745.673
745.697
745.747
745.831
745.951
746.103
746.276
746.46
746.642
746.811
746.961
747.088
747.189
747.263
747.332
747.535
748.124
747.076
744.311
770.36
769.609
768.89
768.593
768.832
769.516
770.583
771.981
773.645
775.495
777.494
779.897
782.812
782.135
766.757
749.182
745.649
745.308
745.334
745.4
745.422
745.441
745.471
745.518
745.583
745.669
745.771
745.887
746.011
746.139
746.265
746.385
746.497
746.598
746.712
746.885
747.006
746.328
740.696
735.186
755.781
754.344
752.714
751.675
751.402
751.741
752.602
753.921
755.61
757.597
759.833
762.452
765.361
765.335
755.921
746.616
745.224
745.073
745.102
745.141
745.158
745.176
745.204
745.242
745.29
745.35
745.419
745.497
745.583
745.675
745.773
745.878
745.988
746.114
746.331
746.753
746.905
744.054
727.888
725.952
740.742
738.612
736.083
734.333
733.588
733.635
734.364
735.69
737.536
739.821
742.48
745.518
748.826
750.824
748.295
745.422
744.844
744.799
744.823
744.84
744.86
744.882
744.909
744.939
744.973
745.012
745.055
745.103
745.156
745.216
745.283
745.359
745.449
745.573
745.81
746.227
746.34
729.44
715.253
729.863
725.1
722.315
718.951
716.554
715.395
715.226
715.898
717.328
719.441
722.158
725.396
729.066
733.072
737.292
741.133
744.279
744.421
744.476
744.515
744.529
744.555
744.581
744.605
744.627
744.647
744.665
744.683
744.701
744.719
744.737
744.756
744.77
744.778
744.807
744.923
744.923
743.247
715.897
710.615
736.188
708.671
705.326
701.238
698.292
696.809
696.503
697.197
698.807
701.26
704.484
708.402
712.879
717.751
723.542
732.131
741.517
743.991
744.199
744.236
744.232
744.254
744.286
744.311
744.323
744.326
744.324
744.317
744.308
744.296
744.283
744.27
744.256
744.248
744.283
744.41
744.267
741.309
694.582
694.106
726.404
691.222
687.498
682.833
679.46
677.746
677.375
678.154
679.995
682.825
686.579
691.195
696.548
702.378
709.007
719.608
735.106
743.763
744.122
744.067
743.986
743.982
744.022
744.052
744.052
744.031
744.001
743.967
743.93
743.889
743.845
743.807
743.784
743.798
743.906
744.155
743.528
736.625
665.858
675.819
711.023
672.77
668.694
663.601
659.935
658.082
657.709
658.615
660.711
663.924
668.188
673.454
679.646
686.512
693.933
704.276
722.687
740.48
743.892
743.741
743.658
743.658
743.722
743.767
743.769
743.74
743.697
743.643
743.581
743.505
743.412
743.319
743.256
743.251
743.379
743.644
741.985
688.985
628.678
668.279
701.604
653.082
648.771
643.409
639.569
637.664
637.343
638.403
640.754
644.327
649.056
654.896
661.817
669.68
678.167
688.025
704.508
729.04
742.643
743.243
743.256
743.257
743.345
743.418
743.421
743.383
743.328
743.271
743.202
743.086
742.906
742.699
742.498
742.334
742.375
742.369
738.527
647.019
594.456
661.995
690.018
632.04
627.607
622.128
618.234
616.353
616.132
617.354
619.94
623.82
628.933
635.231
642.699
651.31
660.843
671.138
684.437
707.539
733.774
742.802
743.002
742.994
742.986
742.992
742.992
742.991
742.952
742.874
742.797
742.695
742.463
742.104
741.723
741.435
741.539
741.427
736.013
584.49
542.857
631.162
650.603
609.595
605.127
599.666
595.829
594.04
593.947
595.342
598.128
602.249
607.643
614.265
622.095
631.147
641.378
652.525
664.754
681.811
709.796
735.76
742.62
742.702
742.676
742.665
742.66
742.646
742.608
742.553
742.466
742.336
742.121
741.739
741.252
741.005
741.256
740.726
733.792
508.145
498.603
614.746
623.927
585.666
581.277
575.956
572.268
570.632
570.696
572.256
575.212
579.502
585.071
591.878
599.898
609.141
619.652
631.372
644.044
658.179
678.446
709.276
735.388
742.295
742.43
742.456
742.411
742.395
742.394
742.391
742.356
742.216
741.966
741.684
741.497
741.666
741.733
738.713
625.254
370.318
488.263
643.743
632.633
560.27
556.032
550.944
547.493
546.064
546.311
548.025
551.113
555.504
561.145
567.993
576.031
585.257
595.714
607.474
620.491
634.557
650.353
672.545
704.717
732.753
742.262
742.213
742.216
742.24
742.25
742.269
742.282
742.241
742.151
742.177
742.23
741.686
738.613
695.386
425.593
316.375
500.977
590.79
549.77
533.438
529.386
524.601
521.461
520.298
520.753
522.625
525.81
530.237
535.847
542.601
550.485
559.484
569.633
581
593.686
607.686
622.869
639.865
662.536
694.366
725.184
740.076
742.282
742.179
742.243
742.38
742.511
742.645
742.768
742.845
741.947
734.144
679.689
472.385
374.529
422.86
471.319
449.637
399.703
505.194
501.328
496.888
494.127
493.297
494.011
496.058
499.325
503.735
509.228
515.762
523.32
531.891
541.491
552.167
564.005
577.137
591.629
607.456
625.091
647.208
677.238
710.126
732.235
740.586
742.413
742.76
742.858
742.562
740.648
737.082
706.797
589.489
427.508
425.159
540.147
551.59
450.345
293.804
194.583
475.499
471.844
467.832
465.581
465.18
466.218
468.461
471.797
476.143
481.444
487.65
494.734
502.685
511.499
521.204
531.837
543.48
556.273
570.32
585.665
602.59
622.563
648.187
678.304
705.427
722.271
728.102
726.124
716.753
691.626
623.246
501.874
418.46
440.675
560.342
718.681
742.396
498.845
148.591
-31.3441
444.188
440.786
437.382
435.895
436.152
437.627
440.104
443.505
447.746
452.783
458.565
465.057
472.233
480.081
488.589
497.757
507.593
518.122
529.387
541.398
554.062
567.244
581.017
596.002
611.96
625.593
630.8
621.06
590.386
537.932
481.707
448.186
452.305
490.047
559.782
660.395
708.094
501.227
153.378
41.4234
410.922
407.676
405.402
405.216
406.401
408.442
411.231
414.728
418.873
423.603
428.895
434.713
441.027
447.812
455.042
462.687
470.708
479.056
487.666
496.452
505.268
513.839
521.714
528.316
532.899
534.301
530.662
520.052
502.302
480.558
461.157
449.058
445.79
451.467
467.129
490.003
486.642
395.952
304.353
285.39
377.505
374.183
373.838
375.244
377.101
379.425
382.352
385.875
389.878
394.276
399.037
404.139
409.556
415.26
421.219
427.394
433.729
440.152
446.564
452.828
458.771
464.159
468.676
471.874
473.197
472.011
467.743
460.134
449.545
437.143
424.628
413.563
404.959
399.02
394.132
384.088
360.016
342.497
394.502
449.166
354.918
351.436
349.048
349.361
350.002
351.427
354.131
357.467
361.205
365.183
369.348
373.696
378.209
382.863
387.626
392.459
397.303
402.09
406.719
411.06
414.955
418.209
420.589
421.828
421.625
419.679
415.766
409.835
402.095
393.032
383.324
373.62
364.362
355.471
345.137
327.398
299.155
303.183
418.97
540.065
330.77
330.08
328.58
327.42
326.69
325.822
326.324
329.265
332.87
336.489
340.054
343.633
347.254
350.913
354.588
358.246
361.837
365.297
368.541
371.467
373.952
375.852
377.006
377.248
376.416
374.371
371.026
366.382
360.557
353.777
346.312
338.4
330.227
321.789
311.74
295.237
270.971
283.955
407.255
550.934
308.392
308.772
308.178
306.912
306.134
305.713
304.765
304.024
306.381
308.991
311.603
314.234
316.902
319.592
322.281
324.931
327.498
329.922
332.137
334.07
335.636
336.74
337.275
337.137
336.248
334.533
331.974
328.584
324.434
319.635
314.308
308.556
302.507
296.246
288.788
276.424
259.762
280.084
386.026
515.419
285.079
287.942
284.372
284.081
284.21
284.298
284.161
280.499
281.069
282.194
283.603
285.195
286.917
288.725
290.573
292.413
294.195
295.863
297.357
298.642
299.668
300.381
300.7
300.574
299.961
298.856
297.226
295.13
292.607
289.726
286.569
283.222
279.827
276.513
272.553
265.401
258.598
290.171
383.48
471.867
257.778
259.242
259.199
259.385
263.044
263.417
259.09
254.834
254.314
254.423
254.935
255.729
256.724
257.861
259.089
260.356
261.61
262.798
263.877
264.937
265.633
266.216
266.605
266.744
266.63
266.272
265.683
264.898
263.975
262.947
261.859
260.754
259.675
258.592
256.699
251.849
247.162
269.941
382.933
429.619
224.699
225.486
226.89
227.336
228.722
229.763
226.374
225.402
224.867
224.774
224.943
225.335
225.908
226.632
227.474
228.395
229.354
230.308
231.233
232.148
232.932
233.615
234.281
234.874
235.404
235.903
236.413
236.983
237.67
238.547
239.657
241.03
242.693
244.568
245.819
244.609
243.99
266.787
370.402
403.959
191.897
192.704
194.512
195.385
196.184
196.053
195.39
194.848
194.459
194.201
194.131
194.24
194.524
194.973
195.571
196.295
197.12
198.017
198.963
199.946
200.936
201.961
203.051
204.222
205.489
206.907
208.541
210.473
212.798
215.62
219.041
223.144
228.04
233.666
239.17
243.512
253.012
289.035
377.227
378.872
160.03
160.34
161.992
162.44
163.592
163.931
163.784
163.483
163.139
162.841
162.645
162.583
162.676
162.936
163.368
163.971
164.742
165.671
166.742
167.946
169.267
170.725
172.327
174.108
176.148
178.482
181.202
184.423
188.291
192.955
198.584
205.386
213.607
223.219
233.327
244.066
268.593
330.021
405.065
363.077
128.425
128.605
130.14
131.154
131.727
131.925
131.99
131.779
131.435
131.075
130.776
130.587
130.539
130.654
130.952
131.458
132.195
133.174
134.401
135.871
137.585
139.523
141.646
144.052
146.828
150.004
153.677
157.987
163.112
169.245
176.6
185.481
196.227
208.776
222.068
237.431
275.637
361.257
439.789
368.194
97.0959
97.6187
99.229
100.336
100.919
100.849
100.711
100.318
99.7654
99.1857
98.6865
98.337
98.1524
98.1403
98.3272
98.7526
99.4584
100.483
101.852
103.573
105.65
108.099
110.704
113.74
117.189
121.082
125.518
130.642
136.65
143.729
152.123
162.174
174.222
188.104
202.78
220.667
265.217
354.693
446.908
372.412
66.1394
67.3461
69.0554
70.2391
70.6902
70.3516
69.8819
69.1129
68.1233
67.1017
66.2122
65.6668
65.3486
65.222
65.3201
65.6937
66.3991
67.4883
69.0038
70.9672
73.3708
76.1887
79.4014
83.025
87.0592
91.5369
96.5439
102.209
108.705
116.189
124.924
135.182
147.235
160.805
174.74
192.927
235.962
313.6
399.92
337.348
35.8716
37.3783
39.4357
41.4598
40.955
40.215
39.4666
38.1972
36.5735
36.3857
34.3585
32.6706
32.0366
31.7071
31.6841
32.0138
32.7524
33.9535
35.6615
37.9017
40.6732
43.9478
47.6874
51.8561
56.4299
61.4164
66.8703
72.8918
79.6118
87.1942
95.8583
105.874
117.502
130.415
143.697
164.322
212.88
286.654
323.191
264.559
6.51935
8.29283
10.3514
11.8686
11.5454
10.9083
9.46454
7.45768
5.31959
3.82814
1.8317
-0.459637
-1.81075
-2.59166
-2.87385
-2.64232
-1.85622
-0.477592
1.52044
4.14757
7.3898
11.2046
15.5321
20.2977
25.4455
30.9439
36.8014
43.07
49.8342
57.2081
65.3618
74.5347
84.8582
95.7331
107.151
128.941
180.521
275.335
266.657
258.073
-21.4219
-19.1601
-16.6265
-15.403
-15.6858
-17.2066
-19.6199
-22.558
-25.4345
-28.3913
-31.4553
-34.4631
-36.6999
-38.15
-38.8476
-38.7816
-37.9251
-36.2699
-33.8244
-30.6152
-26.6913
-22.127
-17.019
-11.474
-5.59305
0.549635
6.91269
13.4918
20.3161
27.4491
35.0304
43.2865
52.2003
60.9122
70.6969
97.677
162.257
245.567
242.715
264.107
-47.2834
-44.2091
-40.9385
-39.684
-40.5835
-43.1577
-46.7939
-51.2208
-55.8791
-60.5757
-65.197
-69.5022
-72.9756
-75.4049
-76.7379
-76.9377
-75.9909
-73.9281
-70.8121
-66.7304
-61.7943
-56.1355
-49.9034
-43.2539
-36.3365
-29.2787
-22.1815
-15.118
-8.14044
-1.27042
5.54598
12.4118
18.9796
24.021
29.9889
58.2021
123.68
194.65
214.678
259.806
-69.9412
-65.5568
-61.2506
-60.1604
-62.2473
-66.2194
-71.8005
-78.5439
-85.8137
-93.0269
-99.9996
-106.349
-111.499
-115.226
-117.386
-117.902
-116.777
-114.088
-109.969
-104.593
-98.1653
-90.9032
-83.0338
-74.7809
-66.3511
-57.9284
-49.6741
-41.7327
-34.2417
-27.3246
-21.0499
-15.5183
-11.5203
-10.7539
-9.50856
16.1883
71.9054
124.286
164.069
238.045
-87.5606
-81.1701
-75.635
-75.3388
-79.6905
-86.5555
-94.5798
-104.391
-115.678
-126.544
-136.946
-146.085
-153.495
-158.878
-162.027
-162.838
-161.333
-157.649
-152.017
-144.733
-136.132
-126.558
-116.344
-105.796
-95.1864
-84.7511
-74.6945
-65.2035
-56.4626
-48.6426
-41.8712
-36.3746
-33.1769
-33.9384
-33.2509
-7.05422
37.1837
66.427
101.268
181.863
-97.2599
-88.0377
-81.5534
-83.4468
-91.804
-103.592
-116.417
-130.325
-146.582
-162.45
-177.414
-190.381
-200.803
-208.291
-212.579
-213.555
-211.28
-205.982
-198.037
-187.927
-176.183
-163.327
-149.834
-136.113
-122.507
-109.289
-96.6834
-84.876
-74.0389
-64.3148
-55.796
-48.7042
-43.9667
-42.5717
-37.93
-11.885
16.9409
26.7994
44.4982
104.308
-95.7554
-82.8238
-77.2116
-83.6312
-97.879
-116.211
-136.596
-157.996
-180.344
-202.817
-223.744
-241.834
-256.243
-266.402
-271.972
-272.828
-269.099
-261.155
-249.609
-235.252
-218.938
-201.459
-183.477
-165.521
-148.002
-131.219
-115.379
-100.628
-87.0684
-74.7538
-63.6776
-53.9603
-46.2003
-40.4206
-30.2088
-7.11477
9.02708
10.2918
13.5631
43.9431
-70.1532
-59.9004
-64.5558
-80.175
-101.04
-126.198
-155.122
-186.405
-218.623
-250.224
-279.37
-304.43
-324.136
-337.695
-344.667
-344.907
-338.598
-326.307
-309.046
-288.167
-265.097
-241.07
-217
-193.527
-171.105
-150.024
-130.432
-112.379
-95.8549
-80.7994
-67.1015
-54.7245
-43.7768
-33.2714
-18.5391
-3.82931
2.38838
2.80129
3.45947
13.3203
-6.45869
-12.5469
-40.4106
-76.0937
-108.565
-139.701
-176.031
-217.778
-262.749
-307.82
-349.22
-384.185
-411.09
-429.05
-437.579
-436.452
-425.79
-406.327
-379.768
-348.574
-315.292
-281.935
-249.683
-219.164
-190.826
-164.878
-141.31
-119.998
-100.797
-83.5931
-68.1309
-53.7954
-39.7925
-24.5595
-8.09144
-1.91089
-0.782283
-0.509089
-0.557463
1.70956
-1.92619
-1.63868
-3.89863
-31.2918
-91.8306
-153.047
-205.035
-258.052
-317.374
-382.332
-442.949
-492.397
-529.022
-552.597
-562.874
-559.331
-541.444
-509.577
-466.952
-418.785
-370.228
-324.642
-282.48
-243.532
-208.541
-177.621
-150.332
-126.121
-104.501
-85.2254
-67.5904
-49.3007
-27.3915
-6.90557
-1.52803
-1.73391
-1.61399
-1.61098
-1.85224
-1.52409
-1.29699
-1.20711
-1.36543
-2.00446
-17.6525
-91.8303
-214.007
-308.674
-392.284
-490.282
-579.59
-647.451
-695.376
-725.297
-737.423
-730.566
-702.122
-649.656
-578.955
-502.476
-432
-372.889
-318.812
-265.641
-218.034
-177.278
-142.325
-111.748
-83.6002
-57.0104
-35.2959
-19.2869
-7.92262
-2.11947
-1.81438
-1.77226
-1.76162
-1.79669
-1.859
-1.8107
-1.25403
-1.29521
-1.19494
-0.941237
-1.09759
-10.2645
-74.7197
-231.193
-492.019
-710.886
-836.445
-904.954
-949.113
-979.251
-995.628
-996.414
-973.685
-909.18
-789.213
-634.332
-480.521
-353.6
-262.203
-194.764
-143.614
-104.776
-74.9032
-51.7376
-33.8643
-20.3481
-10.9581
-4.25808
-1.70435
-1.69119
-1.70519
-1.71506
-1.7447
-1.81223
-1.9063
-2.15342
-0.845706
-2.50818
-2.7373
-2.20381
-2.7214
-5.36674
-14.8588
-98.3945
-334.952
-749.031
-1012.28
-1091.33
-1125.96
-1157.07
-1185.41
-1201.63
-1169.86
-1020.76
-802.225
-592.836
-421.207
-292.263
-201.338
-140.499
-97.7698
-67.1819
-45.1412
-29.229
-17.9431
-10.4531
-6.37094
-4.01304
-2.67617
-1.98681
-1.65912
-1.61841
-1.79274
-2.0813
-2.54294
-4.75961
)
;

boundaryField
{
    inlet
    {
        type            calculated;
        value           nonuniform List<scalar> 10(283.705 274.915 270.231 266.068 263.62 263.62 266.069 270.233 274.918 283.709);
    }
    inletWall
    {
        type            calculated;
        value           nonuniform List<scalar> 
30
(
397.69
368.83
339.565
314.835
293.515
31.4145
201.495
306.097
386.535
436.17
-55.4514
-46.4835
-91.119
-269.663
-408.72
397.689
368.832
339.568
314.838
293.519
31.3998
201.487
306.092
386.531
436.168
-55.6956
-46.6394
-91.2101
-269.721
-408.756
)
;
    }
    bottleWall
    {
        type            calculated;
        value           nonuniform List<scalar> 
290
(
1814.98
1803.18
1798.04
1795.73
1787.65
1771.76
1749.54
1724.36
1697.66
1669.23
1640.45
1612.27
1583.03
1555.82
1529.85
1504.89
1483.72
1463.4
1442.32
1422.49
1402.22
1380.73
1362.11
1344.11
1326.53
1309.26
1292.18
1275.26
1258.59
1241.73
1224.87
1207.99
1190.97
1173.87
1156.72
1139.55
1122.36
1105.19
1088.07
1071.01
1054.09
1037.33
1020.74
1004.32
988.068
971.988
956.059
940.26
924.566
908.954
893.404
877.901
862.441
847.102
831.85
816.555
801.264
785.9
770.345
754.466
738.101
721.026
702.972
683.958
663.727
642.17
619.239
594.853
569.044
541.838
513.255
483.26
451.749
418.458
384.269
360.761
336.822
314.019
290.486
263.792
230.367
197.121
164.801
132.735
100.919
69.5529
38.8693
9.08288
-19.3502
-45.6938
-68.7715
-86.6432
-96.3781
-94.7351
-71.2247
-6.65028
-0.9415
-0.0964191
-0.178435
-1.07281
2248.99
2225.75
2198.84
2168.68
2135.84
2100.97
2064.81
2028.12
1991.7
1956.36
1922.86
1891.89
1864.08
1839.97
1819.28
1801.76
1787.18
1775.49
1766.63
1760.38
1756.5
1754.68
1754.66
1756.14
1758.87
1762.6
1767.1
1772.16
1777.59
1783.22
1788.89
1794.45
1799.77
1804.72
1809.28
1813.21
1818.18
1820.22
1821.5
1822.42
2249.46
2267.21
2281.01
2290.8
2296.57
2298.39
2296.35
2290.43
2280.67
2267.17
1759.06
1758.31
1757.11
1755.17
1750.39
1746.31
1741.95
1737.33
1732.44
1727.42
1722.39
1717.47
1712.82
1708.57
1704.87
1701.9
1699.83
1698.87
1699.22
1701.12
1704.81
1710.56
1718.63
1729.3
1742.82
1759.31
1778.84
1801.54
1827.83
1858.23
1892.43
1929.74
1969.31
2010.15
2051.21
2091.46
2129.91
2165.71
2198.11
2226.57
1751.55
1738.67
1732.97
1729.38
1721.76
1708.23
1688.32
1665.34
1640.54
1615.72
1589.27
1563.03
1537.52
1511.89
1486.56
1463.09
1440.43
1422.31
1403.05
1383.67
1365.3
1345.85
1325.45
1307.41
1289.66
1272.07
1254.5
1236.92
1219.27
1201.73
1184.02
1166.28
1148.54
1130.76
1113.06
1095.52
1078.16
1061.04
1044.2
1027.68
1011.51
995.699
980.267
965.202
950.484
936.076
921.935
908.006
894.233
880.559
866.934
853.313
839.705
826.142
812.408
798.575
784.592
770.36
755.781
740.742
725.1
708.671
691.222
672.77
653.082
632.04
609.595
585.666
560.27
533.438
505.194
475.499
444.188
410.922
377.505
354.918
330.77
308.392
285.079
257.778
224.699
191.897
160.03
128.425
97.0959
66.1394
35.8716
6.51935
-21.4219
-47.2834
-69.9412
-87.5606
-97.2599
-95.7554
-70.1532
-6.45869
-1.92619
-1.29699
-1.25403
-0.845706
)
;
    }
    atmosphere
    {
        type            calculated;
        value           nonuniform List<scalar> 
80
(
-2.49821
-2.32733
-2.18942
-2.03615
-1.97041
-1.96221
-1.9636
-1.97091
-1.96387
-3.39255
-7.0056
-12.3169
-19.6003
-29.9856
-44.9508
-66.0872
-97.2016
-143.957
-225.228
-356.831
-584.804
-900.822
-1353.64
-1821.22
-1961.78
-1961.93
-1957.26
-1956.9
-1961.16
-1960.69
-1855.46
-796.87
-226.19
-64.4538
-2.28089
-1.98722
-2.4124
-3.31462
-3.4992
-1.962
-1.962
-3.05615
-3.0052
-2.45781
-2.03453
-1.962
-21.5559
-207.676
-494.29
-1555.33
-1959.98
-1961.71
-1956.75
-1950.86
-1961.72
-1961.98
-1909.92
-1516.35
-1038.67
-672.759
-416.525
-261.668
-162.035
-108.422
-73.2091
-49.3205
-32.7489
-21.2397
-13.4017
-7.63088
-3.58948
-1.96341
-1.96998
-1.96328
-1.962
-1.96992
-2.03557
-2.18717
-2.32273
-2.49694
)
;
    }
    frontAndBack
    {
        type            empty;
    }
}


// ************************************************************************* //
