/*--------------------------------*- C++ -*----------------------------------*\
  =========                 |
  \\      /  F ield         | OpenFOAM: The Open Source CFD Toolbox
   \\    /   O peration     | Website:  https://openfoam.org
    \\  /    A nd           | Version:  8
     \\/     M anipulation  |
\*---------------------------------------------------------------------------*/
FoamFile
{
    version     2.0;
    format      ascii;
    class       volScalarField;
    location    "3.3";
    object      p_rgh;
}
// * * * * * * * * * * * * * * * * * * * * * * * * * * * * * * * * * * * * * //

dimensions      [1 -1 -2 0 0 0 0];

internalField   nonuniform List<scalar> 
9150
(
1963.41
1962.42
1961.79
1961.32
1961.08
1961.07
1961.31
1961.78
1962.41
1963.41
1962.98
1962.47
1962.05
1961.72
1961.54
1961.55
1961.72
1962.04
1962.47
1962.98
1962.71
1962.43
1962.18
1961.96
1961.84
1961.84
1961.95
1962.17
1962.43
1962.71
1962.59
1962.42
1962.25
1962.09
1962.01
1962
1962.09
1962.25
1962.41
1962.59
1962.59
1962.41
1962.27
1962.15
1962.09
1962.08
1962.15
1962.27
1962.41
1962.59
1951.61
1950.8
1951.06
1951.48
1951.65
1951.66
1951.49
1951.05
1950.78
1951.58
1955.68
1954.96
1954.76
1954.71
1954.8
1954.81
1954.72
1954.78
1954.97
1955.68
1958.78
1958.04
1957.71
1957.37
1957.3
1957.3
1957.36
1957.7
1958.02
1958.78
1961.51
1960.38
1959.91
1959.29
1959.12
1959.12
1959.3
1959.92
1960.38
1961.51
1964.09
1962.05
1961.29
1960.59
1960.32
1960.33
1960.6
1961.29
1962.05
1964.09
1947.42
1945.72
1943.6
1942.44
1941.85
1941.85
1942.41
1943.47
1945.23
1946.37
1946.43
1946.16
1945.15
1944.7
1944.22
1944.1
1944.48
1944.76
1945.65
1945.83
1945.94
1946.01
1945
1945.25
1944.82
1944.7
1945.21
1944.72
1945.73
1945.58
1942.64
1945.4
1944.45
1945.9
1945.74
1945.65
1945.85
1944.23
1945.24
1942.44
1936.48
1946.04
1946.52
1947.88
1948.27
1948.23
1947.87
1946.39
1945.94
1936.29
689.636
689.058
688.876
688.775
688.361
687.156
685.365
683.664
683.405
683.859
687.357
686.848
686.821
686.878
686.644
685.687
681.78
680.856
680.017
678.585
685.205
687.193
687.478
688.119
688.513
688.159
683.076
681.573
680.542
679.25
683.861
686.785
689.081
689.691
690.273
690.785
689.992
688.32
686.819
685.639
683.901
687.907
690.681
691.262
691.898
692.471
692.244
691.219
688.7
687.332
687.165
691.862
691.974
692.254
692.557
692.927
691.026
689.224
688.267
686.823
692.535
692.95
693.241
693.108
690.581
679.16
675.283
683.937
686.495
686.63
693.049
694.046
694.987
695.671
679.511
672.996
671.191
667.15
679.498
689.776
694.264
696.377
698.54
700.692
702.528
690.889
675.533
673.042
670.586
673.598
696.324
699.491
702.775
705.887
709.001
711.426
712.272
684.28
678.008
677.396
699.173
703.819
708.228
712.154
715.092
716.228
715.987
706.532
698.499
705.274
703.11
710.221
717.112
721.926
724.705
725.288
724.121
721.68
719.27
716.413
579.374
618.453
707.77
736.639
741.682
739.368
734.823
729.74
725.037
719.854
548.967
627.532
662.412
688.779
748.453
737.941
711.423
698.626
701.68
692.135
574.638
668.488
679.917
687.264
688.782
651.493
613.822
606.67
594.73
586.972
626.342
598.074
666.952
642.607
591.841
649.669
634.462
613.295
659.95
712.368
568.723
539.988
534.318
509.223
494.579
596.187
688.59
684.111
672.548
669.255
468.253
473.065
467.325
453.731
438.417
432.351
496.78
564.636
604.151
618.283
419.19
449.736
576.666
496.125
408.811
396.012
401.441
411.563
511.7
474.611
372.133
507.989
605.59
600.604
499.792
420.379
423.205
437.88
457.782
478.313
350.683
481.018
598.843
615.772
461.536
446.923
473.329
597.657
638.515
650.914
476.364
420.554
580.003
645.279
484.105
476.565
637.672
669.936
671.539
663.416
603.928
415.058
448.844
658.571
625.385
596.816
674.451
670.508
661.19
652.133
638.295
425.662
438.288
635.789
670.254
670.934
667.371
665.448
658.437
651.403
647.727
440.62
441.024
636.281
669.254
663.61
656.992
635.633
608.048
656.483
632.478
459.353
508.071
664.528
664.27
660.461
652.275
436.937
374.717
598.898
639.26
471.855
590.767
680.345
669.257
668.324
514.552
291.93
289.527
470.64
629.247
436.781
609.552
695.151
685.867
632.988
310.729
280.133
278.575
331.089
583.313
434.248
613.414
706.58
700.198
535.726
276.084
275.84
274.574
272.413
463.485
433.739
676.575
708.757
693.124
490.765
273.375
271.772
270.695
269.725
422.865
423.762
704.642
724.793
650.801
501.333
405.871
267.985
267.075
267.282
403.088
392.015
586.902
738.455
634.896
548.814
550.753
360.517
265.83
266.249
364.771
365.336
425.233
738.556
692.857
562.145
563.452
566.501
265.872
265.35
318.333
316.307
325.057
669.586
726.044
561.356
559.724
633.727
432.431
262.965
416.176
291.769
297.336
564.838
728.8
579.465
563.929
646.148
632.217
258.58
737.664
499.022
306.89
499.554
730.379
706.109
569.656
650.417
719.082
305.837
788.334
663.833
332.039
468.22
744.143
739.172
580.724
693.902
793.864
557.683
810.986
593.899
339.464
397.25
765.217
764.834
593.022
780.27
797.194
732.39
811.307
438.549
330.69
340.417
774.51
801.94
685.729
812.015
807.967
802.75
818.998
521.11
316.575
305.56
625.917
809.956
825.058
808.279
820.994
815.728
813.294
701.482
353.304
277.092
553.707
712.056
833.7
833.73
831.937
825.927
689.928
801.181
459.537
252.535
598.195
661.173
840.796
800.426
702.965
829.98
126.634
749.495
466.517
231.501
622.389
658.563
835.041
767.785
606.598
726.908
22.5795
198.448
396.938
177.879
637.322
649.38
577.041
690.491
590.823
443.939
10.3198
53.5567
318.955
117.605
642.612
646.409
637.167
616.739
369.231
289.322
4.2601
5.79176
186.674
84.4425
654.82
663.278
442.275
262.777
6.73155
58.5873
10.4091
17.0845
15.4743
32.1474
666.396
696.517
57.3523
1.47809
0.61971
0.211733
10.1845
8.64599
2.20713
6.8084
681.752
721.009
5.82888
0.316994
0.132104
0.0219002
1.61115
1.72265
1.83316
14.3347
695.368
740.185
17.5112
0.0972015
1.52172
1.75589
1.61088
1.72561
1.77543
23.0373
712.28
755.143
23.9865
-0.755822
-0.714327
-0.513366
1.915
2.2464
1.52367
26.5982
727.693
769.803
29.3153
-0.770127
-0.713616
-0.663822
2.40502
2.46302
1.31421
28.2806
743.595
783.211
31.396
-0.685547
-0.596723
-0.507412
2.19113
2.2108
0.984179
30.0664
777.357
782.147
29.8613
-0.501858
-0.403562
-0.242688
1.99071
1.95467
0.612435
30.2461
819.522
768.594
26.9405
-0.287603
-0.276512
-0.113987
1.89747
1.53102
0.455409
25.9856
833.716
786.013
15.4503
-0.214145
-0.238699
-0.0838197
0.903608
0.871951
0.385392
13.1365
845.081
815.79
9.46822
-0.203599
-0.216983
-0.223554
0.398383
0.55294
0.393971
7.69282
845.255
861.14
8.81835
-0.240568
-0.118563
-0.224695
0.38994
0.400069
0.368675
9.27764
883.109
871.953
7.01012
-0.20787
-0.0877379
-0.205768
0.384084
0.377759
0.367307
11.6465
904.236
898.037
9.81408
-0.187852
-0.0656896
-0.120347
0.409192
0.428738
0.380954
14.6422
921.746
927.886
14.2241
-0.191802
-0.171165
-0.0403442
0.389257
0.969905
0.363577
20.5436
953.217
948.806
19.002
-0.190398
-0.19297
-0.0714665
0.405986
1.03275
0.353094
27.2221
978.845
979.633
26.5793
-0.210455
-0.211957
-0.210687
0.542786
1.02217
0.339978
35.7425
1009.73
1005.62
34.3698
-0.216103
-0.216407
-0.222837
1.03563
1.02975
0.360462
43.9434
1034.48
1037.7
44.1263
-0.191099
0.403064
0.0894577
1.18466
0.989314
0.357993
53.0984
1064.77
1061.93
52.5984
-0.0981999
1.03136
1.26696
1.11887
0.641878
0.353338
62.2645
1091.7
1088.75
61.8001
-0.0368926
1.13605
1.51441
0.935958
0.48663
0.350193
71.0236
1115.7
1116.85
71.5121
-0.0364823
1.12651
1.54946
1.2278
0.628817
0.340471
80.368
1142.72
1140.65
80.5976
-0.0309565
0.903948
1.59411
1.86096
1.26035
0.367699
89.9079
1168.83
1165.17
90.0399
0.00658281
0.658769
1.63796
1.89612
1.50038
0.409256
99.3943
1192.89
1192.05
100.261
0.00337477
0.155693
1.5389
1.9091
1.15118
0.400975
110.388
1219.4
1218.12
111.133
-0.0140394
0.0711802
1.32015
1.34669
0.698676
0.35648
122.957
1247.5
1244.58
123.223
-0.0706042
-0.0704037
0.0291664
0.640294
0.436374
0.312167
136.333
1274.64
1273.78
136.979
-0.105715
-0.0960178
-0.0452392
0.600091
0.561352
0.277775
153.263
1305.12
1303.52
153.545
-0.110275
-0.0885377
-0.0962748
0.436281
0.74316
0.250987
172.637
1336.28
1334.27
172.42
-0.10313
-0.0871417
-0.0881088
0.740966
0.752576
0.263325
195.783
1367.67
1368.43
196.44
-0.0921641
-0.0754658
0.042025
1.31128
0.918454
0.277833
225.947
1402.47
1402.57
226.326
-0.0777271
-0.0399617
0.310187
1.29748
0.991195
0.251134
263.359
1438.62
1436.96
263.457
-0.0756896
-0.0728544
0.154132
1.28708
0.823497
0.225324
309.556
1476.39
1469.3
307.163
-0.0731064
-0.0762217
-0.0450151
1.26586
0.31578
0.198289
360.458
1511.72
1500.15
355.122
-0.0622099
-0.0685707
-0.0740935
0.619957
0.263478
0.162154
407.592
1540.46
1531.56
404.46
-0.0563807
0.012316
-0.066811
0.355125
0.354093
0.141598
448.107
1565.22
1560.33
447.758
-0.0521063
0.242277
-0.058725
0.600302
0.499979
0.136383
481.498
1589.06
1585.47
482.062
-0.0425887
0.274263
0.315351
0.972365
0.728896
0.14276
510.571
1612.69
1609.31
511.21
-0.0460972
0.152424
0.316446
0.979791
0.791712
0.147705
542.107
1636.08
1635.1
543.959
-0.059345
-0.0218164
0.191789
0.988212
0.784055
0.141318
588.514
1662.85
1660.77
589.412
-0.0654163
-0.0647286
-0.0674883
1.00211
0.696126
0.134545
667.443
1690.31
1688.98
667.957
-0.0639203
-0.0629003
-0.0631399
0.57331
0.47986
0.116103
783.5
1713.32
1718.68
786.718
-0.0651844
-0.060658
-0.0595098
0.124651
0.144899
0.0947115
927.262
1735.53
1742.09
931.059
-0.0623317
-0.0555856
-0.055156
0.0790276
0.0800091
0.0757984
1067.54
1765.5
1755.85
1068.6
-0.0520484
-0.0498824
-0.0258504
0.153386
0.0800754
0.0733445
1249.6
1784.25
1775.3
1138.27
-0.0395001
-0.048972
-0.00572758
0.214747
0.0638455
0.0617576
1316.78
1796.54
1799.7
1317.73
-0.0365098
-0.0410637
-0.00743506
0.160186
0.0444252
0.0440343
1296.69
1813.83
1817.61
1596.42
136.083
-0.0357157
-0.0333208
0.0633666
0.0319899
62.1272
1517.41
1833.09
1836.24
1703.05
323.096
-0.0358896
-0.035325
0.0471111
0.0256285
234.637
1653.97
1853.05
1854.48
1808.29
591.131
-0.0315512
-0.0310703
0.027219
0.0287211
562.538
1816.85
1873.09
1873.45
1861.31
938.569
-0.0400759
-0.0294485
0.0251563
0.0214352
991.759
1885.97
1892.4
1892.38
1891.61
1480.77
0.0210586
-0.0205019
0.0194372
49.0573
1515.28
1909.22
1911.2
1912.05
1911.66
1808.97
442.371
-0.0233088
-0.00391614
997.65
1925.68
1927.48
1926.81
1926.46
1926.34
1926.08
1229.59
-0.00662881
555.801
1855.23
1939.25
1937.35
1936.43
1936.18
1936.89
1938.84
1901.53
728.715
678.275
678.346
678.51
678.92
678.968
677.65
679.143
680.02
681.295
683.336
685.102
686.68
688.454
690.348
692.294
693.904
695.092
695.967
696.42
696.406
696.69
695.976
695.772
695.704
694.462
689.267
684.502
678.747
674.27
671.999
671.626
673.237
677.527
683.966
688.473
693.37
700.248
712.539
728.744
736.541
677.329
676.398
675.798
676.384
679.375
678.397
677.422
678.507
679.551
682.417
684.029
685.75
688.053
690.42
692.648
694.595
696.11
697.066
697.698
697.291
697.39
695.577
694.47
690.368
685.152
686.247
680.036
683.152
673.654
665.727
666.803
669.23
673.282
675.985
678.453
680.682
687.076
693.083
702.606
710.029
681.823
683.827
682.588
680.664
678.47
677.654
675.509
673.092
674.672
676.486
679.307
681.657
685.223
691.735
694.71
696.666
698.111
699.318
700.34
700.738
700.709
699.479
699.054
694.97
684.985
680.394
670.809
671.083
663.805
660.817
663.888
668.341
673.295
678.166
676.371
678.347
680.885
682.488
690.805
695.7
684.606
683.21
680.874
678.117
676.079
675.092
670.274
668.704
670.339
671.589
682.606
685.418
688.183
693.247
696.851
699.511
701.414
702.507
703.583
704.704
705.665
705.269
701.498
695.626
688.869
675.968
657.432
646.114
635.602
632.302
631.89
644.765
649.739
662.296
671.572
671.63
674.605
676.216
686.737
687.786
685.598
683.159
680.513
677.722
674.525
672.639
673.263
672.635
671.155
668.987
673.685
678.464
685.836
694.185
698.573
702.159
704.46
705.917
706.924
707.944
708.315
706.33
701.943
697.877
691.698
683.155
668.656
649.83
634.424
641.795
623.292
623.618
625.684
660.145
668.063
669.472
667.816
676.121
680.659
681.605
684.68
681.207
677.556
673.601
668.348
663.587
661.559
663.632
659.987
647.345
653.513
662.371
679.674
690.551
698.692
706.767
708.982
710.584
711.306
711.193
710.421
706.181
702.378
697.03
693.424
687.62
679.452
670.966
663.368
661.126
660.989
646.98
633.099
640.763
666.11
661.097
671.217
675.54
674.78
666.456
686.235
675.931
673.57
664.628
634.48
613.465
615.374
614.568
612.866
622.014
640.132
663.877
677.034
681.693
692.767
697.814
712.562
716.24
716.766
715.836
713.939
711.208
703.662
698.981
693.814
690.797
687.066
682.139
676.974
673.037
671.847
673.069
646.562
635.157
658.192
658.374
661.516
665.877
655.992
653.989
688.681
675.418
663.141
643.383
592.233
579.934
570.479
562.473
567.62
613.818
647.945
658.602
680.833
699.278
703.121
686.363
686.132
707.054
719.14
719.049
717.343
713.98
709.846
701.118
695.981
690.803
691.578
687.364
677.491
677.09
680.682
679.067
666.794
622.661
635.092
664.409
676.71
663.983
651.936
653.56
686.884
682.542
663.715
597.15
584.153
575.81
566.148
557.45
552.441
573.248
648.244
669.184
680.891
692.014
705.214
684.144
678.71
682.877
684.972
725.937
725.648
719.629
713.578
707.289
701.779
698.167
693.335
680.302
673.698
683.147
686.458
683.796
657.931
609.426
613.849
673.09
689.88
688.616
667.945
658.335
697.418
694.886
689.013
617.465
584.115
577.955
570.433
562.419
556.053
554.263
583.765
615.378
638.366
668.505
689.23
703.434
712.379
716.204
687.901
698.811
725.352
721.698
714.809
709.088
704.383
700.1
690.707
673.412
673.89
692.101
692.191
689.999
635.628
601.624
600.566
668.87
697.8
698.713
700.164
665.697
705.234
701.857
698.924
694.911
682.174
595.225
578.024
612.455
641.516
579.36
558.959
561.139
564.198
574.251
654.515
680.008
687.658
690.205
684.406
677.528
683.773
712.387
712.623
708.303
704.129
700.913
686.152
672.434
678.186
697.709
698.575
699.198
642.196
593.589
597.113
631.827
701.079
703.46
704.629
681.807
713.334
665.352
656.602
651.83
646.227
655.538
658.182
655.027
646.418
561.532
555.407
552.811
549.493
548.219
613.206
647.775
657.692
664.851
667.619
671.378
643.902
670.536
694.679
699.783
699.278
698.441
669.316
670.137
695.58
700.993
703.332
705.192
664.143
586.564
589.23
620.823
702.63
706.796
708.494
707.366
714.934
705.552
660.749
672.793
698.761
691.469
659.494
579.427
568.162
559.919
549.313
544.278
595.096
631.655
605.705
560.667
564.921
600.457
617.622
631.126
609.096
579.756
653.735
687.08
694.461
683.746
659.774
674.582
701.242
703.096
705.477
708.132
662.796
578.947
581.01
613.134
705.679
711.201
713.703
715.762
615.575
614.741
692.486
700.129
695.65
653.957
587.596
577.831
574
614.559
661.532
647.44
628.555
602.927
558.488
430.801
339.748
381.941
555.911
604.143
524.873
542.303
620.588
678.396
688.424
660.294
651.94
668.229
700.723
703.076
705.7
707.732
594.772
573.019
572.845
640.713
715.821
718.004
719.874
718.401
581.905
629
701.051
693.703
687.06
680.401
667.444
671.351
667.392
658.417
645.874
630.253
610.397
537.511
343.633
314.898
316.458
320.586
436.695
504.65
478.051
518.533
634.11
671.888
681.367
653.413
645.876
656.196
700.711
703.991
707.026
610.68
565.235
567.697
582.168
706.341
721.921
723.358
724.596
717.539
702.011
691.808
674.675
660.749
658.799
662.25
663.62
660.135
655.638
648.082
637.284
623.752
597.058
374.121
318.757
317.149
318.658
320.382
353.194
418.719
469.535
573.206
655.563
671.266
679.321
658.788
639.428
642.304
693.276
705.155
706.528
594.919
564.702
587.722
691.888
721.479
722.688
725.001
727.578
730.001
668.531
665.683
597.429
504.499
519.127
558.729
618.608
649.264
648.479
645.313
639.237
629.733
568.093
341.773
322.394
321.544
321.558
322.202
400.316
516.262
561.849
607.395
646.303
671.865
679.478
684.439
639.421
636.209
642.736
702.479
704.937
669.56
666.072
696.298
716.496
718.459
721.041
724.224
727.447
731.993
636.275
562.17
482.203
482.551
480.117
476.965
513.4
643.236
650.372
648.616
645.31
640.726
611.137
350.841
325.625
324.349
327.552
402.777
553.916
642.339
657.745
637.522
643.629
669.086
679.614
684.332
655.756
629.945
634.048
647.783
693.045
705.573
709.302
712.416
715.276
717.271
719.248
719.94
719.255
696.689
463.228
474.57
479.839
479.857
476.724
474.125
528.531
642.676
649.198
650.684
648.778
646.361
644.586
447.901
326.859
336.749
480.068
600.821
655.963
661.476
665.842
669.283
668.014
675.527
679.214
683.306
632.821
625.36
629.461
632.665
660.412
705.723
709.612
713.314
716.788
720.054
707.013
705.02
641.324
609.087
487.903
508.918
542.068
629.091
630.272
620.113
635.174
643.335
643.102
645.296
644.767
643.07
642.624
543.711
335.566
474.757
648.321
657.607
659.189
661.829
664.836
668.14
671.358
675.155
669.208
627.162
617.628
621.754
625.661
629.23
663.975
706.555
710.531
714.408
718.043
703.95
675.418
709.492
628.573
577.432
662.784
666.669
659.998
649.653
640.186
634.469
630.347
627.958
628.834
631.267
630.684
629.885
632.154
586.427
345.328
638.891
649.073
653.342
656.675
659.715
655.041
620.446
624.226
624.822
608.986
611.035
615.373
619.757
623.717
637.638
699.407
707.875
711.421
714.853
718.498
689.058
674.629
713.163
687.388
572.852
654.635
644.348
628.318
578.058
490.571
509.43
596.943
609.532
612.62
613.035
607.209
599.467
584.11
549.755
343.472
631.127
641.295
647.878
653.976
658.666
656.724
603.798
601.65
604.11
606.67
609.078
644.896
621.48
622.722
652.151
705.469
708.373
710.426
709.617
705.89
693.013
706.97
713.642
648.308
557.824
640.97
594.453
460.825
364.748
362.934
411.972
597.438
608.687
610.251
603.92
586.166
454.359
376.952
444.775
525.629
623.134
633.841
639.217
645.849
652.874
659.437
655.635
651.075
640.216
649.147
660.489
664.812
618.792
621.701
666.169
705.477
707.647
709.323
648.773
535.854
588.32
645.489
675.417
642.65
667.513
635.812
442.032
363.664
358.979
357.135
452.525
623.366
622.537
620.854
613.146
521.1
272.617
211.605
407.057
558.71
574.045
556.641
539.138
547.144
629.041
649.245
659.299
666.753
672.07
639.529
613.722
634.411
671.378
669.14
700.204
703.567
658.581
544.046
506.402
514.762
522.36
652.816
732.991
695.299
747.348
627.674
436.62
363.718
359.056
358.236
393.646
633.312
639.02
611.117
535.934
478.361
225.24
205.367
259.732
362.362
254.476
242.993
233.406
240.376
396.193
640.43
656.484
666.568
652.697
598.819
606.76
643.444
687.683
689.33
682.636
517.988
492.807
498.358
503.375
517.304
694.197
732.326
749.208
752.595
750.516
645.79
612.292
486.14
379.952
359.871
359.667
485.176
600.949
474.912
432.407
541.469
255.04
208.229
207.936
207.741
208.206
208.773
208.869
208.437
229.315
594.909
668.326
667.436
594.056
599.05
618.274
686.667
691.193
690.703
574.941
508.829
506.94
615.72
647.822
704.516
723.156
727.884
734.004
741.296
741.501
657.909
657.173
656.138
633.237
439.805
367.087
368.515
371.25
371.331
429.881
658.795
454.567
211.079
210.075
208.77
209.057
208.989
209.202
209.449
347.73
653.025
678.598
617.688
595.512
598.221
683.686
688.521
692.184
629.773
492.16
639.912
677.661
683.829
693.251
699.256
700.394
623.188
629.775
718.619
721.365
635.26
672.449
669.549
666.764
665.889
590.723
462.967
391.894
549.014
648.985
679.216
666.57
440.922
313.685
278.865
249.577
255.086
345.114
451.875
639.66
674.439
638.909
595.711
594.611
657.518
680.834
681.205
681.234
572.632
335.575
639.297
641.071
647.624
662.993
674.897
641.449
592.643
592.313
667.776
707.855
381.971
684.552
682.833
677.761
660.189
624.225
492.091
399.742
582.612
681.994
686.827
689.409
686.886
659.045
636.88
608.021
611.326
640.161
664.132
665.646
633.31
599.154
598.392
626.208
679.31
674.849
669.441
645.731
434.849
246.28
405.441
395.939
353.553
516.343
657.896
599.853
580.276
589.466
688.36
698.7
268.606
549.786
705.905
603.313
405.159
383.584
383.196
401.765
653.199
696.785
695.654
693.466
692.992
691.906
690.914
690.078
689.993
678.14
629.858
606.959
604.558
603.402
613.755
686.19
680.218
672.331
510.164
332.678
237.885
231.76
225.266
226.291
235.536
438.659
599.82
624.513
658.488
671.439
692.264
694.408
266.977
312.593
548.215
450.494
387.218
386.177
387.149
606.229
710.397
707.682
679.112
660.397
663.717
697.362
697.301
697.676
644.052
606.508
608.317
609.469
609.336
663.265
684.9
692.872
687.691
481.29
244.092
243.614
243.458
241.535
234.654
233.897
392.298
513.743
586.43
677.816
686.446
689.8
691.413
692.195
266.861
267.446
371.087
543.595
393.751
391.68
545.264
724.543
721.764
719.311
716.682
713.704
671.198
581.414
651.674
707.085
649.303
613.035
614.333
629.145
705.253
706.353
699.724
629.263
623.881
350.309
250.713
250.826
251.368
250.431
245.91
307.92
436.481
586.091
676.579
682.991
686.183
689.078
691.079
692.243
265.835
266.112
500.157
667.156
447.568
404.664
628.392
732.876
732.348
731.3
730.109
728.771
718.642
516.044
415.173
616.492
692.887
695.029
686.507
712.238
713.534
713.827
713.552
611.094
494.998
368.724
267.426
258.529
303.845
389.621
528.06
637.762
501.849
490.978
484.219
562.257
675.024
689.849
694.101
693.594
263.179
274.385
588.378
677.921
404.567
406.222
477.441
744.899
743.04
741.649
740.881
739.994
692.133
437.117
400.64
409.006
638.072
723.103
723.247
722.558
722.49
722.617
723.169
677.467
510.357
451.582
594.46
623.065
660.014
694.286
703.105
695.178
666.456
494.991
463.328
462.827
523.337
690.278
706.554
696.303
258.554
264.14
581.532
703.805
407.047
407.685
407.498
558.072
752.41
749.881
747.494
736.033
509.358
388.862
393.138
396.627
403.698
530.968
652.264
721.689
730.473
731.694
733.331
735.438
683.928
634.354
653.256
731.767
729.792
721.332
712.206
701.124
692.591
658.776
471.283
472.275
476.104
623.933
725.859
716.648
252.053
253.302
601.052
769.337
754.524
509.39
429.998
697.88
761.516
759.608
756.829
745.043
512.335
382.303
387.96
462.143
435.81
448.558
479.932
679.925
737.974
739.06
741.786
698.682
649.715
647.981
651.376
650.021
646.239
697.399
725.252
715.303
676.922
482.679
479.75
484.707
489.493
600.016
745.327
746.839
242.163
240.295
279.685
668.459
782.184
781.503
769.233
748.148
767.151
774.105
772.306
769.428
585.922
381.754
536.675
727.085
561.94
462.542
594.681
741.437
738.881
738.738
742.142
738.834
674.009
672.917
689.478
654.822
649.324
648.025
737.104
730.885
724.986
703.27
652.519
495.369
541.162
688.261
760.28
765.51
295.77
232.622
230.234
250.53
602.572
789.928
788.875
788.567
788.968
789.911
789.982
788.923
600.354
383.596
619.704
721.251
718.025
705.966
748.635
740.092
730.822
719.841
681.15
684.816
710.972
731.342
739.66
737.637
729.793
720.702
708.466
675.964
647.25
637.212
651.408
658.519
548.627
653.869
768.405
767.751
567.254
227.389
224.742
222.252
220.954
282.181
624.304
796.32
796.251
797.684
799.783
800.815
618.888
377.239
369.885
599.233
715.36
692.584
626.199
581.896
486.54
342.737
285.153
296.822
593.809
715.723
682.337
571.474
578.336
519.796
335.045
132.133
45.4262
61.4932
182.434
459.418
518.762
660.268
735.503
730.956
806.988
459.58
220.934
219.368
217.275
215.653
215.163
215.108
376.063
789.054
808.158
810.291
785.325
475.311
358.399
343.992
372.746
337.014
293.755
284.749
280.861
277.165
274.812
273.886
403.752
308.651
163.828
19.1845
0.51484
0.389416
0.468404
0.562251
0.53406
0.789572
6.90982
189.176
324.735
275.705
283.941
234.635
820.692
816.921
603.918
221.966
216.171
214.309
213.104
212.522
211.459
211.022
310.809
724.58
808.044
770.247
614.392
344.645
310.038
303.593
298.924
294.347
289.229
285.506
370.597
443.219
330.971
23.312
0.641823
0.39293
0.370099
0.363448
0.370729
0.51068
0.953143
0.95277
1.07969
5.97172
21.5716
1.61361
1.28608
1.2567
827.733
827.38
827.399
822.6
480.909
211.584
211.989
211.01
210.571
210.793
210.032
210.505
362.79
698.436
800.723
687.507
450.486
313.356
309.289
348.767
600.416
591.554
577.489
460.787
59.5815
0.645751
0.445503
0.42524
0.318121
0.298294
0.302269
2.21513
2.59582
2.28492
0.503795
0.666462
0.737911
0.760427
1.04293
1.13133
832.568
836.894
838.123
837.489
840.083
808.612
675.74
401.257
208.186
208.106
206.514
492.146
802.028
810.731
809.769
809.636
775.081
756.667
750.95
714.371
649.989
349.582
12.1082
0.49436
0.44601
0.558349
0.566594
1.83806
1.58085
0.302076
0.237982
1.59866
2.52252
1.71441
0.241321
0.329755
0.547828
0.664568
2.13674
1.8864
534.863
710.307
759.823
773.5
776.351
762.991
750.266
740.889
645.549
652.316
673.301
714.534
712.941
683.603
667.15
586.328
609.45
557.666
328.34
88.0149
0.790464
0.319094
0.529375
0.504989
0.482824
0.487216
0.506574
1.77651
1.87246
1.48682
0.185866
0.84756
2.50758
0.817333
0.138762
0.184218
0.433692
2.59919
3.95409
4.23386
362.143
129.149
171.572
138.089
97.4869
80.2159
82.7787
119.198
130.428
206.699
192.799
155.154
154.54
194.276
191.167
169.445
112.135
3.59656
-0.0563226
0.169833
0.328842
0.388337
0.416469
0.457599
0.446862
0.45309
0.514638
1.79408
1.81185
1.81869
0.765681
1.28079
1.45091
0.0475088
0.0657973
0.0808173
0.147091
3.4396
4.86892
4.90327
72.7589
92.2792
72.3099
26.0407
1.03909
0.249524
0.284365
0.290099
0.275895
0.201634
0.0795445
-0.0286992
-0.0795134
-0.0999175
-0.108912
-0.102091
-0.0937961
-0.0725485
-0.0400939
0.139366
1.12894
1.40044
0.59633
1.19879
1.68769
1.72063
1.71963
1.70821
1.73039
1.73848
1.31976
1.19551
-0.004998
0.00755861
0.0229562
0.0118338
2.35728
4.87434
4.92082
4.95333
-0.102225
-0.0912291
3.20544
7.71326
3.64697
0.00807055
0.195973
0.275176
0.287246
2.55464
4.72814
4.62298
4.12155
0.285579
-0.145091
-0.133063
-0.127736
-0.0227442
1.51903
1.49893
1.47006
1.40141
0.962067
-0.0273457
-0.173116
-0.0690687
-0.130741
-0.0567848
1.28581
1.53751
1.001
0.714394
-0.032006
0.00461909
0.412182
1.21671
3.41986
4.94756
4.7643
5.01928
0.0533644
-0.120457
-0.41396
-0.438843
-0.417495
-0.362337
2.00759
4.91294
4.93067
4.93005
4.95732
3.47848
-0.0251299
-0.17133
-0.152736
-0.132138
-0.120403
0.589999
1.54401
1.26085
0.114647
-0.254382
-0.276181
-0.294704
-0.311934
-0.321068
-0.318585
-0.010986
-0.0917759
-0.0948481
-0.0143648
-0.155537
-0.0900086
0.984625
2.00774
2.00896
0.286799
0.148846
-0.0088756
4.53862
1.88116
1.91142
0.242558
-0.44829
-0.43315
-0.394116
2.95803
4.95769
4.99345
2.27437
-0.121324
0.339676
0.377084
0.594986
0.511464
-0.101889
-0.098873
0.374702
1.21911
-0.209336
-0.228706
-0.255909
-0.278746
-0.303306
-0.320049
-0.140668
-0.0868579
-0.0274605
-0.289723
-0.268205
-0.252814
-0.256637
-0.171844
1.14007
1.91985
0.724462
0.393206
-0.14586
-0.142208
0.386604
0.0892397
-0.117555
-0.0545561
-0.398433
-0.451167
-0.407952
-0.382681
-0.374644
-0.347134
-0.307189
-0.235747
0.457776
0.580691
0.609852
0.213084
-0.0997479
0.0363196
0.375728
-0.0809439
-0.129538
-0.179634
-0.246234
-0.270532
-0.294302
-0.253799
-0.0867135
-0.0804006
-0.293405
-0.285129
-0.268237
-0.259177
-0.260184
-0.23123
0.190728
0.237567
-0.159069
-0.177615
-0.172855
-0.171086
-0.173283
-0.612909
-0.561466
-0.519732
-0.485066
-0.450639
-0.387879
0.374336
0.605119
-0.178879
-0.278771
-0.233685
0.328877
0.59895
0.47139
-0.0451466
0.433947
0.451511
0.247249
-0.0332313
0.886986
1.78767
0.101892
-0.249427
-0.262236
-0.275266
-0.257353
-0.251117
-0.279758
-0.262191
-0.244707
-0.23347
-0.226536
-0.224764
-0.225078
-0.18496
-0.129518
-0.169549
-0.158552
-0.155934
-0.153355
-0.512739
-0.511963
-0.485688
-0.43215
-0.41798
-0.378505
0.985843
1.02582
0.891106
-0.208004
-0.206604
-0.184505
-0.0913178
-0.00755331
-0.152072
0.0185095
-0.0690865
-0.0587957
0.410388
2.40871
2.40606
2.09547
-0.202827
-0.219931
-0.224554
-0.225398
-0.224194
-0.21761
-0.204878
-0.191166
-0.182481
-0.176696
-0.174052
-0.150053
-0.106071
-0.141488
-0.139295
-0.139587
0.0713079
0.423857
-0.227685
-0.389749
-0.397947
-0.387979
-0.144778
0.687389
1.03925
1.05718
1.07879
0.947609
-0.102497
-0.16074
0.014007
-0.00417633
-0.177717
-0.216705
-0.197178
-0.0672466
2.08656
2.45365
2.45082
2.44146
2.41824
0.204948
-0.16799
-0.182619
-0.154508
-0.0700305
-0.146426
-0.150848
-0.146489
-0.10875
-0.0573827
-0.0497351
-0.0653675
-0.0958227
0.240378
0.650113
0.753555
0.754309
-0.12697
-0.336121
-0.323055
-0.334882
-0.336773
-0.274309
0.816905
1.10266
1.11578
1.12917
1.07347
1.09438
1.15038
0.260866
-0.215111
-0.229597
-0.226466
-0.0394361
2.26757
2.49479
2.49924
2.50744
2.51624
2.53117
1.8647
-0.170713
-0.106409
0.0842126
0.0994455
-0.0573557
-0.132317
-0.09521
-0.0358774
-0.0396508
-0.0844269
0.4624
0.783734
0.784386
0.782826
0.783899
-0.0776543
-0.324529
-0.331492
-0.332155
-0.327856
-0.0990448
0.454162
1.14234
1.14768
1.15302
1.16725
1.17605
1.18587
0.1761
-0.244097
-0.242024
-0.243256
-0.220302
0.82694
2.52639
2.54229
2.56352
2.58337
2.60048
2.58043
1.69351
-0.0613936
-0.160072
-0.0795277
-0.09428
-0.126709
-0.124728
-0.111419
-0.100741
-0.120215
0.247643
0.470758
0.397477
0.437308
0.363965
-0.0331116
-0.273465
-0.294477
-0.303347
0.0375399
1.10514
1.10057
1.02916
0.757448
0.709145
0.552044
1.20555
0.824223
0.0272781
0.0131688
-0.0609356
-0.240212
-0.237834
-0.228647
0.417987
2.54003
2.61835
2.61024
1.32308
-0.177007
-0.176147
-0.173298
-0.167201
-0.075718
-0.0160374
-0.116887
-0.112957
-0.109025
-0.108032
-0.107679
-0.1004
-0.0907351
-0.0721908
-0.0732036
-0.0237599
-0.0810097
-0.0357544
-0.263259
-0.163553
1.09414
1.16212
1.15794
0.277115
-0.0743761
-0.0749235
-0.0730893
0.0376281
0.0381928
0.263755
0.275569
0.26676
-0.22697
-0.222634
-0.218584
-0.21279
0.151029
2.27843
0.896988
-0.196897
-0.189119
-0.181232
-0.171319
-0.158617
-0.02313
0.531516
0.641584
0.377501
0.020644
-0.0915528
-0.0926978
-0.0947916
-0.0934556
-0.0911163
-0.0769475
0.778643
-0.0992282
0.0487817
-0.116103
-0.227607
-0.0241497
1.16523
0.686372
-0.0389883
-0.0397631
-0.0363639
-0.032239
-0.0267254
0.0442528
0.288729
0.228664
-0.107603
-0.214861
-0.209328
-0.203778
-0.198289
-0.0679865
0.267939
0.018685
-0.196484
-0.188557
-0.177663
-0.0768715
0.0403776
0.327045
0.68657
0.68504
0.634861
0.493891
0.379831
0.354516
0.471363
0.28403
-0.0686964
0.624125
1.01744
-0.197205
-0.0136907
0.0815725
-0.0781729
0.0203823
0.0711932
-0.0357039
0.421487
0.565804
0.529024
0.104146
0.150473
0.672229
0.242785
-0.197689
-0.203549
-0.20165
-0.198011
-0.193666
-0.189529
-0.132603
0.565078
0.565031
-0.188558
-0.185752
0.0272579
0.760807
0.76632
0.771604
0.729321
0.213514
0.220458
0.223502
0.225568
0.839486
0.933018
0.938374
0.880992
1.02853
1.033
-0.106727
-0.14542
-0.15259
-0.12076
-0.172048
-0.213259
-0.0421073
0.282071
0.330176
0.682673
0.700769
0.698315
0.695176
0.630899
-0.133387
-0.0964246
-0.195166
-0.193621
-0.191991
-0.190016
-0.15764
0.854059
1.21677
-0.182424
-0.154417
0.627834
0.746717
0.753562
0.759843
0.762717
0.665949
0.203222
0.206973
0.194335
0.190908
0.838153
0.950115
0.952823
0.891537
0.859664
-0.0541527
-0.059419
-0.0649672
-0.0689524
-0.0878656
-0.215745
-0.186449
-0.0924535
-0.140315
0.280012
0.71288
0.722884
0.737562
0.74371
1.07767
1.10585
0.361364
0.178376
-0.00569229
-0.182789
-0.181181
0.65843
1.30591
0.586729
-0.191811
-0.175527
0.312689
0.741566
0.741782
0.580563
0.121977
0.412902
0.484646
0.49641
-0.0044625
-0.0173018
0.0995523
0.238907
0.273333
0.276762
-0.172705
-0.169798
-0.166733
-0.187067
-0.218419
-0.228675
-0.224436
-0.219878
-0.216653
-0.216391
0.584244
0.733069
0.738339
0.179324
0.978421
1.13657
1.14177
1.11551
1.05492
0.852488
0.283905
0.21269
1.04942
2.34845
-0.208623
-0.220782
-0.227522
-0.197315
-0.250587
-0.248542
-0.241899
-0.149146
0.429481
0.465868
0.284775
-0.0423518
-0.0356108
-0.0158004
0.446599
0.452641
-0.225905
-0.230306
-0.234093
-0.236365
-0.236973
-0.235376
-0.231907
-0.228359
-0.225556
-0.224423
0.269617
0.744614
0.604858
-0.120115
0.094084
0.683226
0.565657
0.606002
1.13341
1.28491
1.29206
0.270678
0.536017
2.45499
1.47586
-0.199015
-0.216167
-0.206504
-0.190902
-0.247552
-0.247392
-0.244763
-0.236872
-0.167916
0.934872
1.12165
-0.0527247
-0.042334
-0.0409373
0.285662
-0.228543
-0.234196
-0.238835
-0.240887
-0.240938
-0.23916
-0.236153
-0.232648
-0.228861
-0.207399
0.175776
0.350674
-0.0563953
-0.144712
-0.150066
-0.145068
-0.146094
-0.145851
0.260159
1.32963
1.3309
0.619744
0.475757
2.46688
2.77711
-0.0232337
-0.207952
-0.215924
-0.162779
-0.205127
-0.257444
-0.25466
-0.24695
-0.06732
1.2938
1.32693
1.13068
0.00350044
-0.149474
-0.147824
-0.218372
-0.224189
-0.230509
-0.23472
-0.235831
-0.215845
-0.202362
-0.193734
-0.175221
-0.119767
-0.183169
-0.184429
-0.165484
-0.117822
-0.134415
-0.132715
-0.131748
-0.132467
-0.0930094
1.16813
0.797501
0.202813
0.752989
2.80246
2.8041
2.40845
-0.0350869
-0.199861
-0.175657
-0.186392
-0.22122
-0.261093
-0.25472
-0.193896
1.00944
1.33694
1.35203
0.78744
-0.151711
-0.153484
0.264444
-0.202623
-0.209155
-0.214421
-0.191848
-0.183258
-0.183601
-0.211563
-0.197548
-0.178675
-0.206191
-0.180055
-0.100247
-0.0887831
-0.118952
-0.11682
-0.109518
-0.108853
-0.108923
0.00226893
0.0346316
0.167132
2.67148
2.84376
2.84896
2.84624
2.74277
0.249823
-0.208782
-0.198579
-0.199055
-0.235705
-0.239848
-0.228951
-0.0305585
1.34016
1.37731
1.15393
-0.123738
-0.152771
1.00501
-0.176379
-0.183992
-0.189826
-0.190029
-0.169793
-0.193191
-0.198626
-0.19887
-0.198259
-0.196148
-0.148795
-0.0900223
-0.0986464
-0.103451
-0.0943016
0.439847
0.954167
0.64399
1.31807
1.31057
1.2676
2.89841
2.90388
2.90289
2.62922
1.58328
0.0515771
-0.21185
-0.214165
-0.208615
-0.212484
-0.211588
-0.205506
-0.147527
1.30346
1.41312
1.27451
-0.0844244
-0.142569
1.40836
-0.15435
-0.162717
-0.168348
-0.173547
-0.177117
-0.179721
-0.181596
-0.183472
-0.185189
-0.185739
-0.176281
-0.159629
-0.149047
0.372916
1.94633
1.9879
1.94393
1.90582
1.04914
1.33608
0.660901
0.210182
-0.151163
-0.18344
-0.164695
-0.11425
-0.119913
-0.189913
-0.19013
-0.189552
-0.189867
-0.188584
-0.185253
0.27917
1.42693
1.45345
1.15947
-0.0645475
-0.129826
1.64592
0.532209
-0.152784
-0.155496
-0.158989
-0.161575
-0.163984
-0.163883
-0.133856
-0.166895
-0.170465
-0.172773
-0.176106
0.247374
2.01173
2.02
2.01995
1.2019
-0.0840147
-0.0977994
-0.0649448
-0.164037
-0.171569
-0.173745
-0.175365
-0.176834
-0.176451
-0.171432
-0.16859
-0.167836
-0.168665
-0.170985
-0.171366
-0.17132
0.990872
1.46376
1.48859
0.543127
-0.0879577
-0.110884
1.69282
1.53887
-0.0821196
-0.0801119
-0.105669
-0.149206
-0.149807
-0.150411
-0.0772437
0.0822448
-0.1011
-0.155477
-0.165714
-0.0334861
1.49252
2.02716
2.04255
0.420506
-0.134506
-0.146521
-0.142714
-0.139758
-0.167864
-0.164254
-0.157384
-0.154066
-0.155826
-0.152128
-0.149429
-0.113684
-0.0897035
-0.114922
-0.151052
-0.0479241
1.40147
1.48778
0.951802
-0.010149
0.0486315
-0.0748074
1.72117
1.70493
1.70206
1.69409
1.49778
-0.0732865
-0.135
-0.134746
-0.107449
0.170466
0.189642
-0.0408398
-0.11369
-0.124778
-0.0390897
0.254204
0.0950176
-0.0666791
-0.120811
-0.159984
-0.159482
-0.161774
-0.16036
-0.156493
-0.149437
0.519073
0.368581
-0.0988153
-0.133523
-0.105816
-0.100034
-0.125138
-0.136896
-0.13547
0.916336
0.577788
-0.08788
-0.00705024
0.10434
-0.0798707
0.970378
1.19194
0.951047
1.72132
1.71774
0.641746
-0.120528
-0.1127
0.141581
0.207991
0.217679
0.22125
0.0611208
0.00478098
-0.0734472
-0.0923834
-0.101761
-0.103401
-0.102882
0.0410572
0.106829
-0.0263175
-0.136059
0.134877
0.56411
0.569269
0.570846
0.388634
0.406366
0.583619
0.587907
0.125505
-0.127003
-0.12089
-0.119465
-0.121801
-0.0901534
0.108554
0.0990663
-0.094422
-0.0714226
-0.0629781
-0.110733
-0.0607908
-0.093274
-0.109085
-0.110979
0.00305174
0.150307
0.0658038
0.0400591
0.233046
0.237897
0.232186
0.224572
0.213369
0.0395367
0.0635265
0.392128
0.54702
0.544671
0.537294
0.579914
0.582424
0.584462
0.587887
0.590257
0.590615
0.591568
0.594862
0.596981
0.165619
-0.125059
-0.122154
-0.118181
-0.116386
-0.118507
0.117706
-0.00398443
-0.09525
-0.0977165
-0.100314
-0.102868
-0.10551
-0.105864
-0.104065
-0.104811
-0.0830018
-0.0774204
-0.109917
-0.111488
-0.0503004
0.055524
0.0594187
0.0281958
-0.0244159
-0.0352809
-0.0410972
0.0174404
-0.0152409
-0.0688235
-0.0690643
-0.0691631
0.349894
0.594522
0.599792
0.604941
0.605464
0.604649
0.607116
0.579612
-0.0348014
-0.123263
-0.119558
-0.116662
-0.115744
-0.11582
0.108549
-0.00302006
-0.0917687
-0.0874733
-0.0891397
0.0436878
0.07137
-0.0573052
-0.101977
-0.103057
-0.104857
-0.106215
-0.107021
-0.107664
-0.10732
-0.10488
-0.0806582
-0.0742156
-0.0092825
-0.0190685
0.0253661
0.208664
0.232898
0.135336
-0.0255098
-0.0578606
0.391966
0.602934
0.604816
0.606306
0.131477
0.530439
0.532588
0.000488554
-0.120932
-0.119466
-0.11755
-0.115765
-0.114672
-0.113698
0.118636
0.00863503
-0.0882203
0.27544
0.27915
0.301587
0.299175
0.133185
-0.0995424
-0.100517
-0.101799
-0.103198
-0.104906
-0.106992
-0.0717151
0.0510701
0.210805
0.29583
0.328144
0.322263
0.314032
0.00787966
0.17208
0.617635
0.619839
0.617976
0.615043
0.613954
0.613604
0.175484
-0.119739
0.340215
0.164457
-0.113844
-0.1159
-0.114514
-0.109587
-0.0865969
-0.111097
-0.110315
0.131882
0.0263257
-0.0847996
0.313686
0.311611
0.30764
0.30396
0.0526555
-0.0967448
-0.0970406
-0.0990632
-0.101285
-0.103678
0.0236548
0.314074
0.316381
0.274985
0.222006
0.2636
0.205664
0.00453914
-0.139758
-0.139789
0.16927
0.623575
0.620337
0.618959
0.125031
-0.100324
-0.131728
-0.123137
0.251146
0.615135
0.251258
-0.114833
-0.112273
-0.0800008
-0.0745506
-0.105869
-0.106445
0.158966
0.0476438
-0.0814895
0.303174
0.323564
0.292919
0.0703358
-0.0247942
-0.0908753
-0.0938272
-0.0939946
0.0101187
0.257041
0.27267
0.267562
0.00935202
-0.123432
-0.125395
-0.129855
-0.135588
-0.140773
-0.141227
-0.140226
-0.0154396
0.0345642
-0.0991915
-0.130887
-0.139192
-0.134852
-0.128883
0.183801
0.617782
0.621675
0.298977
-0.109656
-0.101794
-0.0730116
-0.0706846
-0.100688
-0.0662867
0.188107
0.0393987
-0.0795988
0.0656376
0.157667
-0.0315784
-0.0904007
-0.0559758
-0.0185327
-0.0199525
0.0096223
0.18818
0.190443
-0.00710583
-0.116886
-0.11804
-0.118939
-0.120382
-0.121642
-0.127953
-0.130879
-0.132111
-0.13289
-0.0806362
0.202934
0.208442
-0.0758815
-0.126165
-0.125006
-0.123609
0.561888
0.627868
0.626748
0.0861268
-0.108298
-0.0906583
-0.0691434
-0.0945281
-0.0923122
0.171992
0.192752
0.0354582
-0.0717877
-0.0774256
-0.0803643
-0.0839612
-0.0868021
-0.0817761
-0.0613851
-0.0616794
-0.00282861
0.0238077
-0.0617101
-0.108623
-0.109581
-0.110838
-0.11263
0.0115302
0.0545198
-0.0934047
-0.123282
-0.125372
-0.127178
-0.12909
0.0228433
0.223427
0.220121
-0.0336268
-0.117212
-0.0666215
0.605913
0.644367
0.190487
-0.0997039
-0.10625
-0.0995426
-0.0858192
-0.0977946
0.0788341
0.197299
0.1974
0.0818358
0.0731327
-0.0697404
-0.0730883
-0.0763355
-0.079815
-0.0828639
-0.0855083
-0.0880936
-0.0699369
-0.0603197
-0.0863372
-0.0984525
-0.0998914
-0.101576
-0.0656915
0.140524
0.137754
0.061161
-0.110003
-0.120387
-0.122456
-0.124101
-0.125589
0.0168937
0.229119
0.0220878
-0.109746
0.572577
0.12813
-0.00245788
-0.104664
-0.103643
-0.10083
-0.0984763
-0.0965733
-0.094443
0.11032
0.0770103
-0.0126676
-0.0380276
-0.0345723
-0.0633378
-0.0672274
-0.0705061
-0.0738045
-0.0769318
-0.0795344
-0.0817018
-0.0550931
-0.048849
-0.0652846
-0.0889727
-0.0912077
-0.0935385
0.0978705
0.149443
0.145293
0.140731
-0.040844
-0.116353
-0.118968
-0.120822
-0.121886
-0.122586
0.184904
-0.0148469
0.033421
0.632371
-0.0959542
-0.0985551
-0.0977845
-0.0957805
-0.0939978
-0.0925293
-0.0719935
0.201097
0.0420924
-0.0665127
-0.0667338
-0.0663319
-0.0658267
0.185747
0.0415331
-0.0609658
-0.0702801
-0.072918
-0.0747488
-0.0455098
-0.040044
-0.041611
-0.0733287
-0.0771289
-0.0599116
-0.0799476
0.155811
0.158967
0.154424
0.149465
0.00637768
-0.110788
-0.112988
-0.114392
-0.114864
-0.101006
-0.0730697
-0.0818959
0.382833
0.636783
0.489512
-0.0880771
-0.0877156
-0.0867842
-0.0856533
-0.0845343
-0.0502211
0.313036
-0.0174924
-0.0615118
-0.0613283
-0.0286593
-0.0429913
0.314114
0.311455
0.309728
0.116377
-0.0645758
-0.058743
-0.0370766
-0.037323
-0.0676918
-0.071829
-0.00710628
0.00653226
-0.0519569
0.0168375
0.168679
0.164037
0.158755
0.0220176
-0.102758
-0.104102
-0.102941
-0.0963794
-0.100935
-0.100988
-0.0921177
0.390476
0.646774
0.649059
0.613353
0.189327
0.0106354
-0.0388234
-0.0750245
0.0175415
0.319621
0.182324
-0.0516344
-0.0551882
0.0248412
0.024693
0.144436
0.197558
0.252375
0.201952
-0.0480571
-0.0633562
-0.0545514
-0.0642878
-0.0667356
-0.00129896
0.053374
0.0134605
-0.0621792
-0.0621744
0.173057
0.17502
0.169338
-0.010661
-0.0944329
-0.0880311
-0.0794839
-0.0790112
-0.0918333
-0.0918163
-0.0906507
0.0670523
0.611018
0.662728
0.667017
0.670504
0.655444
0.186149
-0.0618744
0.307207
0.32314
0.323682
-0.0435179
-0.0499845
0.0308216
0.00015289
-0.0683109
-0.0691836
-0.0686506
-0.0216152
-0.0630259
-0.066018
-0.0640883
-0.0627749
0.0361274
0.0603969
0.0588093
-0.0379413
-0.0574384
-0.0590944
0.0535834
0.18803
0.124077
-0.073395
-0.084993
-0.0731935
-0.0698032
-0.0728735
-0.0840439
-0.0834489
-0.0836015
-0.0827963
0.0363173
0.381506
0.406882
0.294229
0.397525
0.18408
0.301017
0.332998
0.331521
0.141666
-0.0383296
-0.0210634
0.0382313
-0.0352265
-0.0632437
-0.0634363
-0.0634486
-0.0629506
-0.0619669
-0.0612435
-0.0486718
0.049397
0.0617969
0.0585939
-0.048498
-0.0514521
-0.0528538
-0.05452
-0.0185583
0.18606
-0.0604062
-0.0746047
-0.0756368
-0.0650986
-0.0598265
-0.0654414
-0.0741736
-0.073933
-0.0744255
-0.0750762
-0.0753652
-0.0687314
-0.0687071
-0.073617
-0.0663306
-0.031779
0.233341
0.257311
0.0150406
-0.0310106
-0.0317752
0.0584001
0.0392122
-0.0590051
-0.0587803
-0.0566277
-0.0557357
-0.0569955
-0.0568646
-0.0568971
-0.00455901
0.0534692
0.020311
-0.0449093
-0.0524919
-0.0515839
-0.0486376
-0.00575464
0.0204383
-0.0405278
-0.0633414
-0.0653869
-0.066565
-0.0671338
-0.0575616
-0.0517068
-0.0627587
-0.0645989
-0.0658637
-0.0658931
-0.0666937
-0.0672321
-0.0668299
-0.0664693
-0.0664268
-0.0667242
-0.04614
-0.0422647
0.0227863
-0.0242883
0.0370098
0.0683993
-0.019031
-0.0647974
-0.0543207
-0.0522179
-0.0316616
-0.0262089
-0.0500072
-0.0523266
-0.0452588
-0.0462923
-0.0483247
-0.0482009
-0.0482263
-0.0338041
0.0574259
0.322512
0.281404
-0.0513756
-0.0533703
-0.0417821
-0.053388
-0.0588286
-0.0555256
-0.0405713
0.0976059
0.699436
0.891687
0.645286
0.114582
-0.0597531
-0.0567688
-0.0597512
-0.0594824
-0.0591348
-0.0577659
0.202317
0.642309
0.487366
0.166449
0.0705791
-0.041439
-0.0595966
-0.0447342
-0.048157
-0.0312167
-0.0227148
-0.0225011
-0.04225
-0.0428577
-0.0423101
-0.0438934
-0.0435046
-0.0431841
0.020471
0.346182
0.353935
0.352474
0.0610785
-0.0381751
0.0627677
0.0581875
-0.051413
-0.0470892
0.327245
0.959225
0.956442
0.954919
0.954075
0.912192
0.283941
-0.0522954
-0.053458
-0.053461
-0.0521573
0.337935
0.651136
0.65236
0.6358
0.141323
0.0462391
-0.0523886
-0.0542019
-0.00649326
-0.0396545
-0.0434788
-0.0222003
-0.0191651
-0.0357641
-0.018384
-0.0179868
-0.0267153
-0.0394819
-0.0254575
0.296705
0.362248
0.361614
0.360762
0.281952
-0.0173378
0.0632251
0.104062
0.0145462
0.0470747
0.901083
0.97121
0.967047
0.965346
0.96587
0.967504
0.944061
-0.0393706
-0.04629
0.126292
0.408351
0.662779
0.663261
0.592609
0.159905
0.000437012
-0.0339166
-0.0464596
-0.0374894
-0.0018358
-0.0364074
-0.0432084
-0.0430517
-0.0411263
-0.043012
-0.0270555
-0.0144022
-0.0184166
-0.0335845
0.125643
0.370564
0.370125
0.369403
0.368365
0.361814
0.0231257
0.0186611
0.10831
0.0565069
0.061901
0.764908
0.98612
0.983601
0.981791
0.981253
0.981128
0.981289
0.545075
0.0398231
0.394058
0.542035
0.473978
0.15923
0.0228206
-0.0446221
-0.044604
-0.0445942
-0.0362051
0.00761663
-0.025909
-0.0391842
-0.0392767
-0.0393988
-0.0395347
-0.0395884
-0.0375288
-0.0177204
-0.0158493
-0.0246705
0.2131
0.379132
0.378793
0.377694
0.376976
0.193167
-0.00137427
-0.00127394
-0.00197952
0.00762343
0.123309
0.222149
0.946407
1.00206
1.00151
1.00144
1.00074
0.999564
0.571196
-0.0397481
0.0896565
0.125214
-0.0182881
-0.0381571
-0.0385893
-0.0387324
-0.0388503
-0.0386649
-0.0361654
0.0135663
-0.035265
-0.0351399
-0.0348824
-0.0347946
-0.035111
-0.0354323
-0.0355238
-0.0336083
-0.0305221
-0.0264539
0.0356562
0.189084
0.165785
-0.0277839
0.0629444
0.158884
0.0131309
0.00503708
0.0190723
0.0178679
0.0175113
0.03931
0.0895803
0.936106
1.02017
1.02091
1.02032
0.964324
0.00842944
-0.0356615
-0.0333197
-0.0292671
-0.0228144
0.0264269
0.0413942
0.00161224
-0.0207548
0.0543019
-0.0308376
0.0191935
-0.0311135
-0.0308633
-0.030376
-0.030204
-0.0301005
-0.0303179
-0.030411
-0.0303936
-0.0305994
-0.0291898
-0.0285977
-0.0316421
-0.0313042
-0.0311263
-0.0315437
-0.0316552
0.0583653
0.119958
0.120418
0.0964503
-0.0268069
-0.0271241
-0.0232093
0.0598958
0.634948
1.04573
1.04085
0.117977
-0.0337556
-0.033617
0.00861285
0.309494
0.329501
0.329561
0.3295
0.329441
0.32989
0.328722
0.108988
0.013054
-0.0283201
-0.0271323
-0.0261699
-0.0253132
-0.0249462
-0.0247311
-0.0249266
-0.0248132
-0.0249118
-0.0250354
-0.0248733
-0.0256294
-0.0258221
-0.0259231
-0.0262414
-0.026563
-0.0266611
0.0134821
0.104179
0.103627
0.0562321
-0.0244515
-0.0249303
-0.0259079
0.0107976
0.172889
0.182574
-0.0296368
-0.0307236
-0.0332295
-0.00208694
0.305552
0.333397
0.311631
0.0764841
0.0912379
0.188775
0.232724
0.216712
0.0168412
-0.0188363
-0.0191922
-0.0195174
-0.0196433
-0.0193194
-0.0192077
-0.0191528
-0.0193501
-0.0193567
-0.0194903
-0.0196937
-0.0199187
-0.0200144
-0.0201337
-0.0202709
-0.0204107
-0.0204476
-0.0203534
-0.0202737
-0.00766773
0.0544073
0.0688293
0.00881875
-0.0188204
-0.0192923
-0.0195057
-0.0201846
-0.0223275
-0.0254101
-0.0285726
-0.0282198
0.0239413
0.0573677
-0.0293979
-0.0272668
-0.0259596
-0.0253991
-0.0253099
0.0159548
0.000638958
-0.0221272
-0.0194646
-0.0177193
-0.0163949
-0.0154799
-0.0147845
-0.0142301
-0.0139533
-0.0138441
-0.0140086
-0.0141111
-0.0142373
-0.0143366
-0.0143461
-0.0143776
-0.0144676
-0.0144108
-0.014304
-0.0142134
-0.0141622
-0.00403255
0.076305
0.0762034
0.0698311
-0.00161487
-0.0124631
-0.010848
-0.00757576
-0.0111694
-0.0168595
-0.0219401
-0.0229808
-0.0225129
-0.0232839
-0.0217541
-0.0206457
-0.0196914
-0.0189842
-0.0184967
-0.0180388
-0.0081825
-0.00938751
-0.00926474
-0.00913841
-0.00894184
-0.00876844
-0.00862654
-0.00853769
-0.00846733
-0.00839226
-0.0084385
-0.00851808
-0.00867766
-0.00869282
-0.0087236
-0.00869784
-0.00867733
-0.00862384
-0.00856743
-0.0085476
-0.00860622
-0.0086925
-0.00763515
0.00260182
0.00995998
-0.000751624
0.0141958
0.0124499
0.0100875
0.00798403
0.00604513
-0.00592127
-0.0184117
-0.0152547
-0.0102558
-0.0139942
-0.0130348
-0.0122818
-0.0117613
-0.0115251
-0.0163488
-0.0120512
-0.00851754
-0.00648839
-0.00512378
-0.00427525
-0.00371158
-0.00336455
-0.00316616
-0.00306054
-0.00298027
-0.00299743
-0.00299927
-0.00300761
-0.00301309
-0.00301595
-0.00301437
-0.00301222
-0.00303719
-0.0031194
-0.00328876
-0.00361858
-0.00392503
-0.00427671
-0.00415939
-0.00506417
-0.00441287
0.000852888
0.00248158
-0.00203712
0.0104672
0.0115085
0.00605823
-0.00569728
-0.00252586
-0.00621567
-0.00574242
-0.00508184
-0.00466902
-0.00446356
719.469
694.003
658.147
643.945
640.622
637.8
634.402
633.669
635.946
640.64
639.233
628.758
623.083
624.211
630.301
632.886
625.372
625.623
626.054
633.422
645.754
651.781
656.706
662.992
670.859
680.344
688.736
694.03
696.391
696.761
696.627
696.718
696.588
696.883
696.51
696.23
695.145
694.265
692.656
690.583
650.707
612.989
607.077
607.147
608.343
612.673
614.04
618.395
620.045
626.29
646.106
622.652
625.397
627.067
626.454
620.513
623.083
622.9
622.813
625.911
631.827
634.794
641.65
650.322
658.563
671.155
683.245
690.227
693.513
695.374
696.055
696.205
696.08
695.852
695.621
695.2
693.853
692.336
692.23
687.885
636.574
602.093
603.873
604.933
605.885
607.689
611.657
615.842
619.035
621.482
619.931
620.297
622.031
622.934
623.13
620.897
619.28
617.531
616.951
619.674
624.464
628.93
632.319
647.184
657.219
668.262
676.423
683.754
689.105
692.028
693.252
693.754
693.914
694.075
693.992
693.568
693.169
691.737
688.115
686.294
645.349
602.108
601.976
601.562
601.162
601.272
604.859
638.343
647.385
643.081
645.5
653.737
656.466
655.182
651.571
647
640.277
637.8
642.573
638.957
630.064
633.162
646.235
653.984
659.586
668.303
676.954
682.977
687.79
690.438
691.577
691.365
691.634
692.563
692.451
692.168
693.165
692.6
685.966
684.977
657.61
599.828
599.098
598.364
597.522
599.066
650.93
672.746
671.117
666.908
665.854
665.302
663.56
660.331
656.108
651.359
643.83
641.318
643.415
642.62
642.745
646.961
651.827
656.558
663.174
670.387
679.239
684.556
688.374
690.488
689.967
688.881
689.403
689.665
692.544
692.787
692.761
692.38
685.385
684.621
661.472
596.395
595.928
594.947
593.799
611.908
678.301
680.053
678.119
675.647
673.65
671.65
669.637
667.364
664.75
662.154
660.054
658.957
655.771
652.645
653.56
655.574
661.532
669.467
674.416
679.741
683.644
686.068
687.328
687.37
688.15
688.228
688.6
692.282
692.536
692.646
692.37
691.998
690.346
685.579
661.897
593.196
592.569
591.479
590.403
614.766
678.662
686.724
684.237
681.435
679.735
678.607
677.196
674.781
670.889
671.177
670.044
669.542
668.894
663.431
662.815
664.878
667.55
678.298
682.262
685.834
685.855
688.382
689.574
690.105
690.166
691.98
693.789
693.169
692.726
692.296
692.044
690.944
691.072
691.211
678.278
590.483
590.01
588.775
587.417
611.452
671.281
696.679
691.484
676.455
672.473
679.925
684.872
677.625
675.782
674.702
673.36
678.69
678.854
678.496
674.12
673.234
676.494
683.944
686.641
689.55
691.977
693.611
695.211
696.314
696.876
696.809
695.813
694.443
693.235
692.205
691.597
690.317
690.931
692.207
698.067
588.737
588.789
586.91
585.654
683.988
690.013
682.438
671.661
669.635
669.878
674.618
689.352
689.254
688.29
687.519
687.109
685.283
680.062
679.583
684.613
685.757
685.905
686.945
688.902
691.086
692.8
694.715
697.252
699.65
701.459
698.204
692.386
689.755
688.073
685.584
684.672
688.83
691.22
692.5
725.408
587.024
587.616
585.76
661.562
724.159
700.723
672.1
666.897
675.941
691.623
692.684
694.394
696.093
696.487
695.535
688.46
686.252
686.495
685.89
692.809
693.671
681.56
679.866
681.877
694.47
685.256
673.155
684.429
697.06
699.251
695.794
689.922
682.344
668.826
666.95
681.09
688.229
690.16
693.118
735.669
627.078
591.263
601.474
730.577
720.619
690.519
664.23
658.49
681.235
683.246
683.115
688.919
695.718
698.851
697.834
694.982
688.579
696.509
696.204
694.434
692.862
690.327
679.47
662.656
667.596
676.494
667.296
663.662
666.12
684.235
687.586
673.767
646.615
638.996
645.869
664.728
679.772
686.401
693.563
737.365
671.668
648.92
753.799
732.986
709.697
682.136
626.495
598.695
620.614
641.104
646.471
629.652
634.558
686.335
694.715
696.487
701.087
705.876
706.757
703.539
698.788
693.65
662.535
603.686
605.302
605.106
606.465
608.657
637.016
676.518
670.308
644.257
584.56
571.68
555.254
538.127
555.772
601.536
685.563
739.409
646.192
647.3
758.259
749.258
712.869
652.332
582.686
600.887
593.413
540.251
491.248
524.247
549.489
647.109
689.354
653.501
639.226
686.072
689.416
673.595
592.104
572.676
575.929
595.883
612.37
592.095
599.155
650.926
645.543
618.48
605.606
632.46
605.298
572.893
533.872
518.519
525.111
544.721
562.047
756.911
673.423
723.151
805.731
785.147
742.1
628.361
550.564
529.868
510.634
493.209
492.275
503.028
515.033
524.843
542.301
552.293
557.059
569.963
546.486
549.988
552.394
555.48
622.516
672.426
670.137
645.121
645.091
630.899
599.323
567.95
564.794
625.903
636.734
643.616
607.984
508.287
516.662
526.89
538.559
771.889
673.574
714.08
826.374
819.546
772.328
659.847
590.174
575.934
543.466
497.377
492.954
490.731
493.215
497.55
502.597
582.885
657.026
624.835
546.469
539.87
560.504
641.061
653.815
652.098
650.656
649.651
632.24
552.231
542.685
545.325
586.382
637.58
641.571
604.624
500.439
506.76
515.285
524.944
535.139
775.883
663.156
687.915
821.923
823.438
797.408
710.379
633.391
549.948
572.012
553.501
544.075
539.811
567.657
595.91
611.202
618.916
621.01
625.023
629.595
631.714
632.994
632.141
630.819
629.787
625.282
565.525
516.815
521.334
526.256
593.844
625.987
632.079
597.052
485.806
493.538
500.438
576.59
651.523
653.225
777.858
657.92
661.149
783.521
800.066
789.519
745.105
634.209
463.235
381.674
432.314
504.171
532.727
547.473
551.819
550.355
556.353
568.651
583.624
593.527
599.992
604.162
593.621
566.236
575.166
491.755
487.404
494.109
567.142
596.683
595.137
593.959
598.924
608.859
564.236
528.254
620.334
659.268
663.415
626.657
747.571
719.495
637.546
757.485
765.48
750.95
723.113
653.475
465.992
298.248
254.762
241.79
251.609
341.329
400.836
370.77
390.277
514.641
548.31
564.527
577.119
586.335
585.378
465.453
395.756
400.252
536.177
572.379
570.009
566.638
562.418
544.731
489.688
498.701
564.807
586.486
612.65
628.289
526.075
457.46
722.583
725.084
701.106
737.129
732.4
720.563
699.704
666.393
584.991
341.594
217.829
207.606
203.988
210.094
276.475
277.073
214.991
289.964
505.862
552.776
566.686
575.908
578.505
449.776
373.927
358.526
463.619
541.464
541.903
539.774
519.425
358.405
296.431
331.193
499.45
535.774
562.492
548.44
402.875
412.894
690.063
698.177
724.85
715.232
704.205
690.693
674.431
641.627
596.827
439.284
216.076
205.745
204.233
205.232
206.401
213.604
209.641
209.622
303.132
536.898
564.176
572.138
577.588
560.245
384.208
334.427
323.261
316.225
472.23
498.828
327.617
264.522
262.454
253.594
258.778
429.968
504.734
505.118
394.673
367.462
670.514
667.674
687.364
694.688
681.737
665.258
645.375
581.56
514.635
393.946
212.686
207.667
205.652
206.227
208.074
209.989
211.176
211.127
210.194
362.84
560.511
565.842
571.474
576.387
580.138
463.882
316.686
286.821
277.479
261.952
258.483
258.488
253.53
245.909
240.009
243.315
262.642
346.697
432.854
449.08
676.686
668.41
665.946
679.437
668.571
651.06
627.491
533.302
314.338
238.881
214.03
212.171
210.649
210.052
210.592
211.036
211.188
210.174
209.348
212.157
360.411
559.457
552.24
494.502
493.616
513.485
524.828
523.91
520.319
374.038
372.405
282.78
259.937
248.589
246.7
248.754
256.772
269.058
381.034
597.135
687.021
683.962
661.518
675.578
665.692
651.505
634.889
562.339
285.549
221.919
222.133
221.213
218.913
216.591
214.832
212.875
211.097
264.448
409.327
306.004
305.382
429.837
442.724
250.872
227.196
334.125
414.77
484.357
506.677
505.662
496.502
492.606
490.995
462.512
413.011
364.817
319.233
280.773
338.456
604.275
675.442
681.898
675.591
669.8
670.597
663.144
655.025
637.478
450.346
268.703
229.392
227.858
225.191
227.748
277.802
343.32
450.719
566.563
599.858
594.092
446.392
357.658
428.996
245.809
154.475
153.64
153.565
166.667
238.065
313.791
399.428
491.711
583.967
596.31
596.717
598.73
599.23
507.984
527.856
628.097
672.693
682.137
678.236
665.393
665.508
673.997
669.786
664.721
646.479
522.206
406.872
395.977
405.313
492.985
591.544
621.57
615.858
611.327
609.532
604.864
560.582
332.584
344.559
216.833
153.844
152.837
153.242
153.74
154.586
155.586
156.712
169.709
325.373
580.921
616.822
623.36
629.995
636.017
641.537
652.483
675.11
677.146
678.164
672.949
671.003
684.273
682.322
678.899
674.614
668.568
656.282
652.3
651.478
652.326
644.873
637.96
621.696
604.246
583.212
559.672
493.964
311.629
185.844
154.519
153.497
153.193
153.248
153.809
154.722
155.919
157.088
157.762
179.558
509.904
632.876
644.502
654.313
662.872
668.694
674.031
688.505
703.018
687.208
685.278
683.814
698.605
696.589
693.464
689.671
684.887
678.634
671.18
665.287
660.539
638.164
507.831
346.389
290.647
257.666
222.414
223.361
209.871
156.53
154.912
154.75
154.65
154.632
155.274
155.564
156.534
157.515
158.357
180.879
533.118
659.006
670.064
680.655
688.898
695.144
698.53
721.473
721.419
703.562
702.467
716.578
716.156
713.063
709.024
704.327
698.942
692.637
685.345
678.284
669.991
475.36
202.712
164.307
162.003
160.697
159.763
158.855
158.159
157.358
156.739
156.493
156.251
156.48
156.66
157.218
157.871
158.612
159.448
343.212
660.58
694.3
689.882
691.787
718.593
723.047
722.235
737.598
737.89
732.057
728.151
735.403
733.271
729.89
725.726
720.728
714.654
707.712
700.802
694.418
685.496
362.127
164.551
162.872
161.786
160.881
160.274
159.652
158.986
158.495
158.187
158.406
158.26
158.151
158.413
158.991
159.793
160.765
206.332
600.037
711.541
730.142
719.393
672.458
746.86
751.716
706.567
752.208
739.841
753.834
753.641
751.056
747.387
743.65
739.613
734.825
728.624
721.346
714.243
707.198
700.026
486.34
170.156
162.373
161.573
161.125
160.69
160.212
159.811
159.579
159.466
159.438
159.624
159.923
160.385
161.272
162.276
175.388
529.429
726.708
747.112
761.625
748.316
695.622
773.358
762.117
686.389
731.511
732.89
732.947
768.535
766.928
763.832
759.332
753.474
747.047
739.814
698.735
701.802
717.926
712.185
702.569
619.248
442.372
204.57
161.447
160.762
160.408
160.482
160.625
160.807
160.962
161.326
161.603
162.045
162.814
190.138
526.935
740.458
759.113
774.88
786.761
772.848
706.151
693.57
728.46
532.391
756.973
749.479
739.718
739.805
763.944
776.093
772.701
767.948
762.842
741.492
650.96
638.494
627.708
687.279
714.775
709.775
680.743
552.983
467.57
455.554
439.612
378.773
226.335
161.914
162.103
165.266
173.903
181.066
386.094
729.507
757.425
770.2
782.537
793.884
794.215
747.111
719.155
575.775
620.994
404.107
775.811
776.332
758.931
743.915
744.419
744.529
766.056
779.087
775.034
768.964
668.69
644.732
635.196
625.488
660.821
617.651
583.249
582.617
673.706
739.054
750.154
747.364
723.204
651.301
480.745
498.661
673.201
762.117
764.009
767.976
771.854
776.055
784.464
778.365
769.806
747.391
645.839
533.579
538.521
369.847
780.046
780.8
781.392
754.383
747.615
751.945
782.103
785.891
782.216
774.66
746.099
738.531
735.186
689.548
599.643
591.678
590.427
587.706
687.961
750.173
755.543
759.887
764.804
771.355
779.633
785.558
787.153
782.913
780.227
779.683
758.126
730.316
730.915
748.545
758.266
753.007
649.083
497.992
595.606
340.668
775.358
779.622
782.652
755.982
754.197
776.01
786.731
786.44
780.977
772.995
762.151
739.789
727.497
721.208
719.888
667.504
608.108
685.504
746.525
752.552
759.541
767.416
775.584
783.653
790.376
793.228
791.934
788.527
746.753
716.509
713.262
725.185
751.295
749.336
745.057
737.885
642.835
359.949
659.334
661.368
622.818
619.762
715.826
773.501
772.615
768.94
776.139
777.159
765.366
749.325
725.47
682.468
635.118
608.834
630.633
708.243
729.704
738.362
746.59
754.475
761.349
767.92
774.699
781.861
789.892
794.949
794.944
770.914
722.855
720.168
747.311
759.682
753.228
703.6
546.323
602.544
433.418
247.679
607.67
749.073
708.259
605.778
606.881
646.956
714.557
774.443
785.382
772.093
753.216
729.184
588.326
219.059
163.668
171.731
293.497
666.644
731.276
739.794
746.435
752.563
758.607
764.668
771.149
778.979
788.033
793.076
793.858
793.813
780.596
778.311
767.474
763.969
758.056
582.109
203.539
207.027
188.465
194.824
558.423
782.895
798.141
726.526
607.413
607.621
627.572
794.347
791.543
775.848
754.078
661.529
318.845
161.539
162.402
166.508
170.685
384.846
726.375
747.478
751.637
755.089
758.447
761.06
765.012
772.526
781.217
785.789
787.86
790.304
792.076
783.628
766.626
767.265
769.889
602.878
184.524
187.105
187.901
270.763
747.626
810.604
803.892
801.714
799.923
796.851
798.32
785.222
733.25
710.815
750.067
715.751
519.55
175.366
168.789
171.13
173.619
176.077
411.348
537.33
605.211
617.971
584.068
465.46
388.499
468.606
528.271
475.83
571.148
725.419
677.376
680.727
764.137
774.375
784.846
673.216
188
188.831
188.33
741.663
820.813
822.025
813.409
810.713
805.896
796.825
708.834
352.586
173.225
180.33
455.234
603.895
618.564
620.693
529.974
232.899
177.793
179.539
182.734
192.52
215.309
235.914
236.725
219.336
213.12
207.941
211.223
214.836
230.722
277.556
284.337
366.225
732.123
786.813
802.049
808.162
247.119
222.3
626.847
820.833
819.284
819.602
814.475
803.543
763.786
695.944
227.099
5.31962
2.02302
1.68097
1.75864
123.892
535.386
645.648
645.602
637.241
597.968
555.579
554.21
471.625
336.076
319.686
327.655
334.646
241.53
210.951
212.476
212.858
287.427
359.31
411.547
668.46
782.047
790.776
800.999
806.153
589.248
226.445
805.991
804.557
804.444
808.041
817.915
814.703
715.663
595.494
156.074
1.68327
1.45335
1.40232
1.38908
1.43341
2.58555
254.674
562.876
566.135
393.056
402.095
448.487
403.436
311.491
242.228
289.941
334.407
377.844
346.629
374.339
483.046
502.877
500.624
498.676
376.545
305.115
586.682
789.504
791.946
790.671
442.805
605.545
619.056
530.706
586.026
820.63
814.846
595.969
341.105
53.6033
1.66771
1.34493
1.30478
1.27443
1.25505
1.32318
2.07159
124.351
225.766
181.327
142.228
141.46
137.944
137.474
141.969
148.64
163.611
285.187
306.07
298.36
337.938
252.192
108.597
103.818
102.597
102.672
123.852
470.586
796.189
791.078
780.439
719.487
442.496
150.687
77.1625
816.451
758.827
76.0451
46.2367
2.01849
1.17418
1.18739
1.17698
1.15669
1.16697
1.22916
1.26281
33.6638
151.311
185.691
184.172
177.515
96.3135
103.557
140.705
159.929
273.68
410.563
414.042
313.814
150.842
120.628
116.475
101.569
101.154
100.542
100.849
122.17
250.86
575.962
787.553
766.064
707.635
513.178
77.1738
577.478
355.102
2.05104
1.50554
1.13035
1.05422
1.03666
1.03178
1.16065
1.87033
1.43919
1.20913
1.08378
0.941263
1.04575
1.78193
19.5762
86.9738
198.546
315.237
404.961
414.652
414.82
417.153
417.828
417.297
416.884
398.708
147.132
155.317
206.958
206.122
142.929
144.867
173.086
371.136
574.648
631.546
434.504
58.6321
489.329
91.3519
2.24656
1.31587
1.13696
1.05649
0.993308
0.99345
1.81662
2.25429
2.20938
1.95197
0.893201
0.865672
0.848878
0.842023
0.826621
0.788518
0.736588
0.674696
0.656638
26.1977
110.606
140.43
150.618
166.963
152.153
193.358
183.698
197.675
212.09
212.355
210.374
195.03
105.963
48.5234
77.5762
60.1891
2.21418
3.25784
581.932
122.447
2.99917
1.15861
1.1024
1.03708
0.980887
0.965888
2.22225
2.23483
2.18844
1.56225
0.861631
0.851656
1.09912
1.24271
0.876242
0.947237
0.957784
0.661796
0.654973
0.65069
0.633684
0.624575
0.621036
0.622391
0.625902
0.645296
0.661557
6.35349
17.4986
23.4249
1.39152
4.30353
10.1111
3.22079
2.02528
1.88502
1.88089
1.7758
609.517
330.192
50.0681
1.10198
1.06949
1.0187
0.959304
1.04622
2.2561
2.2208
1.84746
0.829006
0.828505
0.825577
1.28957
1.31868
1.30869
1.28272
0.95157
0.661543
0.647563
0.653804
0.894401
0.983828
0.978018
0.913455
0.634424
0.63791
0.640449
0.638967
0.902001
1.00746
1.27986
1.59131
1.77657
2.93957
6.01837
5.76301
4.35606
7.75131
355.614
217.665
149.239
24.0915
1.09841
0.864079
0.8077
0.894338
2.14495
2.20241
0.901113
0.793908
0.819621
0.79585
1.13836
1.24884
0.648436
0.642433
0.634025
0.629599
0.630124
0.783968
1.00693
0.998724
0.982365
0.712702
0.598762
0.603709
0.604758
0.60384
0.614381
0.665739
0.780837
2.25771
5.82052
6.07186
6.1076
6.21636
5.32159
1.37985
0.347702
0.345869
0.358203
10.1289
11.1063
3.98919
0.45572
0.645837
1.82759
1.8275
0.766257
1.49929
1.52123
1.37601
0.961677
0.754414
0.629025
0.629272
0.625549
0.674197
0.729388
0.749071
0.996432
0.874953
0.605277
0.582873
0.585502
0.580782
0.594202
0.929738
1.06158
1.07502
0.827246
0.635274
0.644879
0.713586
1.05227
1.42618
1.54297
1.47928
0.287848
0.254936
0.213991
2.79912
11.3123
3.08968
0.332372
0.416509
1.70333
1.17544
0.534201
0.969505
1.43421
1.47233
1.50217
0.740826
0.607857
0.610475
0.620116
0.776188
0.782009
0.769492
0.751764
0.57827
0.553096
0.548198
0.659748
0.712764
0.722134
0.729573
0.654858
0.587954
0.603878
0.627423
0.650636
0.693086
0.753439
0.847073
1.06093
1.44117
0.573333
0.441767
0.320372
1.17056
7.79915
1.24496
0.188301
0.336699
1.6443
0.523427
0.416069
0.430776
0.780623
1.41031
1.47127
1.09374
0.823419
0.587367
0.586884
0.67675
0.757789
0.747948
0.64844
0.533282
0.521354
0.532674
0.686059
0.689549
0.689497
0.688242
0.702214
0.717157
0.622582
0.594632
0.615148
0.638051
0.675206
1.01077
2.12042
2.30975
0.9201
0.875548
0.748577
0.310485
0.419715
0.550782
0.242659
0.309212
0.50326
0.334258
0.351322
0.37104
0.399406
1.01309
1.26517
0.686769
0.905115
0.66076
0.558636
0.552025
0.633825
0.719419
0.664961
0.502924
0.486616
0.479105
0.514554
0.523125
0.495486
0.494117
0.510147
0.527354
0.540854
0.555944
0.568576
0.577624
0.603082
1.52821
2.06091
2.13378
1.06772
1.05996
0.857981
0.411409
0.396784
0.401702
0.40346
0.386715
0.353956
0.347775
0.350171
0.366402
0.396468
1.03031
0.686462
0.590089
0.671971
1.07422
0.56467
0.526551
0.516295
0.56746
0.634297
0.494611
0.451995
0.441271
0.436098
0.437918
0.446542
0.460291
0.531386
0.789783
0.934293
0.682053
0.529194
0.522904
0.518552
0.745852
1.84009
1.9678
1.16411
1.1626
1.16778
0.904611
0.522969
0.520013
0.507152
0.479471
0.440464
0.415666
0.405622
0.409484
0.492569
1.38659
0.830203
0.56985
0.577034
1.0503
1.19264
0.559674
0.489061
0.470331
0.463116
0.452789
0.421365
0.411979
0.408267
0.411267
0.419997
0.436424
0.933673
1.43313
1.49356
1.49936
0.674178
0.482015
0.474426
0.4623
0.589031
1.02807
0.702412
0.933761
1.2113
1.07909
0.749276
0.754325
0.558736
0.525464
0.50272
0.481191
0.467185
0.463025
0.591501
1.49451
0.735402
0.545897
0.550405
0.883003
1.18331
0.965708
0.465853
0.440442
0.422719
0.407902
0.3964
0.388714
0.386232
0.389789
0.39623
0.49759
1.81794
1.72447
1.33884
1.08804
0.642482
0.452078
0.447192
0.438376
0.42675
0.41396
0.515441
0.514848
0.721629
0.997219
0.590035
0.697463
0.543333
0.53905
0.528511
0.514992
0.504023
0.496928
0.971359
1.52926
1.21062
0.525173
0.525758
0.765607
1.17937
1.18075
0.6229
0.412848
0.400426
0.390172
0.382098
0.377112
0.376081
0.378075
0.381232
0.550344
2.45693
1.76543
0.597053
0.441517
0.438405
0.435198
0.430122
0.423367
0.416135
0.407864
0.514835
0.516462
0.524264
0.642925
0.54296
0.544556
0.544865
0.542119
0.53569
0.52608
0.516767
0.594474
1.49931
1.52453
1.51774
0.73457
0.499524
0.806898
1.16765
1.16371
0.946859
0.400759
0.383525
0.378528
0.374579
0.37273
0.373325
0.376019
0.380759
1.54155
2.46267
2.46794
1.42341
0.470878
0.424516
0.421339
0.416227
0.410462
0.417523
0.398238
0.509566
0.86197
0.688426
0.640818
0.706582
0.694754
0.865199
0.817702
0.59835
0.551696
1.0994
1.53833
1.52397
1.51492
1.50372
0.750084
0.457495
0.832673
1.15133
1.14882
0.920629
0.377757
0.367139
0.367332
0.366605
0.366605
0.36747
0.36892
1.04536
2.46109
2.47563
2.48754
2.49776
0.762355
0.419553
0.411276
0.599529
0.667276
0.436411
0.387904
1.24906
1.24484
1.10129
0.529921
0.708727
1.4771
1.55349
1.55688
1.55313
1.5482
1.54302
1.52555
1.51035
1.49556
1.15671
0.433247
0.414271
0.661087
1.14248
1.142
0.68547
0.348878
0.350292
0.353322
0.354879
0.356247
0.357173
0.375008
2.3238
2.49619
2.50266
2.50888
2.15898
0.653871
0.643542
0.88786
1.62167
1.20958
0.38892
0.377705
0.925164
0.619306
0.481826
0.479319
0.430065
0.414799
0.621017
1.49365
1.52154
1.50974
1.24918
1.50469
1.50061
0.817494
0.396838
0.383075
0.38483
0.385564
1.10128
1.14251
0.435007
0.331943
0.335608
0.339014
0.340845
0.341549
0.341251
0.917324
2.51279
2.52289
2.52771
2.52774
0.748711
0.811067
1.61279
1.61995
1.61688
0.942392
0.360297
0.361032
0.388377
0.391379
0.394997
0.394819
0.388117
0.377245
0.363293
0.348993
0.354845
0.52858
0.402367
0.428813
1.03771
0.724297
0.367686
0.365844
0.366786
0.366501
0.717567
0.798852
0.391198
0.320358
0.32297
0.324765
0.324916
0.322758
0.319645
0.473888
1.82472
2.53781
2.53842
0.952799
0.727757
1.59943
1.61125
1.43936
0.619361
0.341127
0.343734
0.344553
0.366143
0.366502
0.462167
0.452547
0.363149
0.341165
0.330843
0.320804
0.312223
0.305323
0.303592
0.302671
0.326768
0.637027
0.641979
0.372991
0.354201
0.355021
0.355525
0.357885
0.406749
0.470769
0.57779
0.533852
0.384283
0.306714
0.303589
0.297628
0.295121
2.00194
1.21734
0.338959
0.76241
1.3923
1.62788
0.495122
0.330827
0.331317
0.333346
0.333815
0.346369
0.459792
0.956022
0.614314
0.316002
0.305661
0.296281
0.288081
0.281699
0.278071
0.277971
0.278766
0.279666
0.469746
0.623754
0.609371
0.343078
0.343701
0.345699
0.34784
0.347968
0.617138
0.664719
0.67319
0.672825
0.467901
0.293211
0.290153
0.537301
0.746274
0.473033
0.300325
0.363897
0.32698
1.28453
0.545276
0.596494
0.426714
0.322781
0.477939
0.326983
0.653701
0.938072
0.488033
0.283489
0.273826
0.264183
0.255819
0.249686
0.261546
0.278141
0.269253
0.256932
0.260688
0.486225
0.821612
0.574061
0.328484
0.332339
0.33561
0.337433
0.364374
0.632447
0.663746
0.663967
0.664618
0.398885
0.284856
0.300274
0.622103
0.377176
0.293531
0.28673
0.282422
0.338659
1.4293
1.46277
1.3959
0.593747
0.87435
0.310688
0.631738
0.927623
0.271965
0.262728
0.252328
0.241846
0.232737
0.228004
0.253218
0.253128
0.256058
0.241067
0.242273
0.2905
0.816275
0.857265
0.41356
0.31866
0.322225
0.326031
0.327885
0.337556
0.642952
0.668211
0.670182
0.415318
0.291497
0.332989
0.600596
0.493631
0.287199
0.279437
0.272792
0.267585
0.397218
1.20022
1.73621
1.77458
1.54248
0.302928
0.435738
0.871281
0.261565
0.252692
0.241167
0.229519
0.219458
0.225181
0.238559
0.237529
0.240926
0.222364
0.229193
0.239577
0.800054
0.851215
0.767224
0.321591
0.315745
0.319513
0.322109
0.324994
0.354496
0.640648
0.551695
0.315469
0.306909
0.397496
2.51423
1.05054
0.286107
0.277895
0.271745
0.267141
0.2649
0.26467
1.13828
1.81676
1.81441
0.324377
0.478361
0.321077
0.260664
0.25084
0.238939
0.22675
0.215558
0.227531
0.225673
0.201908
0.205923
0.21191
0.222467
0.300259
0.838751
0.849512
0.786534
0.309503
0.308661
0.311185
0.316502
0.324863
0.328391
0.332329
0.320554
0.321932
0.327904
2.06878
2.8084
2.58186
0.533184
0.278364
0.272783
0.269619
0.268219
0.267464
0.269721
1.51977
1.84155
1.73341
1.88054
0.29418
0.262294
0.254447
0.244308
0.233101
0.222185
0.2123
0.20599
0.203608
0.205527
0.211839
0.231116
0.700095
0.847772
0.852928
0.718196
0.312171
0.306142
0.335283
0.69848
0.5588
0.330446
0.315868
0.326536
0.394118
2.27584
2.82051
2.8161
2.80544
1.22415
0.276078
0.26997
0.268669
0.269225
0.270701
0.272532
1.2514
1.86581
2.54922
2.54323
1.18622
0.279
0.263409
0.254562
0.243971
0.233612
0.234705
0.2438
0.286317
0.281943
0.222022
0.24722
0.656853
0.858814
0.861742
0.864153
0.70435
0.729438
0.782709
0.808513
0.809316
0.3323
0.29862
0.604686
2.51835
2.84494
2.83682
2.82535
1.33189
0.308944
0.278797
0.275457
0.328656
0.312371
0.272953
0.278567
1.65643
1.8952
2.56857
2.5663
2.55115
1.30796
0.712418
0.780342
0.4453
0.24575
0.355358
0.42033
0.420627
0.416848
0.253154
0.255599
0.262096
0.393718
0.655806
0.869838
0.87132
0.649228
0.805311
0.80578
0.663179
0.293255
0.269668
1.50848
2.84063
2.84797
2.84504
1.33132
0.861125
0.869519
0.877727
0.879136
0.871906
0.507688
0.275912
1.50679
1.91542
1.91347
2.527
2.00089
2.43725
2.45059
2.42402
1.27152
0.766015
0.426992
0.358549
0.376826
0.426314
0.355602
0.257933
0.260656
0.388023
0.541245
0.569121
0.42732
0.443323
0.449683
0.562001
0.634636
0.330579
0.262769
0.248982
0.714595
1.78295
2.86449
2.65264
0.830797
0.810711
0.868104
0.590826
0.336596
0.388823
0.277991
0.699785
1.91948
1.92013
1.91776
0.487493
0.354942
1.00171
2.46347
2.46992
1.58738
0.943814
1.48433
1.48142
0.921896
0.36231
0.359175
0.468833
1.30145
1.30267
1.30134
0.999755
0.430823
0.432272
0.527894
0.326908
0.295061
0.281981
0.26904
0.252746
0.234263
0.231143
0.680361
0.712668
0.424225
0.721118
0.426724
0.250966
0.252953
0.254703
0.25749
0.56014
1.92031
1.92636
1.86845
0.334435
0.332787
0.329491
2.10335
2.45645
1.34847
1.01374
1.46981
1.48114
1.4804
1.40779
1.08199
1.29788
1.30746
1.3181
0.855314
0.628473
0.794383
0.803426
0.806154
0.801849
0.4959
0.405552
0.380089
0.304799
0.244228
0.225796
0.210134
0.198656
0.202325
0.334742
0.433835
0.258108
0.248512
0.248572
0.248132
0.246306
0.833348
1.66066
0.748951
0.743327
0.500808
0.272524
0.575548
1.52327
0.74599
0.418541
0.723953
0.547116
0.399842
0.353746
0.39709
0.331639
0.343113
0.383705
0.532481
0.410429
0.431461
0.496948
0.543953
0.458069
0.896883
1.00926
1.03458
1.04115
0.83263
0.261738
0.198705
0.197975
0.203753
0.198652
0.206755
0.264471
0.248751
0.241771
0.240388
0.238363
0.23645
0.278122
0.238902
1.19282
1.12331
0.212064
0.206268
0.21251
0.240063
0.191977
0.185151
0.187294
0.188348
0.187127
0.224114
0.368339
0.346438
1.12613
1.52216
1.52778
1.04557
0.271446
0.252315
0.24143
0.247125
0.39383
1.02783
1.02649
1.02134
0.714908
0.196337
0.186899
0.188085
0.189138
0.190668
0.29774
0.331323
0.235257
0.232923
0.231128
0.229551
0.228533
0.229244
1.18978
1.18652
0.59773
0.201771
0.199179
0.193294
0.189411
0.184783
0.182167
0.180868
0.178986
0.278782
0.869373
1.3352
1.46972
1.49589
1.49871
1.4945
1.49426
0.912939
0.181256
0.176977
0.177374
0.709992
1.01754
1.01094
0.958105
0.224681
0.169922
0.173832
0.178656
0.181047
0.298786
0.426428
0.257999
0.224039
0.222461
0.221011
0.219679
0.264872
1.09665
1.1807
0.709124
0.285602
0.505645
0.456662
0.514435
0.320629
0.396893
0.497931
0.497413
0.477289
0.163503
0.153183
0.150207
0.583231
1.20491
0.830277
0.675351
0.360522
0.151102
0.153723
0.157024
0.572484
1.01505
1.00552
0.703082
0.17154
0.154714
0.161462
0.166849
0.169087
0.364018
0.41622
0.289962
0.213889
0.213014
0.212091
0.21165
0.96465
0.395928
0.292414
0.261915
0.701261
0.704519
0.704187
0.721336
0.717493
0.560451
0.166647
0.151775
0.148017
0.145762
0.143108
0.13977
0.133961
0.125862
0.123244
0.12291
0.126825
0.133447
0.137791
0.14049
0.379201
0.965498
0.580224
0.201449
0.14078
0.145524
0.150921
0.154355
0.217697
0.404589
0.404443
0.376467
0.204013
0.203034
0.202072
0.651252
1.29348
0.152042
0.152326
0.219175
0.171412
0.196226
0.327066
0.244252
0.217778
0.157478
0.14739
0.144863
0.146757
0.142115
0.136927
0.133695
0.129732
0.126006
0.123735
0.123143
0.124399
0.129534
0.141945
0.148104
0.179062
0.209055
0.136803
0.134365
0.138197
0.141242
0.143524
0.143804
0.349399
0.394912
0.393246
0.391064
0.199888
0.19521
0.483592
1.29454
1.28671
0.144518
0.144798
0.146547
0.165921
0.705111
0.952986
0.902805
0.669572
0.273534
0.140439
0.142586
0.141537
0.136252
0.130162
0.128488
0.126558
0.124691
0.123401
0.122912
0.123268
0.128693
0.148159
0.162217
0.162565
0.167634
0.136168
0.139196
0.139957
0.219524
0.272983
0.157552
0.358059
0.386204
0.38433
0.335577
0.174875
0.277852
1.27514
1.29513
1.28682
0.135735
0.135804
0.136151
0.258705
0.949457
0.948969
0.947546
0.944748
0.599236
0.127028
0.127342
0.130864
0.130427
0.126611
0.123329
0.12255
0.121874
0.121467
0.12126
0.121149
0.121461
0.129612
0.185284
0.50272
0.608615
0.557736
0.458998
0.522027
0.529636
0.436577
0.14626
0.182348
0.212044
0.308697
0.184056
0.157953
0.25779
1.26932
1.07185
1.07219
0.125932
0.125592
0.125743
0.578231
0.948815
0.948277
0.946578
0.944288
0.572294
0.119538
0.119421
0.121067
0.122184
0.131343
0.131412
0.130098
0.118525
0.118745
0.118781
0.118185
0.116552
0.114441
0.289106
0.600787
0.602865
0.604813
0.605291
0.603175
0.377061
0.207786
0.129126
0.127901
0.345066
0.161732
0.147822
0.146379
0.235535
0.620512
0.37888
0.387542
0.118508
0.114213
0.123015
0.722445
0.946412
0.946102
0.945586
0.923688
0.193208
0.115544
0.164402
0.220351
0.143324
0.11334
0.113608
0.114189
0.114653
0.115079
0.1155
0.114821
0.113122
0.110267
0.14378
0.351982
0.578195
0.597442
0.598342
0.594748
0.174019
0.121672
0.120734
0.248153
0.43717
0.154789
0.140642
0.138258
0.172362
0.131074
0.346968
0.812426
0.110343
0.103685
0.101356
0.630523
0.942375
0.943803
0.945429
0.912395
0.174584
0.111969
0.3335
0.482154
0.485111
0.486334
0.489872
0.491019
0.491921
0.325148
0.148648
0.111264
0.109114
0.106157
0.102951
0.101207
0.134657
0.377448
0.596704
0.597599
0.397575
0.11874
0.219079
0.429289
0.4285
0.352448
0.138157
0.133575
0.125602
0.120673
0.800253
0.979741
0.101087
0.0952214
0.092654
0.0988498
0.861405
0.943991
0.94479
0.947271
0.750147
0.0964272
0.100977
0.090485
0.0905632
0.092314
0.0942104
0.229227
0.502363
0.575442
0.575399
0.570974
0.324333
0.1241
0.0967943
0.0943628
0.0917924
0.0922313
0.221254
0.436271
0.341249
0.152535
0.369369
0.424357
0.424045
0.422702
0.316556
0.208711
0.120023
0.114584
0.825968
0.988513
0.0958591
0.0909552
0.0893399
0.0871756
0.0880632
0.294978
0.942463
0.947606
0.796897
0.10998
0.0866758
0.0825985
0.0801752
0.0810092
0.0821106
0.0835471
0.0848307
0.0872103
0.0858474
0.519856
0.831741
0.83625
0.778961
0.223452
0.0815282
0.0831187
0.0825858
0.0909562
0.0951789
0.141998
0.22291
0.377353
0.420984
0.338846
0.214022
0.256678
0.133017
0.11083
0.322381
0.728357
0.550215
0.497112
0.278271
0.0881624
0.0852172
0.0839959
0.148641
0.154252
0.238395
0.752609
0.470854
0.0775594
0.0713542
0.0713817
0.0745099
0.0796582
0.0738535
0.0726435
0.0724386
0.450029
0.828037
0.825409
0.824675
0.82528
0.236379
0.0707196
0.0731697
0.0748081
0.075246
0.0811065
0.0900201
0.15357
0.167009
0.125509
0.122807
0.256909
0.16184
0.105132
0.0957855
0.103892
0.710775
0.710646
0.708915
0.705066
0.700542
0.582892
0.738219
0.738368
0.737272
0.737274
0.665795
0.114541
0.0629448
0.0636265
0.0786114
0.0743696
0.0630463
0.0618215
0.201856
0.827365
0.820303
0.816591
0.817054
0.785655
0.159121
0.0605058
0.0641798
0.066479
0.0672482
0.073625
0.123959
0.111043
0.0810022
0.0794201
0.115903
0.253392
0.238643
0.106606
0.091945
0.0925239
0.339796
0.207426
0.173891
0.176992
0.13802
0.101567
0.222505
0.678728
0.72749
0.725858
0.727197
0.334962
0.0572365
0.0597399
0.0736557
0.064715
0.0541836
0.0638326
0.226976
0.686511
0.82483
0.516084
0.420125
0.185717
0.0574799
0.0542854
0.0693388
0.0655208
0.0873292
0.127233
0.131951
0.131481
0.0876192
0.0586393
0.0603856
0.190916
0.231731
0.207785
0.0995604
0.0784808
0.0516196
0.0519251
0.0515947
0.0510846
0.0499125
0.0480906
0.0448863
0.0408048
0.26129
0.293352
0.207527
0.0777357
0.0552664
0.0973229
0.0628112
0.0456855
0.0450043
0.0509168
0.106164
0.135178
0.123115
0.045882
0.0377788
0.0413078
0.0522499
0.0753666
0.079304
0.0810921
0.0922308
0.127274
0.127241
0.109605
0.0616038
0.051573
0.051695
0.0519916
0.164209
0.187079
0.0845716
0.075152
0.04631
0.0458892
0.0502611
0.118589
0.0769866
0.0417808
0.0394624
0.0367562
0.034569
0.0344413
0.0496738
0.0752164
0.0999608
0.0899383
0.036748
0.0373358
0.0373225
0.0383745
0.0443361
0.0449699
0.0360946
0.0349764
0.0365511
0.0387633
0.0482021
0.0628336
0.0658477
0.0619144
0.0619993
0.0890265
0.0830003
0.0542414
0.0445403
0.0444479
0.0441666
0.0439024
0.0558084
0.0594182
0.0621255
0.185265
0.0717788
0.0416965
0.182739
0.344939
0.292593
0.0655511
0.0362263
0.0345203
0.0719601
0.0943958
0.0938196
0.0941954
0.0948004
0.0411729
0.0292625
0.0297685
0.0299399
0.029854
0.0313791
0.0393612
0.0307823
0.0314074
0.0329419
0.0347409
0.0370908
0.0380817
0.0421427
0.0579951
0.0638183
0.0617937
0.0511921
0.0377257
0.0369543
0.0368935
0.0365182
0.0371874
0.0379594
0.0384956
0.119951
0.274332
0.0796273
0.0482979
0.312878
0.339872
0.338582
0.307153
0.0775126
0.030142
0.055252
0.0910523
0.0906758
0.0695664
0.0401807
0.0220443
0.0224107
0.0226345
0.0226962
0.0230883
0.0319535
0.0344043
0.0339313
0.0256696
0.0272307
0.0287825
0.0301131
0.0311549
0.0459865
0.0571192
0.0570218
0.0436188
0.0325427
0.0304132
0.0299417
0.029491
0.105472
0.0365043
0.0327674
0.0881991
0.264309
0.26494
0.0742013
0.0402201
0.229921
0.336418
0.335694
0.334402
0.323863
0.0263748
0.0175084
0.0223072
0.0242298
0.0182968
0.0160108
0.0160812
0.0160179
0.0158645
0.0156659
0.0156844
0.0233737
0.0275824
0.0256914
0.0231702
0.0221282
0.0222587
0.0241594
0.0359146
0.0468244
0.0472918
0.0335816
0.0250112
0.0244504
0.0240632
0.0236053
0.0416816
0.131528
0.0455883
0.030465
0.219261
0.259903
0.257276
0.0715679
0.0286746
0.0243968
0.198002
0.333
0.332828
0.330983
0.160848
0.0118076
0.0116059
0.0113613
0.011124
0.0107842
0.0102643
0.00964697
0.0090524
0.00865261
0.00860145
0.00960355
0.011563
0.0122553
0.0138423
0.0199881
0.0206569
0.0273269
0.0396979
0.0404402
0.0270317
0.0189501
0.0189448
0.0187888
0.0185134
0.0181254
0.0385112
0.126355
0.115155
0.0273735
0.140845
0.260054
0.159637
0.0523752
0.0288257
0.0196608
0.0188583
0.0865499
0.29613
0.131518
0.00786831
0.00802564
0.00764267
0.00711315
0.00631788
0.00523446
0.00406678
0.00296037
0.00212555
0.00169542
0.00177225
0.00246991
0.00372246
0.0592497
0.0739559
0.0226709
0.0154563
0.0286519
0.0344083
0.0313528
0.0145155
0.0137095
0.0138507
0.0139232
0.0137311
0.0135316
0.0224283
0.106707
0.119255
0.0551855
0.0572216
0.136166
0.0240347
0.0245049
0.0266167
0.0180063
0.019089
0.00730783
0.00619996
0.00579265
0.0054741
0.00854298
0.0182121
0.0737053
0.0869551
0.0277474
0.00873032
0.00433505
0.00948009
0.011994
0.0318454
0.035575
0.0862138
0.129596
0.131954
0.0719637
0.0145799
0.0259266
0.0285163
0.0133622
0.00884178
0.00912949
0.00936274
0.00956946
0.00945171
0.00927098
0.00959525
0.0287432
0.114817
0.120192
0.0913273
0.0160967
0.0117272
0.0165186
0.0225968
0.015208
0.00426546
0.00388499
0.00341593
0.00300174
0.00260298
0.00208284
0.00504854
0.0629935
0.094051
0.0887486
0.084748
0.0813821
0.0785717
0.0692271
0.0536529
0.0973051
0.116581
0.123033
0.110771
0.0255888
0.0126489
0.0173979
0.0104035
0.0046259
0.00493734
0.00510189
0.00529696
0.00548786
0.00544391
0.00511217
0.00472704
0.00407626
0.0310095
0.114133
0.109677
0.0593713
0.00154729
0.0103935
0.00662476
-0.000729402
-0.000644709
-0.000633513
-0.000682207
-0.000857058
-0.00129459
-0.00245879
-0.00457429
-0.00861838
0.00623133
0.0238713
0.0168379
0.0105432
0.00905752
0.00880306
0.00938722
0.0112762
0.0381826
0.0148826
-0.00913892
-0.00607502
-0.00212337
-0.00115084
-0.000603869
0.000167092
0.000657449
0.00088101
0.000934216
0.000872768
0.000546402
-0.000275731
-0.00169983
-0.00414067
-0.00858562
0.00192671
0.037236
0.0475619
-0.00651208
)
;

boundaryField
{
    inlet
    {
        type            fixedFluxPressure;
        gradient        nonuniform List<scalar> 10(0.00943905 0.00209595 0.00199477 0.00451448 0.00544554 0.00822872 0.00697334 0.00334699 0.00305758 -1.03374e-06);
        value           nonuniform List<scalar> 10(1962.59 1962.41 1962.27 1962.15 1962.09 1962.08 1962.15 1962.27 1962.41 1962.59);
    }
    inletWall
    {
        type            zeroGradient;
    }
    bottleWall
    {
        type            zeroGradient;
    }
    atmosphere
    {
        type            totalPressure;
        rho             rho;
        psi             none;
        gamma           1;
        p0              uniform 0;
        value           nonuniform List<scalar> 
80
(
-0.00805548
-0.00291399
-0.00171074
-0.00129261
-0.000886655
-0.00063435
-0.000438708
-0.000287303
-0.000187751
-0.00013287
-0.000111311
-0.000112499
-0.000128843
-0.000151219
-0.000168721
-0.000171629
-0.000157525
-0.000129418
-9.14892e-05
-5.44877e-05
-2.59481e-05
-7.94115e-06
-1.60329e-07
0
0
0
0
0
0
0
0
0
0
0
0
-0.000386263
-0.00123321
-0.00118283
-0.000806805
-0.000209744
0
0
-0.000240307
-0.00108913
-0.00163542
-0.0018584
-0.00187936
-0.00172242
-0.00151113
-0.00140937
-0.00131807
0
0
0
0
0
0
0
0
0
0
-0.000235935
-0.00026057
-1.73567e-05
-6.47242e-07
0
0
0
0
0
0
0
0
0
0
0
0
0
0
0
)
;
    }
    frontAndBack
    {
        type            empty;
    }
}


// ************************************************************************* //
