/*--------------------------------*- C++ -*----------------------------------*\
  =========                 |
  \\      /  F ield         | OpenFOAM: The Open Source CFD Toolbox
   \\    /   O peration     | Website:  https://openfoam.org
    \\  /    A nd           | Version:  8
     \\/     M anipulation  |
\*---------------------------------------------------------------------------*/
FoamFile
{
    version     2.0;
    format      ascii;
    class       volScalarField;
    location    "1.45";
    object      p_rgh;
}
// * * * * * * * * * * * * * * * * * * * * * * * * * * * * * * * * * * * * * //

dimensions      [1 -1 -2 0 0 0 0];

internalField   nonuniform List<scalar> 
9150
(
2551.28
2524.37
2498.78
2481.57
2473.24
2473.24
2481.57
2498.78
2524.37
2551.28
2542.04
2522.57
2506.84
2495.04
2489.03
2489.03
2495.04
2506.84
2522.57
2542.04
2532.4
2518.91
2510.29
2502.55
2498.41
2498.41
2502.55
2510.29
2518.91
2532.4
2527.28
2517.38
2511.81
2506.48
2503.49
2503.49
2506.48
2511.81
2517.37
2527.28
2525.58
2516.84
2512.13
2507.98
2505.53
2505.53
2507.97
2512.13
2516.84
2525.58
2086.75
2082.29
2107.57
2121.98
2128.51
2128.51
2121.96
2107.55
2082.26
2086.71
2276.49
2252.17
2246.82
2245.6
2245.61
2245.61
2245.59
2246.8
2252.16
2276.48
2400.83
2369.14
2353.11
2343.23
2338.48
2338.48
2343.22
2353.11
2369.14
2400.82
2500.94
2458.5
2430.51
2413.18
2404.64
2404.64
2413.18
2430.51
2458.49
2500.94
2570
2518.04
2479.41
2457.39
2447.23
2447.23
2457.39
2479.41
2518.03
2570
1901.98
1942.22
1933.04
1940.62
1936.43
1936.4
1940.57
1932.92
1941.98
1901.58
1929.38
1949.39
1930.46
1937.89
1934.92
1934.88
1937.87
1930.34
1949.23
1929.09
1904.6
1937.89
1908.75
1914.6
1918.47
1918.46
1914.56
1908.66
1937.75
1904.43
1745.61
1871.33
1891.92
1909.66
1925.52
1925.51
1909.62
1891.85
1871.26
1745.46
1627.69
1860.58
1958.52
1988.7
2003.96
2003.95
1988.67
1958.48
1860.54
1627.59
1786.31
1793.72
1798.1
1799.42
1797.69
1792.91
1785.03
1774.13
1760.35
1743.88
1702.04
1708.09
1711.73
1712.73
1710.88
1706.22
1698.99
1689.35
1677.44
1663.59
1608.05
1611.87
1613.96
1614.17
1612.44
1608.8
1603.33
1596.12
1587.34
1577.27
1551.54
1554.43
1555.89
1555.88
1554.4
1551.45
1547.08
1541.36
1534.42
1526.4
1519.39
1521.73
1522.95
1523.05
1521.98
1519.74
1516.36
1511.87
1506.34
1499.86
1505.64
1507.77
1509.08
1509.54
1509.11
1507.79
1505.56
1502.42
1498.37
1493.4
1506.64
1508.75
1510.34
1511.39
1511.89
1511.83
1511.2
1510.02
1508.24
1505.74
1519.15
1521.16
1523.05
1524.81
1526.46
1528.07
1529.67
1531.32
1533.04
1535.15
1539.99
1541.59
1543.55
1545.9
1548.68
1551.98
1555.88
1560.41
1566.04
1575.12
1565.6
1566.5
1568.25
1570.91
1574.53
1579.18
1584.86
1591.82
1602.2
1620.48
1592.04
1592.3
1593.69
1596.34
1600.29
1605.53
1611.98
1620.74
1635.76
1656.38
1616.29
1616.05
1617.22
1619.73
1623.67
1628.92
1635.68
1646.34
1664.12
1671.92
1636.13
1635.37
1636.83
1639.53
1643.51
1648.78
1656.4
1670.07
1687.7
1663.46
1652.37
1650.3
1651.95
1654.86
1658.71
1663.79
1672.01
1687.18
1699.07
1640.38
1666.75
1662.21
1663.23
1665.98
1669.44
1674.2
1682.94
1698.03
1698.76
1578.71
1676.37
1670.63
1670.73
1672.99
1675.71
1679.65
1687.81
1701.65
1694.15
1529.6
1687.52
1679.68
1676.7
1676.55
1676.53
1676.74
1678.99
1682.45
1662.05
1489.31
1699.14
1689.66
1682.81
1679.76
1676.93
1673.32
1668.62
1658
1627
1474.82
1702.05
1696.06
1689.02
1686.05
1684.19
1682.24
1676.33
1642.53
1557.74
1504.99
1704.3
1702.71
1696.47
1694.67
1695.45
1697.81
1692.78
1620.11
1451.71
1453.73
1713.26
1712.05
1704.28
1702.27
1704.18
1708.35
1703.02
1606.59
1434.61
1425.48
1707.77
1711.03
1704.78
1703.84
1706.69
1711.58
1707.61
1614.23
1428.53
1420.73
1697.92
1703.79
1701.55
1701.96
1704.83
1709.45
1708.78
1647.41
1427.84
1414.68
1692.64
1697.5
1698.05
1698.79
1700.26
1702.25
1700.25
1662.78
1479.54
1395.29
1684.33
1690.23
1693.67
1694.89
1694.76
1692.04
1674.76
1652.21
1561.93
1511.79
1620.82
1683.42
1697.56
1699.38
1698.85
1694.38
1658.95
1572.2
1573.38
1579.79
1527.83
1638.86
1705.74
1710.53
1709.98
1705.81
1659.68
1475.12
1514.82
1585.61
1514.28
1554.64
1707.36
1718.21
1718.64
1716.06
1671.08
1453.47
1442.03
1577.84
1505.77
1511.76
1706.55
1719.31
1718.98
1716.32
1687.4
1504.91
1431.2
1522.67
1501.22
1506.9
1705.05
1717.21
1716.87
1715.65
1706.72
1636.01
1417.18
1389.37
1497.18
1527.24
1703.46
1714.11
1714.74
1715.08
1713.31
1677.67
1448.88
1386.39
1492.58
1542.91
1702.06
1711.7
1713.43
1715.06
1716.19
1693.14
1533.12
1387.39
1486.02
1539.42
1701.5
1710.16
1712.69
1715.26
1717.82
1700.51
1560.55
1433.09
1476.44
1504.94
1696.39
1708.7
1711.93
1715.24
1718.55
1703.38
1539.67
1433.56
1473.92
1479.16
1683.69
1706.37
1710.33
1714.25
1718.23
1707.77
1525.77
1449.98
1471.92
1476.06
1672.83
1703.26
1707.41
1711.33
1715.3
1714.02
1611.75
1545.76
1502.44
1471.44
1660.13
1699.5
1704.07
1708.45
1712.8
1716.18
1687.7
1659.14
1554.03
1452.85
1630.78
1692.77
1698.97
1704.7
1710.14
1715.03
1695.14
1611.93
1551.92
1444.58
1608.29
1690.51
1696.59
1702.83
1708.77
1714.31
1681.4
1509.43
1550.57
1437.97
1588.2
1690.3
1695.53
1701.82
1707.82
1713.72
1681.47
1489.58
1551.35
1433.16
1584.09
1690.96
1695.19
1701.16
1706.73
1712.21
1707.31
1520.65
1532.93
1427.73
1617.83
1692.72
1696.14
1701.44
1706.28
1710.97
1716.54
1617.84
1417.44
1422.1
1652.28
1695.89
1698.08
1702.16
1705.63
1708.87
1714.19
1624.12
1415.18
1416.36
1660.01
1697.93
1699.04
1702.1
1704.18
1705.58
1709.16
1623.02
1417.41
1416.81
1661.6
1700.55
1700.68
1703.07
1704.29
1704.51
1706.63
1657.2
1421.75
1420.1
1672.2
1703.8
1703.27
1705.13
1705.81
1705.33
1706.09
1693.5
1430.27
1436.8
1696.35
1708.26
1707.1
1708.09
1708.15
1707.34
1707.01
1708.95
1425.86
1520.96
1712.36
1711.19
1710.19
1710.33
1709.63
1708.32
1706.87
1708.9
1420.09
1583.33
1719.8
1713.45
1712.55
1711.83
1710.23
1707.97
1705.2
1705.25
1470.13
1630.63
1724.53
1717.56
1715.71
1713.78
1711.21
1708.05
1704.29
1703.19
1608.09
1688.14
1732.69
1724.59
1720.35
1716.65
1713.03
1709.43
1705.68
1704.44
1610.98
1714.13
1733.63
1725.89
1720.94
1716.35
1711.99
1707.84
1703.7
1701.33
1555.18
1719.02
1728.67
1722.44
1717.84
1712.89
1707.82
1702.65
1697.01
1692.32
1618.72
1731.58
1726.35
1720.3
1714.83
1708.91
1702.83
1696.47
1689.22
1682.06
1700.42
1733.92
1724.21
1717.86
1711.5
1704.91
1698.35
1691.74
1684.62
1677.27
1720.72
1726.96
1719.43
1713.3
1706.73
1699.91
1693.09
1686.29
1679.26
1671.79
1728.94
1720.29
1714.15
1708
1701.22
1694.01
1686.43
1678.38
1669.48
1659.12
1719.13
1712.97
1708.16
1702.54
1696.08
1688.85
1680.79
1671.68
1661.06
1648.07
1707.87
1705.63
1702.71
1698.45
1693.13
1686.81
1679.44
1670.9
1660.89
1648.91
1702.1
1702.07
1700.45
1697.48
1693.39
1688.22
1681.92
1674.41
1665.53
1655.04
1700.62
1701.86
1701.46
1699.77
1696.95
1693.01
1687.93
1681.63
1673.99
1664.84
1703.71
1705.66
1706.22
1705.65
1704.05
1701.47
1697.94
1693.46
1688.02
1681.62
1710.69
1713.02
1714.23
1714.48
1713.85
1712.43
1710.28
1707.45
1703.97
1699.98
1722.02
1723.89
1725.06
1725.57
1725.47
1724.83
1723.71
1722.13
1720.16
1717.94
1734.42
1735.89
1736.94
1737.55
1737.78
1737.68
1737.3
1736.67
1735.86
1734.98
1747.46
1748.44
1749.2
1749.74
1750.09
1750.28
1750.35
1750.32
1750.24
1750.23
1759.86
1760.4
1760.9
1761.34
1761.73
1762.08
1762.42
1762.76
1763.17
1763.7
1770.82
1771.09
1771.42
1771.79
1772.19
1772.62
1773.09
1773.63
1774.28
1775.08
1780.15
1780.27
1780.52
1780.87
1781.27
1781.73
1782.25
1782.86
1783.6
1784.53
1787.39
1787.67
1788.07
1788.51
1788.97
1789.43
1789.9
1790.42
1791.02
1791.75
1792.78
1793.53
1794.26
1794.92
1795.48
1795.93
1796.29
1796.59
1796.85
1797.12
1797.03
1798.39
1799.56
1800.49
1801.17
1801.61
1801.82
1801.81
1801.6
1801.22
1801.12
1803.07
1804.65
1805.84
1806.64
1807.06
1807.1
1806.78
1806.09
1805.06
1805.58
1808.08
1810.08
1811.53
1812.45
1812.85
1812.73
1812.09
1810.93
1809.3
1810.7
1813.79
1816.24
1818
1819.07
1819.46
1819.17
1818.18
1816.5
1814.2
1816.95
1820.59
1823.5
1825.58
1826.82
1827.22
1826.78
1825.49
1823.34
1820.45
1824.11
1828.37
1831.78
1834.23
1835.67
1836.1
1835.5
1833.87
1831.22
1827.67
1832.39
1837.19
1841.05
1843.84
1845.48
1845.94
1845.2
1843.26
1840.16
1836.03
1840.76
1846.22
1850.61
1853.77
1855.63
1856.12
1855.21
1852.93
1849.31
1844.48
1848.48
1854.65
1859.63
1863.23
1865.33
1865.87
1864.79
1862.15
1857.98
1852.45
1854.8
1861.43
1867.08
1871.15
1873.53
1874.1
1872.82
1869.71
1864.84
1858.7
1860.14
1866.09
1872.13
1876.7
1879.35
1879.99
1878.53
1874.99
1869.69
1864.17
1863.72
1867.97
1873.88
1878.95
1881.98
1882.72
1881.09
1877.18
1872.14
1868.55
1866.29
1868.82
1873.2
1878.17
1881.46
1882.32
1880.67
1877.04
1873.75
1872.23
1862.95
1867.59
1869.87
1874.12
1877.48
1878.44
1876.86
1874.1
1873.08
1869.49
1851.28
1864.12
1864.8
1867.6
1870.64
1871.65
1870.47
1869.21
1869.87
1857.9
1830.27
1856.78
1857.51
1858.78
1861.28
1862.29
1861.66
1862.01
1862.67
1836.26
1810.22
1843.67
1846.69
1847.8
1850.02
1850.96
1850.49
1850.91
1849.19
1815.26
1742.28
1831.14
1836.49
1837.81
1839.71
1840.49
1840.04
1840
1835.67
1757.53
1488.5
1821.87
1829.2
1830.75
1832.29
1832.89
1832.48
1831.93
1825.26
1502.77
1372.16
1817.78
1825.1
1827.17
1828.63
1829.04
1828.37
1827.04
1820.14
1385.15
1303.06
1818.95
1825.29
1827.94
1829.5
1829.74
1828.68
1826.52
1820.45
1315.53
1270.05
1824.35
1829.92
1833.08
1834.82
1834.94
1833.45
1830.6
1825.35
1280.35
1274.19
1833.15
1838.57
1842.14
1844.09
1844.11
1842.25
1838.84
1833.53
1283.71
1341.73
1847.21
1850.62
1854.42
1856.35
1856.32
1854.34
1850.6
1847.35
1348.53
1417.06
1861.31
1864.73
1868.26
1869.77
1869.72
1868.1
1864.54
1861.18
1422.81
1511.28
1875.23
1878.89
1881.68
1882.89
1882.86
1881.52
1878.61
1874.95
1515.44
1605.24
1888.87
1894.13
1895.74
1897.17
1897.15
1895.62
1893.87
1888.49
1607.7
1714.75
1913.72
1916.26
1913.55
1913.3
1913.27
1913.47
1916.26
1913.46
1715.33
1813.49
1947.55
1936.21
1930.62
1927.36
1927.33
1930.57
1936.28
1947.48
1813.34
1723.79
1700.11
1674.49
1647.53
1619.9
1592.3
1565.4
1539.79
1515.95
1494.27
1475.05
1458.32
1443.84
1431.37
1420.82
1412.14
1405.24
1399.97
1396.2
1393.76
1392.5
1392.28
1392.97
1394.45
1396.59
1399.29
1402.46
1406
1409.81
1413.82
1417.92
1422.03
1426.05
1429.86
1433.49
1437.71
1443.22
1442.6
1443.37
1443.98
1647.19
1627.82
1607.15
1585.86
1564.52
1543.68
1523.81
1505.28
1488.35
1473.13
1459.63
1448.06
1438.48
1430.55
1424.09
1418.99
1415.13
1412.39
1410.67
1409.86
1409.87
1410.59
1411.95
1413.84
1416.19
1418.93
1421.96
1425.21
1428.59
1432.01
1435.35
1438.49
1441.3
1443.64
1445.52
1446.83
1445.82
1443.57
1444.92
1444.73
1565.53
1551.82
1537.41
1522.88
1508.68
1495.21
1482.82
1471.72
1462.03
1453.73
1446.76
1441.03
1436.41
1432.72
1429.84
1427.7
1426.25
1425.46
1425.26
1425.61
1426.45
1427.72
1429.37
1431.32
1433.52
1435.91
1438.42
1440.97
1443.48
1445.85
1447.98
1449.76
1451.06
1451.79
1452
1451.88
1451.88
1451.6
1448.94
1454.43
1516.95
1506.14
1494.86
1483.48
1472.37
1461.98
1452.73
1444.94
1438.72
1434.06
1430.8
1428.7
1427.46
1426.87
1426.76
1427.03
1427.63
1428.53
1429.73
1431.19
1432.89
1434.77
1436.8
1438.94
1441.13
1443.32
1445.46
1447.49
1449.35
1450.96
1452.25
1453.17
1453.67
1453.79
1453.67
1453.64
1454.42
1457.66
1464.52
1470.09
1492.04
1482.69
1472.43
1461.5
1450.36
1439.62
1429.99
1422.07
1416.3
1413.02
1412.3
1413.41
1415.38
1417.56
1419.8
1422.13
1424.51
1426.91
1429.35
1431.83
1434.34
1436.85
1439.33
1441.74
1444.05
1446.23
1448.23
1450.01
1451.54
1452.78
1453.7
1454.3
1454.64
1454.82
1455.1
1455.89
1458.09
1463.52
1473.37
1481.49
1486.97
1478.55
1468.65
1457.51
1444.95
1430.2
1413.72
1398.08
1386.02
1379.33
1381.44
1389.87
1399.17
1406.86
1412.14
1416.12
1419.46
1422.67
1426.04
1429.47
1432.84
1436.08
1439.14
1442.01
1444.64
1447.02
1449.12
1450.93
1452.43
1453.62
1454.52
1455.18
1455.7
1456.25
1457.11
1458.71
1461.96
1468.52
1479.11
1488.08
1502.26
1497.93
1493.41
1485.61
1464.34
1416.05
1353.68
1302.45
1276.92
1262.89
1271.54
1294.54
1329.1
1371.3
1396.95
1409.97
1415.55
1418
1421.23
1425.29
1429.52
1433.61
1437.44
1440.95
1444.11
1446.92
1449.35
1451.43
1453.15
1454.55
1455.68
1456.6
1457.46
1458.43
1459.8
1461.95
1465.67
1472.31
1482.25
1490.87
1539.34
1547.1
1548.88
1508.56
1379.63
1250.79
1199.67
1183.76
1182.67
1182.58
1183.41
1187.38
1197.95
1220.51
1269.54
1342.61
1397.65
1407.16
1412.56
1418.38
1424.3
1429.85
1434.87
1439.36
1443.32
1446.78
1449.76
1452.29
1454.42
1456.19
1457.67
1458.94
1460.15
1461.47
1463.13
1465.45
1469.06
1474.97
1483.35
1490.24
1591.04
1600.89
1535.27
1325.85
1190.01
1183.57
1182.35
1182.39
1182.47
1182.55
1182.66
1182.85
1183.27
1184.12
1185.7
1212.3
1322.3
1386.15
1398.99
1409.16
1417.94
1425.59
1432.23
1437.97
1442.94
1447.21
1450.87
1453.97
1456.59
1458.8
1460.66
1462.29
1463.78
1465.29
1467
1469.15
1472.18
1476.8
1483.08
1487.45
1639.33
1590.34
1330.99
1185.83
1183.22
1182.57
1182.46
1182.56
1182.68
1182.8
1182.93
1183.06
1183.19
1183.32
1183.43
1183.37
1279.2
1366.97
1387.81
1402.18
1413.56
1422.96
1430.95
1437.81
1443.69
1448.72
1453.02
1456.68
1459.79
1462.41
1464.63
1466.52
1468.19
1469.74
1471.3
1473.01
1475.15
1478.17
1482.09
1484.14
1640.06
1424.43
1195.88
1181.91
1181.57
1181.89
1182.12
1182.32
1182.53
1182.78
1182.99
1183.17
1183.29
1183.31
1183.12
1183.5
1277.61
1368.76
1383.82
1400.12
1412.88
1423.17
1431.93
1439.48
1445.98
1451.56
1456.35
1460.46
1463.95
1466.9
1469.38
1471.46
1473.18
1474.63
1475.86
1476.97
1478.06
1479.35
1480.88
1480.73
1583.55
1258.01
1181.08
1179.52
1180.16
1180.86
1181.41
1181.84
1182.22
1182.65
1183.11
1183.4
1183.56
1183.57
1183.12
1187.32
1309.53
1374.34
1387.67
1403.68
1416.26
1426.52
1435.39
1443.14
1449.89
1455.74
1460.81
1465.18
1468.92
1472.08
1474.71
1476.84
1478.51
1479.73
1480.54
1480.94
1480.93
1480.49
1479.72
1478.26
1429.62
1190.76
1176.52
1176.28
1177.49
1179.12
1180.55
1181.35
1182.44
1183.9
1184.21
1184.33
1184.41
1184.41
1184.08
1210.24
1369.39
1384.22
1397.87
1411.93
1423.11
1432.6
1441.04
1448.56
1455.21
1461.06
1466.19
1470.64
1474.47
1477.7
1480.36
1482.44
1483.96
1484.88
1485.2
1484.86
1483.77
1481.73
1478.9
1476.52
1308.83
1179.85
1176.26
1175.06
1177.26
1183.29
1194.02
1213.62
1213.91
1199.85
1184.77
1185.2
1185.4
1185.29
1185.39
1286.24
1398.83
1399.04
1411.57
1422.85
1432.18
1440.56
1448.25
1455.25
1461.56
1467.2
1472.2
1476.58
1480.35
1483.53
1486.1
1488.05
1489.33
1489.91
1489.71
1488.66
1486.56
1483.1
1478.48
1474.65
1260.69
1187.37
1183.18
1182.61
1185.65
1211.53
1212.13
1209.99
1207.14
1207.52
1195.7
1186.64
1187.44
1186.95
1216.84
1400.04
1410.25
1416.09
1426.08
1434.6
1442.23
1449.47
1456.32
1462.68
1468.51
1473.8
1478.54
1482.73
1486.34
1489.37
1491.77
1493.51
1494.51
1494.71
1494.01
1492.29
1489.3
1484.62
1478.56
1473.58
1237.89
1186.3
1192.64
1205.06
1208.93
1211.73
1197.62
1196.97
1198.47
1200.24
1207
1190.86
1191
1193.02
1311.18
1429.64
1422.81
1430.93
1438.92
1445.7
1452.17
1458.52
1464.61
1470.35
1475.68
1480.57
1484.99
1488.9
1492.27
1495.07
1497.24
1498.72
1499.43
1499.25
1498.09
1495.79
1492.06
1486.4
1479.18
1473.08
1249.11
1193.73
1214.18
1222.84
1196.36
1190.05
1180.7
1180.68
1185.27
1189.25
1192.31
1184.33
1191.32
1222.25
1426.86
1434.1
1436.61
1444.23
1450.48
1456.14
1461.8
1467.41
1472.85
1478.01
1482.85
1487.32
1491.37
1494.96
1498.05
1500.58
1502.49
1503.69
1504.09
1503.58
1502.03
1499.29
1495.03
1488.7
1479.66
1468.78
1374.68
1357.59
1292.5
1190.3
1149.31
1144.23
1150.04
1158.72
1147.52
1179.15
1168.26
1166.79
1171.76
1294.31
1450.32
1441.72
1448.53
1455.22
1460.6
1465.73
1470.87
1475.95
1480.85
1485.51
1489.89
1493.94
1497.62
1500.87
1503.64
1505.87
1507.5
1508.42
1508.54
1507.74
1505.88
1502.83
1498.23
1491.49
1479.1
1469.99
1485.27
1478.82
1314.83
1131.69
1105.28
1101.39
1120.94
1131.67
1124.62
1140.74
1145.6
1143.29
1165.85
1392.9
1449.42
1452.06
1459.35
1465.13
1470.06
1474.85
1479.58
1484.19
1488.62
1492.82
1496.77
1500.41
1503.71
1506.61
1509.06
1510.99
1512.32
1512.97
1512.82
1511.76
1509.66
1506.36
1501.51
1494.41
1482.78
1475.6
1496.7
1481.33
1266.34
1102
1082.93
1084.36
1107.61
1116.15
1109.88
1118.21
1127.92
1117.17
1211.1
1465.65
1459.09
1464.49
1470.31
1475.08
1479.51
1483.87
1488.14
1492.27
1496.25
1500.01
1503.53
1506.77
1509.7
1512.25
1514.37
1515.99
1517.05
1517.44
1517.07
1515.81
1513.53
1510.09
1505.15
1498.12
1488.46
1476.03
1498.87
1456.68
1155.8
1088.75
1074.75
1084.62
1098.35
1107.4
1093.75
1104.49
1113.27
1100.6
1296.86
1467.28
1469.23
1475.3
1480.36
1484.66
1488.74
1492.71
1496.56
1500.25
1503.77
1507.12
1510.23
1513.08
1515.63
1517.84
1519.64
1520.98
1521.78
1521.95
1521.4
1520.02
1517.68
1514.25
1509.42
1502.63
1491.25
1475.27
1495
1342.11
1099.01
1076.93
1068.46
1085.65
1087.13
1092.07
1073.72
1082.46
1094.87
1109.57
1385.61
1476.64
1480.89
1486.35
1490.7
1494.5
1498.13
1501.63
1505.01
1508.24
1511.31
1514.23
1516.94
1519.41
1521.6
1523.47
1524.97
1526.04
1526.61
1526.61
1525.93
1524.48
1522.16
1518.84
1514.23
1505.69
1486.22
1480.48
1442.75
1276.69
1079.04
1063.01
1056
1068.26
1076.05
1067.3
1051.83
1057.7
1060.9
1118.79
1433.42
1492.96
1495.57
1498.84
1501.91
1504.88
1507.84
1510.74
1513.58
1516.32
1518.94
1521.43
1523.73
1525.83
1527.67
1529.23
1530.44
1531.27
1531.63
1531.47
1530.69
1529.19
1526.9
1523.69
1519.27
1510.16
1492.42
1490.71
1359.79
1261.78
1059.81
1038.51
1035.96
1036.48
1065.03
1034.99
1031.3
1037.15
1033.15
1096.5
1433.55
1507.03
1508.82
1510.58
1512.72
1515.05
1517.44
1519.84
1522.18
1524.46
1526.65
1528.74
1530.66
1532.4
1533.92
1535.18
1536.14
1536.75
1536.95
1536.68
1535.86
1534.4
1532.23
1529.24
1525.1
1518.08
1511.34
1506.79
1498.92
1259.12
1025.22
1015.65
1017.8
1015.23
1024.86
1007.99
1011.04
1018.84
1013.89
1064.48
1412.61
1519.27
1520.8
1521.65
1523.16
1525
1526.93
1528.9
1530.82
1532.69
1534.49
1536.2
1537.77
1539.18
1540.41
1541.4
1542.14
1542.57
1542.64
1542.29
1541.47
1540.09
1538.09
1535.35
1531.65
1526.77
1521.12
1497.38
1539.71
1201.22
1005.16
1005.56
1007.64
1006.33
1002.85
998.062
999.825
1003.36
1003.4
1028.2
1348.17
1529.74
1531.53
1532.06
1533.2
1534.72
1536.31
1537.93
1539.51
1541.03
1542.49
1543.86
1545.11
1546.23
1547.18
1547.94
1548.49
1548.77
1548.76
1548.4
1547.66
1546.46
1544.77
1542.5
1539.49
1534.63
1516.21
1486.71
1488.14
1159.54
997.112
1000.22
1001.09
999.372
996.86
994.4
994.721
994.433
996.941
1002.78
1224.92
1533.67
1539.66
1541.25
1542.62
1544.13
1545.6
1546.98
1548.31
1549.54
1550.7
1551.76
1552.72
1553.57
1554.28
1554.84
1555.22
1555.39
1555.32
1554.99
1554.36
1553.39
1552.05
1550.3
1548
1537.45
1497.61
1495.24
1434.91
1158.71
991.764
993.603
993.547
992.849
991.058
989.666
988.836
989.152
990.144
992.353
1100.52
1499.69
1549.02
1551.45
1552.77
1554.06
1555.3
1556.41
1557.44
1558.37
1559.22
1559.99
1560.67
1561.26
1561.75
1562.12
1562.34
1562.41
1562.3
1561.99
1561.46
1560.68
1559.62
1558.26
1556.48
1546.01
1508.68
1506.87
1418.65
1185.34
987.886
986.317
986.721
986.328
985.407
984.645
984.084
984.061
984.109
984.582
1017.4
1397.79
1561.63
1563.8
1564.3
1564.94
1565.68
1566.38
1567.03
1567.6
1568.12
1568.58
1568.99
1569.33
1569.6
1569.79
1569.87
1569.85
1569.71
1569.43
1569
1568.4
1567.61
1566.62
1565.25
1558.9
1553.62
1555.99
1413.39
1185.48
984.9
981.764
981.192
980.326
980.381
980.207
979.985
979.739
979.183
978.843
985.899
1234.84
1570.71
1576.7
1576.45
1576.39
1576.56
1576.78
1577.02
1577.21
1577.39
1577.55
1577.68
1577.78
1577.84
1577.86
1577.81
1577.71
1577.55
1577.3
1576.98
1576.56
1576.04
1575.42
1574.58
1573.54
1572.57
1571.82
1370.86
1130.91
982.307
977.57
977.05
975.826
976.358
976.547
976.506
976.248
975.628
975.464
976.756
1095.3
1552.72
1589.67
1588.97
1588.18
1587.78
1587.51
1587.33
1587.16
1587
1586.86
1586.73
1586.6
1586.47
1586.32
1586.16
1585.99
1585.8
1585.6
1585.37
1585.12
1584.86
1584.58
1584.27
1583.98
1583.66
1583.5
1297.83
1093.27
978.015
974.307
974.847
972.939
973.456
973.636
973.591
973.343
972.876
972.472
971.686
986.309
1500.03
1603.46
1602.07
1600.34
1599.28
1598.5
1597.89
1597.37
1596.9
1596.48
1596.1
1595.76
1595.45
1595.16
1594.9
1594.66
1594.46
1594.29
1594.16
1594.08
1594.06
1594.12
1594.28
1594.53
1594.9
1595.38
1272.89
1088.79
974.151
972.024
973.17
970.876
971.24
971.37
971.345
971.194
970.899
970.504
970.205
971.072
1400.27
1615.57
1613.93
1611.94
1610.55
1609.45
1608.52
1607.71
1606.98
1606.34
1605.75
1605.22
1604.75
1604.33
1603.98
1603.7
1603.49
1603.35
1603.32
1603.4
1603.61
1603.98
1604.55
1605.26
1606.37
1607.33
1394.61
1176.98
971.202
970.252
971.317
968.983
969.27
969.432
969.479
969.451
969.374
969.265
969.245
969.563
1259.16
1618.93
1624.45
1622.83
1621.47
1620.28
1619.17
1618.14
1617.21
1616.38
1615.63
1614.94
1614.33
1613.8
1613.37
1613.05
1612.83
1612.74
1612.79
1613.02
1613.44
1614.09
1615.03
1616.24
1617.95
1618.26
1544.98
1281.46
969.313
968.952
969.243
967.065
967.389
967.63
967.728
967.751
967.742
967.715
967.696
967.682
1147.09
1607.41
1635.74
1633.99
1632.58
1631.25
1629.96
1628.73
1627.62
1626.61
1625.7
1624.88
1624.15
1623.52
1623.02
1622.66
1622.43
1622.38
1622.52
1622.88
1623.5
1624.4
1625.67
1627.44
1629.61
1627.84
1572.05
1330.14
967.448
967.422
966.825
965.684
965.883
966.085
966.164
966.181
966.17
966.147
966.113
966.006
1101.39
1594.57
1647.43
1645.25
1643.8
1642.32
1640.84
1639.44
1638.16
1637
1635.94
1634.99
1634.15
1633.44
1632.88
1632.47
1632.24
1632.22
1632.43
1632.91
1633.68
1634.8
1636.35
1638.5
1640.48
1639.29
1582.75
1348.84
965.359
965.898
965.41
964.881
964.803
964.794
964.761
964.714
964.672
964.641
964.612
964.513
1094.19
1596.78
1659.08
1656.52
1655.04
1653.42
1651.77
1650.22
1648.79
1647.48
1646.29
1645.22
1644.28
1643.49
1642.86
1642.42
1642.19
1642.18
1642.45
1643.02
1643.93
1645.22
1647
1649.44
1649
1650.57
1557.09
1392.26
964.874
965.638
964.754
964.07
963.713
963.506
963.361
963.248
963.173
963.13
963.116
963.041
1101.83
1611.34
1670.36
1667.65
1666.21
1664.49
1662.69
1661.01
1659.45
1658.01
1656.69
1655.51
1654.48
1653.61
1652.92
1652.44
1652.19
1652.2
1652.5
1653.14
1654.15
1655.57
1657.52
1659.05
1659.31
1661.56
1500.58
1467.88
1028.87
964.841
962.752
962.356
962.124
961.936
961.754
961.643
961.576
961.544
961.524
961.401
1134.01
1638.28
1681.23
1678.71
1677.32
1675.5
1673.58
1671.77
1670.1
1668.54
1667.11
1665.82
1664.69
1663.74
1662.99
1662.46
1662.18
1662.19
1662.51
1663.19
1664.27
1665.78
1667.86
1667.56
1669.91
1673.45
1494.94
1511.96
1161.25
958.522
959.881
960.242
960.091
960.028
959.914
959.883
959.882
959.911
959.885
959.552
1198.05
1672.97
1691.78
1689.73
1688.38
1686.45
1684.38
1682.46
1680.69
1679.02
1677.47
1676.08
1674.85
1673.82
1672.99
1672.41
1672.09
1672.07
1672.4
1673.1
1674.22
1675.79
1677.94
1678.76
1680.83
1686.15
1491.07
1521.8
1269.56
957.476
958.347
958.207
958.14
958.125
958.114
958.108
958.212
958.475
958.652
957.93
1298.99
1701.88
1701.73
1700.54
1699.29
1697.28
1695.08
1693.06
1691.2
1689.41
1687.74
1686.23
1684.89
1683.76
1682.86
1682.21
1681.83
1681.78
1682.09
1682.79
1683.93
1685.54
1687.67
1690.52
1693.88
1696.39
1494.18
1520.33
1359.39
955.649
956.051
956.165
956.368
956.245
956.18
956.186
956.332
956.751
957.477
959.888
1441.97
1718.35
1712.57
1711.85
1710.42
1708.17
1705.84
1703.65
1701.64
1699.69
1697.87
1696.22
1694.76
1693.52
1692.51
1691.77
1691.33
1691.23
1691.49
1692.17
1693.3
1694.91
1697.06
1700.1
1703.56
1705.43
1492.91
1510.77
1445.09
952.389
953.934
954.703
954.603
954.213
953.977
953.92
953.966
954.124
954.895
1010.75
1579.09
1729.56
1725.07
1723.9
1721.85
1719.19
1716.63
1714.22
1711.98
1709.81
1707.81
1705.99
1704.38
1703
1701.87
1701.03
1700.5
1700.33
1700.54
1701.17
1702.27
1703.86
1706.06
1709.06
1712.5
1714.16
1477.26
1496.03
1510.35
950.956
954.044
953.962
952.422
951.761
951.385
951.259
951.327
951.274
950.76
1127.16
1689.26
1740.63
1737.42
1735.72
1733.07
1730.09
1727.25
1724.62
1722.1
1719.7
1717.48
1715.46
1713.68
1712.14
1710.87
1709.9
1709.27
1709
1709.14
1709.72
1710.77
1712.34
1714.53
1717.51
1720.6
1722.59
1472.59
1493.12
1559.79
1058.41
954.1
950.698
948.693
948.301
948.255
948.41
948.943
949.472
948.331
1319.03
1750.55
1750.78
1748.98
1747.02
1743.93
1740.71
1737.65
1734.74
1731.93
1729.27
1726.82
1724.58
1722.59
1720.87
1719.44
1718.33
1717.57
1717.2
1717.24
1717.75
1718.75
1720.28
1722.45
1725.42
1728.22
1730.49
1477.96
1484.04
1600.49
1275.73
944.686
944.848
943.597
943.893
944.256
944.613
945.173
946.814
969.791
1545.86
1769.37
1762.98
1761.23
1758.49
1754.87
1751.29
1747.9
1744.6
1741.46
1738.51
1735.78
1733.29
1731.06
1729.14
1727.52
1726.25
1725.35
1724.85
1724.79
1725.21
1726.14
1727.63
1729.77
1732.73
1735.81
1738.18
1595.86
1478.32
1601.58
1429.47
941.183
940.788
940.175
940.19
940.441
940.71
940.606
939.9
1094.29
1710.67
1781.61
1776.66
1773.81
1769.96
1765.76
1761.75
1757.87
1754.16
1750.65
1747.36
1744.32
1741.54
1739.06
1736.9
1735.07
1733.62
1732.56
1731.92
1731.75
1732.07
1732.94
1734.37
1736.49
1739.44
1742.94
1745.52
1679.77
1463.58
1578.7
1520.53
937.774
939.874
938.499
937.39
937.372
937.841
938.326
936.982
1328.8
1792.38
1792.61
1789.05
1785.48
1780.9
1776.26
1771.77
1767.44
1763.32
1759.41
1755.75
1752.36
1749.27
1746.51
1744.09
1742.04
1740.38
1739.15
1738.37
1738.07
1738.3
1739.09
1740.47
1742.57
1745.53
1749.07
1751.68
1681.02
1452.5
1565.58
1584.09
949.737
937.062
933.902
932.821
932.65
933.168
935.326
966.122
1586.35
1812.64
1804.84
1801.4
1796.92
1791.63
1786.38
1781.27
1776.53
1771.99
1767.65
1763.59
1759.83
1756.41
1753.34
1750.64
1748.35
1746.48
1745.06
1744.13
1743.71
1743.85
1744.56
1745.9
1747.99
1750.98
1754.56
1757.22
1681.27
1456.24
1574.04
1610.21
1112.25
924.604
926.211
926.572
926.303
926.185
925.913
1110.26
1758.76
1824.92
1818.61
1813.9
1808.16
1802.09
1796.11
1790.42
1785.05
1780.08
1775.27
1770.77
1766.62
1762.83
1759.44
1756.45
1753.9
1751.82
1750.22
1749.14
1748.6
1748.65
1749.31
1750.62
1752.7
1755.73
1759.38
1762.1
1695.3
1524.1
1559.04
1616.14
1265.4
916.808
920.376
919.852
920.127
920.785
919.344
1372.89
1839.33
1837.28
1831.62
1825.68
1818.87
1812.02
1805.32
1798.98
1792.98
1787.46
1782.14
1777.18
1772.61
1768.44
1764.71
1761.42
1758.62
1756.31
1754.53
1753.31
1752.67
1752.64
1753.26
1754.52
1756.65
1759.75
1763.48
1766.27
1700.75
1585.28
1480.47
1604.93
1369.06
911.715
912.137
910.577
911.237
914.048
966.066
1644.97
1860.48
1851.55
1844.75
1837.21
1829.23
1821.45
1813.88
1806.81
1800.16
1793.98
1788.11
1782.66
1777.66
1773.12
1769.04
1765.47
1762.42
1759.9
1757.95
1756.6
1755.87
1755.79
1756.34
1757.62
1759.79
1762.98
1766.82
1769.69
1693.96
1551.68
1458.56
1570.16
1482.87
903.29
904.532
902.84
902.297
901.712
1150.25
1821.31
1876.14
1866.5
1857.53
1848.17
1838.92
1829.96
1821.56
1813.65
1806.33
1799.45
1793.01
1787.08
1781.66
1776.75
1772.24
1768.43
1765.24
1762.55
1760.46
1759
1758.19
1758.05
1758.57
1759.89
1762.11
1765.39
1769.34
1772.32
1682.84
1523.14
1443.32
1544.49
1588.83
900.031
898.11
895.322
895.195
894.636
1436.88
1896.09
1890.76
1879.91
1869
1858.03
1847.39
1837.42
1828.05
1819.27
1811.25
1803.67
1796.69
1790.3
1784.5
1779.15
1774.46
1770.4
1766.94
1764.2
1762.06
1760.5
1759.63
1759.41
1759.96
1761.3
1763.59
1766.94
1771.03
1774.13
1675.49
1612.6
1443.43
1552.95
1609.95
1147.41
880.266
878.21
881.465
945.8
1682.95
1918.5
1906.67
1892.89
1879.58
1866.74
1854.68
1843.47
1833.03
1823.42
1814.62
1806.43
1798.95
1792.16
1785.95
1780.39
1775.54
1771.32
1767.74
1764.87
1762.69
1761.09
1760.16
1759.92
1760.49
1761.85
1764.2
1767.64
1771.87
1775.08
1667.44
1668.28
1430.21
1465.52
1588.01
1480.24
849.948
852.49
851.766
1107.45
1855.43
1939.82
1922.6
1904.74
1888.67
1873.81
1860.09
1847.55
1836.05
1825.65
1816.15
1807.44
1799.57
1792.48
1786.04
1780.31
1775.34
1771.04
1767.39
1764.53
1762.3
1760.68
1759.74
1759.51
1760.1
1761.53
1763.91
1767.45
1771.82
1775.16
1648.95
1648.25
1387.19
1366.65
1504.59
1542.1
831.598
835.629
834.434
1387.57
1963.8
1963.36
1936.98
1914.31
1895.23
1878.23
1862.73
1848.95
1836.53
1825.52
1815.48
1806.43
1798.33
1791.09
1784.62
1778.79
1773.76
1769.46
1765.91
1763.05
1760.79
1759.21
1758.32
1758.12
1758.75
1760.27
1762.7
1766.28
1770.8
1774.32
1632.58
1621.26
1398.15
1323.87
1435.3
1484.06
816.307
818.625
844.032
1609.13
2007.85
1981.08
1945.43
1918.34
1896.75
1878.06
1861.41
1846.77
1833.87
1822.51
1812.26
1803.14
1795.03
1787.84
1781.47
1775.84
1770.84
1766.65
1763.22
1760.37
1758.19
1756.69
1755.88
1755.79
1756.5
1758.05
1760.58
1764.05
1768.77
1772.31
1634.12
1618.82
1562.85
1331.61
1455
1465.29
1143.55
700.88
738.146
1553.68
1986.12
1970.47
1936.49
1910.05
1889.16
1870.92
1854.64
1840.11
1827.48
1816.26
1806.27
1797.44
1789.63
1782.74
1776.66
1771.31
1766.66
1762.66
1759.33
1756.65
1754.61
1753.22
1752.53
1752.55
1753.35
1754.97
1757.58
1761.13
1765.98
1766.78
1642.02
1627.1
1610.4
1333.74
1365
1432.19
1336.49
492.757
718.605
1516.79
1969.71
1952.79
1920.74
1895.33
1875.42
1858.21
1842.9
1829.36
1817.43
1806.89
1797.61
1789.44
1782.26
1775.93
1770.35
1765.46
1761.2
1757.55
1754.49
1752.04
1750.21
1748.99
1748.42
1748.55
1749.43
1751.12
1753.74
1757.38
1762.3
1762.72
1653.2
1638.78
1622.67
1397.15
1346.73
1449.47
1402.96
760.601
810.485
1303.49
1921.18
1922.55
1897.91
1875.22
1856.77
1841.01
1827.15
1814.95
1804.24
1794.86
1786.65
1779.46
1773.17
1767.64
1762.78
1758.51
1754.78
1751.56
1748.88
1746.73
1745.13
1744.1
1743.67
1743.9
1744.84
1746.57
1749.06
1752.83
1757.76
1758.13
1673.82
1664.31
1655.82
1609.08
1399.73
1510.5
1523.32
1382.25
742.122
909.508
1763.71
1878.23
1862.92
1847.22
1832.44
1819.16
1807.47
1797.19
1788.21
1780.4
1773.61
1767.72
1762.58
1758.07
1754.1
1750.6
1747.52
1744.84
1742.61
1740.81
1739.49
1738.66
1738.38
1738.69
1739.67
1741.38
1743.65
1747.58
1752.46
1752.68
1695.39
1689.95
1685.12
1678.55
1428.96
1441.7
1574.56
1571.29
865.028
877.908
1251.65
1813.93
1811.79
1809.72
1802.74
1793.54
1784.66
1776.74
1769.84
1763.89
1758.79
1754.44
1750.68
1747.41
1744.5
1741.9
1739.58
1737.54
1735.8
1734.41
1733.4
1732.77
1732.48
1733.02
1734.01
1735.59
1737.79
1741.74
1746.43
1746.4
1715.59
1712.94
1710.18
1709.55
1612.98
1489.06
1587.26
1663.84
1569.72
829.829
874.176
1502.84
1804.37
1789.17
1781.38
1772.37
1763.61
1756.42
1750.73
1746.27
1742.78
1740.04
1737.85
1735.99
1734.32
1732.76
1731.29
1729.93
1728.73
1727.76
1727.05
1726.52
1726.29
1726.77
1727.97
1729.21
1731.5
1735.22
1739.63
1739.45
1734.26
1733.74
1733.09
1733.8
1736.61
1497.78
1496.67
1680.81
1702.78
1195.71
867.375
886.089
1653.21
1774
1757.68
1748.63
1740.46
1733.93
1729.48
1726.72
1725.18
1724.5
1724.29
1724.24
1724.08
1723.71
1723.15
1722.47
1721.78
1721.17
1720.72
1720.36
1720.19
1720.61
1721.47
1722.83
1724.9
1728.25
1732.22
1731.85
1750.5
1751.18
1751.93
1752.66
1756.26
1669.73
1522.9
1568.93
1726.69
1722.06
903.869
863.656
1010.12
1697.49
1716.37
1711.27
1709.21
1706.33
1704.52
1704.44
1705.16
1707.81
1710.59
1712.95
1714.65
1715.57
1715.88
1715.77
1715.44
1715.07
1714.75
1714.55
1714.35
1714.64
1715.35
1716.48
1718.2
1721.04
1724.33
1723.39
1764.59
1766.01
1767.76
1769.54
1772.11
1781.02
1544.6
1484.08
1753.02
1758.07
1639.3
838.33
812.657
1198.65
1687.79
1666.63
1670.3
1674.06
1676.32
1679.58
1683.79
1690.9
1697.83
1703.54
1707.32
1709.38
1710.26
1710.42
1710.2
1709.83
1709.48
1709.26
1709.16
1709.09
1709.55
1710.36
1711.68
1713.79
1716.13
1714.46
1776.24
1777.91
1779.96
1782.19
1784.2
1787.85
1761.49
1499.73
1751.15
1749.43
1759.26
1311.14
782.478
706.286
1346
1643.91
1631.58
1639.73
1646.64
1653.13
1661.83
1658.29
1688.58
1700.1
1705.35
1706.96
1707.24
1706.94
1706.34
1705.66
1705.05
1704.62
1704.4
1704.3
1704.25
1704.72
1705.63
1706.63
1707.78
1706.64
1785.81
1787.65
1790.04
1793
1796.51
1801.23
1811.62
1603.6
1450.05
1725.28
1725.31
1753.34
913.311
701.889
653.194
1450.21
1582.8
1593.54
1608.85
1620.06
1631.68
1626.89
1661.03
1708.43
1716.4
1712.57
1708.45
1705.79
1703.91
1702.43
1701.32
1700.56
1700.1
1699.88
1699.76
1699.77
1699.79
1699.7
1699.48
1699.38
1792.77
1794.23
1796.15
1798.62
1801.8
1806.26
1814.84
1818.79
1290.04
1346.43
1682.83
1729.8
1503.5
641.226
501.599
826.609
1528.54
1546.84
1567.93
1581.17
1590.41
1614.07
1217.04
1460.69
1707.46
1724.49
1713.01
1705.71
1701.55
1699.03
1697.43
1696.47
1695.92
1695.6
1695.33
1694.96
1694.3
1693.13
1691.41
1690.12
1797.51
1798.13
1798.97
1800.09
1801.69
1804.48
1809.1
1811.45
1325.55
841.879
1416.43
1698.88
1617.41
689.565
375.369
241.718
868.522
1484.67
1536.2
1547.17
1548.66
1567
1030.8
591.757
1310.1
1659.56
1708.65
1701.04
1695.56
1692.73
1691.5
1691.05
1690.96
1690.95
1690.79
1690.26
1689.09
1686.91
1683.74
1681.13
1800.73
1800.13
1799.36
1798.32
1797.04
1796.18
1795.36
1784.95
1359.14
669.997
1205.43
1678.6
1590.07
680.677
196.477
142.63
158.54
670.338
1226.76
1504.02
1529.5
1524.63
836.405
235.049
536.798
1117.31
1603.08
1685.05
1684.02
1682.19
1682.23
1683.26
1684.42
1685.32
1685.71
1685.35
1683.83
1680.9
1676.57
1672.79
1803.75
1802.1
1800.03
1797.43
1794.49
1792.59
1791.21
1772.68
1149.46
561.762
1114.23
1621.76
1516.92
523.687
113.44
101.371
98.8811
111.167
317.59
711.75
1058.15
1022.73
502.108
124.453
128.356
304.458
945.509
1521.84
1660.06
1666.82
1669.66
1672.82
1675.96
1678.38
1679.8
1680.01
1678.65
1675.32
1670.1
1665.45
1807.25
1804.73
1801.66
1798.07
1794.98
1794.65
1792.12
1750.41
644.811
464.418
1209.14
1540.97
1297.82
262.684
89.7749
87.8411
87.6009
89.2718
93.626
108.512
172.949
174.598
154.531
97.9327
90.7172
95.5636
193.426
735.602
1422.84
1644.86
1656.09
1661.66
1666.49
1670.53
1673.25
1674.34
1673.44
1670.17
1664.58
1659.48
1811.31
1807.68
1803.17
1798.04
1794
1791.24
1769.14
1122.29
317.657
397.32
1400.76
1482.74
859.74
101.223
84.0243
84.2409
84.4452
84.6854
85.5575
87.4423
89.8736
90.5617
87.4142
86.5644
83.9864
84.8983
88.2191
125.061
554.604
1339.39
1636.89
1650.2
1657.08
1662.43
1666.42
1668.59
1668.45
1665.66
1660.32
1655.27
1816.87
1812.44
1807.19
1802.19
1799.39
1792.06
1687.78
457.022
259.688
641.567
1485.37
1444.79
355.508
83.3847
83.1269
83.341
83.4594
83.471
83.5481
83.8305
84.2385
84.3282
83.7739
83.0475
82.9576
83.079
83.5735
85.3504
99.129
447.283
1307.01
1635.79
1648.45
1655.18
1660.07
1663.24
1664.1
1662.15
1657.63
1652.82
1823.25
1817.72
1811.58
1806.53
1800.75
1769.13
872.046
246.591
233.957
1174.93
1448.11
1132.99
114.813
82.3724
82.8962
82.9932
83.0158
83.0089
82.9887
83.0009
83.0494
83.0409
82.9082
82.738
82.7105
82.709
82.7468
82.9773
83.9417
90.9207
423.511
1381.73
1639.34
1649.44
1655.07
1658.95
1660.82
1660.05
1656.91
1652.86
1830.86
1824.67
1818.83
1814.39
1798.59
1448.07
327.904
205.13
252.059
1421.82
1436.55
600.154
82.202
82.5656
82.6563
82.7009
82.7347
82.7471
82.7378
82.7222
82.7098
82.6871
82.6389
82.5848
82.566
82.5542
82.5442
82.555
82.6671
83.2459
89.762
484.614
1531.66
1644.71
1651.79
1656.24
1658.95
1659.8
1658.4
1655.81
1838.47
1831.92
1826.58
1816.61
1752.51
561.404
183.947
177.031
849.003
1507.03
1396.98
322.155
82.06
82.6523
82.6207
82.5855
82.5944
82.6024
82.5964
82.5816
82.5635
82.5423
82.5166
82.4911
82.4745
82.4597
82.4455
82.4317
82.4254
82.4754
82.874
94.9236
915.223
1617.87
1650.1
1655.35
1659.05
1661.49
1662.27
1661.38
1846.04
1840.22
1832.65
1797.11
979.703
174.404
157.499
211.93
1390.17
1492.64
1331.39
230.511
81.9131
82.5653
82.5292
82.483
82.488
82.4979
82.4977
82.4895
82.4766
82.4608
82.4433
82.4259
82.4103
82.3942
82.377
82.3596
82.3408
82.3254
82.3317
82.5251
145.571
1380.41
1649.72
1655.85
1660.93
1665.19
1668.33
1669.42
1852.63
1846.65
1821.48
1380.39
281.919
104.441
132.923
613.035
1548.64
1512.2
1355.84
271.989
81.9514
82.496
82.4556
82.4092
82.41
82.4192
82.4218
82.419
82.4123
82.4024
82.3902
82.3766
82.3624
82.3471
82.3305
82.3134
82.2972
82.2826
82.2713
82.294
82.5358
853.352
1641.64
1658.26
1664.73
1670.88
1676.36
1679.55
1860
1845.87
1703.67
451.344
74.4917
70.7804
109.376
1052.64
1549.76
1537.21
1496.55
518.255
81.9345
82.4674
82.4278
82.362
82.3525
82.3566
82.3598
82.3596
82.3572
82.3526
82.3454
82.3357
82.3238
82.3097
82.2936
82.2766
82.2603
82.2493
82.2512
82.2637
82.2187
440.121
1568.4
1662.9
1670.23
1678.21
1685.91
1690.99
1862.49
1813.86
764.297
64.8813
48.1305
50.4775
135.748
1228.88
1574.06
1565.63
1579.34
1157.64
131.486
82.1776
82.3483
82.3013
82.2863
82.2945
82.3002
82.3044
82.3051
82.3035
82.3
82.2942
82.2849
82.2719
82.2549
82.2348
82.2133
82.196
82.1948
82.1974
82.0487
349.709
1515.89
1670.48
1677.85
1687.08
1696.55
1703.06
1853.68
1403.99
200.715
30.5085
28.4337
29.8541
132.261
1256.31
1599.76
1594.1
1596.85
1604.66
859.382
81.4739
82.0975
82.2698
82.2706
82.2531
82.2484
82.2525
82.257
82.2573
82.2547
82.2499
82.2415
82.2285
82.2104
82.1872
82.162
82.1361
82.1311
82.1202
81.8993
419.967
1552.44
1680.31
1687.62
1697.18
1707.6
1714.94
1824.04
538.618
28.8997
17.2863
16.2263
16.4653
53.2702
1054.89
1624.99
1618.76
1620.18
1622.36
1614.15
832.537
83.5328
82.1274
82.3923
82.3748
82.2932
82.2506
82.2355
82.2269
82.2224
82.2153
82.2036
82.1857
82.1622
82.1363
82.1116
82.1002
82.1004
82.0751
81.8288
843.779
1652.05
1692.01
1699.42
1708.1
1718.4
1725.87
1538.47
182.323
14.1263
10.5695
10.1954
10.8027
11.2828
629.973
1648.86
1638.56
1640.76
1641.37
1641.26
1635.86
1024.49
187.31
81.3916
82.058
82.2842
82.3303
82.2877
82.2406
82.221
82.2133
82.2004
82.1803
82.1548
82.1373
82.1358
82.1262
82.0458
81.8048
482.873
1495.55
1695.62
1706.59
1712.18
1719.11
1728.27
1735.13
848.769
27.2203
7.58193
6.73247
6.78148
6.70732
7.57185
166.722
1366.71
1659.93
1658.72
1660.65
1659.99
1658.49
1658.98
1326.69
540.263
123.857
81.0439
81.9863
82.216
82.2837
82.3007
82.2966
82.2814
82.2582
82.2303
82.1903
82.1205
81.9506
95.3122
498.24
1428.89
1712.32
1717.25
1721.22
1724.49
1729.59
1736.3
1742.34
463.27
9.38109
4.78727
4.54246
4.54342
4.45339
5.07714
8.1124
568.554
1687.28
1676.27
1677.36
1678.81
1678.63
1676.1
1676.61
1580.94
1143.54
582.852
236.73
92.5493
81.4794
81.9945
82.1787
82.2428
82.2306
82.1168
81.7987
96.675
294.184
819.761
1505.46
1731.35
1732.91
1732.4
1734.07
1735.97
1739.34
1743.09
1747.77
233.464
4.93843
3.11685
3.02802
3.12516
3.20474
3.0865
2.50903
24.8406
961.614
1699.49
1692.78
1694.87
1697
1697.42
1696.16
1695
1695.9
1609.33
1352.81
1010.11
667.82
451.323
338.876
294.016
307.946
391.895
590.761
954.553
1374.97
1682.57
1744.13
1745.16
1745.48
1744.99
1745.81
1746.95
1748.46
1749.89
1752.35
99.7671
2.64071
2.05431
2.0835
2.12265
2.20355
1.94659
1.75033
1.55015
42.9549
1194.48
1714.98
1709.52
1711.89
1714.51
1716.17
1717.21
1717.96
1719.49
1723.03
1722.67
1678.04
1594.95
1518.75
1478.58
1491.25
1559.53
1661.41
1739.2
1754.56
1755.19
1755.86
1756.24
1756.44
1756.77
1757.2
1757.88
1757.86
1756.95
1757.19
39.0681
1.40707
1.36164
1.43404
1.46345
1.44137
1.36646
1.2647
1.14086
1.00451
84.9435
1162.89
1731.37
1724.44
1726.91
1730.04
1732.38
1734.5
1736.8
1738.98
1740.62
1744.85
1750.4
1754.91
1758.34
1760.28
1760.93
1761.06
1761.23
1761.8
1762.68
1763.69
1764.9
1766.29
1767.68
1768.79
1769.29
1768.43
1765.72
1764.31
13.8594
0.747732
0.883553
0.969723
1.00838
1.01156
0.981594
0.922524
0.847532
0.767125
0.692216
53.6353
954.868
1748.45
1738.1
1739.72
1742.62
1744.47
1745.79
1746.68
1746.51
1748.32
1750.9
1752.67
1754.08
1755.4
1756.76
1758.34
1760.35
1762.82
1765.65
1768.76
1772.15
1775.63
1778.68
1780.88
1781.84
1780.67
1776.69
1772.57
4.35045
0.480757
0.592141
0.672089
0.711229
0.723227
0.711205
0.67641
0.625123
0.56987
0.516327
0.482205
6.94994
669.971
1695.12
1752.18
1750.11
1751.39
1752.03
1750.77
1747.67
1747.31
1747.28
1746.76
1746.61
1747.3
1749.08
1752.01
1756.09
1761.07
1766.53
1772.16
1778.32
1785.08
1790.79
1794.45
1793.17
1773.63
1789.38
1782.08
0.530141
0.437116
0.470778
0.5085
0.529728
0.535717
0.526923
0.503453
0.466099
0.41781
0.362922
0.319946
0.305046
1.2302
406.979
1512.68
1765.96
1755.31
1754.64
1753.57
1747.71
1743.2
1740.7
1737.41
1735.23
1735.1
1737.36
1741.96
1748.5
1756.64
1766.16
1776.98
1629.33
1586.31
1723.79
1730.04
1768.08
1786.91
1805.93
1791.81
0.397914
0.406604
0.396639
0.398134
0.403405
0.404121
0.397425
0.382646
0.359898
0.329194
0.291627
0.254265
0.246135
0.318588
1.01817
190.481
939.577
1780.17
1757.5
1750.58
1745.1
1735.93
1728.48
1721.79
1716.36
1714.85
1717.78
1724.78
1735.22
1749.8
1694.65
1514.5
1515.94
1522.79
1610.37
1759.86
1783.2
1750.98
1031.71
446.211
0.268505
0.321246
0.303996
0.298024
0.301132
0.302742
0.299415
0.291156
0.278546
0.261753
0.240542
0.216384
0.198997
0.210636
0.308768
0.542794
4.5646
439.547
1589.16
1759.8
1734.32
1721.07
1708.21
1694.98
1683.98
1679.88
1684.05
1695.97
1714.63
1624.77
1462.21
1486.56
1571.13
1622.76
1664.42
1746.9
904.483
240.717
5.28984
-0.0172256
0.168149
0.248215
0.228071
0.222726
0.227838
0.229911
0.227046
0.221312
0.213764
0.204274
0.192178
0.176649
0.157922
0.139667
0.120155
0.116564
0.126529
1.35069
195.663
1011.43
1755.58
1697.5
1669.7
1647.15
1627.12
1618.51
1626.11
1649.7
1652.95
1475.44
1425.65
1522.68
1589.76
1645.36
862.544
225.908
10.7691
-0.00890897
0.103426
0.302354
0.0521195
0.188641
0.180607
0.187574
0.197015
0.191682
0.179795
0.170407
0.164597
0.160464
0.156786
0.157424
0.15794
0.145819
0.140285
0.144171
0.206546
0.398549
0.697333
13.1864
379.839
1544.66
1637.85
1573.97
1529.39
1511.25
1524.29
1567.62
1584.03
1491.91
1522.89
1249.76
618.181
231.504
21.1902
0.442921
0.107351
0.0251133
0.0868026
0.402929
-0.497734
-0.0559585
0.049446
0.130287
0.186113
0.187021
0.157919
0.135695
0.126885
0.12577
0.131013
0.148
0.163891
0.181305
0.220555
0.282314
0.447956
0.673125
0.968997
1.45932
1.30372
171.852
1253.81
1475.69
1299.57
1245.11
1264.41
1361.06
1543.56
941.731
304.437
96.9981
3.71
0.963791
0.507074
0.843057
0.432979
0.0325037
0.0118474
0.319772
-3.24143
-0.730023
-0.324183
-0.118504
0.0391413
0.130503
0.118299
0.101879
0.0968566
0.0999374
0.109095
0.127717
0.140631
0.15895
0.181796
0.217286
0.276878
0.333147
0.194428
-0.538244
-0.92874
-5.22341
82.4499
297.999
1006.98
1046.96
1081.86
689.16
202.333
5.02922
-5.40987
-4.21248
-1.20272
-0.192642
0.303885
0.333712
0.14956
-0.0450075
-0.0648311
0.103778
1454.53
1453.51
1451.74
1453.41
1448.7
1444.04
1440.19
1436.22
1432.1
1427.95
1423.86
1419.94
1416.3
1413.05
1410.32
1408.25
1406.99
1406.71
1407.61
1409.89
1413.76
1419.45
1427.12
1436.9
1448.82
1462.97
1479.56
1498.82
1520.51
1544.18
1569.37
1595.55
1622.18
1648.7
1674.53
1699.12
1721.95
1742.53
1760.44
1775.32
1455.91
1454.57
1453.23
1456.26
1458.74
1457.47
1455.76
1453.57
1450.9
1447.9
1444.72
1441.48
1438.28
1435.21
1432.35
1429.79
1427.62
1425.97
1424.95
1424.74
1425.51
1427.47
1430.88
1435.96
1442.92
1451.97
1463.61
1477.37
1493
1510.35
1529.16
1549.06
1569.64
1590.44
1610.97
1630.75
1649.29
1666.16
1680.96
1693.25
1466.71
1460.16
1463.46
1463.63
1464.02
1464.48
1464.58
1464.14
1463.13
1461.64
1459.8
1457.69
1455.42
1453.06
1450.68
1448.33
1446.09
1444.02
1442.21
1440.75
1439.76
1439.41
1439.85
1441.28
1443.9
1447.92
1453.51
1460.74
1469.55
1479.85
1491.47
1504.17
1517.64
1531.54
1545.48
1559.06
1571.89
1583.61
1593.88
1602.27
1482.1
1476.66
1469.42
1465.68
1464.95
1465.25
1465.71
1465.95
1465.81
1465.26
1464.29
1462.97
1461.34
1459.46
1457.36
1455.09
1452.7
1450.25
1447.79
1445.42
1443.25
1441.42
1440.1
1439.49
1439.75
1441.09
1443.66
1447.52
1452.71
1459.18
1466.84
1475.51
1484.94
1494.85
1504.93
1514.86
1524.32
1533.01
1540.64
1546.99
1495.08
1485.57
1474.3
1468.21
1465.91
1465.29
1465.29
1465.42
1465.43
1465.15
1464.51
1463.51
1462.13
1460.4
1458.34
1455.97
1453.33
1450.47
1447.45
1444.36
1441.34
1438.56
1436.21
1434.52
1433.61
1433.63
1434.79
1437.21
1440.84
1445.64
1451.61
1458.56
1466.19
1474.19
1482.28
1490.22
1497.75
1504.67
1510.74
1515.78
1500.91
1490.02
1478.06
1470.77
1467.3
1465.73
1465.03
1464.69
1464.4
1463.95
1463.21
1462.11
1460.6
1458.66
1456.3
1453.51
1450.33
1446.79
1442.97
1439
1435.06
1431.5
1428.79
1427.23
1426.56
1426.56
1428.06
1431.22
1434.85
1438.92
1444.34
1451.05
1458.49
1466.18
1473.71
1480.79
1487.3
1493.16
1498.27
1502.53
1500.93
1491.03
1480.07
1472.84
1468.9
1466.72
1465.42
1464.53
1463.76
1462.88
1461.72
1460.19
1458.2
1455.7
1452.67
1449.08
1444.93
1440.27
1435.17
1429.8
1424.46
1419.95
1417.68
1417.26
1415.67
1414.76
1420.94
1430.39
1438.71
1444.76
1451.07
1457.93
1464.41
1471.16
1478.22
1484.94
1490.85
1495.92
1500.23
1503.86
1497.48
1489.57
1480.64
1474.42
1470.71
1468.36
1466.7
1465.36
1464.08
1462.64
1460.89
1458.7
1455.98
1452.62
1448.57
1443.73
1438.06
1431.49
1424
1415.55
1406.1
1396.14
1388.48
1370.74
1333
1305.9
1318.42
1320.05
1345.38
1403.88
1447.79
1479.87
1493.74
1497.88
1500.24
1503.52
1507.44
1511.09
1514.21
1516.89
1492.04
1486.57
1480.27
1475.7
1472.74
1470.62
1468.87
1467.24
1465.53
1463.55
1461.15
1458.22
1454.63
1450.27
1444.99
1438.66
1431.09
1422.02
1411.18
1398.1
1381.86
1360.64
1333.87
1289.56
1182.43
1145.14
1131.79
1117.24
1127.33
1175.65
1232.12
1343.21
1466.62
1530.04
1543.92
1540.71
1537.34
1536.8
1537.58
1538.7
1485.57
1482.93
1479.47
1476.87
1474.99
1473.39
1471.8
1470.06
1468.04
1465.61
1462.65
1459.04
1454.67
1449.41
1443.12
1435.62
1426.69
1416.04
1403.34
1388.14
1369.56
1345.48
1313.63
1276.46
1161.52
1109.97
1110.72
1110.37
1109.94
1108.95
1110.25
1113.03
1192.04
1378.5
1545.03
1586.99
1580.88
1571.08
1566.77
1565.55
1479.37
1479.26
1478.64
1478.08
1477.42
1476.51
1475.25
1473.58
1471.4
1468.66
1465.27
1461.14
1456.17
1450.26
1443.27
1435.04
1425.4
1414.11
1400.91
1385.53
1367.51
1345.5
1317.83
1291.74
1215.44
1110.65
1108.52
1108.83
1108.6
1108.39
1108.39
1108.48
1109.04
1120.6
1305.64
1552.55
1620.05
1611.64
1598.79
1593.34
1473.79
1475.93
1477.95
1479.35
1479.94
1479.8
1478.99
1477.5
1475.32
1472.42
1468.76
1464.3
1458.95
1452.65
1445.28
1436.74
1426.88
1415.53
1402.52
1387.69
1370.82
1351.08
1327.03
1302.66
1268.72
1126.99
1108.56
1108.82
1108.74
1108.66
1108.62
1108.49
1108.43
1109.5
1113.69
1302.04
1591.31
1645.41
1632.51
1620.07
1469.04
1473.09
1477.44
1480.62
1482.4
1483.06
1482.75
1481.55
1479.48
1476.57
1472.82
1468.21
1462.71
1456.28
1448.84
1440.34
1430.68
1419.76
1407.49
1393.8
1378.64
1361.62
1341.55
1319.34
1311.17
1176.89
1108.27
1108.54
1108.47
1108.34
1108.25
1108.13
1107.79
1107.23
1107.48
1125.22
1390.63
1630.65
1656.88
1643.25
1465.65
1470.87
1477.14
1481.86
1484.71
1486.12
1486.34
1485.48
1483.62
1480.83
1477.13
1472.55
1467.1
1460.76
1453.5
1445.31
1436.14
1425.95
1414.72
1402.44
1389.18
1374.84
1358.71
1340.45
1328.46
1264.72
1116.75
1108.23
1108.23
1108.11
1108.12
1108.09
1107.38
1105.47
1103.83
1105.43
1192.52
1559.73
1661.92
1661.92
1462.91
1469.28
1477.07
1483.05
1486.82
1488.9
1489.63
1489.15
1487.57
1484.98
1481.46
1477.06
1471.82
1465.74
1458.84
1451.13
1442.62
1433.32
1423.25
1412.45
1401.03
1389.09
1376.35
1362.15
1349.56
1341.46
1160
1107.81
1107.79
1107.65
1107.7
1107.95
1109.02
1106.69
1102.68
1103.58
1117.24
1374.45
1640.51
1675.33
1459.88
1468.38
1477.37
1484.3
1488.78
1491.43
1492.61
1492.5
1491.24
1488.93
1485.68
1481.56
1476.63
1470.93
1464.51
1457.39
1449.61
1441.23
1432.28
1422.87
1413.08
1403.09
1392.86
1381.87
1370.89
1370.51
1246.24
1107.89
1106.47
1106.15
1105.92
1105.83
1108.55
1106.74
1103.31
1103.78
1108.63
1236.18
1606.08
1677.87
1456.14
1467.39
1478.33
1485.82
1490.76
1493.81
1495.36
1495.58
1494.63
1492.64
1489.71
1485.94
1481.4
1476.16
1470.28
1463.79
1456.76
1449.26
1441.35
1433.11
1424.69
1416.24
1407.8
1399
1390.02
1388.05
1312.89
1115.83
1103.84
1103.63
1103.41
1102.55
1104.77
1103.23
1102.28
1102.15
1103.61
1155.95
1522.11
1676.26
1456.73
1466.25
1479.79
1487.58
1492.78
1496.1
1497.93
1498.46
1497.81
1496.14
1493.57
1490.19
1486.09
1481.35
1476.02
1470.17
1463.86
1457.15
1450.13
1442.88
1435.52
1428.19
1420.93
1413.33
1405.52
1404.33
1322.54
1114.17
1100.89
1101.18
1101.09
1099.4
1100.77
1097.46
1098.56
1097.87
1097.55
1112.95
1402.55
1670.83
1461.53
1469.38
1481.57
1489.56
1494.9
1498.41
1500.46
1501.24
1500.89
1499.54
1497.33
1494.36
1490.72
1486.48
1481.71
1476.47
1470.83
1464.83
1458.57
1452.12
1445.57
1439.05
1432.55
1425.54
1418.36
1418.97
1314.86
1107.83
1098.1
1098.51
1098.14
1097.53
1096.98
1093.94
1094.68
1093.68
1093.7
1100.13
1321.5
1657.5
1465.63
1474.34
1484.27
1492.02
1497.35
1500.92
1503.12
1504.1
1504
1502.97
1501.12
1498.55
1495.36
1491.61
1487.39
1482.73
1477.7
1472.34
1466.72
1460.89
1454.95
1448.98
1442.84
1435.83
1428.77
1432.49
1276.14
1096.62
1093.06
1093.22
1092.49
1093.8
1095.61
1094.25
1090.06
1085.72
1084.58
1092.89
1270.28
1638.32
1460.24
1478.3
1488.09
1495.34
1500.42
1503.9
1506.12
1507.22
1507.33
1506.57
1505.05
1502.88
1500.13
1496.86
1493.15
1489.04
1484.58
1479.81
1474.74
1469.43
1463.91
1458.21
1451.94
1444.09
1436.28
1435.85
1207.65
1089.28
1087.97
1087.53
1086.89
1089.31
1094.23
1093.54
1084.48
1067.56
1054.43
1059.26
1232.2
1619.23
1464.03
1473.6
1492.04
1499.48
1504.17
1507.44
1509.59
1510.74
1511
1510.48
1509.27
1507.47
1505.14
1502.35
1499.15
1495.58
1491.68
1487.48
1483
1478.24
1473.22
1467.85
1461.54
1453.29
1446.52
1412.92
1139.11
1081.24
1080.67
1081.07
1079.8
1077.76
1078.73
1086.46
1088.02
1074.16
1044.21
1027.54
1191.86
1597.84
1470.21
1475.49
1496.3
1504.27
1508.53
1511.55
1513.59
1514.75
1515.13
1514.81
1513.89
1512.44
1510.51
1508.18
1505.49
1502.47
1499.16
1495.6
1491.79
1487.76
1483.54
1479
1473.64
1467.32
1465.72
1355.37
1079.46
1059.25
1064.23
1067.86
1066.25
1055.49
1040.87
1024.34
1042.12
1115.25
1141.24
1153.27
1316.48
1608.62
1489.9
1492.49
1502.92
1509.72
1513.55
1516.3
1518.2
1519.35
1519.81
1519.67
1519
1517.87
1516.34
1514.44
1512.24
1509.76
1507.05
1504.11
1500.99
1497.71
1494.27
1490.58
1486.27
1481.82
1482.66
1241.01
1037.96
1035
1040.73
1047.55
1050.62
1032.69
1009.45
1003.4
1019.39
1086.3
1203.7
1447.75
1563.27
1646.31
1499.49
1505.88
1511.13
1516.03
1519.39
1521.83
1523.55
1524.64
1525.14
1525.14
1524.69
1523.85
1522.67
1521.19
1519.46
1517.51
1515.37
1513.06
1510.63
1508.12
1505.52
1502.88
1500.24
1497.57
1464.02
1116.32
1010.6
1011.83
1016.6
1026.37
1026.66
1015.36
1006.37
1010.4
1021.47
1045.47
1167.96
1564.15
1656.05
1664.34
1478.16
1514.47
1519.95
1523.57
1526.3
1528.32
1529.77
1530.71
1531.21
1531.29
1531.01
1530.42
1529.56
1528.46
1527.17
1525.71
1524.12
1522.43
1520.71
1518.98
1517.37
1516.17
1516.02
1515.31
1383.74
1024.47
985.805
990.407
996.917
1001.55
998.008
1004.11
1001.74
1002.98
1009.79
1014.75
1132.66
1572.78
1664.35
1648.68
1480.24
1517.23
1529.42
1532.14
1534.15
1535.68
1536.8
1537.56
1538
1538.12
1537.98
1537.59
1537
1536.23
1535.31
1534.28
1533.14
1531.94
1530.72
1529.49
1528.37
1527.73
1527.76
1524.89
1240.28
982.899
977.274
980.084
986.91
984.764
979.158
991.792
990.69
993.303
995.273
995.221
1057.95
1503.26
1669.53
1632.94
1489.59
1499.98
1538.79
1541.45
1542.75
1543.77
1544.56
1545.12
1545.46
1545.6
1545.56
1545.34
1544.98
1544.5
1543.91
1543.25
1542.51
1541.69
1540.84
1539.94
1539.06
1538.33
1536.84
1502.22
1103.84
977.401
975.807
977.15
984.288
979.685
977.37
980.096
983.207
984.896
984.546
982.3
997.183
1328.87
1654.24
1626.12
1499.71
1510.72
1549.15
1551
1551.74
1552.36
1552.87
1553.26
1553.53
1553.67
1553.71
1553.65
1553.49
1553.27
1552.99
1552.67
1552.34
1551.96
1551.61
1551.29
1551.19
1551.45
1550.52
1421.31
1021.11
972.807
973.973
978.614
983.479
977.492
977.412
977.946
979.03
979.932
979.868
978.299
979.724
1185.19
1612.96
1619.97
1547.69
1548
1559.38
1560.52
1560.93
1561.3
1561.63
1561.9
1562.11
1562.28
1562.39
1562.45
1562.48
1562.48
1562.47
1562.46
1562.48
1562.52
1562.67
1562.97
1563.65
1565.07
1565.56
1322.61
977.865
969.043
971.446
978.057
980.045
975.365
975.589
975.832
976.409
977.187
977.663
976.902
976.256
1122.01
1542.7
1612.21
1571.1
1570.87
1570.33
1570.71
1570.72
1570.8
1570.93
1571.07
1571.23
1571.39
1571.56
1571.72
1571.89
1572.07
1572.27
1572.5
1572.76
1573.1
1573.55
1574.16
1575
1576.33
1575.57
1261.42
974.282
969.494
972.169
976.137
976.186
972.541
972.839
972.948
973.181
973.569
973.994
974.553
974.531
1100.99
1501.25
1604.7
1583.03
1582.42
1581.65
1581.18
1580.87
1580.71
1580.66
1580.69
1580.8
1580.96
1581.16
1581.4
1581.68
1582
1582.37
1582.78
1583.23
1583.8
1584.46
1585.25
1586.14
1587.29
1582.79
1228.65
972.647
970.273
972.607
974.616
973.702
969.448
969.783
969.774
969.675
969.426
969.198
971.06
973.904
1095.71
1480.33
1598.05
1594.96
1593.93
1592.84
1591.93
1591.34
1590.97
1590.77
1590.7
1590.75
1590.9
1591.13
1591.43
1591.79
1592.22
1592.72
1593.27
1593.88
1594.62
1595.47
1596.46
1597.56
1599.08
1592.17
1216.6
969.451
968.972
970.37
973.146
970.518
966.44
966.867
966.872
966.653
966.129
965.667
967.104
970.818
1092.25
1467.65
1569.33
1606.82
1605.52
1604.06
1602.89
1602.06
1601.52
1601.18
1601.03
1601.03
1601.16
1601.4
1601.74
1602.17
1602.67
1603.25
1603.9
1604.61
1605.45
1606.4
1607.42
1608.49
1609.95
1604.39
1226.1
966.796
967.453
967.626
971.653
965.772
963.819
964.39
964.512
964.43
964.129
963.917
964.483
966.408
1084.67
1470.84
1482.12
1618.53
1617.08
1615.33
1613.94
1612.94
1612.26
1611.82
1611.59
1611.55
1611.66
1611.91
1612.28
1612.75
1613.3
1613.94
1614.65
1615.41
1616.25
1617.18
1618.1
1618.79
1619.43
1618.3
1281.49
964.831
965.958
965.264
964.308
962.466
962.038
962.424
962.595
962.643
962.619
962.605
962.787
963.552
1056.52
1500.17
1555.68
1629.67
1628.56
1626.6
1625.02
1623.9
1623.11
1622.6
1622.32
1622.24
1622.34
1622.6
1622.98
1623.49
1624.09
1624.78
1625.55
1626.37
1627.24
1628.16
1629.06
1629.59
1629.65
1631.03
1405.91
967.415
963.716
962.588
961.647
960.948
960.826
960.906
960.965
960.998
961.062
961.155
961.295
961.627
1027.06
1477.96
1555.32
1638.42
1639.85
1637.79
1636.08
1634.87
1634.01
1633.44
1633.12
1633.02
1633.12
1633.38
1633.8
1634.34
1634.99
1635.73
1636.57
1637.47
1638.44
1639.47
1640.54
1641.31
1641.63
1642.95
1537.59
1023.43
960.046
959.761
959.568
959.384
959.319
959.31
959.321
959.356
959.466
959.67
959.781
959.409
994.139
1413.47
1553.06
1649.11
1649.18
1648.82
1647.04
1645.77
1644.87
1644.26
1643.92
1643.81
1643.91
1644.2
1644.64
1645.22
1645.92
1646.73
1647.64
1648.61
1649.65
1650.75
1651.92
1652.9
1653.29
1654
1629.85
1166.55
956.844
957.699
957.798
957.713
957.65
957.608
957.579
957.585
957.687
957.906
957.838
956.981
971.868
1351.39
1548.44
1659.77
1658.21
1658.83
1657.81
1656.52
1655.6
1654.98
1654.63
1654.53
1654.65
1654.96
1655.45
1656.08
1656.84
1657.72
1658.7
1659.76
1660.87
1662.03
1663.26
1664.36
1664.77
1664.59
1666.88
1391.19
955.899
957.031
956.682
956.305
956.076
955.904
955.762
955.634
955.578
955.592
955.317
954.855
960.733
1303.87
1547.94
1670.16
1668.65
1666.67
1668.33
1667.05
1666.13
1665.51
1665.17
1665.09
1665.24
1665.6
1666.14
1666.84
1667.68
1668.65
1669.72
1670.89
1672.11
1673.4
1674.75
1676.1
1676.96
1676.83
1678.31
1587.58
1033.28
956.037
954.904
954.526
954.249
954.024
953.792
953.589
953.272
952.952
952.537
953.15
956.414
1270.37
1550.39
1682.78
1678.86
1677.52
1678.49
1677.31
1676.4
1675.79
1675.48
1675.43
1675.62
1676.03
1676.63
1677.42
1678.35
1679.43
1680.63
1681.92
1683.28
1684.73
1686.26
1687.84
1689.22
1689.67
1689.87
1685.14
1279.07
951.531
953.067
952.767
952.344
952.076
951.88
951.574
951.129
950.635
950.284
950.987
953.621
1243.78
1553.6
1693.86
1691.75
1689.91
1688.33
1687.25
1686.34
1685.76
1685.47
1685.46
1685.7
1686.18
1686.86
1687.74
1688.79
1689.99
1691.33
1692.79
1694.33
1695.93
1697.72
1699.55
1701.37
1702.59
1702.76
1706.05
1564.99
994.364
951.681
950.663
950.363
950.193
949.952
949.685
949.325
949.002
948.836
949.182
950.404
1222.64
1557.06
1703.37
1701.87
1699.82
1697.99
1696.78
1695.9
1695.34
1695.08
1695.12
1695.42
1695.97
1696.74
1697.73
1698.9
1700.25
1701.76
1703.41
1705.17
1706.99
1708.97
1711.12
1713.31
1715.25
1716.15
1717.35
1705.71
1225.14
947.166
948.744
948.595
948.248
948.009
947.824
947.573
947.431
947.407
947.574
947.915
1212.69
1545.72
1712.52
1711
1708.93
1707.16
1705.87
1705
1704.46
1704.24
1704.33
1704.7
1705.33
1706.21
1707.31
1708.63
1710.15
1711.84
1713.71
1715.71
1717.8
1720.03
1722.46
1725.02
1727.55
1729.41
1730.26
1734.94
1557.2
981.984
947.395
946.467
946.193
946.011
945.855
945.649
945.536
945.571
945.713
945.737
1212.03
1539.5
1721.27
1719.72
1717.59
1715.78
1714.48
1713.61
1713.09
1712.9
1713.04
1713.48
1714.21
1715.2
1716.44
1717.92
1719.62
1721.53
1723.62
1725.9
1728.31
1730.82
1733.52
1736.47
1739.47
1742.22
1743.84
1745.96
1729.76
1210.4
943.101
944.511
944.301
943.937
943.734
943.583
943.447
943.489
943.604
943.431
1238.35
1547.16
1729.61
1727.98
1725.76
1723.88
1722.55
1721.66
1721.15
1721
1721.2
1721.72
1722.55
1723.67
1725.07
1726.73
1728.64
1730.77
1733.13
1735.69
1738.44
1741.3
1744.35
1747.62
1751.11
1754.58
1757.34
1759.08
1765.02
1565.86
978.382
942.932
941.965
941.654
941.457
941.283
941.197
941.225
941.301
940.984
1280.51
1556.98
1737.47
1735.75
1733.39
1731.42
1730.03
1729.11
1728.61
1728.5
1728.76
1729.37
1730.32
1731.59
1733.16
1735.02
1737.15
1739.55
1742.19
1745.06
1748.16
1751.44
1754.83
1758.48
1762.4
1766.45
1770.24
1772.89
1776.18
1756.75
1207.96
938.472
939.764
939.484
939.088
938.818
938.772
938.813
938.85
938.312
1339.08
1574.71
1744.83
1742.97
1740.45
1738.34
1736.87
1735.92
1735.42
1735.34
1735.67
1736.39
1737.48
1738.91
1740.67
1742.75
1745.14
1747.81
1750.76
1753.97
1757.43
1761.11
1764.95
1769
1773.3
1777.92
1782.51
1786.38
1789.27
1796.89
1565.24
967.471
937.907
936.787
936.395
936.217
936.222
936.423
936.559
935.472
1401.19
1567.62
1751.63
1749.6
1746.87
1744.61
1743.04
1742.04
1741.54
1741.51
1741.91
1742.74
1743.98
1745.59
1747.56
1749.89
1752.54
1755.51
1758.78
1762.35
1766.18
1770.27
1774.59
1779.04
1783.79
1788.83
1794.08
1798.99
1802.75
1807.71
1769.64
1156.43
933.139
933.915
933.637
933.501
933.713
934.557
935.638
933.559
1479.27
1571.1
1757.83
1755.61
1752.64
1750.17
1748.45
1747.43
1746.94
1746.94
1747.43
1748.38
1749.77
1751.57
1753.77
1756.34
1759.28
1762.56
1766.18
1770.1
1774.32
1778.83
1783.6
1788.56
1793.74
1799.2
1805.02
1810.77
1815.66
1819.87
1829.02
1480.63
935.048
931.136
930.178
929.8
929.875
930.718
933.433
960.169
1557.51
1571.75
1763.37
1760.94
1757.69
1754.99
1753.14
1752.02
1751.57
1751.61
1752.18
1753.25
1754.8
1756.79
1759.21
1762.04
1765.27
1768.87
1772.83
1777.12
1781.73
1786.63
1791.91
1797.38
1803.04
1809.03
1815.35
1821.9
1827.99
1833.22
1841.58
1713.22
1026.32
925.637
924.836
924.662
924.588
924.526
923.578
1149.22
1606.43
1603.16
1768.22
1765.55
1762
1759.07
1757.06
1755.87
1755.34
1755.46
1756.1
1757.29
1758.98
1761.16
1763.8
1766.85
1770.4
1774.31
1778.62
1783.31
1788.3
1793.61
1799.37
1805.39
1811.59
1818.07
1824.86
1832.03
1838.95
1845
1852.3
1825.76
1204.49
918.885
919.702
919.873
920.028
920.092
918.305
1325.66
1610.8
1594.16
1772.3
1769.38
1765.51
1762.34
1760.16
1758.87
1758.29
1758.43
1759.15
1760.43
1762.26
1764.61
1767.37
1770.64
1774.51
1778.82
1783.49
1788.57
1794
1799.79
1805.99
1812.6
1819.36
1826.37
1833.68
1841.29
1848.74
1855.06
1861.24
1868.4
1379.65
915.43
916.161
915.981
916.562
917.781
915.677
1509.53
1598.54
1560.9
1775.57
1772.38
1768.18
1764.76
1762.41
1761.01
1760.38
1760.46
1761.27
1762.64
1764.59
1767.04
1769.98
1773.55
1777.62
1782.31
1787.38
1792.88
1798.79
1805.08
1811.85
1819.02
1826.5
1834.19
1842.17
1850.45
1858.64
1865.75
1871.83
1884.72
1541.87
921.474
910.787
909.742
910.429
913.287
1081.1
1616.23
1593.25
1559.88
1777.95
1774.49
1769.95
1766.27
1763.79
1762.23
1761.54
1761.63
1762.44
1763.87
1765.93
1768.5
1771.64
1775.43
1779.77
1784.67
1790.23
1796.17
1802.61
1809.45
1816.85
1824.7
1832.98
1841.55
1850.46
1859.7
1869.01
1877.57
1885.12
1897.84
1677.94
969.911
899.38
900.106
901.612
898.079
1459.8
1626.12
1591.63
1555.37
1779.29
1775.63
1770.79
1766.85
1764.21
1762.55
1761.78
1761.86
1762.65
1764.13
1766.27
1768.98
1772.26
1776.25
1780.84
1786.03
1791.97
1798.34
1805.29
1812.74
1820.81
1829.45
1838.59
1848.25
1858.17
1868.5
1878.95
1888.64
1897.17
1909.2
1690.71
961.041
881.829
884.841
890.254
987.154
1612.35
1604.23
1571.37
1574.01
1777.33
1775.81
1770.65
1766.48
1763.66
1761.93
1761.1
1761.11
1761.89
1763.4
1765.6
1768.45
1771.85
1775.96
1780.75
1786.28
1792.46
1799.22
1806.66
1814.72
1823.49
1833
1843.21
1854.13
1865.43
1877.32
1889.58
1901.41
1912.56
1925.47
1670.99
925.102
862.144
866.056
861.935
1493.98
1632.06
1585.79
1556.99
1669.31
1776.27
1774.89
1769.34
1765.14
1762.17
1760.34
1759.44
1759.41
1760.18
1761.69
1763.91
1766.82
1770.38
1774.53
1779.47
1785.19
1791.52
1798.59
1806.44
1815.07
1824.51
1834.92
1846.36
1858.64
1871.71
1885.68
1900.45
1915.73
1931.62
1946.03
1601.53
851.426
831.362
848.73
1018
1641.71
1597.66
1543.12
1538.96
1704.94
1774.51
1772.94
1767.15
1762.82
1759.73
1757.82
1756.87
1756.79
1757.53
1759.01
1761.22
1764.13
1767.71
1771.96
1776.9
1782.57
1788.99
1796.22
1804.34
1813.42
1823.49
1834.77
1847.33
1861.16
1876.3
1892.83
1910.95
1931.57
1954.7
1966.96
1433.97
807.172
809.103
802.685
1537.3
1602.64
1576.05
1530.64
1570.43
1705.87
1771.62
1769.96
1763.99
1759.54
1756.38
1754.41
1753.41
1753.3
1753.99
1755.43
1757.58
1760.4
1763.89
1768.04
1772.86
1778.4
1784.73
1791.93
1800.1
1809.37
1819.88
1831.8
1845.32
1860.67
1878.01
1897.63
1920.54
1949.28
1982.56
1958.77
1194.18
784.928
791.573
1138.13
1590.8
1559.87
1498.03
1510.4
1690.56
1702.76
1767.58
1765.93
1759.83
1755.31
1752.16
1750.18
1749.17
1749.03
1749.67
1751.03
1753.07
1755.74
1759.03
1762.93
1767.45
1772.66
1778.64
1785.49
1793.35
1802.37
1812.74
1824.64
1838.29
1853.89
1871.54
1891.44
1914.76
1942.84
1964.04
1789.63
881.561
748.505
719.542
1525.01
1544.97
1506.58
1489.85
1538.78
1693.45
1697.95
1762.4
1760.85
1754.79
1749.92
1747.19
1745.25
1744.26
1744.11
1744.71
1745.97
1747.85
1750.29
1753.27
1756.75
1760.77
1765.39
1770.7
1776.87
1784.05
1792.47
1802.36
1814.04
1827.86
1844.25
1863.72
1887.4
1918.04
1957.89
1990.05
1493.07
781.252
682.209
1318.69
1556.02
1559.04
1471.58
1482.29
1684.82
1695.2
1699.86
1756.36
1754.72
1748.91
1744.07
1741.28
1739.76
1738.86
1738.73
1739.3
1740.44
1742.11
1744.24
1746.77
1749.66
1752.92
1756.61
1760.85
1765.79
1771.66
1778.69
1787.13
1797.26
1809.39
1823.88
1841.08
1861.68
1886.85
1913.56
1820.84
947.582
765.555
874.752
1527.36
1545.26
1450.36
1473.25
1591.32
1694.9
1700.67
1706.77
1749.64
1747.63
1742.22
1737.71
1735.04
1733.61
1733.16
1733.09
1733.64
1734.68
1736.11
1737.86
1739.84
1741.99
1744.26
1746.69
1749.37
1752.56
1756.51
1761.52
1767.88
1775.81
1785.55
1797.3
1811
1825.2
1837.87
1848.21
1312.94
833.142
721.464
1523.41
1617.37
1560.79
1474.7
1510.85
1708.57
1709.98
1715.06
1719.28
1741.09
1739.73
1734.89
1730.99
1728.73
1727.43
1727.18
1727.42
1727.97
1728.92
1730.15
1731.55
1732.99
1734.33
1735.44
1736.23
1736.84
1737.56
1738.77
1741.62
1745.7
1751.67
1760.03
1771.3
1785.41
1802.15
1826.2
1538.76
810.88
802.085
1340.02
1656.22
1651.69
1471.29
1482.59
1707.08
1722.35
1725.71
1729.7
1732.47
1731.68
1731.17
1727.19
1724.11
1722.41
1721.51
1721.22
1721.91
1722.56
1723.5
1724.65
1725.86
1726.93
1727.6
1727.47
1726.21
1723.86
1721.05
1717.87
1718.04
1718.89
1721.71
1726.86
1734.11
1742.79
1756.29
1647.33
853.741
803.502
982.175
1692.29
1686.25
1549.45
1501.3
1635.84
1740.33
1740.26
1742.89
1744.92
1746.33
1721.7
1722.18
1719.47
1717.33
1716.3
1715.9
1715.91
1716.7
1717.64
1718.75
1720.07
1721.45
1722.66
1723.27
1722.5
1719.03
1711.77
1696.51
1695.5
1690.74
1687.74
1686.43
1686.16
1684.79
1684.7
1691.01
1054.58
788.231
783.86
1681.4
1728.81
1728.5
1464.57
1525.44
1763.44
1757.46
1757.71
1758.51
1758.97
1759.37
1712.18
1712.98
1711.93
1710.91
1710.94
1711.09
1711.17
1712.12
1713.36
1714.86
1716.75
1718.97
1721.56
1724.55
1726.41
1720.45
1700.88
1653.1
1668.48
1660.33
1654.33
1649.23
1642.56
1633.45
1643.75
1274.06
695.441
755.265
1398.18
1741.91
1734.16
1747.36
1486.52
1741.33
1773.33
1771.52
1771.49
1771.15
1770.83
1770.71
1703.27
1703.79
1704.57
1705.2
1705.76
1706.32
1707.01
1707.99
1709.48
1711.55
1714.39
1718.33
1724.69
1735.41
1744.74
1663.04
1478.84
1647.24
1631.21
1623.93
1617.1
1607.95
1593.71
1582.35
1371.66
568.112
667.096
926.857
1745.1
1713.51
1701.23
1465.13
1586.56
1798.97
1788.94
1785.34
1783.27
1781.75
1780.76
1780.26
1692.71
1694.75
1697.37
1699.37
1700.61
1701.49
1702.3
1703.26
1704.61
1706.64
1709.66
1714.48
1724.06
1742.21
1576.44
1028.91
1160.65
1605.65
1586.71
1585.67
1581.4
1569.64
1550.26
1457.2
668.338
437.665
570.637
1446.13
1726.03
1676.72
1287.53
1188.95
1805.01
1803.48
1795.09
1791.48
1789.45
1788.21
1787.52
1787.29
1682.44
1686.03
1690.42
1693.53
1695.23
1696.11
1696.55
1696.77
1697.06
1697.75
1699.32
1702.5
1708.94
1630.67
1026.36
399.379
1087.06
1554.54
1548.74
1557.79
1556.55
1543.33
1372.19
677.907
204.221
308.984
537.669
1520.62
1694.71
1471.54
831.929
1177.07
1794.41
1795.57
1792.62
1791.13
1790.86
1791.03
1791.45
1792.06
1672.92
1677.82
1683.59
1687.43
1689.24
1689.7
1689.21
1688
1686.35
1684.9
1684.31
1682.48
1632.94
1123.23
399.234
239.211
887.135
1521.11
1543.59
1507.17
1369.73
1045.25
484.15
128.758
130.378
166.418
480.507
1483.69
1664.56
1324.23
706.388
1183.03
1768.47
1782.13
1784.84
1786.98
1789.46
1791.73
1793.7
1795.47
1664.56
1670.33
1676.88
1680.93
1682.49
1682.11
1680.25
1677.15
1673.27
1669.27
1662.9
1590.64
1072.17
341.128
129.607
136.939
489.445
896.453
904.985
674.483
419.202
201.293
103.218
98.5462
99.0714
107.041
337.296
1390.09
1608.45
1267.63
621.804
957.048
1754.88
1778.38
1782.19
1785.14
1789.08
1792.82
1796.02
1798.79
1657.81
1663.87
1670.51
1674.3
1675.18
1673.72
1670.4
1665.64
1659.84
1650.52
1543.9
930.448
255.505
100.571
93.5188
103.452
128.402
140.613
136.853
107.883
99.3196
94.3924
91.2551
89.9266
89.629
89.8708
163.863
1111.4
1536.79
1363.19
532.77
542.772
1629.33
1775.94
1783.8
1785.75
1789.94
1794.71
1798.93
1802.55
1653.12
1658.83
1664.85
1667.89
1667.8
1665.17
1660.56
1654.21
1643.49
1506.94
790.475
177.923
93.4038
89.023
87.8209
89.2216
90.9046
93.8698
93.1767
91.2694
89.7291
88.6504
88.052
87.8324
87.6072
87.4282
88.8947
635.76
1493.86
1459.69
551.365
326.265
816.698
1755.79
1782.71
1786.91
1791.36
1797.11
1802.45
1806.97
1650.89
1655.66
1660.42
1662.34
1661.2
1657.68
1652.23
1642.78
1514.01
714.658
136.513
90.1811
87.7335
87.0962
86.9222
86.9897
87.6444
88.1993
88.0982
87.7653
87.4876
87.3095
87.2463
87.2455
87.2162
87.118
86.7555
239.849
1420.5
1464.55
950.975
285.981
398.197
1522.78
1781.17
1792.09
1795.86
1801.41
1807.36
1812.6
1651.23
1654.77
1657.75
1658.27
1656.21
1652.16
1645.16
1586.5
720.955
122.176
88.5111
87.0634
86.7394
86.6728
86.6609
86.682
86.8288
86.9556
86.9435
86.8843
86.8471
86.836
86.8399
86.8365
86.8214
86.7545
86.3686
95.7772
968.077
1438.56
1318.91
246.138
254.538
657.273
1757.33
1793.41
1800.75
1806.22
1812.82
1819
1654.27
1656.43
1657.32
1656.25
1653.39
1648.61
1624.23
970.712
130.839
87.5928
86.6817
86.5137
86.4952
86.5013
86.5072
86.5203
86.562
86.5994
86.6045
86.6016
86.6055
86.6126
86.6142
86.6022
86.5788
86.56
86.5034
86.0966
537.126
1440.5
1462.21
426.437
223.808
280.685
1270.27
1790.22
1808.5
1813.84
1819.99
1826.63
1660.47
1660.68
1659.24
1656.38
1652.44
1646.51
1367.07
170.091
87.0616
86.4651
86.379
86.3797
86.3916
86.4022
86.4121
86.4228
86.4394
86.4546
86.4625
86.4688
86.4761
86.482
86.4827
86.4744
86.4692
86.5104
86.544
85.9356
314.719
1390.41
1498.08
1096.72
200.99
198.202
468.881
1696.88
1810.51
1821.92
1827.48
1834.28
1669.21
1667.25
1663.29
1658.47
1653.12
1609.82
729.804
86.8773
86.3854
86.3202
86.3207
86.3258
86.3327
86.3409
86.3491
86.3569
86.3655
86.3733
86.379
86.3836
86.387
86.3879
86.3836
86.3719
86.3696
86.4205
86.4467
85.7887
232.416
1325.81
1493.37
1478.99
273.393
170.72
171.798
831.223
1788.61
1826.72
1835.41
1841.63
1679.96
1675.81
1669.22
1662.07
1655.64
1425.12
243.152
86.2943
86.3012
86.2829
86.2742
86.2769
86.2841
86.2923
86.3
86.3068
86.3129
86.3179
86.3211
86.3224
86.3216
86.318
86.3098
86.2963
86.3018
86.3465
86.3733
85.8157
275.571
1352.06
1521.08
1549.06
823.526
154.647
127.388
246.499
1276.77
1815.74
1842.02
1848.48
1692.06
1685.96
1676.98
1667.84
1661.79
1199.77
111.121
86.1306
86.223
86.2274
86.2285
86.2177
86.2312
86.2441
86.2555
86.2648
86.2716
86.2758
86.2769
86.2749
86.2699
86.2617
86.2503
86.2418
86.2539
86.312
86.3384
85.8019
507.92
1496.67
1544.6
1553.36
1280
181.83
92.8528
87.5069
407.618
1665.89
1841.38
1855.73
1704.7
1697.15
1686.45
1676.14
1670.74
1143.32
99.9818
86.0678
86.1599
86.176
86.1783
86.174
86.1755
86.193
86.209
86.2225
86.2322
86.2372
86.2371
86.2317
86.2206
86.2043
86.1854
86.1728
86.1899
86.2314
86.0689
124.796
1131.45
1586.45
1573.3
1577.2
1453.82
290.646
67.1383
55.1072
72.3751
717.059
1809.31
1857.08
1716.91
1708.65
1697.28
1686.96
1680.58
1251.47
151.398
85.9381
86.1043
86.1139
86.1221
86.1401
86.1444
86.1467
86.162
86.1774
86.189
86.1948
86.194
86.1859
86.1702
86.1532
86.1443
86.1526
86.148
86.0287
85.5502
803.971
1604.65
1604.55
1601.66
1602.71
1502.11
347.024
39.9851
34.7224
36.0638
190.224
1362.32
1847.21
1727.82
1719.68
1708.88
1699.83
1691.16
1538.15
513.278
85.7859
86.0519
86.0692
86.0886
86.1085
86.1288
86.1197
86.1289
86.1421
86.1501
86.1534
86.1535
86.1554
86.1589
86.1906
86.2623
86.2756
86.0089
84.7196
772.61
1609.3
1630.08
1627.95
1626.3
1626.73
1430.72
250.158
23.0403
21.2819
21.5513
32.7137
519.462
1818.33
1736.74
1729.5
1720.31
1713.49
1707.17
1690.72
1334.28
314.836
85.7792
85.9985
86.078
86.1147
86.1144
86.1148
86.1253
86.1388
86.1461
86.1509
86.1715
86.2154
86.2363
86.1864
85.9749
85.3718
172.001
975.311
1635.84
1649.68
1649.22
1649.52
1647.19
1650.1
1216.32
98.7174
13.4931
12.5044
13.0523
15.9886
175.811
1508.09
1743.34
1737.27
1730.83
1726.16
1723.12
1720.77
1711.93
1279.47
417.979
94.1755
85.7932
86.0558
86.1362
86.1702
86.1972
86.2192
86.2344
86.2387
86.2206
86.1397
85.8644
84.9869
124.915
521.995
1301.25
1664.09
1666.27
1668.09
1668.47
1667.13
1665.22
1673.82
658.019
10.9099
9.22933
7.83678
8.04207
8.72252
26.3402
826.666
1748.13
1743.81
1740.35
1737.55
1736.2
1735.68
1735.24
1729.23
1454.78
822.852
334.543
127.017
85.5993
85.9732
86.1347
86.1713
86.1214
85.9258
85.3957
110.231
260.419
604.049
1147.72
1578.63
1684.06
1683.29
1685.62
1686.48
1684.77
1682.89
1685.49
1259.66
111.108
6.83376
5.19817
5.26618
5.45587
5.67693
10.1557
447.84
1752.28
1750.31
1748.69
1748.32
1747.68
1747.45
1747.56
1747.05
1745.62
1690.17
1436.29
1078.68
749.581
540.604
437.436
406.988
446.281
552.598
761.859
1075.6
1389.67
1622.56
1702.43
1701.58
1702.69
1703.82
1703.63
1702.26
1699.91
1700.22
1577.51
301.325
4.42761
4.10939
3.24577
3.40987
3.57308
3.62711
5.40421
223.836
1756.89
1757.21
1757.87
1759.01
1758.8
1758.48
1758.37
1758.19
1757.69
1756.83
1756.16
1753.26
1715.48
1651.99
1600.56
1581.31
1603.47
1651.29
1705.86
1732.52
1728.26
1724.5
1723.06
1722.36
1721.32
1720.05
1718.15
1715.46
1714.9
1646.85
463.618
2.83772
1.93727
2.15856
2.25194
2.28832
2.29655
2.28768
2.82561
94.716
1763.88
1765.95
1768.91
1770.22
1770.01
1769.15
1767.94
1766.61
1765.31
1764.1
1762.97
1762.01
1761.53
1761.2
1760.5
1758.83
1755.94
1752.15
1748.22
1744.21
1740.76
1739.06
1737.14
1735.65
1734.05
1732.18
1729.85
1730.17
1641.34
549.226
1.42636
1.26525
1.35259
1.48128
1.64348
1.59568
1.575
1.50037
1.50346
36.3079
1772.41
1776.88
1781.14
1782.52
1781.84
1779.98
1777.22
1773.78
1770.15
1766.76
1763.62
1760.72
1758.25
1756.15
1754.43
1752.88
1751.42
1750.06
1748.64
1747.06
1744.92
1744.02
1745.21
1744.47
1742.73
1741.07
1744.53
1573
490.242
1.20336
0.875143
0.939821
1.00874
1.07655
1.13281
1.12048
1.08333
0.992501
0.838303
13.2378
1780.6
1787.86
1762.82
1789.81
1795.17
1792.22
1787.47
1780.69
1773.59
1767.48
1761.71
1756.21
1751.4
1747.65
1745.08
1743.7
1743.42
1744
1745.07
1746.2
1745.67
1747.2
1750.82
1749.59
1748.44
1757.35
1345.99
303.267
1.15757
0.645781
0.668434
0.71474
0.765391
0.802719
0.818997
0.810853
0.772848
0.692439
0.580603
3.9759
1745.25
1804.81
1773.6
1723.85
1748.78
1721.87
1656.85
1515.69
1660.31
1769.32
1757.94
1748.63
1741.09
1735.32
1731.7
1730.49
1731.63
1734.7
1738.89
1741.33
1745.81
1751.73
1753.26
1755.98
1772.99
860.857
96.7955
0.831878
0.502928
0.479427
0.508936
0.549989
0.585585
0.60983
0.620494
0.616389
0.596608
0.560418
0.52833
0.61222
340.081
822.265
1614.13
1746.62
1746.72
1712.19
1465.99
1460.53
1447.94
1466.61
1682.91
1737.89
1724.32
1715.32
1710.18
1709.26
1712.65
1719.63
1727.4
1734.7
1742.8
1750.52
1764.74
1633.14
504.48
0.740993
0.298389
0.362702
0.341068
0.356024
0.389152
0.421686
0.447074
0.464232
0.472833
0.473206
0.468288
0.466398
0.475544
0.461803
-0.117993
-0.174609
162.546
685.957
1631.94
1719.18
1661.87
1605.54
1443.62
1430.73
1408.02
1638.94
1698.84
1682
1673.71
1673.25
1680.49
1693.5
1708.25
1720.92
1734.82
1769.63
1229.01
258.056
1.33734
0.175354
0.158891
0.187924
0.227532
0.263017
0.294146
0.318616
0.336685
0.348742
0.354519
0.354136
0.35107
0.3565
0.3729
0.316493
0.15219
0.00218836
-0.106639
0.206761
190.629
560.031
1517.95
1612.15
1545.81
1503.23
1408.78
1437.8
1614.58
1628.41
1611.47
1610.89
1624.53
1646.46
1672.85
1710.92
1643.09
486.728
37.71
0.751177
0.237047
0.144628
0.133696
0.156921
0.185308
0.208853
0.227113
0.241459
0.252859
0.261588
0.266692
0.266083
0.261412
0.266657
0.286411
0.20342
0.219207
-0.0120956
-0.019998
-0.024515
0.112805
0.321248
148.042
385.4
1254.47
1519.56
1407.46
1388.16
1575.31
1536.45
1504.71
1502.58
1527.88
1574.72
1663.07
1245.21
214.336
0.795361
0.176124
0.183026
0.132433
0.124185
0.130524
0.148572
0.156951
0.164439
0.172553
0.180135
0.188758
0.200645
0.215084
0.222936
0.215644
0.209552
0.217764
0.0799952
0.157015
-0.0189806
0.00372519
0.239159
0.601823
0.382145
0.615879
0.917581
88.4245
285.129
631.566
1257.61
1444.83
1297.83
1239.28
1242.19
1323.64
1541.31
655.124
51.3177
1.31048
0.975328
0.616296
0.390337
0.278675
0.204081
0.169505
0.154166
0.143691
0.131955
0.128715
0.131492
0.141425
0.164773
0.1969
0.200297
0.148157
0.0695757
-0.0327955
-0.465116
0.0733799
-0.0683839
-0.0518171
0.115653
0.283376
0.22726
-0.193677
-1.01002
-3.76606
-4.80351
-10.9224
105.91
288.352
975.538
1032.44
1067.18
775.022
244.501
-8.03522
-3.75372
-0.946515
-0.383756
0.221524
0.284779
0.227706
0.179166
0.151629
0.13267
0.120374
0.10308
0.0931017
0.0894581
0.0930786
0.107636
0.123182
0.0459664
-0.109334
-0.31419
-0.713836
-3.20393
)
;

boundaryField
{
    inlet
    {
        type            fixedFluxPressure;
        gradient        nonuniform List<scalar> 10(1.01032e-06 0.0357393 0.0123014 -0.0267807 0.00445799 0.0191709 0.0272769 0.0210346 0.00992387 -2.95938e-07);
        value           nonuniform List<scalar> 10(2525.58 2516.84 2512.13 2507.98 2505.53 2505.53 2507.97 2512.13 2516.84 2525.58);
    }
    inletWall
    {
        type            fixedFluxPressure;
        gradient        uniform 0;
        value           nonuniform List<scalar> 
30
(
2551.28
2542.04
2532.4
2527.28
2525.58
2086.75
2276.49
2400.83
2500.94
2570
1901.98
1929.38
1904.6
1745.61
1627.69
2551.28
2542.04
2532.4
2527.28
2525.58
2086.71
2276.48
2400.82
2500.94
2570
1901.58
1929.09
1904.43
1745.46
1627.59
)
;
    }
    bottleWall
    {
        type            fixedFluxPressure;
        gradient        uniform 0;
        value           nonuniform List<scalar> 
290
(
1443.98
1444.73
1454.43
1470.09
1481.49
1488.08
1490.87
1490.24
1487.45
1484.14
1480.73
1478.26
1476.52
1474.65
1473.58
1473.08
1468.78
1469.99
1475.6
1476.03
1475.27
1480.48
1490.71
1506.79
1497.38
1486.71
1495.24
1506.87
1555.99
1571.82
1583.5
1595.38
1607.33
1618.26
1627.84
1639.29
1650.57
1661.56
1673.45
1686.15
1696.39
1705.43
1714.16
1722.59
1730.49
1738.18
1745.52
1751.68
1757.22
1762.1
1766.27
1769.69
1772.32
1774.13
1775.08
1775.16
1774.32
1772.31
1766.78
1762.72
1758.13
1752.68
1746.4
1739.45
1731.85
1723.39
1714.46
1706.64
1699.38
1690.12
1681.13
1672.79
1665.45
1659.48
1655.27
1652.82
1652.86
1655.81
1661.38
1669.42
1679.55
1690.99
1703.06
1714.94
1725.87
1735.13
1742.34
1747.77
1752.35
1757.19
1764.31
1772.57
1782.08
1791.81
446.211
-0.0172256
0.302354
0.402929
0.319772
0.103778
1723.79
1700.11
1674.49
1647.53
1619.9
1592.3
1565.4
1539.79
1515.95
1494.27
1475.05
1458.32
1443.84
1431.37
1420.82
1412.14
1405.24
1399.97
1396.2
1393.76
1392.5
1392.28
1392.97
1394.45
1396.59
1399.29
1402.46
1406
1409.81
1413.82
1417.92
1422.03
1426.05
1429.86
1433.49
1437.71
1443.22
1442.6
1443.37
1443.98
1786.31
1793.72
1798.1
1799.42
1797.69
1792.91
1785.03
1774.13
1760.35
1743.88
1454.53
1453.51
1451.74
1453.41
1448.7
1444.04
1440.19
1436.22
1432.1
1427.95
1423.86
1419.94
1416.3
1413.05
1410.32
1408.25
1406.99
1406.71
1407.61
1409.89
1413.76
1419.45
1427.12
1436.9
1448.82
1462.97
1479.56
1498.82
1520.51
1544.18
1569.37
1595.55
1622.18
1648.7
1674.53
1699.12
1721.95
1742.53
1760.44
1775.32
1454.53
1455.91
1466.71
1482.1
1495.08
1500.91
1500.93
1497.48
1492.04
1485.57
1479.37
1473.79
1469.04
1465.65
1462.91
1459.88
1456.14
1456.73
1461.53
1465.63
1460.24
1464.03
1470.21
1489.9
1499.49
1478.16
1480.24
1489.59
1499.71
1547.69
1571.1
1583.03
1594.96
1606.82
1618.53
1629.67
1638.42
1649.11
1659.77
1670.16
1682.78
1693.86
1703.37
1712.52
1721.27
1729.61
1737.47
1744.83
1751.63
1757.83
1763.37
1768.22
1772.3
1775.57
1777.95
1779.29
1777.33
1776.27
1774.51
1771.62
1767.58
1762.4
1756.36
1749.64
1741.09
1731.68
1721.7
1712.18
1703.27
1692.71
1682.44
1672.92
1664.56
1657.81
1653.12
1650.89
1651.23
1654.27
1660.47
1669.21
1679.96
1692.06
1704.7
1716.91
1727.82
1736.74
1743.34
1748.13
1752.28
1756.89
1763.88
1772.41
1780.6
1745.25
340.081
-0.117993
0.15219
0.219207
0.157015
0.0733799
)
;
    }
    atmosphere
    {
        type            totalPressure;
        rho             rho;
        psi             none;
        gamma           1;
        p0              uniform 0;
        value           nonuniform List<scalar> 
80
(
-0.58145
-0.434875
-0.322626
-0.187142
-0.0780649
-0.0115846
0
0
0
0
0
0
0
0
0
0
0
0
-0.0884294
-0.532743
-0.178854
0
0
0
0
0
0
0
0
0
0
0
-0.0746681
-0.168139
-0.0902687
-0.0336905
-0.0124686
-0.00394899
-5.70839e-06
0
0
-0.000823975
-0.00541331
-0.0109752
-0.0236906
-0.0682533
-0.168001
-0.128119
0
0
0
0
0
0
0
0
0
0
0
0
-0.204617
-0.228662
-0.0082618
0
0
0
0
0
0
0
0
0
0
0
-0.0106521
-0.0766745
-0.188046
-0.325885
-0.436719
-0.578841
)
;
    }
    frontAndBack
    {
        type            empty;
    }
}


// ************************************************************************* //
