/*--------------------------------*- C++ -*----------------------------------*\
  =========                 |
  \\      /  F ield         | OpenFOAM: The Open Source CFD Toolbox
   \\    /   O peration     | Website:  https://openfoam.org
    \\  /    A nd           | Version:  8
     \\/     M anipulation  |
\*---------------------------------------------------------------------------*/
FoamFile
{
    version     2.0;
    format      ascii;
    class       volScalarField;
    location    "1.95";
    object      p;
}
// * * * * * * * * * * * * * * * * * * * * * * * * * * * * * * * * * * * * * //

dimensions      [1 -1 -2 0 0 0 0];

internalField   nonuniform List<scalar> 
9150
(
-205.002
-205.99
-206.582
-207.075
-207.315
-207.311
-207.079
-206.594
-206.004
-205.01
-225.036
-225.557
-225.962
-226.287
-226.456
-226.474
-226.306
-225.972
-225.566
-225.043
-244.929
-245.219
-245.47
-245.69
-245.807
-245.806
-245.685
-245.468
-245.224
-244.933
-264.67
-264.85
-265.018
-265.177
-265.259
-265.263
-265.181
-265.02
-264.853
-264.673
-284.288
-284.477
-284.614
-284.743
-284.804
-284.804
-284.739
-284.612
-284.478
-284.29
-118.682
-119.74
-119.653
-119.142
-119.004
-119.016
-119.141
-119.68
-119.753
-118.699
-134.443
-135.153
-135.42
-135.488
-135.4
-135.391
-135.479
-135.409
-135.147
-134.436
-150.982
-151.721
-152.053
-152.398
-152.463
-152.459
-152.413
-152.057
-151.756
-151.016
-167.884
-168.98
-169.398
-170.052
-170.216
-170.221
-170.075
-169.434
-169.02
-167.929
-184.747
-186.86
-187.6
-188.351
-188.605
-188.592
-188.348
-187.613
-186.867
-184.751
-24.8383
-26.581
-28.6781
-29.8596
-30.3552
-30.3073
-29.721
-28.6851
-27.0807
-26.2402
-45.5371
-45.7381
-46.7486
-47.2043
-47.7061
-47.7423
-47.381
-47.1147
-46.2541
-46.1819
-65.4203
-65.4121
-66.3557
-66.0445
-66.5382
-66.6165
-66.2267
-66.6408
-65.6823
-65.7718
-88.2931
-85.6623
-86.7081
-85.2043
-85.4383
-85.4855
-85.1692
-86.8082
-85.7766
-88.4237
-115.094
-104.815
-104.574
-102.91
-102.645
-102.648
-102.926
-104.619
-104.869
-115.163
368.621
384.338
397.756
408.253
416.247
423.827
429.889
435.5
441.313
446.236
330.024
350.593
362.981
372.357
381.918
389.12
392.419
395.838
401.542
408.511
308.383
324.338
336.707
338.55
345.541
356.067
359.372
353.971
357.242
368.708
303.687
316.496
328.627
336.558
341.663
344.638
343.388
335.379
334.805
340.529
292.059
307.753
317.813
325.599
331.518
338.937
340.906
339.213
336.497
335.905
282.937
294.798
304.862
314.608
321.895
322.566
327.205
330.824
331.149
330.247
257.384
269.133
276.978
282.863
290.141
298.132
306.35
312.875
315.63
324.211
227.116
227.86
237.42
243.577
253.916
263.249
269.225
274.193
278.032
279.475
220.896
225.184
230.026
226.175
229.614
236.923
241.374
245.123
247.077
243.932
213.719
216.145
220.368
219.3
220.001
221.634
221.287
218.716
212.825
197.142
213.712
216.494
216.59
217.127
213.61
209.216
202.815
192.754
176.122
151.565
212.588
213.973
214.087
212.615
207.359
201.623
192.617
174.987
152.033
132.801
212.035
213.082
210.482
208.152
205.631
198.313
182.29
163.938
150.59
145.886
210.628
220.073
213.606
209.953
207.393
190.13
175.204
171.592
169.553
154.726
209.611
213.107
207.857
215.749
195.036
179.5
178.619
177.66
170.889
166.081
214.701
213.406
210.757
189.042
178.925
175.661
174.606
173.901
171.985
168.042
219.807
222.833
220.83
178.878
161.852
165.533
165.482
164.914
162.092
150.702
226.689
234.22
223.272
202.366
143.003
155.178
156.516
154.58
150.469
142.436
228.92
224.281
212.191
164.997
146.481
154.365
153.7
149.357
142.935
136.057
214.377
205.028
193.894
164.629
140.321
161.968
143.619
136.05
132.839
129.538
176.281
169.64
159.251
138.859
126.106
137.281
126.685
128.114
126.964
124.633
133.967
134.77
123.527
123.135
131.098
136.506
132.897
130.084
125.932
121.904
108.969
118.74
126.709
112.757
126.886
137.893
131.435
128.974
125.143
120.435
108.251
100.416
125.826
101.275
111.934
125.212
138.159
133.563
128.133
122.301
73.8096
68.4307
94.8358
73.1467
85.481
114.405
146.862
139.259
132.95
126.184
25.5919
19.7023
40.2827
28.5631
43.2879
98.9278
147.561
142.579
132.96
127.82
14.9145
4.23489
10.7342
9.17636
11.5255
70.0546
124.788
162.071
115.754
113.848
22.1174
4.97417
6.65738
5.72955
6.81899
43.621
63.8193
105.664
78.7755
83.6833
38.3634
4.93242
8.9909
7.90531
11.1364
28.1472
14.7435
33.3458
29.796
34.6226
18.5902
5.75081
8.38177
4.93553
10.3347
27.8326
0.51973
7.44931
5.50957
8.97669
4.35011
4.93725
5.7383
2.53516
7.61835
31.7989
-0.043388
4.68981
-4.95002
-0.71648
5.49749
5.08467
5.60557
4.03757
10.0408
37.864
2.88271
6.81746
-9.49545
-0.243135
5.83222
5.69985
5.15869
4.66836
27.0223
21.4128
1.48069
4.38915
-9.10412
0.852034
6.63476
6.44051
5.55403
0.908533
10.6055
7.24602
2.81705
3.45296
-3.33459
0.346153
4.39866
6.18795
10.6061
17.5508
3.57341
2.99743
4.40388
3.66888
2.49247
0.733121
10.7954
29
25.3777
32.7895
18.8719
4.27149
2.5535
1.77051
0.842982
0.432965
0.529376
13.7309
4.59601
24.2194
15.6582
25.0495
1.28736
1.30484
0.943508
0.273663
1.10611
-2.8603
-3.34036
5.11012
29.8718
29.4955
1.0233
1.13086
0.815775
0.327347
-0.981148
-0.944134
-0.749568
-0.606417
26.9259
31.3095
0.297954
0.550263
0.440015
0.276086
-1.20307
-1.28763
-1.41754
-2.85132
49.0939
3.66304
0.429571
0.305102
0.234557
0.152568
-1.28452
-1.3073
-1.34664
-1.64699
45.647
6.36992
0.317962
0.180426
0.119483
0.0719866
-1.33067
-1.32313
-1.26038
-1.15328
6.69279
44.3253
-0.182328
-0.0600087
-0.0429384
-0.0425789
-1.34604
-1.33741
-1.26038
-1.11695
8.28507
41.6983
-0.284063
-0.175371
-0.140123
-0.123472
-1.35279
-1.37062
-1.42154
-1.50272
41.228
8.31178
0.00109573
-0.139049
-0.167995
-0.174321
-1.38839
-1.41513
-1.48873
-1.53356
39.2096
11.3795
-0.101056
-0.212003
-0.232518
-0.245243
-1.39353
-1.41119
-1.4333
-1.42697
26.5509
25.8756
-0.324593
-0.331736
-0.330179
-0.346679
-1.39287
-1.39825
-1.38639
-1.38464
26.7088
26.9908
-0.420231
-0.417273
-0.426905
-0.435935
-1.37208
-1.38842
-1.29775
-1.38531
23.9231
24.1484
-0.472074
-0.465623
-0.488691
-0.489626
-1.36068
-1.36062
-1.30398
-1.29968
19.3693
20.0034
-0.493358
-0.488645
-0.515582
-0.509279
-1.35802
-1.35591
-1.27927
-1.27416
16.88
17.5702
-0.504021
-0.500775
-0.526904
-0.519561
-1.33578
-1.34114
-1.27084
-1.2688
15.2286
18.363
-0.50384
-0.499608
-0.525404
-0.521162
-1.29628
-1.3428
-1.30514
-1.30542
15.9961
17.4324
-0.482442
-0.480844
-0.509608
-0.510076
-1.34953
-1.35024
-1.33789
-1.33823
18.2778
18.0626
-0.454451
-0.455276
-0.486304
-0.485199
-1.35094
-1.35215
-1.35086
-1.34996
21.8579
21.9345
-0.43307
-0.438373
-0.469952
-0.465366
-1.36346
-1.36407
-1.36289
-1.36224
25.5274
25.1658
-0.455795
-0.447673
-0.473539
-0.462513
-1.37984
-1.37872
-1.35399
-1.37976
26.6209
27.5013
-0.490949
-0.458396
-0.4895
-0.480985
-1.40181
-1.40232
-1.34891
-1.35668
26.9942
27.3692
-0.52073
-0.494674
-0.51082
-0.529228
-1.42327
-1.43827
-1.36621
-1.39341
31.376
21.7997
-0.499675
-0.507768
-0.532515
-0.572639
-1.42727
-1.46498
-1.44284
-1.58806
45.9338
6.48092
-0.403782
-0.531146
-0.590589
-0.626483
-1.38522
-1.39692
-1.39071
-1.4329
31.6753
20.2325
-0.638495
-0.692088
-0.723291
-0.731762
-1.34084
-1.30849
-1.27421
-1.19701
15.143
36.4473
-0.949501
-0.870407
-0.854614
-0.838928
-1.3235
-1.28894
-1.24611
-1.25426
24.5134
27.325
-0.926768
-0.921711
-0.912277
-0.904193
-1.32018
-1.2764
-1.26348
-1.27081
25.9554
25.4161
-0.972379
-0.968281
-0.962329
-0.952749
-1.33114
-1.30369
-1.30103
-1.30182
23.7296
27.2048
-1.02031
-1.0232
-1.01891
-0.998468
-1.35803
-1.32713
-1.28682
-1.13543
4.58192
46.7795
-1.24919
-1.10107
-1.06973
-1.0418
-1.40969
-1.407
-1.4104
-1.47479
31.9914
18.393
-0.978111
-1.02826
-1.04687
-1.05168
-1.4363
-1.43404
-1.43049
-1.43544
25.5261
25.7768
-1.06142
-1.05146
-1.06004
-1.06979
-1.45431
-1.44943
-1.44586
-1.4475
25.7664
26.5714
-1.08615
-1.07814
-1.08495
-1.09278
-1.47209
-1.46927
-1.46557
-1.46571
25.6731
27.0353
-1.11285
-1.10616
-1.11899
-1.11977
-1.49372
-1.49173
-1.48829
-1.48704
25.855
26.6969
-1.10944
-1.10717
-1.12362
-1.1171
-1.51525
-1.51461
-1.51318
-1.51492
26.2476
25.9697
-1.13918
-1.13661
-1.14255
-1.15545
-1.53551
-1.53538
-1.53522
-1.53662
26.0009
25.8414
-1.21099
-1.20642
-1.21224
-1.21321
-1.5532
-1.55348
-1.55294
-1.54889
25.4384
26.0227
-1.25565
-1.25626
-1.25809
-1.25776
-1.56955
-1.56958
-1.5695
-1.56011
25.2141
25.8503
-1.28177
-1.28836
-1.2884
-1.28563
-1.58405
-1.58375
-1.58453
-1.57369
25.1258
25.5712
-1.30595
-1.31483
-1.31397
-1.31478
-1.59632
-1.59573
-1.59634
-1.58812
25.0091
25.4249
-1.31906
-1.32765
-1.33395
-1.33043
-1.60678
-1.60548
-1.60442
-1.59401
24.1152
26.1213
-1.34255
-1.3421
-1.3534
-1.348
-1.61732
-1.61617
-1.61516
-1.61148
24.3569
25.7481
-1.36488
-1.36026
-1.36884
-1.38225
-1.6282
-1.62788
-1.62873
-1.64812
25.7766
24.1263
-1.40482
-1.39332
-1.39489
-1.41276
-1.63878
-1.63764
-1.63686
-1.67096
24.8123
24.7283
-1.47681
-1.44061
-1.44025
-1.44511
-1.65115
-1.64937
-1.64731
-1.69868
24.2923
24.6596
-1.52519
-1.47273
-1.47275
-1.4739
-1.66572
-1.66378
-1.66123
-1.71615
23.5026
24.2313
-1.55503
-1.49834
-1.49887
-1.4993
-1.68271
-1.68132
-1.67904
-1.71264
22.3664
23.4656
-1.56118
-1.52442
-1.52419
-1.52409
-1.70163
-1.70071
-1.69926
-1.68932
21.0333
22.1006
-1.54408
-1.55027
-1.5491
-1.549
-1.72224
-1.72149
-1.72158
-1.67225
19.9024
20.4037
-1.53046
-1.57556
-1.5739
-1.57399
-1.74374
-1.74329
-1.74395
-1.68722
18.6205
18.7482
-1.54502
-1.601
-1.59938
-1.59971
-1.76379
-1.76286
-1.76354
-1.728
16.453
17.7449
-1.59512
-1.62858
-1.62613
-1.62621
-1.78271
-1.78167
-1.78349
-1.79704
14.9538
15.848
-1.6649
-1.65618
-1.65295
-1.653
-1.79988
-1.79873
-1.80016
-1.86002
14.7209
13.5705
-1.77362
-1.68238
-1.67853
-1.6789
-1.8145
-1.81245
-1.81557
-1.77644
17.0499
11.142
-2.03354
-1.7031
-1.70414
-1.70503
-1.82728
-1.8256
-1.82362
-2.09523
8.01066
13.6821
-2.08484
-1.749
-1.73231
-1.73236
-1.8437
-1.84377
-1.8477
-2.76475
3.52903
8.86489
-1.35255
-1.72499
-1.76012
-1.75429
-1.86473
-1.85644
-1.84783
-2.15558
1.59228
7.50126
-2.2682
-1.82764
-1.79082
-1.78775
-1.89616
-1.89623
-1.98659
-2.16357
2.71329
1.94178
-2.09215
-1.85653
-1.80664
-1.80709
-1.90636
-1.91016
-2.03731
-1.83048
1.3455
0.227112
-1.64696
-2.00932
-1.83121
-1.83069
-1.90274
-1.90491
-2.23743
-1.0692
-0.11506
-0.57989
-1.81455
-2.32636
-1.85837
-1.85469
-1.90472
-1.90376
-3.26468
-2.07005
-1.09704
-0.877997
-1.61128
-3.33449
-1.85775
-1.87591
-1.92592
-2.58729
-4.18967
-2.10445
-1.80365
-2.27849
-3.45085
-4.80761
-2.39069
-1.9008
-1.95
-4.3664
-6.31325
-5.97185
-5.685
-5.416
-4.97273
-4.9563
-3.85848
-1.93234
-2.68129
-9.13621
-12.4721
-14.5225
-15.3326
-15.4813
-14.9051
-13.2218
-10.169
-2.80569
451.575
458.803
467.383
475.773
479.347
495.118
513.975
545.527
557.451
557.036
552.116
544.158
529.173
508.067
488.476
473.404
465.298
450.165
438.235
429.73
424.574
420.439
421.989
446.817
468.867
471.199
480.551
493.471
504.779
515.728
511.271
520.416
520.579
518.871
527.506
524.475
521.79
520.151
518.639
517.977
414.639
423.835
429.79
436.775
444.657
452.353
462.711
478.267
490.42
502.018
509.041
506.92
494.186
481.351
470.656
458.996
447.401
435.915
423.528
404.967
373.137
329.653
328.103
339.824
342.582
375.541
435.805
460.093
468.873
478.158
482.73
485.954
494.308
499.677
502.394
512.671
500.063
499.265
498.808
498.193
380.473
387.369
391.263
394.763
395.786
393.752
390.07
384.191
384.901
399.66
426.949
450.232
464.157
453.799
435.975
422.195
421.334
401.539
385.736
353.606
304.193
249.555
211.113
215.554
258.326
284.424
315.008
364.786
407.069
431.358
443.202
452.301
460.623
469.745
478.099
490.634
480.946
477.432
476.414
475.692
340.252
338.333
339.85
342.926
342.977
335.79
321.943
303.971
288.402
288.185
318.579
361.419
400.68
412.555
394.48
378.238
365.027
349.966
329.93
300.127
258.238
218.169
212.914
212.299
225.504
244.698
266.588
310.498
357.367
384.246
398.869
410.574
420.089
436.147
444.813
452.857
456.6
451.043
451.337
450.784
336.44
337.469
326.976
321.528
318.27
310.353
295.69
273.643
251.699
237.802
238.118
250.524
247.512
281.982
287.113
298.749
298.31
291.287
278.502
259.841
236.1
224.075
225.337
226.621
232.355
240.904
251.347
265.273
303.899
332.688
351.472
364.116
377.675
407.287
407.861
419.132
417.804
421.528
418.405
420.661
330.106
326.022
311.974
296.35
284.763
272.861
256.246
233.916
209.886
192.793
174.232
155.557
143.022
162.167
163.209
175.652
217.995
229.607
229.84
227.825
226.19
228.607
231.689
234.174
236.693
237.809
244.63
254.36
279.519
294.842
307.427
322.73
350.018
359.907
368.567
376.268
380.746
384.965
387.044
385.195
314.969
300.955
281.944
262.245
243.72
221.697
195.942
174.436
152.12
131.881
123.089
125.467
126.033
128.343
132.824
137.004
153.783
170.443
187.185
199.992
212.365
226.617
231.66
235.082
233.438
230.658
234.933
247.954
260.187
269.878
283.12
298.671
308.842
317.767
327.608
334.658
341.213
349.537
354.171
352.364
272.497
261.076
236.707
206.057
182.388
160.849
136.871
122.669
118.932
118.877
118.882
119.123
119.512
121.713
125.178
127.334
128.786
133.206
157.14
176.549
193.974
210.176
221.159
221.591
221.233
218.88
220.863
234.539
247.037
253.173
266.961
276.436
274.891
282.236
291.96
297.633
304.66
311.06
322.074
323.319
224.573
194.673
170.924
142.067
124.896
119.647
118.983
116.905
116.826
117.326
117.672
118.111
119.033
121.107
124.01
124.843
121.522
123.76
138.299
151.905
164.599
177.628
189.329
189.129
202.029
208.131
208.188
218.565
226.764
234.247
253.785
251.568
248.076
249.078
257.846
263.441
269.74
277.746
284.527
289.977
168.746
135.169
119.47
119.6
117.664
116.195
115.476
115.179
115.164
115.71
116.71
118.008
119.911
121.591
123.371
124.58
112.777
110.671
108.704
113.178
119.671
129.878
138.358
148.958
171.032
184.265
188.567
199.021
208.217
217.24
223.603
227.818
231.209
229.675
231.185
249.153
246.792
248.383
255.677
259.932
123.89
121.535
118.602
117.798
117.161
116.295
115.474
114.906
114.859
115.165
116.209
118.084
119.821
120.486
118.952
120.732
103.004
80.0845
73.8876
69.1914
69.1931
71.2614
69.8148
109.784
138.491
121.686
154.899
172.213
185.458
196.195
204.962
208.245
211.492
214.636
220.514
228.41
232.101
230.763
235.887
238.718
125.781
122.759
119.421
117.745
117.614
117.229
117.1
117.118
117.445
117.532
116.593
116.751
117.741
120.686
112.663
99.254
85.0011
74.5512
71.5928
66.3613
62.6782
62.0721
52.8742
73.0572
103.433
119.723
146.068
161.866
173.309
182.388
190.517
197.958
203.256
204.616
209.969
215.807
219.334
217.857
222.438
225.308
136.068
121.509
119.398
118.2
117.793
116.944
117.889
118.462
119.59
119.055
116.75
116.737
110.304
98.0948
97.0195
95.5951
89.8544
82.5195
73.246
68.5546
64.8825
64.443
61.3754
55.79
105.273
136.217
149.243
161.345
171.152
185.059
186.683
186.231
191.506
192.598
199.016
205.935
205.61
203.107
208.889
211.271
147.138
130.458
117.49
117.698
117.483
118.092
121.943
119.992
114.271
113.053
114.859
106.975
106.259
102.086
98.7082
96.1066
93.0501
88.1681
80.5923
75.8107
75.7052
77.8285
81.2331
102.153
117.422
129.759
144.991
159.387
175.623
173.164
166.951
166.309
165.104
171.47
183.89
188.095
188.857
189.215
195.222
198.238
163.022
118.754
116.943
116.818
116.673
117.085
118.684
110.557
101.577
109.592
107.961
105.812
103.034
102.148
100.454
98.3628
95.7396
93.2077
91.2011
90.9143
93.0284
99.0811
109.878
124.916
137.913
152.181
163.89
162.826
161.377
174.004
155.725
160.533
163.867
164.228
168.371
177.114
178.87
180.445
183.915
187.582
145.56
115.407
116.013
115.753
115.351
115.055
115.756
108.146
104.113
102.549
101.704
102.824
102.826
101.829
100.732
99.9231
99.8447
99.3658
98.6464
99.3282
103.042
107.314
113.851
120.943
129.172
139.901
149.892
154.165
166.983
154.978
155.264
155.691
156.193
156.907
157.925
166.73
171.743
168.581
168.361
171.535
136.207
116.069
116.656
115.69
114.803
113.383
111.654
109.285
107.632
106.39
105.329
104.267
103.807
102.311
99.92
97.3657
96.9835
95.4693
92.0337
95.3619
106.141
122.89
130.139
128.573
127.65
129.599
133.721
139.966
146.466
152.061
155.126
155.746
157.437
159.096
157.486
158.824
159.843
158.643
159.656
157.056
133.203
122.352
118.432
116.707
114.579
113.089
110.92
109.018
107.444
106.263
105.268
104.122
103.609
102.297
101.487
98.4732
90.5344
92.9916
97.6727
101.487
105.164
108.834
111.119
110.735
110.016
112.406
115.682
127.661
134.933
150.099
155.155
156.923
159.592
161.782
159.553
159.098
156.7
156.926
159.312
159.585
129.968
123.803
118.285
117.098
115.769
112.589
110.424
108.155
106.881
105.756
104.786
104.628
109.29
108.355
106.452
103.754
99.8715
99.1915
99.509
100.336
101.501
103.268
104.489
102.005
103.371
103.12
104.69
109.392
120.822
134.968
144.674
150.798
156.149
159.927
156.087
157.093
157.746
161.654
164.961
164.669
125.387
121.607
118.705
114.959
112.844
110.721
108.822
107.339
105.677
105.284
104.909
105.438
108.256
104.989
102.163
100.366
98.505
97.2205
96.9176
96.9151
97.2041
97.6155
107.287
99.6617
101.611
101.31
100.773
103.776
110.973
122.685
134.585
144.349
153.667
157.909
161.593
163.719
166.151
173.914
173.563
179.678
121.355
117.835
114.72
109.487
108.809
108.599
106.603
105.792
104.753
104.779
104.488
104.247
102.708
101.076
99.4365
98.0717
96.5593
95.4654
93.9534
92.8672
92.8098
99.2789
102.606
100.48
101.877
104.714
105.375
107.292
112.174
120.389
131.635
143.611
152.79
159.099
170.747
172.822
171.874
177.685
176.864
179.541
117.517
112.76
109.372
105.225
106.496
106.918
105.72
105.512
105.045
104.955
104.77
103.128
98.0245
96.3853
95.0369
93.5984
92.0377
90.6869
89.7031
89.3323
90.212
93.367
95.2184
100.642
103.391
103.326
102.682
109.557
116.198
123.978
134.016
142.739
148.81
152.543
158.189
161.244
167.561
173.136
176.252
178.653
114.418
108.595
107.399
106.84
106.81
106.568
106.313
105.747
105.612
105.494
105.231
102.077
95.9162
91.8954
89.7683
87.9177
85.8364
84.6797
84.7908
85.264
86.7424
89.4391
92.5224
95.861
100.033
100.823
103.401
107.063
110.509
119.226
130.62
139.983
144.852
147.685
150.933
155.39
160.139
163.563
164.431
167.854
114.804
106.105
102.74
107.186
106.632
106.256
106.33
106.112
105.928
105.634
99.2952
92.61
88.0067
84.2012
81.3856
78.6865
77.4574
76.4024
75.9394
76.7496
78.3521
81.4525
85.7964
88.9361
91.7135
94.8948
97.82
102.095
107.246
108.697
119.228
129.059
133.74
136.43
138.213
141.374
145.544
147.814
152.387
152.321
117.811
108.875
100.201
106.17
102.608
102.941
105.038
104.851
97.9281
94.4207
89.5866
83.7611
78.4882
75.8123
71.9261
67.1489
65.3299
64.3712
64.3297
65.532
67.0846
68.4727
71.8764
76.3473
78.4507
86.8365
89.7719
91.205
94.2134
103.145
109.46
119.789
125.425
127.239
129.093
131.037
131.919
133.899
135.616
135.115
122.611
117.887
119.237
118.628
110.353
100.878
85.3112
83.277
77.8407
73.1631
68.5849
64.6669
60.8996
58.8536
54.2712
52.0508
50.961
50.2245
50.1298
50.7878
52.506
57.1517
57.3194
59.5052
66.2074
67.3394
69.5954
74.0306
79.5967
86.8886
94.15
101.386
112.584
108.774
108.861
107.862
108.072
109.052
109.749
109.166
113.24
113.373
122.113
118.413
100.701
90.0277
77.4543
68.549
59.1189
47.031
38.4309
34.6473
34.42
34.9002
34.3505
33.319
33.8002
35.2143
36.9487
38.8982
40.3986
42.6591
43.2842
43.7994
44.8614
47.6285
49.5326
52.0374
57.11
64.9748
73.7764
81.6231
87.3585
87.6347
84.4579
82.6723
82.205
82.1469
82.4643
82.3379
87.6018
91.8742
95.2423
104.266
90.7599
76.9387
63.539
52.5679
35.6209
21.4858
15.2262
13.0567
12.894
14.9912
9.42549
8.70113
14.9163
20.4104
23.1873
24.0655
25.6026
26.1421
24.7527
24.4877
24.9772
25.5698
27.9064
29.7908
34.1329
41.4809
50.8398
59.7664
64.1519
60.7804
59.3565
57.2047
55.7207
55.1707
54.4064
53.906
46.4444
58.8611
68.9029
73.1819
72.5836
65.1473
46.443
39.7091
13.3948
15.8273
11.2653
7.06897
3.73831
2.29227
2.53534
3.53698
3.45112
9.54061
12.1977
10.681
11.1267
12.9362
13.1594
13.4542
12.8531
14.4758
15.0526
16.9972
21.2101
26.4115
33.0155
40.1754
43.7857
43.2227
38.6252
35.0223
32.3904
27.3909
23.3177
22.4317
22.4986
33.6793
42.9113
49.3013
49.5966
48.4576
35.8724
28.5572
9.77897
6.68397
4.32034
2.3537
-0.0464647
-0.822762
0.25163
1.13109
1.72935
2.82619
4.25262
5.4668
6.05204
6.33593
5.73921
3.2012
2.07167
1.18705
4.03127
8.98431
13.4847
17.9101
22.6325
26.9982
28.5836
19.0723
14.8435
6.19357
1.16077
1.73759
1.22873
2.10473
10.5587
18.5538
24.23
27.1573
27.293
20.068
20.879
15.3033
8.21215
2.22072
2.04447
1.04942
-0.369816
-0.894242
-0.454237
0.373405
1.22357
2.14949
3.21047
4.24381
5.00756
5.35136
5.22564
4.82395
4.84536
1.00263
-5.28131
2.99557
8.96006
14.3802
17.5602
17.3805
15.3729
6.16223
-0.341708
-0.059819
0.303888
0.585952
0.586168
0.564311
6.85297
11.6248
14.3978
14.1698
10.3798
2.11167
-4.57541
-5.52901
7.65334
3.70276
3.30054
2.57402
1.50743
0.971159
1.23062
1.90681
2.83509
3.58479
4.13247
4.49387
4.63403
4.53037
4.13851
3.44261
3.47005
1.369
-3.11948
6.95889
10.157
10.8614
19.6681
16.9086
6.34156
2.58826
0.302852
0.488843
0.505545
0.500795
0.502699
0.500628
6.292
10.3052
11.2274
8.94649
4.22952
-3.9299
-16.1824
-5.4821
3.02627
5.47309
6.62213
5.78329
4.70604
3.87238
3.47878
3.46408
3.82787
4.0749
4.21443
4.39027
4.19658
4.10465
4.02661
3.93713
0.78196
6.52495
4.3979
0.348973
-2.64839
4.38752
11.8528
1.03072
0.832716
0.660516
0.491656
0.346969
0.379624
0.392496
0.400468
0.424989
4.41616
10.0255
6.32488
0.785193
-2.45059
-6.49073
-9.04926
-4.70399
3.35279
8.38033
9.99583
8.09668
6.43645
4.93947
4.01786
4.16983
4.87897
5.40139
5.81021
5.46444
4.02045
8.48167
14.7965
14.9514
8.38428
2.38791
0.569005
0.807653
0.775562
1.16363
2.72896
-0.277364
-0.105894
0.126771
0.178928
0.23303
0.28169
0.297063
0.295035
0.317984
0.481273
0.392331
-0.0142526
0.888718
0.410544
7.90022
12.3247
19.0816
28.1072
23.163
10.6175
5.14057
5.06352
3.77292
1.50595
1.30927
3.23454
6.39505
11.9083
12.3267
16.6867
14.3941
9.42114
-0.482282
1.2937
1.06238
0.388695
0.0935049
-0.0732027
-0.0312025
0.00546237
0.086129
-0.03106
0.102939
0.110817
0.096589
0.144928
0.160957
0.19319
0.205817
0.233881
0.0711492
-0.0567423
-0.152945
-0.234528
-0.202933
-0.117957
-0.0679467
0.857998
4.01082
13.3026
15.0491
13.5692
12.474
12.5951
10.9738
7.89127
4.25082
2.15157
1.83298
0.542856
-0.127794
0.288547
0.220968
0.0418081
0.0294381
-0.0069195
-0.0147519
-0.034129
0.0479086
-0.0311413
-0.116163
-0.0587396
-0.0587328
-0.0866306
0.0220265
0.0615706
0.144418
0.197698
0.21089
0.170371
0.0827214
-0.00163653
-0.0829306
-0.146438
-0.0897658
-0.0492469
-0.0351817
-0.0184117
0.00725914
-0.0653379
-0.239358
0.572503
1.2103
1.27967
0.952122
0.438126
-0.0582434
-0.163489
-0.195486
-0.205099
-0.212006
-0.220334
-0.222202
-0.254106
-0.131581
-0.131387
-0.00555943
0.101265
0.10464
-0.0197581
0.0159258
0.0199428
0.0313874
0.123486
0.145348
0.199692
0.255257
0.242903
0.260685
0.114544
0.0654751
0.0261385
-0.0180726
-0.0636679
-0.0872054
-0.102722
-0.106286
-0.109492
-0.117408
-0.149784
-0.177863
-0.176009
-0.166898
-0.163739
-0.190138
-0.207998
-0.209869
-0.196016
-0.201251
-0.188704
-0.176999
-0.166188
-0.172888
-0.185212
-0.147325
-0.115286
-0.117663
-0.144999
0.00455387
0.0148775
0.173393
0.0641123
0.171933
0.135511
0.123358
0.137227
0.180271
0.21233
0.185364
0.113913
0.0373149
0.00837005
-0.0248442
-0.0606138
-0.0894275
-0.108515
-0.123795
-0.138173
-0.153805
-0.175229
-0.201203
-0.225541
-0.267729
-0.261481
-0.255879
-0.254303
-0.221391
-0.21459
-0.20784
-0.191033
-0.189157
-0.176477
-0.148661
-0.148575
-0.117614
-0.102047
-0.121925
-0.150538
0.0821031
0.0306759
0.0439816
0.0381231
-0.00513258
-0.036655
-0.0346703
7.5215e-05
0.032188
0.0316708
0.104013
0.087868
0.0464644
0.0127368
-0.0265722
-0.0661934
-0.107075
-0.140118
-0.162127
-0.179997
-0.199119
-0.218102
-0.235323
-0.250372
-0.257657
-0.222905
-0.209714
-0.262526
-0.253636
-0.245543
-0.239516
-0.231586
-0.220915
-0.211745
-0.206018
-0.186964
-0.178085
-0.168737
-0.167424
-0.200688
-0.117552
-0.0059338
-0.0394357
-0.0484656
-0.119921
-0.115959
-0.0854536
-0.0778604
-0.0239791
-0.00591022
0.0428826
0.0344201
0.0018593
-0.0304271
-0.0588918
-0.083727
-0.12108
-0.160302
-0.199928
-0.222623
-0.243672
-0.260705
-0.276816
-0.291914
-0.303726
-0.312477
-0.280743
-0.300338
-0.290454
-0.281832
-0.272098
-0.261517
-0.252123
-0.245724
-0.242072
-0.234938
-0.219599
-0.223628
-0.218145
-0.229753
-0.220802
-0.205159
-0.17092
-0.155456
-0.157691
-0.137734
-0.117267
-0.0728581
-0.0992301
-0.0322693
0.000453061
-0.0508309
-0.0648346
-0.0836967
-0.110856
-0.145955
-0.179876
-0.211327
-0.240402
-0.266014
-0.286134
-0.304105
-0.333084
-0.343077
-0.347758
-0.349281
-0.351265
-0.341888
-0.330585
-0.322315
-0.312347
-0.30302
-0.29625
-0.286197
-0.27449
-0.269669
-0.262671
-0.249823
-0.25663
-0.250337
-0.247866
-0.241262
-0.222327
-0.216673
-0.213117
-0.20923
-0.198769
-0.189051
-0.088883
-0.0442696
-0.0458769
-0.118855
-0.125699
-0.144088
-0.179436
-0.218395
-0.2538
-0.285499
-0.314094
-0.337805
-0.355993
-0.372912
-0.393062
-0.399777
-0.405818
-0.407875
-0.408868
-0.404912
-0.380221
-0.368046
-0.365938
-0.349086
-0.344626
-0.326592
-0.320887
-0.306293
-0.307283
-0.285495
-0.279144
-0.27413
-0.266262
-0.260795
-0.255653
-0.247868
-0.245661
-0.247282
-0.251815
-0.23367
0.0229682
0.104358
0.0892985
-0.177824
-0.192581
-0.221538
-0.262564
-0.304754
-0.343726
-0.378147
-0.410017
-0.427774
-0.438924
-0.448824
-0.455358
-0.459982
-0.463978
-0.467143
-0.467127
-0.463074
-0.455956
-0.440332
-0.42506
-0.411405
-0.399272
-0.379275
-0.365636
-0.347495
-0.337264
-0.326727
-0.310647
-0.300095
-0.294075
-0.288693
-0.286488
-0.28786
-0.294313
-0.303446
-0.322932
-0.28691
-0.0759404
-0.171084
-0.133241
-0.257533
-0.282104
-0.322545
-0.364117
-0.404257
-0.43729
-0.460052
-0.480238
-0.495293
-0.507249
-0.517313
-0.524922
-0.52881
-0.530881
-0.532203
-0.530936
-0.525353
-0.515349
-0.503558
-0.490098
-0.473328
-0.455651
-0.434403
-0.411991
-0.39349
-0.375561
-0.365125
-0.343543
-0.330836
-0.323501
-0.320487
-0.321158
-0.325548
-0.333591
-0.347264
-0.370232
-0.382161
-0.358499
-0.314702
-0.348111
-0.362987
-0.386911
-0.429481
-0.457797
-0.484603
-0.510524
-0.532884
-0.552742
-0.570596
-0.585812
-0.597844
-0.605531
-0.609719
-0.61145
-0.610144
-0.604419
-0.594197
-0.58368
-0.571245
-0.557411
-0.534957
-0.512309
-0.489922
-0.457414
-0.438107
-0.411399
-0.399501
-0.379691
-0.361839
-0.350374
-0.345603
-0.340643
-0.341059
-0.342909
-0.347249
-0.348468
-0.34889
-0.343542
-0.328373
-0.319659
-0.449619
-0.486468
-0.50363
-0.525165
-0.549054
-0.573962
-0.598021
-0.62067
-0.6419
-0.660029
-0.673679
-0.684279
-0.689003
-0.69284
-0.691618
-0.683086
-0.674935
-0.663723
-0.645425
-0.626444
-0.598107
-0.56511
-0.542842
-0.500912
-0.477834
-0.448851
-0.432377
-0.408221
-0.387157
-0.374743
-0.361402
-0.347683
-0.345855
-0.339382
-0.344049
-0.341677
-0.339611
-0.335869
-0.331635
-0.31519
-0.52574
-0.539827
-0.556137
-0.576663
-0.600182
-0.62555
-0.651652
-0.677781
-0.703427
-0.726023
-0.743277
-0.754564
-0.757965
-0.762441
-0.768374
-0.767767
-0.760792
-0.749267
-0.730247
-0.702154
-0.657563
-0.621104
-0.58646
-0.5496
-0.516671
-0.486975
-0.458288
-0.432356
-0.410114
-0.390995
-0.37405
-0.365869
-0.350947
-0.348187
-0.34519
-0.345254
-0.341283
-0.335299
-0.333805
-0.296975
-0.557549
-0.569602
-0.58728
-0.608864
-0.633345
-0.660773
-0.691194
-0.723213
-0.755622
-0.784144
-0.806737
-0.822725
-0.832404
-0.837404
-0.838929
-0.836
-0.825269
-0.812344
-0.791614
-0.758948
-0.71727
-0.673295
-0.63054
-0.590522
-0.553231
-0.506575
-0.486307
-0.462346
-0.427508
-0.400132
-0.388237
-0.375446
-0.36354
-0.363036
-0.36577
-0.367715
-0.346961
-0.339904
-0.339515
-0.330748
-0.56863
-0.582147
-0.599471
-0.619642
-0.644302
-0.673598
-0.706428
-0.741381
-0.77757
-0.81158
-0.838569
-0.855677
-0.865352
-0.870717
-0.871469
-0.865691
-0.853117
-0.835564
-0.813568
-0.786216
-0.74514
-0.701011
-0.653889
-0.617843
-0.580176
-0.545321
-0.508792
-0.472996
-0.449329
-0.430969
-0.405635
-0.375923
-0.367958
-0.371704
-0.383844
-0.390931
-0.401286
-0.406921
-0.410713
-0.410727
-0.568847
-0.581575
-0.598368
-0.617942
-0.641411
-0.669873
-0.699723
-0.73516
-0.773292
-0.810277
-0.841735
-0.859888
-0.869004
-0.875524
-0.876492
-0.867972
-0.849916
-0.8283
-0.805765
-0.782812
-0.750347
-0.691757
-0.666842
-0.632818
-0.601175
-0.569209
-0.540221
-0.516286
-0.481097
-0.457557
-0.439083
-0.42861
-0.423842
-0.431473
-0.43272
-0.433998
-0.437276
-0.441811
-0.44482
-0.445248
-0.556617
-0.570176
-0.587895
-0.60837
-0.62862
-0.657132
-0.694566
-0.72526
-0.753233
-0.789086
-0.823811
-0.846395
-0.851142
-0.857424
-0.852168
-0.839628
-0.821541
-0.803887
-0.7867
-0.770949
-0.749891
-0.697288
-0.664875
-0.643386
-0.621727
-0.608559
-0.566922
-0.540769
-0.524014
-0.511157
-0.496324
-0.469834
-0.452503
-0.449515
-0.452957
-0.458895
-0.464897
-0.470326
-0.472803
-0.474361
-0.534881
-0.547043
-0.562148
-0.582495
-0.588264
-0.542817
-0.68396
-0.714947
-0.731421
-0.745716
-0.777615
-0.793979
-0.80385
-0.799074
-0.791638
-0.783184
-0.774645
-0.767179
-0.759379
-0.750354
-0.743117
-0.715679
-0.690077
-0.677703
-0.657393
-0.631823
-0.615163
-0.613885
-0.593568
-0.568475
-0.535395
-0.510067
-0.494149
-0.48591
-0.484445
-0.493045
-0.497765
-0.504315
-0.509304
-0.512353
-0.512719
-0.520499
-0.533482
-0.547201
-0.542152
-0.577515
-0.621571
-0.660553
-0.692013
-0.723093
-0.729224
-0.739882
-0.739577
-0.731551
-0.72786
-0.727893
-0.729821
-0.729825
-0.734204
-0.72337
-0.738279
-0.726071
-0.712328
-0.701154
-0.693953
-0.694131
-0.680713
-0.669089
-0.65768
-0.644161
-0.614808
-0.560798
-0.535501
-0.520202
-0.521277
-0.515481
-0.42819
-0.548443
-0.562055
-0.566283
-0.50638
-0.512946
-0.528942
-0.547033
-0.521162
-0.564921
-0.602571
-0.628673
-0.642203
-0.64733
-0.676019
-0.71393
-0.695636
-0.680854
-0.680656
-0.6927
-0.701434
-0.705756
-0.721349
-0.71768
-0.742042
-0.73244
-0.730711
-0.731867
-0.732523
-0.728608
-0.725454
-0.723661
-0.723018
-0.720355
-0.658574
-0.590824
-0.538234
-0.524754
-0.526768
-0.500337
-0.532398
-0.586628
-0.614728
-0.608072
-0.521363
-0.534935
-0.552184
-0.574428
-0.598723
-0.618166
-0.656013
-0.643812
-0.651145
-0.674147
-0.687981
-0.694946
-0.640407
-0.619489
-0.633762
-0.670556
-0.687672
-0.704928
-0.724986
-0.734163
-0.758733
-0.74868
-0.748309
-0.766528
-0.758038
-0.759902
-0.76481
-0.772018
-0.77845
-0.784501
-0.788192
-0.674306
-0.622509
-0.673826
-0.692139
-0.700101
-0.694453
-0.689546
-0.682709
-0.678657
-0.55591
-0.583196
-0.602001
-0.623212
-0.645032
-0.67091
-0.694954
-0.71411
-0.724688
-0.727513
-0.721814
-0.71775
-0.72336
-0.636905
-0.643843
-0.711448
-0.714788
-0.725651
-0.737215
-0.751331
-0.767082
-0.778336
-0.783377
-0.783913
-0.784159
-0.788714
-0.792404
-0.798664
-0.804493
-0.809448
-0.757055
-0.710156
-0.781675
-0.758411
-0.754739
-0.746866
-0.73306
-0.730105
-0.724038
-0.720812
-0.59061
-0.630972
-0.633601
-0.656149
-0.67754
-0.701724
-0.726608
-0.744571
-0.759294
-0.754995
-0.756019
-0.761171
-0.762845
-0.763145
-0.751796
-0.740468
-0.756277
-0.758126
-0.763281
-0.772874
-0.783604
-0.793736
-0.801543
-0.808576
-0.789528
-0.775856
-0.776007
-0.78002
-0.780735
-0.796168
-0.805494
-0.793906
-0.790719
-0.784652
-0.77994
-0.775169
-0.769602
-0.763585
-0.763029
-0.761316
-0.649167
-0.672804
-0.705789
-0.698261
-0.739108
-0.757954
-0.773782
-0.786902
-0.791812
-0.79336
-0.791836
-0.789427
-0.786483
-0.781318
-0.776657
-0.772581
-0.771895
-0.779471
-0.785859
-0.794072
-0.804085
-0.814621
-0.824807
-0.821586
-0.79816
-0.817397
-0.828144
-0.83315
-0.83497
-0.830884
-0.826707
-0.822022
-0.816826
-0.810715
-0.807136
-0.804474
-0.799507
-0.795323
-0.793998
-0.794247
-0.743106
-0.757266
-0.770951
-0.787896
-0.806505
-0.822479
-0.832943
-0.83178
-0.833567
-0.832039
-0.826253
-0.818061
-0.810554
-0.801947
-0.794103
-0.791307
-0.792247
-0.797338
-0.805779
-0.814912
-0.824654
-0.835124
-0.84551
-0.842343
-0.855663
-0.856554
-0.855416
-0.855207
-0.854874
-0.852648
-0.849693
-0.846417
-0.84286
-0.839292
-0.836317
-0.833677
-0.830336
-0.827382
-0.82539
-0.825188
-0.837822
-0.843544
-0.849865
-0.850722
-0.86248
-0.870697
-0.86889
-0.868463
-0.86581
-0.86064
-0.852871
-0.844448
-0.836706
-0.821527
-0.810282
-0.820247
-0.822092
-0.827782
-0.83395
-0.839866
-0.845026
-0.851305
-0.856766
-0.86283
-0.867941
-0.868923
-0.868859
-0.869598
-0.871612
-0.873004
-0.873698
-0.872843
-0.871629
-0.869816
-0.867023
-0.865116
-0.858749
-0.85745
-0.851785
-0.843324
-0.896786
-0.893046
-0.894583
-0.90033
-0.90335
-0.903465
-0.883768
-0.888611
-0.888741
-0.883542
-0.874809
-0.868987
-0.863895
-0.859093
-0.853109
-0.853229
-0.855931
-0.860471
-0.869131
-0.870918
-0.872765
-0.874407
-0.87661
-0.879009
-0.882401
-0.883773
-0.885926
-0.890138
-0.893753
-0.895144
-0.897312
-0.897326
-0.896023
-0.897846
-0.894776
-0.891598
-0.889639
-0.885427
-0.883566
-0.873432
-0.940692
-0.93226
-0.929593
-0.929526
-0.928627
-0.931995
-0.931051
-0.924475
-0.915994
-0.911056
-0.8805
-0.893634
-0.883279
-0.887973
-0.886491
-0.888243
-0.891732
-0.894892
-0.902013
-0.904073
-0.904822
-0.905186
-0.90582
-0.906476
-0.908671
-0.909556
-0.910772
-0.915223
-0.92174
-0.925198
-0.928681
-0.929056
-0.926431
-0.927276
-0.922893
-0.918945
-0.916413
-0.915382
-0.912527
-0.905494
-0.985972
-0.97278
-0.963697
-0.963104
-0.965877
-0.962322
-0.956136
-0.948901
-0.941977
-0.937355
-0.900256
-0.915787
-0.913588
-0.918455
-0.931022
-0.929522
-0.931755
-0.93533
-0.938364
-0.93941
-0.940102
-0.9405
-0.94081
-0.941121
-0.941225
-0.941288
-0.94193
-0.943984
-0.950727
-0.957622
-0.960809
-0.955667
-0.953855
-0.950583
-0.946789
-0.943733
-0.942624
-0.944436
-0.942702
-0.944367
-1.02426
-1.01023
-1.00494
-1.00345
-1.00169
-0.99946
-0.989326
-0.979903
-0.972635
-0.96759
-0.948182
-0.956846
-0.956528
-0.953661
-0.968839
-0.962446
-0.972852
-0.973538
-0.974854
-0.976293
-0.977575
-0.978716
-0.980021
-0.981279
-0.981987
-0.983019
-0.980815
-0.982665
-0.985785
-0.990158
-0.986334
-0.982094
-0.978649
-0.97413
-0.970391
-0.966907
-0.96668
-0.967414
-0.969346
-0.971487
-1.04484
-1.0411
-1.04066
-1.04241
-1.04021
-1.03624
-1.02339
-1.01509
-1.00484
-1.00062
-0.991276
-1.00299
-0.999209
-0.997001
-1.00541
-0.995057
-1.01271
-1.01272
-1.01423
-1.01615
-1.01819
-1.0202
-1.02536
-1.02804
-1.03002
-1.03185
-1.03326
-1.03377
-1.03274
-1.02733
-1.01866
-1.01212
-1.00985
-1.00397
-1.00248
-0.997218
-0.995611
-0.998197
-1.00097
-1.00066
-1.06871
-1.06465
-1.07091
-1.07371
-1.06934
-1.06374
-1.05636
-1.05099
-1.04132
-1.03365
-1.03949
-1.04116
-1.03796
-1.03896
-1.04077
-1.03803
-1.04967
-1.05173
-1.05548
-1.05991
-1.06469
-1.06983
-1.07439
-1.0788
-1.08093
-1.08164
-1.08162
-1.08041
-1.07696
-1.07152
-1.06355
-1.05523
-1.04711
-1.04329
-1.03749
-1.03253
-1.03203
-1.0296
-1.0288
-1.02881
-1.09256
-1.08907
-1.08747
-1.09841
-1.09362
-1.08757
-1.08324
-1.08002
-1.06476
-1.06309
-1.07913
-1.07666
-1.07502
-1.07559
-1.07595
-1.0809
-1.08578
-1.09111
-1.09764
-1.10625
-1.11335
-1.12135
-1.12871
-1.13326
-1.13454
-1.13268
-1.12928
-1.12438
-1.11825
-1.11127
-1.10325
-1.09374
-1.08354
-1.07723
-1.07304
-1.06703
-1.06165
-1.05761
-1.05574
-1.05404
-1.11666
-1.11786
-1.1131
-1.11507
-1.11306
-1.1093
-1.10666
-1.10267
-1.07919
-1.11081
-1.10762
-1.107
-1.10694
-1.10783
-1.09747
-1.1172
-1.12318
-1.1316
-1.14064
-1.15071
-1.16152
-1.16989
-1.17839
-1.18139
-1.18082
-1.17708
-1.17078
-1.16328
-1.15524
-1.14702
-1.13856
-1.12901
-1.11884
-1.10965
-1.10279
-1.09635
-1.08947
-1.08348
-1.08076
-1.07789
-1.14708
-1.14443
-1.14284
-1.13888
-1.13443
-1.13161
-1.13108
-1.12803
-1.12142
-1.13224
-1.13367
-1.13436
-1.13586
-1.13942
-1.1284
-1.15325
-1.15828
-1.16834
-1.17768
-1.19016
-1.20125
-1.21136
-1.21745
-1.21989
-1.21897
-1.21477
-1.20765
-1.19893
-1.19007
-1.1813
-1.173
-1.16306
-1.15084
-1.13981
-1.12488
-1.10431
-1.10761
-1.10694
-1.10534
-1.10023
-1.157
-1.16471
-1.1625
-1.15605
-1.15548
-1.15282
-1.15013
-1.14985
-1.15244
-1.14673
-1.16187
-1.1605
-1.16276
-1.17258
-1.17239
-1.18886
-1.19171
-1.2047
-1.21159
-1.22507
-1.23422
-1.24268
-1.24793
-1.25017
-1.24943
-1.24526
-1.2381
-1.22964
-1.2205
-1.21323
-1.20637
-1.19485
-1.17764
-1.16407
-1.1525
-1.143
-1.13527
-1.12845
-1.12718
-1.12058
-1.21178
-1.21241
-1.2057
-1.18502
-1.17
-1.17486
-1.17055
-1.16609
-1.16904
-1.18071
-1.18687
-1.19762
-1.19934
-1.20754
-1.21396
-1.22245
-1.22773
-1.23757
-1.24834
-1.25636
-1.26398
-1.26985
-1.27246
-1.2746
-1.27259
-1.26887
-1.26292
-1.2553
-1.24673
-1.23965
-1.23132
-1.21016
-1.20289
-1.19225
-1.18105
-1.1747
-1.16851
-1.16123
-1.15727
-1.14091
-1.257
-1.25079
-1.24641
-1.22302
-1.2126
-1.2066
-1.20053
-1.20028
-1.19125
-1.19954
-1.2219
-1.22818
-1.2354
-1.24248
-1.24882
-1.25481
-1.25985
-1.26871
-1.27549
-1.28395
-1.28877
-1.29326
-1.29476
-1.29601
-1.2934
-1.28977
-1.28491
-1.27768
-1.27087
-1.26492
-1.25881
-1.24526
-1.23555
-1.22653
-1.2197
-1.21149
-1.20319
-1.19758
-1.19403
-1.17568
-1.28309
-1.2813
-1.27869
-1.27021
-1.25622
-1.24801
-1.24049
-1.2337
-1.2295
-1.23468
-1.24534
-1.266
-1.27374
-1.28056
-1.28557
-1.28887
-1.29133
-1.29549
-1.30093
-1.30503
-1.30966
-1.31203
-1.31273
-1.31245
-1.31043
-1.3075
-1.30349
-1.29751
-1.29151
-1.28454
-1.28469
-1.27648
-1.2673
-1.26706
-1.25382
-1.25584
-1.24234
-1.24037
-1.241
-1.22286
-1.31455
-1.31259
-1.31071
-1.31005
-1.29991
-1.29359
-1.28723
-1.28268
-1.28123
-1.28537
-1.30421
-1.29982
-1.31539
-1.31795
-1.32161
-1.32395
-1.32383
-1.32434
-1.3264
-1.32712
-1.32849
-1.32882
-1.32805
-1.32647
-1.3238
-1.32045
-1.31275
-1.30435
-1.31303
-1.30196
-1.30123
-1.30337
-1.27159
-1.29556
-1.27475
-1.28087
-1.25732
-1.27887
-1.28552
-1.27786
-1.3423
-1.33961
-1.33897
-1.34083
-1.34252
-1.34505
-1.34478
-1.34543
-1.35142
-1.35668
-1.35794
-1.3517
-1.34603
-1.35235
-1.35363
-1.34838
-1.34678
-1.35089
-1.3497
-1.3483
-1.34717
-1.34586
-1.34506
-1.34425
-1.34523
-1.34073
-1.33641
-1.3322
-1.32845
-1.32885
-1.32282
-1.32162
-1.32011
-1.32118
-1.31483
-1.31297
-1.30964
-1.3193
-1.31655
-1.31398
-1.36463
-1.36227
-1.3631
-1.36601
-1.37002
-1.37452
-1.38112
-1.39286
-1.39886
-1.40368
-1.40218
-1.39043
-1.38029
-1.37607
-1.37557
-1.37501
-1.37418
-1.37278
-1.36996
-1.36739
-1.36539
-1.36482
-1.36614
-1.35886
-1.35914
-1.36234
-1.36242
-1.35983
-1.35331
-1.35183
-1.34939
-1.34315
-1.34168
-1.34115
-1.33777
-1.33648
-1.33929
-1.33803
-1.34202
-1.33881
-1.38058
-1.39038
-1.38938
-1.39164
-1.39539
-1.39947
-1.40504
-1.41686
-1.42327
-1.42714
-1.41681
-1.40581
-1.39657
-1.39056
-1.38815
-1.38779
-1.38931
-1.38942
-1.3888
-1.38761
-1.38706
-1.38769
-1.39078
-1.38551
-1.3884
-1.3908
-1.39259
-1.39389
-1.389
-1.38409
-1.37802
-1.37347
-1.3696
-1.36846
-1.36645
-1.36641
-1.36674
-1.36767
-1.37043
-1.36693
-1.41206
-1.41212
-1.41485
-1.41803
-1.41985
-1.42131
-1.42381
-1.43128
-1.42486
-1.43056
-1.42162
-1.41477
-1.40891
-1.40498
-1.4056
-1.40261
-1.40582
-1.40998
-1.40953
-1.4099
-1.40994
-1.40339
-1.40947
-1.41314
-1.41451
-1.41933
-1.42198
-1.42092
-1.41712
-1.41286
-1.40824
-1.40412
-1.4005
-1.3984
-1.39668
-1.39801
-1.39706
-1.39618
-1.403
-1.40004
-1.44462
-1.44538
-1.44186
-1.44364
-1.44773
-1.44631
-1.44511
-1.45017
-1.44599
-1.44088
-1.43637
-1.43032
-1.42784
-1.42709
-1.42481
-1.42597
-1.43144
-1.4327
-1.43295
-1.43335
-1.4342
-1.43649
-1.43432
-1.43893
-1.44531
-1.44637
-1.44828
-1.44844
-1.44556
-1.44202
-1.43831
-1.43487
-1.43212
-1.43021
-1.42933
-1.43056
-1.42354
-1.42543
-1.4289
-1.42828
-1.47475
-1.47576
-1.47792
-1.47144
-1.46882
-1.47649
-1.47548
-1.47407
-1.47117
-1.46946
-1.46562
-1.46216
-1.45928
-1.45571
-1.4576
-1.45903
-1.45986
-1.45966
-1.46025
-1.46113
-1.46259
-1.46417
-1.46455
-1.46654
-1.46939
-1.47186
-1.47518
-1.47505
-1.47313
-1.47047
-1.46744
-1.46388
-1.46204
-1.46076
-1.45952
-1.45943
-1.44617
-1.45445
-1.45611
-1.45634
-1.50017
-1.5015
-1.50326
-1.50336
-1.49708
-1.50262
-1.5005
-1.49715
-1.49445
-1.49239
-1.49024
-1.48851
-1.4877
-1.48743
-1.4867
-1.48595
-1.48614
-1.48676
-1.48569
-1.4886
-1.48855
-1.48925
-1.49093
-1.49247
-1.49484
-1.49751
-1.50133
-1.50141
-1.50002
-1.49785
-1.49541
-1.49321
-1.48523
-1.48879
-1.48591
-1.48547
-1.48127
-1.48318
-1.48293
-1.48258
-1.52459
-1.52498
-1.52571
-1.52578
-1.52488
-1.52299
-1.52081
-1.51846
-1.51646
-1.51467
-1.51313
-1.51197
-1.51146
-1.51157
-1.51179
-1.51211
-1.51264
-1.51286
-1.51245
-1.51356
-1.5141
-1.5134
-1.51642
-1.518
-1.52022
-1.52554
-1.52855
-1.52779
-1.52607
-1.52385
-1.52152
-1.51916
-1.49916
-1.51155
-1.51266
-1.51142
-1.50998
-1.50888
-1.5082
-1.50797
-1.54881
-1.54878
-1.5484
-1.54758
-1.54631
-1.54477
-1.54311
-1.54145
-1.5401
-1.53891
-1.53793
-1.53752
-1.53725
-1.53744
-1.53809
-1.53892
-1.53981
-1.54064
-1.53929
-1.54056
-1.54239
-1.54196
-1.54226
-1.54403
-1.54079
-1.55424
-1.55456
-1.55342
-1.55151
-1.54931
-1.54712
-1.54524
-1.53546
-1.53613
-1.53934
-1.53772
-1.53564
-1.53416
-1.5337
-1.53362
-1.57367
-1.57326
-1.57247
-1.57133
-1.57002
-1.56866
-1.56742
-1.56641
-1.56565
-1.56503
-1.56464
-1.56453
-1.5646
-1.56493
-1.56569
-1.56662
-1.56743
-1.56804
-1.56875
-1.56915
-1.56932
-1.56969
-1.57014
-1.569
-1.5693
-1.58012
-1.57958
-1.5787
-1.57702
-1.57494
-1.57266
-1.57082
-1.56849
-1.56723
-1.56785
-1.56475
-1.56196
-1.56028
-1.55986
-1.55986
-1.5995
-1.59889
-1.59801
-1.59684
-1.59562
-1.59453
-1.5939
-1.59369
-1.59349
-1.59324
-1.59308
-1.5925
-1.59296
-1.5939
-1.59447
-1.59533
-1.59598
-1.59603
-1.59592
-1.59583
-1.59576
-1.596
-1.59667
-1.59182
-1.60285
-1.60581
-1.60594
-1.60528
-1.60398
-1.60227
-1.59891
-1.60059
-1.60043
-1.59882
-1.59527
-1.59133
-1.58844
-1.58684
-1.58617
-1.58619
-1.62582
-1.6251
-1.62426
-1.62351
-1.623
-1.62273
-1.6227
-1.62191
-1.62124
-1.62182
-1.62241
-1.62249
-1.6225
-1.6229
-1.62327
-1.62421
-1.62556
-1.62457
-1.62346
-1.62249
-1.62211
-1.62247
-1.61546
-1.62609
-1.62856
-1.63135
-1.63271
-1.63298
-1.63248
-1.62949
-1.62289
-1.63216
-1.62996
-1.62562
-1.621
-1.6171
-1.61433
-1.61281
-1.6121
-1.61117
-1.65213
-1.6514
-1.65075
-1.65076
-1.65089
-1.6518
-1.65336
-1.65524
-1.65495
-1.65548
-1.65534
-1.65449
-1.65437
-1.6544
-1.65521
-1.65538
-1.65522
-1.65303
-1.65076
-1.64859
-1.64646
-1.64575
-1.64313
-1.65461
-1.65551
-1.65646
-1.65742
-1.65813
-1.65865
-1.65676
-1.65812
-1.65777
-1.65399
-1.64934
-1.64518
-1.642
-1.64001
-1.63877
-1.6379
-1.6354
-1.6783
-1.67773
-1.67717
-1.67795
-1.6798
-1.68172
-1.68318
-1.68414
-1.68448
-1.68505
-1.68519
-1.68511
-1.68524
-1.68354
-1.68544
-1.68632
-1.68405
-1.68136
-1.67874
-1.6767
-1.67429
-1.67107
-1.67911
-1.67861
-1.67904
-1.67947
-1.67979
-1.67971
-1.67997
-1.67958
-1.67916
-1.67662
-1.67392
-1.67119
-1.66834
-1.66634
-1.66515
-1.66444
-1.66425
-1.66375
-1.70484
-1.70428
-1.70224
-1.70566
-1.70649
-1.70735
-1.70958
-1.71079
-1.71231
-1.71296
-1.7132
-1.71337
-1.71385
-1.7139
-1.71452
-1.71332
-1.71095
-1.70857
-1.70639
-1.70482
-1.70157
-1.70258
-1.70369
-1.70291
-1.70289
-1.70283
-1.70289
-1.70178
-1.69775
-1.70133
-1.69879
-1.69665
-1.69479
-1.69293
-1.69113
-1.68987
-1.68942
-1.68965
-1.68637
-1.68855
-1.73199
-1.73034
-1.7311
-1.73149
-1.73223
-1.73422
-1.73544
-1.73697
-1.73887
-1.73978
-1.74012
-1.74032
-1.74035
-1.74075
-1.7401
-1.73859
-1.73672
-1.73499
-1.73336
-1.73133
-1.73035
-1.73015
-1.72787
-1.72708
-1.72711
-1.72459
-1.7274
-1.72579
-1.72474
-1.72471
-1.72019
-1.71836
-1.71813
-1.71626
-1.71477
-1.71474
-1.71423
-1.71366
-1.71468
-1.71307
-1.7563
-1.75671
-1.75709
-1.75761
-1.75866
-1.75942
-1.76087
-1.76307
-1.76474
-1.76553
-1.76585
-1.766
-1.76597
-1.76554
-1.76462
-1.76338
-1.76185
-1.75993
-1.75916
-1.75742
-1.7563
-1.7562
-1.75481
-1.75423
-1.75415
-1.75383
-1.75342
-1.75255
-1.75202
-1.75085
-1.7495
-1.74774
-1.74477
-1.74295
-1.74244
-1.74066
-1.74039
-1.74015
-1.74061
-1.73859
-1.78487
-1.78339
-1.78288
-1.78291
-1.7835
-1.78445
-1.78451
-1.78723
-1.7885
-1.78913
-1.78934
-1.78937
-1.7892
-1.78875
-1.78799
-1.78695
-1.78568
-1.78511
-1.78403
-1.78285
-1.78206
-1.78153
-1.78045
-1.77986
-1.77962
-1.77993
-1.779
-1.77827
-1.78126
-1.78003
-1.77858
-1.77714
-1.7753
-1.77339
-1.7713
-1.76992
-1.76802
-1.76905
-1.76968
-1.76952
-1.80715
-1.80704
-1.80692
-1.80699
-1.80733
-1.80795
-1.80879
-1.80947
-1.81084
-1.81124
-1.81139
-1.81142
-1.81131
-1.81101
-1.81043
-1.80981
-1.8094
-1.8086
-1.80774
-1.807
-1.80648
-1.80631
-1.80627
-1.80427
-1.80451
-1.80575
-1.80452
-1.80525
-1.80804
-1.8078
-1.80615
-1.80707
-1.80421
-1.80642
-1.80229
-1.79979
-1.79904
-1.79929
-1.79957
-1.80037
-1.83075
-1.8308
-1.83072
-1.83066
-1.83066
-1.83086
-1.8313
-1.83194
-1.83223
-1.83297
-1.83306
-1.83311
-1.83309
-1.83308
-1.83295
-1.83273
-1.83233
-1.83176
-1.83105
-1.83029
-1.82966
-1.82931
-1.8289
-1.8286
-1.82808
-1.82754
-1.82811
-1.82955
-1.8317
-1.83401
-1.83452
-1.8334
-1.83377
-1.83599
-1.83424
-1.82965
-1.82918
-1.82965
-1.83017
-1.82796
-1.85394
-1.85433
-1.85431
-1.85423
-1.85415
-1.85412
-1.8542
-1.85437
-1.85452
-1.85495
-1.85502
-1.85522
-1.85535
-1.85563
-1.85578
-1.85586
-1.85576
-1.85535
-1.85465
-1.85376
-1.85286
-1.85217
-1.85166
-1.85092
-1.85042
-1.85005
-1.85022
-1.85121
-1.85286
-1.8547
-1.85589
-1.85655
-1.85769
-1.85932
-1.86013
-1.85682
-1.85722
-1.8563
-1.85595
-1.85508
-1.87529
-1.87748
-1.87815
-1.87838
-1.87827
-1.878
-1.87781
-1.87769
-1.87738
-1.87742
-1.87766
-1.87785
-1.8783
-1.87883
-1.8793
-1.87964
-1.8798
-1.87966
-1.87899
-1.878
-1.87573
-1.8736
-1.87189
-1.87076
-1.87054
-1.87256
-1.8732
-1.87375
-1.87487
-1.87574
-1.87677
-1.87738
-1.8796
-1.88019
-1.88108
-1.88084
-1.88033
-1.87998
-1.87972
-1.8794
-1.90653
-1.90628
-1.90523
-1.90413
-1.90318
-1.90249
-1.90196
-1.90153
-1.90119
-1.90089
-1.90067
-1.9012
-1.90191
-1.90286
-1.90378
-1.90457
-1.90534
-1.90621
-1.90567
-1.90306
-1.90245
-1.90158
-1.90025
-1.89856
-1.90006
-1.89905
-1.89804
-1.8976
-1.89915
-1.90001
-1.90054
-1.90011
-1.90213
-1.90325
-1.90351
-1.90351
-1.90345
-1.90346
-1.90344
-1.90335
-1.93662
-1.9323
-1.92965
-1.92839
-1.92752
-1.92686
-1.92624
-1.92573
-1.92533
-1.92501
-1.9248
-1.92509
-1.92665
-1.9287
-1.92988
-1.93002
-1.93004
-1.93064
-1.93119
-1.9279
-1.93201
-1.93106
-1.92763
-1.92606
-1.92499
-1.92438
-1.92452
-1.92461
-1.9247
-1.92473
-1.92524
-1.92579
-1.92583
-1.92644
-1.92652
-1.92677
-1.92693
-1.92708
-1.92715
-1.92713
-1.9618
-1.96199
-1.95808
-1.9555
-1.95351
-1.9522
-1.95129
-1.95067
-1.95019
-1.94984
-1.94967
-1.95019
-1.95264
-1.95515
-1.95594
-1.95523
-1.95533
-1.95494
-1.95952
-1.96185
-1.96516
-1.95915
-1.95522
-1.95111
-1.94946
-1.94953
-1.94976
-1.94994
-1.9499
-1.9499
-1.95015
-1.95046
-1.9505
-1.95043
-1.95038
-1.95053
-1.95075
-1.95097
-1.95116
-1.95121
393.062
391.506
389.351
383.883
375.441
366.582
357.392
346.636
338.518
334.078
325.894
329.544
332.802
326.025
324.027
327.078
340.417
353.797
346.429
321.415
293.836
277.746
268
262.469
259.245
260.141
263.604
267.5
273.042
279.817
289.597
298.13
300.464
296.237
288.456
285.436
291.292
304.949
324.113
347.631
379.317
376.426
372.321
366.357
356.721
346.023
337.178
336.496
331.433
325.928
322.394
322.062
317.745
305.429
302.55
300.896
292.598
282.505
279.019
262.965
238.439
223.093
224.009
227.471
233.36
238.149
244.245
249.965
255.333
261.611
270.851
279.518
280.813
278.08
263.7
262.04
264.062
263.761
273.895
298.585
367.891
361.098
358.418
354.551
347.421
339.269
340.363
338.905
325.874
314.682
302.751
292.129
286.446
272.013
259.154
257.864
258.647
246.357
229.15
210.342
210.102
210.031
206.776
210.551
214.98
208.185
216.712
223.774
230.321
238.164
245.388
251.328
252.612
245.457
245.084
254.183
264.66
271.04
278.267
288.877
351.663
348.596
347.069
344.68
340.677
334.86
335.456
317.681
311.18
300.234
289.125
278.821
270.575
259.81
246.342
232.288
221.452
210.664
207.207
205.687
205.407
205.08
204.25
203.902
203.25
202.9
202.548
205.781
210.664
211.988
214.404
213.28
220.847
223.801
240.896
256.632
262.062
268.192
278.123
291.123
335.444
335.094
332.316
327.386
323.819
334.379
310.939
311.722
299.502
288.63
279.607
268.378
258.259
245.801
228.397
211.509
209.202
205.955
203.833
202.936
202.44
201.886
200.966
200.034
199.598
199.412
198.836
198.285
196.576
193.598
197.359
196.937
204.521
212.91
218.186
229.289
241.692
248.986
258.679
274.369
316.598
316.463
313.799
308.914
307.219
308.709
292.385
296.307
285.619
276.158
269.136
258.64
247.222
235.079
217.829
199.661
207.991
206.318
203.551
201.783
200.469
199.975
199.907
201.335
199.26
198.881
197.965
196.899
195.567
194.491
194.389
195.615
197.349
201.241
204.223
208.135
222.876
237.788
252.451
268.787
296.037
295.19
292.635
287.675
286.088
285.341
281.154
275.04
267.279
261.458
253.896
243.94
231.357
220.25
211.054
201.607
196.949
197.279
199.752
198.962
198.187
197.786
196.306
199.453
197.232
195.25
195.234
194.628
194.078
193.519
193.393
193.51
193.291
191.498
194.748
203.875
217.902
230.295
239.703
247.793
279.112
278.29
276.503
273.471
271.734
270.344
267.803
264.493
256.167
247.04
239.507
233.557
221.371
208.61
201.95
199.442
198.298
197.395
195.889
192.539
190.084
190.364
188.892
188.573
189.29
191.42
190.799
192.866
191.816
189.737
185.547
184.859
188.935
195.577
198.797
205.21
211.955
218.91
224.169
227.874
264.947
264.059
262.527
260.436
259.278
263.882
253.412
260.811
240.789
235.665
231.256
220.69
208.09
198.161
190.744
186.335
188.146
188.807
190.829
191.378
180.187
179.745
180.651
181.866
183.822
185.125
186.629
190.203
191.407
187.59
188.585
191.362
194.459
196.759
197.104
203.064
207.667
209.677
213.267
217.509
250.16
249.343
248.205
247.623
250.597
262.46
240.926
239.663
224.026
229.705
212.208
202.904
187.459
170.828
156.055
162.406
164.01
173.59
176.671
171.283
168.886
170.42
172.048
173.597
173.999
177.002
180.29
185.474
188.618
190.027
192.441
195.624
195.513
202.914
210.529
210.329
215.991
210.239
213.316
213.939
231.606
230.413
227.958
226.888
228.944
243.175
208.169
203.51
194.828
189.153
182.549
171.161
156.571
141.286
138.991
148.148
149.098
148.132
150.362
152.06
160.168
160.038
155.39
156.986
159.958
164.015
168.572
173.071
177.962
183.299
187.569
192.704
198.313
202.795
204.924
220.509
208.427
211.926
212.375
212.639
210.934
207.746
202.369
195.373
186.697
204.341
181.997
163.877
152.509
138.02
124.953
128.219
117.553
128.69
124.614
133.494
136.313
137.485
140.913
142.703
140.587
145.984
141.767
144.601
147.367
150.404
155.967
162.661
169.425
176.041
186.33
191.049
195.603
198.719
202.824
225.067
208.591
212.752
213.532
213.084
190.585
187.125
181.977
175.779
167.768
158.748
151.234
140.6
111.945
93.3133
92.0677
99.9205
106.211
99.5226
101.645
112.466
116.676
118.605
120.402
124.066
126.486
125.329
125.82
126.646
130.483
135.943
142.953
150.924
159.324
168.377
179.634
184.469
189.229
193.159
205.726
216.602
208.069
211.887
212.777
211.516
173.076
170.707
163.942
158.16
152.545
144.403
132.094
120.418
105.291
96.4171
91.8643
101.377
92.766
97.8927
98.7991
93.3553
91.4551
97.2135
95.0783
99.5916
102.166
105.044
108.63
111.334
112.922
117.552
127.657
137.729
146.833
154.862
164.301
182.375
183.64
183.158
195.135
202.25
204.147
214.99
214.281
212.165
159.565
158.317
151.515
141.96
136.45
129.489
130.542
122.225
116.033
109.904
101.366
105.777
100.676
92.9777
90.1939
87.5577
84.6507
81.3381
79.2278
82.628
87.2629
91.7302
96.2758
100.248
104.031
108.059
117.529
129.443
139.442
148.359
155.958
163.834
172.818
182.693
189.718
196.755
201.417
223.486
200.036
210.555
149.379
147.797
143.195
135.742
130.091
126.785
125.486
126.077
120.356
112.516
106.045
102.169
100.585
92.0149
86.8661
84.953
82.2571
80.3756
77.6321
85.4739
79.1396
82.4418
87.0711
91.902
96.6478
101.157
112.065
126.366
138.575
148.609
157.257
165.615
174.877
184.966
193.331
199.388
210.166
204.684
208.608
213.222
142.723
142.782
135.264
129.961
124.81
119.479
109.891
107.203
105.832
101.084
96.0197
95.2992
93.489
89.3523
86.9145
85.6142
83.8647
82.6335
79.3762
81.2074
73.9883
76.0848
80.7585
85.8207
91.7459
97.9718
111.851
126.222
138.731
150.412
164.466
167.092
178.077
189.739
200.267
208.194
217.66
218.263
216.433
220.284
140.263
139.21
134.541
129.147
121.818
114.72
108.112
103.988
100.863
93.0829
95.561
96.1241
94.0016
91.4158
89.6566
88.0425
86.4235
85.6215
81.3907
78.1427
76.428
74.5629
78.8383
82.8974
88.9978
99.575
113.454
127.914
141.502
153.096
162.109
171.529
182.03
197.164
203.055
218.718
223.687
226.859
225.569
222.22
137.046
135.321
133.356
128.908
121.58
114.283
107.402
105.744
99.3938
92.7014
96.178
94.9595
93.6516
92.205
90.9979
89.6758
89.1969
88.4773
83.2271
77.7883
73.3484
76.9487
80.2903
81.732
89.7063
101.476
114.025
126.915
139.126
150.439
159.836
170.973
188.965
203.063
213.702
221.11
224.959
217.337
217.892
219.729
130.187
130.063
128.363
125.07
120.152
113.764
107.465
100.441
100.217
89.8726
95.1048
94.2645
93.3622
92.4543
91.7205
90.7125
89.3066
88.9398
91.682
87.1305
88.3977
85.2779
82.2396
86.6618
93.2773
100.931
109.916
119.438
128.608
141.712
151.861
167.76
192.717
207.007
211.565
199.251
199.914
198.602
200.617
208.27
124.308
122.44
121.859
119.633
115.494
111.341
107.339
102.932
97.643
99.3295
91.2762
91.9202
93.3568
92.7333
92.2846
92.2215
93.2014
94.0356
94.9887
95.4074
94.898
92.5675
92.6103
92.0066
92.7156
95.0874
99.2489
104.709
113.699
121.006
125.574
140.325
154.32
169.42
173.825
158.092
159.777
165.024
171.787
175.853
116.692
110.685
110.502
109.75
108.374
106.317
102.84
105.109
100.526
93.5133
93.6392
89.487
88.3624
89.6074
90.6283
89.9729
91.6706
93.0386
93.923
93.384
86.4055
89.6458
90.9711
88.7704
84.7346
82.7285
83.7137
89.9205
91.878
92.1468
96.8065
91.224
90.2681
102.219
91.3725
79.1747
101.958
121.054
135.61
143.814
99.6438
95.4694
94.9855
95.7657
96.3687
95.9395
94.0591
94.9012
91.1221
86.7978
86.3216
86.052
86.271
88.1484
89.6311
83.8107
100.194
94.8459
91.5122
95.8832
96.1651
94.3527
91.59
87.3488
81.031
78.3971
74.1832
70.4749
72.4099
72.7079
70.2699
70.9753
71.4108
70.6038
69.3174
63.1118
64.0977
90.5034
110.319
115.629
81.4232
79.6064
79.5715
81.7442
83.2008
83.339
82.5504
80.9827
79.4256
78.9368
79.6918
80.714
82.2359
84.9546
84.8598
95.1007
91.0491
90.0044
95.7071
99.7747
99.0613
97.5416
95.5954
84.4977
74.3428
68.2351
64.1781
63.0299
61.2106
63.9553
70.3839
70.5017
70.4822
73.8954
72.0388
66.7657
60.2009
74.4538
93.886
107.055
71.4985
69.2969
68.7264
70.1614
70.8293
70.144
70.91
69.3591
69.3529
69.4993
70.5015
71.0206
72.1822
74.811
80.6188
82.9322
90.5802
98.7362
103.222
104.144
100.147
88.6592
79.2225
71.0532
63.5745
58.6199
54.2672
53.1811
54.8965
58.0897
62.3607
67.1698
71.9086
75.5759
66.6724
58.8786
50.0494
52.4795
59.7592
73.8328
63.4108
63.4157
63.8173
65.7614
63.2021
59.5374
56.4331
55.5484
54.8419
54.8861
53.4816
50.3793
48.818
50.6789
56.0631
63.2417
73.2617
89.4383
102.603
84.398
73.162
63.3718
53.3577
45.3292
40.282
37.1958
36.1793
44.1467
43.4672
45.5748
49.0716
54.4475
55.7679
52.5573
48.1461
31.0722
14.7883
2.25168
13.4432
18.9919
47.9271
47.3969
45.9256
44.4773
42.0097
38.3785
36.6041
34.9645
34.0418
35.5169
29.4863
20.6104
18.5314
19.3897
22.0074
20.6228
27.4277
37.2592
50.7515
34.8775
34.9202
26.559
19.612
13.705
10.285
5.90195
4.65046
12.5507
23.4745
29.2394
18.0506
12.7902
13.2314
9.42156
3.46866
3.22859
2.18911
2.41946
4.48022
13.4061
35.6348
35.0766
33.7561
31.1383
27.3366
20.4256
16.147
21.5335
26.5376
24.1227
21.9846
7.15294
7.56386
7.71558
6.29803
4.58476
5.33334
7.20771
10.9291
8.73874
6.53366
4.72755
3.20838
3.03132
2.45846
2.48181
2.77722
1.37647
0.315326
4.8683
-1.45269
4.33707
3.77956
2.74571
1.68286
0.682525
-0.212625
-0.893206
-0.853271
17.5653
21.9994
21.4009
20.8737
19.7614
14.7057
22.603
14.9622
7.13949
2.59009
1.2815
6.06968
8.75659
4.02876
5.18896
4.75731
4.74851
6.62369
5.64777
4.45499
3.76204
4.45476
4.71578
3.18071
1.46997
0.84388
1.53275
1.5965
1.78707
-0.611012
7.74423
0.099978
3.19913
2.97007
2.21664
0.911309
-0.420407
-1.28
-1.63418
-0.925268
6.16858
13.8718
14.1845
15.0135
15.9393
13.0436
6.74169
7.23806
1.5937
1.2197
1.05051
0.845448
0.78937
-0.00626107
0.97013
2.66022
4.41468
8.38657
12.2635
12.1407
12.309
9.89803
5.90752
2.1348
0.282674
0.141699
0.463291
0.954429
1.14062
0.590745
13.1114
0.268156
1.50282
2.07355
1.74685
1.21653
0.52817
0.0296783
0.0272502
0.273739
2.74593
13.1811
9.67096
8.29112
8.54212
14.7749
14.6262
0.291315
1.18566
1.04199
0.878694
0.754804
0.876201
0.96092
0.965259
0.377441
1.37902
6.58625
8.03449
4.2925
1.20689
-0.00361118
0.154234
0.368994
-0.357568
-0.300727
0.0972265
0.445456
1.80972
9.45658
11.788
10.5282
7.05202
0.669953
2.34472
2.36074
2.33044
2.55247
2.65419
2.81491
3.30487
3.97816
2.40077
0.20171
-0.839963
-0.458048
-0.150145
-0.0429443
1.34556
0.613043
0.389626
0.286303
0.403689
0.45721
0.464177
0.305262
1.20305
2.32964
0.896204
-0.349572
-0.490076
-0.519613
-0.514311
-0.206139
0.469724
-0.691958
-0.66038
-0.749005
2.49718
10.0304
14.9865
13.4991
10.725
11.1983
9.68166
2.04194
4.52331
5.27435
5.07327
5.00297
5.22512
0.0537508
-0.758509
-0.9227
-0.910204
-0.927279
-0.914689
-0.973732
-1.40587
2.02142
-0.217888
-0.266564
-0.121421
-0.0552043
-0.0300283
-0.164651
-0.370055
-0.443025
-0.47289
-0.49161
-0.512992
-0.5163
-0.551203
-0.591327
-0.593842
-0.685027
-0.955073
-0.739162
-1.17422
0.246922
2.65685
3.81665
3.36901
1.57145
10.3742
13.3876
11.0801
5.1098
5.68779
5.68719
5.71863
-0.999764
-1.00767
-1.06768
-1.12838
-1.15351
-1.14247
-1.14093
-1.1994
0.0892394
-0.940937
-0.741281
-0.560582
-0.478092
-0.40835
-0.488183
-0.515163
-0.539292
-0.554725
-0.54007
-0.543847
-0.575466
-0.623661
-0.657825
-0.676764
-0.739695
-0.471474
-0.888322
-0.855615
-2.40771
-2.37501
-2.22978
-1.29229
-0.614541
-0.313119
0.155273
8.78938
11.1139
4.16048
4.53534
5.77103
-0.993167
-1.10335
-1.14768
-1.20143
-1.23989
-1.22069
-1.13469
-1.25413
-1.29089
-1.20362
-1.02332
-0.88905
-0.766894
-0.750568
-0.731681
-0.739903
-0.732176
-0.68104
-0.695651
-0.685445
-0.690617
-0.712997
-0.743197
-0.744462
-0.677297
-0.628567
-0.547963
-0.798328
0.503466
-0.000978511
-0.94302
-2.44933
-1.14767
-0.651266
-0.726388
-0.616947
-1.34526
3.71958
12.1271
5.35857
-0.597963
-1.08006
-1.07364
-1.09833
-1.16111
-1.10177
-1.09509
-1.12549
-1.12788
-1.10221
-1.05894
-1.01425
-0.958625
-0.941065
-0.939305
-0.975548
-0.959462
-0.899008
-0.814715
-0.760149
-0.747642
-0.757489
-0.766102
-0.774834
-0.772082
-0.744292
-0.699465
-0.377022
1.44281
1.19463
0.210376
-1.00417
-0.851949
-0.880578
-0.949028
-0.924022
-0.880514
-0.830433
-0.860793
-2.27168
-0.691606
-0.857147
-0.891009
-0.89788
-0.924868
-0.933433
-0.988445
-1.01174
-1.01342
-1.00633
-1.011
-1.01458
-1.01637
-1.02567
-1.05026
-1.08396
-1.06335
-1.00393
-0.912645
-0.849048
-0.825824
-0.82932
-0.835246
-0.847724
-0.865711
-0.882108
-0.902996
-0.932878
-0.667162
4.14044
2.89927
-1.01641
-0.8494
-0.884952
-0.971343
-1.05867
-1.09379
-1.08473
-1.16365
-1.26473
-0.691676
-0.70474
-0.775528
-0.799971
-0.822379
-0.860682
-0.90196
-0.933813
-0.951345
-0.97315
-0.988729
-1.00475
-1.02123
-1.03845
-1.05408
-1.0615
-1.052
-1.02634
-1.01451
-0.907537
-0.915956
-0.914177
-0.924037
-0.935852
-0.954253
-0.980787
-1.01624
-1.03619
-1.05949
-1.11965
-1.0998
-1.03821
-1.03577
-1.11022
-1.15925
-1.13964
-1.08401
-1.03765
-1.09948
-1.52691
-0.686492
-0.688804
-0.787604
-0.822564
-0.816927
-0.841248
-0.897607
-0.951235
-0.975394
-0.993826
-1.00835
-1.02274
-1.03632
-1.0485
-1.06828
-1.07116
-1.06212
-1.04379
-1.0298
-1.02665
-0.941175
-0.976743
-0.991104
-0.999121
-1.01095
-1.02096
-1.01773
-1.04146
-1.04137
-1.02331
-1.00841
-0.993039
-1.00207
-0.622009
0.145729
-0.249883
-0.73311
-0.834101
-0.808375
-1.39746
-0.657594
-0.734517
-0.886701
-0.868827
-0.867917
-0.891637
-0.917701
-0.956407
-1.00914
-1.06726
-1.07034
-1.06625
-1.07032
-1.06666
-1.00489
-1.07067
-1.05697
-1.04904
-1.04329
-1.05487
-0.978121
-1.01164
-1.03615
-1.04453
-1.04492
-1.04975
-1.01794
-0.851748
-1.03586
-1.02283
-1.01846
-1.0198
-1.01533
-0.914098
-0.167161
0.285771
-0.725455
-0.997194
0.22521
-1.19553
-0.406709
-0.868723
-0.919298
-0.877903
-0.889917
-0.89536
-0.924673
-0.967879
-1.01963
-1.06229
-1.08346
-1.08984
-1.06519
-1.04063
-1.04686
-1.06038
-1.06491
-1.07119
-1.03514
-1.05053
-1.00931
-1.05268
-1.07954
-1.08938
-1.08987
-1.0986
-1.09472
-0.928347
-1.0068
-1.0401
-1.0474
-1.05675
-1.07219
-1.08392
-1.08775
-1.1039
-1.12438
-1.17995
-1.23133
-1.27287
-0.771184
-0.909435
-0.901911
-0.849665
-0.901524
-0.864675
-0.901227
-0.945086
-0.989054
-1.02936
-1.05499
-1.07342
-1.07304
-1.06126
-1.06066
-1.05842
-1.05886
-1.06848
-1.07908
-1.0917
-1.09825
-1.10642
-1.12228
-1.13253
-1.13764
-1.13725
-1.13837
-1.02915
-1.02718
-1.04605
-1.06324
-1.07261
-1.10133
-1.12502
-1.15191
-1.14825
-1.18213
-1.21815
-1.25883
-1.31188
-0.947728
-0.937623
-0.932904
-0.94357
-0.864664
-0.841862
-0.899428
-0.932753
-0.966574
-1.00633
-1.04535
-1.07951
-1.10431
-1.09232
-1.05321
-1.04954
-1.06617
-1.08429
-1.10212
-1.12671
-1.12514
-1.13887
-1.15777
-1.17358
-1.18527
-1.17761
-1.15327
-1.07418
-1.03351
-1.03471
-1.06038
-1.05217
-1.12741
-1.1645
-1.19841
-1.25012
-1.30118
-1.3253
-1.32119
-1.33584
-0.97029
-0.968996
-0.959779
-0.965005
-0.94416
-0.877569
-0.928397
-0.957539
-0.97414
-1.01077
-1.06033
-1.11045
-1.14528
-1.14705
-1.13323
-1.11881
-1.13784
-1.13632
-1.1386
-1.16273
-1.16388
-1.17493
-1.19367
-1.21209
-1.22595
-1.21039
-1.14178
-1.08782
-1.0607
-1.06341
-1.07165
-1.10138
-1.17583
-1.21687
-1.26307
-1.30234
-1.32732
-1.35478
-1.34639
-1.34746
-1.01841
-1.01769
-1.00256
-1.0042
-0.999414
-0.98842
-0.985313
-1.00387
-0.980239
-0.994688
-1.13907
-1.2135
-1.23031
-1.22117
-1.20487
-1.18519
-1.17053
-1.16824
-1.165
-1.17842
-1.19467
-1.20499
-1.21641
-1.23158
-1.24497
-1.23681
-1.13854
-1.07499
-1.09307
-1.147
-1.11737
-1.19988
-1.23901
-1.28671
-1.30074
-1.32176
-1.3447
-1.35693
-1.35543
-1.36947
-1.07833
-1.07571
-1.08027
-1.07846
-1.08765
-1.01904
-1.12426
-1.1207
-1.16587
-1.14836
-1.20491
-1.34721
-1.35507
-1.30956
-1.26609
-1.23442
-1.21255
-1.20314
-1.1822
-1.17027
-1.20967
-1.21972
-1.22057
-1.2286
-1.23073
-1.22808
-1.21458
-1.14704
-1.16775
-1.21468
-1.24335
-1.26073
-1.29699
-1.30997
-1.32381
-1.33595
-1.34462
-1.34925
-1.3565
-1.37071
-1.13106
-1.13469
-1.14318
-1.14789
-1.15767
-1.08266
-1.20947
-1.18305
-1.24216
-1.23824
-1.32414
-1.4216
-1.40854
-1.36367
-1.31591
-1.27526
-1.24466
-1.2255
-1.19066
-1.16303
-1.21543
-1.21862
-1.20716
-1.20098
-1.20302
-1.21708
-1.22143
-1.2307
-1.24708
-1.27734
-1.31238
-1.31706
-1.34636
-1.34589
-1.35401
-1.36147
-1.36571
-1.36244
-1.35748
-1.36846
-1.17003
-1.17699
-1.18565
-1.19668
-1.20716
-1.20489
-1.26608
-1.27724
-1.30042
-1.35587
-1.41497
-1.43358
-1.41447
-1.37908
-1.33477
-1.29257
-1.25686
-1.23309
-1.18343
-1.13666
-1.22262
-1.21378
-1.20285
-1.20546
-1.20054
-1.24161
-1.2576
-1.26869
-1.29242
-1.33206
-1.38286
-1.38986
-1.38482
-1.38883
-1.38911
-1.39345
-1.39385
-1.37566
-1.36213
-1.36291
-1.18328
-1.19417
-1.21012
-1.23043
-1.25243
-1.27027
-1.33925
-1.38729
-1.39965
-1.40336
-1.4035
-1.40349
-1.38982
-1.3606
-1.32408
-1.2905
-1.26323
-1.24034
-1.23626
-1.23897
-1.23487
-1.22786
-1.22865
-1.23699
-1.24881
-1.26934
-1.28306
-1.29879
-1.32363
-1.36012
-1.40535
-1.42981
-1.41755
-1.41146
-1.41333
-1.41088
-1.41479
-1.39264
-1.37797
-1.3675
-1.16403
-1.17492
-1.19471
-1.21783
-1.24323
-1.26984
-1.29485
-1.32604
-1.36271
-1.37764
-1.36958
-1.36005
-1.34688
-1.3265
-1.29997
-1.27702
-1.25935
-1.24682
-1.24347
-1.23941
-1.23042
-1.23145
-1.24055
-1.23235
-1.27573
-1.29106
-1.30291
-1.31572
-1.33228
-1.35278
-1.3775
-1.40048
-1.41159
-1.40994
-1.39948
-1.39745
-1.39894
-1.38838
-1.37491
-1.3671
-1.14904
-1.15765
-1.17549
-1.19668
-1.21923
-1.24197
-1.2672
-1.28414
-1.29489
-1.31831
-1.32251
-1.31887
-1.31258
-1.30099
-1.28558
-1.27369
-1.26495
-1.26054
-1.24935
-1.24569
-1.24685
-1.24345
-1.23996
-1.25235
-1.28961
-1.3133
-1.31778
-1.32306
-1.32975
-1.33701
-1.34549
-1.35581
-1.36436
-1.36512
-1.37143
-1.36735
-1.36884
-1.36923
-1.35972
-1.34251
-1.15935
-1.15987
-1.17303
-1.18961
-1.20514
-1.22849
-1.24067
-1.25857
-1.27099
-1.28894
-1.29108
-1.29188
-1.29048
-1.28821
-1.27942
-1.27561
-1.27841
-1.26858
-1.2651
-1.27421
-1.2657
-1.27269
-1.29492
-1.31033
-1.32678
-1.32952
-1.32967
-1.3266
-1.32892
-1.33381
-1.33683
-1.34152
-1.33794
-1.33992
-1.34358
-1.34523
-1.34887
-1.35353
-1.35595
-1.33417
-1.17569
-1.17868
-1.18508
-1.20557
-1.21754
-1.22739
-1.25109
-1.25723
-1.26653
-1.2809
-1.28004
-1.27967
-1.27834
-1.27741
-1.27764
-1.28113
-1.28682
-1.29955
-1.2531
-1.30611
-1.31522
-1.32017
-1.32204
-1.32897
-1.33742
-1.34028
-1.3413
-1.33782
-1.33825
-1.34051
-1.34492
-1.34526
-1.34349
-1.34142
-1.34183
-1.34724
-1.35066
-1.354
-1.35415
-1.35187
-1.20183
-1.20339
-1.2172
-1.22022
-1.24341
-1.23529
-1.26563
-1.27658
-1.27777
-1.276
-1.27608
-1.28391
-1.27722
-1.27515
-1.27343
-1.27715
-1.29073
-1.28941
-1.28747
-1.34231
-1.33896
-1.34294
-1.34754
-1.35159
-1.35481
-1.35643
-1.35799
-1.35895
-1.35956
-1.36084
-1.36332
-1.36278
-1.3589
-1.35743
-1.35882
-1.35815
-1.34093
-1.34263
-1.35787
-1.3519
-1.23415
-1.23648
-1.24037
-1.24848
-1.27038
-1.2809
-1.29209
-1.26708
-1.31274
-1.29907
-1.2863
-1.27486
-1.26724
-1.27673
-1.27248
-1.27654
-1.30194
-1.30347
-1.33829
-1.35821
-1.36423
-1.37215
-1.37877
-1.38087
-1.37963
-1.37813
-1.37694
-1.37643
-1.37661
-1.37717
-1.37776
-1.38011
-1.38208
-1.37919
-1.37917
-1.36934
-1.36283
-1.36503
-1.36903
-1.36563
-1.2653
-1.26749
-1.26852
-1.27998
-1.29705
-1.31324
-1.31386
-1.29881
-1.30564
-1.32697
-1.32268
-1.31392
-1.30951
-1.30355
-1.28914
-1.28023
-1.29333
-1.31959
-1.34766
-1.36665
-1.37974
-1.3892
-1.39468
-1.39436
-1.39079
-1.38763
-1.38637
-1.38734
-1.38969
-1.39268
-1.39661
-1.39935
-1.4012
-1.40151
-1.40008
-1.39749
-1.39454
-1.39246
-1.3848
-1.38076
-1.29808
-1.29798
-1.30239
-1.31328
-1.32665
-1.31245
-1.30709
-1.33032
-1.33682
-1.34333
-1.34564
-1.34241
-1.33519
-1.33052
-1.33695
-1.32867
-1.31341
-1.32778
-1.35692
-1.3788
-1.38669
-1.38948
-1.39196
-1.39241
-1.39196
-1.39231
-1.39326
-1.39543
-1.39906
-1.40342
-1.40842
-1.41285
-1.41543
-1.41573
-1.41324
-1.40992
-1.40656
-1.40479
-1.40527
-1.40194
-1.31817
-1.32328
-1.32728
-1.3341
-1.34362
-1.34652
-1.34984
-1.35413
-1.35926
-1.35955
-1.35843
-1.35507
-1.35151
-1.34858
-1.34875
-1.35343
-1.35695
-1.36219
-1.37472
-1.38285
-1.3854
-1.38917
-1.39062
-1.39105
-1.39232
-1.39395
-1.39718
-1.40092
-1.40525
-1.41003
-1.41515
-1.41934
-1.42169
-1.42235
-1.41822
-1.41658
-1.41143
-1.41011
-1.41324
-1.41591
-1.33395
-1.33658
-1.34013
-1.3444
-1.3504
-1.35364
-1.35877
-1.36226
-1.36317
-1.36604
-1.36594
-1.3651
-1.36392
-1.36205
-1.36114
-1.3623
-1.36762
-1.37424
-1.38143
-1.3894
-1.39541
-1.34304
-1.39264
-1.39027
-1.39383
-1.39847
-1.40381
-1.40742
-1.40981
-1.41178
-1.41379
-1.41507
-1.41553
-1.4153
-1.41109
-1.41062
-1.40482
-1.40378
-1.40741
-1.41317
-1.35117
-1.35394
-1.35569
-1.35778
-1.36159
-1.36538
-1.36838
-1.3706
-1.37204
-1.37205
-1.3723
-1.37196
-1.37415
-1.36328
-1.36169
-1.38175
-1.38182
-1.38644
-1.39416
-1.40115
-1.39285
-1.38397
-1.39016
-1.39629
-1.40627
-1.41419
-1.41546
-1.41717
-1.41643
-1.41446
-1.41267
-1.41168
-1.41121
-1.41054
-1.40635
-1.40458
-1.39852
-1.39407
-1.38885
-1.38486
-1.36156
-1.36201
-1.36293
-1.36522
-1.38011
-1.38393
-1.38337
-1.38316
-1.3849
-1.38693
-1.38602
-1.38004
-1.37986
-1.3833
-1.38799
-1.39137
-1.39853
-1.41253
-1.4129
-1.41632
-1.41936
-1.41254
-1.41175
-1.41192
-1.4122
-1.41761
-1.43122
-1.43154
-1.42489
-1.41834
-1.41354
-1.41034
-1.40829
-1.40669
-1.40579
-1.40308
-1.39674
-1.38183
-1.36778
-1.34661
-1.39874
-1.40518
-1.4078
-1.40297
-1.40757
-1.4022
-1.39865
-1.39866
-1.401
-1.40474
-1.40964
-1.41553
-1.42397
-1.41723
-1.42626
-1.43279
-1.42504
-1.43054
-1.43801
-1.43256
-1.43525
-1.42977
-1.42118
-1.42009
-1.42135
-1.42801
-1.43902
-1.44349
-1.43394
-1.42417
-1.41537
-1.40833
-1.40479
-1.40341
-1.40148
-1.39836
-1.38702
-1.37286
-1.3613
-1.33893
-1.41781
-1.42276
-1.42213
-1.42224
-1.41969
-1.41407
-1.41115
-1.41164
-1.41411
-1.41875
-1.42057
-1.42785
-1.43389
-1.44398
-1.45334
-1.45912
-1.46173
-1.46049
-1.4549
-1.4519
-1.44621
-1.43281
-1.4332
-1.43788
-1.43364
-1.43852
-1.44916
-1.45268
-1.44011
-1.42781
-1.4168
-1.40989
-1.40546
-1.40401
-1.40664
-1.3997
-1.39132
-1.38078
-1.35092
-1.33001
-1.42344
-1.42876
-1.42847
-1.42785
-1.42647
-1.42449
-1.42418
-1.4258
-1.42924
-1.43301
-1.43799
-1.44608
-1.45754
-1.46544
-1.47509
-1.48254
-1.48456
-1.48487
-1.47578
-1.46743
-1.46482
-1.45305
-1.45129
-1.45836
-1.41937
-1.44713
-1.46672
-1.45651
-1.44352
-1.4309
-1.42128
-1.41676
-1.41177
-1.41056
-1.41177
-1.40916
-1.40168
-1.38649
-1.36142
-1.3412
-1.42051
-1.43654
-1.43771
-1.4386
-1.43912
-1.43316
-1.43054
-1.44688
-1.44929
-1.45206
-1.45835
-1.45944
-1.47232
-1.47996
-1.49162
-1.50241
-1.50447
-1.50543
-1.50061
-1.4929
-1.47851
-1.46813
-1.4626
-1.44219
-1.45474
-1.47266
-1.46874
-1.45987
-1.44934
-1.43742
-1.42883
-1.42335
-1.42295
-1.4263
-1.4312
-1.43237
-1.42603
-1.41558
-1.39295
-1.37361
-1.43472
-1.4523
-1.45157
-1.45227
-1.4539
-1.4487
-1.45047
-1.46612
-1.46805
-1.46988
-1.47207
-1.47628
-1.48183
-1.48809
-1.49593
-1.50406
-1.50867
-1.50987
-1.50748
-1.49886
-1.48887
-1.47737
-1.4552
-1.46394
-1.47591
-1.4755
-1.46983
-1.46325
-1.45684
-1.45065
-1.44682
-1.44674
-1.44853
-1.45389
-1.45624
-1.4513
-1.44553
-1.43731
-1.42568
-1.41522
-1.45945
-1.46058
-1.46458
-1.471
-1.47897
-1.47555
-1.4773
-1.48451
-1.48636
-1.48711
-1.48824
-1.4899
-1.49261
-1.49625
-1.50112
-1.50593
-1.51059
-1.50718
-1.50805
-1.50239
-1.49527
-1.4871
-1.4863
-1.48339
-1.48133
-1.47748
-1.47195
-1.47014
-1.46892
-1.46754
-1.46402
-1.4686
-1.47033
-1.46933
-1.4665
-1.45922
-1.45587
-1.4502
-1.4443
-1.44056
-1.47915
-1.48244
-1.49344
-1.49281
-1.49762
-1.49303
-1.49703
-1.50342
-1.50336
-1.5034
-1.50377
-1.50434
-1.50525
-1.50633
-1.50717
-1.50819
-1.51113
-1.50797
-1.50858
-1.50498
-1.49906
-1.50208
-1.49694
-1.49249
-1.48734
-1.48273
-1.4777
-1.47862
-1.48359
-1.4729
-1.47552
-1.48186
-1.48549
-1.48317
-1.47934
-1.47462
-1.46615
-1.46401
-1.45782
-1.45623
-1.50685
-1.509
-1.50587
-1.50933
-1.50859
-1.51253
-1.51487
-1.51596
-1.51707
-1.51762
-1.51821
-1.51853
-1.51851
-1.51853
-1.51849
-1.51692
-1.51774
-1.51546
-1.51472
-1.51176
-1.50475
-1.50982
-1.50664
-1.50233
-1.49577
-1.49188
-1.48894
-1.48543
-1.48468
-1.49364
-1.50124
-1.50342
-1.4999
-1.49418
-1.49393
-1.48814
-1.48293
-1.47837
-1.47569
-1.47414
-1.51904
-1.51942
-1.51954
-1.51989
-1.51987
-1.52342
-1.52625
-1.5281
-1.52932
-1.53048
-1.53115
-1.53158
-1.5313
-1.53016
-1.52907
-1.52823
-1.52711
-1.52576
-1.52469
-1.52265
-1.51959
-1.52141
-1.51935
-1.51804
-1.50846
-1.49097
-1.51188
-1.52433
-1.52332
-1.5192
-1.51679
-1.51492
-1.51467
-1.50951
-1.50513
-1.50175
-1.49973
-1.49827
-1.49655
-1.49548
-1.52761
-1.52895
-1.53028
-1.53207
-1.52487
-1.53692
-1.53844
-1.53969
-1.54086
-1.54184
-1.54255
-1.5429
-1.54252
-1.5416
-1.54032
-1.53895
-1.53792
-1.53659
-1.53529
-1.53422
-1.53353
-1.53327
-1.53341
-1.53435
-1.52443
-1.49273
-1.53891
-1.53686
-1.53516
-1.53327
-1.53117
-1.53033
-1.53072
-1.52402
-1.52003
-1.52209
-1.51983
-1.51818
-1.51695
-1.51591
-1.53564
-1.53749
-1.5379
-1.53204
-1.53915
-1.54719
-1.54913
-1.55104
-1.55254
-1.55365
-1.55427
-1.55407
-1.55338
-1.5524
-1.55089
-1.54859
-1.54665
-1.54502
-1.54446
-1.54358
-1.54338
-1.54395
-1.54536
-1.54727
-1.54454
-1.54503
-1.54686
-1.54707
-1.54598
-1.54526
-1.54518
-1.54566
-1.54569
-1.5449
-1.54306
-1.54043
-1.53822
-1.53695
-1.53605
-1.5355
-1.54182
-1.54792
-1.54971
-1.55278
-1.55909
-1.56125
-1.56324
-1.56492
-1.56618
-1.56734
-1.56773
-1.56716
-1.56608
-1.56447
-1.56316
-1.56081
-1.55778
-1.5555
-1.55291
-1.552
-1.55205
-1.55291
-1.55464
-1.55633
-1.55791
-1.5571
-1.55824
-1.55837
-1.55985
-1.56005
-1.56038
-1.56044
-1.56024
-1.55962
-1.55821
-1.55659
-1.55521
-1.55432
-1.55359
-1.55338
-1.55296
-1.56324
-1.56612
-1.57015
-1.57435
-1.57813
-1.58107
-1.58206
-1.58323
-1.58393
-1.57951
-1.57401
-1.57959
-1.57769
-1.5764
-1.57415
-1.57048
-1.56626
-1.5627
-1.56091
-1.5608
-1.56216
-1.5644
-1.56687
-1.56913
-1.57059
-1.57206
-1.57372
-1.57447
-1.5757
-1.5759
-1.57571
-1.57516
-1.57431
-1.57316
-1.57195
-1.57093
-1.57021
-1.56976
-1.56954
-1.57472
-1.58635
-1.58995
-1.5919
-1.59271
-1.59567
-1.59834
-1.59958
-1.60089
-1.60183
-1.59996
-1.58875
-1.58617
-1.58667
-1.58421
-1.58228
-1.57903
-1.57727
-1.57368
-1.57029
-1.57073
-1.57256
-1.57538
-1.57846
-1.58117
-1.58358
-1.58582
-1.58786
-1.58933
-1.59021
-1.59067
-1.59052
-1.58994
-1.58899
-1.58784
-1.58668
-1.58566
-1.58488
-1.58435
-1.58408
-1.60307
-1.61169
-1.61287
-1.61135
-1.61108
-1.614
-1.61695
-1.61791
-1.61905
-1.62057
-1.62151
-1.62005
-1.61844
-1.61554
-1.61381
-1.61044
-1.60264
-1.59712
-1.5908
-1.58489
-1.58582
-1.58692
-1.58889
-1.59186
-1.59468
-1.5971
-1.59949
-1.60155
-1.60318
-1.60436
-1.60421
-1.60437
-1.6041
-1.60283
-1.60155
-1.60025
-1.59908
-1.5981
-1.59733
-1.59674
-1.62789
-1.63179
-1.63209
-1.62622
-1.62891
-1.63359
-1.63455
-1.63377
-1.63437
-1.63504
-1.63467
-1.63353
-1.63167
-1.62968
-1.62773
-1.62598
-1.62513
-1.62345
-1.61178
-1.60508
-1.60328
-1.6048
-1.609
-1.60892
-1.61018
-1.61188
-1.61346
-1.61495
-1.61582
-1.6165
-1.61728
-1.61675
-1.61587
-1.61511
-1.61404
-1.61251
-1.61117
-1.60995
-1.60886
-1.60783
-1.64335
-1.64517
-1.64683
-1.64843
-1.64859
-1.64864
-1.64889
-1.64879
-1.64721
-1.6475
-1.64696
-1.646
-1.64516
-1.64335
-1.64234
-1.63913
-1.64498
-1.63636
-1.63346
-1.63317
-1.63184
-1.62887
-1.62635
-1.62743
-1.62721
-1.62601
-1.62703
-1.62754
-1.62787
-1.62834
-1.62831
-1.62766
-1.62765
-1.62662
-1.62501
-1.62355
-1.62237
-1.62089
-1.61958
-1.61839
-1.6576
-1.65819
-1.65854
-1.65889
-1.65946
-1.65984
-1.65995
-1.66
-1.65977
-1.65941
-1.6586
-1.65748
-1.65645
-1.65122
-1.6507
-1.65285
-1.65554
-1.65816
-1.65419
-1.65183
-1.64974
-1.64971
-1.64447
-1.64071
-1.63865
-1.63932
-1.64122
-1.63949
-1.63847
-1.64036
-1.63781
-1.6391
-1.63837
-1.63795
-1.63704
-1.63469
-1.63303
-1.63154
-1.63016
-1.62898
-1.67166
-1.67199
-1.67187
-1.6715
-1.67069
-1.6707
-1.67202
-1.67281
-1.67277
-1.6721
-1.67301
-1.6703
-1.66537
-1.66453
-1.66527
-1.66898
-1.67089
-1.67035
-1.6708
-1.67048
-1.66863
-1.6673
-1.6659
-1.66441
-1.65759
-1.65263
-1.65082
-1.65656
-1.65636
-1.65391
-1.65031
-1.64886
-1.64797
-1.65189
-1.65042
-1.64798
-1.64564
-1.6436
-1.64179
-1.64014
-1.68464
-1.68469
-1.68417
-1.68243
-1.68253
-1.68158
-1.68351
-1.68095
-1.68464
-1.68615
-1.68715
-1.68085
-1.68274
-1.68694
-1.68537
-1.68533
-1.68541
-1.68468
-1.68406
-1.68357
-1.68298
-1.68208
-1.68092
-1.68016
-1.68015
-1.678
-1.67596
-1.67346
-1.67174
-1.67237
-1.66738
-1.6654
-1.66332
-1.66522
-1.66419
-1.66167
-1.65945
-1.65725
-1.65509
-1.65303
-1.6981
-1.69822
-1.69858
-1.69671
-1.69692
-1.69546
-1.69633
-1.68982
-1.69612
-1.69738
-1.6989
-1.69928
-1.69956
-1.69969
-1.69981
-1.6996
-1.69927
-1.69868
-1.69802
-1.69726
-1.69659
-1.69572
-1.69428
-1.69308
-1.69149
-1.68955
-1.68671
-1.68491
-1.68453
-1.6891
-1.6807
-1.68805
-1.68398
-1.68089
-1.67828
-1.67617
-1.67428
-1.67193
-1.66991
-1.66775
-1.71228
-1.71245
-1.7129
-1.71278
-1.71146
-1.71031
-1.71086
-1.71094
-1.71204
-1.71294
-1.71644
-1.71544
-1.71492
-1.71459
-1.71449
-1.71455
-1.71435
-1.71222
-1.71106
-1.70947
-1.70678
-1.70704
-1.70983
-1.70771
-1.70661
-1.70513
-1.70373
-1.70283
-1.70245
-1.70411
-1.70277
-1.70459
-1.70198
-1.69728
-1.69461
-1.69263
-1.6907
-1.68837
-1.68637
-1.68447
-1.72662
-1.7272
-1.72786
-1.72853
-1.72852
-1.72699
-1.7269
-1.72726
-1.72827
-1.72936
-1.73172
-1.73075
-1.73025
-1.73002
-1.73002
-1.73019
-1.72994
-1.72677
-1.72534
-1.72471
-1.72512
-1.72623
-1.72713
-1.72432
-1.72369
-1.72279
-1.72318
-1.72295
-1.72343
-1.72471
-1.7266
-1.72425
-1.72056
-1.71771
-1.71522
-1.71251
-1.70968
-1.70707
-1.70499
-1.70324
-1.74076
-1.74177
-1.74266
-1.74317
-1.7415
-1.74196
-1.74278
-1.74367
-1.74435
-1.74669
-1.74554
-1.7451
-1.74496
-1.74504
-1.74534
-1.74591
-1.74648
-1.74535
-1.74117
-1.74494
-1.7452
-1.74526
-1.74652
-1.74852
-1.75003
-1.75172
-1.74953
-1.74918
-1.75087
-1.75253
-1.74378
-1.74784
-1.74395
-1.74048
-1.73763
-1.73507
-1.73091
-1.72803
-1.72566
-1.72394
-1.75491
-1.75453
-1.75555
-1.7577
-1.75488
-1.75627
-1.75741
-1.75891
-1.75902
-1.75925
-1.75924
-1.75898
-1.75899
-1.75923
-1.75945
-1.75991
-1.76043
-1.76111
-1.76154
-1.76165
-1.76168
-1.76168
-1.76291
-1.76563
-1.76842
-1.77127
-1.77391
-1.77583
-1.77711
-1.7761
-1.77177
-1.76997
-1.76659
-1.76343
-1.76094
-1.75827
-1.75344
-1.75008
-1.74724
-1.74507
-1.76815
-1.76934
-1.76849
-1.77158
-1.77184
-1.77288
-1.77343
-1.77267
-1.77408
-1.77359
-1.77319
-1.77267
-1.77241
-1.77303
-1.77358
-1.77402
-1.77488
-1.7759
-1.77678
-1.77751
-1.77812
-1.7791
-1.78102
-1.78389
-1.78764
-1.79207
-1.79447
-1.79637
-1.79797
-1.79754
-1.79428
-1.79126
-1.78623
-1.78369
-1.78639
-1.78138
-1.77572
-1.77161
-1.76771
-1.76529
-1.78389
-1.77956
-1.78629
-1.7859
-1.78629
-1.78702
-1.78873
-1.78884
-1.78869
-1.7886
-1.78855
-1.78885
-1.78896
-1.78898
-1.78912
-1.78959
-1.79045
-1.79153
-1.79274
-1.79413
-1.79553
-1.79734
-1.79981
-1.80351
-1.80878
-1.81274
-1.81544
-1.81727
-1.81824
-1.81749
-1.81533
-1.81345
-1.80364
-1.8099
-1.80766
-1.80189
-1.79605
-1.79107
-1.78658
-1.78416
-1.79724
-1.79815
-1.80072
-1.80097
-1.80145
-1.80242
-1.80394
-1.80278
-1.80299
-1.80395
-1.80372
-1.80381
-1.80395
-1.80417
-1.80457
-1.80516
-1.80616
-1.8074
-1.80891
-1.81075
-1.81289
-1.81539
-1.81806
-1.82367
-1.82783
-1.83131
-1.83402
-1.83594
-1.83679
-1.83616
-1.83435
-1.83199
-1.82867
-1.82916
-1.82453
-1.81881
-1.81329
-1.80841
-1.80439
-1.80149
-1.81113
-1.81655
-1.81682
-1.81687
-1.81701
-1.81742
-1.81789
-1.81813
-1.81832
-1.81825
-1.81831
-1.8185
-1.81879
-1.81919
-1.81977
-1.82057
-1.82164
-1.82303
-1.82477
-1.82695
-1.8295
-1.8325
-1.83665
-1.8408
-1.84477
-1.8485
-1.85149
-1.85331
-1.85378
-1.85267
-1.8504
-1.84802
-1.84542
-1.84255
-1.83788
-1.83285
-1.82817
-1.82398
-1.82032
-1.81708
-1.82487
-1.83038
-1.83107
-1.8309
-1.83156
-1.83131
-1.83132
-1.83166
-1.83195
-1.83219
-1.83247
-1.83281
-1.83322
-1.83374
-1.83443
-1.83533
-1.83651
-1.83801
-1.83987
-1.84208
-1.84461
-1.84761
-1.85129
-1.85531
-1.85936
-1.86315
-1.86607
-1.86775
-1.86803
-1.86651
-1.86408
-1.86149
-1.85813
-1.85453
-1.85062
-1.8463
-1.84234
-1.83861
-1.83498
-1.83134
-1.84058
-1.84364
-1.84456
-1.84431
-1.84515
-1.84498
-1.84504
-1.84534
-1.84569
-1.84605
-1.84643
-1.84685
-1.84733
-1.84792
-1.84865
-1.84957
-1.85076
-1.85227
-1.85414
-1.85629
-1.8582
-1.86033
-1.86447
-1.86779
-1.87132
-1.87473
-1.87719
-1.87795
-1.8784
-1.87697
-1.87478
-1.87232
-1.86942
-1.86603
-1.86235
-1.85885
-1.85594
-1.85339
-1.84962
-1.84773
-1.85437
-1.85792
-1.85851
-1.85858
-1.85899
-1.85896
-1.85907
-1.85932
-1.85964
-1.85999
-1.86037
-1.86079
-1.86128
-1.86185
-1.86254
-1.8634
-1.86447
-1.8658
-1.86737
-1.86902
-1.86887
-1.86581
-1.87516
-1.87893
-1.88199
-1.88473
-1.88678
-1.88717
-1.88672
-1.88606
-1.88403
-1.88173
-1.87905
-1.87618
-1.87317
-1.87064
-1.86935
-1.8598
-1.86487
-1.86555
-1.86657
-1.8723
-1.87276
-1.87295
-1.87301
-1.87308
-1.87321
-1.8734
-1.87365
-1.87393
-1.87427
-1.87466
-1.87511
-1.87564
-1.87627
-1.87704
-1.87801
-1.87921
-1.88061
-1.88192
-1.88111
-1.88314
-1.88642
-1.88994
-1.89265
-1.89497
-1.8967
-1.89759
-1.89646
-1.89271
-1.89417
-1.89197
-1.88952
-1.88892
-1.88751
-1.88467
-1.88138
-1.88125
-1.88634
-1.88701
-1.88004
-1.88651
-1.88664
-1.88685
-1.88691
-1.887
-1.88713
-1.8873
-1.88751
-1.88777
-1.88807
-1.88843
-1.88885
-1.88934
-1.88992
-1.89062
-1.89148
-1.89254
-1.89381
-1.89526
-1.89534
-1.89601
-1.89869
-1.90158
-1.90357
-1.90551
-1.90715
-1.90832
-1.90874
-1.90592
-1.90149
-1.90067
-1.90052
-1.89984
-1.89981
-1.90007
-1.89993
-1.90052
-1.90103
-1.90136
-1.89359
-1.9005
-1.90045
-1.90056
-1.90066
-1.90078
-1.90091
-1.90107
-1.90126
-1.90149
-1.90176
-1.90208
-1.90246
-1.90289
-1.9034
-1.90399
-1.9047
-1.90555
-1.90654
-1.90767
-1.90874
-1.90982
-1.91149
-1.91343
-1.91461
-1.91613
-1.91807
-1.91986
-1.92125
-1.92256
-1.92191
-1.92057
-1.91844
-1.91704
-1.91583
-1.91369
-1.9123
-1.90992
-1.90763
-1.90598
-1.91191
-1.91444
-1.91432
-1.91431
-1.91439
-1.91448
-1.9146
-1.91474
-1.9149
-1.9151
-1.91533
-1.9156
-1.91591
-1.91626
-1.91666
-1.91712
-1.91766
-1.91829
-1.91901
-1.91985
-1.92078
-1.92185
-1.92265
-1.92407
-1.92567
-1.92913
-1.92962
-1.93144
-1.93288
-1.93354
-1.9337
-1.93371
-1.93292
-1.93061
-1.92715
-1.92461
-1.92318
-1.91891
-1.91583
-1.91475
-1.92782
-1.92806
-1.92805
-1.92802
-1.92807
-1.92813
-1.92822
-1.92832
-1.92846
-1.92861
-1.92879
-1.929
-1.92923
-1.92949
-1.92979
-1.93015
-1.93056
-1.93105
-1.9316
-1.93226
-1.93306
-1.93402
-1.93502
-1.93587
-1.93542
-1.93685
-1.93964
-1.94187
-1.94517
-1.94542
-1.94496
-1.94453
-1.94369
-1.94283
-1.94326
-1.94143
-1.93925
-1.93638
-1.93365
-1.93401
-1.94236
-1.94164
-1.94169
-1.94156
-1.94163
-1.9417
-1.94178
-1.94186
-1.94194
-1.94204
-1.94215
-1.94227
-1.94241
-1.94256
-1.94273
-1.94292
-1.94314
-1.9434
-1.94374
-1.94415
-1.94464
-1.94522
-1.94591
-1.94658
-1.94773
-1.94911
-1.95576
-1.96201
-1.96002
-1.95781
-1.95608
-1.95539
-1.95625
-1.95855
-1.95816
-1.95543
-1.95406
-1.95273
-1.95248
-1.94131
-1.95791
-1.9566
-1.95656
-1.95609
-1.95583
-1.95566
-1.95555
-1.95549
-1.95546
-1.95545
-1.95547
-1.95549
-1.95553
-1.95558
-1.95564
-1.95574
-1.95587
-1.95604
-1.95626
-1.95651
-1.95694
-1.95756
-1.95851
-1.96005
-1.96231
-1.96613
-1.98191
-1.98453
-1.97485
-1.97242
-1.97037
-1.97025
-1.97235
-1.97753
-1.97925
-1.97377
-1.97072
-1.96691
-1.97166
-1.96337
)
;

boundaryField
{
    inlet
    {
        type            calculated;
        value           nonuniform List<scalar> 10(-294.098 -294.287 -294.424 -294.553 -294.614 -294.614 -294.549 -294.422 -294.288 -294.1);
    }
    inletWall
    {
        type            calculated;
        value           nonuniform List<scalar> 
30
(
-205.002
-225.036
-244.929
-264.67
-284.288
-118.384
-134.192
-150.764
-167.692
-184.574
-24.8383
-45.5371
-65.4203
-88.2931
-115.094
-205.01
-225.043
-244.933
-264.673
-284.29
-118.401
-134.184
-150.798
-167.736
-184.578
-26.2402
-46.1819
-65.7718
-88.4237
-115.163
)
;
    }
    bottleWall
    {
        type            calculated;
        value           nonuniform List<scalar> 
290
(
517.977
498.193
475.692
450.784
420.661
385.195
352.364
323.319
289.977
259.932
238.718
225.308
211.271
198.238
187.582
171.535
157.056
159.585
164.669
179.678
179.541
178.653
167.854
152.321
135.115
109.166
82.3379
53.906
22.4317
2.10473
0.564311
0.500628
0.424989
0.317984
0.205817
0.21089
0.260685
0.185364
0.104013
0.0428826
0.000453061
-0.0458769
0.0892985
-0.133241
-0.348111
-0.319659
-0.31519
-0.296975
-0.330748
-0.410727
-0.445248
-0.474361
-0.512353
-0.566283
-0.608072
-0.678657
-0.720812
-0.761316
-0.794247
-0.825188
-0.843324
-0.873432
-0.905494
-0.944367
-0.971487
-1.00066
-1.02881
-1.05404
-1.07789
-1.10023
-1.12058
-1.14091
-1.17568
-1.22286
-1.27786
-1.31398
-1.33881
-1.36693
-1.40004
-1.42828
-1.45634
-1.48258
-1.50797
-1.53362
-1.55986
-1.58619
-1.61117
-1.6354
-1.66375
-1.68855
-1.71307
-1.73859
-1.76952
-1.80037
-1.82796
-1.85508
-1.8794
-1.90335
-1.92713
-1.95121
458.782
465.512
474.089
482.478
486.052
502.116
521.026
549.932
561.475
561.064
556.211
547.824
532.716
511.61
492.019
477.958
470.074
454.856
442.254
433.768
428.613
426.935
429.369
454.229
476.287
478.62
487.973
500.892
511.366
521.901
518.396
528.989
529.153
525.107
531.837
528.813
529.478
528.871
527.329
526.676
376.016
391.737
405.688
416.648
424.642
432.223
438.284
443.895
449.708
454.629
399.615
398.266
397.857
392.389
383.946
375.087
365.836
353.321
344.627
340.249
332.066
333.208
335.898
334.342
332.357
335.407
348.396
361.558
354.338
329.688
302.116
285.993
276.228
270.696
267.473
268.375
271.834
275.722
281.271
288.048
295.747
303.498
305.825
301.816
296.397
293.376
299.234
312.883
331.48
355.008
393.062
379.317
367.891
351.663
335.444
316.598
296.037
279.112
264.947
250.16
231.606
210.934
190.585
173.076
159.565
149.379
142.723
140.263
137.046
130.187
124.308
116.692
99.6438
81.4232
71.4985
63.4108
47.9271
35.6348
21.9994
13.8718
13.1811
3.97816
0.0537508
-0.999764
-0.993167
-0.597963
-0.691606
-0.691676
-0.686492
-0.657594
-0.406709
-0.771184
-0.947728
-0.97029
-1.01841
-1.07833
-1.13106
-1.17003
-1.18328
-1.16403
-1.14904
-1.15935
-1.17569
-1.20183
-1.23415
-1.2653
-1.29808
-1.31817
-1.33395
-1.35117
-1.36156
-1.39874
-1.41781
-1.42344
-1.42051
-1.43472
-1.45945
-1.47915
-1.50685
-1.51904
-1.52761
-1.53564
-1.54182
-1.55296
-1.57472
-1.60307
-1.62789
-1.64335
-1.6576
-1.67166
-1.68464
-1.6981
-1.71228
-1.72662
-1.74076
-1.75491
-1.76815
-1.78389
-1.79724
-1.81113
-1.82487
-1.84058
-1.85437
-1.86657
-1.88004
-1.89359
-1.91191
-1.92782
-1.94236
-1.95791
)
;
    }
    atmosphere
    {
        type            calculated;
        value           nonuniform List<scalar> 
80
(
-1.97085
-1.96631
-1.96461
-1.96411
-1.96367
-1.96329
-1.96297
-1.96274
-1.96257
-1.96244
-1.96228
-1.96202
-1.96991
-1.9785
-1.97531
-1.965
-1.96282
-1.96282
-1.96406
-2.00793
-2.09382
-1.96281
-1.96534
-1.96378
-1.96221
-1.96202
-1.96201
-1.96203
-1.96204
-1.96203
-1.96203
-1.96202
-1.962
-1.962
-1.96209
-1.96234
-1.96263
-1.96307
-1.9638
-1.96369
-1.97888
-1.962
-1.96217
-1.96218
-1.96215
-1.96212
-1.96211
-1.9621
-1.96208
-1.96208
-1.96207
-1.96206
-1.96205
-1.96203
-1.96202
-1.96201
-1.962
-1.962
-1.962
-1.962
-1.962
-1.962
-1.962
-1.962
-1.96204
-1.96525
-2.13444
-2.23448
-1.96592
-1.96592
-1.96592
-1.96592
-1.96859
-1.99789
-2.00612
-1.97831
-1.97305
-1.9685
-1.96362
-1.96346
)
;
    }
    frontAndBack
    {
        type            empty;
    }
}


// ************************************************************************* //
