/*--------------------------------*- C++ -*----------------------------------*\
  =========                 |
  \\      /  F ield         | OpenFOAM: The Open Source CFD Toolbox
   \\    /   O peration     | Website:  https://openfoam.org
    \\  /    A nd           | Version:  8
     \\/     M anipulation  |
\*---------------------------------------------------------------------------*/
FoamFile
{
    version     2.0;
    format      ascii;
    class       volScalarField;
    location    "4.65";
    object      p;
}
// * * * * * * * * * * * * * * * * * * * * * * * * * * * * * * * * * * * * * //

dimensions      [1 -1 -2 0 0 0 0];

internalField   nonuniform List<scalar> 
9150
(
394.74
367.747
342.241
325.047
316.74
316.73
325.021
342.204
367.706
394.704
365.883
346.337
330.679
318.878
312.894
312.888
318.859
330.652
346.305
365.85
336.611
323.049
314.503
306.749
302.638
302.633
306.734
314.482
323.024
336.582
311.902
301.889
296.416
291.056
288.085
288.08
291.044
296.398
301.867
311.876
290.61
281.704
277.113
272.942
270.497
270.494
272.932
277.097
281.684
290.586
27.9592
23.9342
49.0447
63.2854
69.8785
69.759
62.9415
48.5284
23.2097
26.9699
197.952
173.85
168.47
167.258
167.368
167.303
167.073
168.186
173.481
197.583
302.384
271.069
255.16
245.295
240.64
240.603
245.192
255.006
270.887
302.219
382.953
340.82
313.028
295.701
287.209
287.187
295.641
312.942
340.726
382.877
433.628
380.958
342.354
320.326
310.191
310.177
320.288
342.301
380.903
433.59
-52.353
-17.1426
-29.9517
-22.2974
-26.0366
-27.5033
-22.9476
-32.4998
-22.7576
-62.7393
-45.2653
-29.6298
-48.4433
-42.7313
-46.1626
-47.1919
-42.9219
-52.6351
-33.5128
-52.789
-89.5664
-59.3141
-90.6052
-84.4789
-81.44
-81.7474
-85.0933
-93.7023
-62.3324
-94.5681
-268.911
-145.008
-127.543
-109.557
-93.6613
-93.8744
-110.577
-129.733
-146.618
-273.108
-414.196
-176.652
-80.3387
-50.3444
-34.8139
-35.0015
-50.9933
-81.353
-177.819
-417.203
1767.52
1767.42
1767.3
1767.19
1767.07
1766.94
1766.81
1766.68
1766.55
1766.41
1748.05
1747.94
1747.83
1747.71
1747.59
1747.47
1747.34
1747.21
1747.07
1746.92
1728.56
1728.45
1728.34
1728.22
1728.1
1727.98
1727.85
1727.71
1727.57
1727.43
1709.04
1708.94
1708.83
1708.71
1708.59
1708.46
1708.33
1708.2
1708.06
1707.91
1689.49
1689.39
1689.28
1689.16
1689.04
1688.92
1688.79
1688.65
1688.51
1688.36
1669.92
1669.81
1669.7
1669.59
1669.47
1669.34
1669.21
1669.07
1668.93
1668.79
1650.32
1650.21
1650.1
1649.99
1649.86
1649.74
1649.61
1649.47
1649.34
1649.19
1630.7
1630.59
1630.47
1630.36
1630.24
1630.11
1629.98
1629.85
1629.71
1629.57
1611.05
1610.94
1610.83
1610.71
1610.58
1610.46
1610.33
1610.19
1610.06
1609.92
1591.39
1591.28
1591.16
1591.03
1590.91
1590.78
1590.64
1590.51
1590.38
1590.24
1571.72
1571.6
1571.47
1571.34
1571.2
1571.07
1570.93
1570.8
1570.66
1570.52
1552.04
1551.9
1551.76
1551.62
1551.47
1551.33
1551.18
1551.04
1550.89
1550.75
1532.35
1532.2
1532.07
1531.91
1531.72
1531.55
1531.39
1531.22
1531.06
1530.91
1512.7
1512.52
1512.33
1512.15
1511.94
1511.74
1511.54
1511.35
1511.16
1510.98
1492.99
1492.81
1492.59
1492.39
1492.1
1491.87
1491.62
1491.39
1491.16
1490.94
1473.34
1473.11
1472.83
1472.58
1472.25
1471.96
1471.65
1471.35
1471.06
1470.78
1453.69
1453.39
1453.09
1452.76
1452.4
1452.03
1451.64
1451.26
1450.88
1450.5
1434.09
1433.74
1433.39
1432.98
1432.56
1432.1
1431.63
1431.15
1430.66
1430.15
1414.55
1414.16
1413.74
1413.29
1412.8
1412.26
1411.69
1411.09
1410.51
1409.95
1395.03
1394.62
1394.16
1393.66
1393.13
1392.52
1391.85
1391.18
1390.92
1390.64
1375.52
1375.14
1374.71
1374.31
1373.74
1373.21
1372.69
1372.95
1372.45
1371.78
1355.94
1355.83
1355.98
1354.96
1354.73
1354.24
1353.87
1354.53
1354.11
1353.26
1342.84
1336.11
1336.19
1336.01
1335.71
1335.3
1334.86
1335.01
1335.51
1333.69
1322.81
1319.08
1318.37
1317.84
1317.36
1316.9
1316.46
1316.02
1315.61
1315.2
1301.64
1300.49
1299.94
1299.46
1299
1298.56
1298.13
1297.71
1297.29
1296.87
1283.46
1282.59
1281.87
1281.27
1280.75
1280.29
1279.87
1279.48
1279.12
1278.76
1265.16
1264.32
1263.57
1262.95
1262.43
1261.98
1261.58
1261.25
1260.97
1260.72
1246.48
1245.69
1245
1244.41
1243.91
1243.47
1243.08
1242.74
1242.43
1242.15
1227.1
1226.56
1226.06
1225.59
1225.17
1224.77
1224.4
1224.04
1223.69
1223.34
1207.74
1207.42
1207.07
1206.71
1206.34
1205.98
1205.62
1205.23
1204.84
1204.43
1188.7
1188.46
1188.17
1187.86
1187.52
1187.15
1186.77
1186.35
1185.91
1185.43
1169.95
1169.72
1169.44
1169.11
1168.75
1168.36
1167.92
1167.44
1166.92
1166.36
1151.52
1151.23
1150.89
1150.52
1150.1
1149.64
1149.12
1148.55
1147.93
1147.26
1133.35
1132.96
1132.55
1132.09
1131.59
1131.04
1130.43
1129.75
1128.99
1128.18
1115.37
1114.89
1114.39
1113.84
1113.26
1112.61
1111.89
1111.08
1110.17
1109.15
1097.52
1096.97
1096.39
1095.78
1095.12
1094.41
1093.62
1092.71
1091.66
1090.43
1079.75
1079.16
1078.53
1077.86
1077.18
1076.5
1075.77
1074.94
1073.9
1072.75
1062.04
1061.46
1060.83
1060.12
1059.46
1059.04
1058.83
1058.45
1057.22
1061.65
1044.43
1043.94
1043.52
1042.92
1043.45
1043.04
1042.49
1042.06
1040.4
1039.99
1026.89
1026.52
1027.48
1027.34
1027.12
1027.01
1026.65
1024.96
1023.61
1022.64
1009.66
1009.79
1011.16
1010.97
1009.39
1009.12
1008.17
1007.57
1006.19
1005.43
992.065
991.947
994.098
993.101
991.833
991.562
990.992
990.283
989.578
988.844
974.857
974.856
974.809
974.774
974.642
974.455
974.141
973.728
973.238
972.677
957.812
957.92
957.999
958.037
958.014
957.914
957.725
957.511
957.25
956.91
940.938
941.192
941.413
941.591
941.707
941.757
942.703
941.81
941.627
941.49
924.251
924.675
925.072
925.425
925.723
926.015
926.608
926.583
926.434
926.38
907.729
908.344
908.938
909.496
910.034
910.619
911.026
911.309
911.416
911.426
891.34
892.159
892.97
893.747
894.513
895.334
895.928
896.391
896.677
896.775
875.083
876.121
877.148
878.155
879.106
880.15
881.256
881.942
882.138
882.427
858.883
860.151
861.409
862.665
863.875
865.017
866.24
867.543
867.767
868.347
842.722
844.253
845.798
847.299
848.824
850.287
851.646
852.883
853.947
854.791
826.519
828.304
830.112
831.979
833.9
835.819
837.627
839.276
840.703
841.865
810.151
812.184
814.242
816.504
819.03
821.695
824.079
826.273
828.192
829.783
793.666
796.036
798.804
802.816
804.938
808.001
811.278
814.124
816.64
818.746
777.603
780.871
785.346
789.475
790.492
795.133
798.853
802.185
805.206
807.758
759.632
763.305
767.5
769.663
775.645
781.376
786.547
792.515
798.469
803.862
740.655
745.039
750.316
756.19
764.108
774.908
787.146
801.039
810.581
818.302
724.359
733.893
749.029
763.724
782.269
790.565
798.26
803.193
810.018
816.161
724.807
733.749
736.949
741.655
746.625
752.185
757.229
764.701
768.653
771.584
690.04
693.588
691.563
701.29
707.388
712.472
718.688
725.924
732.82
738.959
630.783
634.316
640.35
650.307
661.78
673.774
686.038
698.031
709.058
718.541
575.434
581.125
588.736
599.617
613.257
628.917
645.552
661.88
676.778
689.323
514.412
516.108
521.289
531.736
548.332
569.19
591.51
613.388
633.26
649.905
445.385
437.005
432.981
437.976
458.28
492.626
529.422
560.291
584.596
604.175
385.479
374.565
371.643
374.963
380.567
401.235
450.692
501.414
536.514
557.391
367.359
369.016
371.863
373.183
375.069
378.541
393.773
435.888
486.388
513.66
371.842
372.879
373.022
373.102
373.264
373.528
374.717
389.413
434.869
469.575
372.796
372.709
372.695
372.703
372.705
372.647
373.072
376.711
400.79
430.59
372.484
372.305
372.256
372.202
372.13
372.078
372.315
373.868
383.387
399.82
372.201
371.931
371.854
371.774
371.677
371.639
371.754
372.438
372.442
375.711
372.514
371.634
371.418
371.334
371.27
371.3
370.961
366.416
357.814
354.52
377.49
371.838
371.093
370.877
370.911
370.928
368.927
351.81
338.829
334.936
390.3
378.802
371.413
370.006
369.59
368.415
352.917
329.407
320.921
317.611
395.86
393.197
375.858
369.184
360.442
337.228
315.098
305.954
303.155
299.749
377.412
382.969
370.634
360.728
319.897
280.979
281.957
285.772
285.39
282.333
351.855
353.687
349.584
346.531
292.341
277.156
281.187
281.619
277.569
271.729
333.134
331.875
338.089
341.812
319.207
306.722
297.228
287.261
276.429
265.275
322.91
330.929
368.619
354.715
342.117
324.799
306.405
289.288
272.975
257.039
322.221
356.817
371.74
344.348
334.422
318.514
300.295
281.867
263.501
245.184
322.422
357.876
340.272
332.103
320.24
305.272
288.086
269.682
250.736
231.544
342.461
335.574
329.62
317.982
303.807
288.604
272.161
254.643
236.491
217.874
321.485
290.873
291.245
286.969
278.249
266.697
253.044
237.974
222.175
206.116
280.722
279.946
276.829
268.507
258.709
247.836
235.683
222.534
208.657
194.664
249.62
251.565
249.694
243.039
235.486
227.401
218.604
209.5
200.629
194.588
215.213
219.79
220.034
215.426
210.281
204.919
199.29
194.113
190.763
193.575
184.177
187.56
188.535
186.053
182.926
179.212
175.02
171.4
170.056
173.118
159.405
159.325
160.57
159.512
157.001
153.039
148.043
143.278
139.753
133.756
154.16
147.775
143.271
139.367
134.81
128.758
121.552
114.344
106.941
90.9492
147.228
135.848
126.226
119.294
112.805
105.098
96.1567
86.8301
75.949
55.0299
112.554
108.13
102.328
96.472
90.1997
82.3662
72.8551
62.2909
49.1244
27.4434
82.839
83.8642
81.1887
76.5638
70.6912
63.1108
53.6225
42.6963
29.2328
11.315
69.0911
69.0409
65.9855
61.4384
55.4452
48.0306
38.818
28.181
15.7415
3.03471
61.7994
59.2086
54.6289
49.3069
42.9608
35.856
27.314
17.6004
6.92425
-1.09713
51.5352
47.889
42.3694
36.4766
30.6784
24.7772
17.6536
9.44349
0.705656
-3.67029
26.4154
26.9064
25.7187
22.2021
18.7925
15.0293
9.75367
3.30984
-3.7004
-5.20303
-2.47379
7.26252
12.9296
11.8517
9.92532
7.43847
3.38578
-1.3965
-7.34083
-6.43802
15.4613
10.1691
9.1062
5.58233
2.78577
0.384856
-3.23228
-6.41014
-12.4714
-8.4282
3.11371
-0.0795744
-0.739348
-2.41656
-4.59727
-6.61809
-9.90551
-11.4865
-18.2995
-12.4078
-5.46277
-4.21499
-7.66911
-8.27047
-10.6589
-12.2312
-13.2473
-12.2098
-15.0132
-20.4767
-20.9238
-0.294239
-13.3543
-13.5178
-17.0544
-18.4362
-15.7157
-12.8298
-1.62614
-35.2958
1766.26
1766.09
1765.92
1765.75
1765.57
1765.38
1765.19
1765
1764.8
1764.6
1764.39
1764.18
1763.96
1763.74
1763.52
1763.3
1763.06
1762.81
1762.56
1762.31
1762.07
1761.81
1761.55
1761.3
1761.04
1760.77
1760.51
1760.27
1760.03
1759.79
1759.56
1759.34
1759.14
1758.95
1758.79
1758.65
1758.54
1758.45
1758.39
1758.35
1746.77
1746.6
1746.42
1746.24
1746.05
1745.86
1745.66
1745.46
1745.25
1745.04
1744.82
1744.6
1744.38
1744.14
1743.9
1743.66
1743.41
1743.18
1742.93
1742.67
1742.41
1742.15
1741.88
1741.62
1741.36
1741.09
1740.83
1740.58
1740.32
1740.08
1739.85
1739.63
1739.43
1739.25
1739.08
1738.94
1738.82
1738.73
1738.67
1738.64
1727.27
1727.1
1726.92
1726.73
1726.54
1726.34
1726.14
1725.93
1725.72
1725.5
1725.27
1725.04
1724.81
1724.57
1724.32
1724.07
1723.82
1723.57
1723.31
1723.04
1722.77
1722.5
1722.23
1721.95
1721.67
1721.4
1721.12
1720.87
1720.61
1720.35
1720.11
1719.88
1719.66
1719.47
1719.29
1719.14
1719.01
1718.92
1718.86
1718.83
1707.75
1707.57
1707.39
1707.2
1707.01
1706.81
1706.6
1706.39
1706.17
1705.95
1705.72
1705.49
1705.25
1705
1704.75
1704.49
1704.23
1703.97
1703.7
1703.42
1703.14
1702.86
1702.57
1702.28
1701.99
1701.7
1701.42
1701.14
1700.86
1700.58
1700.32
1700.07
1699.83
1699.61
1699.42
1699.25
1699.11
1699.03
1698.97
1698.94
1688.2
1688.03
1687.84
1687.66
1687.46
1687.26
1687.05
1686.84
1686.62
1686.4
1686.17
1685.93
1685.69
1685.44
1685.19
1684.92
1684.66
1684.38
1684.1
1683.82
1683.53
1683.23
1682.93
1682.62
1682.31
1682.01
1681.71
1681.4
1681.09
1680.8
1680.51
1680.22
1679.95
1679.7
1679.47
1679.27
1679.11
1679.04
1679
1678.94
1668.63
1668.46
1668.28
1668.09
1667.9
1667.7
1667.5
1667.29
1667.07
1666.85
1666.62
1666.38
1666.14
1665.89
1665.63
1665.37
1665.09
1664.82
1664.53
1664.23
1663.93
1663.62
1663.3
1662.98
1662.65
1662.31
1661.98
1661.66
1661.33
1661
1660.68
1660.36
1660.04
1659.75
1659.5
1659.26
1659.32
1659.06
1658.99
1658.88
1649.04
1648.87
1648.69
1648.51
1648.32
1648.13
1647.93
1647.73
1647.51
1647.29
1647.07
1646.84
1646.6
1646.35
1646.09
1645.83
1645.55
1645.26
1644.96
1644.66
1644.35
1644.04
1643.7
1643.36
1642.99
1642.62
1642.26
1641.91
1641.56
1641.21
1640.86
1640.51
1640.16
1639.94
1639.82
1639.66
1639.51
1639.35
1639.23
1639.22
1629.42
1629.25
1629.08
1628.91
1628.73
1628.54
1628.35
1628.15
1627.95
1627.73
1627.52
1627.29
1627.06
1626.82
1626.56
1626.29
1626.01
1625.71
1625.4
1625.1
1624.8
1624.48
1624.13
1623.75
1623.33
1622.91
1622.51
1622.14
1621.79
1621.43
1621.08
1620.73
1620.41
1620.25
1620.13
1619.73
1619.59
1619.57
1619.4
1619.27
1609.77
1609.61
1609.45
1609.28
1609.11
1608.93
1608.75
1608.56
1608.36
1608.16
1607.95
1607.73
1607.51
1607.28
1607.04
1606.78
1606.49
1606.17
1605.85
1605.53
1605.32
1604.99
1604.6
1604.17
1603.68
1603.26
1603.06
1602.43
1601.96
1601.57
1601.19
1600.83
1600.51
1600.23
1600.36
1599.75
1599.68
1599.31
1599.23
1599.19
1590.1
1589.94
1589.78
1589.62
1589.46
1589.29
1589.12
1588.94
1588.75
1588.56
1588.35
1588.14
1587.93
1587.74
1587.54
1587.31
1587.06
1586.68
1586.66
1587.37
1585.9
1585.5
1585.07
1584.52
1584.22
1583.94
1583.43
1582.66
1582.06
1581.57
1581.12
1580.71
1580.58
1580.31
1579.92
1579.53
1579.2
1579.04
1578.84
1578.77
1570.38
1570.22
1570.07
1569.92
1569.77
1569.61
1569.44
1569.26
1569.08
1568.9
1568.71
1568.5
1568.27
1568.15
1568.12
1568.01
1567.97
1568.7
1568.29
1567.39
1566.52
1566.01
1565.22
1564.87
1564.48
1563.87
1563.14
1562.48
1561.85
1561.31
1560.85
1560.43
1560.22
1560.09
1559.71
1559.39
1559.03
1558.36
1558.12
1557.95
1550.6
1550.45
1550.3
1550.16
1550.01
1549.85
1549.69
1549.52
1549.33
1549.16
1549.05
1548.84
1549.07
1549.5
1549.52
1549.5
1549.16
1547.81
1547.72
1547.2
1546.56
1545.91
1545.15
1544.92
1544.06
1543.55
1542.75
1541.95
1541.27
1540.75
1540.32
1539.9
1539.52
1539.12
1538.6
1538.29
1537.94
1537.49
1537.18
1537.07
1530.75
1530.59
1530.44
1530.3
1530.16
1530
1529.83
1529.63
1529.41
1529.27
1529.77
1529.99
1529.88
1529.62
1528.63
1528.39
1528.05
1527.73
1527.32
1526.73
1526.01
1525.26
1524.55
1524
1523.51
1523.03
1522.03
1520.95
1520.13
1519.74
1519.47
1519.07
1518.53
1517.98
1517.47
1516.93
1516.49
1516.15
1515.94
1515.67
1510.8
1510.63
1510.47
1510.32
1510.17
1510.01
1509.82
1509.59
1509.53
1510.81
1510.21
1509.07
1508.79
1508.28
1507.79
1507.41
1507.06
1506.76
1506.52
1506.02
1505.34
1505.07
1506.28
1506.72
1503
1503.7
1501.79
1500.93
1501.81
1500.22
1498.89
1498.56
1497.52
1496.55
1495.87
1495.33
1494.86
1494.56
1494.33
1494.04
1490.73
1490.52
1490.33
1490.15
1489.99
1489.82
1489.63
1489.44
1489.56
1490.47
1488.56
1488.03
1487.45
1486.78
1485.95
1485.13
1484.67
1484.73
1485.28
1485.43
1484.8
1485.85
1486.07
1485.62
1483.36
1484.69
1481.6
1483
1483.24
1482.29
1479.85
1477.91
1476.37
1475
1474.26
1473.53
1472.9
1472.67
1472.47
1472.27
1470.5
1470.22
1469.96
1469.71
1469.49
1469.24
1468.94
1468.62
1468.74
1467.75
1467.15
1466.45
1465.73
1465.2
1464.39
1465.79
1467.08
1467.07
1466.2
1463.54
1464.44
1463.49
1463.96
1461.9
1461.95
1460.31
1463.43
1463.29
1460.49
1462.12
1458.99
1460.25
1459.66
1458.52
1456.63
1453.43
1450.99
1450.73
1450.45
1450.4
1450.13
1449.76
1449.37
1448.91
1448.57
1448.57
1448.71
1447.37
1446.8
1446.09
1445.3
1444.59
1443.48
1444.43
1445.37
1445.16
1444.93
1444.62
1443.44
1439.52
1439.29
1438.33
1437.51
1437.09
1436.79
1436.4
1436.25
1436.01
1436.35
1436.98
1436.97
1436.77
1436.09
1436.47
1437.12
1436.04
1434.52
1431.23
1427.34
1428.65
1429.56
1429.1
1428.66
1428.73
1429.94
1427.02
1426.77
1425.91
1424.94
1423.85
1423.05
1423.4
1423.61
1423.03
1420.83
1421.02
1419.55
1417.82
1416.18
1414.71
1413.7
1412.81
1412.01
1411.36
1410.83
1410.38
1410.09
1410
1410.13
1410.37
1410.63
1411.02
1411.6
1412.39
1413.48
1413.79
1412.83
1415.1
1414.1
1411.43
1408.9
1408.58
1408.46
1408.73
1407.59
1406.18
1405.43
1404.33
1403.18
1402.04
1402.27
1401.57
1400.46
1398.5
1397.03
1395.61
1394.1
1392.48
1390.88
1389.41
1388.14
1387
1385.97
1385.08
1384.31
1383.66
1383.16
1382.8
1382.55
1382.36
1382.28
1382.44
1382.96
1383.96
1385.68
1388.24
1391.19
1392.91
1391.55
1395.14
1389.99
1389.15
1387.92
1389
1385.64
1388.14
1384.63
1382.15
1381.85
1379.15
1380.41
1379.8
1376.21
1374.51
1372.63
1370.86
1369.11
1367.39
1365.73
1364.16
1362.72
1361.39
1360.14
1358.99
1357.94
1357.03
1356.24
1355.47
1354.62
1353.65
1352.7
1352.09
1351.99
1352.31
1353.27
1355.91
1361.27
1366.31
1366.85
1363.81
1371
1369.66
1370
1368.33
1365.35
1376.86
1364.84
1361.23
1359.62
1357.4
1359.36
1358.47
1352.93
1350.84
1348.79
1346.8
1344.92
1343.09
1341.34
1339.74
1338.23
1336.79
1335.37
1333.97
1332.63
1331.49
1330.51
1329.43
1327.91
1325.68
1322.86
1319.8
1316.25
1311.31
1305.38
1302.36
1309.8
1325.58
1337.58
1337.31
1352.12
1351.62
1350.51
1348
1347.61
1353.45
1341.17
1339.68
1338.06
1336.15
1334.49
1332.6
1330.28
1328.09
1325.91
1323.81
1321.84
1319.99
1318.27
1316.75
1315.32
1313.95
1312.65
1310.97
1309.13
1308.11
1307.52
1306.89
1304.98
1301.06
1295.89
1288.17
1280.16
1273.95
1271.56
1272.43
1271.4
1278.01
1292.31
1308.88
1333.29
1332.1
1329.53
1327.43
1330.93
1328.75
1325.46
1322.25
1319.31
1316.66
1314.18
1311.74
1309.23
1306.76
1304.54
1302.22
1300.22
1298.44
1296.87
1295.55
1294.45
1293.5
1292.45
1291.15
1291.48
1289.64
1289.43
1291.49
1289.58
1281.36
1276.48
1271.77
1266.42
1265.93
1265.79
1265.76
1266.08
1267.18
1263.78
1292.18
1314.56
1312.96
1312.27
1311.37
1310.72
1308.77
1307.56
1304.62
1301.23
1298.13
1295.22
1292.41
1289.67
1287.18
1284.79
1282.44
1280.24
1278.56
1277.15
1276.21
1275.67
1275.58
1275.78
1275.76
1277.21
1280.25
1278.3
1275.85
1275.72
1270.07
1265.21
1266.63
1264.54
1263.35
1263.17
1263.09
1262.86
1262.29
1258.5
1283.12
1296.27
1295.27
1297.37
1295.84
1294.26
1292.12
1290.04
1287.31
1283.88
1280.55
1277.38
1274.36
1271.47
1268.82
1266.31
1263.9
1261.76
1260.03
1258.82
1258.03
1257.95
1258.5
1259.64
1261.1
1262.29
1264.9
1267.87
1268.68
1267.89
1266.29
1264.55
1261.76
1261.25
1260.61
1260.67
1260.89
1261.03
1260.74
1258.15
1273.26
1278.31
1277.78
1280.54
1280.54
1279.33
1277.43
1275.16
1270.38
1267.21
1263.83
1260.5
1257.38
1254.43
1251.64
1248.98
1246.47
1244.2
1242.28
1241.08
1240.59
1241.01
1242
1243.59
1245.96
1249.17
1252.27
1251.24
1256.91
1254.82
1261.83
1262.82
1259.32
1257.25
1257.29
1257.61
1258.1
1258.66
1257.53
1254.36
1262.74
1260.49
1260.45
1261.33
1262.22
1263.41
1262.95
1261.76
1254.93
1250.94
1247.57
1244.2
1241.1
1238.19
1235.41
1232.68
1230.25
1227.17
1224.66
1223.57
1223.67
1224.67
1225.98
1227.15
1228.73
1231.25
1234.79
1238.73
1242.98
1246.74
1250.21
1253.92
1252.75
1252.42
1253.57
1254.3
1255.02
1255.11
1252.02
1246.33
1251.08
1241.86
1241.58
1241.42
1241.3
1240.7
1241.38
1241.51
1235.38
1232.46
1230.01
1227.33
1224.76
1222.25
1219.75
1217.18
1214.46
1211.95
1214.55
1209.75
1205.42
1208.65
1212.43
1211.92
1211.55
1214.64
1220.21
1242.84
1232.38
1238.96
1242.79
1243.22
1244.72
1246.87
1249.15
1250.38
1250.62
1248.56
1241.07
1237.32
1240.25
1222.95
1222.48
1221.88
1221.03
1219.91
1218.64
1217.27
1215.84
1214.29
1212.46
1210.53
1208.64
1206.74
1204.83
1202.96
1200.96
1198.78
1197.26
1202.71
1200.01
1189.9
1202.12
1202.43
1206.46
1215.9
1228.21
1225.86
1217.5
1230.91
1227.87
1234.42
1238.37
1241.32
1243.08
1244.01
1242.62
1234
1226.17
1226.14
1228.3
1203.96
1203.4
1202.74
1201.92
1200.9
1199.75
1198.63
1197.53
1196.34
1195.14
1193.87
1192.43
1191.12
1189.88
1188.6
1187.35
1186.06
1184.11
1181.22
1176.75
1175.89
1185.72
1198.16
1205.54
1210.3
1210.53
1198.69
1211.46
1214.3
1221.19
1227.55
1230.37
1232.92
1234.15
1231.55
1223.1
1214.66
1211.97
1213
1214.34
1184.88
1184.25
1183.54
1182.76
1181.9
1180.98
1180.06
1179.16
1178.29
1177.46
1176.66
1176.02
1175.57
1175.04
1174.61
1174.37
1174.19
1174.61
1174.36
1174.97
1176.07
1190.51
1195.9
1198.11
1197.86
1190.32
1196.71
1196.22
1206.41
1213.93
1217.66
1218.88
1219.28
1214.6
1206.49
1200.51
1197.66
1197.01
1197.52
1198.25
1165.73
1165.01
1164.24
1163.44
1162.62
1161.82
1161.05
1160.34
1159.74
1159.27
1158.92
1158.71
1158.72
1158.91
1159.17
1159.57
1159.88
1161.04
1162.76
1170.21
1178.53
1186.45
1189.82
1189.57
1183.98
1186.75
1185.16
1185.12
1198.47
1200.24
1197.14
1196.95
1193.34
1187.97
1183.85
1181.7
1180.52
1179.91
1179.99
1180.36
1146.51
1145.67
1144.79
1143.91
1143.07
1142.3
1141.59
1140.97
1140.53
1140.32
1140.32
1140.51
1140.88
1141.48
1142.25
1142.87
1143.73
1144.96
1150.84
1163.3
1172.98
1178.4
1179.11
1174.28
1167.24
1168.69
1164.28
1179.21
1176.87
1173.43
1172.72
1169.82
1167.03
1165.27
1163.98
1162.77
1161.75
1161.11
1160.99
1161.1
1127.26
1126.24
1125.16
1124.09
1123.17
1122.41
1121.64
1120.91
1120.51
1120.53
1120.85
1121.39
1122.17
1123.18
1124.24
1124.92
1125.94
1132
1142.88
1154.91
1160.79
1162.57
1158.6
1151.42
1150.39
1149.06
1154.09
1148.34
1147.78
1147.08
1146.05
1145.57
1145.11
1144.41
1143.53
1142.61
1141.78
1141.16
1140.97
1141
1108.02
1106.81
1105.45
1103.77
1102.65
1102.5
1101.65
1100.19
1099.87
1099.46
1100.38
1101.31
1102.42
1103.36
1103.66
1105.84
1110.8
1123.5
1134.84
1139.65
1140.08
1137.4
1132.92
1130.32
1129.83
1127.21
1123.47
1123.29
1122.78
1123.24
1123.69
1123.79
1123.57
1123.12
1122.53
1121.86
1121.19
1120.77
1121.28
1120.64
1089.04
1087.99
1086.7
1085.24
1086.4
1084.58
1084.1
1086.81
1084.93
1079.74
1079.78
1080.12
1080.37
1080.6
1081.35
1091.09
1101.74
1109.19
1113.47
1113.67
1108.64
1105.69
1105
1105.06
1103.52
1102.1
1100.96
1100.75
1101.22
1101.69
1101.97
1102.04
1101.95
1101.71
1101.36
1100.9
1100.37
1100.66
1100.28
1099.78
1071.82
1074.53
1074.08
1073.46
1072.25
1070.51
1068.98
1067.6
1065.4
1059.93
1059.43
1056.42
1056.47
1063.39
1071.98
1077.65
1082.69
1087.77
1090.51
1082.78
1077.24
1078.23
1080.96
1081.22
1080.08
1079.27
1079.08
1079.25
1079.58
1079.89
1080.14
1080.29
1080.33
1080.25
1080.06
1079.77
1079.38
1079.52
1079.13
1078.57
1062.72
1061.38
1055.78
1057.52
1053.76
1050.55
1052.4
1050.3
1042.69
1046.58
1039.03
1038.04
1047.66
1053.72
1057.54
1061.53
1064.86
1064.9
1062.43
1059.04
1059.19
1054.78
1056.25
1056.67
1056.49
1056.41
1056.58
1056.99
1057.47
1057.92
1058.28
1058.54
1058.69
1058.71
1058.62
1058.4
1058.07
1057.85
1057.95
1057.34
1037.88
1037.42
1036.87
1036.47
1035.03
1032.7
1032.4
1033.22
1034.63
1028.43
1021.4
1026.89
1034.99
1039.6
1042.36
1043.78
1040.71
1036.9
1036.85
1034.9
1035.06
1032.93
1032.96
1033.11
1033.08
1033.15
1033.63
1034.52
1035.4
1036.09
1036.5
1036.85
1037.09
1037.2
1037.18
1037.01
1036.69
1036.18
1036.79
1036
1021.48
1020.39
1019.44
1018.4
1017.14
1016.02
1015.8
1013.98
1006.87
1001.39
999.2
1006.11
1015.73
1020.32
1020.5
1017.33
1019.67
1013.56
1014.07
1016.65
1009.95
1009.64
1009.88
1010.12
1010.3
1010.86
1012.48
1013.3
1013.55
1014.42
1014.92
1015.31
1015.63
1015.83
1015.91
1015.85
1015.65
1015.32
1015.16
1014.52
1004.48
1003.42
1002.28
1000.99
999.531
997.977
995.701
991.02
989.487
987.361
985.531
984.242
989.952
997.626
998.754
996.008
995.921
992.269
1000.22
993.097
988.79
988.448
988.539
988.705
989.253
990.481
991.42
992.083
992.524
992.829
993.427
993.896
994.3
994.607
994.79
994.834
994.728
994.454
994.201
993.84
987.985
986.978
985.824
984.483
982.943
981.016
977.743
977.207
978.079
976.593
976.045
975.958
978.35
984.216
988.07
983.875
979.391
975.353
972.197
969.584
968.44
968.138
967.931
968.119
968.881
969.503
970.044
970.652
971.256
971.145
971.885
972.538
973.09
973.528
973.828
973.973
973.939
973.688
973.271
973.229
972.006
971.201
970.273
969.2
967.937
966.363
964.564
967.711
971.697
971.709
970.854
969.946
970.846
972.86
972.725
967.254
960.886
955.984
952.825
951.153
949.999
948.999
948.052
948.116
948.425
948.525
948.786
949.145
949.273
949.594
950.465
951.319
952.055
952.655
953.1
953.363
953.41
953.183
952.704
952.707
956.476
955.937
955.315
954.618
953.796
952.746
952.108
955.679
963.954
966.248
965.543
964.244
964.209
962.894
956.602
948.506
940.646
934.383
931.249
932.19
931.956
930.527
928.345
928.397
927.936
927.522
927.349
926.959
926.942
927.809
928.998
930.141
931.134
931.961
932.602
933.028
933.193
933.017
932.495
932.478
941.276
940.976
940.612
940.22
939.806
939.28
938.807
940.527
948.449
956.725
957.204
956.289
955.098
952.649
942.146
929.833
918.862
910.963
914.526
930.113
914.493
911.866
908.607
908.01
907.603
905.193
904.15
903.829
904.5
905.883
907.461
908.975
910.317
911.446
912.347
912.995
913.335
913.268
912.755
912.692
926.293
926.119
925.861
925.539
925.189
924.798
924.29
924.023
926.374
933.764
939.184
945.484
938.331
932.687
921.801
908.21
896.796
894.053
930.9
912.904
900.355
893.946
889.69
886.644
883.941
881.919
880.858
880.878
882.255
884.847
887.021
888.579
890
891.333
892.47
893.349
893.898
893.993
893.535
893.533
911.439
911.321
911.056
910.633
910.044
909.276
908.256
906.849
905.173
904.237
903.681
910.777
918.703
891.902
894.106
887.596
885.155
903.076
910.53
879.379
874.324
870.649
867.04
863.596
860.166
856.83
853.684
851.194
851.446
860.17
866.954
869.604
870.606
871.763
873.022
874.122
874.913
875.228
874.908
875.213
896.857
896.76
896.455
895.907
895.076
893.91
892.342
890.241
887.362
883.312
877.717
872.679
878.113
871.807
874.835
864.557
873.964
886.448
861.413
856.694
853.106
849.744
846.037
841.84
836.885
830.941
824.79
825.363
826.933
831.338
839.813
847.605
850.891
852.332
853.796
855.236
856.384
857.022
856.938
857.143
882.612
882.577
882.286
881.701
880.783
879.488
877.77
875.583
872.846
869.407
865.263
861.305
857.806
848.856
846.461
851.416
860.031
848.721
844.559
839.87
835.997
832.349
828.586
824.439
819.432
813.539
810.388
814.811
816.976
816.898
817
823.502
830.056
833.186
835.098
836.95
838.576
839.702
840.09
840.442
868.726
868.829
868.618
868.061
867.126
865.784
864.007
861.773
859.088
856.015
852.696
849.014
843.01
835.857
836.314
839.399
836.019
831.166
825.567
821.753
818.635
815.776
813.009
810.098
806.823
804.004
805.605
806.858
807.092
806.643
806.514
808.357
811.319
814.684
817.314
819.759
821.948
823.673
824.689
825.827
855.396
855.682
855.592
855.1
854.18
852.814
850.981
848.673
845.934
842.904
839.597
834.78
826.465
821.144
823.999
822.824
817.625
809.96
805.541
803.019
801.235
799.528
798.077
796.809
795.815
796.446
801.731
802.357
802.402
802.012
801.415
801.244
800.141
799.078
801.07
804.162
807.028
809.422
811.224
813.271
842.76
843.278
843.342
842.927
842.012
840.575
838.595
836.063
833.027
829.627
825.578
818.836
810.677
809.532
810.184
794.9
789.804
786.383
785.352
784.173
784.01
783.062
783.132
783.523
784.738
788.533
796.986
798.658
798.588
798.15
797.693
796.881
795.108
787.966
786.996
790.408
794.093
797.281
800.42
803.015
831.054
831.866
832.122
831.787
830.884
829.359
827.198
824.354
820.769
816.296
809.732
798.205
787.898
791.715
783.808
781.654
775.096
771.313
769.096
768.301
766.868
767.126
768.073
769.746
772.442
777.966
788.882
794.387
794.998
794.601
794.184
793.507
790.7
778.417
774.668
778.623
783.395
787.701
793.88
796.267
820.428
821.57
822.058
821.847
820.864
819.192
816.884
813.908
810.233
805.593
798.336
782.924
763.475
768.199
745.717
755.656
759.491
758.415
753.681
750.289
750.041
750.8
752.229
754.697
758.338
764.022
774.366
786.253
790.679
790.919
790.647
789.668
784.347
768.177
764.407
769.416
775.258
781.061
787.541
792.233
809.864
811.305
811.951
811.696
810.466
808.495
806.287
804.163
802.181
800.026
792.487
767.544
736.523
734.975
727.197
727.523
739.729
737.304
723.865
718
724.833
730.253
733.198
736.462
741.306
747.577
756.168
768.664
780.749
785.753
787.342
783.359
769.274
755.557
756.306
762.313
768.624
775.476
782.803
788.827
808.688
812.337
814.37
814.451
812.076
808.07
804.994
804.341
803.819
796.513
768.215
736.599
725.294
722.726
721.788
719.338
714.242
710.48
709.782
710.026
710.425
710.525
712.009
713.844
718.63
725.775
733.742
742.852
753.542
761.575
774.192
759.773
744.099
743.291
748.735
755.425
762.42
770.447
779.164
786.494
824.739
829.858
833.092
834.075
832.421
828.113
820.599
810.855
792.016
761.06
734.157
720.688
716.948
717.164
715.168
712.575
711.148
710.435
710.19
710.123
709.882
708.746
707.628
703.682
699.42
701.645
709.235
717.658
725.406
731.871
734.004
732.981
733.438
737.365
742.986
749.409
756.858
765.787
775.836
784.223
821.534
825.807
828.389
828.922
827.004
821.747
813.045
798.972
778.29
753.373
729.277
711.655
709.032
711.819
712.681
710.999
709.888
709.605
709.44
709.245
708.967
708.797
708.585
707.833
702.693
690.757
687.555
693.986
702.41
709.618
715.346
720.019
724.586
729.76
735.78
742.676
750.792
760.585
771.732
780.956
774.074
775.662
776.135
775.252
773.547
770.176
762.159
749.391
734.678
718.916
704.752
695.888
693.78
696.36
698.713
702.882
707.547
708.623
708.792
708.727
708.526
708.33
708.141
708.051
707.764
700.989
680.59
673.227
681.154
691.436
700.339
708.58
715.487
721.418
727.792
735.123
743.657
754.133
766.116
776.212
744.239
747.79
749.215
748.45
745.428
739.797
731.272
720.511
708.923
697.854
688.361
681.038
675.675
671.76
670.339
675.093
685.256
698.38
707.08
707.914
708.013
707.922
707.774
707.673
707.618
707.431
691.195
661.491
660.315
673.468
686.359
698.729
707.845
713.39
718.721
725.881
734.633
745.527
758.119
768.952
726.272
731.428
733.608
732.809
729.111
722.605
713.507
702.515
690.706
679.198
668.901
660.232
653.568
648.608
645.379
644.156
646.61
659.887
682.361
699.636
706.797
707.161
707.186
707.147
707.098
706.6
697.7
657.392
643.402
655.687
671.914
704.837
708.981
703.48
706.234
713.413
722.726
733.983
746.912
757.877
699.427
706.022
708.747
707.818
703.461
696.019
685.994
674.124
661.343
648.652
636.975
627.165
620.263
615.691
613.281
613.256
616.271
622.309
634.143
656.895
685.735
701.659
706.215
706.192
706.108
704.867
691.758
646.12
635.223
645.093
664.09
700.192
709.093
694.545
692.286
697.901
707.725
719.346
732.203
742.987
663.213
671.941
675.785
675.192
670.548
662.311
651.05
637.474
622.461
607.098
592.66
580.487
571.861
567.105
566.017
568.105
573.528
582.083
594.791
611.822
635.477
667.459
695.273
703.456
703.905
691.328
662.491
632.531
629.423
637.166
655.942
681.308
694.227
687.035
678.577
679.202
688.884
701.281
714.107
724.555
619.906
630.53
635.402
635.134
630.212
621.071
608.159
592.022
573.522
554.115
535.576
519.575
507.822
501.648
501.119
505.638
513.614
525.612
540.392
557.506
577.109
600.763
629.055
650.981
668.511
634.962
617.916
612.403
615.439
621.833
638.899
659.687
674.435
671.746
662.25
659.015
667.421
680.352
693.26
703.547
573.05
583.986
589.235
589.054
583.837
573.855
559.333
540.777
518.931
494.594
468.145
441.984
423.181
415.836
418.179
427.218
441.331
457.555
475.227
494.092
513.693
533.706
554.219
573.172
584.619
583.911
574.334
580.982
587.971
597.665
616.571
635.921
648.081
647.457
640.613
635.391
643.227
656.676
670.162
680.699
526.882
535.8
540.602
540.49
535.47
525.789
512.081
495.055
471.353
433.655
381.905
336.668
319.261
315.784
317.648
333.48
358.478
383.772
407.433
430.1
451.996
473.054
493.196
511.966
526.163
543.158
538.924
545.858
555.293
569.242
591.43
608.56
616.986
618.202
613.707
608.351
616.859
630.991
645.489
656.964
482.379
488.904
492.847
492.925
488.874
481.592
472.883
459.319
421.648
360.006
322.206
310.264
303.647
299.234
297.223
295.413
302.336
323.324
348.344
373.76
397.295
419.215
439.827
459.127
476.308
490.145
499.929
510.976
523.438
541.83
566.316
579.576
585.801
588.119
584.825
580.021
589.243
604.159
619.978
632.849
441.803
446.125
448.546
448.079
444.598
439.697
433.34
408.046
350.999
312.245
301.397
299.169
298.599
297.938
297.43
296.969
296.609
297.315
304.883
326.751
350.249
372.55
393.281
412.69
430.839
447.321
462.014
476.626
492.809
512.646
538.335
552.697
558.796
561.007
555.475
551.004
560.82
576.531
593.7
608.222
406.585
408.762
409.149
407.226
403.156
397.829
385.789
348.452
309.14
297.385
295.52
295.765
295.888
295.785
295.726
295.756
295.786
295.837
296.327
299.39
311.276
331.725
352.573
372.061
390.351
407.846
424.838
442.172
460.831
486.696
502.41
519.577
532.392
542.023
524.045
520.535
531.289
547.668
565.684
581.597
377.348
377.269
375.513
371.841
366.424
358.826
341.876
311.384
296.36
292.143
292.035
292.587
293.097
293.562
294.015
294.424
294.777
295.091
295.459
296.224
297.906
302.821
316.859
334.978
352.903
370.358
387.402
404.505
425.184
441.496
459.386
475.445
486.106
495.891
492.214
491.435
502.472
517.949
535.478
553.345
353.192
350.952
347.351
342.279
335.623
326.45
310.759
294.747
289.871
289.392
289.745
290.351
291.105
291.946
292.719
293.469
294.199
294.902
295.579
296.22
296.995
298.305
299.598
304.822
319.273
334.589
350.618
366.988
383.271
398.84
413.642
427.289
439.393
448.312
453.902
460.92
471.034
485.332
502.041
520.288
332.246
328.381
323.501
317.416
309.68
300.669
292.153
288.473
286.014
286.646
287.362
288.208
289.484
290.591
291.588
292.565
293.653
294.822
296.043
297.119
298.38
299.974
302.249
304.896
305.679
306.422
316.611
329.906
344.968
359.398
372.643
384.784
395.944
405.982
415.042
424.284
435.123
448.559
464.754
481.899
313.552
308.514
302.844
295.995
287.483
280.65
280.734
282.887
282.696
283.36
284.451
285.837
287.391
288.77
289.335
290.004
291.29
293.537
295.596
296.973
298.598
302.004
307.584
314.159
319.968
320.295
310.322
306.432
312.266
323.516
335.6
346.778
357.123
366.962
376.557
386.343
397.029
409.644
424.245
439.539
295.173
289.833
283.915
276.945
269.567
266.545
271.118
273.657
276.786
278.649
280.454
282.199
283.887
285.506
287.173
289.145
290.584
292.585
291.431
292.848
294.155
299.072
302.109
301.682
306.863
314.514
314.807
305.993
297.16
294.739
301.907
311.674
321.141
330.268
339.372
348.707
358.694
370.179
383.014
395.484
277.84
272.161
265.579
257.951
251.565
251.193
258.737
262.329
266.15
269.681
274.079
278.963
281.732
281.157
279.02
281.64
280.533
275.099
269.296
266.544
268.768
270.679
270.49
271.311
276.942
284.085
282.591
285.79
278.855
269.41
268.958
276.673
285.97
294.771
303.343
312.03
321.171
331.371
342.595
352.317
264.716
256.746
248.505
239.854
229.116
224.94
235.599
245.46
253.668
261.986
266.05
267.569
266.23
257.19
249.706
244.683
240.217
236.053
232.595
230.397
229.525
229.179
229.125
229.719
231.359
235.515
244.633
249.822
251.379
238.562
236.094
241.899
251.487
260.567
268.885
276.967
285.256
294.184
303.916
311.749
253.333
240.78
228.537
215.8
202.126
198.989
210.081
227.573
243.748
253.112
245.772
234.662
226.149
219.247
213.724
209.228
205.366
202.001
199.217
197.124
195.743
195.017
194.873
195.337
196.467
199.016
205.664
206.619
218.83
215.407
210.164
213.316
221.525
229.953
237.533
244.723
251.912
259.549
268.082
274.491
240.326
222.945
206.819
189.242
175.444
178.866
190.147
213.308
223.015
215.703
205.114
196.846
190.357
184.868
180.208
176.268
172.898
170.209
168.23
166.655
165.801
165.438
165.598
166.432
168.095
170.734
173.768
170.703
185.206
184.726
183.288
187.263
195.048
202.732
209.428
215.846
221.83
227.855
233.852
239.282
225.638
205.194
186.736
169.785
161.627
163.781
178.034
186.617
182.298
174.414
167.353
161.395
156.176
151.581
147.578
143.431
138.403
136.292
139.29
144.387
141.091
141.251
142.516
144.656
147.792
151.23
150.762
145.294
155.073
157.103
159.064
164.172
172.297
179.089
184.655
190.154
194.934
199.42
204.009
208
210.921
190.955
174.823
166.518
157.963
144.28
151.725
149.728
144.623
139.134
133.742
128.248
122.317
116.208
111.446
108.447
107.633
118.561
127.083
116.342
117.818
121.359
125.536
130.258
135.154
136.596
131.219
128.596
132.919
136.434
139.969
146.099
154.078
159.35
163.392
167.698
170.613
173.827
176.68
180.523
197.754
179.327
165.62
156.006
152.041
143.699
131.84
124.091
117.706
111.41
104.663
97.3388
90.9215
89.0091
91.8881
94.937
98.718
102.71
96.8053
96.5384
102.859
109.548
116.072
122.751
126.02
122.314
117.667
117.894
120.603
123.733
127.588
134.209
140.356
143.351
145.66
148.164
150.036
151.525
155.299
159.084
190.449
178.9
171.943
160.669
129.965
122.137
110.837
102.575
94.9102
88.0613
83.2174
81.6815
83.8716
84.4578
85.2222
86.3402
87.6415
88.6576
88.3694
92.8547
98.6115
104.629
111.25
116.841
116.302
113.11
110.591
111.548
112.996
115.511
119.832
126.021
129.253
130.341
131.278
132.178
132.678
132.95
141.085
140.903
183.45
176.739
173.613
162.055
139.39
111.74
98.0879
87.4538
79.0602
77.6215
79.6561
79.9052
80.1342
80.977
82.0337
82.8707
83.3079
83.1355
85.2625
90.8433
94.9051
99.5268
104.673
107.794
107.813
107.476
106.137
106.271
106.481
108.717
114.971
119.063
119.516
119.233
119.248
119.375
119.408
122.95
123.873
126.648
198.735
202.435
183.63
151.154
122.841
98.4278
86.6962
76.8779
73.3956
77.2355
77.3749
77.485
77.9041
79.3998
80.5859
80.1216
80.4745
80.271
81.3536
85.4634
89.4847
92.9827
96.0175
97.7881
99.7837
102.192
101.88
101.25
100.94
102.835
110.316
111.898
110.819
109.636
109.3
109.405
110.131
110.966
111.052
114.74
208.863
216.061
191.576
138.026
104.984
87.5616
79.8255
72.739
73.0599
76.0673
75.9504
75.8727
76.6745
77.2806
77.9452
78.2954
79.4832
80.1686
81.6506
79.7789
84.4596
86.8601
87.3493
87.2722
89.0322
94.966
97.6299
97.4175
97.0063
97.2838
104.024
105.759
102.847
99.5752
99.563
99.5811
100.976
102.081
101.044
102.025
181.057
180.197
154.063
114.443
91.676
79.2481
75.2683
71.9118
72.5602
74.289
73.932
73.7052
73.5585
73.7658
74.6561
75.7921
77.2331
81.1578
87.3808
81.4404
83.3643
82.2742
80.2634
78.2966
77.6183
82.8275
90.3181
94.5324
94.685
92.078
97.9621
105.663
93.1544
100.383
87.4828
89.2448
91.6373
93.4093
90.5569
87.8489
120.549
109.587
89.2358
73.9943
66.1365
64.6334
65.6197
67.141
68.6459
70.8308
70.9892
70.3962
69.9388
69.834
70.6644
72.3019
74.8225
74.5547
77.6419
79.35
77.0587
74.2119
71.7082
69.6208
67.6848
68.6112
76.7361
85.5747
90.6715
90.2553
86.8747
84.9685
86.2593
88.5625
83.1927
80.9273
83.5237
82.2554
79.5834
75.3195
65.6769
55.471
48.8664
41.9576
34.6488
42.5863
51.1545
55.3738
58.6978
62.5505
65.5789
65.5729
65.0298
64.8378
66.8906
77.386
79.7287
74.7101
70.7106
68.3533
65.7184
62.958
60.7201
58.9829
57.3958
56.117
58.276
67.2553
77.283
83.7938
86.0211
80.6488
77.6773
78.3816
77.2764
73.199
71.89
69.7196
67.1757
64.794
32.7678
26.6557
22.6155
16.4565
13.0723
19.751
30.8817
38.4967
42.0389
46.2123
51.8237
55.5983
58.1851
59.3351
59.6888
70.5316
67.5498
62.445
58.6081
55.7391
53.1264
50.5691
48.2886
46.486
45.0126
43.4088
41.5566
41.6348
47.618
59.062
66.2564
64.5377
74.8547
64.933
71.1868
55.884
56.1892
55.37
54.2832
54.0979
11.7678
8.76796
7.85536
5.77584
5.81054
7.2524
7.85415
14.9494
21.5687
25.4759
29.4061
33.6448
38.0103
50.5644
47.416
51.0813
50.551
46.9808
44.4247
42.5209
40.5105
38.1051
35.6259
33.8805
33.0039
32.3516
31.282
29.6941
29.3857
32.7746
39.5699
46.8777
49.1268
40.791
54.3164
43.3645
42.7652
42.9187
42.7464
43.7046
3.00729
2.03816
2.38634
2.11313
2.29645
2.16853
1.95816
1.53827
2.91335
6.92854
11.6465
12.6667
15.632
19.6109
40.0944
36.4934
31.6706
30.8944
30.0806
30.1139
29.7429
27.3551
22.9208
20.8443
21.3092
22.2733
22.9119
23.2011
23.4865
24.5748
26.9053
29.1338
28.8806
23.4579
36.5478
32.895
30.1814
32.3583
32.1674
33.0546
0.281656
0.016195
0.42207
0.425756
0.270754
0.0512687
-0.109248
0.101357
0.0846856
-1.42688
-0.425501
0.944819
1.72394
6.04508
12.4975
26.9487
31.8674
17.4603
18.8347
20.184
21.1355
21.6103
31.6978
15.0362
13.1341
13.7885
14.9243
15.7704
16.3074
16.9515
17.9956
19.3062
19.8792
18.3438
19.6196
23.2309
16.2528
20.786
22.6968
22.5628
-0.573088
-0.712742
-0.424148
-0.347505
-0.431521
-0.533715
-0.566473
-0.645828
-0.681205
-0.833487
-1.72076
-4.7773
-7.00786
-3.53375
0.854885
7.42445
14.4327
17.8624
14.9686
13.7124
17.4527
2.45185
18.0169
14.6248
10.9285
8.58799
8.55149
8.83906
8.19733
7.90544
8.01147
7.00773
4.34388
3.72746
7.33269
9.92618
11.6639
13.3519
14.9087
13.6764
-0.878145
-0.922602
-0.795386
-0.739452
-0.773907
-0.861602
-0.958328
-1.07529
-1.16687
-1.21351
-1.15823
-1.16477
-2.7223
-6.68999
-9.98849
-9.51627
-5.82669
-8.16911
6.1829
3.17333
-2.03326
1.81154
-2.46554
8.08065
8.71463
1.35259
3.41339
0.984329
-3.38196
-5.81412
-8.3183
-12.7248
-11.4862
-8.58436
-4.67261
-0.485803
2.32146
5.75327
7.24593
5.67905
-1.10138
-1.04001
-1.01138
-0.998238
-1.01738
-1.07103
-1.14523
-1.23092
-1.30552
-1.33652
-1.33677
-1.3536
-1.51155
-2.10446
-3.56653
-8.3041
-15.7056
-19.183
-18.8509
-15.2154
-2.89746
-10.3064
-6.15736
-9.1254
-4.15178
-2.67428
-7.53106
-12.617
-17.2495
-22.5471
-26.7656
-27.7294
-26.265
-22.308
-17.5957
-13.2679
-7.88768
-2.41029
-0.0158164
-1.39412
-1.3038
-1.20872
-1.21242
-1.21118
-1.22045
-1.25093
-1.29936
-1.35852
-1.4197
-1.46824
-1.50845
-1.56738
-1.62663
-1.63642
-1.74318
-2.33188
-2.77557
-7.59216
-16.2858
-23.6514
-27.5012
-29.3787
-29.056
-32.106
-26.5077
-22.1722
-18.8306
-22.5054
-29.5147
-36.7579
-43.5482
-46.7405
-45.6087
-41.718
-36.6826
-28.7967
-18.9628
-10.2762
-6.24403
-7.92927
-1.462
-1.35718
-1.37011
-1.37175
-1.37856
-1.40337
-1.44365
-1.49058
-1.53806
-1.58259
-1.62507
-1.67379
-1.72877
-1.77125
-1.80903
-1.82436
-1.81618
-1.89711
-2.88529
-6.18912
-9.6078
-23.4901
-50.6061
-57.6255
-48.7738
-39.0066
-48.1795
-48.3728
-51.3218
-61.1786
-76.1952
-85.2904
-84.0637
-75.2121
-61.7895
-46.3111
-30.5384
-17.3413
-11.6655
-14.7336
-1.60426
-1.47181
-1.47747
-1.47379
-1.48234
-1.51766
-1.56922
-1.61595
-1.65413
-1.68714
-1.71781
-1.74936
-1.78479
-1.82282
-1.85201
-1.87227
-1.85189
-1.81925
-1.84782
-1.89582
-2.1575
-3.46233
-10.4211
-24.4676
-35.0395
-58.9147
-78.1672
-88.5162
-101.12
-108.631
-130.124
-150.94
-148.173
-124.096
-98.704
-76.9695
-54.8134
-28.8045
-14.0866
-12.3816
-2.12023
-1.75386
-1.66612
-1.60377
-1.57902
-1.61149
-1.68903
-1.74127
-1.77026
-1.79059
-1.80766
-1.82322
-1.83936
-1.8599
-1.88297
-1.8939
-1.88822
-1.86363
-1.84288
-1.81799
-1.84771
-1.92658
-2.1244
-3.24217
-10.6675
-27.1275
-45.7141
-79.7794
-153.491
-261.855
-345.023
-385.12
-357.828
-266.962
-168.435
-87.5596
-43.9073
-10.477
-0.273571
-1.01963
-4.84566
-2.47155
-2.07912
-1.89274
-1.81921
-1.87332
-1.922
-1.9327
-1.92644
-1.91773
-1.90852
-1.89845
-1.88831
-1.88267
-1.8948
-1.91572
-1.88252
-1.8283
-1.85945
-2.05548
-2.15989
-2.15909
-2.07714
-2.74317
-5.23438
-11.7429
-25.2457
-59.8072
-156.137
-309.341
-546.74
-660.424
-603.824
-377.056
-181.396
-76.493
-23.2906
-8.9772
-4.57171
-1.3889
1771.19
1771.18
1771.21
1771.25
1771.25
1771.24
1771.24
1771.22
1771.18
1771.12
1771.04
1770.94
1770.83
1770.71
1770.58
1770.44
1770.3
1770.15
1770.01
1769.87
1769.73
1769.6
1769.47
1769.35
1769.23
1769.12
1769.01
1768.9
1768.79
1768.69
1768.59
1768.49
1768.39
1768.28
1768.18
1768.08
1767.97
1767.86
1767.75
1767.64
1751.52
1751.54
1751.55
1751.54
1751.52
1751.5
1751.47
1751.43
1751.37
1751.3
1751.22
1751.13
1751.02
1750.91
1750.79
1750.67
1750.54
1750.42
1750.29
1750.17
1750.05
1749.93
1749.82
1749.71
1749.6
1749.5
1749.41
1749.31
1749.22
1749.13
1749.04
1748.95
1748.86
1748.77
1748.68
1748.58
1748.48
1748.38
1748.27
1748.16
1731.88
1731.94
1731.95
1731.94
1731.91
1731.86
1731.8
1731.74
1731.66
1731.57
1731.48
1731.38
1731.27
1731.16
1731.05
1730.94
1730.82
1730.71
1730.6
1730.49
1730.39
1730.29
1730.19
1730.1
1730.01
1729.92
1729.83
1729.75
1729.67
1729.59
1729.5
1729.42
1729.34
1729.25
1729.17
1729.07
1728.98
1728.88
1728.78
1728.67
1712.22
1712.3
1712.32
1712.31
1712.28
1712.22
1712.16
1712.08
1711.99
1711.89
1711.79
1711.68
1711.57
1711.46
1711.35
1711.24
1711.13
1711.03
1710.93
1710.83
1710.74
1710.65
1710.56
1710.48
1710.4
1710.32
1710.24
1710.17
1710.1
1710.02
1709.95
1709.87
1709.8
1709.72
1709.63
1709.55
1709.45
1709.36
1709.26
1709.15
1692.54
1692.64
1692.67
1692.66
1692.63
1692.57
1692.5
1692.41
1692.31
1692.21
1692.1
1691.99
1691.88
1691.77
1691.67
1691.56
1691.46
1691.36
1691.27
1691.18
1691.09
1691.01
1690.93
1690.86
1690.79
1690.72
1690.65
1690.58
1690.51
1690.44
1690.38
1690.31
1690.23
1690.16
1690.08
1689.99
1689.9
1689.81
1689.71
1689.6
1672.84
1672.95
1672.99
1672.98
1672.95
1672.89
1672.81
1672.72
1672.63
1672.52
1672.41
1672.3
1672.19
1672.09
1671.98
1671.88
1671.78
1671.69
1671.61
1671.52
1671.45
1671.37
1671.3
1671.23
1671.17
1671.1
1671.04
1670.98
1670.92
1670.85
1670.79
1670.72
1670.65
1670.57
1670.5
1670.41
1670.32
1670.23
1670.13
1670.03
1653.11
1653.23
1653.28
1653.27
1653.24
1653.18
1653.11
1653.02
1652.92
1652.82
1652.71
1652.61
1652.5
1652.4
1652.3
1652.2
1652.11
1652.03
1651.95
1651.87
1651.8
1651.74
1651.67
1651.61
1651.55
1651.49
1651.43
1651.37
1651.31
1651.25
1651.19
1651.12
1651.05
1650.98
1650.9
1650.82
1650.73
1650.63
1650.53
1650.43
1633.38
1633.51
1633.55
1633.55
1633.52
1633.47
1633.4
1633.31
1633.21
1633.11
1633.01
1632.91
1632.81
1632.71
1632.62
1632.53
1632.45
1632.37
1632.3
1632.23
1632.16
1632.1
1632.04
1631.99
1631.93
1631.87
1631.82
1631.76
1631.7
1631.64
1631.58
1631.52
1631.45
1631.37
1631.29
1631.21
1631.11
1631.02
1630.91
1630.81
1613.64
1613.79
1613.84
1613.83
1613.81
1613.76
1613.68
1613.6
1613.51
1613.41
1613.31
1613.22
1613.12
1613.03
1612.95
1612.86
1612.79
1612.72
1612.65
1612.59
1612.53
1612.47
1612.42
1612.37
1612.31
1612.26
1612.21
1612.15
1612.1
1612.04
1611.97
1611.9
1611.83
1611.75
1611.67
1611.58
1611.49
1611.39
1611.28
1611.17
1593.91
1594.11
1594.14
1594.13
1594.11
1594.06
1593.99
1593.91
1593.82
1593.73
1593.64
1593.54
1593.46
1593.37
1593.29
1593.21
1593.14
1593.08
1593.02
1592.96
1592.91
1592.86
1592.81
1592.76
1592.71
1592.66
1592.6
1592.55
1592.49
1592.43
1592.36
1592.29
1592.22
1592.14
1592.05
1591.95
1591.85
1591.75
1591.63
1591.51
1574.18
1574.48
1574.48
1574.47
1574.44
1574.39
1574.32
1574.25
1574.16
1574.07
1573.99
1573.9
1573.81
1573.73
1573.66
1573.58
1573.52
1573.46
1573.4
1573.35
1573.3
1573.25
1573.21
1573.16
1573.11
1573.06
1573.01
1572.96
1572.9
1572.83
1572.76
1572.69
1572.61
1572.52
1572.42
1572.32
1572.21
1572.1
1571.98
1571.85
1554.61
1554.84
1554.85
1554.84
1554.81
1554.76
1554.7
1554.63
1554.54
1554.46
1554.37
1554.29
1554.2
1554.12
1554.05
1553.98
1553.91
1553.86
1553.8
1553.76
1553.71
1553.67
1553.63
1553.58
1553.54
1553.49
1553.43
1553.38
1553.31
1553.25
1553.17
1553.09
1553
1552.91
1552.8
1552.69
1552.58
1552.45
1552.32
1552.18
1535.06
1535.29
1535.28
1535.27
1535.24
1535.2
1535.13
1535.06
1534.98
1534.89
1534.8
1534.71
1534.63
1534.55
1534.47
1534.4
1534.33
1534.27
1534.22
1534.18
1534.14
1534.11
1534.07
1534.03
1533.98
1533.93
1533.88
1533.82
1533.75
1533.68
1533.6
1533.51
1533.41
1533.31
1533.2
1533.08
1532.95
1532.81
1532.66
1532.51
1515.6
1515.79
1515.8
1515.78
1515.75
1515.7
1515.63
1515.55
1515.47
1515.38
1515.28
1515.19
1515.1
1515.01
1514.92
1514.84
1514.77
1514.7
1514.65
1514.62
1514.59
1514.57
1514.54
1514.5
1514.46
1514.41
1514.36
1514.3
1514.22
1514.14
1514.05
1513.96
1513.85
1513.73
1513.61
1513.48
1513.34
1513.18
1513.02
1512.84
1496.35
1496.37
1496.4
1496.39
1496.35
1496.29
1496.22
1496.13
1496.03
1495.93
1495.82
1495.72
1495.62
1495.51
1495.41
1495.3
1495.2
1495.12
1495.08
1495.07
1495.06
1495.06
1495.04
1495.02
1494.98
1494.93
1494.88
1494.81
1494.73
1494.64
1494.54
1494.43
1494.31
1494.17
1494.04
1493.9
1493.75
1493.57
1493.48
1493.28
1477.15
1477.14
1477.14
1477.11
1477.05
1476.98
1476.89
1476.79
1476.68
1476.56
1476.43
1476.31
1476.2
1476.07
1475.93
1475.78
1475.62
1475.5
1475.45
1475.54
1475.56
1475.59
1475.6
1475.58
1475.55
1475.51
1475.45
1475.38
1475.29
1475.19
1475.07
1474.95
1474.81
1474.69
1474.67
1474.36
1474.25
1474
1474.04
1473.58
1458.07
1458.03
1458
1457.94
1457.87
1457.78
1457.68
1457.56
1457.44
1457.33
1457.24
1457.03
1456.87
1456.71
1456.54
1456.32
1455.99
1455.85
1456.22
1455.91
1456.12
1456.2
1456.23
1456.22
1456.19
1456.15
1456.09
1456.02
1455.92
1455.79
1455.65
1455.53
1455.4
1455.35
1455.25
1454.85
1454.85
1454.49
1454.53
1453.95
1439.13
1439.06
1438.99
1438.9
1438.83
1438.71
1438.6
1438.45
1438.35
1438.23
1438.09
1437.89
1437.72
1437.55
1437.37
1437.18
1437.29
1439.51
1437.72
1436.98
1437.05
1437.07
1437.05
1436.99
1436.93
1436.88
1436.82
1436.74
1436.63
1436.48
1436.38
1436.78
1435.99
1435.91
1435.77
1435.47
1435.33
1434.99
1434.9
1434.4
1420.33
1420.22
1420.12
1420
1419.89
1419.75
1419.61
1419.49
1419.35
1419.2
1419.04
1418.86
1418.69
1418.51
1418.31
1418.55
1418.94
1419.29
1418.62
1418.26
1418.18
1418.1
1417.98
1417.83
1417.69
1417.62
1417.66
1417.6
1417.47
1417.5
1417.57
1417.42
1416.92
1416.72
1416.47
1416.15
1415.81
1415.95
1415.3
1414.93
1401.65
1401.51
1401.37
1401.23
1401.07
1400.92
1400.75
1400.62
1400.47
1400.29
1400.13
1399.96
1399.78
1399.6
1399.59
1400.11
1400.05
1399.96
1399.7
1399.7
1399.47
1399.27
1399.02
1398.7
1399.07
1398.59
1398.88
1398.73
1398.52
1398.54
1398.39
1398.06
1397.75
1397.48
1397.19
1396.85
1396.76
1396.41
1395.87
1395.44
1383.1
1382.92
1382.73
1382.57
1382.34
1382.21
1381.97
1381.91
1381.73
1381.53
1381.36
1381.19
1381.04
1380.9
1380.91
1381.35
1381.2
1380.99
1380.68
1380.95
1380.89
1380.7
1380.31
1380.38
1381.05
1380.62
1380.26
1379.96
1379.45
1379.5
1379.11
1378.88
1378.59
1378.29
1377.98
1377.75
1377.41
1376.84
1376.36
1375.9
1364.65
1364.43
1364.2
1364
1363.72
1363.54
1363.34
1363.24
1363.1
1362.83
1362.69
1362.56
1362.45
1362.38
1362.42
1362.42
1362.33
1362.14
1361.79
1361.43
1362.2
1362.18
1361.47
1361.63
1361.63
1361.04
1361.72
1360.77
1361.11
1360.71
1360.27
1359.91
1359.54
1359.21
1358.88
1358.5
1357.96
1357.41
1356.77
1356.17
1346.27
1346.02
1345.74
1345.51
1345.2
1344.99
1344.79
1344.62
1344.55
1344.22
1344.09
1343.98
1343.91
1343.87
1343.93
1343.89
1343.85
1343.83
1343.8
1343.9
1344.21
1343.64
1342.67
1342.89
1342.65
1342.56
1342.42
1342
1342.54
1341.48
1341.19
1340.91
1340.41
1340.17
1339.78
1339.27
1338.65
1337.97
1337.04
1336.65
1327.96
1327.66
1327.37
1327.07
1326.76
1326.51
1326.3
1326.1
1326.04
1325.67
1325.54
1325.43
1325.35
1325.3
1325.32
1325.37
1325.44
1325.42
1325.39
1325.41
1325.02
1324.29
1324.23
1324.07
1323.73
1323.54
1323.27
1323
1322.72
1322.44
1322.13
1321.81
1321.53
1321.37
1320.85
1320.31
1319.76
1319.16
1318.93
1323.52
1309.69
1309.36
1309.04
1308.67
1308.36
1308.09
1307.85
1307.64
1307.55
1307.17
1307.02
1306.9
1306.8
1306.73
1306.73
1306.95
1307.17
1307.07
1306.76
1306.56
1306.36
1305.92
1305.57
1305.23
1304.9
1304.6
1304.29
1303.97
1303.64
1303.27
1302.9
1303.37
1302.65
1302.38
1302.03
1301.65
1301.22
1301.38
1302.97
1303.71
1291.46
1291.11
1290.74
1290.32
1289.98
1289.68
1289.4
1289.22
1289
1288.71
1288.53
1288.38
1288.27
1288.2
1288.22
1288.55
1289.3
1289.43
1287.78
1287.63
1287.24
1286.86
1286.52
1286.2
1285.89
1285.58
1285.26
1284.93
1284.55
1284.46
1286.69
1283.89
1283.77
1283.56
1283.27
1282.93
1283.35
1283.85
1284.27
1284.34
1273.27
1272.88
1272.47
1272.01
1271.64
1271.3
1270.99
1270.75
1270.45
1270.2
1269.98
1269.78
1269.6
1269.44
1269.32
1269.32
1271.46
1272.22
1268.85
1268.5
1268.12
1267.71
1267.61
1267.11
1266.81
1266.53
1266.22
1265.88
1265.74
1267.2
1266.63
1265.56
1265.2
1264.96
1264.76
1265.02
1266.42
1266.5
1266.47
1265.96
1255.1
1254.68
1254.23
1253.72
1253.31
1252.94
1252.6
1252.28
1251.98
1251.7
1251.43
1251.18
1250.93
1250.69
1250.44
1250.18
1250.29
1250.31
1249.59
1249.33
1248.89
1248.68
1248.41
1247.99
1247.84
1247.55
1247.18
1247
1247.71
1247.72
1246.97
1246.58
1246.37
1246.29
1246.34
1247.32
1249.45
1249.52
1248.76
1247.36
1236.96
1236.5
1236.01
1235.46
1235.01
1234.6
1234.22
1233.87
1233.54
1233.22
1232.91
1232.62
1232.33
1232.05
1231.77
1231.51
1231.3
1230.95
1230.57
1230.25
1229.94
1229.6
1229.19
1229.06
1228.74
1228.29
1228.22
1228.36
1228.36
1227.9
1227.51
1227.19
1227.06
1227.05
1227.18
1227.66
1231.37
1232.61
1228.23
1227.65
1218.84
1218.35
1217.81
1217.22
1216.73
1216.29
1215.88
1215.49
1215.12
1214.76
1214.42
1214.08
1213.74
1213.41
1213.07
1212.72
1212.37
1212.12
1211.59
1211.33
1210.83
1210.51
1210.19
1209.73
1209.53
1209.43
1209.28
1209.1
1208.75
1208.39
1207.71
1207.39
1207.37
1208.17
1207.94
1208.2
1208.28
1208.37
1208.12
1208
1200.75
1200.22
1199.63
1199
1198.47
1198
1197.55
1197.13
1196.73
1196.34
1195.96
1195.58
1195.21
1194.82
1194.45
1194.12
1193.77
1193.39
1192.88
1192.46
1192.03
1191.63
1191.2
1190.71
1191.17
1190.76
1190.25
1189.73
1189.37
1188.54
1186.89
1187.13
1188.52
1187.71
1188.36
1188.7
1188.9
1188.99
1188.98
1188.89
1182.68
1182.11
1181.47
1180.8
1180.24
1179.72
1179.25
1178.8
1178.37
1177.95
1177.54
1177.13
1176.73
1176.34
1175.96
1175.58
1175.17
1174.7
1174.19
1173.66
1173.13
1172.68
1172.15
1171.92
1172.58
1172.5
1171.57
1171.16
1171.05
1168.78
1173.71
1179.83
1167.65
1168.91
1169.58
1169.98
1170.2
1170.28
1170.26
1170.14
1164.62
1164.02
1163.32
1162.62
1162.01
1161.47
1160.96
1160.49
1160.03
1159.59
1159.16
1158.74
1158.34
1157.95
1157.54
1157.12
1156.66
1156.14
1155.54
1154.89
1154.17
1156.2
1154.21
1154.24
1153.84
1153.27
1153.23
1152.07
1151.48
1152.22
1156.65
1157.11
1153.48
1153.04
1152.8
1152.59
1152.41
1152.24
1152.04
1151.8
1146.55
1145.92
1145.17
1144.44
1143.8
1143.22
1142.69
1142.2
1141.72
1141.27
1140.83
1140.41
1140.06
1139.65
1139.23
1138.79
1138.34
1137.82
1137.28
1136.84
1139.64
1140.16
1135.49
1135.8
1135.94
1135.92
1135.51
1134.97
1136.01
1137.11
1138.12
1138.67
1137.14
1136.57
1135.89
1135.32
1134.87
1134.48
1134.11
1133.73
1128.48
1127.82
1127.02
1126.25
1125.57
1124.97
1124.42
1123.91
1123.42
1122.96
1122.53
1122.13
1121.81
1121.41
1120.98
1120.53
1120.17
1119.7
1119.3
1122.31
1125.67
1118.05
1118.08
1118.22
1118.41
1118.32
1118.62
1119.81
1120.58
1121.31
1122.13
1122.13
1120.59
1119.82
1118.86
1118.08
1117.44
1116.88
1116.36
1115.85
1110.38
1109.67
1108.84
1108.02
1107.32
1106.7
1106.13
1105.61
1105.12
1104.65
1104.23
1103.82
1103.55
1103.19
1102.64
1102.16
1101.65
1101.14
1100.7
1109.58
1104.09
1102.25
1101.53
1101.44
1101.56
1101.68
1105.11
1105.84
1106.1
1106.38
1106.67
1105.39
1103.92
1102.76
1101.67
1100.76
1099.99
1099.31
1098.69
1098.09
1092.22
1091.49
1090.59
1089.76
1089.04
1088.39
1087.81
1087.27
1086.76
1086.26
1085.84
1085.51
1085.2
1085.2
1084.51
1084.33
1084.18
1084.24
1087.52
1089.78
1082.47
1082.96
1083.29
1083.79
1084.5
1085.34
1089.85
1091.44
1091.75
1091.16
1090.01
1087.94
1086.43
1085.13
1084.05
1083.15
1082.36
1081.65
1080.99
1080.36
1073.99
1073.25
1072.29
1071.43
1070.69
1070.03
1069.43
1068.88
1068.36
1068.83
1067.73
1067.12
1066.82
1066.47
1066.12
1065.77
1065.55
1066.89
1068.09
1067.26
1066.61
1065.87
1065.67
1065.86
1066.53
1067.51
1069.76
1075.69
1080.39
1071.62
1069.98
1068.66
1067.61
1066.7
1065.88
1065.14
1064.46
1063.83
1063.22
1062.62
1055.66
1054.9
1053.91
1053.03
1052.28
1051.62
1051.03
1050.51
1050.2
1050.48
1049.44
1048.86
1048.43
1047.98
1047.46
1046.77
1046.48
1049.25
1049.55
1049.31
1048.76
1047.9
1046.91
1046.54
1047.14
1048.19
1048.74
1049.15
1049.28
1048.69
1048.81
1048.7
1048.34
1047.89
1047.4
1046.9
1046.4
1045.91
1045.43
1044.93
1037.21
1036.43
1035.43
1034.54
1033.79
1033.14
1032.58
1032.14
1032.12
1031.87
1031.01
1030.57
1030.17
1029.8
1029.43
1029.14
1029.88
1030.74
1031.11
1031.36
1030.9
1030.41
1028.13
1034.06
1030.02
1029.34
1029.67
1029.74
1029.76
1029.76
1029.81
1029.74
1029.56
1029.3
1029
1028.68
1028.34
1028
1027.65
1027.28
1018.61
1017.8
1016.83
1015.94
1015.18
1014.54
1013.99
1013.57
1013.59
1013.37
1012.78
1012.32
1011.97
1011.68
1011.54
1012.09
1012.71
1013.11
1013.15
1013.12
1013.61
1011.9
1011.88
1013.15
1012.44
1011.6
1011.5
1011.39
1011.29
1011.25
1011.22
1011.14
1011.03
1010.89
1010.73
1010.56
1010.38
1010.19
1010.01
1009.82
999.846
999.04
998.074
997.19
996.452
995.833
995.313
994.914
994.502
994.595
994.023
994.266
993.829
993.759
994.989
995.693
996.168
996.426
996.38
996.018
996.418
993.23
994.341
994.489
994.376
993.875
993.078
992.979
992.868
992.799
992.756
992.72
992.684
992.641
992.593
992.536
992.472
992.397
992.307
992.199
980.903
980.155
979.148
978.29
977.574
976.977
976.484
976.101
975.824
976.048
975.208
975.477
975.521
976.146
978.906
979.603
980.043
980.24
979.413
978.33
978.362
975.37
976.667
976.879
976.793
976.012
974.945
974.72
974.569
974.487
974.459
974.467
974.498
974.546
974.604
974.666
974.728
974.784
974.83
974.858
961.768
961.03
960.122
959.225
958.506
957.885
957.337
956.856
959.331
956.551
956.494
956.545
956.775
957.418
963.708
963.74
963.492
965.072
960.675
959.145
958.806
957.621
958.709
960.465
959.806
957.474
956.734
956.424
956.266
956.208
956.226
956.301
956.419
956.567
956.739
956.925
957.119
957.313
957.499
957.668
942.448
941.705
940.859
940.027
939.318
938.717
938.222
937.837
941.098
937.32
937.44
937.534
937.701
938.432
944.217
941.558
942.171
942.793
939.29
938.891
938.773
938.493
938.553
940.725
939.456
937.742
937.706
937.682
937.715
937.808
937.956
938.153
938.393
938.668
938.972
939.297
939.636
939.979
940.319
940.646
922.949
922.252
921.436
920.647
919.938
919.395
918.942
920.024
920.331
917.669
918.48
918.128
917.884
922.695
920.009
921.7
921.6
920.868
920.121
919.716
919.465
919.284
919.173
919.091
918.948
918.872
918.937
919.054
919.221
919.443
919.721
920.05
920.426
920.842
921.293
921.772
922.269
922.776
923.285
923.786
903.322
902.678
901.888
901.116
900.347
899.709
898.918
901.818
900.517
899.646
899.449
899.048
899.534
903.55
899.191
900.552
900.622
900.483
900.276
900.092
899.958
899.875
899.842
899.841
899.895
900.011
900.187
900.423
900.721
901.08
901.498
901.973
902.499
903.072
903.685
904.331
905.001
905.688
906.381
907.073
883.645
883.054
882.326
881.657
881.003
880.399
879.814
882.033
880.551
880.166
879.786
879.319
879.956
882.272
880.598
880.702
880.641
880.578
880.493
880.428
880.404
880.429
880.504
880.632
880.816
881.06
881.369
881.743
882.185
882.693
883.266
883.9
884.591
885.335
886.124
886.953
887.811
888.691
889.583
890.481
863.933
863.391
862.741
862.13
861.603
861.144
861.116
861.89
860.295
860.176
859.905
859.584
859.63
862.394
861.532
860.838
860.808
860.732
860.711
860.736
860.807
860.932
861.113
861.355
861.661
862.035
862.48
862.999
863.591
864.257
864.995
865.801
866.671
867.601
868.583
869.609
870.671
871.76
872.866
873.984
844.131
843.636
843.048
842.502
842.05
841.746
841.94
841.979
840.617
840.56
840.518
840.605
840.935
841.718
841.617
841.148
840.862
840.834
840.897
841
841.149
841.357
841.633
841.981
842.403
842.903
843.484
844.148
844.896
845.727
846.639
847.63
848.694
849.826
851.017
852.259
853.542
854.859
856.198
857.558
824.209
823.768
823.246
822.762
822.372
822.148
822.265
822.171
821.334
821.042
821.027
821.1
821.295
822.006
822.399
822.48
821.466
820.875
820.975
821.152
821.367
821.654
822.024
822.456
822.989
823.611
824.326
825.135
826.04
827.04
828.134
829.32
830.592
831.945
833.364
834.841
836.366
837.93
839.524
841.147
804.167
803.788
803.341
802.931
802.611
802.431
802.364
802.623
801.634
801.394
801.44
800.978
801.242
801.62
802.49
803.973
803.726
801.93
801.183
801.246
801.453
801.787
802.214
802.73
803.362
804.099
804.943
805.894
806.954
808.122
809.399
810.783
812.277
813.868
815.537
817.271
819.057
820.889
822.76
824.666
784.005
783.683
783.301
782.956
782.691
782.53
782.211
783.247
781.357
781.455
781.455
781.004
781.411
781.888
782.084
783.757
786.568
781.595
780.809
780.946
781.218
781.616
782.114
782.723
783.45
784.295
785.264
786.351
787.561
788.883
790.324
791.899
793.629
795.489
797.435
799.443
801.507
803.626
805.798
808.011
763.735
763.459
763.124
762.83
762.61
762.45
762.323
762.978
760.895
761.217
761.318
760.847
761.136
760.782
761.294
760.852
761.366
760.269
760.175
760.395
760.699
761.138
761.695
762.379
763.192
764.133
765.214
766.427
767.763
769.222
770.803
772.59
774.647
776.676
778.943
781.242
783.585
785.998
788.501
791.104
743.405
743.163
742.847
742.595
742.44
742.222
742.274
742.292
740.714
740.879
740.848
740.433
740.957
740.203
740.24
740.062
739.874
739.613
739.513
739.604
739.862
740.298
740.892
741.647
742.529
743.549
744.732
746.065
747.539
749.162
751.047
753.336
755.536
757.769
759.954
762.445
765.091
767.823
770.786
774.131
723.021
722.839
722.579
722.323
722.499
722.028
721.854
721.634
721.162
720.786
720.611
720.343
720.081
719.73
719.431
719.14
718.829
718.525
718.392
718.244
718.476
718.941
719.6
720.423
721.362
722.45
723.709
725.135
726.726
728.516
730.724
732.926
735.218
737.646
740.197
742.683
745.591
748.564
751.952
755.761
702.602
702.458
702.345
705.005
702.718
703.395
701.397
701.477
701.292
700.833
700.472
700.078
699.378
698.821
698.48
698.102
697.643
697.121
696.65
697.462
696.579
697.034
697.779
698.667
699.642
700.751
702.034
703.5
705.153
707.023
709.282
711.512
713.88
716.345
718.811
722.024
725.256
728.543
733.602
737.153
682.533
682.452
682.313
687.625
684.958
685.222
682.401
682.294
681.858
681.133
680.662
680.24
679.017
679.737
677.661
677.187
676.511
675.689
674.802
678.916
673.334
674.176
675.408
676.444
677.364
678.38
679.586
680.987
682.614
684.405
686.486
688.982
691.165
693.334
696.615
699.908
704.54
709.618
712.761
716.37
662.739
662.754
662.752
668.066
667.788
666.111
666.246
662.899
663.033
660.351
660.468
660.241
658.587
661.363
658.004
656.824
655.703
654.319
652.873
652.227
666.166
650.594
652.309
654.001
654.605
655.264
656.328
657.722
659.011
660.535
662.155
664.445
665.97
668.626
671.911
676.115
681.927
685.837
696.094
703.378
642.944
642.996
643.046
648.833
648.727
647.119
648.13
643.317
643.293
641.032
641.006
640.593
638.825
640.993
639.544
637.268
635.628
633.657
631.308
628.637
645.622
637.692
631.994
634.281
631.408
632.812
632.853
632.991
634.007
635.062
636.122
637.178
638.297
639.901
643.591
649.54
648.799
655.153
662.232
669.892
623.059
623.066
622.829
629.816
629.107
628.578
628.654
624.078
623.804
622.873
622.385
621.756
620.315
621.977
620.779
618.084
616.728
615.326
614.032
613.667
615.621
613.792
608.275
609.428
612.921
613.139
607.455
607.625
608.226
608.639
608.706
608.455
608.117
608.026
614.909
612.915
613.324
615.273
619.07
626.273
603.4
603.329
603.047
610.121
609.367
609.161
608.569
605.025
605.826
604.616
603.606
603.579
602.965
600.927
602.03
598.706
597.667
596.654
595.621
596.065
596.437
595.052
593.194
592.924
593.712
592.682
586.269
584.547
583.699
582.623
581.135
579.183
577.3
576.407
577.387
574.15
572.684
571.785
570.665
573.159
584.471
584.148
583.623
590.227
589.43
589.015
588.72
587.438
586.682
585.809
584.828
583.819
584.629
583.353
582.56
581.886
578.616
578.181
577.507
578.628
580.191
579.191
577.847
576.853
575.96
572.312
565.824
562.511
559.871
557.231
553.877
550.057
546.666
544.302
540.385
535.298
529.558
524.607
520.005
517.032
566.639
566.527
566.884
569.142
570.537
568.361
568.695
569.117
566.956
566.948
566.419
565.581
564.921
566.371
563.062
562.979
559.581
560.437
559.747
560.629
563.936
563.632
562.441
560.749
557.842
551.647
545.313
540.737
536.519
532.102
527.064
521.559
516.269
512.232
505.582
497.536
486.951
476.584
466.506
455.93
548.314
548.238
548.328
548.526
552.714
551.935
550.343
550.098
549.137
548.669
548.233
547.72
546.514
545.43
544.809
544.143
542.752
541.921
541.409
540.772
543.121
547.226
548.929
543.445
536.15
529.308
523.417
518.131
513.173
507.571
501.49
494.58
487.222
479.754
470.887
462.318
448.648
435.132
420.342
402.925
529.494
529.48
529.373
528.838
535.125
533.968
532.874
531.919
531.066
530.255
529.518
528.565
527.997
527.444
526.496
525.452
524.153
522.839
521.579
520.279
519.006
519.209
518.612
515.16
510.221
505.508
500.653
495.48
490.238
484.191
477.42
469.935
461.836
453.029
442.886
433.223
420.674
408.052
392.414
375.215
510.978
510.945
510.712
509.946
516.26
514.993
514.126
513.083
512.256
511.506
510.794
510.028
509.097
510.236
508.763
506.689
505.24
503.658
502
500.222
498.404
496.589
494.509
491.651
487.952
483.766
479.199
474.211
468.919
462.648
455.76
448.3
440.332
431.741
423.749
415.292
404.349
394.883
380.986
371.042
493.334
493.372
493.493
493.888
495.814
496.439
493.329
493.257
492.951
492.458
491.824
491.037
490.086
489.595
488.075
487.071
485.901
484.486
482.386
480.61
478.166
476.348
474.013
471.161
467.769
463.877
459.532
454.716
449.41
443.443
436.935
430.069
423.192
415.948
410.705
403.695
396.352
387.847
376.073
372.213
475.711
475.744
475.847
476.015
476.573
478.326
477.282
475.493
474.826
474.184
473.48
472.688
471.811
470.879
469.506
469.735
467.204
465.95
463.728
463.394
461.093
457.656
455.242
452.45
449.246
445.622
441.578
437.092
432.126
426.589
420.614
414.303
409.175
405.043
400.606
395.442
391.747
385.832
376.029
373.133
457.9
457.988
458.132
458.313
458.555
461.106
460.99
456.425
456.229
455.741
455.156
454.472
453.677
452.749
451.677
450.72
450.052
448.102
446.329
444.815
442.957
440.539
437.88
435.067
432.133
428.857
425.242
421.266
416.883
412.008
406.539
402.319
405.154
396.187
394.13
392.044
389.988
387.417
380.186
373.972
440.025
440.172
440.353
440.514
440.637
440.69
444.055
438.548
438.14
437.699
437.179
436.568
435.866
435.063
434.145
433.141
432.068
430.666
429.096
427.543
425.948
424.175
422.105
418.826
416.17
413.334
410.299
407.062
403.609
399.903
396.032
393.769
392.735
390.468
389.018
389.269
388.931
388.911
386.294
378.086
422.113
422.282
422.467
422.606
422.679
422.618
425.741
424.745
420.009
419.741
419.333
418.824
418.23
417.537
416.745
415.825
414.642
413.379
411.982
410.414
409.832
408.47
407.045
403.09
400.806
398.483
396.085
393.622
391.092
388.44
385.964
384.766
383.314
382.209
382.138
384.611
386.61
388.438
390.215
387.354
404.258
404.431
404.633
404.813
404.955
405.036
407.216
407.622
402.035
401.991
401.684
401.27
400.765
400.154
399.438
398.56
397.746
396.617
395.401
393.578
394.213
391.977
390.33
387.813
385.746
383.969
382.191
380.458
378.787
377.072
376.063
375.669
374.888
374.42
374.648
376.902
381.116
385.193
389.482
393.631
386.447
386.609
386.799
386.958
387.064
387.091
387.205
390.59
385.116
384.81
384.466
384.064
383.59
383.047
382.429
381.714
381.019
380.093
379.271
376.951
376.726
375.485
373.865
372.336
370.873
369.533
368.309
367.239
366.391
365.721
365.449
365.861
365.599
365.882
366.509
368.372
372.107
375.581
381.263
388.734
368.698
368.858
369.052
369.229
369.378
369.517
369.636
372.183
371.849
367.015
366.99
366.756
366.396
365.954
365.439
364.857
364.212
363.137
362.373
360.991
360.218
359.182
357.975
356.811
355.741
354.785
353.995
353.421
353.157
353.273
353.538
354.572
355.17
354.95
355.354
356.713
358.723
360.756
364.918
370.256
351.008
351.177
351.379
351.571
351.752
351.946
352.172
353.081
354.947
350.473
350.067
349.803
349.424
348.986
348.486
347.92
347.206
346.382
346.175
345.086
343.945
342.955
341.99
341.053
340.214
339.507
338.974
338.68
338.711
339.149
339.92
340.737
341.529
340.919
341.56
342.294
341.45
345.023
347.605
349.71
333.306
333.504
333.717
333.888
334.001
334.055
334.024
333.783
339.082
335.144
333.722
333.142
332.624
332.148
331.684
331.223
330.725
330.295
329.857
329.238
327.641
326.512
325.747
324.963
324.245
323.632
323.186
323.016
323.218
323.83
324.81
326.016
327.251
327.875
325.272
329.387
329.221
330.638
333.943
334.54
315.581
315.828
316.08
316.269
316.378
316.409
316.354
316.163
322.202
317.124
316.155
315.755
315.38
315.028
314.68
314.349
314.036
313.772
313.689
313.442
311.453
310.253
309.474
308.69
307.937
307.204
306.567
306.37
306.727
307.639
308.803
310.148
311.679
313.382
314.958
315.207
318.679
317.953
320.675
322.317
297.849
298.138
298.426
298.639
298.755
298.778
298.708
298.531
298.717
298.425
298.24
298.057
297.901
297.686
297.427
297.14
296.823
296.435
296.452
298.298
295.018
293.9
293.105
292.268
291.374
290.298
288.797
289.522
288.949
290.847
292.286
293.599
295.082
296.898
299.61
302.55
306.089
304.116
305.991
309.758
280.132
280.44
280.747
280.975
281.098
281.125
281.071
280.948
280.744
282.312
280.764
280.305
280.438
280.354
280.177
279.951
279.681
279.34
278.947
278.621
278.069
277.497
276.885
276.182
275.341
274.235
272.913
283.87
278.577
274.852
276.141
276.996
277.747
278.684
280.305
290.055
289.779
286.982
288.098
290.962
262.456
262.761
263.067
263.294
263.41
263.419
263.33
263.14
262.819
269.125
265.404
263.801
263.625
263.389
263.137
262.923
262.739
262.545
262.319
262.069
261.781
261.466
261.123
260.759
260.331
259.706
260.664
263.996
263.434
260.875
260.458
261.184
261.835
263.255
267.888
271.849
264.602
268.347
267.842
277.738
244.87
245.152
245.437
245.647
245.745
245.726
245.581
245.268
244.651
251.289
247.932
247.103
246.738
246.328
245.968
245.781
245.753
245.752
245.721
245.665
245.604
245.529
245.468
245.443
245.433
245.314
247.899
247.821
247.427
246.671
245.131
244.258
244.167
242.534
254.199
248.461
245.06
243.646
245.366
271.661
227.424
227.673
227.931
228.127
228.226
228.222
228.104
227.819
227.278
232.182
230.727
229.777
229.788
228.927
228.529
228.292
228.665
228.905
229.071
229.214
229.371
229.519
229.724
230.014
230.428
230.867
233.228
233.466
233.236
232.749
230.891
228.395
228.424
224.225
228.091
225.056
223.884
217.987
215.444
270.127
210.139
210.355
210.59
210.784
210.905
210.954
210.922
210.754
211.196
213.466
213.061
212.544
213.799
211.666
216.947
213.307
211.885
212.201
212.47
212.719
213.005
213.309
213.695
214.201
214.9
215.825
217.254
219.204
219.859
219.012
215.614
213.003
212.105
206.514
208.294
207.026
209.499
209.517
223.628
253.437
192.997
193.179
193.388
193.576
193.711
193.787
193.793
193.676
193.726
196.563
195.867
195.191
197.81
195.488
198.808
198.477
195.008
195.395
195.691
196.001
196.344
196.706
197.111
197.585
198.168
198.876
199.551
200.675
207.127
202.113
197.81
196.192
194.158
190.498
189.806
205.628
198.676
201.957
212.94
222.848
175.972
176.116
176.302
176.504
176.702
176.9
177.116
177.39
177.817
177.958
178.582
176.337
180.897
180.091
180.089
179.685
178.957
178.557
178.859
179.208
179.567
179.938
180.349
180.99
181.272
181.816
182.276
182.468
182.693
182.572
182.541
182.496
182.021
182.067
183.164
194.859
186.482
191.721
192.077
193.583
159.016
159.103
159.251
159.45
159.683
159.953
160.279
160.685
161.16
161.006
162.448
160.752
162.846
164.209
161.217
161.862
162.244
160.602
161.413
162.074
162.612
163.106
163.701
164.281
164.734
165.154
165.692
166.254
166.902
167.802
168.821
169.777
170.93
173.202
177.226
182.422
177.113
197.435
170.72
173.611
142.065
142.081
142.175
142.355
142.602
142.91
143.288
143.745
144.236
144.564
146.04
143.162
144.416
145.367
144.699
144.728
144.681
144.488
144.61
145.277
145.818
146.33
146.905
147.495
148.025
148.494
149.016
149.645
150.574
152.068
153.833
154.798
154.701
153.457
163.969
163.981
165.544
177.435
156.689
174.244
125.06
125.006
125.045
125.201
125.453
125.785
126.199
126.692
127.222
128.027
128.94
125.365
126.659
127.366
127.714
128.015
128.02
127.971
127.964
128.288
128.944
129.571
129.928
130.71
131.237
131.481
131.977
132.158
132.466
135.008
140.97
143.151
140.994
143.029
146.225
143.641
163.193
147.743
153.018
172.24
107.956
107.843
107.832
107.964
108.21
108.542
108.949
109.413
109.878
110.815
111.178
108.978
109.892
110.356
110.731
111.069
111.276
111.248
111.274
111.281
111.878
112.597
113.165
113.969
114.419
114.896
114.957
114.874
119.069
123.604
123.84
126.376
129.017
132.307
134.658
136.488
152.996
137.4
140.049
144.506
90.7191
90.5731
90.5316
90.6457
90.8819
91.2069
91.6031
92.0471
92.4902
93.6169
93.6643
93.2823
93.3207
93.4038
93.6725
93.9634
94.3088
94.431
94.4678
94.5283
94.7894
95.6497
96.5874
97.658
98.8664
100.239
101.763
105.667
114.401
116.542
117.731
118.908
120.261
121.588
121.898
125.563
134.506
128.625
121.399
119.04
73.3411
73.2014
73.1625
73.2735
73.506
73.8398
74.2705
74.7963
75.4451
76.3888
77.0645
77.5351
75.8042
75.7218
76.3257
76.4979
76.7647
77.1248
77.5964
77.7504
77.197
78.071
79.37
80.9303
82.7527
85.0009
87.9708
94.3829
104.614
107.13
107.781
108.739
109.106
106.133
103.013
106.68
109.928
108.915
101.342
108.342
55.8747
55.7865
55.784
55.8868
56.0799
56.3677
56.7597
57.2678
57.9132
58.669
59.5033
61.2347
60.9641
59.3205
59.0602
58.9574
58.8511
58.8939
58.9931
59.7377
59.5456
59.8022
61.1546
62.884
64.892
67.2587
69.9546
74.8647
80.0226
84.4853
86.983
87.5937
85.6911
83.6818
83.2247
83.8383
85.2396
84.23
84.1943
101.188
38.4954
38.5209
38.5864
38.6581
38.7564
38.9241
39.1944
39.5815
40.0779
40.6393
41.3106
42.9517
46.2286
41.9997
41.4041
40.9977
40.4268
39.8976
39.6225
39.3922
40.0876
39.9462
41.0591
43.4778
45.4717
47.6278
51.6948
54.7707
58.429
61.4021
63.2296
64.0947
64.3055
63.6802
63.8479
61.8569
60.1765
58.614
66.9061
89.8102
21.4836
21.6485
21.7178
21.6497
21.5348
21.4577
21.4613
21.5641
21.7526
21.9627
22.1005
22.3038
23.5583
23.1867
22.6106
21.7646
20.4651
19.3588
17.9888
17.5173
17.5114
17.8401
18.2089
20.9267
24.2732
28.6057
30.0103
33.708
36.9839
39.8037
41.959
43.4345
44.3335
44.7022
44.7137
44.1853
42.7325
42.4287
51.2976
65.6231
5.93323
6.32012
6.28375
5.70788
4.83491
3.8617
2.88129
1.98673
1.29833
0.857513
0.643616
0.868352
1.69409
2.06354
1.25539
0.0601949
-2.20958
-5.486
-8.1185
-10.2346
-10.0685
-8.20418
-5.40292
-1.53575
2.59419
5.15458
8.83041
12.7235
16.237
19.288
21.8549
23.9398
25.5534
26.778
27.8718
29.0778
30.8978
32.4701
32.5279
38.1983
0.210451
0.136981
-0.132783
-1.11838
-2.7293
-4.80464
-7.37667
-10.6157
-14.637
-19.6558
-24.9759
-28.3385
-29.0969
-28.0846
-27.4723
-29.1883
-33.5558
-38.8895
-45.3915
-51.0171
-51.8443
-45.6204
-37.8671
-32.2461
-25.9512
-18.8523
-14.0223
-9.80492
-5.7167
-1.72042
1.98639
5.20356
7.58541
9.01931
9.69414
9.87053
8.37738
0.143388
15.2978
18.8918
-1.97611
-2.07039
-2.09069
-2.17207
-2.42046
-2.84822
-3.48679
-4.52782
-6.36172
-9.70114
-15.2428
-23.1993
-32.2779
-40.6986
-51.118
-65.1654
-79.2154
-88.9937
-98.8899
-112.137
-117.484
-101.418
-87.1175
-73.5748
-63.1431
-47.8191
-32.2716
-22.3439
-15.2099
-9.12203
-4.59307
-1.61587
-0.367767
-0.166438
-0.181789
-0.289443
-0.629341
-1.15338
1.00995
6.0685
-1.95753
-1.95443
-1.94807
-1.95237
-1.99577
-2.06601
-2.11706
-2.0944
-1.96409
-2.00833
-2.65033
-4.67671
-9.10688
-16.5756
-28.5182
-43.621
-66.7375
-104.598
-181.196
-283.983
-337.203
-307.898
-217.176
-112.081
-60.9293
-30.6405
-16.5624
-9.80795
-6.52621
-4.07518
-3.13708
-3.13394
-3.30035
-2.91789
-2.40489
-1.77311
-1.03921
-0.87135
-0.0838658
1.10712
-1.98654
-1.99063
-1.97931
-1.93045
-1.93155
-1.96293
-1.96135
-1.9284
-1.84936
-1.83735
-2.23879
-3.05906
-4.52494
-7.15675
-12.2353
-22.096
-41.517
-88.8448
-178.321
-374.666
-581.558
-526.093
-251.805
-98.3417
-38.6209
-17.4744
-9.15058
-5.42013
-3.66545
-2.83241
-2.32716
-2.36443
-2.48413
-2.39601
-2.26533
-2.13053
-1.88709
-1.32684
-1.65207
-4.77929
)
;

boundaryField
{
    inlet
    {
        type            calculated;
        value           nonuniform List<scalar> 10(280.8 271.894 267.303 263.132 260.687 260.684 263.122 267.287 271.874 280.776);
    }
    inletWall
    {
        type            calculated;
        value           nonuniform List<scalar> 
30
(
394.74
365.883
336.611
311.902
290.61
28.2565
198.204
302.602
383.145
433.8
-52.353
-45.2653
-89.5664
-268.911
-414.196
394.704
365.85
336.582
311.876
290.586
27.2672
197.834
302.437
383.069
433.762
-62.7393
-52.789
-94.5681
-273.108
-417.203
)
;
    }
    bottleWall
    {
        type            calculated;
        value           nonuniform List<scalar> 
290
(
1758.35
1738.64
1718.83
1698.94
1678.94
1658.88
1639.22
1619.27
1599.19
1578.77
1557.95
1537.07
1515.67
1494.04
1472.27
1450.4
1428.65
1411.43
1395.14
1363.81
1337.31
1308.88
1292.18
1283.12
1273.26
1262.74
1251.08
1240.25
1228.3
1214.34
1198.25
1180.36
1161.1
1141
1120.64
1099.78
1078.57
1057.34
1036
1014.52
993.84
973.229
952.707
932.478
912.692
893.533
875.213
857.143
840.442
825.827
813.271
803.015
796.267
792.233
788.827
786.494
784.223
780.956
776.212
768.952
757.877
742.987
724.555
703.547
680.699
656.964
632.849
608.222
581.597
553.345
520.288
481.899
439.539
395.484
352.317
311.749
274.491
239.282
208
180.523
159.084
140.903
126.648
114.74
102.025
87.8489
75.3195
64.794
54.0979
43.7046
33.0546
22.5628
13.6764
5.67905
-1.39412
-7.92927
-14.7336
-12.3816
-1.01963
-1.3889
1776.07
1775.9
1775.73
1775.56
1775.38
1775.19
1775
1774.81
1774.61
1774.41
1774.2
1773.99
1773.77
1773.55
1773.33
1773.11
1772.87
1772.62
1772.37
1772.12
1771.88
1771.62
1771.36
1771.11
1770.84
1770.58
1770.32
1770.08
1769.84
1769.6
1769.37
1769.15
1768.95
1768.76
1768.6
1768.46
1768.35
1768.26
1768.2
1768.16
1777.33
1777.23
1777.11
1777
1776.88
1776.75
1776.62
1776.49
1776.36
1776.22
1781
1780.99
1781.02
1781.06
1781.06
1781.05
1781.05
1781.03
1780.99
1780.93
1780.85
1780.75
1780.64
1780.52
1780.39
1780.25
1780.11
1779.96
1779.82
1779.68
1779.54
1779.41
1779.28
1779.16
1779.04
1778.93
1778.82
1778.71
1778.6
1778.5
1778.4
1778.3
1778.2
1778.09
1777.99
1777.89
1777.78
1777.67
1777.56
1777.45
1771.19
1751.52
1731.88
1712.22
1692.54
1672.84
1653.11
1633.38
1613.64
1593.91
1574.18
1554.61
1535.06
1515.6
1496.35
1477.15
1458.07
1439.13
1420.33
1401.65
1383.1
1364.65
1346.27
1327.96
1309.69
1291.46
1273.27
1255.1
1236.96
1218.84
1200.75
1182.68
1164.62
1146.55
1128.48
1110.38
1092.22
1073.99
1055.66
1037.21
1018.61
999.846
980.903
961.768
942.448
922.949
903.322
883.645
863.933
844.131
824.209
804.167
784.005
763.735
743.405
723.021
702.602
682.533
662.739
642.944
623.059
603.4
584.471
566.639
548.314
529.494
510.978
493.334
475.711
457.9
440.025
422.113
404.258
386.447
368.698
351.008
333.306
315.581
297.849
280.132
262.456
244.87
227.424
210.139
192.997
175.972
159.016
142.065
125.06
107.956
90.7191
73.3411
55.8747
38.4954
21.4836
5.93323
0.210451
-1.97611
-1.95753
-1.98654
)
;
    }
    atmosphere
    {
        type            calculated;
        value           nonuniform List<scalar> 
80
(
-2.53726
-2.37402
-2.26117
-2.13008
-2.03352
-1.97495
-1.962
-1.962
-1.962
-1.96201
-1.96203
-1.96205
-1.96206
-1.96209
-2.0104
-2.24041
-2.12493
-1.96246
-1.96212
-1.98163
-2.00669
-2.01915
-2.00661
-1.98031
-1.96327
-1.96231
-1.96316
-1.96389
-175.648
-462.763
-1466.15
-1923.29
-1723.2
-787.014
-237.701
-178.19
-5.77919
-2.00243
-2.31504
-2.22167
-2.02456
-1.96237
-1.96253
-1.96228
-1.96204
-2.02532
-2.04335
-2.08626
-2.11604
-1.96299
-1.96503
-1.96435
-1.96259
-1.96213
-1.96208
-1.96342
-1.96403
-83.8873
-195.815
-776.046
-1828.84
-1643.31
-484.249
-156.47
-15.5758
-1.9676
-1.96703
-1.96533
-1.96393
-1.9652
-1.96427
-2.51163
-3.29429
-2.78294
-2.23266
-2.00052
-1.96208
-1.97001
-2.02867
-2.45712
)
;
    }
    frontAndBack
    {
        type            empty;
    }
}


// ************************************************************************* //
