/*--------------------------------*- C++ -*----------------------------------*\
  =========                 |
  \\      /  F ield         | OpenFOAM: The Open Source CFD Toolbox
   \\    /   O peration     | Website:  https://openfoam.org
    \\  /    A nd           | Version:  8
     \\/     M anipulation  |
\*---------------------------------------------------------------------------*/
FoamFile
{
    version     2.0;
    format      ascii;
    class       volScalarField;
    location    "2.3";
    object      p;
}
// * * * * * * * * * * * * * * * * * * * * * * * * * * * * * * * * * * * * * //

dimensions      [1 -1 -2 0 0 0 0];

internalField   nonuniform List<scalar> 
9150
(
-204.601
-205.579
-206.203
-206.683
-206.922
-206.923
-206.68
-206.198
-205.579
-204.604
-224.648
-225.155
-225.571
-225.901
-226.069
-226.066
-225.895
-225.571
-225.156
-224.651
-244.536
-244.818
-245.066
-245.284
-245.396
-245.403
-245.288
-245.068
-244.819
-244.538
-264.274
-264.449
-264.618
-264.775
-264.861
-264.853
-264.772
-264.618
-264.451
-264.277
-283.892
-284.074
-284.211
-284.336
-284.412
-284.398
-284.342
-284.216
-284.077
-283.895
-118.474
-119.411
-119.255
-118.743
-118.597
-118.598
-118.757
-119.267
-119.442
-118.513
-134.035
-134.754
-135.007
-135.076
-135.005
-135.021
-135.119
-135.06
-134.805
-134.085
-150.599
-151.348
-151.688
-152.028
-152.089
-152.097
-152.027
-151.708
-151.35
-150.602
-167.492
-168.597
-169.059
-169.672
-169.85
-169.849
-169.673
-169.047
-168.587
-167.478
-184.429
-186.481
-187.255
-187.953
-188.213
-188.227
-187.968
-187.256
-186.487
-184.437
-24.4806
-26.1924
-28.2493
-29.306
-29.7391
-29.6559
-29.0667
-28.0225
-26.4169
-24.9837
-45.0897
-45.3052
-46.265
-46.7097
-47.1719
-47.2251
-46.8751
-46.5703
-45.6436
-45.4514
-65.0512
-65.0284
-65.9965
-65.7321
-66.1089
-66.1866
-65.7209
-66.1237
-65.1747
-65.238
-87.9106
-85.2677
-86.2
-84.7614
-84.9213
-85.0019
-84.7605
-86.3313
-85.334
-88.0245
-114.24
-104.324
-103.928
-102.454
-102.106
-102.148
-102.467
-104.027
-104.382
-114.328
369.141
366.893
363.735
354.55
348.796
349.726
351.442
352.528
354.512
358.446
351.637
349.112
343.46
336.336
326.798
325.446
329.316
333.035
332.609
336.705
334.908
327.213
316.899
319.645
318.164
315.632
315.335
314.183
313.178
314.77
299.637
297.605
295.593
299.346
301.576
300.214
298.855
299.781
297.894
298.099
282.608
280.638
278.773
282.574
287.38
289.557
290.389
290.766
291.925
293.693
280.966
280.007
279.322
279.109
281.652
286.301
288.224
288.533
289.597
291.01
276.302
279.667
277.152
278.033
279.495
283.879
285.08
285.366
285.959
286.73
275.338
275.141
275.192
276.301
278.879
281.155
281.444
281.693
282.102
282.503
274.741
274.736
274.772
275.037
275.435
277.033
277.59
278.204
278.565
278.772
272.444
273.443
273.833
274.36
274.73
275.034
275.455
275.821
275.919
275.475
271.699
272.941
272.772
272.748
273.172
273.89
274.427
275.016
270.698
265.57
268.699
268.199
268.829
274.603
270.977
265.696
261.256
257.864
254.133
252.037
257.283
259.808
262.232
263.466
262.647
260.699
260.673
258.351
252.748
249.803
243.96
244.731
245.648
246.803
248.545
250.616
250.986
249.525
244.539
249.104
219.505
220.397
219.522
221.752
224.957
229.378
234.338
236.917
231.716
235.454
193.727
196.3
192.442
197.907
206.156
213.123
215.61
221.568
227.186
228.384
174.888
167.763
163.373
170.119
179.178
189.114
200.4
211.319
215.924
219.92
156.639
135.594
131.642
137.447
151.926
162.932
180.886
185.71
204.971
198.841
145.548
128.267
115.314
123.209
136.722
139.726
156.035
163.839
168.036
174.62
151.484
137.699
121.349
114.217
115.488
117.938
118.624
119.902
122.221
133.26
167.18
151.461
130.451
112.784
96.8973
82.7236
79.1102
80.0586
83.8522
92.3291
196.948
168.718
135.515
105.052
81.2387
72.6804
66.483
61.3034
61.4353
70.1742
200.68
166.487
115.773
91.6455
79.0565
70.6068
64.5747
62.4786
63.6757
71.6397
198.155
139.039
99.8106
87.1664
76.5384
66.3886
63.0002
63.0112
58.8554
67.1236
150.912
107.738
104.742
95.5881
82.1396
65.4067
58.6022
60.1945
61.7492
71.6579
134.038
111.095
110.408
109.899
105.462
96.442
102.983
107.077
103.589
102.524
111.962
106.658
112.331
120.816
128.821
133.072
134.047
134.586
123.803
117.39
90.1032
97.3939
113.656
126.383
130.857
139.966
153.742
147.087
130.793
122.283
53.7115
79.6936
114.066
144.518
157.423
156.089
149.245
143.264
133.343
123.181
27.3885
41.5493
87.0947
147.426
190.815
194.678
177.134
163.141
148.489
133.971
14.2559
14.8676
26.2517
88.8989
168.785
211.931
163.951
154.856
135.482
121.462
5.63852
4.96202
-0.258823
30.3668
99.6759
149.171
109.792
115.66
97.3034
90.6025
5.12769
6.32637
-0.347288
11.7419
38.0229
46.4588
42.0787
66.2336
58.7243
61.509
5.8599
6.51757
25.7951
28.5323
14.3856
11.9408
21.6967
35.7967
33.6939
37.8456
6.94057
19.8183
18.4693
44.1055
10.752
20.4195
27.5615
29.3152
27.678
30.139
21.0872
20.0087
12.2698
35.156
3.09075
15.7679
26.977
30.9941
30.8905
25.3802
6.78666
-11.4201
9.33342
9.53363
-8.88553
-7.10788
7.85221
8.0135
3.62171
4.12369
2.20798
-13.8802
-9.77517
-6.79697
-0.117416
-5.60724
5.29267
3.79314
4.62899
-0.58958
4.4379
-0.404016
-17.7652
-6.58822
-4.07092
7.42215
10.4379
10.2091
4.0761
0.14497
0.154355
-0.835973
-3.21097
0.896386
16.7862
32.8772
9.11706
1.35901
1.53571
-1.7606
-0.341859
-0.390962
-0.267918
0.193736
21.535
26.6934
5.76207
3.90824
4.75568
-0.772007
-0.481551
-0.428979
-0.356932
-0.354447
24.96
28.604
6.67208
2.66661
3.81624
-0.854591
-0.591502
-0.556753
-0.512745
-0.503258
25.9324
27.8467
4.29874
1.84799
0.727749
-1.21803
-0.679536
-0.655054
-0.628833
-0.608069
17.5104
33.7697
1.44511
0.296337
-0.447137
-0.545607
-0.768875
-0.750626
-0.709285
-0.559771
1.76444
46.4666
-0.886604
-0.365108
-0.356635
-0.44196
-0.879806
-0.889157
-0.898354
-0.989654
45.29
2.36693
-0.357777
-0.292317
-0.339443
-0.414831
-0.971369
-1.00014
-1.04342
-1.14867
45.6127
2.20207
-0.155935
-0.263458
-0.38777
-0.427975
-1.04156
-1.08321
-1.12631
-1.27583
44.9804
2.82668
-0.211967
-0.341937
-0.416886
-0.478792
-1.05481
-1.03898
-1.08322
-1.24937
44.2428
3.02844
-0.319377
-0.47715
-0.538074
-0.571957
-0.969639
-0.889175
-0.861822
-0.782793
3.13699
44.6849
-0.818434
-0.72426
-0.710479
-0.700634
-0.900322
-0.838407
-0.785184
-0.678033
1.62911
45.3829
-0.960094
-0.851811
-0.820203
-0.797949
-0.901642
-0.866944
-0.801297
-0.682126
5.97861
42.0823
-1.04021
-0.923565
-0.880145
-0.857839
-0.971535
-0.944349
-0.91809
-0.930581
31.9034
16.8214
-0.885585
-0.896467
-0.891776
-0.885295
-1.00168
-0.993552
-0.968176
-1.00461
30.3812
18.7035
-0.868719
-0.89785
-0.905347
-0.905971
-0.994417
-0.994246
-0.964365
-0.956862
17.372
32.2626
-0.934282
-0.921752
-0.924182
-0.9255
-1.00329
-1.00483
-0.979894
-0.973389
26.0821
24.1129
-0.907355
-0.911167
-0.907764
-0.942089
-1.01056
-1.01059
-0.988785
-0.981135
25.443
25.2543
-0.903166
-0.90299
-0.920877
-0.933262
-1.0222
-1.02051
-1.00774
-1.01125
27.3884
23.7121
-0.877913
-0.882351
-0.931411
-0.928539
-1.04957
-1.04429
-1.03721
-1.03859
25.7344
25.6358
-0.91259
-0.90989
-0.961175
-0.964596
-1.06605
-1.06495
-1.06271
-1.05728
25.0219
26.5615
-0.954396
-0.943887
-0.995499
-0.994653
-1.08548
-1.08558
-1.08178
-1.08205
26.5712
25.304
-0.955173
-0.954015
-1.00754
-1.01037
-1.10235
-1.09449
-1.08637
-1.08521
25.8135
26.243
-0.956236
-0.953106
-1.00956
-1.01506
-1.12202
-1.11687
-1.10379
-1.09915
24.9605
27.2297
-0.972695
-0.957099
-1.0194
-1.02351
-1.14528
-1.14204
-1.12888
-1.12519
25.2972
26.9632
-0.992277
-0.971358
-1.03907
-1.0398
-1.17192
-1.17121
-1.15706
-1.15741
26.033
26.263
-1.02832
-1.01196
-1.07677
-1.07524
-1.19962
-1.19765
-1.18785
-1.18837
26.2278
26.1126
-1.08071
-1.06714
-1.12669
-1.12527
-1.23284
-1.22832
-1.22547
-1.2283
26.6781
25.6287
-1.13354
-1.11347
-1.18483
-1.17462
-1.26563
-1.26302
-1.26231
-1.26676
27.1429
25.1753
-1.16911
-1.16069
-1.22196
-1.215
-1.30169
-1.29482
-1.29648
-1.30055
27.1173
25.2087
-1.19645
-1.20714
-1.20503
-1.24993
-1.34308
-1.33594
-1.3403
-1.34558
26.9294
25.3
-1.26223
-1.2615
-1.25661
-1.2829
-1.3891
-1.41094
-1.39565
-1.40434
26.8617
25.2083
-1.31413
-1.31118
-1.32216
-1.31844
-1.42418
-1.43966
-1.43397
-1.44103
26.6415
25.3188
-1.33598
-1.33411
-1.34261
-1.33959
-1.43751
-1.44146
-1.44162
-1.44708
26.4113
25.4444
-1.31913
-1.32087
-1.33124
-1.33154
-1.44909
-1.4508
-1.41482
-1.41916
26.3656
25.3635
-1.31757
-1.31648
-1.32463
-1.33972
-1.48275
-1.47593
-1.42712
-1.43907
26.4449
25.066
-1.34301
-1.33973
-1.34221
-1.36952
-1.51726
-1.48402
-1.47308
-1.48146
26.4406
24.7273
-1.38863
-1.38346
-1.38816
-1.40109
-1.53449
-1.52037
-1.52471
-1.53824
26.0966
24.6874
-1.4182
-1.41198
-1.41487
-1.41994
-1.56549
-1.5612
-1.56424
-1.57773
25.4996
24.7634
-1.44955
-1.4407
-1.43982
-1.45001
-1.59336
-1.59409
-1.59334
-1.60505
25.095
24.5489
-1.49138
-1.48212
-1.48151
-1.48771
-1.61035
-1.61159
-1.6122
-1.6205
24.667
24.1373
-1.5249
-1.51792
-1.51844
-1.52029
-1.62704
-1.62798
-1.62929
-1.63427
24.1845
23.692
-1.54517
-1.54254
-1.54277
-1.54488
-1.64511
-1.64588
-1.64742
-1.6531
23.6775
23.0588
-1.56316
-1.5606
-1.56045
-1.56194
-1.66284
-1.66353
-1.66521
-1.67963
23.1195
22.3229
-1.58973
-1.57857
-1.57815
-1.57898
-1.6801
-1.68036
-1.68203
-1.71514
22.3613
21.5041
-1.62607
-1.59667
-1.5986
-1.59966
-1.69576
-1.69638
-1.6975
-1.75568
21.3165
20.5883
-1.66633
-1.61274
-1.61905
-1.61956
-1.70986
-1.71043
-1.71231
-1.78608
20.0051
19.4072
-1.7049
-1.63522
-1.63937
-1.64538
-1.72511
-1.72542
-1.7278
-1.77986
18.3811
17.7134
-1.71523
-1.66526
-1.66419
-1.67244
-1.742
-1.7404
-1.74284
-1.72287
16.0441
15.7104
-1.6778
-1.69674
-1.69467
-1.69732
-1.75185
-1.75185
-1.75138
-1.64996
12.771
14.4459
-1.6219
-1.72274
-1.71884
-1.72019
-1.7653
-1.76174
-1.76184
-1.8469
11.1119
13.5698
-1.57223
-1.7478
-1.74044
-1.74016
-1.7833
-1.77677
-1.78335
-2.06533
10.955
9.23404
-1.98084
-1.76512
-1.76124
-1.75853
-1.80323
-1.8032
-1.80865
-1.86585
8.84063
4.39899
-2.62628
-1.7637
-1.78189
-1.77619
-1.82644
-1.82183
-1.83308
-1.99791
4.71365
4.95831
-2.63755
-1.78122
-1.79218
-1.79396
-1.84594
-1.84378
-1.89907
-2.11828
1.86147
3.11611
-1.9476
-1.89902
-1.81283
-1.815
-1.86501
-1.86704
-2.06483
-1.58947
0.436236
1.5239
-1.48514
-1.88909
-1.83598
-1.83611
-1.87944
-1.88316
-2.21817
-2.08748
-0.806283
0.00782098
-0.508924
-2.32934
-1.85543
-1.85854
-1.89131
-1.87937
-2.91151
-1.23668
-0.747471
-1.0235
-2.43316
-3.8286
-1.86876
-1.87795
-1.91274
-2.26373
-4.78426
-2.813
-1.79618
-2.26806
-2.81084
-3.98543
-2.60735
-1.90015
-1.94035
-3.94641
-5.80289
-5.90963
-5.82413
-5.65081
-5.33352
-5.0807
-4.06
-1.92771
-2.66227
-9.04985
-12.1825
-14.1291
-15.0203
-15.1991
-14.6982
-13.1051
-9.93826
-2.89136
364.01
370.196
376.952
383.068
384.58
387.194
390.482
392.617
393.706
394.689
395.759
396.55
397.332
397.876
397.554
396.445
394.515
391.393
388.768
387.761
388.134
389.647
390.44
391.685
393.612
397.551
402.771
407.757
412.317
415.967
419.457
422.687
425.277
429.039
425.687
427.481
428.964
428.828
430.787
431.285
345.485
348.211
349.402
352.301
356.326
361.287
364.695
366.231
367.935
369.51
370.516
372.206
373.544
374.265
374.659
374.573
373.698
372.147
372.743
371.833
369.664
368.49
369.363
374.124
377.543
381.27
385.523
389.457
395.303
399.307
403.115
405.842
406.054
409.73
409.159
410.093
411.511
412.191
412.839
416.094
317.968
321.364
328.614
323.669
330.464
335.181
339.178
339.843
338.483
337.917
340.294
345.764
349.634
351.036
352.253
352.576
351.6
350.889
351.815
349.875
349.173
348.327
348.624
355.629
360.219
364.591
368.85
373.479
379.076
383.386
387.143
389.934
393.132
393.663
396.646
394.411
395.625
395.806
396.361
398.183
299.96
303.529
307.066
307.239
307.48
308.684
318.281
317.086
310.205
303.474
304.335
319.198
327.603
328.901
331.66
334.091
333.423
330.5
327.348
323.822
321.121
323.653
328.768
335.354
341.664
346.305
351.243
356.209
360.956
365.828
374.698
375.919
381.212
383.347
382.312
381.173
380.828
380.591
380.633
380.708
296.004
298.757
301.865
306.183
309.776
311.104
309.823
307.56
304.36
302.968
306.627
304.682
283.351
274.596
299.857
309.446
307.643
304.569
304.307
313.201
314.01
302.298
301.783
307.78
317.206
325.892
335.718
343.96
352.315
358.062
359.196
366.127
365.458
366.759
365.09
365.321
365.231
365.114
364.96
365.023
292.906
295.654
298.405
299.905
301.644
302.554
301.993
299.302
295.216
289.923
284.562
280.77
276.356
273.016
274.401
283.764
290.87
294.495
297.666
308.312
310.58
308.279
307.612
307.747
299.97
300.75
309.771
323.62
332.624
332.373
335.261
334.507
338.896
342.92
346.368
344.27
345.993
348.059
348.779
349.482
287.952
289.676
290.479
291.241
287.643
279.1
272.371
269.74
267.147
261.717
253.73
248.438
236.312
238.364
242.514
255.312
265.079
274.839
284.096
291.359
298.886
302.979
301.344
300.716
303.238
305.358
305.058
302.498
309.175
308.598
301.901
306.226
319.459
313.835
322.407
324.59
329.333
333.187
334.858
335.594
283.089
282.359
279.458
275.084
267.456
254.851
242.246
224.358
217.121
208.453
205.136
202.857
207.027
215.937
223.059
226.007
231.303
250.752
263.102
269.237
276.238
281.822
290.048
299.376
293.185
301.886
306.801
293.771
307.12
293.986
286.516
291.097
299.209
303.006
304.843
310.185
316.52
320.482
321.735
322.42
278.017
269.435
256.538
241.356
223.873
212.709
207.977
205.808
203.479
202.031
200.602
199.287
202.482
211.784
218.409
222.467
221.468
233.275
246.388
257.251
263.288
269.216
277.075
284.394
290.796
297.358
307.495
302.652
309.324
285.608
282.635
284.882
286.543
289.004
294.183
299.312
304.249
307.183
308.528
309.07
268.094
254.994
237.556
218.938
214.83
213.73
211.615
209.193
206.248
203.731
203.16
204.932
209.004
214.793
220.082
223.114
224.15
224.339
252.552
264.895
272.006
275.594
273.71
274.195
280.228
296.531
300.596
300.557
284.881
291.565
289.294
289.953
290.414
290.546
291.471
293.283
295.099
296.033
296.895
297.405
256.246
243.399
226.605
217.132
218.214
217.314
215.363
212.669
209.721
207.451
208.824
211.116
217.967
227.071
225.273
215.884
213.225
225.558
247.162
262.434
274.312
275.349
264.177
271.378
278.41
283.656
284.96
292.278
275.192
281.946
273.209
277.792
280.384
282.664
284.779
285.942
286.517
286.426
286.383
286.565
245.715
235.475
220.538
217.462
219.337
218.436
216.297
214.46
214.297
207.346
199.403
208.201
213.37
212.748
219.157
224.006
229.117
236.916
245.845
255.486
264.978
260.154
262.322
263.529
265.332
260.44
272.885
253.381
262.417
266.028
265.493
267.452
269.669
271.751
273.502
275.023
275.623
275.507
275.595
275.777
238.201
231.094
218.032
213.611
215.796
214.283
211.143
205.469
198.203
193.709
195.149
202.365
203.956
206.329
205.889
208.92
210.284
210.063
220.961
233.482
238.303
239.469
252.923
262.445
254.933
263.35
242.01
247.234
250.334
253.161
255.819
258.029
259.227
260.698
261.898
262.619
263.123
263.681
264.726
265.338
237.277
231.003
223.806
210.797
209.652
208.295
205.819
202.656
200.52
199.697
199.606
201.639
202.844
203.589
204.128
205.473
206.287
206.547
205.637
211.953
220.768
224.146
240.024
245.147
245.981
245.206
241.038
241.252
238.99
240.729
241.999
243.276
244.232
246.259
250.269
252.009
253.619
254.438
257.325
257.886
233.516
228.484
223.989
212.076
203.685
204.128
203.273
202.368
201.745
201.171
200.887
201.769
202.014
202.41
203.158
203.914
203.819
203.327
202.092
198.718
201.922
211.317
212.842
224.035
233.923
233.139
232.981
224.759
221.629
222.956
222.796
224.246
225.293
228.187
232.653
235.85
238.481
240.584
244.069
245.252
231.423
227.785
226.508
220.466
205.402
201.129
201.471
201.408
201.546
201.692
201.902
202.193
202.44
202.505
202.796
203.134
202.075
201.579
197.151
189.426
188.699
197.344
205.104
210.403
215.19
213.82
209.972
208.404
205.334
201.9
199.293
199.882
203.719
209.281
210.449
216.893
220.557
222.696
224.155
224.097
225.514
227.238
225.902
223.922
211.256
200.72
199.983
200.245
200.603
201.106
201.674
202.212
202.718
202.842
202.729
203.396
197.798
191.178
192.423
195.389
198.512
200.529
197.724
201.821
199.745
201.854
199.589
190
185.825
181.235
176.902
175.648
178.341
182.422
188.763
195.512
200.662
203.494
204.497
204.492
203.799
214.298
220.27
222.351
214.855
200.682
197.425
199.008
199.416
200.374
201.036
201.316
203.532
203.806
201.783
203.125
201.884
199.477
196.59
194.724
193.983
189.995
195.157
191.624
190.834
188.611
181.476
178.143
172.903
166.855
162.277
161.015
162.861
166.46
171.951
177.689
183.585
186.84
187.552
195.728
163.896
181.31
199.805
215.341
213.981
198.556
194.234
194.75
197.464
198.508
199.798
201.117
200.807
200.189
197.033
193.945
191.073
189.063
187.644
186.73
186.288
185.256
183.573
184.199
181.911
177.435
171.852
168.927
165.713
161.887
158.743
158.126
158.749
160.561
163.569
165.181
169.559
172.161
173.658
180.406
128.127
147.187
175.67
203.713
207.035
190.997
191.588
191.983
192.646
193.749
194.972
195.837
193.238
191.227
188.629
184.697
179.792
177.842
175.613
177.002
177.159
175.977
177.679
176.418
174.488
171.454
167.04
162.734
159.144
155.623
153.633
153.362
153.878
154.301
153.697
154.877
156.25
157.898
159.277
164.022
98.4243
118.79
155.287
182.953
195.522
187.923
191.096
191.231
191.42
191.729
191.562
189.479
185.542
181.003
174.891
172.624
168.316
164.824
165.325
165.454
166.864
168.34
167.288
168.282
166.707
164.163
160.494
155.85
151.743
149.428
146.228
144.977
144.245
144.624
144.976
144.397
143.529
143.678
145.276
147.633
83.855
108.842
144.151
157.064
177.932
180.936
187.65
190.199
189.958
186.217
180.616
175.951
172.061
167.047
160.583
155.578
151.697
149.583
150.348
152.359
154.726
156.879
159.173
159.635
156.837
153.899
150.1
145.476
141.744
138.816
136.657
135.295
134.599
134.015
133.088
132.939
132.141
131.082
131.905
134.359
85.9099
103.906
131.478
135.309
149.657
152.986
169.375
171.633
168.04
165.375
163.042
157.466
150.934
145.986
140.43
135.153
131.108
129.239
129.819
132.284
135.314
138.514
144.465
143.523
141.165
138.891
135.194
130.556
127.145
124.62
123.074
121.704
120.62
123.511
120.017
120.118
121.572
121.581
123.346
124.114
82.8836
103.534
115.823
127.254
133.397
134.919
140.95
138.926
141.018
140.584
137.151
131.599
125.821
120.274
114.493
108.487
103.062
100.529
102.518
106.423
108.391
110.043
112.432
114.547
114.492
112.901
111.216
109.995
110.253
110.516
110.196
109.011
108.448
110.075
109.921
109.083
114.488
114.548
114.036
117.142
89.7087
102.834
114.151
116.071
120.314
122.09
124.343
124.177
123.038
120.595
114.623
108.69
97.6981
89.5166
84.3703
78.6919
71.717
65.8439
67.3336
73.1888
77.44
79.3465
80.726
80.2049
77.5886
79.8103
81.0236
84.1925
91.9086
96.9933
98.2203
96.4194
94.5763
95.7072
98.0349
99.9913
100.093
105.055
103.213
108.476
106.497
110.112
110.964
111.595
113.869
112.725
112.765
111.55
109.245
105.273
101.009
98.4907
86.2821
72.8546
68.0855
61.7493
58.8629
59.7654
50.9953
52.0815
55.3329
52.6478
47.6283
40.1877
56.6465
65.3113
57.9312
67.7985
74.5375
78.7379
80.6203
82.1194
84.3952
83.1127
85.6007
89.2361
87.4328
92.6504
92.8298
101.666
115.5
112.644
110.134
108.098
108.142
105.975
103.353
101.488
97.8131
95.3329
92.3256
85.7687
76.8231
67.9911
61.2096
57.1924
53.653
51.7379
44.7324
45.817
45.0986
35.3376
38.3453
45.8601
44.6187
37.858
54.9132
59.4257
61.6469
63.442
64.745
66.6334
65.8949
67.3922
71.2939
75.8253
78.1588
79.9377
79.9901
89.954
117.451
111.979
106.889
102.363
101.522
98.4002
93.8345
92.449
86.6601
87.8181
85.1336
80.3573
73.8971
66.4996
60.5999
55.1782
47.2801
45.1093
44.0169
43.2801
46.022
38.1166
35.6259
37.6149
36.6702
33.7972
39.736
45.6402
44.5634
50.4694
58.3057
71.1984
73.0133
67.6332
64.2789
67.0046
67.9459
68.3925
68.7088
70.6943
115.005
107.639
100.294
94.353
89.3846
85.8956
83.36
80.2244
77.6091
79.9973
76.9165
72.5269
67.1296
58.8754
48.1334
41.5715
35.8793
33.8961
33.25
30.9378
29.1651
27.2013
26.9759
19.0866
23.3702
24.4404
25.4783
29.3069
34.6438
42.6046
52.0312
63.1368
69.3138
69.4317
66.6229
63.9912
57.9003
56.6996
56.2832
56.3224
120.405
110.666
93.7377
83.6446
76.6436
72.1619
69.1519
67.2287
66.404
65.4576
62.8115
61.2304
56.7713
49.8504
43.7297
40.979
31.758
26.7458
25.9617
21.3325
21.4745
20.7428
16.5835
11.1845
10.7409
15.5936
18.8274
22.3574
25.5444
35.7123
48.8376
54.0944
54.9382
67.2563
57.3673
53.7993
46.8988
43.2358
41.4888
42.2244
108.603
93.9921
80.2122
67.8438
56.904
53.0386
49.8875
48.4601
48.2141
48.5412
49.0222
48.2084
45.4614
39.9912
37.5737
31.5947
20.1102
14.6217
17.8272
17.7693
17.6723
17.2352
15.6488
14.3397
14.609
15.294
16.687
17.6729
17.3111
36.3652
49.7687
54.1081
49.4449
38.5909
37.832
34.1581
33.5751
29.577
28.5414
29.8692
83.2924
72.5809
61.3333
50.1024
40.708
32.0226
23.5807
21.0408
22.3703
22.3294
23.4435
20.7225
17.7233
18.7702
20.4956
21.2322
14.4317
15.8771
14.8757
14.6722
14.7544
14.7404
14.3561
14.1278
13.8699
13.3409
14.4329
15.0376
15.8812
27.4132
32.9111
36.1318
33.2378
19.5662
8.68225
6.5737
6.35885
15.4521
14.6795
18.2846
56.0939
48.4705
40.8911
31.0787
19.7184
13.6356
17.7658
16.9457
15.8047
15.4304
15.9062
16.529
17.964
21.9239
18.4297
13.1535
15.1826
11.7874
9.44351
9.72798
10.7978
11.6749
12.3742
12.8713
13.2244
13.3508
12.8526
13.6763
7.5966
12.7691
3.49589
13.2888
6.22272
1.82086
-0.679889
-1.90318
0.41373
-2.85852
2.49019
7.73959
35.6571
31.9711
25.9151
17.0866
8.90501
13.6498
16.68
15.1205
13.4462
12.9992
13.1413
13.1009
14.0941
12.1214
10.9396
11.2363
10.9783
9.65734
5.43954
6.77993
8.15282
9.42053
10.7528
12.0435
12.45
11.1873
10.7575
7.67458
0.679922
-0.397106
-0.16349
-0.280671
0.0285207
0.0702248
0.179657
0.26481
0.0989729
-1.6018
7.1902
6.71405
28.8552
21.0623
15.2044
8.51439
7.11479
10.2365
11.494
10.679
10.4338
10.3867
10.0509
9.51342
9.99688
10.8785
10.3647
9.79056
8.72632
5.98917
3.29399
4.69797
6.30893
7.37247
8.45887
9.11793
12.9339
10.6088
5.92986
1.36814
-0.76572
-0.832993
-0.73224
-0.66281
-0.543907
-0.362455
-0.175126
-0.20427
-0.305369
2.28553
8.70231
1.08997
27.7939
24.7114
9.27164
11.5016
14.6141
12.4596
11.4003
9.05045
7.61462
7.76286
7.36752
6.86639
9.83391
9.2525
6.99681
2.869
1.56986
1.81264
2.53506
3.31584
4.21779
4.88976
5.51683
9.32155
10.8361
6.32171
0.343717
-0.812923
-0.930574
-0.863503
-0.78503
-0.714259
-0.650288
-0.567459
-0.530234
-0.579505
-0.720813
-0.938699
-0.831688
-0.635857
8.21818
3.72565
3.60399
7.48894
7.93256
5.84288
8.56596
7.55513
5.37395
5.2003
4.70538
4.21276
12.9499
7.04618
0.436034
0.570824
0.650777
-0.0377579
0.0129667
0.0443902
1.03058
2.61508
0.0400033
-0.577014
-0.699581
-1.00011
-1.00719
-0.946367
-0.96873
-0.909592
-0.805619
-0.724139
-0.661868
-0.611956
-0.609189
-0.633061
-0.680197
-0.706632
-0.625866
-0.551518
-9.16759
-15.3697
-0.0855746
11.7659
16.9599
14.3375
4.92709
2.64871
2.86056
2.59144
2.57683
6.72587
-0.507171
-0.201616
-0.0846131
0.0688629
0.0626529
-0.348894
-0.341314
-0.298514
-0.354725
-0.425785
-0.483935
-0.543283
-0.590578
-0.722223
-0.81862
-0.868286
-0.840255
-0.772006
-0.69734
-0.63171
-0.585571
-0.557069
-0.547922
-0.54408
-0.538297
-0.551141
-0.469972
-0.437872
-1.20845
0.45623
7.01476
17.6207
15.4217
6.47141
1.17257
1.25708
-0.131548
0.678413
0.0399222
-0.218783
-0.236337
-0.206845
-0.213306
-0.177958
-0.196673
-0.274835
-0.298436
-0.324719
-0.348675
-0.377492
-0.440174
-0.510259
-0.578792
-0.631791
-0.658509
-0.663964
-0.643265
-0.604083
-0.565531
-0.535443
-0.518942
-0.519262
-0.519779
-0.516414
-0.514903
-0.5187
-0.411564
-0.424324
-1.61806
-0.350132
2.06357
2.27174
2.20445
1.44253
0.356934
-0.0962699
-0.276065
-0.434617
-0.361879
-0.30539
-0.292074
-0.286878
-0.278508
-0.191941
-0.251245
-0.274497
-0.288286
-0.327197
-0.376859
-0.423663
-0.466249
-0.501304
-0.535364
-0.566437
-0.580373
-0.591576
-0.567177
-0.534272
-0.51087
-0.499316
-0.495935
-0.528483
-0.558141
-0.546806
-0.555875
-0.520732
-0.500055
-0.47791
-0.533838
-0.562457
-0.532467
-0.512994
-0.49933
-0.491615
-0.476197
-0.43895
-0.430813
-0.437022
-0.416058
-0.379248
-0.345712
-0.329916
-0.324335
-0.247493
-0.304191
-0.295651
-0.336854
-0.378872
-0.420414
-0.456479
-0.490223
-0.527147
-0.555351
-0.568932
-0.58797
-0.567044
-0.581293
-0.572965
-0.55419
-0.549109
-0.585117
-0.532466
-0.589912
-0.569603
-0.56781
-0.562622
-0.557472
-0.531359
-0.749232
-0.678525
-0.61276
-0.574692
-0.552227
-0.543875
-0.542596
-0.530397
-0.511062
-0.4957
-0.475687
-0.445772
-0.412457
-0.386349
-0.382842
-0.284182
-0.313395
-0.324429
-0.352556
-0.379129
-0.453842
-0.491659
-0.512529
-0.541393
-0.564955
-0.580204
-0.602089
-0.589869
-0.596659
-0.603631
-0.604468
-0.603323
-0.626749
-0.589304
-0.610747
-0.583187
-0.579096
-0.569933
-0.575917
-0.56359
-0.923766
-0.729057
-0.636504
-0.601737
-0.589772
-0.587189
-0.573015
-0.571731
-0.580158
-0.570263
-0.550522
-0.525763
-0.498593
-0.474865
-0.461185
-0.379557
-0.356338
-0.355012
-0.401062
-0.454756
-0.494862
-0.523424
-0.539756
-0.548749
-0.604268
-0.662915
-0.639791
-0.674669
-0.659825
-0.680059
-0.69182
-0.681996
-0.679913
-0.675471
-0.689462
-0.628329
-0.629044
-0.600714
-0.614218
-0.6049
-0.692837
-0.63541
-0.597249
-0.577556
-0.574127
-0.574258
-0.586443
-0.601591
-0.616973
-0.608632
-0.589574
-0.577248
-0.556751
-0.552027
-0.549931
-0.517923
-0.502311
-0.545558
-0.571043
-0.619467
-0.641246
-0.646305
-0.681786
-0.700793
-0.698564
-0.720524
-0.706845
-0.722305
-0.732125
-0.725294
-0.722591
-0.727909
-0.696246
-0.742157
-0.719917
-0.686198
-0.667424
-0.651879
-0.647224
-0.642494
-0.500445
-0.522534
-0.527817
-0.543179
-0.559438
-0.56836
-0.587184
-0.61222
-0.631598
-0.630967
-0.610574
-0.624435
-0.626248
-0.627776
-0.671988
-0.6817
-0.631398
-0.686134
-0.673242
-0.717945
-0.716857
-0.72659
-0.731609
-0.734529
-0.739511
-0.743109
-0.750866
-0.751941
-0.753751
-0.750622
-0.746714
-0.745369
-0.743952
-0.734586
-0.717628
-0.6976
-0.684921
-0.674946
-0.667903
-0.659944
-0.471549
-0.509969
-0.524911
-0.538019
-0.555973
-0.569719
-0.573244
-0.612629
-0.624008
-0.635291
-0.636206
-0.626946
-0.65663
-0.719188
-0.729011
-0.726914
-0.727751
-0.748737
-0.761877
-0.765583
-0.763701
-0.76806
-0.780362
-0.783828
-0.784962
-0.785062
-0.791278
-0.786643
-0.783076
-0.779143
-0.772119
-0.764926
-0.755153
-0.741734
-0.726712
-0.712009
-0.702425
-0.694732
-0.683655
-0.686396
-0.471251
-0.510217
-0.535018
-0.546606
-0.574615
-0.578956
-0.601266
-0.6096
-0.616848
-0.627216
-0.627621
-0.613534
-0.665707
-0.692609
-0.706487
-0.717879
-0.736766
-0.763266
-0.789702
-0.803674
-0.805026
-0.821862
-0.829473
-0.839126
-0.849805
-0.851479
-0.839914
-0.830861
-0.82605
-0.814897
-0.804149
-0.793431
-0.77801
-0.766332
-0.753563
-0.740893
-0.729915
-0.717551
-0.712531
-0.718631
-0.515037
-0.546628
-0.573412
-0.574935
-0.606966
-0.603703
-0.617553
-0.63059
-0.619389
-0.625033
-0.647803
-0.585861
-0.657301
-0.689216
-0.701463
-0.723148
-0.751046
-0.780639
-0.806601
-0.832885
-0.863112
-0.874308
-0.890039
-0.901279
-0.908533
-0.915865
-0.9032
-0.88597
-0.875901
-0.856898
-0.839468
-0.823057
-0.809242
-0.799885
-0.792605
-0.773942
-0.760749
-0.753819
-0.751013
-0.749201
-0.600807
-0.608551
-0.624143
-0.63546
-0.641322
-0.657023
-0.658875
-0.645831
-0.640877
-0.648267
-0.639203
-0.674956
-0.678791
-0.700166
-0.718771
-0.745585
-0.776182
-0.805452
-0.846699
-0.879914
-0.907271
-0.929184
-0.939767
-0.951089
-0.964498
-0.973095
-0.968565
-0.953153
-0.932104
-0.907237
-0.878206
-0.856253
-0.837341
-0.825502
-0.820166
-0.803228
-0.791921
-0.789004
-0.781212
-0.785105
-0.697039
-0.695385
-0.695703
-0.697978
-0.705591
-0.70784
-0.713118
-0.713018
-0.707736
-0.69685
-0.69866
-0.711257
-0.711465
-0.71493
-0.74122
-0.770756
-0.800743
-0.838997
-0.884647
-0.927276
-0.959367
-0.985908
-1.00765
-1.02337
-1.03116
-1.0267
-1.01968
-1.00005
-0.972134
-0.939692
-0.904617
-0.880412
-0.863119
-0.845761
-0.838572
-0.832738
-0.799261
-0.803617
-0.795545
-0.794873
-0.783823
-0.773403
-0.765439
-0.763544
-0.764677
-0.770989
-0.769185
-0.768819
-0.770094
-0.769087
-0.771563
-0.770045
-0.762975
-0.767554
-0.792719
-0.807383
-0.828303
-0.863221
-0.907963
-0.946144
-0.99295
-1.01178
-1.03533
-1.05857
-1.0566
-1.04202
-1.02114
-1.00473
-0.978071
-0.95297
-0.923877
-0.89729
-0.878242
-0.865342
-0.848306
-0.844911
-0.803915
-0.814763
-0.812902
-0.811811
-0.84333
-0.830306
-0.819052
-0.817185
-0.821017
-0.823263
-0.820443
-0.818958
-0.819422
-0.821684
-0.825579
-0.831125
-0.835021
-0.832527
-0.846746
-0.857397
-0.867704
-0.892756
-0.927461
-0.962152
-0.992121
-1.00692
-1.02096
-1.0311
-1.03525
-1.01591
-0.999889
-0.985347
-0.962676
-0.939014
-0.917494
-0.900171
-0.879689
-0.865965
-0.854971
-0.839417
-0.843542
-0.81471
-0.830208
-0.825172
-0.87838
-0.874193
-0.868002
-0.868577
-0.865729
-0.862314
-0.860731
-0.861085
-0.863238
-0.867278
-0.87208
-0.876947
-0.882815
-0.890383
-0.898197
-0.911202
-0.924473
-0.929592
-0.949212
-0.966855
-0.980788
-0.991665
-1.00017
-1.00436
-1.0034
-0.991256
-0.976252
-0.961942
-0.944076
-0.926029
-0.909902
-0.894625
-0.878401
-0.862224
-0.85664
-0.840281
-0.850035
-0.81114
-0.842868
-0.835123
-0.902986
-0.901697
-0.901895
-0.900234
-0.897965
-0.897472
-0.8982
-0.900457
-0.904019
-0.908372
-0.913123
-0.918381
-0.924989
-0.932264
-0.9394
-0.949575
-0.960556
-0.970114
-0.979002
-0.987702
-0.990271
-0.994547
-0.99601
-0.99283
-0.984049
-0.974095
-0.963203
-0.953846
-0.937722
-0.920814
-0.906654
-0.89483
-0.879769
-0.867665
-0.863101
-0.848404
-0.858435
-0.813927
-0.854275
-0.845852
-0.925076
-0.925822
-0.927294
-0.928012
-0.929083
-0.931285
-0.934444
-0.938851
-0.944416
-0.949845
-0.955421
-0.961419
-0.967206
-0.973271
-0.980141
-0.988592
-0.996706
-1.00378
-1.00933
-1.01321
-1.01258
-1.0083
-1.00272
-0.996336
-0.984433
-0.974123
-0.962702
-0.953981
-0.93969
-0.925074
-0.913179
-0.899808
-0.887708
-0.886721
-0.871995
-0.867672
-0.865647
-0.836416
-0.868696
-0.860055
-0.944774
-0.947802
-0.951484
-0.954348
-0.95803
-0.963146
-0.967252
-0.97207
-0.976227
-0.985832
-0.994864
-1.00069
-1.0072
-1.01417
-1.0215
-1.02881
-1.03511
-1.0396
-1.04123
-1.03999
-1.03638
-1.02903
-1.01911
-1.01021
-0.999431
-0.984477
-0.983625
-0.972846
-0.954847
-0.940978
-0.927916
-0.91325
-0.911934
-0.897898
-0.895441
-0.895306
-0.862421
-0.871762
-0.879973
-0.877436
-0.962009
-0.967399
-0.974071
-0.977422
-0.982472
-0.989976
-0.998066
-1.00384
-1.01358
-1.02431
-1.03035
-1.03762
-1.04582
-1.05405
-1.06217
-1.06929
-1.07489
-1.07791
-1.07779
-1.0745
-1.06822
-1.05924
-1.04825
-1.03627
-1.02702
-1.01602
-1.006
-0.990472
-0.976253
-0.961912
-0.948413
-0.938778
-0.926617
-0.922428
-0.920188
-0.897064
-0.895643
-0.909248
-0.909182
-0.90775
-0.987629
-0.984116
-0.994692
-0.997375
-1.00597
-1.01715
-1.02785
-1.03493
-1.04263
-1.05178
-1.06418
-1.07384
-1.08324
-1.09197
-1.1004
-1.10752
-1.11229
-1.11401
-1.11217
-1.10671
-1.09788
-1.08639
-1.07373
-1.06128
-1.05011
-1.03827
-1.02431
-1.00926
-0.994836
-0.981802
-0.971402
-0.963828
-0.957521
-0.94693
-0.932314
-0.938697
-0.942983
-0.941203
-0.937395
-0.936367
-1.00715
-0.992679
-1.01001
-1.00842
-1.02717
-1.0338
-1.04296
-1.05462
-1.07075
-1.08209
-1.08785
-1.10524
-1.1141
-1.12307
-1.13186
-1.13857
-1.14227
-1.14303
-1.14001
-1.13325
-1.12332
-1.1115
-1.09826
-1.08441
-1.06872
-1.05422
-1.04009
-1.02602
-1.01378
-1.00467
-0.994011
-0.982685
-0.975547
-0.974063
-0.975427
-0.971477
-0.968834
-0.965524
-0.962834
-0.961992
-1.00467
-1.01016
-1.01927
-1.02818
-1.03956
-1.04458
-1.06207
-1.07516
-1.08373
-1.09625
-1.11192
-1.12255
-1.13184
-1.14185
-1.15084
-1.15707
-1.16077
-1.16126
-1.15769
-1.14987
-1.13895
-1.1262
-1.11264
-1.09843
-1.08394
-1.06992
-1.05665
-1.04376
-1.03279
-1.02427
-1.01667
-1.01074
-1.00724
-1.00253
-0.99966
-0.996147
-0.99219
-0.987814
-0.984854
-0.983484
-1.01812
-1.02596
-1.02743
-1.03565
-1.04788
-1.06043
-1.07252
-1.08652
-1.10122
-1.11567
-1.1245
-1.13281
-1.14133
-1.14991
-1.15678
-1.16085
-1.16245
-1.16174
-1.15787
-1.15042
-1.14026
-1.12835
-1.1163
-1.10383
-1.09053
-1.07936
-1.06865
-1.0581
-1.05146
-1.04701
-1.04232
-1.03646
-1.03284
-1.02956
-1.02635
-1.02266
-1.01819
-1.00961
-1.00337
-1.00434
-1.02761
-1.04051
-1.03663
-1.04664
-1.0602
-1.0737
-1.08735
-1.10554
-1.11731
-1.12549
-1.13357
-1.14149
-1.14847
-1.15406
-1.15693
-1.15664
-1.1543
-1.15137
-1.14656
-1.13976
-1.13187
-1.12368
-1.11481
-1.10576
-1.09097
-1.08852
-1.08035
-1.07666
-1.0728
-1.07125
-1.06733
-1.06353
-1.06025
-1.05741
-1.05505
-1.05293
-1.04749
-1.03614
-1.03315
-1.03295
-1.03748
-1.04761
-1.04742
-1.06852
-1.08075
-1.09229
-1.11255
-1.12117
-1.12954
-1.13812
-1.14526
-1.15095
-1.1552
-1.15751
-1.15631
-1.15212
-1.14736
-1.14202
-1.1363
-1.13049
-1.12525
-1.12055
-1.10389
-1.08399
-1.07905
-1.08897
-1.08533
-1.08749
-1.09015
-1.09229
-1.09244
-1.09022
-1.08686
-1.08415
-1.08255
-1.08237
-1.08272
-1.0756
-1.07083
-1.06861
-1.06098
-1.06436
-1.07454
-1.09718
-1.10676
-1.12459
-1.1312
-1.1387
-1.14631
-1.14936
-1.14147
-1.15712
-1.16071
-1.15991
-1.15564
-1.14873
-1.1411
-1.13384
-1.12813
-1.12473
-1.12368
-1.11715
-1.10775
-1.10316
-1.09892
-1.1014
-1.09737
-1.10113
-1.10572
-1.11076
-1.1137
-1.11308
-1.11067
-1.10847
-1.1071
-1.10698
-1.10777
-1.10787
-1.10426
-1.10115
-1.09093
-1.09684
-1.11587
-1.12549
-1.13732
-1.14927
-1.15606
-1.16515
-1.17394
-1.17441
-1.17776
-1.17993
-1.17974
-1.17701
-1.16804
-1.15829
-1.14667
-1.13636
-1.1293
-1.12494
-1.1237
-1.12618
-1.12133
-1.12013
-1.11951
-1.11469
-1.11343
-1.12148
-1.12478
-1.12995
-1.13268
-1.13388
-1.1322
-1.13041
-1.12904
-1.12848
-1.12862
-1.12906
-1.12899
-1.12199
-1.13037
-1.13713
-1.14915
-1.15723
-1.17499
-1.18552
-1.19349
-1.20431
-1.21468
-1.21891
-1.21921
-1.22206
-1.21616
-1.20316
-1.18909
-1.17625
-1.1634
-1.15296
-1.14298
-1.13639
-1.1329
-1.13196
-1.13436
-1.1401
-1.14419
-1.1318
-1.12369
-1.13912
-1.14772
-1.15197
-1.15448
-1.15442
-1.15308
-1.15108
-1.14907
-1.14748
-1.14707
-1.14676
-1.14868
-1.13895
-1.18173
-1.18828
-1.19206
-1.20437
-1.21283
-1.22328
-1.23253
-1.24257
-1.25169
-1.25852
-1.26207
-1.2635
-1.26025
-1.24543
-1.24161
-1.22317
-1.20192
-1.1813
-1.16593
-1.15534
-1.15851
-1.15503
-1.14987
-1.15331
-1.16042
-1.16894
-1.16978
-1.16815
-1.17329
-1.17706
-1.17877
-1.17856
-1.17457
-1.17159
-1.16923
-1.16725
-1.16637
-1.1661
-1.16341
-1.16339
-1.22565
-1.22703
-1.23426
-1.24359
-1.25213
-1.26067
-1.26911
-1.27717
-1.2841
-1.289
-1.29185
-1.29285
-1.29195
-1.28586
-1.27391
-1.26016
-1.24865
-1.23649
-1.22404
-1.21022
-1.19164
-1.18551
-1.18611
-1.1883
-1.19019
-1.19094
-1.18708
-1.19252
-1.1986
-1.20397
-1.20973
-1.20119
-1.19375
-1.19237
-1.19239
-1.1918
-1.19193
-1.18438
-1.18637
-1.17521
-1.23143
-1.26114
-1.27066
-1.27792
-1.28703
-1.29499
-1.30182
-1.3079
-1.31252
-1.31474
-1.31472
-1.3134
-1.30993
-1.30355
-1.29505
-1.28597
-1.27696
-1.26776
-1.25795
-1.24855
-1.24273
-1.22989
-1.20969
-1.21147
-1.21516
-1.21725
-1.22098
-1.23304
-1.23667
-1.23892
-1.25014
-1.24455
-1.23895
-1.23261
-1.22751
-1.22554
-1.22489
-1.21985
-1.21641
-1.20734
-1.24703
-1.28081
-1.29404
-1.3019
-1.31453
-1.32316
-1.33048
-1.33654
-1.34009
-1.34114
-1.33983
-1.3365
-1.33137
-1.32436
-1.31551
-1.30707
-1.29942
-1.2925
-1.287
-1.28288
-1.2777
-1.27303
-1.26916
-1.26896
-1.27435
-1.27486
-1.26469
-1.27312
-1.28143
-1.27953
-1.2849
-1.28052
-1.27801
-1.28069
-1.28434
-1.2728
-1.27533
-1.26483
-1.26174
-1.26515
-1.2931
-1.31139
-1.32122
-1.32717
-1.33793
-1.34869
-1.35788
-1.36436
-1.36681
-1.36529
-1.36106
-1.35545
-1.3488
-1.34144
-1.33423
-1.32699
-1.32031
-1.31534
-1.31179
-1.30981
-1.3077
-1.30587
-1.30652
-1.3061
-1.31071
-1.31634
-1.31984
-1.30432
-1.3326
-1.31586
-1.31391
-1.30526
-1.30983
-1.32215
-1.3218
-1.31281
-1.31065
-1.28908
-1.30502
-1.30577
-1.33122
-1.33277
-1.3357
-1.34452
-1.35456
-1.3638
-1.37155
-1.37602
-1.3766
-1.37378
-1.36876
-1.36351
-1.35822
-1.35284
-1.34841
-1.34164
-1.33126
-1.33791
-1.33254
-1.33256
-1.33267
-1.33426
-1.33861
-1.34659
-1.35112
-1.35692
-1.36245
-1.36031
-1.35899
-1.34281
-1.33166
-1.33402
-1.34106
-1.34709
-1.34618
-1.3414
-1.33768
-1.33977
-1.34388
-1.33902
-1.33415
-1.33348
-1.34188
-1.34504
-1.35699
-1.36415
-1.37011
-1.37385
-1.3749
-1.37395
-1.37178
-1.36885
-1.36564
-1.36179
-1.35749
-1.34341
-1.3318
-1.34934
-1.35213
-1.35103
-1.36022
-1.36194
-1.36709
-1.37413
-1.378
-1.38066
-1.38412
-1.38385
-1.37627
-1.36724
-1.3566
-1.36055
-1.36357
-1.36428
-1.3641
-1.3619
-1.36117
-1.36171
-1.36134
-1.35852
-1.3417
-1.34333
-1.34607
-1.35018
-1.35522
-1.36335
-1.37652
-1.37956
-1.38016
-1.37963
-1.37839
-1.37703
-1.3752
-1.37357
-1.37214
-1.36996
-1.36697
-1.37003
-1.37562
-1.3752
-1.38239
-1.38067
-1.39224
-1.39544
-1.39692
-1.39734
-1.39703
-1.39525
-1.39105
-1.38634
-1.38375
-1.385
-1.38259
-1.38448
-1.3833
-1.38235
-1.38188
-1.38153
-1.38171
-1.38031
-1.36654
-1.37024
-1.37754
-1.3828
-1.38723
-1.39029
-1.39081
-1.39151
-1.39213
-1.39219
-1.39202
-1.39213
-1.39273
-1.3914
-1.39194
-1.39258
-1.39354
-1.39703
-1.39998
-1.40036
-1.403
-1.40648
-1.41136
-1.4138
-1.41492
-1.41473
-1.4139
-1.41319
-1.40926
-1.40749
-1.40674
-1.40547
-1.4059
-1.40431
-1.40267
-1.40131
-1.40137
-1.40194
-1.40232
-1.40224
-1.38298
-1.39896
-1.39729
-1.40087
-1.40098
-1.40166
-1.40582
-1.40932
-1.4109
-1.41189
-1.41332
-1.41366
-1.41035
-1.41514
-1.41806
-1.41706
-1.42209
-1.42476
-1.423
-1.42148
-1.42305
-1.4264
-1.42953
-1.43259
-1.4345
-1.43432
-1.43362
-1.43295
-1.43164
-1.43055
-1.42928
-1.42855
-1.42618
-1.42529
-1.42344
-1.41929
-1.42135
-1.42184
-1.42241
-1.42258
-1.42004
-1.41488
-1.41807
-1.42572
-1.42665
-1.4281
-1.42694
-1.4336
-1.42956
-1.43853
-1.42797
-1.42992
-1.44079
-1.45119
-1.45281
-1.44859
-1.44731
-1.44471
-1.4457
-1.4444
-1.44548
-1.44776
-1.44759
-1.44998
-1.45392
-1.45401
-1.45401
-1.45322
-1.45212
-1.45134
-1.44884
-1.44762
-1.44679
-1.44445
-1.44169
-1.43088
-1.43768
-1.4422
-1.44301
-1.44335
-1.45328
-1.45265
-1.44972
-1.45852
-1.46244
-1.4596
-1.45607
-1.46062
-1.4635
-1.46264
-1.46405
-1.46915
-1.47445
-1.47594
-1.47506
-1.47354
-1.47207
-1.47069
-1.47024
-1.46923
-1.46877
-1.47006
-1.469
-1.47079
-1.47333
-1.47435
-1.47457
-1.47414
-1.47295
-1.4721
-1.47018
-1.46892
-1.4669
-1.46529
-1.46337
-1.45881
-1.45871
-1.46277
-1.46517
-1.46547
-1.49511
-1.47796
-1.48026
-1.48781
-1.48944
-1.49233
-1.48535
-1.4927
-1.49156
-1.48984
-1.49065
-1.49239
-1.49325
-1.4938
-1.49283
-1.49197
-1.4922
-1.49192
-1.49186
-1.49051
-1.48993
-1.49148
-1.4894
-1.49118
-1.49286
-1.49369
-1.494
-1.49374
-1.49313
-1.49232
-1.49212
-1.49071
-1.48998
-1.48863
-1.48506
-1.48421
-1.48425
-1.48726
-1.48781
-1.48829
-1.52324
-1.524
-1.50076
-1.51837
-1.52343
-1.52418
-1.52292
-1.52238
-1.51781
-1.51575
-1.51654
-1.5147
-1.51237
-1.51219
-1.51136
-1.5106
-1.513
-1.5126
-1.5127
-1.5129
-1.51218
-1.51157
-1.50954
-1.51209
-1.5125
-1.51295
-1.51301
-1.51273
-1.51266
-1.51288
-1.51296
-1.51158
-1.50698
-1.50322
-1.50676
-1.51017
-1.51117
-1.51047
-1.5096
-1.50956
-1.545
-1.54497
-1.54498
-1.5448
-1.54701
-1.54947
-1.54626
-1.54308
-1.54082
-1.53908
-1.538
-1.537
-1.53455
-1.53397
-1.53351
-1.53548
-1.536
-1.5351
-1.53521
-1.53452
-1.53201
-1.53304
-1.53245
-1.5325
-1.53212
-1.53301
-1.53313
-1.53236
-1.53315
-1.53394
-1.53437
-1.53455
-1.53483
-1.5359
-1.53541
-1.53372
-1.53142
-1.53069
-1.53085
-1.53115
-1.56065
-1.56105
-1.56134
-1.56076
-1.5626
-1.56414
-1.56419
-1.56324
-1.56161
-1.5601
-1.55938
-1.5595
-1.55974
-1.55941
-1.55924
-1.55843
-1.55765
-1.55685
-1.55642
-1.55555
-1.5539
-1.55285
-1.55383
-1.55333
-1.5534
-1.55432
-1.5556
-1.5557
-1.55674
-1.55832
-1.55774
-1.55645
-1.55531
-1.55342
-1.55139
-1.55059
-1.55093
-1.55157
-1.55301
-1.55302
-1.57854
-1.57857
-1.57929
-1.58068
-1.58205
-1.58267
-1.58274
-1.58231
-1.58131
-1.58048
-1.58014
-1.58015
-1.58032
-1.58029
-1.57995
-1.5794
-1.57873
-1.57817
-1.57764
-1.57699
-1.57576
-1.57472
-1.57523
-1.57426
-1.57432
-1.57505
-1.5763
-1.57797
-1.57987
-1.58117
-1.58162
-1.58168
-1.58236
-1.57983
-1.57705
-1.57371
-1.57096
-1.57343
-1.57736
-1.57638
-1.5996
-1.59954
-1.60018
-1.60116
-1.60248
-1.60347
-1.60382
-1.60374
-1.603
-1.60222
-1.60179
-1.60161
-1.60151
-1.60131
-1.601
-1.60062
-1.60029
-1.59997
-1.59972
-1.59927
-1.59845
-1.59722
-1.59566
-1.59554
-1.59506
-1.59592
-1.59761
-1.59986
-1.60277
-1.60618
-1.60978
-1.60745
-1.60786
-1.60777
-1.60608
-1.60342
-1.60172
-1.60151
-1.60551
-1.60187
-1.62015
-1.62192
-1.62273
-1.62408
-1.6257
-1.62697
-1.62724
-1.62687
-1.62609
-1.62519
-1.62434
-1.62352
-1.62316
-1.62268
-1.62217
-1.62169
-1.62131
-1.6211
-1.62107
-1.62099
-1.62064
-1.62079
-1.61932
-1.61839
-1.61959
-1.62028
-1.62202
-1.62424
-1.6273
-1.63132
-1.63595
-1.63879
-1.63555
-1.63605
-1.63653
-1.63779
-1.6364
-1.63505
-1.63303
-1.63164
-1.64558
-1.64649
-1.64695
-1.6477
-1.64912
-1.65154
-1.65139
-1.65058
-1.64947
-1.64822
-1.64705
-1.64591
-1.64501
-1.64409
-1.64333
-1.64273
-1.64245
-1.64259
-1.64317
-1.64393
-1.64447
-1.64482
-1.6441
-1.64298
-1.64476
-1.64531
-1.6466
-1.64853
-1.65191
-1.65461
-1.65796
-1.6618
-1.66389
-1.66483
-1.66453
-1.66274
-1.65917
-1.65621
-1.65413
-1.6527
-1.67209
-1.67238
-1.67267
-1.67334
-1.6748
-1.67647
-1.6753
-1.674
-1.67249
-1.67085
-1.66924
-1.66776
-1.66642
-1.66536
-1.66452
-1.66381
-1.66373
-1.66451
-1.66621
-1.66537
-1.66785
-1.67006
-1.67008
-1.67023
-1.67004
-1.67024
-1.67143
-1.67213
-1.67359
-1.67534
-1.67738
-1.67879
-1.67992
-1.68052
-1.68019
-1.67905
-1.6769
-1.67381
-1.67228
-1.67116
-1.69761
-1.6979
-1.69669
-1.6971
-1.69959
-1.70024
-1.69862
-1.69684
-1.69513
-1.69331
-1.69154
-1.69003
-1.68885
-1.68791
-1.68693
-1.68603
-1.68592
-1.68702
-1.68686
-1.68859
-1.6951
-1.69583
-1.69549
-1.69511
-1.69481
-1.69463
-1.69476
-1.69504
-1.69522
-1.6952
-1.69536
-1.69568
-1.69573
-1.69528
-1.69485
-1.69413
-1.69289
-1.6919
-1.69135
-1.69122
-1.72049
-1.72067
-1.72125
-1.72102
-1.72274
-1.72136
-1.7198
-1.7184
-1.71707
-1.71578
-1.71441
-1.71313
-1.71214
-1.71152
-1.71033
-1.70727
-1.70941
-1.71166
-1.71352
-1.71602
-1.72038
-1.72083
-1.71991
-1.719
-1.71828
-1.71769
-1.71726
-1.71672
-1.71614
-1.7154
-1.71418
-1.71407
-1.7124
-1.71287
-1.70987
-1.7111
-1.71167
-1.71117
-1.71109
-1.71108
-1.7405
-1.74057
-1.74121
-1.74146
-1.74121
-1.74059
-1.73986
-1.73913
-1.73868
-1.73767
-1.73547
-1.7354
-1.73565
-1.73582
-1.73609
-1.7333
-1.73427
-1.73715
-1.74016
-1.74206
-1.74272
-1.74193
-1.74113
-1.74077
-1.74047
-1.74015
-1.7398
-1.73894
-1.73756
-1.73581
-1.73383
-1.73244
-1.73087
-1.72312
-1.72005
-1.73143
-1.73085
-1.73033
-1.73131
-1.73088
-1.75967
-1.75995
-1.76059
-1.76079
-1.76083
-1.7605
-1.76036
-1.7601
-1.76011
-1.75973
-1.75848
-1.75885
-1.75953
-1.76032
-1.75975
-1.76183
-1.7579
-1.76302
-1.76253
-1.76284
-1.763
-1.76283
-1.76207
-1.75776
-1.76022
-1.76173
-1.76222
-1.76112
-1.75927
-1.7573
-1.75502
-1.75345
-1.74987
-1.74866
-1.75005
-1.75313
-1.75034
-1.75142
-1.75011
-1.74952
-1.77847
-1.77957
-1.78045
-1.78097
-1.78125
-1.78124
-1.78115
-1.78136
-1.78147
-1.78182
-1.7822
-1.78203
-1.78283
-1.78344
-1.78369
-1.78249
-1.78317
-1.78358
-1.78369
-1.78394
-1.78396
-1.78388
-1.78268
-1.77824
-1.77884
-1.78261
-1.78477
-1.78354
-1.78184
-1.78008
-1.77803
-1.77251
-1.77266
-1.77597
-1.77735
-1.77434
-1.77434
-1.77337
-1.77312
-1.77308
-1.79589
-1.79901
-1.80028
-1.80122
-1.80185
-1.80227
-1.80243
-1.80278
-1.80299
-1.80353
-1.80448
-1.80233
-1.80259
-1.8056
-1.80468
-1.80407
-1.8042
-1.8047
-1.80472
-1.80564
-1.8058
-1.80609
-1.80579
-1.80481
-1.80638
-1.80845
-1.81047
-1.80606
-1.80483
-1.80229
-1.79583
-1.79952
-1.80438
-1.8034
-1.80022
-1.7995
-1.80012
-1.79715
-1.79734
-1.79711
-1.81631
-1.81919
-1.82051
-1.82166
-1.82253
-1.82311
-1.82346
-1.82382
-1.82413
-1.82443
-1.82472
-1.82627
-1.82652
-1.82581
-1.82523
-1.82513
-1.82554
-1.82559
-1.82661
-1.82733
-1.82795
-1.82883
-1.83
-1.82816
-1.83091
-1.83404
-1.83344
-1.82982
-1.82844
-1.82291
-1.82784
-1.82704
-1.82566
-1.8243
-1.82356
-1.82381
-1.82183
-1.82257
-1.82109
-1.82135
-1.83718
-1.84024
-1.84133
-1.84239
-1.84308
-1.84379
-1.84437
-1.84475
-1.84519
-1.84558
-1.84593
-1.84614
-1.8462
-1.84598
-1.84596
-1.84599
-1.84613
-1.84694
-1.8477
-1.84856
-1.84958
-1.85071
-1.85228
-1.84908
-1.85647
-1.85552
-1.85277
-1.85059
-1.84889
-1.84778
-1.84681
-1.84587
-1.84471
-1.84459
-1.84496
-1.84132
-1.84262
-1.84323
-1.8431
-1.84364
-1.85813
-1.8604
-1.86177
-1.86298
-1.86377
-1.86446
-1.86499
-1.86544
-1.86579
-1.86615
-1.86653
-1.86687
-1.86699
-1.86679
-1.86651
-1.86658
-1.8671
-1.86741
-1.86778
-1.86821
-1.86865
-1.86937
-1.87108
-1.87212
-1.87168
-1.87071
-1.86913
-1.86803
-1.86713
-1.86628
-1.86608
-1.86648
-1.86456
-1.86338
-1.86461
-1.86538
-1.86564
-1.86566
-1.86563
-1.86577
-1.87791
-1.88028
-1.88284
-1.88458
-1.88556
-1.88591
-1.88622
-1.88657
-1.88678
-1.88707
-1.88744
-1.88778
-1.88802
-1.8878
-1.88745
-1.88779
-1.88783
-1.88781
-1.88789
-1.88806
-1.88839
-1.88924
-1.89004
-1.89031
-1.88925
-1.88799
-1.88648
-1.88517
-1.88492
-1.8853
-1.88616
-1.88699
-1.88731
-1.88735
-1.88795
-1.88774
-1.88768
-1.88754
-1.88751
-1.88752
-1.90726
-1.91053
-1.91111
-1.91009
-1.90929
-1.90871
-1.90835
-1.90814
-1.9082
-1.90836
-1.90868
-1.90902
-1.90932
-1.90952
-1.9092
-1.90923
-1.90902
-1.90884
-1.90878
-1.90894
-1.90944
-1.91035
-1.91141
-1.91094
-1.91061
-1.91006
-1.91029
-1.90959
-1.9092
-1.90921
-1.90931
-1.90933
-1.90973
-1.90982
-1.90971
-1.90946
-1.90937
-1.90928
-1.90923
-1.9092
-1.92871
-1.93162
-1.93311
-1.93338
-1.93261
-1.93178
-1.9311
-1.93062
-1.93031
-1.93023
-1.93035
-1.93054
-1.93071
-1.93084
-1.93079
-1.93056
-1.93027
-1.93007
-1.93001
-1.93015
-1.93056
-1.93125
-1.93207
-1.93247
-1.93345
-1.93477
-1.93392
-1.93262
-1.93172
-1.93126
-1.93108
-1.93107
-1.93114
-1.93113
-1.93108
-1.931
-1.93094
-1.93088
-1.93083
-1.93075
-1.95996
-1.96732
-1.9628
-1.96041
-1.95823
-1.95647
-1.95509
-1.95407
-1.95332
-1.95277
-1.95244
-1.9523
-1.95226
-1.95225
-1.95224
-1.95215
-1.952
-1.95182
-1.95169
-1.9517
-1.95194
-1.95244
-1.95323
-1.95422
-1.95544
-1.95644
-1.95558
-1.95447
-1.9535
-1.95291
-1.95259
-1.95247
-1.95247
-1.95251
-1.95252
-1.95252
-1.95249
-1.95243
-1.95235
-1.9522
510.2
509.161
510.347
503.497
495.521
484.268
476.175
469.69
450.557
435.988
424.837
415.884
409.307
402.119
398.769
397.914
397.393
399.258
400.544
397.791
390.669
383.306
376.392
370.377
366.535
365.17
368.863
365.79
367.78
368.718
370.48
378.554
376.999
373.385
388.051
385.936
388.146
379.71
377.004
371.814
489.43
489.613
487.417
484.703
473.771
462.829
460.855
445.732
436.904
404.291
405.538
400.292
396.178
392.046
389.195
388.401
389.838
391.419
389.139
397.531
380.433
378.015
363.742
359.595
351.963
349.274
349.844
362.931
369.649
378.886
374.266
360.985
344.098
337.985
361.586
375.68
374.241
368.86
364.703
359.241
466.456
466.904
464.223
460.75
452.468
444.157
441.592
427.446
421.036
404.75
394.925
394.976
392.194
381.328
380.661
383.545
380.054
383.309
382.478
380.333
372.156
366.33
361.982
351.151
366.753
357.153
352.582
337.973
330.341
336.666
338.926
336.894
334.532
344.1
356.985
368.899
358.825
350.093
347.622
344.691
437.365
437.834
436.013
431.792
426.208
421.995
421.152
415.818
394.964
391.54
381.62
375.529
375.413
371.263
365.463
358.439
362.703
359.378
358.175
358.964
360.055
362.549
364.801
366.204
361.346
341.193
337.952
318.599
286.562
271.22
266.508
262.591
264.503
282.93
304.817
318.42
308.11
310.181
313.717
304.136
408.067
406.961
404.594
400.7
396.095
391.978
387.621
381.383
384.242
362.094
356.545
364.531
365.288
357.048
348.551
344.116
339.588
335.365
338.053
340.984
348.09
352.874
355.055
359.808
346.161
320.296
311.417
292.854
258.692
261.474
260.457
261.608
263.981
266.895
276.115
299.351
290.193
291.721
286.039
284.469
376.497
374.008
369.106
363.718
363.09
356.749
356.207
351.175
343.988
346.986
343.585
334.225
352.022
346.979
338.515
337.634
335.783
334.84
335.12
332.616
333.383
333.548
326.646
317.451
311.655
294.71
280.489
274.735
257.263
257.347
258.206
260.748
263.503
264.95
265.855
267.861
283.636
277.322
281.859
281.985
348.665
345.476
341.848
337.249
333.86
332.494
331.892
333.625
331.542
326.037
332.811
330.901
320.932
331.19
332.713
331.515
332.137
331.163
332.369
332.934
326.755
321.784
308.819
274.463
282.66
276.881
269.774
259.892
257.945
259.621
260.718
261.719
263.669
265.702
267.185
267.963
268.112
274.829
282.372
279.51
329.671
327.209
324.396
321.715
317.794
315.371
316.148
317.025
314.354
313.747
316.855
316.894
310.904
310.501
329.796
320.226
324.165
325.367
325.039
325.482
320.405
312.448
304.413
288.118
277.351
273.342
270.193
267.279
265.994
265.649
264.955
265.007
269.32
266.955
266.389
266.852
267.286
270.253
276.784
274.38
317.731
315.772
312.62
310.797
308.723
304.735
302.745
297.486
295.643
302.679
307.728
305.223
304.791
309.901
311.864
314.419
319.584
322.905
319.64
314.394
329.002
309.818
297.584
285.621
274.378
273.525
271.34
271.515
271.098
269.237
266.611
266.531
268.099
270.198
268.845
267.462
267.761
268.938
270.681
272.939
308.616
307.242
306.196
303.707
300.986
297.399
293.595
295.439
296.975
300.265
304.542
301.564
301.084
300.592
299.564
304.997
308.529
298.499
297.338
296.427
288.919
291.244
265.889
267.712
270.943
272.646
271.303
269.606
269.143
267.754
264.471
261.236
263.978
266.263
266.962
267.623
268.598
269.694
270.133
272.269
300.385
299.285
299.934
298.271
296.137
293.563
295.173
295.471
295.329
295.367
301.307
295.124
290.997
287.819
285.616
283.073
279.892
275.604
269.061
259.875
254.352
261.053
250.287
251.484
258.579
266.51
263.884
264.849
266.077
264.828
263.56
263.098
264.186
265.654
265.936
266.497
267.216
267.826
268.868
270.976
291.402
291.649
290.522
289.531
289.025
285.303
290.795
291.013
285.838
284.452
285.331
281.555
277.355
274.051
270.438
266.106
260.016
251.16
246.154
242.934
242.657
242.037
242.395
243.869
240.237
246.029
258.927
264.369
264.755
264.488
263.626
262.083
262.691
264.121
263.331
265.34
265.7
265.842
267.758
268.641
280.983
283.774
278.768
277.568
277.775
273.7
275.272
281.331
278.307
278.419
275.677
270.628
265.544
261.133
255.517
247.322
237.354
240.501
242.105
241.469
239.674
235.906
231.883
226.483
230.373
243.511
253.813
257.171
259.986
263.882
260.294
258.065
255.692
254.988
258.342
258.53
257.429
257.23
256.453
256.304
270.428
270.172
265.778
267.412
268.899
269.365
269.74
269.04
270.365
252.197
257.896
257.697
255.247
252.02
247.253
240.641
233.685
240.449
240.261
239.375
237.839
235.118
227.95
228.739
225.933
225.596
227.113
228.322
230.107
231.86
233.474
234.566
235.493
236.54
238.722
240.03
238.767
238.765
239.003
242.644
265.711
261.282
257.66
260.139
262.093
262.918
260.11
259.353
258.515
251.315
249.823
248.09
247.88
244.856
241.729
237.822
232.099
236.977
242.018
236.058
231.613
227.918
223.884
216.032
205.961
201.883
203.282
204.582
206.064
207.092
206.982
205.893
205.131
206.523
209.615
212.022
213.443
213.107
214.456
216.624
269.852
261.119
272.344
256.547
258.03
258.309
254.944
258.309
256.426
253.546
252.333
249.226
245.519
243.911
239.105
232.988
228.946
227.603
226.312
218.344
199.162
184.484
177.603
172.436
172.012
169.63
166.675
170.896
177.303
182.397
183.049
179.555
173.995
173.735
180.759
189.14
190.955
196.521
197.643
196.659
277.23
261.239
262.777
256.325
259.005
261.544
264.488
260.128
257.101
255.831
252.774
248.063
246.694
243.207
237.398
232.36
230.109
226.936
220.222
205.761
194.314
183.162
172.4
165.054
162.59
160.163
159.017
161.003
163.373
167.667
168.295
168.749
167.48
165.33
164.609
176.222
179.348
176.83
179.125
174.442
252.684
251.204
251.246
251.274
253.928
248.542
268.407
260.976
250.35
259.662
248.387
245.165
244.124
234.548
229.649
224.638
217.084
212.818
205.223
194.178
186.226
183.102
173.502
165.669
162.891
162.65
163.152
163.863
164.986
167.116
168.682
169.044
168.817
169.398
170.594
167.439
166.156
171.279
161.106
159.774
248.545
246.528
247.065
248.147
249.811
249.199
245.511
252.568
242.612
254.338
243.075
237.243
233.324
231.725
228.524
225.097
216.753
209.879
196.446
191.349
184.958
179.276
173.213
165.55
165.214
165.311
165.996
167.192
168.785
169.693
169.822
170.619
171.625
171.593
171.615
171.013
168.659
168.321
164.985
154.127
247.587
245.893
246.337
241.282
242.617
244.338
240.181
243.562
242.847
242.123
238.085
233.535
226.198
217.874
218.548
208.057
208.471
205.989
190.082
181.967
176.503
173.374
170.4
167.834
164.957
164.758
167.495
169.924
171.41
173.251
174.649
175.588
174.893
172.462
179.566
172.839
181.757
179.114
172.076
162.208
241.11
237.984
232.301
230.385
231.602
231.268
229.576
228.029
233.011
231.103
224.889
216.692
210.884
205.143
197.433
189.693
182.822
177.323
170.847
165.599
161.237
158.068
156.658
157.906
159.809
162.717
167.564
170.57
172.005
176.048
179.65
182.496
182.859
185.503
202.171
203.175
203.473
211.911
192.201
182.081
217.493
216.634
215.499
213.267
215.06
212.963
216.26
214.857
215.997
213.784
207.655
202.368
192.6
183.692
176.322
168.976
162.062
156.638
152.087
147.843
143.747
140.363
138.566
139.038
141.624
145.311
168.994
170.563
183.647
178.709
193.392
196.617
194.917
208.372
224.995
237.441
241.972
240.112
235.264
215.949
203.372
201.941
200.632
199.314
201.688
203.89
203.845
202.968
199.99
195.807
188.916
179.805
171.56
162.486
151.203
143.917
138.333
133.997
130.537
127.451
124.105
120.699
117.868
116.263
119.321
126.532
143.275
148.826
171.054
176.301
214.644
206.636
213.382
232.613
252.268
269.887
282.305
284.503
277.55
248.402
185.223
183.899
182.867
182.951
182.425
183.132
185.144
185.675
175.745
170.155
161.007
150.096
139.47
141.458
124.132
118.044
113.577
110.718
108.285
105.858
103.269
101.023
98.0709
95.184
100.104
111.58
125.347
141.072
159.817
176.505
205.863
203.267
223.871
246.795
269.669
290.996
311.673
319.445
311.144
250.729
162.843
161.029
157.765
156.777
154.596
153.788
151.228
146.706
139.699
131.791
124.024
115.48
106.811
96.8716
86.5235
78.8529
80.2627
84.0666
85.3433
84.4943
82.3939
79.6114
77.3485
76.2712
80.7261
92.5229
108.102
124.439
143.412
166.538
178.409
199.234
221.48
246.111
272.825
302.044
330.026
350.002
306.486
224.906
142.409
138.308
141.649
141.121
133.848
129.636
125.334
119.595
112.788
104.989
96.3313
86.2978
77.7829
68.9436
61.7526
68.4831
68.6876
64.2282
63.6305
61.7446
59.0686
56.3244
53.405
53.5175
60.6638
73.6914
87.1276
108.091
128.508
139.612
158.015
176.168
193.363
211.085
231.35
248.025
258.044
277.096
250.794
181.645
120.663
119.147
122.462
117.078
110.804
108.334
103.921
98.5434
91.3314
84.0258
75.5223
66.6153
68.7334
63.9702
60.0537
57.8936
57.0359
55.6739
50.2105
45.2414
41.0047
39.1041
38.8374
41.036
48.6843
62.5616
76.5114
89.4851
102.381
114.811
128.508
140.888
150.675
157.16
161.296
153.822
170.091
155.414
157.044
137.016
103.023
100.968
96.3532
96.5481
94.5674
91.7808
88.3688
80.2126
73.7379
66.9675
59.9105
52.3344
46.8127
48.5932
47.174
46.2202
44.782
41.6245
36.0542
30.7026
26.0915
25.6766
30.0664
41.0495
48.9822
56.4282
65.2461
73.3603
80.3485
91.3759
100.525
107.788
112.832
110.32
101.34
97.2054
93.7805
86.5862
80.6143
83.0633
79.9741
79.7574
78.9768
73.8076
70.3661
74.2964
68.7537
64.2849
58.8622
52.9926
47.0867
41.0697
36.576
36.1861
36.266
30.8795
31.4409
28.0459
16.651
15.8459
16.476
18.4533
24.2696
37.4308
42.9467
48.6915
52.0701
56.4614
62.5698
66.0076
72.469
79.2762
78.7499
74.0309
62.5778
60.1499
50.2089
43.9148
39.6401
37.5751
75.0286
71.7756
66.1551
60.1977
59.8233
59.4245
53.2105
45.185
39.6617
35.8449
31.4152
25.6545
21.1784
20.1176
20.3692
21.0323
20.4228
18.0343
16.5365
11.1907
8.56443
12.243
18.9593
24.228
29.5
35.962
41.1826
40.7926
37.9753
46.2348
46.3726
47.4715
47.8613
45.9653
50.9759
43.2474
34.2241
26.7293
24.0934
23.2036
73.2945
71.6808
64.4801
45.0907
21.0299
1.05326
0.641265
2.27138
7.79088
11.2119
10.7386
5.57173
2.12229
2.6121
4.8167
8.09372
11.0083
11.3407
10.9661
10.9284
8.76836
14.7777
18.7677
22.1208
24.4804
26.0424
27.57
28.5712
27.5921
31.9414
37.2887
36.5933
36.2888
33.6297
36.278
41.9156
28.0793
19.5565
21.6041
14.7267
41.1076
37.4771
39.5398
12.4237
2.47202
1.43482
0.662856
0.857863
-0.493401
-2.85076
-3.30652
-6.73447
-9.40711
-9.81963
-7.97559
-4.47238
-0.104429
5.12396
5.56094
-2.54606
4.30489
11.2145
13.3393
13.8805
14.1591
14.2854
15.482
18.9399
23.0702
23.444
25.9129
28.9552
29.3167
25.9011
25.6485
30.651
16.562
13.4668
12.3439
4.74003
18.73
10.1358
8.34365
0.725713
0.202214
0.0920494
0.0606201
0.0504525
-0.0276032
-0.652154
-3.41443
-6.48473
-8.16635
-7.9023
-6.2087
-4.2867
-3.29421
0.809111
0.580607
3.52716
2.80822
3.50252
2.96349
2.09051
2.25047
0.934453
0.673523
4.14772
9.78456
16.5427
16.5865
24.5469
26.6746
17.9502
24.0078
19.9295
9.65224
6.25997
3.15062
-0.483437
12.5702
-1.10227
-0.679496
0.165531
0.00705918
0.000234134
-0.036965
-0.0656314
-0.0939337
-0.143285
-0.443247
-1.49012
-4.21468
-6.51697
-9.77802
-12.9199
2.51703
1.83839
1.5845
1.45429
0.992789
0.419777
-0.136455
-0.66511
-0.974631
-1.01145
-0.818142
-1.11574
-1.02387
-1.93762
7.22203
7.61479
11.7733
13.3339
6.9571
5.85734
7.55443
7.0329
3.49885
6.75635
20.4005
5.13355
-1.24504
-0.329901
-0.227704
-0.177633
-0.186063
-0.196106
-0.21654
-0.265979
-0.4184
-0.538558
-2.1163
-2.89735
-3.45046
-8.05757
-4.74181
0.886535
0.792609
0.67692
0.49921
0.299364
-0.484166
-1.30737
-1.97663
-1.90311
-1.35222
-0.812423
-0.697035
-3.50164
-0.853757
6.31209
6.75446
3.29774
7.84539
9.50907
9.74222
9.69175
10.4172
9.9779
15.3642
-0.916238
-1.04577
-0.655606
-0.437794
-0.373832
-0.354496
-0.351243
-0.362249
-0.379073
-0.454786
-0.851738
-0.377473
4.68994
6.10556
3.72241
-1.91705
-3.93068
0.994694
1.03257
0.55126
-0.0566129
-0.898961
-1.5162
-1.71521
-1.56225
-0.865434
0.15079
0.380242
-3.34529
-0.628128
10.5211
6.68677
8.55561
9.75259
10.1916
10.6223
11.5798
10.3762
9.9879
4.06868
-0.679547
-0.688092
-0.639595
-0.575951
-0.542883
-0.525293
-0.519679
-0.522635
-0.509059
-0.464914
-0.597514
-0.750958
-0.0875357
1.98815
4.89097
10.9321
8.01567
6.869
6.14858
-4.08639
-2.22434
-2.79113
-2.44923
0.100705
8.00261
0.266801
0.921493
2.40681
-1.59196
3.38996
18.5264
6.60716
10.2957
10.6833
11.3363
11.5441
11.831
16.6426
17.1487
1.6319
-0.529906
-0.555602
-0.605705
-0.642084
-0.660976
-0.665601
-0.66648
-0.670235
-0.671448
-0.613687
-0.647021
-0.541281
-0.403068
-0.622188
-1.0511
-0.467213
0.528002
9.17345
12.9726
8.93103
15.9546
10.6367
9.17864
10.6378
9.9446
5.79683
-3.90025
-6.35698
1.3836
3.60106
6.21683
11.2793
11.6171
10.3463
8.28632
8.47562
13.3488
14.1945
10.2949
-0.231706
-0.530789
-0.548924
-0.626796
-0.691042
-0.743321
-0.778398
-0.801677
-0.786436
-0.769899
-0.74514
-0.725937
-0.681893
-0.64385
-0.664878
-0.597742
-0.498663
-0.608291
-0.911943
-0.873012
-0.278538
1.64378
5.82506
8.05902
7.37745
10.9941
14.167
19.4389
25.7619
31.5281
21.5469
7.40292
0.75565
-2.10017
12.3115
11.5611
14.1855
12.4832
8.86535
14.553
0.253102
-0.584078
-0.590543
-0.66957
-0.749311
-0.818604
-0.87247
-0.891122
-0.89742
-0.918333
-0.893534
-0.849445
-0.784526
-0.751722
-0.770175
-0.817938
-0.848958
-0.881499
-0.753324
-0.692109
-0.689671
-0.70266
-0.712447
-0.733836
-0.434107
0.722377
2.85589
2.396
1.95394
4.46078
9.60043
10.7998
12.0384
9.90187
2.37299
-0.0143797
-1.19574
-0.341936
0.830335
4.36115
9.85807
-0.630075
-0.624261
-0.715496
-0.803587
-0.885727
-0.94587
-0.917755
-1.01663
-1.0114
-1.00742
-0.996544
-0.87832
-0.825893
-0.774613
-0.772405
-0.773091
-0.740397
-0.738073
-0.714862
-0.682014
-0.713454
-0.686541
-0.67431
-0.675064
-0.686449
-0.688623
-0.688988
-0.687415
-0.651558
-0.393598
0.307446
0.608295
0.197865
-0.592159
-0.521592
-0.575048
-0.494169
-0.395724
-0.359251
20.0823
-0.727956
-0.713186
-0.789926
-0.861454
-0.934065
-0.983202
-1.04127
-1.06626
-1.0708
-1.06216
-1.04692
-0.909774
-0.808144
-0.807845
-0.798415
-0.791073
-0.784083
-0.727853
-0.728325
-0.708375
-0.695548
-0.710732
-0.708061
-0.710347
-0.71702
-0.722669
-0.741532
-0.759895
-0.797976
-0.826929
-0.803667
-0.753152
-0.734018
-0.701413
-0.664547
-0.616505
-0.571728
-0.546036
-0.525111
20.0227
0.18948
-0.776834
-0.857241
-0.907173
-0.955522
-0.988003
-1.06402
-1.09465
-1.11006
-1.09846
-1.06303
-0.979712
-0.851878
-0.813182
-0.797849
-0.79208
-0.782822
-0.762205
-0.72257
-0.708611
-0.716293
-0.723581
-0.711174
-0.718767
-0.724364
-0.73442
-0.751954
-0.768074
-0.782918
-0.797533
-0.799509
-0.7895
-0.775277
-0.748095
-0.719419
-0.683716
-0.65171
-0.635907
-0.62198
15.8729
1.21291
-0.845179
-0.909559
-0.932999
-0.960994
-1.00331
-1.04516
-1.07826
-1.09682
-1.08446
-1.03739
-0.96152
-0.876368
-0.838584
-0.820565
-0.81607
-0.808933
-0.787423
-0.757255
-0.758836
-0.756209
-0.757762
-0.753495
-0.748255
-0.750497
-0.753162
-0.764809
-0.782503
-0.797922
-0.808482
-0.813652
-0.812673
-0.80478
-0.790792
-0.772685
-0.749589
-0.727795
-0.711529
-0.696692
-0.634454
-1.35424
-0.949801
-0.994447
-0.963885
-0.954326
-0.967614
-0.99046
-1.01264
-1.02312
-1.01186
-0.982274
-0.923693
-0.879877
-0.879491
-0.863821
-0.858005
-0.852798
-0.837008
-0.828859
-0.80959
-0.823012
-0.81056
-0.800257
-0.789834
-0.781663
-0.784064
-0.795268
-0.810237
-0.827604
-0.845213
-0.856539
-0.857677
-0.851129
-0.84066
-0.828975
-0.815317
-0.802049
-0.790855
-0.780534
-1.01026
-1.04239
-1.0337
-0.987485
-0.947374
-0.917966
-0.908518
-0.912792
-0.924612
-0.934238
-0.933138
-0.931431
-0.903686
-0.901229
-0.904843
-0.903214
-0.897473
-0.887961
-0.880512
-0.868289
-0.857992
-0.859963
-0.859708
-0.850212
-0.839133
-0.828311
-0.825294
-0.842368
-0.856079
-0.87017
-0.88391
-0.894556
-0.899279
-0.897697
-0.892373
-0.88547
-0.877534
-0.871405
-0.86945
-0.871864
-0.955131
-0.975738
-0.963708
-0.924705
-0.88133
-0.857318
-0.84805
-0.84707
-0.856389
-0.864313
-0.860718
-0.876697
-0.897471
-0.899795
-0.905619
-0.911215
-0.913957
-0.911436
-0.905378
-0.899029
-0.892538
-0.889502
-0.894643
-0.894952
-0.885635
-0.879306
-0.877751
-0.889753
-0.902648
-0.908332
-0.916165
-0.924266
-0.930383
-0.932662
-0.931742
-0.928655
-0.92511
-0.925109
-0.93078
-0.944104
-0.90735
-0.91604
-0.906869
-0.876904
-0.847199
-0.830232
-0.822554
-0.837732
-0.843184
-0.860024
-0.834772
-0.883649
-0.907076
-0.915459
-0.921186
-0.925094
-0.925877
-0.924405
-0.92184
-0.921016
-0.918773
-0.916742
-0.926686
-0.932007
-0.927278
-0.924834
-0.926859
-0.941609
-0.940926
-0.938758
-0.942357
-0.948621
-0.954269
-0.9582
-0.959454
-0.958096
-0.955182
-0.954488
-0.935847
-0.972688
-0.893219
-0.907723
-0.902528
-0.875956
-0.871395
-0.878914
-0.881728
-0.881227
-0.882348
-0.871623
-0.890992
-0.913218
-0.922723
-0.929271
-0.934215
-0.936767
-0.937216
-0.936738
-0.937082
-0.937538
-0.945303
-0.947563
-0.94953
-0.955353
-0.961428
-0.969125
-0.976807
-0.978047
-0.971087
-0.967278
-0.967225
-0.970435
-0.975292
-0.980466
-0.984149
-0.983731
-0.976346
-0.964564
-0.965354
-0.99631
-0.922318
-0.922998
-0.921981
-0.924555
-0.915935
-0.908814
-0.906662
-0.915232
-0.899281
-0.917593
-0.924675
-0.932189
-0.939824
-0.944137
-0.947158
-0.948843
-0.948506
-0.948946
-0.953122
-0.951026
-0.941508
-0.948598
-0.955926
-0.972111
-0.985997
-0.996883
-1.00017
-0.997573
-0.992934
-0.989867
-0.988589
-0.989572
-0.992774
-0.998143
-1.00633
-1.0016
-0.975826
-0.962533
-0.955808
-0.957738
-0.941726
-0.948545
-0.955346
-0.955061
-0.954794
-0.93243
-0.934296
-0.921369
-0.922381
-0.951676
-0.950197
-0.953173
-0.956093
-0.958124
-0.960618
-0.961195
-0.963557
-0.965818
-0.959269
-0.958395
-0.947322
-0.960994
-0.97949
-0.990229
-1.00088
-1.00751
-1.00747
-1.00615
-1.00599
-1.00631
-1.00629
-1.0061
-1.00405
-1.00296
-1.0085
-0.986787
-0.967171
-0.955468
-0.941451
-0.919132
-0.970089
-0.951926
-0.958682
-0.958675
-0.965261
-0.94769
-0.961137
-0.93954
-0.956556
-0.967364
-0.968114
-0.970428
-0.971677
-0.971189
-0.97252
-0.976343
-0.978879
-0.981524
-0.990881
-0.995225
-0.996264
-0.995736
-0.996646
-0.999603
-1.00445
-1.00869
-1.01221
-1.01742
-1.02255
-1.02553
-1.02632
-1.02573
-1.01981
-1.01521
-1.00475
-1.01013
-1.00116
-0.956276
-0.924601
-0.930216
-0.988911
-0.989255
-0.980979
-0.939923
-0.95038
-0.968978
-0.973464
-0.978972
-0.980181
-0.979741
-0.981401
-0.987685
-0.98691
-0.989366
-0.99175
-0.995238
-0.997868
-1.00049
-0.998528
-1.00008
-1.00299
-1.00518
-1.00797
-1.01005
-1.01256
-1.01673
-1.02331
-1.03112
-1.03805
-1.04237
-1.0441
-1.03567
-0.996723
-0.990411
-1.02458
-1.01539
-1.01403
-1.0133
-1.00503
-0.996094
-1.01763
-1.01134
-1.0013
-0.986644
-0.985123
-0.997109
-0.995233
-0.989519
-0.992676
-0.993777
-0.996785
-1.0057
-1.00207
-1.00878
-0.999918
-1.01434
-1.01265
-1.01905
-1.01631
-1.01584
-1.0183
-1.02086
-1.02254
-1.02752
-1.02948
-1.03234
-1.0377
-1.04502
-1.05244
-1.05813
-1.06404
-1.03187
-1.00937
-1.04016
-1.03473
-1.03153
-1.03243
-1.02789
-1.02005
-1.02481
-1.02438
-1.03348
-1.03174
-1.02132
-1.01246
-1.0075
-1.00245
-1.00928
-1.01229
-1.01753
-1.01279
-1.02103
-1.01732
-1.02834
-1.02117
-1.03837
-1.03782
-1.03849
-1.03981
-1.03956
-1.03964
-1.03661
-1.03685
-1.04243
-1.04561
-1.04853
-1.05282
-1.0606
-1.06873
-1.07701
-1.08811
-1.03418
-1.07329
-1.06684
-1.05839
-1.05118
-1.0443
-1.0373
-1.03137
-1.02826
-1.04563
-1.04698
-1.04717
-1.04928
-1.03495
-1.02881
-1.03639
-1.02549
-1.01581
-1.01669
-1.03898
-1.04115
-1.04374
-1.04524
-1.05152
-1.06348
-1.06685
-1.06733
-1.06585
-1.06664
-1.06651
-1.06533
-1.06075
-1.0567
-1.05779
-1.06353
-1.06757
-1.07343
-1.08232
-1.08836
-1.09754
-1.05868
-1.08597
-1.07701
-1.07252
-1.06177
-1.05949
-1.0498
-1.04234
-1.03835
-1.06691
-1.06693
-1.06766
-1.06948
-1.06659
-1.06258
-1.05487
-1.06446
-1.045
-1.02477
-1.05186
-1.06524
-1.06619
-1.06871
-1.07339
-1.08033
-1.0864
-1.09079
-1.09388
-1.09147
-1.08492
-1.08834
-1.08962
-1.08621
-1.08483
-1.08456
-1.0863
-1.08941
-1.09237
-1.09584
-1.09957
-1.06489
-1.09217
-1.08719
-1.08123
-1.07833
-1.05834
-1.05992
-1.04797
-1.04477
-1.08385
-1.08562
-1.08653
-1.08659
-1.08587
-1.08442
-1.08368
-1.08608
-1.08628
-1.08789
-1.08287
-1.08468
-1.08428
-1.08591
-1.0892
-1.09394
-1.09938
-1.10371
-1.10619
-1.10607
-1.10487
-1.10542
-1.10603
-1.10511
-1.10275
-1.10268
-1.10026
-1.10173
-1.10099
-1.10181
-1.10242
-1.08871
-1.09472
-1.08961
-1.08446
-1.08027
-1.05237
-1.06147
-1.04831
-1.0463
-1.07349
-1.1011
-1.10315
-1.10483
-1.10448
-1.10257
-1.10046
-1.09931
-1.09893
-1.09938
-1.09857
-1.09837
-1.09722
-1.09793
-1.1018
-1.10474
-1.1108
-1.11396
-1.11687
-1.11906
-1.12041
-1.12162
-1.12284
-1.12327
-1.12148
-1.11591
-1.10251
-1.09833
-1.10136
-1.10968
-1.10728
-1.10414
-1.0984
-1.09172
-1.08503
-1.07817
-1.05754
-1.05306
-1.06073
-1.05203
-1.09269
-1.11687
-1.11781
-1.11978
-1.12036
-1.11886
-1.11644
-1.11446
-1.11287
-1.11286
-1.11441
-1.11292
-1.11228
-1.11205
-1.11183
-1.11557
-1.12185
-1.12354
-1.12816
-1.13201
-1.13461
-1.13774
-1.14132
-1.14377
-1.14468
-1.13215
-1.12709
-1.12464
-1.12284
-1.11972
-1.12326
-1.11661
-1.10889
-1.10031
-1.09156
-1.08288
-1.07365
-1.04033
-1.07678
-1.06625
-1.12144
-1.13527
-1.13213
-1.13291
-1.13455
-1.13564
-1.12758
-1.12079
-1.12515
-1.12733
-1.12689
-1.13339
-1.13528
-1.13535
-1.13575
-1.13288
-1.13822
-1.13361
-1.14047
-1.14817
-1.15238
-1.15768
-1.1618
-1.1649
-1.16438
-1.15866
-1.15208
-1.15069
-1.15167
-1.14987
-1.14719
-1.13674
-1.12782
-1.1186
-1.10881
-1.09953
-1.09106
-1.04411
-1.09462
-1.08499
-1.15729
-1.16275
-1.15912
-1.15639
-1.16463
-1.15903
-1.15728
-1.1562
-1.14882
-1.15428
-1.15862
-1.15773
-1.15669
-1.15662
-1.15632
-1.15645
-1.16029
-1.16458
-1.16765
-1.17314
-1.17801
-1.18473
-1.18652
-1.18856
-1.18753
-1.18395
-1.17233
-1.16738
-1.16721
-1.16995
-1.1706
-1.16059
-1.15224
-1.14319
-1.13364
-1.12452
-1.11425
-1.07481
-1.11164
-1.1061
-1.19558
-1.1973
-1.18812
-1.18698
-1.19198
-1.1922
-1.19051
-1.1866
-1.1832
-1.18825
-1.18422
-1.18215
-1.18183
-1.18308
-1.18803
-1.18571
-1.19231
-1.20008
-1.20543
-1.21013
-1.21333
-1.21501
-1.21744
-1.22006
-1.21467
-1.20879
-1.20322
-1.19751
-1.18501
-1.18859
-1.19558
-1.18738
-1.17698
-1.16971
-1.16289
-1.1575
-1.15081
-1.11496
-1.12661
-1.12585
-1.21945
-1.22668
-1.22742
-1.22824
-1.22949
-1.22436
-1.22186
-1.2227
-1.22116
-1.21611
-1.21166
-1.21194
-1.2129
-1.2139
-1.22225
-1.23241
-1.23894
-1.24522
-1.2518
-1.2566
-1.25951
-1.25991
-1.25888
-1.25603
-1.24627
-1.23679
-1.2306
-1.22699
-1.22487
-1.22427
-1.2182
-1.20909
-1.20221
-1.19823
-1.19121
-1.18907
-1.18843
-1.14244
-1.14507
-1.14779
-1.24705
-1.24986
-1.25151
-1.25201
-1.25182
-1.25221
-1.25072
-1.24778
-1.24566
-1.24461
-1.24548
-1.24182
-1.25075
-1.26794
-1.27364
-1.27694
-1.27961
-1.28331
-1.28821
-1.29315
-1.29587
-1.29661
-1.29533
-1.28745
-1.27727
-1.26828
-1.26115
-1.25567
-1.25137
-1.24722
-1.24368
-1.23673
-1.23034
-1.22421
-1.221
-1.21288
-1.2107
-1.16368
-1.16964
-1.1755
-1.27319
-1.27493
-1.27377
-1.27204
-1.27057
-1.27042
-1.26848
-1.26689
-1.26663
-1.26858
-1.27084
-1.27634
-1.28527
-1.29073
-1.29614
-1.30135
-1.30511
-1.30958
-1.31384
-1.31779
-1.32109
-1.32159
-1.31753
-1.31018
-1.30218
-1.29452
-1.28743
-1.28132
-1.27601
-1.27091
-1.26615
-1.26238
-1.25622
-1.25082
-1.25037
-1.2328
-1.23185
-1.1868
-1.20338
-1.20067
-1.29567
-1.29618
-1.29428
-1.29266
-1.29195
-1.28999
-1.28757
-1.28554
-1.28419
-1.28617
-1.29029
-1.29593
-1.30172
-1.30747
-1.31204
-1.31793
-1.32406
-1.33018
-1.33515
-1.33867
-1.3405
-1.34006
-1.33669
-1.3311
-1.3245
-1.31747
-1.31044
-1.30399
-1.29832
-1.29306
-1.28812
-1.2849
-1.27779
-1.27436
-1.27369
-1.25205
-1.24315
-1.23455
-1.18644
-1.23655
-1.3149
-1.31486
-1.31423
-1.31337
-1.31245
-1.31132
-1.30959
-1.3078
-1.30902
-1.31111
-1.31374
-1.31704
-1.32259
-1.32201
-1.32603
-1.33697
-1.34414
-1.35108
-1.35569
-1.35883
-1.36075
-1.36076
-1.35846
-1.35405
-1.34806
-1.34112
-1.33419
-1.32736
-1.32033
-1.31376
-1.30845
-1.30625
-1.30061
-1.29472
-1.28855
-1.27742
-1.27202
-1.27002
-1.23168
-1.26582
-1.33517
-1.33513
-1.33494
-1.33465
-1.33425
-1.33364
-1.33321
-1.33318
-1.33399
-1.33587
-1.33818
-1.33274
-1.33711
-1.34236
-1.34729
-1.35464
-1.36344
-1.37013
-1.37454
-1.37777
-1.38028
-1.38043
-1.37969
-1.37762
-1.37327
-1.36664
-1.35873
-1.35069
-1.34356
-1.33755
-1.32998
-1.32164
-1.31571
-1.3104
-1.3054
-1.30331
-1.3047
-1.30511
-1.29478
-1.2958
-1.35631
-1.35641
-1.35649
-1.35653
-1.35659
-1.35664
-1.35672
-1.35665
-1.35724
-1.36089
-1.36433
-1.3584
-1.36413
-1.37015
-1.3744
-1.37535
-1.37946
-1.38843
-1.39365
-1.396
-1.39786
-1.39811
-1.39758
-1.39549
-1.39154
-1.38513
-1.37825
-1.37176
-1.36644
-1.36137
-1.35745
-1.35422
-1.34452
-1.34385
-1.34116
-1.34456
-1.33428
-1.33808
-1.33929
-1.3401
-1.37778
-1.37798
-1.37834
-1.37864
-1.37864
-1.37827
-1.36661
-1.36962
-1.37946
-1.3833
-1.38635
-1.38803
-1.38823
-1.3897
-1.39333
-1.39666
-1.39623
-1.40149
-1.40803
-1.41136
-1.41212
-1.41304
-1.41122
-1.40987
-1.40628
-1.4019
-1.39797
-1.39461
-1.38771
-1.38793
-1.3901
-1.37493
-1.36694
-1.36928
-1.38667
-1.39398
-1.39135
-1.38335
-1.38776
-1.39958
-1.39942
-1.39968
-1.40038
-1.40116
-1.40147
-1.39984
-1.39666
-1.39608
-1.39897
-1.40214
-1.40073
-1.40441
-1.40757
-1.40803
-1.4103
-1.41118
-1.41893
-1.40534
-1.42397
-1.42425
-1.42488
-1.4252
-1.42432
-1.42241
-1.42025
-1.4171
-1.40989
-1.40919
-1.41231
-1.41739
-1.42473
-1.42051
-1.4292
-1.43004
-1.43794
-1.43009
-1.42867
-1.42977
-1.43
-1.42558
-1.42142
-1.42168
-1.42255
-1.42422
-1.42663
-1.42832
-1.42723
-1.42445
-1.42562
-1.42657
-1.41477
-1.42154
-1.41131
-1.42817
-1.42951
-1.43121
-1.43784
-1.43403
-1.44291
-1.43958
-1.44099
-1.4407
-1.43891
-1.43693
-1.43534
-1.43461
-1.43011
-1.43047
-1.43366
-1.43902
-1.4422
-1.44629
-1.44662
-1.44751
-1.44685
-1.44585
-1.44042
-1.43744
-1.43216
-1.43147
-1.44279
-1.44325
-1.44441
-1.44648
-1.44923
-1.45208
-1.45443
-1.45059
-1.44867
-1.44703
-1.43173
-1.44931
-1.44838
-1.4546
-1.44794
-1.45732
-1.45662
-1.45672
-1.45755
-1.45805
-1.4623
-1.45864
-1.45522
-1.45298
-1.45047
-1.44981
-1.45111
-1.45371
-1.45313
-1.45633
-1.46022
-1.46297
-1.46361
-1.46055
-1.46328
-1.46776
-1.45764
-1.46126
-1.45954
-1.45453
-1.46315
-1.46325
-1.46419
-1.46597
-1.46823
-1.4708
-1.47315
-1.47194
-1.4685
-1.46944
-1.47295
-1.47424
-1.47778
-1.48075
-1.48292
-1.48012
-1.48049
-1.47881
-1.47972
-1.47233
-1.4758
-1.46832
-1.46671
-1.47007
-1.46646
-1.46611
-1.4648
-1.46433
-1.46081
-1.46323
-1.47302
-1.47959
-1.48332
-1.4813
-1.48272
-1.48671
-1.47849
-1.47858
-1.48067
-1.48206
-1.48349
-1.48273
-1.48313
-1.48445
-1.48635
-1.48849
-1.49042
-1.49003
-1.4899
-1.49522
-1.49901
-1.50108
-1.50621
-1.50563
-1.50912
-1.51379
-1.51233
-1.50153
-1.50687
-1.5055
-1.50376
-1.49978
-1.49557
-1.49362
-1.49057
-1.48477
-1.48368
-1.48789
-1.48767
-1.48832
-1.49029
-1.49733
-1.50421
-1.50429
-1.50514
-1.50824
-1.50872
-1.50878
-1.50978
-1.51417
-1.50046
-1.50323
-1.50329
-1.50408
-1.50538
-1.50779
-1.50999
-1.51184
-1.51289
-1.51826
-1.52027
-1.51937
-1.53185
-1.53112
-1.53313
-1.53671
-1.53758
-1.53586
-1.53197
-1.52856
-1.52717
-1.52675
-1.52337
-1.52043
-1.51868
-1.51868
-1.51971
-1.52098
-1.51896
-1.5188
-1.52085
-1.52762
-1.53087
-1.53056
-1.53088
-1.53245
-1.53454
-1.53373
-1.53007
-1.53646
-1.52648
-1.52707
-1.52651
-1.52558
-1.5271
-1.53129
-1.53436
-1.53739
-1.54007
-1.5443
-1.54786
-1.53628
-1.55229
-1.55449
-1.55634
-1.55813
-1.55842
-1.5572
-1.55438
-1.55128
-1.54948
-1.5484
-1.54725
-1.54729
-1.54756
-1.54777
-1.54869
-1.55099
-1.55442
-1.55438
-1.55858
-1.56188
-1.56058
-1.55895
-1.55877
-1.55983
-1.5617
-1.55893
-1.53491
-1.56173
-1.55708
-1.55664
-1.55652
-1.55622
-1.55562
-1.55687
-1.56104
-1.56548
-1.56705
-1.56869
-1.57161
-1.57239
-1.57345
-1.57489
-1.57586
-1.57636
-1.57626
-1.57517
-1.57405
-1.57301
-1.57252
-1.57281
-1.57389
-1.57476
-1.5762
-1.57765
-1.57953
-1.58145
-1.5852
-1.58359
-1.59325
-1.59151
-1.58809
-1.58545
-1.58463
-1.58538
-1.58732
-1.59
-1.57679
-1.58908
-1.58753
-1.58803
-1.58874
-1.5894
-1.58785
-1.5881
-1.59054
-1.59506
-1.59296
-1.59059
-1.58979
-1.58978
-1.59039
-1.59109
-1.59175
-1.59225
-1.59285
-1.593
-1.59333
-1.59398
-1.59509
-1.59687
-1.59902
-1.60135
-1.60412
-1.6071
-1.61
-1.6124
-1.60368
-1.61512
-1.61626
-1.61364
-1.61081
-1.60622
-1.60137
-1.60532
-1.60472
-1.60534
-1.60705
-1.60832
-1.60954
-1.61
-1.61065
-1.61172
-1.62005
-1.62074
-1.62557
-1.62571
-1.61807
-1.61222
-1.60819
-1.60601
-1.6055
-1.6059
-1.60671
-1.60654
-1.60842
-1.60964
-1.61158
-1.61327
-1.6157
-1.61809
-1.62095
-1.62422
-1.62775
-1.63093
-1.63334
-1.63481
-1.6285
-1.63927
-1.63739
-1.63179
-1.62959
-1.62104
-1.61853
-1.62374
-1.62186
-1.62217
-1.62368
-1.62557
-1.6313
-1.63249
-1.63504
-1.63859
-1.6425
-1.64191
-1.65048
-1.64561
-1.63748
-1.63086
-1.62587
-1.62281
-1.62116
-1.62081
-1.62089
-1.62187
-1.62463
-1.62645
-1.62872
-1.6314
-1.63432
-1.63728
-1.64028
-1.64327
-1.64609
-1.64892
-1.64985
-1.64707
-1.6507
-1.66177
-1.6556
-1.64924
-1.64991
-1.6424
-1.64082
-1.64236
-1.63822
-1.64046
-1.64086
-1.64441
-1.649
-1.65017
-1.65255
-1.65267
-1.65977
-1.66373
-1.6619
-1.65637
-1.65067
-1.64578
-1.64194
-1.63934
-1.63794
-1.63663
-1.63761
-1.63902
-1.64082
-1.64338
-1.64624
-1.6493
-1.65254
-1.65561
-1.65862
-1.66157
-1.66429
-1.66672
-1.66875
-1.66075
-1.66592
-1.67695
-1.67062
-1.66841
-1.66433
-1.65799
-1.65759
-1.66059
-1.65939
-1.65959
-1.65903
-1.66126
-1.6617
-1.6627
-1.66481
-1.66657
-1.66831
-1.6689
-1.66756
-1.66527
-1.6628
-1.66048
-1.65852
-1.65695
-1.65491
-1.65479
-1.6554
-1.65626
-1.65809
-1.66029
-1.66212
-1.66309
-1.67029
-1.67321
-1.67595
-1.67852
-1.68077
-1.68264
-1.68437
-1.68246
-1.68345
-1.68712
-1.68313
-1.68066
-1.67905
-1.67593
-1.67585
-1.67455
-1.67518
-1.67804
-1.67651
-1.67831
-1.67514
-1.67569
-1.67671
-1.67772
-1.67877
-1.67865
-1.67778
-1.67716
-1.6767
-1.67637
-1.6759
-1.67433
-1.67389
-1.67394
-1.67386
-1.67448
-1.6756
-1.67705
-1.6785
-1.68156
-1.68724
-1.69016
-1.69242
-1.69443
-1.69591
-1.69669
-1.6973
-1.69764
-1.69695
-1.69477
-1.69293
-1.691
-1.6896
-1.68804
-1.68735
-1.68789
-1.68895
-1.69166
-1.69107
-1.69464
-1.69085
-1.69142
-1.69227
-1.69083
-1.68739
-1.69291
-1.69232
-1.69227
-1.69259
-1.69308
-1.69288
-1.69257
-1.69321
-1.69299
-1.6933
-1.69401
-1.69436
-1.69642
-1.69889
-1.7017
-1.70567
-1.70768
-1.70917
-1.71047
-1.71124
-1.71142
-1.71093
-1.71007
-1.70914
-1.70794
-1.70489
-1.70497
-1.70362
-1.7041
-1.70364
-1.70161
-1.70278
-1.70858
-1.70991
-1.70976
-1.70807
-1.70825
-1.709
-1.70921
-1.70633
-1.70766
-1.71014
-1.70971
-1.71
-1.71111
-1.71175
-1.71214
-1.71241
-1.71265
-1.71307
-1.71363
-1.71403
-1.71605
-1.7185
-1.72125
-1.72385
-1.72484
-1.72572
-1.72654
-1.72702
-1.72698
-1.72663
-1.72593
-1.72496
-1.72402
-1.72316
-1.72222
-1.71857
-1.71857
-1.71987
-1.72089
-1.72215
-1.72532
-1.72663
-1.72482
-1.72651
-1.72647
-1.72684
-1.72824
-1.7294
-1.7287
-1.72799
-1.7276
-1.72887
-1.73085
-1.73116
-1.73156
-1.73202
-1.73262
-1.73322
-1.7335
-1.73318
-1.73461
-1.73736
-1.73925
-1.74021
-1.74122
-1.7419
-1.74246
-1.74284
-1.7429
-1.74254
-1.74207
-1.74144
-1.74081
-1.74038
-1.74003
-1.73804
-1.74076
-1.74491
-1.74518
-1.74345
-1.74433
-1.74274
-1.74148
-1.74483
-1.74589
-1.74483
-1.7452
-1.74668
-1.74922
-1.74926
-1.74846
-1.74728
-1.75
-1.75068
-1.75119
-1.75195
-1.75271
-1.75356
-1.75423
-1.7505
-1.74995
-1.75534
-1.756
-1.7565
-1.75739
-1.75726
-1.75846
-1.75851
-1.7584
-1.75827
-1.75812
-1.75806
-1.75791
-1.75806
-1.75879
-1.75742
-1.75823
-1.76537
-1.76253
-1.7614
-1.75988
-1.75772
-1.75784
-1.76506
-1.76534
-1.76603
-1.76678
-1.7682
-1.76781
-1.77075
-1.76586
-1.76556
-1.76991
-1.77036
-1.77093
-1.77172
-1.7723
-1.77303
-1.77326
-1.77272
-1.77138
-1.77329
-1.77283
-1.77415
-1.77358
-1.77361
-1.77399
-1.77457
-1.77428
-1.77409
-1.77422
-1.77438
-1.77464
-1.77508
-1.77629
-1.77715
-1.77362
-1.77699
-1.77554
-1.77306
-1.77212
-1.77109
-1.76564
-1.78751
-1.78835
-1.78749
-1.78793
-1.78917
-1.79146
-1.7874
-1.78766
-1.78809
-1.79098
-1.79045
-1.79084
-1.79076
-1.79106
-1.79125
-1.79155
-1.7916
-1.79124
-1.79074
-1.79083
-1.79141
-1.7916
-1.79101
-1.79064
-1.79045
-1.79073
-1.79002
-1.79016
-1.78923
-1.79074
-1.79117
-1.79138
-1.7919
-1.79187
-1.79036
-1.7877
-1.78716
-1.78568
-1.78462
-1.78414
-1.80986
-1.80804
-1.81045
-1.81247
-1.81286
-1.8131
-1.81029
-1.81015
-1.8101
-1.80978
-1.80974
-1.80999
-1.80969
-1.80953
-1.80963
-1.8096
-1.80957
-1.8094
-1.80919
-1.80903
-1.80901
-1.80899
-1.80899
-1.80906
-1.80876
-1.80766
-1.80673
-1.80612
-1.8058
-1.8059
-1.80651
-1.80663
-1.80708
-1.8078
-1.80782
-1.80492
-1.8057
-1.80587
-1.8052
-1.80456
-1.82733
-1.82826
-1.82711
-1.83173
-1.83208
-1.8317
-1.8297
-1.82878
-1.8283
-1.82797
-1.82816
-1.82833
-1.82841
-1.82796
-1.8281
-1.82791
-1.82774
-1.82756
-1.82736
-1.82717
-1.82703
-1.82687
-1.82658
-1.82616
-1.82575
-1.82563
-1.82553
-1.82448
-1.82314
-1.82317
-1.82382
-1.82384
-1.82424
-1.82465
-1.82518
-1.82494
-1.82442
-1.82369
-1.82402
-1.82423
-1.84595
-1.8465
-1.84627
-1.84797
-1.84783
-1.84748
-1.84647
-1.84608
-1.8459
-1.84579
-1.84592
-1.84615
-1.84628
-1.84614
-1.84599
-1.84601
-1.84581
-1.84559
-1.84537
-1.84516
-1.84496
-1.84475
-1.84449
-1.84419
-1.84387
-1.84353
-1.84316
-1.84281
-1.84251
-1.84209
-1.84179
-1.84162
-1.84118
-1.84194
-1.84192
-1.84191
-1.84219
-1.84229
-1.84347
-1.84406
-1.86416
-1.86443
-1.86451
-1.86458
-1.86447
-1.86304
-1.86295
-1.8628
-1.86287
-1.86299
-1.86322
-1.86354
-1.86378
-1.86377
-1.86379
-1.8637
-1.86359
-1.86344
-1.86327
-1.86309
-1.8629
-1.86269
-1.86247
-1.86223
-1.86196
-1.86168
-1.86138
-1.86107
-1.86073
-1.86044
-1.86038
-1.8604
-1.8602
-1.8598
-1.8603
-1.86088
-1.86126
-1.86095
-1.86192
-1.86328
-1.88205
-1.88206
-1.88197
-1.88184
-1.88181
-1.88142
-1.88065
-1.87952
-1.87952
-1.87974
-1.88046
-1.88133
-1.88154
-1.88139
-1.88149
-1.8814
-1.88135
-1.88127
-1.88115
-1.88102
-1.88087
-1.88071
-1.88054
-1.88035
-1.88014
-1.87994
-1.87973
-1.87952
-1.87933
-1.87918
-1.87916
-1.87926
-1.87938
-1.87951
-1.87956
-1.87934
-1.87941
-1.87937
-1.87948
-1.87986
-1.9
-1.89999
-1.89993
-1.89987
-1.89985
-1.89981
-1.89973
-1.89956
-1.89888
-1.89898
-1.89918
-1.89946
-1.89935
-1.89914
-1.89912
-1.89916
-1.89919
-1.89915
-1.89908
-1.89899
-1.89889
-1.89877
-1.89865
-1.89852
-1.89838
-1.89823
-1.89809
-1.89796
-1.89785
-1.89777
-1.89776
-1.89782
-1.89792
-1.89804
-1.89827
-1.89837
-1.89766
-1.8972
-1.89681
-1.89268
-1.91795
-1.91799
-1.9179
-1.91785
-1.91785
-1.91788
-1.91791
-1.91804
-1.91808
-1.91799
-1.91794
-1.918
-1.91775
-1.91744
-1.91726
-1.91717
-1.91711
-1.91708
-1.91705
-1.91699
-1.91692
-1.91685
-1.91677
-1.91669
-1.91661
-1.91652
-1.91643
-1.91636
-1.9163
-1.91627
-1.91628
-1.91634
-1.91646
-1.91663
-1.9169
-1.9173
-1.91777
-1.91729
-1.91728
-1.91994
-1.93622
-1.93595
-1.93581
-1.9357
-1.93564
-1.93563
-1.93567
-1.93579
-1.93598
-1.93614
-1.93606
-1.9358
-1.93553
-1.9353
-1.93516
-1.93507
-1.93502
-1.935
-1.935
-1.93498
-1.93494
-1.93491
-1.93487
-1.93484
-1.93481
-1.93479
-1.93476
-1.93473
-1.93472
-1.93473
-1.93479
-1.93491
-1.9351
-1.93537
-1.93574
-1.93627
-1.93675
-1.93758
-1.93809
-1.93696
-1.95391
-1.95347
-1.9534
-1.95332
-1.95327
-1.95325
-1.95326
-1.95329
-1.95334
-1.95342
-1.95345
-1.95335
-1.95324
-1.95316
-1.9531
-1.95307
-1.95306
-1.95303
-1.95299
-1.95296
-1.95295
-1.95295
-1.95296
-1.95296
-1.95296
-1.95298
-1.95301
-1.95305
-1.95313
-1.95324
-1.9534
-1.95363
-1.95399
-1.95457
-1.95522
-1.95573
-1.95638
-1.95787
-1.96405
-1.95841
)
;

boundaryField
{
    inlet
    {
        type            calculated;
        value           nonuniform List<scalar> 10(-293.702 -293.884 -294.021 -294.146 -294.222 -294.208 -294.152 -294.026 -293.887 -293.705);
    }
    inletWall
    {
        type            calculated;
        value           nonuniform List<scalar> 
30
(
-204.601
-224.648
-244.536
-264.274
-283.892
-118.177
-133.784
-150.381
-167.3
-184.257
-24.4806
-45.0897
-65.0512
-87.9106
-114.24
-204.604
-224.651
-244.538
-264.277
-283.895
-118.216
-133.834
-150.384
-167.285
-184.265
-24.9837
-45.4514
-65.238
-88.0245
-114.328
)
;
    }
    bottleWall
    {
        type            calculated;
        value           nonuniform List<scalar> 
290
(
431.285
416.094
398.183
380.708
365.023
349.482
335.594
322.42
309.07
297.405
286.565
275.777
265.338
257.886
245.252
224.097
204.492
195.728
180.406
164.022
147.633
134.359
124.114
117.142
108.476
101.666
89.954
70.6943
56.3224
42.2244
29.8692
18.2846
7.73959
6.71405
1.08997
-0.635857
-0.551518
-0.437872
-0.424324
-0.47791
-0.531359
-0.56359
-0.6049
-0.642494
-0.659944
-0.686396
-0.718631
-0.749201
-0.785105
-0.794873
-0.811811
-0.825172
-0.835123
-0.845852
-0.860055
-0.877436
-0.90775
-0.936367
-0.961992
-0.983484
-1.00434
-1.03295
-1.06861
-1.10115
-1.12199
-1.13895
-1.16339
-1.17521
-1.20734
-1.26515
-1.30577
-1.33902
-1.35852
-1.38031
-1.40224
-1.42258
-1.44335
-1.46547
-1.48829
-1.50956
-1.53115
-1.55302
-1.57638
-1.60187
-1.63164
-1.6527
-1.67116
-1.69122
-1.71108
-1.73088
-1.74952
-1.77308
-1.79711
-1.82135
-1.84364
-1.86577
-1.88752
-1.9092
-1.93075
-1.9522
371.543
377.754
385.186
392.16
393.666
396.279
399.566
401.703
402.791
403.774
404.844
405.635
406.418
406.961
406.639
405.53
403.601
400.446
397.482
396.551
396.874
398.387
399.178
400.42
402.034
406.233
411.752
416.738
421.299
424.949
428.439
431.669
433.188
436.838
434.483
436.625
438.109
437.756
438.79
439.289
371.512
369.264
366.137
357.931
356.314
357.361
359.079
360.163
362.115
365.979
518.961
517.709
518.582
512.008
504.276
492.742
482.313
475.907
458.397
443.834
432.521
422.665
415.271
407.221
403.318
402.253
401.569
403.215
404.438
402.553
395.421
386.571
379.652
373.63
369.794
369.83
373.975
369.1
371.089
372.796
374.565
380.67
378.868
375.732
392.977
388.327
390.383
382.195
379.652
374.344
510.2
489.43
466.456
437.365
408.067
376.497
348.665
329.671
317.731
308.616
300.385
291.402
280.983
270.428
265.711
269.852
277.23
252.684
248.545
247.587
241.11
217.493
203.372
185.223
162.843
142.409
120.663
103.023
79.9741
75.0286
73.2945
41.1076
18.73
12.5702
20.4005
15.3642
4.06868
1.6319
-0.231706
0.253102
9.85807
20.0823
20.0227
15.8729
-0.634454
-1.01026
-0.955131
-0.90735
-0.893219
-0.922318
-0.941726
-0.970089
-0.988911
-1.01763
-1.02438
-1.04563
-1.06691
-1.08385
-1.07349
-1.09269
-1.12144
-1.15729
-1.19558
-1.21945
-1.24705
-1.27319
-1.29567
-1.3149
-1.33517
-1.35631
-1.37778
-1.39942
-1.42142
-1.44279
-1.46315
-1.48349
-1.50046
-1.52648
-1.55708
-1.58753
-1.60954
-1.6313
-1.649
-1.6617
-1.67514
-1.69085
-1.70807
-1.72651
-1.74483
-1.76506
-1.78751
-1.80986
-1.82733
-1.84595
-1.86416
-1.88205
-1.9
-1.91795
-1.93622
-1.95391
)
;
    }
    atmosphere
    {
        type            calculated;
        value           nonuniform List<scalar> 
80
(
-1.9648
-1.97891
-1.97024
-1.97254
-1.97085
-1.96873
-1.96707
-1.96574
-1.96466
-1.96386
-1.96335
-1.96305
-1.96293
-1.96294
-1.96303
-1.9631
-1.96307
-1.96295
-1.9628
-1.96266
-1.96255
-1.96252
-1.96254
-1.96224
-1.96727
-1.96881
-1.96484
-1.96578
-1.96516
-1.96441
-1.96389
-1.96361
-1.96345
-1.96338
-1.96335
-1.96336
-1.96339
-1.96338
-1.96319
-1.9624
-1.96696
-1.962
-1.962
-1.962
-1.962
-1.962
-1.962
-1.962
-1.962
-1.96202
-1.96208
-1.96206
-1.96205
-1.96205
-1.96205
-1.96205
-1.96201
-1.962
-1.962
-1.962
-1.962
-1.962
-1.962
-1.962
-1.962
-1.962
-1.962
-1.962
-1.962
-1.962
-1.962
-1.96203
-1.96205
-1.96328
-1.96538
-1.96538
-1.96385
-1.96389
-1.97723
-1.97067
)
;
    }
    frontAndBack
    {
        type            empty;
    }
}


// ************************************************************************* //
