/*--------------------------------*- C++ -*----------------------------------*\
  =========                 |
  \\      /  F ield         | OpenFOAM: The Open Source CFD Toolbox
   \\    /   O peration     | Website:  https://openfoam.org
    \\  /    A nd           | Version:  8
     \\/     M anipulation  |
\*---------------------------------------------------------------------------*/
FoamFile
{
    version     2.0;
    format      ascii;
    class       volScalarField;
    location    "3.95";
    object      p_rgh;
}
// * * * * * * * * * * * * * * * * * * * * * * * * * * * * * * * * * * * * * //

dimensions      [1 -1 -2 0 0 0 0];

internalField   nonuniform List<scalar> 
9150
(
2563.62
2536.65
2511.11
2493.93
2485.63
2485.63
2493.94
2511.12
2536.66
2563.63
2554.38
2534.87
2519.18
2507.39
2501.41
2501.41
2507.4
2519.19
2534.88
2554.39
2544.73
2531.21
2522.63
2514.89
2510.78
2510.78
2514.9
2522.64
2531.22
2544.74
2539.63
2529.68
2524.17
2518.82
2515.85
2515.85
2518.83
2524.17
2529.69
2539.64
2537.95
2529.13
2524.49
2520.33
2517.89
2517.89
2520.33
2524.49
2529.14
2537.96
2098.68
2094.51
2119.81
2134.27
2140.99
2141.01
2134.32
2119.89
2094.6
2098.79
2288.53
2264.32
2259
2257.88
2258.06
2258.07
2257.91
2259.04
2264.37
2288.58
2412.8
2381.29
2365.34
2355.53
2350.9
2350.91
2355.54
2365.36
2381.31
2412.82
2513
2470.69
2442.81
2425.52
2417.05
2417.06
2425.53
2442.82
2470.7
2513.01
2582.7
2530.35
2491.74
2469.74
2459.63
2459.63
2469.75
2491.76
2530.36
2582.71
1914.86
1951.97
1940.74
1949.46
1945.19
1945.35
1949.47
1941.01
1952.56
1917.24
1942.84
1960.56
1941.1
1948.64
1945.2
1945.32
1948.72
1941.76
1961.24
1944.24
1918.39
1950.45
1919.85
1926.47
1930.01
1930.07
1926.63
1920.26
1950.97
1919.19
1759.25
1884.53
1903.41
1921.55
1937.72
1937.77
1921.7
1903.68
1884.83
1759.75
1637.66
1873.32
1970.55
2000.79
2016.39
2016.42
2000.88
1970.68
1873.5
1637.97
1798.35
1798.27
1798.19
1798.11
1798.05
1797.99
1797.93
1797.89
1797.85
1797.81
1798.35
1798.28
1798.21
1798.14
1798.08
1798.03
1797.98
1797.94
1797.9
1797.86
1798.35
1798.29
1798.22
1798.16
1798.11
1798.06
1798.02
1797.98
1797.95
1797.92
1798.32
1798.26
1798.2
1798.15
1798.11
1798.06
1798.03
1797.99
1797.97
1797.94
1798.25
1798.2
1798.15
1798.11
1798.07
1798.03
1798.01
1797.98
1797.96
1797.94
1798.15
1798.1
1798.06
1798.03
1798
1797.97
1797.96
1797.94
1797.93
1797.92
1798.02
1797.98
1797.94
1797.9
1797.88
1797.88
1797.88
1797.88
1797.88
1797.88
1797.86
1797.82
1797.77
1797.71
1797.71
1797.7
1797.74
1797.78
1797.84
1797.85
1797.7
1797.71
1797.6
1794.66
1795.63
1797.54
1797.7
1797.77
1797.8
1797.83
1797.51
1793.26
1791.51
1792.09
1792.02
1796.6
1797.87
1797.87
1797.87
1797.88
1785.83
1785.65
1793.15
1796.48
1796.66
1797.56
1797.9
1797.89
1797.9
1797.91
1795.03
1796.71
1797.9
1798.08
1797.99
1797.91
1797.91
1797.91
1797.91
1797.93
1798.27
1798.18
1798.09
1798
1797.87
1797.7
1797.74
1797.85
1797.87
1797.92
1798.15
1798.05
1797.86
1797.67
1797.61
1797.55
1797.54
1797.7
1797.76
1797.85
1797.95
1797.69
1797.6
1797.53
1797.45
1797.41
1797.43
1797.42
1797.5
1797.68
1797.66
1797.59
1797.55
1797.56
1797.52
1797.41
1797.09
1796.64
1792.1
1795.65
1797.75
1797.82
1797.91
1797.93
1797.95
1797.95
1790.82
1747.55
1738.68
1790.01
1798
1798.08
1798.18
1798.33
1796.96
1754.69
1719.11
1719.83
1720.82
1790.98
1798.04
1798.17
1798.33
1786.6
1725.2
1713.87
1714.8
1715.57
1741.71
1801.63
1798.2
1798.54
1798.51
1744.25
1710.91
1711.66
1711.67
1746.75
1798.27
1802.55
1797.9
1798.26
1798.67
1748.41
1711.31
1726.18
1781.85
1802.05
1803.16
1803.01
1797.4
1797.76
1796.9
1785.69
1778.08
1792.92
1801.32
1801.89
1802.25
1802.57
1796.6
1795.31
1795.86
1797.81
1799.1
1799.62
1800.26
1800.91
1796.71
1793.86
1793.07
1794.7
1796.12
1797.45
1798.13
1798.81
1798.32
1782.8
1781.8
1783
1791.39
1784.98
1795.49
1796.32
1797.03
1796.2
1779.78
1778.64
1779.23
1792.59
1751.88
1793.21
1794.2
1795.06
1795.84
1794.16
1777.08
1776.86
1792.24
1800.6
1741.34
1794.77
1794.41
1794.45
1794.96
1794.48
1790.64
1788.85
1778.06
1701.24
1786.48
1796.46
1749.51
1686.56
1782.03
1792.69
1793.01
1761.38
1637.87
1630.95
1779.8
1696.36
1489.22
1483.7
1691.87
1796.13
1790.22
1668.08
1619.49
1619.77
1686.46
1446.87
1451.03
1454.14
1532.95
1781.69
1785.27
1675.07
1609.98
1610.32
1448.29
1438.09
1440.05
1440.8
1549.92
1782.5
1780.37
1758.15
1611.98
1603.51
1428.76
1429.76
1430.28
1433.78
1699.03
1783.79
1781.97
1780.34
1715.93
1595.75
1421.43
1421.6
1421.43
1557.89
1788.62
1784.91
1782.48
1780.31
1764.27
1603.46
1414.31
1415.47
1468.72
1785.71
1788.34
1782.55
1779.48
1778.3
1758.52
1591.43
1584.09
1526.31
1697.76
1763.52
1705.38
1612.02
1594.38
1710.38
1674.22
1526.14
1800.25
1703.98
1509.88
1498.48
1493.58
1496.29
1502.67
1506.92
1510.15
1510.25
1754.9
1538.74
1487
1487.74
1487.48
1486.5
1548.39
1575.68
1509.24
1506.25
1365.65
1369.4
1506.56
1506.85
1502.37
1671.91
1790.41
1744.13
1528.65
1504.52
1296.28
1467.65
1786.37
1769.57
1753.2
1798.48
1800.97
1795.17
1698.93
1564.65
1310.74
1715.58
1811.12
1808.53
1805.65
1803.12
1800.22
1795.78
1787.21
1771.11
1309.32
1787.66
1813.42
1810.66
1807.81
1804.93
1801.83
1798.31
1794.35
1790.34
1265.11
1756.58
1817.78
1814.66
1811.49
1808.31
1805.01
1801.55
1797.91
1794.16
1194.61
1519.51
1822.01
1820.42
1816.71
1813.07
1809.46
1805.82
1802.12
1798.37
1184.57
1198.18
1540.95
1796.91
1822.99
1818.91
1814.95
1811.07
1807.22
1803.43
1176.44
1174.56
1180.55
1391.51
1702.18
1806.99
1820.71
1816.6
1812.62
1808.79
1170.35
1169.29
1168.47
1170.48
1294.13
1772.18
1827.77
1822.79
1818.2
1813.98
1381.3
1164.29
1166.72
1166.25
1317.57
1790.65
1834.08
1828.06
1822.48
1817.21
1805.07
1577.04
1366.65
1383.46
1679.09
1832.4
1835.82
1830.56
1825.09
1819.3
1850.32
1844.8
1817.01
1821.14
1846.9
1844.07
1839.96
1835.65
1830.83
1757.05
1808.67
1809.33
1842.53
1848.04
1849.1
1821.54
1778.93
1673.8
1462.63
1189.69
1301.63
1242.79
1530.33
1617.4
1446.35
1239.23
1131.41
1019.74
918.835
888.31
917.109
902.455
929.862
951.322
910.969
891.731
890.255
889.089
888.316
887.884
900.224
897.25
896.212
894.957
893.405
892.248
891.387
890.418
889.358
888.543
927.76
893.974
893.052
892.142
891.253
890.391
889.465
888.561
926.84
1094.94
1534.01
1313.13
1158.73
1111.17
1114.27
1154.71
1290.62
1516.04
1713.77
1830.5
1839.06
1846.39
1848.56
1848.35
1852.59
1866.3
1889.08
1902.42
1901.25
1897.99
1576.22
1703.13
1926.45
1930.67
1926.14
1921.72
1917.42
1912.78
1907.52
1901.24
1589.45
1590.94
1631.05
1850.88
1910.78
1903.32
1889.17
1860.33
1817.64
1768.74
1927.62
1801.74
1605.07
1235.96
1187.02
1189.22
1191.14
1151.7
1143.2
1134.76
1568.93
1220.79
1220.75
1207.87
1189.96
1188.45
1225.41
1315.42
1286.78
1205.81
1385.94
1409.72
1489.38
1594.25
1665.8
1756.64
1893.32
1964.05
1943.41
1921.16
1818.26
1983.08
1977.74
1970.4
1963.2
1956.34
1949.38
1940.75
1929.55
1916.55
1970.27
1969.57
1967.62
1963.45
1957.35
1949.63
1940.26
1928.88
1915.37
1900.13
1963.94
1963.66
1960.79
1955.22
1947.14
1936.76
1924.21
1909.55
1892.97
1874.76
1949.42
1948.61
1944.91
1938.27
1928.81
1916.64
1901.95
1884.94
1865.91
1845.23
1925.68
1925.1
1921.24
1914.12
1903.89
1890.72
1874.89
1856.77
1836.97
1815.9
1892.8
1893.1
1889.77
1882.95
1872.85
1859.74
1844.05
1826.52
1808.09
1787.77
1851.87
1853.85
1851.94
1846.37
1837.45
1825.54
1811.22
1795.53
1778.97
1755.91
1806.79
1810.84
1810.86
1807.21
1800.24
1790.43
1778.54
1765.76
1751.83
1729.15
1763.43
1768.79
1770.55
1768.73
1763.66
1755.83
1746.14
1735.82
1724.07
1601.16
1726.72
1731.89
1734.65
1734.2
1730.51
1723.85
1714.84
1704
1688.64
1414.53
1698.41
1703.04
1706.06
1706.64
1704.34
1699.25
1691.9
1682.76
1669.26
1290.88
1678.48
1683.25
1686.09
1687.17
1685.85
1682.04
1676.13
1668.58
1656.85
1149.89
1666.91
1672.04
1674.69
1675.86
1675.11
1672.17
1667.29
1660.74
1650.38
1041.44
1663.66
1668.13
1670.72
1671.96
1671.58
1669.33
1665.29
1659.58
1650.86
981.644
1668.39
1670.81
1673.11
1674.33
1674.18
1672.46
1669.13
1664.24
1657.2
969.089
1678.03
1678.63
1680.3
1681.36
1681.34
1680
1677.21
1672.89
1664.17
1005.71
1637.18
1688.69
1690.42
1691.62
1691.78
1690.72
1688.34
1684.5
1674.65
1040.76
1584.38
1702.94
1704.35
1705.33
1705.25
1704.05
1701.63
1697.84
1690.05
1071.43
1584.11
1722.97
1722.61
1722.37
1721.38
1719.51
1716.67
1712.72
1706.37
1119
1605.06
1744.03
1742.11
1740.62
1738.62
1736.04
1732.8
1728.82
1723.75
1180.07
1646.05
1763.42
1759.78
1757.41
1754.95
1752.2
1749.1
1745.66
1742.02
1243.53
1659.1
1774.3
1771.91
1770.46
1768.86
1766.83
1764.41
1761.87
1759.57
1305.19
1645.21
1782.71
1782.45
1782.41
1781.92
1780.74
1779.03
1777.29
1776.05
1363.47
1634.13
1795.17
1795.2
1795.44
1795.31
1794.47
1793.11
1791.85
1791.12
1409.88
1633.33
1809.52
1808.71
1808.57
1808.36
1807.5
1806.15
1805
1804.36
1450.2
1624.7
1820.38
1820.45
1820.7
1820.73
1819.95
1818.58
1817.33
1816.41
1483.77
1607.75
1832.19
1833.17
1833.62
1833.6
1832.72
1831.23
1829.78
1828.61
1518.08
1616.05
1851.93
1849.43
1848.3
1847.45
1846.18
1844.53
1842.95
1841.77
1554.16
1618.52
1863.34
1862.12
1861.37
1860.52
1859.33
1857.94
1856.64
1855.99
1584.52
1641.08
1876.38
1874.31
1873.16
1872.21
1871.34
1870.64
1870.13
1870.74
1612.34
1652.17
1885.64
1882.91
1881.67
1881.26
1881.42
1881.97
1882.81
1885.44
1633.38
1620.98
1887.76
1885.23
1885.26
1886.57
1888.51
1890.94
1894.14
1899.81
1640.02
1543.04
1876.14
1881.96
1885.57
1888.76
1891.62
1894.73
1899.68
1908.16
1626.15
1534.78
1885.32
1887.71
1888.9
1891.16
1892.72
1893.84
1896.03
1897.01
1571.2
1529.95
1886.52
1891.37
1892.29
1894.17
1894.96
1894.86
1895.39
1891.04
1531.09
1563.91
1891.51
1897.03
1898.12
1899.56
1899.93
1899.36
1898.72
1893.15
1550
1639.88
1901.43
1905.68
1907.34
1908.51
1908.72
1908.12
1906.58
1902.75
1634.86
1738.67
1921.02
1920.89
1921.31
1921.02
1921.15
1921.79
1921.2
1922.02
1735.55
1830.88
1950.7
1938.54
1937.32
1934.49
1934.58
1937.5
1938.18
1950.53
1832.33
1797.79
1797.76
1797.75
1797.74
1797.75
1797.76
1797.77
1797.79
1797.81
1797.84
1797.85
1797.86
1797.87
1797.86
1797.85
1797.84
1797.82
1797.79
1797.78
1797.74
1797.74
1797.73
1797.72
1797.71
1797.69
1797.67
1797.65
1797.64
1797.63
1797.63
1797.63
1797.62
1797.64
1797.67
1797.68
1797.7
1797.73
1797.76
1797.77
1797.76
1797.84
1797.82
1797.8
1797.8
1797.81
1797.83
1797.86
1797.9
1797.94
1797.98
1798.02
1798.05
1798.06
1798.07
1798.05
1798.02
1797.99
1797.95
1797.9
1797.87
1797.84
1797.84
1797.83
1797.82
1797.8
1797.77
1797.73
1797.69
1797.67
1797.66
1797.68
1797.7
1797.71
1797.71
1797.72
1797.73
1797.75
1797.77
1797.78
1797.79
1797.9
1797.88
1797.87
1797.88
1797.89
1797.92
1797.95
1797.99
1798.04
1798.09
1798.13
1798.17
1798.19
1798.2
1798.19
1798.16
1798.13
1798.06
1798.02
1797.97
1797.95
1797.93
1797.91
1797.89
1797.86
1797.83
1797.8
1797.76
1797.73
1797.71
1797.7
1797.62
1797.39
1797.38
1797.77
1797.78
1797.8
1797.82
1797.82
1797.84
1797.93
1797.91
1797.91
1797.92
1797.94
1797.97
1798
1798.04
1798.09
1798.14
1798.2
1798.24
1798.27
1798.29
1798.28
1798.26
1798.21
1798.16
1798.11
1798.08
1798.03
1797.99
1797.93
1797.89
1797.86
1797.86
1797.87
1797.87
1797.87
1797.87
1797.63
1796.8
1796.9
1796.83
1796.71
1797.33
1797.92
1797.92
1797.9
1797.93
1797.93
1797.92
1797.92
1797.93
1797.95
1797.97
1798
1798.04
1798.1
1798.15
1798.22
1798.26
1798.3
1798.33
1798.34
1798.32
1798.28
1798.25
1798.22
1798.17
1798.11
1798.04
1797.94
1797.42
1796.56
1797.56
1797.94
1797.99
1798.02
1798.05
1797.97
1796.65
1796.66
1796.62
1796.54
1796.41
1796.47
1797.01
1796.68
1796.73
1797.91
1797.91
1797.92
1797.92
1797.92
1797.95
1797.98
1798.02
1798.08
1798.13
1798.18
1798.24
1798.28
1798.33
1798.36
1798.37
1798.36
1798.36
1798.33
1798.31
1798.29
1798.26
1798.24
1794.85
1794.21
1794.7
1798.04
1798.27
1798.28
1798.3
1798.34
1797.9
1797.72
1798.43
1797.28
1796.39
1796.43
1796.47
1796.51
1796.53
1797.89
1797.89
1797.89
1797.89
1797.9
1797.92
1797.96
1797.99
1798.02
1798.05
1798.09
1798.14
1798.2
1798.27
1798.34
1798.4
1798.44
1798.46
1798.46
1798.47
1798.51
1798.55
1798.04
1792.95
1793.01
1792.85
1795.37
1798.51
1798.53
1798.5
1798.5
1798.59
1798.69
1798.78
1798.77
1798.67
1798.4
1797.54
1797.08
1797.76
1797.86
1797.87
1797.87
1797.88
1797.89
1797.9
1797.91
1797.92
1797.93
1797.93
1797.93
1797.94
1798
1798.1
1798.25
1798.39
1798.48
1798.53
1798.58
1798.64
1798.73
1798.82
1798.96
1793.72
1792.36
1792.37
1792.74
1798.46
1798.85
1798.4
1795.84
1795.78
1797.63
1797.78
1796.33
1795.15
1795.87
1797.57
1798.66
1798.72
1797.85
1797.86
1797.87
1797.88
1797.88
1797.88
1797.88
1797.87
1797.85
1797.81
1797.73
1797.53
1794.95
1796.96
1798.11
1798.36
1798.51
1798.59
1798.68
1798.78
1798.88
1798.99
1799.16
1797.74
1791.77
1791.91
1793.35
1799.57
1797.67
1794.68
1794.8
1794.78
1797.37
1798.17
1795.11
1794.58
1794.56
1794.48
1797.2
1799.05
1797.89
1797.89
1797.9
1797.9
1797.9
1797.91
1797.91
1797.91
1797.9
1797.88
1797.83
1793.26
1782.05
1787.74
1797.75
1798.56
1798.68
1798.74
1798.81
1798.89
1798.94
1799.01
1799.08
1799.16
1794.49
1792.99
1797.45
1799.59
1796.22
1794.56
1794.77
1796.48
1798.69
1799.07
1798.43
1797.31
1794.4
1794.48
1796.01
1799.22
1797.92
1797.94
1797.96
1797.88
1797.89
1797.98
1798.03
1798.06
1798.11
1798.18
1795.55
1778.35
1778.5
1778.47
1792.36
1798.94
1798.96
1798.98
1798.99
1799
1799.01
1799.02
1799.03
1799.02
1798.79
1798.51
1799
1799.05
1797.74
1797.09
1798.54
1799.28
1799.31
1799.3
1799.24
1799.16
1797.93
1795.9
1797.4
1799.2
1797.96
1797.99
1797.93
1797.94
1797.96
1798.09
1798.14
1798.19
1798.26
1798.39
1785.04
1776.5
1776.84
1776.86
1792.76
1799.21
1799.19
1799.18
1799.16
1798.89
1798.88
1799.06
1799.05
1798.98
1798.9
1798.82
1798.77
1798.84
1799.02
1799.25
1799.35
1799.41
1799.37
1799.31
1799.23
1799.09
1798.96
1798.91
1798.97
1799.26
1797.98
1798.03
1797.98
1798.02
1798.13
1798.19
1798.21
1798.24
1798.27
1798.33
1786.71
1775.66
1778.95
1784.67
1797.59
1799.34
1799.35
1799.35
1799.07
1798.89
1799
1799.22
1799.14
1798.99
1798.78
1798.49
1798.17
1798.16
1798.69
1799.15
1799.35
1799.57
1799.58
1799.46
1799.3
1799.06
1798.8
1798.66
1798.71
1799.13
1797.98
1798.06
1798.14
1798.25
1798.32
1798.34
1798.35
1798.35
1798.35
1798.35
1795.95
1788.73
1799.27
1799.54
1799.6
1799.59
1799.62
1799.52
1799.18
1799.15
1799.55
1799.55
1799.46
1799.28
1799.01
1791.58
1769.34
1763.25
1784.37
1795.87
1798.74
1800.01
1800.02
1799.82
1799.53
1799.06
1798.42
1795.66
1788.84
1796.24
1797.91
1798.17
1798.35
1798.46
1798.46
1798.56
1798.56
1798.52
1798.46
1798.36
1798.09
1789.95
1776.91
1798.5
1799.35
1799.63
1799.74
1799.69
1799.54
1799.7
1799.84
1800.14
1800.21
1800.07
1781.01
1750.01
1750.38
1750.9
1750.99
1767.6
1800.81
1800.95
1800.9
1800.57
1800.21
1799.85
1783.9
1759.32
1754.74
1756.71
1797.89
1798.35
1798.64
1798.47
1798.52
1798.97
1799.04
1799.04
1799.07
1799.16
1771.38
1738.87
1739.94
1779.66
1799.93
1800.17
1800.21
1800.12
1798.18
1788.22
1793.93
1801.48
1801.61
1791.76
1747.75
1748.16
1748.58
1748.92
1749.21
1767.39
1802.44
1802.35
1802.28
1802.02
1801.79
1801.49
1771.84
1753.74
1753.69
1753.69
1798.22
1798.81
1798.72
1798.92
1799.08
1799.62
1799.66
1799.58
1787.71
1741.19
1731.83
1733.29
1734.08
1772.06
1801.45
1801.35
1801.27
1799.69
1778.13
1774.19
1780.39
1803.08
1803.7
1789.38
1745.93
1746.57
1746.89
1746.88
1762.37
1801.74
1803.89
1803.72
1803.66
1803.47
1803.47
1803.83
1797.34
1754.31
1753.29
1753.02
1800.21
1800.11
1799.87
1800
1800.28
1800.66
1800.73
1782.3
1728.79
1729.46
1729.95
1730.44
1748.92
1803.05
1802.64
1802.36
1798.98
1775.82
1772.49
1772.85
1773.06
1775.27
1799.59
1805.36
1773.01
1746.05
1746.06
1792.73
1804.66
1805.32
1804.96
1804.79
1804.72
1804.51
1804.63
1805.18
1805.54
1797.99
1775.31
1768.29
1801.49
1800.97
1801.01
1801.37
1801.84
1801.99
1801.58
1753.97
1727.51
1727.81
1727.49
1765.06
1803.85
1804.02
1803.56
1803.05
1783.32
1771.75
1771.85
1772.04
1772.36
1776.58
1803.9
1804.5
1799.51
1786.96
1789.76
1804.65
1805.4
1805.39
1805.35
1805.36
1805.34
1805.23
1805.43
1805.92
1806.07
1805.77
1805.53
1804.83
1802.27
1801.96
1802.09
1802.61
1802.71
1802.85
1803.01
1779.37
1734.43
1738.42
1793.23
1803.42
1804.47
1804.06
1803.72
1803.5
1796.93
1771.74
1770.91
1771.02
1799
1803.47
1803.94
1804.25
1803.32
1802.28
1802.55
1804.56
1805.34
1805.54
1805.59
1805.71
1805.84
1806.07
1806.2
1806.35
1806.47
1805.98
1804.45
1804.28
1802.95
1802.73
1803.12
1803.31
1803.41
1803.53
1803.63
1801.58
1798.02
1797.26
1797.74
1797.02
1797.65
1802.29
1803.29
1803.13
1802.13
1798.05
1795.74
1799.9
1803.03
1803.35
1803.68
1803.89
1804.09
1804.34
1804.64
1804.98
1805.33
1805.57
1805.85
1806.08
1806.36
1806.52
1806.64
1806.71
1806.43
1804.62
1802.02
1801.71
1802.93
1803.12
1803.42
1803.76
1803.88
1801.65
1800.71
1802.57
1803.66
1802.36
1796.31
1796
1795.82
1802.05
1802.66
1802.45
1802.26
1801.97
1801.89
1801.97
1802.19
1802.52
1803.09
1803.48
1803.72
1803.98
1804.35
1804.81
1805.35
1805.82
1806.19
1806.54
1806.76
1806.93
1807.05
1807.02
1804.12
1802.38
1802.13
1801.73
1802.48
1803.16
1803.62
1803.33
1800.45
1800.72
1800.72
1802.67
1803.52
1803.16
1798.67
1795.28
1798.84
1800.59
1799.9
1799.43
1799.55
1797.82
1777.67
1770.42
1794.83
1800.16
1800.33
1800.82
1802.64
1803.5
1803.79
1804.47
1805.32
1806.08
1806.61
1806.87
1807.03
1807.17
1807.24
1807.25
1804.84
1802.42
1802.12
1802.43
1801.31
1803.2
1803.69
1803.9
1802.96
1801.89
1803.76
1803.6
1803.5
1803.58
1794.53
1742.95
1738.03
1737.93
1738.29
1738.25
1786.99
1801.75
1756.99
1754.52
1753.16
1768.45
1802.4
1803.37
1802.96
1802.2
1802.27
1803.35
1804.96
1806.22
1806.85
1806.92
1806.87
1806.9
1806.9
1806.83
1806.77
1806.65
1806.33
1805.84
1802.6
1803.1
1803.5
1797.91
1787.88
1800.63
1804.14
1800.11
1749.36
1736.11
1735.98
1735.87
1735.4
1734.91
1755.67
1800.68
1799.78
1799.3
1798.43
1789.47
1745.88
1734.01
1783.61
1806.21
1803.32
1757.88
1725.04
1737.43
1780.12
1797.95
1805.84
1801.07
1799.42
1803.15
1803.65
1803.24
1802.94
1802.8
1803
1803.66
1801.64
1802.76
1791
1785.55
1786.09
1790.2
1804.81
1775.89
1736.15
1735.2
1760.03
1804.18
1802.6
1801.49
1800.38
1798.96
1797.62
1796.36
1795.43
1710.92
1555.13
1553.13
1575.1
1772.91
1808.65
1618.98
1583.47
1581.9
1579.05
1614.86
1675.5
1642.62
1634.23
1657.48
1660.13
1658.78
1661.9
1670.37
1675.71
1680.97
1700.01
1798.57
1798.13
1794.11
1792.62
1797.72
1799.92
1770
1734.17
1750.98
1801.46
1800.48
1799.33
1797.97
1796.67
1796.19
1739.3
1556.96
1528.88
1532.36
1538.2
1543.99
1547.81
1672.99
1819.19
1820.17
1674.98
1578.22
1576.63
1576.12
1575.65
1576.13
1576.43
1576.26
1574.76
1573.31
1571.5
1570.08
1569.13
1568.78
1636.96
1757.66
1797.01
1797
1796.69
1780.02
1770.38
1768.73
1776.77
1798.84
1797.84
1796.93
1795.52
1794.06
1738.98
1545.04
1514.09
1517
1519.85
1523.26
1524.08
1636.08
1805.94
1814.9
1817.51
1820.35
1822.59
1774.25
1600.29
1572.4
1573.66
1574.24
1606.36
1609.16
1583.62
1571.22
1570.58
1569.39
1568.25
1567.64
1621.07
1717.74
1794.59
1794.37
1783.38
1767.06
1766.97
1774.45
1795.85
1795.09
1794.48
1793.88
1790.96
1647.61
1506.06
1507.11
1507.93
1509.48
1511.3
1519.44
1758.92
1811.73
1810.76
1811.34
1812.92
1814.93
1817.41
1820.49
1822.55
1698.8
1620.37
1757.46
1828.76
1831.8
1795.98
1722.23
1660.57
1657.55
1653.56
1638.86
1610.51
1690.15
1791.24
1791.29
1775.52
1761.85
1761.43
1788.36
1790.79
1790.47
1790.39
1790.52
1790.66
1739.43
1530.82
1499.48
1499.7
1501.46
1528.69
1755.56
1805.58
1804.61
1804.46
1805.05
1806.24
1807.84
1809.78
1812.15
1814.45
1816.24
1817.93
1820.87
1824.2
1826.47
1827.43
1827.58
1821.86
1769.83
1741.2
1737.7
1602.11
1641.36
1788.3
1788.08
1772.03
1756.22
1766.62
1784.77
1784.11
1783.85
1784
1784.4
1784.44
1787.07
1791.56
1790.35
1727.93
1639.75
1685.7
1794.16
1794.76
1794.91
1795.08
1796.22
1797.64
1799.12
1800.79
1802.88
1805.23
1807.69
1810.38
1813.63
1816.97
1819.87
1822.11
1823.66
1815.06
1775.45
1732.21
1732.15
1595.94
1617.64
1785.15
1783.39
1772.78
1751.55
1775.11
1777.17
1776.25
1775.67
1773.85
1768.55
1772.31
1778.5
1780.4
1782.18
1783.17
1783.37
1783.4
1783.83
1784.27
1783.54
1784.22
1785.44
1787.88
1789.25
1790.89
1792.84
1795.09
1797.66
1800.63
1803.99
1807.54
1811.01
1814.15
1816.74
1818.47
1814.35
1753.11
1703.55
1587.03
1633.17
1780.62
1777.8
1773.73
1770.61
1771.19
1769.6
1768.17
1761.99
1759.01
1759.06
1759.55
1765.71
1769.8
1770.96
1771.85
1772.49
1773.15
1773.86
1773.26
1773.59
1774.25
1774.97
1776.7
1778.6
1779.86
1781.43
1783.38
1785.8
1788.73
1792.17
1795.99
1799.95
1803.77
1807.12
1809.63
1810.4
1806.19
1734.94
1571.61
1678.32
1775.72
1772.64
1769.81
1767.06
1764.43
1762.29
1759.74
1751.32
1750.41
1750.17
1750.39
1751.06
1756.04
1761.38
1762.39
1763.28
1764.11
1764.88
1765.24
1764.41
1764.88
1765.31
1765.88
1767.9
1768.47
1769.31
1770.59
1772.47
1775.09
1778.46
1782.49
1786.93
1791.43
1795.57
1798.92
1798.97
1796.18
1793.06
1557.07
1754.99
1774.13
1769.62
1765.59
1761.84
1758.45
1755.56
1752.22
1747.35
1742.6
1742.25
1742.4
1742.97
1743.87
1750.72
1754.63
1755.65
1756.57
1757.34
1757.94
1758.32
1757.77
1756.72
1757.05
1757.7
1757.26
1756.99
1757.2
1758.2
1760.22
1763.31
1767.43
1772.29
1777.44
1782.35
1786.45
1788.9
1786.45
1781.39
1533.79
1756.16
1772.78
1767.4
1762.33
1757.57
1753.25
1747.74
1738.5
1739.35
1745.3
1739.55
1736.05
1736.74
1737.75
1738.91
1746.8
1750.13
1751.1
1751.86
1752.33
1752.46
1752.19
1751.5
1750.34
1748.09
1746.67
1743.96
1741.89
1741.09
1741.97
1745.14
1750.24
1756.29
1762.48
1768.22
1773.03
1776.56
1774.97
1767.3
1503.56
1687.27
1772.53
1766.19
1760
1754.02
1748.46
1744.27
1733.69
1730.07
1740.35
1740.73
1738.86
1732.97
1734.16
1735.56
1736.91
1740.27
1747.53
1748.71
1749.18
1749.06
1748.37
1747.07
1744.87
1739.49
1727.95
1691.36
1630.32
1592
1583.09
1618.36
1678.08
1731.27
1746.71
1755.02
1760.29
1764.17
1765.19
1757.25
1501.25
1666.72
1773.28
1765.77
1758.19
1750.41
1728.53
1698.04
1693.68
1738.2
1738.44
1738.92
1739.9
1741.28
1738.59
1734.88
1736.42
1737.91
1739.06
1743.59
1748.55
1748.56
1747.62
1745.89
1741.75
1679.83
1452.53
1277.56
1150.59
1101.13
1090.26
1118.41
1208.65
1413.46
1656.68
1745.47
1751.49
1755.15
1757.43
1755.99
1583.46
1740.85
1772.45
1764.71
1756.16
1746.25
1676.14
1387.51
1426.81
1737.29
1740.92
1742.01
1743.05
1744.12
1745.33
1746.68
1744.93
1741.94
1741.47
1743.46
1749.92
1751.59
1751.11
1749.73
1736.04
1375.69
1075.49
1015.75
1014.87
1014.49
1014.31
1014.27
1014.78
1018.4
1211.09
1665.2
1748.67
1752.29
1754.58
1758.11
1768.49
1778.32
1773.16
1766.56
1758.92
1749.59
1549.58
1068.8
1073.85
1320.76
1506.74
1660.38
1743.01
1751.95
1751.71
1752.07
1752.94
1754
1754.4
1755.57
1756.15
1757.32
1758.11
1755.54
1561.54
1081.74
1013.2
1013.26
1013.31
1013.21
1012.95
1012.56
1012.16
1012.02
1013.03
1365.17
1730.18
1755.1
1757.58
1761.28
1786.17
1781.63
1776.71
1771.35
1765.4
1660.49
1167.82
1054.67
1053.87
1053.66
1063.15
1146.22
1544.35
1759.09
1758.7
1758.52
1759.11
1760.13
1761.36
1762.69
1764.04
1764.47
1763.7
1620.93
1155.51
1011.71
1012.08
1012.56
1012.81
1012.71
1012.19
1011.47
1010.57
1009.95
1009.58
1173.89
1703.98
1762.2
1765.41
1768.73
1790.15
1785.69
1781.09
1776.08
1621.07
1194.25
1051.76
1052
1052.2
1052.03
1052.7
1056.98
1448.66
1765.32
1765.11
1765.06
1765.67
1766.79
1768.23
1769.9
1771.75
1766.94
1627.2
1202.31
1010.05
1010.46
1011.19
1011.96
1012.54
1012.47
1011.33
1008.98
1008.06
1006.86
1006
1132.82
1697.68
1772.98
1775.88
1777.22
1794.38
1789.96
1780.63
1543.26
1121.91
1050.46
1049.92
1050.34
1049.93
1049.39
1048.98
1118.79
1555.7
1771.58
1771.07
1771.23
1772
1773.3
1775.07
1777.24
1780.08
1736.64
1274.18
1019.04
1009.01
1008.73
1028.52
1130.74
1243.45
1299.36
1291.95
1198.46
1031.88
1002.75
1000.54
1138.01
1706.69
1783.71
1786.23
1786.21
1799.45
1795.11
1706.25
1161.49
1050.33
1049.45
1048.97
1048.24
1046.41
1044.68
1056.89
1240.46
1620.14
1775.11
1775.33
1776.02
1777.14
1778.76
1780.88
1783.62
1787.49
1707.19
1133.37
1023.28
1029.8
1180.96
1468.1
1690.71
1786.2
1812.69
1808.99
1738.84
1448.67
1022.69
996.01
1162.82
1720.07
1791.3
1794.96
1794.84
1804.93
1801.03
1730.69
1231.94
1049.31
1046.48
1118.03
1211.15
1275.64
1224.22
1258.59
1504.02
1725.5
1777.32
1778.45
1779.61
1780.97
1782.65
1784.64
1787.01
1789.94
1711.4
1317.92
1288.04
1488.01
1712.11
1813.83
1814.86
1816.4
1818.3
1820.2
1821.52
1802.6
1357.92
994.297
1170.54
1714.45
1799
1803.24
1803.05
1809.87
1806.1
1793.69
1683.31
1544.47
1485.02
1538.86
1557.24
1498.85
1441.66
1476.56
1732.36
1781.43
1781.76
1782.51
1783.49
1784.75
1786.34
1788.24
1790.47
1792.98
1760.18
1751.75
1798.59
1806.36
1809.74
1812.66
1815.33
1817.79
1820.09
1822.23
1824.14
1825.39
1719.44
1059.14
1113.71
1619.7
1801.54
1808.03
1808.95
1811.81
1806.2
1800.66
1690.79
1544.1
1541.72
1605.17
1689.9
1579.3
1551.38
1660.05
1785.71
1786.48
1786.38
1786.65
1787.32
1788.39
1789.81
1791.57
1793.67
1795.99
1795.38
1799.81
1802.26
1805.71
1808.54
1810.44
1815.51
1819.73
1822.89
1826.02
1829.23
1832.84
1800.61
1129.13
1097.11
1527.56
1808.96
1814.93
1816.02
1812.69
1740.33
1516.74
1232.35
1084.5
1159.07
1468.52
1755.23
1786.96
1787.82
1794.73
1793.26
1791.95
1791.16
1790.9
1791.17
1791.9
1793.05
1794.58
1796.47
1797.83
1801.05
1801.85
1797.86
1788.01
1766.19
1762.43
1782.13
1814.79
1824.71
1828.42
1831.94
1836.01
1814.21
1159.74
1091.55
1480.71
1820.1
1825.1
1825.91
1545.92
1200.1
959.06
899.877
918.364
1129.09
1618.12
1815.84
1813.38
1807.28
1802.73
1799.57
1797.33
1795.84
1795.04
1794.86
1795.24
1796.12
1797.43
1799.13
1801.08
1803.37
1804.87
1785.45
1751.99
1754.66
1757.59
1760.64
1778.25
1823.56
1830.91
1834.63
1838.85
1833.65
1202.59
1086.5
1449.94
1830.45
1836.45
1837.71
967.379
889.583
890.093
893.701
958.228
1472.14
1823.25
1826.47
1819.41
1813.39
1808.6
1804.84
1801.98
1799.97
1798.73
1798.19
1798.28
1798.93
1800.08
1801.67
1803.64
1805.94
1808.52
1804.36
1784.44
1760.17
1758.99
1762.17
1765.57
1818.4
1833.43
1837.14
1841.07
1846.18
1328.48
1085.7
1416.34
1838.78
1848.67
1852.62
887.272
887.551
888.519
896.526
1334.05
1821.24
1839.8
1831.86
1824.56
1818.4
1813.23
1809.02
1805.74
1803.35
1801.78
1800.98
1800.87
1801.39
1802.46
1804.02
1806.04
1808.4
1811.08
1814.05
1817.34
1820.82
1789.84
1764.97
1768.53
1823.33
1836.07
1839.95
1843.35
1847.34
1567.45
1089.36
1393.6
1843.89
1861.67
1865.99
887.487
887.61
893.756
1290.73
1815.77
1852.59
1844.28
1835.92
1828.56
1822.11
1816.59
1812.04
1808.45
1805.8
1804.04
1803.1
1802.83
1800.52
1801.62
1805.29
1808.23
1810.77
1813.57
1816.62
1819.88
1823.26
1826.69
1811.37
1812.97
1824.47
1828.48
1841.77
1846.61
1849.61
1779.87
1130.9
1384.77
1843.35
1872.97
1878.17
888.059
976.55
1464.48
1850.34
1865.31
1856.08
1847
1838.72
1831.19
1824.46
1818.64
1813.8
1809.99
1807.2
1805.39
1804.5
1801.81
1784.61
1784.26
1797.46
1809.45
1813.16
1816.27
1819.53
1822.96
1826.52
1830.18
1833.96
1837.95
1776.48
1661.87
1756.76
1851.1
1857.91
1862.64
1275.24
1387.59
1830.94
1881.29
1888
1426.65
1755.23
1877.33
1875.06
1866.27
1857.3
1848.62
1840.35
1832.59
1825.51
1819.32
1814.18
1810.19
1807.37
1805.66
1805.01
1797.95
1783.56
1785.13
1787.36
1795.37
1814.61
1819.21
1822.78
1826.41
1830.18
1834.03
1837.94
1842.45
1740.98
1611.72
1606.67
1774.21
1870.16
1876.13
1445.18
1398.74
1812.58
1888.78
1897.06
1880.81
1884.67
1880.87
1875.06
1867.17
1858.68
1850.05
1841.58
1833.32
1825.49
1818.56
1812.96
1808.81
1806.08
1804.65
1804.39
1805.21
1801.55
1786.35
1788.91
1792.52
1814.14
1822.44
1826.42
1830.05
1833.95
1838.29
1842.71
1847.58
1827.89
1605.12
1604.92
1607.29
1839.09
1887.75
1531.93
1412.06
1809.95
1897.71
1907.08
1893.94
1889.37
1884.3
1878.08
1870.1
1860.86
1851.66
1842.92
1833.92
1824.26
1815.45
1808.98
1804.71
1802.34
1801.71
1802.36
1804.04
1806.54
1809.04
1797.8
1807.35
1818.73
1824.22
1826.85
1829.13
1835.23
1841.81
1846.82
1852.19
1859.02
1755.08
1605.88
1612.37
1709.96
1896.71
1544.02
1438.79
1826.76
1908.18
1918.19
1894.96
1889.78
1886.42
1882.99
1875.72
1864.72
1854.43
1846.33
1822.27
1765.56
1719.23
1715.75
1739.3
1773.19
1788.18
1794.99
1800.4
1805.04
1809.57
1814.33
1819.36
1824.56
1692.4
1648.86
1768.11
1836.68
1843.22
1849.18
1855.11
1861.51
1870.1
1655.41
1610.85
1632.71
1884.34
1532.01
1539.27
1862.15
1921.57
1932.21
1755.29
1784.89
1868.9
1887.97
1803.08
1664.72
1662.56
1660.38
1344.17
912.57
904.149
898.151
1044.84
1429.38
1675.8
1749.94
1788.37
1802.08
1808.77
1814.6
1820.29
1809.77
1521.04
1474.42
1534.67
1760.7
1839.67
1848.06
1855.39
1862.65
1870.75
1810.51
1607.78
1607.76
1828.72
1569.34
1661.13
1898.03
1935.27
1946.61
1125.34
1115.49
1432.86
1834.05
1490.31
1002.11
957.328
934.393
916.855
906.143
903.136
901.065
898.335
894.48
893.249
1290.89
1761.77
1797.28
1807.74
1814.73
1820.86
1793.88
1516.28
1444.7
1442.04
1443.09
1625.3
1834.32
1851.14
1861.14
1870.16
1880.74
1680.93
1601.81
1608.4
1650.87
1811.47
1929.29
1945.96
1958.64
1203.45
1221.37
1229.3
1312.69
1698.83
1767.2
1467.42
970.334
912.268
985.884
1217.37
1141.68
898.015
888.655
912.82
1260.65
1745.76
1792.9
1804.47
1811.39
1797.35
1610.67
1406.15
1426.26
1430.8
1435.07
1436.8
1693.02
1843.04
1857.62
1868.03
1878.19
1791.41
1596.85
1605.85
1612.81
1801.91
1937.01
1952.74
1967.12
1928.75
1914.51
1899.1
1885.8
1871.19
1855.64
1838.63
1783.67
1687.39
1714.83
1801.43
1828.08
1825.61
1816.89
1792.61
1764.27
1769.53
1777.33
1778.76
1709.74
1439.54
1373.42
1420.93
1427.14
1420.07
1424.69
1445.51
1738.66
1843.35
1806.92
1804.47
1840.31
1854.06
1708.44
1603.91
1611.45
1859.72
1938.6
1956.24
1971.95
1901.96
1885.9
1870.03
1855.2
1841.37
1828.18
1816.07
1806.4
1800.34
1797.24
1794.25
1791.43
1788.91
1786.47
1783.95
1782.4
1707.44
1632.6
1635.97
1685.01
1746.08
1547.44
1409.97
1417.4
1414.91
1570.72
1799.92
1835.75
1843.7
1825.38
1800.07
1834.88
1847.71
1797.06
1604.37
1632.65
1873.51
1935.48
1954.73
1971.6
1882.69
1863.58
1844.8
1827.12
1811.16
1797.39
1785.63
1775.8
1768.19
1762.31
1758.42
1756.01
1753.98
1748.49
1740.87
1741.71
1744.58
1747.34
1680.96
1684.42
1759.49
1773.91
1753.91
1673.66
1679.56
1757.5
1820.59
1827.39
1833.81
1841.4
1807.69
1810.41
1838.35
1865.78
1644.5
1631.57
1873.57
1926.39
1947.04
1964.87
1854.11
1831.4
1809.29
1788.85
1769.76
1751.07
1735.41
1685.6
1610.6
1538.11
1541.53
1613.58
1702.61
1546.03
1270.03
1338.29
1627.51
1715.06
1721.9
1730.93
1741.79
1754.32
1766.19
1779.05
1788.08
1794.09
1800.9
1808.39
1815.69
1823.68
1821.45
1793.84
1824.95
1848.82
1801
1747.35
1859.56
1913.12
1933.79
1951.77
1821.87
1794.61
1765.1
1647.98
1441.57
1289.9
1268.54
1123.44
1152.43
1159.61
1164.44
1192.53
1194.12
1212.33
1232.8
1235.83
1356.37
1653.75
1682.82
1688.14
1700.79
1720.97
1734.12
1745.12
1755.48
1765.24
1774.11
1782.66
1791.49
1800.53
1810.24
1791.55
1799.86
1825.71
1852.26
1863.52
1859.41
1891.49
1914.3
1931.98
1791.03
1666.98
1402.29
906.557
951.643
978.237
997.676
1086.95
1135.11
1302.96
1561.26
1455.39
1185.22
1334.28
1611.39
1663.71
1663.38
1652.03
1540.13
1148.33
1086.65
1261.45
1604.56
1508.06
1525.68
1709.39
1742.42
1753.51
1763.87
1773.8
1783.9
1793.94
1787.69
1806.14
1828.08
1840.44
1853.01
1868.22
1888.88
1905.77
1731.72
1001.21
812.391
843.999
954.198
1197.17
1622.83
1693.61
1677.68
1663.84
1652.4
1642.47
1634.7
1630.17
1627.66
1626.66
1627.49
1563.9
1119.44
1041.9
1035.52
1037.9
1063.37
991.14
1129.42
1593.25
1703.42
1720.4
1734.79
1746.25
1756.51
1767.34
1778.41
1789.01
1801.9
1814.17
1827.37
1842.32
1859.84
1874.94
1103.6
701.718
735.086
1109.06
1693.14
1686.44
1669.46
1652.36
1636.49
1622.58
1610.85
1600.69
1594.59
1591.87
1592.26
1595.78
1599.99
1599.49
1596.29
1266.81
999.984
962.749
942.829
931.139
909.56
1013.2
1100.18
1140.52
1444.84
1713.41
1726.67
1739.59
1752.22
1764.35
1776.12
1788.4
1801.01
1814.66
1829.69
1842.45
757.864
652.901
966.168
1655.83
1669.66
1653.89
1637.65
1621.48
1605.7
1589.15
1572.4
1542.46
1488.94
1463.61
1489.97
1547.69
1576.19
1581.68
1588.84
1599.3
1230.08
976.051
1024.98
1242.63
875.207
838.349
837.744
849.203
868.457
1364.39
1700.04
1715.85
1729.39
1741.56
1751.97
1765.05
1776.8
1788.62
1801.06
1811.33
604.942
600.066
1354.93
1656.26
1646.76
1631.58
1616.43
1601.25
1582.07
1401.55
1074.93
766.586
502.359
445.514
539.194
812.496
1234.38
1558.91
1569.99
1577.79
1551.17
1012.82
1236.53
1432.09
969.552
808.809
778.751
821.421
839.131
1096.1
1666.93
1701.51
1713.13
1720.02
1733.95
1746.35
1756.36
1766.14
1775.93
1783.77
495.368
653.53
1500.28
1649.2
1635.17
1620.71
1607.56
1591.74
1287.05
383.439
150.126
145.871
145.374
146.072
147.763
188.511
410.871
946.469
1411.49
1526.59
1520.6
1304.78
1438.29
1431.3
991.92
814.2
731.21
889.635
960.723
1354.25
1653.84
1523.59
1570.17
1691.24
1722.08
1731.88
1740.14
1747.93
1755.3
1760.94
434.59
645.411
1520.85
1638.68
1627.01
1616.46
1606.25
1538.36
410.288
148.623
145.678
145.338
145.322
145.391
145.731
147.192
153.921
346.892
992.399
1366.62
1474.71
1481.16
1455.31
1428.05
1033.75
781.778
707.662
829.88
1098.44
1397.67
1519.56
1244.17
1319.84
1676.77
1714.88
1722.15
1728.4
1734.17
1739.43
1743.25
387.561
614.373
1553.07
1633.22
1623.29
1614.9
1604.19
1087.22
172.65
145.314
145.065
145.132
145.197
145.245
145.316
145.647
148.439
200.631
845.058
1349.45
1465.32
1418.06
1223.53
1016.79
746.933
695.2
700.895
706.768
776.086
1003.61
1027.48
1154.44
1373.27
1683.03
1711.58
1716.41
1720.51
1724.36
1727.84
1730.37
353.044
777.643
1610.2
1630.31
1621.44
1613.73
1604.02
803.91
147.602
144.617
144.666
144.786
144.915
145.062
145.181
145.39
146.79
151.083
215.307
445.021
565.432
622.413
649.407
681.156
691.738
696.488
701.292
705.386
799.144
1118.93
1275.14
1445.09
1596.6
1692.31
1708.71
1713.05
1715.6
1717.9
1719.88
1722.65
333.302
1083.02
1631.96
1627.82
1620.7
1613.97
1586.19
652.917
144.621
144.131
144.149
144.338
144.599
144.814
145.026
145.971
169.705
589.006
945.599
1021.06
895.228
744.941
672.614
681.821
684.498
687.912
795.06
1076.77
1422.31
1593.68
1674.88
1697.59
1704.42
1704.01
1706.23
1709.68
1712.57
1715.03
1716.23
1718.53
323.042
1264.63
1632.67
1628.14
1622.41
1616.29
1561.17
578.496
143.624
143.087
143.113
143.458
143.74
144.145
161.28
871.756
1541.69
1602.05
1616.87
1626.81
1585.11
1424.27
1151.09
1050.48
1241.45
1456.17
1574.33
1660.28
1694.59
1699.46
1703.07
1706.05
1708.61
1710.63
1711.46
1712.05
1713.16
1716.58
1717.17
1717.27
316.254
1331.78
1637.45
1632.74
1627.16
1621.08
1563.6
549.001
141.108
140.602
140.667
141.564
144.911
177.065
931.876
1629.48
1638.89
1644.62
1649.38
1650.3
1650.03
1654.98
1660.75
1664.24
1679.27
1686.62
1691.59
1696.68
1703.24
1707.72
1711.38
1714.32
1716.69
1718.54
1719.93
1719.5
1720.19
1723.31
1722.99
1721.27
310.636
1370.85
1646.13
1640.75
1634.65
1627.64
1595.7
653.871
136.437
136.23
136.186
137.043
145.063
495.186
1504.16
1649.21
1654.31
1659.78
1664.8
1667.56
1666.51
1678.04
1684.69
1690.29
1696.3
1701.79
1706.19
1710.1
1715.88
1719.78
1723.05
1725.78
1728.06
1729.44
1730.29
1730.98
1733.3
1734.22
1732.63
1730.02
306.975
1411.2
1657.28
1651.01
1644.06
1635.37
1623
825.605
130.274
130.669
130.641
131.293
134.698
454.801
1490.8
1663.74
1668.48
1673.66
1678.71
1682.01
1684.61
1693.3
1699.72
1705.3
1710.76
1715.71
1718.38
1722.7
1728.62
1732.5
1735.18
1737.98
1740.5
1742.81
1745.03
1747.17
1747.98
1747.67
1744.95
1741.92
300.312
1448.31
1670.29
1662.97
1655.14
1644.55
1637.95
1086.34
124.351
125.76
124.489
125.856
127.33
217.994
1128.02
1677.84
1681.6
1686.37
1691.39
1696.37
1701.46
1706.47
1711.62
1717.2
1722.6
1726.38
1729.96
1734.73
1739.29
1743.51
1747.94
1751.03
1754.03
1757.61
1760.06
1761.38
1762
1761.53
1758.82
1754.66
291.99
1473.56
1685.3
1677.18
1669.23
1658.44
1648.53
1366.07
154.984
118.886
115.998
115.104
120.439
127.673
338.553
1284.38
1694.69
1698.09
1702.72
1702.89
1683.89
1694.39
1722.1
1727.15
1732.46
1737.6
1740.61
1745.17
1750.16
1757.06
1761.38
1764.58
1767.95
1770.94
1772.92
1774.22
1774.66
1773.76
1770.66
1757.78
282.521
1472.14
1702.74
1693.81
1686.27
1676.85
1666.14
1577.57
499.384
106.017
106.469
105.646
106.939
115.292
120.878
330.239
1291.09
1708.3
1712.2
1705.94
1666.38
1669.61
1706.48
1735.35
1740.32
1745.66
1750.66
1755.58
1761.39
1766.86
1771.32
1775.26
1778.63
1781.38
1783.41
1784.61
1784.7
1780.88
1770.27
1761.26
273.38
1388.81
1722.47
1712.22
1704.58
1696.06
1685.19
1668.22
880.98
99.9725
101.817
101.122
100.07
101.116
102.443
106.251
286.594
1235.27
1720.07
1723.43
1727.04
1677.57
1635.05
1723.9
1746.25
1751.28
1756.82
1762.51
1768.11
1773.4
1778.23
1782.51
1786.13
1789.01
1791.01
1790.9
1782.57
1776.69
1772.76
1768.13
267.379
1282.24
1744.24
1732.47
1724.22
1710.57
1702.72
1686.2
1227.17
120.799
99.2287
98.299
97.6448
97.4547
97.6377
98.6329
100.917
197.611
967.119
1660.92
1735.03
1723.73
1637.08
1654.88
1749.71
1754.31
1760.22
1766.37
1772.29
1777.85
1782.91
1787.36
1791.09
1793.98
1795.88
1793.02
1786.8
1784.85
1783.68
1781.79
263.198
1170.29
1767.22
1753.98
1744.85
1724.63
1622.45
1643.07
1334.07
263
95.4212
96.013
95.9917
95.8373
95.7092
95.7013
96.3256
97.8553
148.032
563.191
979.706
1254.98
1465.89
1500.65
1579.92
1721.74
1760.73
1768.39
1775.07
1780.94
1786.12
1790.61
1794.31
1797.12
1798.85
1798.5
1796.92
1795.64
1792.29
1789.05
258.529
1080.16
1788.49
1773.92
1762.01
1752.28
1503.14
1058.01
1112.21
449.694
93.9719
95.2617
95.191
94.9804
94.8169
94.7004
94.6482
95.2307
98.6833
135.803
172.399
195.855
390.766
657.575
1056.09
1577.21
1760.92
1770.43
1777.93
1783.94
1789.03
1793.38
1796.96
1799.63
1801.36
1802.04
1801.69
1798.48
1750.92
1639.17
252.834
1042.37
1806.9
1791.96
1777.4
1763.77
1492.76
673.181
607.873
814.365
241.765
94.563
94.4701
94.3486
94.2394
94.1271
94.006
94.1293
93.9291
100.226
131.081
106.115
95.5628
96.4301
235.959
1058.72
1647.04
1735.02
1783.6
1788.58
1792.87
1796.83
1800.19
1802.76
1803.95
1739.92
1601.97
1540.21
1522.58
1516.14
247.258
1040.86
1823.32
1809.46
1794.83
1780.39
1519.89
658.495
582.045
897.388
775.771
92.759
93.7622
93.833
93.7716
93.7006
93.6488
93.588
93.4665
97.4903
110.574
99.8661
93.8095
93.7547
94.4097
307.068
1327.45
1632.12
1506.58
1740.56
1797.98
1801.49
1804.64
1807.06
1763.14
1528.61
1520.42
1520.24
1519.46
1518.02
243.197
1059.83
1838.45
1826.28
1813.15
1799.41
1699.04
827.033
529.625
841.1
1068.54
545.321
93.4076
93.6145
93.5124
93.41
93.3333
93.2609
93.1311
96.6222
95.0226
94.0794
93.4632
93.3783
93.4792
95.8626
1144.46
1658.59
1347.33
973.908
1761.98
1807.86
1810.35
1812.42
1778.16
1543.11
1523
1523.15
1522.06
1520.6
241.397
1076.7
1851.97
1840.99
1829.38
1815.9
1753.71
916.376
509.793
715.778
1079.27
1083.47
462.769
93.0881
93.2447
93.2564
93.1958
93.1628
93.0957
93.0733
93.0822
93.1222
93.162
93.2315
93.1571
170.531
1351.17
1667.82
1370.81
801.661
1157.51
1783.58
1817.34
1819.06
1813.75
1707.75
1526.33
1526.17
1524.82
1555.84
243.266
1038.56
1864.01
1852.52
1843.15
1832.19
1818
1242.41
489.803
461.155
904.458
1086.9
1092.31
652.425
92.3217
92.7992
92.9639
93.0582
93.0409
92.8188
92.6408
92.5793
92.5661
92.4767
285.871
1008.7
1664.46
1674.4
1033.36
788.648
788.834
1643.75
1824.02
1825.21
1826.27
1822.82
1665.34
1533.32
1619.19
1805.18
240.529
913.632
1875.04
1862.29
1854.69
1847.35
1837.93
1678.25
713.066
450.227
437.425
734.171
1084.87
1081.94
913.067
238.069
95.3862
127.666
184.829
204.41
220.92
329.208
594.634
1016.92
1429.76
1685.46
1684.4
1645.99
779.901
782.178
815.835
1702.99
1828.74
1830.18
1831.71
1831.31
1823.55
1791.31
1816.1
1827.62
214.784
687.647
1873
1866.43
1863.08
1857.75
1852.39
1845.44
1538.44
578.502
433.144
420.609
464.643
573.765
534.009
750.483
1085.53
1247.18
1284.14
1294
1393.19
1533.89
1646.56
1684.35
1694.62
1692.44
1687.3
1629.78
1031.8
808.567
1251.47
1809.89
1832.42
1834.31
1836.08
1836.51
1840.34
1841.86
1841.16
1834.15
147.977
154.14
728.38
1586.74
1859.76
1859.12
1859.46
1859.7
1859.14
1704.23
857.231
404.931
405.626
404.783
405.77
410.647
609.787
1030.91
1341.38
1613.37
1678.24
1682.1
1683.14
1681.68
1681.55
1614.99
1425.42
707.271
873.841
1432.21
1799.71
1837.31
1837.5
1838.92
1840.68
1842.38
1845.93
1848.72
1848.8
1830.38
50.292
17.9939
81.452
250.727
379.599
802.759
1631.11
1864.11
1862.78
1864.66
1848.45
1626.92
1166.98
641.193
403.511
414.178
412.746
421.733
474.466
634.498
1033.94
1269.91
1282.14
1151.81
856.275
599.762
385.481
302.689
350.162
951.007
1836.6
1842.16
1840.43
1841.96
1844.25
1846.92
1850.53
1855.52
1859.36
1844.11
7.38714
4.01175
4.86063
11.5838
34.4484
83.1657
164.891
335.427
667.75
1137.13
1540.76
1637.62
1641.29
1600.59
1493.84
1336.98
1234.28
1194.14
1173.26
1034.09
756.068
639.378
592.113
524.265
403.328
306.6
301.099
301.899
300.708
299.002
543.026
1387.07
1843.84
1843.92
1845.56
1847.76
1851.93
1859.97
1871.98
1862.52
1.40496
1.65743
1.72556
1.86015
1.98617
3.79902
19.1271
30.5959
23.9146
37.2929
135.267
338.797
598.156
851.88
1036.57
1129.2
1158.05
1159.81
1169.27
1172.67
1169.79
1150.55
1136
1124.11
1106.09
1073.19
1022.87
979.036
700.258
301.408
334.184
388.453
1382.64
1855
1847.89
1843.22
1843.37
1851.84
1871.77
1873.85
1.02161
1.27967
1.19741
1.04692
0.889804
0.80058
0.753676
0.746263
2.25699
8.58255
5.22196
2.64282
4.08053
16.6366
51.9908
110.178
179.233
256.623
372.958
533.446
601.158
662.033
737.876
816.839
879.176
985.502
1009.53
987.065
952.408
1125.19
1285.94
1474.79
1824.56
1836.67
1822.84
1816.25
1815.8
1824.8
1852.01
1879.66
0.614848
0.93338
0.959888
0.850725
0.626134
0.446799
0.328829
0.258601
0.220752
0.192499
0.587608
1.87069
0.680268
0.0170314
-0.0503324
-0.158206
-0.21387
-0.27129
-0.407573
-0.118114
2.53972
8.70302
20.4722
38.8791
63.6959
107.105
213.673
217.112
238.355
311.855
453.337
686.397
891.635
1060.03
1484.14
1763.73
1716.62
1685.66
1696.36
1707.82
-2.06627
0.209042
0.478577
0.289325
0.129755
0.064447
0.0645957
0.0889597
0.113478
0.128122
0.153792
0.216469
0.149839
0.0999687
0.101257
0.0981825
0.106516
0.188407
0.31199
0.316041
0.227058
-0.0652848
-0.600099
-1.44974
-2.75491
-3.2605
-3.01875
-4.21173
-8.86053
-9.00959
-5.53246
-10.5365
-19.6881
-30.1339
-32.2083
-41.0524
13.4033
64.3392
350.882
1215.07
1803.6
1803.63
1803.68
1803.7
1803.73
1803.77
1803.79
1803.79
1803.77
1803.73
1803.66
1803.57
1803.46
1803.33
1803.19
1803.02
1802.84
1802.65
1802.45
1802.24
1802.02
1801.79
1801.57
1801.34
1801.11
1800.88
1800.66
1800.44
1800.22
1800.02
1799.82
1799.62
1799.44
1799.27
1799.11
1798.96
1798.82
1798.69
1798.56
1798.45
1803.5
1803.54
1803.56
1803.57
1803.58
1803.58
1803.57
1803.55
1803.5
1803.45
1803.37
1803.27
1803.16
1803.03
1802.88
1802.72
1802.55
1802.37
1802.17
1801.97
1801.76
1801.55
1801.34
1801.12
1800.91
1800.69
1800.48
1800.28
1800.08
1799.89
1799.7
1799.52
1799.36
1799.2
1799.05
1798.9
1798.77
1798.65
1798.54
1798.44
1803.41
1803.48
1803.52
1803.52
1803.5
1803.48
1803.44
1803.38
1803.32
1803.23
1803.14
1803.03
1802.9
1802.76
1802.61
1802.45
1802.27
1802.09
1801.9
1801.7
1801.5
1801.3
1801.1
1800.89
1800.69
1800.49
1800.29
1800.1
1799.91
1799.74
1799.57
1799.4
1799.25
1799.11
1798.97
1798.85
1798.73
1798.62
1798.52
1798.43
1803.29
1803.38
1803.43
1803.45
1803.43
1803.4
1803.35
1803.28
1803.2
1803.1
1802.99
1802.87
1802.73
1802.58
1802.42
1802.25
1802.07
1801.88
1801.69
1801.49
1801.29
1801.09
1800.89
1800.69
1800.49
1800.3
1800.11
1799.93
1799.75
1799.59
1799.43
1799.27
1799.13
1799
1798.87
1798.76
1798.65
1798.56
1798.47
1798.39
1803.16
1803.28
1803.34
1803.36
1803.36
1803.33
1803.28
1803.21
1803.12
1803.01
1802.89
1802.75
1802.61
1802.45
1802.28
1802.1
1801.91
1801.72
1801.52
1801.32
1801.12
1800.92
1800.72
1800.52
1800.32
1800.13
1799.95
1799.77
1799.6
1799.43
1799.28
1799.14
1799
1798.87
1798.76
1798.65
1798.55
1798.46
1798.38
1798.31
1803.04
1803.17
1803.24
1803.27
1803.28
1803.25
1803.21
1803.13
1803.04
1802.93
1802.8
1802.66
1802.5
1802.34
1802.16
1801.97
1801.78
1801.58
1801.38
1801.17
1800.97
1800.76
1800.56
1800.35
1800.16
1799.97
1799.78
1799.6
1799.44
1799.28
1799.12
1798.98
1798.85
1798.73
1798.62
1798.52
1798.43
1798.34
1798.27
1798.21
1802.92
1803.06
1803.14
1803.19
1803.2
1803.18
1803.13
1803.06
1802.97
1802.85
1802.72
1802.57
1802.41
1802.23
1802.05
1801.85
1801.65
1801.45
1801.24
1801.03
1800.82
1800.6
1800.4
1800.19
1799.99
1799.8
1799.61
1799.43
1799.26
1799.1
1798.95
1798.81
1798.68
1798.57
1798.46
1798.36
1798.28
1798.2
1798.13
1798.07
1802.81
1802.97
1803.06
1803.11
1803.12
1803.11
1803.06
1802.99
1802.89
1802.78
1802.64
1802.48
1802.32
1802.13
1801.94
1801.74
1801.53
1801.32
1801.1
1800.88
1800.66
1800.45
1800.23
1800.02
1799.82
1799.62
1799.43
1799.25
1799.07
1798.91
1798.76
1798.62
1798.5
1798.38
1798.27
1798.18
1798.1
1798.02
1797.95
1797.9
1802.71
1802.9
1802.99
1803.04
1803.06
1803.05
1803
1802.93
1802.83
1802.7
1802.56
1802.4
1802.23
1802.04
1801.84
1801.63
1801.41
1801.19
1800.96
1800.73
1800.51
1800.28
1800.06
1799.84
1799.63
1799.43
1799.23
1799.05
1798.87
1798.7
1798.55
1798.41
1798.29
1798.17
1798.06
1797.97
1797.89
1797.81
1797.74
1797.7
1802.61
1802.86
1802.94
1802.99
1803.01
1802.99
1802.95
1802.87
1802.77
1802.64
1802.49
1802.32
1802.14
1801.94
1801.73
1801.51
1801.29
1801.05
1800.82
1800.58
1800.35
1800.11
1799.88
1799.65
1799.44
1799.22
1799.02
1798.83
1798.65
1798.48
1798.32
1798.18
1798.06
1797.94
1797.83
1797.75
1797.65
1797.62
1797.49
1797.48
1802.62
1802.78
1802.89
1802.94
1802.97
1802.95
1802.9
1802.82
1802.72
1802.58
1802.43
1802.25
1802.06
1801.85
1801.63
1801.4
1801.17
1800.92
1800.68
1800.43
1800.18
1799.94
1799.7
1799.46
1799.23
1799.01
1798.8
1798.6
1798.41
1798.22
1798.04
1797.92
1797.84
1797.49
1797.05
1797.21
1797.62
1796.48
1785.57
1785.38
1802.63
1802.74
1802.84
1802.91
1802.94
1802.93
1802.88
1802.79
1802.68
1802.54
1802.38
1802.19
1801.99
1801.77
1801.54
1801.3
1801.05
1800.8
1800.54
1800.28
1800.02
1799.76
1799.51
1799.26
1799.02
1798.79
1798.57
1798.36
1798.18
1798
1797.17
1795.9
1797.34
1797.8
1786.09
1782.05
1782.2
1782.61
1782.63
1786.6
1802.52
1802.8
1802.87
1802.93
1802.95
1802.93
1802.88
1802.79
1802.67
1802.52
1802.35
1802.16
1801.94
1801.71
1801.47
1801.22
1800.95
1800.68
1800.41
1800.14
1799.86
1799.59
1799.32
1799.06
1798.81
1798.59
1798.39
1797.76
1795.5
1797.03
1789.06
1780.62
1780.61
1780.65
1780.98
1781.25
1784.59
1795.46
1796.71
1797.82
1802.57
1802.86
1802.93
1802.97
1802.99
1802.97
1802.9
1802.81
1802.68
1802.53
1802.35
1802.14
1801.92
1801.68
1801.42
1801.15
1800.87
1800.59
1800.3
1800.01
1799.72
1799.43
1799.15
1798.9
1798.61
1795.78
1795.88
1790.26
1779.48
1779.51
1779.54
1779.79
1779.97
1784.55
1797.43
1797.74
1798.22
1798.49
1798.41
1798.28
1802.74
1802.92
1802.99
1803.05
1803.06
1803.04
1802.97
1802.87
1802.74
1802.57
1802.38
1802.17
1801.93
1801.68
1801.4
1801.11
1800.82
1800.51
1800.21
1799.91
1799.63
1799.34
1797.99
1794.11
1791.18
1778.52
1778.57
1778.54
1778.7
1778.82
1785.12
1798.71
1799.2
1798.94
1798.82
1798.66
1798.49
1798.35
1798.22
1798.11
1802.94
1803.03
1803.11
1803.16
1803.18
1803.15
1803.08
1802.98
1802.84
1802.67
1802.47
1802.24
1801.99
1801.72
1801.43
1801.12
1800.8
1800.48
1800.16
1799.86
1798.1
1795.58
1783.11
1778.13
1778.18
1778.11
1778.82
1789.82
1799.83
1799.56
1799.33
1799.16
1798.96
1798.76
1798.58
1798.43
1798.29
1798.17
1798.07
1797.89
1803.07
1803.27
1803.32
1803.36
1803.37
1803.33
1803.25
1803.14
1803
1802.82
1802.61
1802.38
1802.12
1801.83
1801.52
1801.19
1800.84
1800.3
1797.16
1791.81
1779.59
1778.68
1778.8
1778.65
1786.39
1799.36
1800.09
1799.78
1799.55
1799.31
1799.08
1798.87
1798.67
1798.5
1798.34
1798.22
1798.11
1798.03
1797.97
1797.81
1803.31
1803.55
1803.6
1803.63
1803.62
1803.57
1803.49
1803.37
1803.23
1803.05
1802.84
1802.6
1802.34
1802.05
1801.73
1800.57
1794.55
1787.1
1776.19
1776.59
1776.46
1779.87
1792.72
1800.78
1800.48
1800.17
1799.87
1799.58
1799.3
1799.04
1798.8
1798.59
1798.39
1798.23
1798.1
1798
1797.94
1797.91
1797.9
1797.92
1803.76
1803.84
1803.92
1803.95
1803.94
1803.89
1803.81
1803.69
1803.54
1803.36
1803.16
1802.93
1802.68
1802.38
1796.73
1783.91
1775.68
1775.79
1775.67
1777.79
1792.3
1801.41
1801.07
1800.71
1800.37
1800.02
1799.68
1799.36
1799.05
1798.77
1798.51
1798.29
1798.1
1797.94
1797.83
1797.76
1797.73
1797.75
1797.81
1797.92
1804.22
1804.28
1804.34
1804.37
1804.35
1804.3
1804.21
1804.09
1803.94
1803.77
1803.58
1803.38
1803.15
1795.98
1775.74
1775.49
1775.34
1775.19
1788.26
1802.46
1802.03
1801.55
1801.11
1800.68
1800.28
1799.88
1799.48
1799.11
1798.78
1798.47
1798.2
1797.95
1797.75
1797.6
1797.5
1797.46
1797.47
1797.56
1797.71
1797.93
1804.77
1804.82
1804.87
1804.89
1804.86
1804.8
1804.7
1804.58
1804.43
1804.26
1804.08
1803.89
1803.71
1780.88
1775.5
1775.11
1781.32
1800.33
1803.07
1802.57
1802.07
1801.58
1801.1
1800.63
1800.14
1799.62
1799.2
1798.84
1798.51
1798.16
1797.84
1797.55
1797.32
1797.15
1797.05
1797.02
1797.05
1797.16
1797.35
1797.6
1805.41
1805.45
1805.49
1805.5
1805.46
1805.39
1805.28
1805.15
1804.99
1804.82
1804.63
1804.43
1804.22
1789.21
1776.01
1790.46
1803.98
1803.56
1803.09
1802.61
1802.11
1801.6
1801
1800.09
1799.45
1799.25
1799.04
1798.68
1798.24
1797.81
1797.42
1797.08
1796.79
1796.57
1796.44
1796.41
1796.46
1796.58
1796.78
1797.06
1806.16
1806.19
1806.21
1806.2
1806.15
1806.07
1805.95
1805.81
1805.64
1805.45
1805.23
1805.02
1804.45
1804.57
1801.64
1804.21
1803.96
1803.6
1803.17
1802.65
1801.98
1800.81
1799.95
1799.44
1799.4
1799.52
1799.03
1798.49
1797.96
1797.45
1796.96
1796.52
1796.14
1795.83
1795.67
1795.64
1795.67
1795.73
1796
1796.36
1807
1807.02
1807.03
1807.01
1806.94
1806.84
1806.71
1806.55
1806.37
1806.17
1805.92
1805.67
1805.44
1805.2
1804.94
1804.63
1804.3
1803.85
1802.97
1801.78
1800.97
1800.44
1799.89
1800.05
1800.23
1799.61
1798.98
1798.35
1797.73
1797.11
1796.5
1795.92
1795.36
1794.82
1794.52
1794.69
1788.63
1787.74
1791.35
1794.13
1807.94
1807.95
1807.95
1807.91
1807.83
1807.71
1807.56
1807.39
1807.2
1806.97
1806.72
1806.46
1806.19
1805.89
1805.57
1805.22
1804.73
1803.29
1802.2
1801.72
1801.2
1801.26
1801.7
1801.12
1800.46
1799.76
1799.07
1798.39
1797.65
1796.9
1796.12
1795.35
1794.67
1773.93
1754.03
1765.34
1787.99
1792.77
1792.15
1792.1
1809
1809
1808.98
1808.92
1808.82
1808.68
1808.52
1808.33
1808.12
1807.88
1807.63
1807.34
1807.04
1806.72
1806.37
1805.91
1804.34
1803.29
1802.82
1802.59
1803.31
1802.94
1802.3
1801.58
1800.88
1800.19
1799.45
1798.63
1797.79
1796.95
1792.35
1756.46
1740.23
1740.79
1740.47
1762.33
1788.77
1768.83
1716.97
1698.48
1810.17
1810.15
1810.11
1810.03
1809.91
1809.76
1809.58
1809.38
1809.16
1808.91
1808.63
1808.34
1808.02
1807.68
1807.31
1806.58
1804.59
1804.14
1804.21
1804.97
1804.39
1803.71
1803.01
1802.32
1801.68
1800.89
1800.03
1799.1
1797.4
1760.17
1738.58
1738.25
1737.61
1762.09
1748.17
1704.25
1648.3
1642.66
1645.98
1649.19
1811.46
1811.42
1811.35
1811.25
1811.11
1810.94
1810.75
1810.54
1810.3
1810.05
1809.77
1809.46
1809.13
1808.77
1808.39
1807.54
1805.67
1805.46
1806.62
1806.04
1805.37
1804.72
1804.08
1803.47
1802.72
1801.94
1801.14
1799.17
1758.41
1738.7
1738.21
1737.95
1786.97
1785.53
1693.67
1638.62
1638.53
1638.59
1638.71
1706.65
1812.85
1812.79
1812.7
1812.57
1812.41
1812.23
1812.03
1811.81
1811.57
1811.31
1811.03
1810.72
1810.39
1810.03
1809.65
1809.06
1807.42
1807.35
1807.86
1807.26
1806.6
1806
1805.48
1804.79
1804.08
1803.36
1798.18
1769.2
1739.44
1739.26
1739.58
1794.39
1801.08
1787.98
1657.62
1635.76
1635.05
1634.07
1726.68
1776.95
1814.37
1814.28
1814.16
1814
1813.82
1813.63
1813.42
1813.19
1812.95
1812.69
1812.41
1812.11
1811.78
1811.43
1811.06
1810.58
1809.43
1808.92
1809.28
1808.68
1808.05
1807.53
1806.92
1806.18
1804.36
1755.72
1730.93
1766.15
1778.6
1741.21
1783.95
1802.74
1802.39
1800.87
1708.64
1633.5
1633.84
1667.6
1771.05
1774.72
1815.99
1815.87
1815.72
1815.53
1815.34
1815.13
1814.92
1814.69
1814.45
1814.2
1813.92
1813.63
1813.31
1812.97
1812.61
1812.18
1811.1
1810.51
1810.89
1810.35
1809.73
1809.25
1808.67
1807.93
1758.7
1708.92
1729.6
1802.66
1802.2
1794.37
1803.18
1804.58
1804.2
1803.86
1781.65
1646.74
1632.67
1689.93
1772.5
1736.13
1817.7
1817.56
1817.38
1817.16
1816.95
1816.73
1816.51
1816.29
1816.05
1815.81
1815.54
1815.26
1814.95
1814.63
1814.17
1813.21
1812.74
1812.63
1812.7
1812.27
1811.76
1811.34
1811.02
1785.23
1701.75
1703.87
1763.05
1806.29
1805.99
1807.43
1806.92
1806.23
1805.54
1804.78
1801.39
1698.99
1634.88
1757.89
1776.74
1580.95
1819.51
1819.34
1819.12
1818.88
1818.65
1818.43
1818.21
1817.98
1817.75
1817.51
1817.26
1816.99
1816.69
1816.17
1814.77
1814.48
1815.03
1814.93
1814.52
1814.07
1813.55
1813.07
1802.89
1710.78
1698.54
1712.51
1806.49
1806.14
1794.97
1808.96
1808.65
1807.96
1807.19
1806.15
1798.12
1784.3
1777.65
1803.58
1775.2
1506.89
1821.39
1821.19
1820.94
1820.68
1820.44
1820.21
1819.98
1819.76
1819.54
1819.31
1819.06
1818.8
1818.53
1817.47
1816.08
1816.88
1817.23
1816.85
1816.43
1815.95
1815.4
1814.1
1743.57
1695.57
1695.46
1759.66
1806.81
1798.17
1792.44
1807.11
1810.66
1809.49
1807.28
1806.7
1807.53
1807.69
1807.15
1805.51
1797.32
1587.11
1823.33
1823.11
1822.84
1822.55
1822.29
1822.05
1821.83
1821.61
1821.39
1821.17
1820.94
1820.7
1820.44
1818.88
1817.96
1819.17
1819.22
1818.9
1818.56
1818.2
1817.86
1784.21
1691.08
1692.66
1720.04
1794.99
1795.85
1761.93
1801.49
1813.26
1812.64
1809.8
1809.15
1809.6
1810.06
1809.14
1807.98
1806.12
1802.52
1758.33
1825.33
1825.09
1824.78
1824.48
1824.21
1823.96
1823.73
1823.51
1823.3
1823.09
1822.87
1822.64
1822.33
1820.47
1819.86
1821.3
1821.21
1820.88
1820.5
1820.1
1814.5
1717.02
1690.01
1689.76
1774.56
1796.19
1777.96
1761.35
1802.19
1815.59
1814.05
1811.85
1811.28
1813.19
1812.4
1811.53
1810.59
1809.5
1808.2
1807.16
1827.36
1827.1
1826.78
1826.45
1826.17
1825.92
1825.68
1825.46
1825.26
1825.05
1824.84
1824.61
1824.06
1821.89
1821.8
1823.47
1823.32
1823.03
1822.74
1822.46
1774.35
1687.2
1688.35
1712.43
1795.86
1794.93
1749.58
1759.78
1817.29
1818.3
1815.86
1814.21
1813.87
1815.58
1814.79
1813.95
1813.1
1812.36
1811.63
1809.58
1829.42
1829.15
1828.8
1828.46
1828.16
1827.91
1827.67
1827.45
1827.25
1827.04
1826.83
1826.61
1825
1823.46
1823.78
1825.6
1825.28
1824.92
1824.54
1820.83
1724.38
1686.65
1686.02
1769.67
1798.93
1770.14
1749.25
1765.29
1821.67
1820.72
1817.49
1816.45
1816.39
1817.8
1816.93
1815.98
1815.01
1813.9
1811.19
1635.22
1831.51
1831.22
1830.85
1830.49
1830.19
1829.92
1829.68
1829.46
1829.25
1829.05
1828.85
1828.4
1825.87
1825.38
1826.05
1827.65
1827.38
1827.11
1826.87
1809.89
1689.22
1684.83
1717.55
1824.07
1793.78
1747.4
1748.11
1770.63
1823.79
1823.06
1819.95
1818.75
1819.36
1820.07
1819.16
1818.18
1817.1
1814.88
1643.55
1284.04
1833.61
1833.3
1832.92
1832.54
1832.22
1831.95
1831.7
1831.47
1831.27
1831.06
1830.86
1829.97
1827.49
1827.26
1828.38
1829.51
1829.13
1828.67
1828.14
1770.22
1672.58
1683.31
1812.18
1827.49
1777.88
1748.81
1748.15
1782.98
1826.56
1825.72
1823.8
1822.25
1823.09
1822.36
1821.34
1820.26
1818.61
1760.55
1352.47
1240.05
1835.72
1835.4
1834.99
1834.6
1834.27
1833.98
1833.72
1833.48
1833.27
1833.07
1832.86
1832.01
1829.44
1829.21
1830.79
1831.64
1831.39
1831.13
1813.4
1698.04
1669.19
1759.66
1829.41
1828.98
1789.73
1749.84
1749.36
1815.1
1828.94
1828.21
1827.47
1826.72
1825.92
1825.04
1824.11
1823.15
1820.89
1575.81
1218.43
1221.27
1837.84
1837.5
1837.07
1836.66
1836.31
1836.01
1835.73
1835.49
1835.26
1835.05
1834.83
1834.19
1831.36
1831.02
1832.6
1833.42
1833.04
1832.64
1734.4
1508.07
1727.84
1830.7
1830.62
1829.88
1819.88
1787.28
1798.44
1831.61
1831.2
1830.68
1830.09
1829.42
1828.67
1827.82
1826.88
1825.72
1814.95
1452.04
1207.49
1207.43
1839.97
1839.61
1839.16
1838.72
1838.35
1838.03
1837.75
1837.49
1837.25
1837.02
1836.8
1836.35
1833.54
1832.94
1834.35
1835.78
1835.78
1830.95
1606.91
1500.16
1729.57
1830.8
1831.68
1831.73
1832
1832.74
1834.26
1834.14
1833.87
1833.49
1833.01
1832.44
1831.77
1831
1830.09
1828.84
1820.75
1479
1197.49
1195.45
1842.12
1841.73
1841.25
1840.79
1840.4
1840.06
1839.76
1839.49
1839.24
1839
1838.75
1838.4
1835.63
1834.73
1835.16
1837.56
1837.39
1805.06
1514.37
1489.32
1739.31
1833.43
1834.15
1835.85
1836.31
1836.76
1836.98
1837.02
1836.89
1836.65
1836.3
1835.86
1835.31
1834.66
1833.86
1832.72
1828.67
1644.08
1200.55
1186.49
1844.27
1843.86
1843.34
1842.85
1842.44
1842.09
1841.79
1841.5
1841.24
1840.98
1840.7
1840.38
1838.24
1836.23
1835.52
1837.95
1836.27
1729.97
1353.89
1482.89
1803.36
1839.87
1826.85
1794.38
1817.2
1839.89
1840.23
1840.37
1840.36
1840.13
1839.92
1839.73
1839.33
1838.83
1838.22
1837.43
1835.75
1809.03
1440.61
1178.35
1846.42
1845.97
1845.42
1844.9
1844.48
1844.13
1843.84
1843.57
1843.32
1843.1
1842.86
1842.6
1842.05
1839.58
1838.62
1839.92
1838.47
1591.46
1336.61
1464.11
1838.08
1841.76
1807.4
1678.5
1754.33
1844.13
1844.21
1844.32
1844.12
1843.54
1843.59
1844.04
1843.78
1843.3
1842.86
1842.22
1841.51
1840.89
1782.47
1341.79
1848.54
1848.07
1847.48
1846.94
1846.52
1846.18
1845.9
1845.67
1845.48
1845.32
1845.18
1845.06
1844.95
1844.77
1844.46
1844.17
1781.99
1379.79
1318.38
1438.78
1841.21
1842.77
1808.03
1675.46
1675.69
1848.62
1848.42
1848.51
1848.12
1847.89
1847.92
1848.18
1848.61
1848.27
1844.8
1841.02
1844.4
1843.94
1844.1
1768.22
1850.62
1850.11
1849.49
1848.93
1848.51
1848.19
1847.96
1847.78
1847.65
1847.57
1847.52
1847.52
1847.57
1847.66
1847.85
1847.89
1631.84
1303.08
1304.86
1383.92
1832.63
1846.89
1833.82
1682.41
1663.06
1773.65
1851.83
1852.46
1852.62
1852.48
1852.74
1852.91
1853.84
1853.7
1840.99
1705.64
1677.66
1847.29
1847.41
1846.34
1852.59
1852.06
1851.41
1850.85
1850.44
1850.15
1849.96
1849.84
1849.79
1849.8
1849.87
1850
1850.17
1850.4
1850.66
1847.71
1537.29
1294.69
1295.04
1302.47
1721.06
1851.37
1853.17
1740.52
1661.62
1665.31
1846.72
1857.46
1858.02
1858.08
1858.19
1858.96
1859.86
1860.11
1793.42
1572.29
1574.1
1786.19
1854.93
1853.38
1854.41
1853.86
1853.2
1852.64
1852.25
1852
1851.87
1851.83
1851.88
1852
1852.21
1852.5
1852.87
1853.32
1853.83
1852.58
1559.66
1288.01
1287.85
1287.6
1384.14
1820.74
1856.4
1837.13
1665.93
1659.8
1714.74
1862
1862.99
1863.84
1864.56
1865.48
1866.35
1865.71
1701.64
1569.28
1571.4
1683.61
1866.59
1863.3
1856.02
1855.47
1854.8
1854.25
1853.89
1853.69
1853.62
1853.67
1853.82
1854.08
1854.45
1854.94
1855.56
1856.31
1857.19
1857.43
1708.64
1282.34
1282.53
1282.54
1283
1492.1
1832.65
1867.69
1755.94
1659.77
1658.61
1780.04
1868.39
1869.29
1870.11
1870.91
1871.64
1868.6
1675.68
1570.31
1575.07
1770.75
1868.03
1720.06
1857.37
1856.82
1856.15
1855.62
1855.29
1855.14
1855.14
1855.26
1855.52
1855.9
1856.42
1857.1
1857.96
1859.02
1860.3
1861.53
1843.03
1480.68
1277.57
1278.37
1278.85
1289.99
1801.03
1873.08
1849.75
1668.65
1659.41
1660.62
1830.02
1875.08
1876.02
1876.85
1877.52
1875.85
1705.22
1570.86
1592.79
1827.38
1817.82
1293.75
1858.4
1857.85
1857.2
1856.69
1856.39
1856.28
1856.33
1856.52
1856.85
1857.33
1857.96
1858.76
1859.76
1860.99
1862.5
1864.23
1865.68
1807.17
1386.76
1275.95
1276.94
1413.34
1860.86
1875.76
1876.37
1767.77
1661
1662.13
1678.53
1860.03
1882.02
1883.22
1884.27
1883.87
1770.59
1573.7
1581.03
1837.17
1819.61
1113.48
1859.07
1858.54
1857.9
1857.41
1857.14
1857.05
1857.14
1857.37
1857.74
1858.26
1858.93
1859.76
1860.76
1861.95
1863.32
1864.86
1866.74
1868.41
1769.67
1491.46
1469.53
1787
1875.63
1877.58
1879.59
1863.37
1690.61
1665
1666.29
1846.56
1888.82
1890.83
1893.02
1894.68
1852.01
1592.65
1562.97
1804.14
1833.64
1407.3
1859.37
1858.84
1858.23
1857.75
1857.49
1857.42
1857.52
1857.78
1858.17
1858.71
1859.39
1860.23
1861.22
1862.37
1863.68
1865.16
1866.78
1868.4
1867.32
1854.51
1849.07
1875.03
1877.04
1879.28
1881.69
1883.7
1824.43
1691.67
1743.1
1885.98
1894.43
1897.17
1900.02
1902.78
1898.45
1716.93
1562.69
1575.01
1835.05
1802.51
1859.27
1858.75
1858.15
1857.69
1857.43
1857.37
1857.48
1857.73
1858.13
1858.68
1859.37
1860.2
1861.19
1862.33
1863.63
1865.09
1866.7
1868.43
1870.23
1871.75
1857.83
1819.61
1871.72
1880.37
1883.18
1885.86
1884.36
1873.95
1882.15
1895.21
1900.08
1903.18
1907.37
1911.71
1915.27
1881.53
1622.81
1564.62
1580.07
1684.14
1858.79
1858.27
1857.67
1857.21
1856.96
1856.89
1856.99
1857.24
1857.63
1858.18
1858.87
1859.7
1860.68
1861.82
1863.12
1864.57
1866.18
1867.94
1869.83
1870.78
1815.16
1775.57
1842.42
1881.49
1884.64
1887.91
1891.23
1894.57
1897.36
1900.68
1872.83
1835.55
1896.42
1920.61
1925.64
1929.93
1885.29
1678.01
1576.48
1576
1857.9
1857.39
1856.78
1856.32
1856.05
1855.98
1856.07
1856.29
1856.68
1857.21
1857.89
1858.71
1859.69
1860.83
1862.13
1863.6
1865.25
1867.08
1869.06
1855.9
1768.17
1771.21
1795.67
1882.14
1885.71
1889.52
1893.55
1897.77
1902.13
1885.26
1833.45
1838.81
1844.7
1907.94
1934.93
1939.52
1945.19
1933.81
1832.41
1630.54
1856.63
1856.11
1855.49
1855.01
1854.73
1854.63
1854.7
1854.91
1855.26
1855.76
1856.42
1857.22
1858.17
1859.29
1860.59
1862.07
1863.74
1865.61
1867.69
1846.49
1765.25
1768.02
1770.98
1853.36
1885.88
1890.16
1894.77
1899.69
1903.89
1857
1836.56
1842.68
1849.1
1856.98
1929.13
1949.07
1955.18
1960.57
1965.51
1943.89
1854.96
1854.43
1853.79
1853.29
1852.98
1852.86
1852.89
1853.06
1853.37
1853.83
1854.44
1855.18
1856.08
1857.15
1858.4
1859.85
1861.52
1863.42
1865.57
1855.87
1767.4
1765.1
1768.2
1850.18
1884.71
1889.34
1894.4
1899.82
1904.68
1859.84
1837.26
1843.92
1851.08
1913.53
1946.73
1955.69
1965.49
1966.19
1885.15
1707.52
1852.89
1852.35
1851.69
1851.16
1850.82
1850.65
1850.64
1850.76
1851.01
1851.39
1851.91
1852.56
1853.37
1854.33
1855.48
1856.84
1858.42
1860.25
1862.34
1862.57
1795.51
1761.85
1783.31
1877.63
1881.7
1886.46
1891.65
1897.25
1903.02
1892.55
1863.31
1884.14
1921.93
1930.41
1934.83
1855.74
1782.43
1651.5
1384.15
1387.38
1850.45
1849.89
1849.21
1848.64
1848.26
1848.04
1847.96
1848
1848.16
1848.44
1848.83
1849.34
1849.99
1850.8
1851.77
1852.93
1854.32
1855.95
1857.86
1859.86
1834.23
1799.18
1849.72
1872
1876.06
1880.57
1885.46
1890.65
1895.79
1899.01
1901.46
1910.15
1924.06
1798.04
1406.81
1409.2
1414.75
1497.25
1734.03
1709.53
1847.63
1847.06
1846.35
1845.75
1845.32
1845.03
1844.87
1844.81
1844.85
1844.96
1845.17
1845.51
1845.97
1846.53
1847.24
1848.11
1849.18
1850.48
1852.02
1852.69
1854.26
1857.95
1861.03
1864
1867.52
1871.57
1876.21
1881.61
1887.74
1890.34
1546.03
1197.55
1210.67
1219.53
1351.67
1807.94
1947.64
1968.96
1971.27
1971.26
1844.48
1843.9
1843.17
1842.53
1842.04
1841.67
1841.41
1841.23
1841.12
1840.9
1840.44
1841.09
1841.32
1841.56
1841.91
1842.37
1842.96
1843.72
1844.56
1845.48
1847.04
1848.49
1850.12
1852.06
1854.42
1857.33
1860.93
1859.1
1854.99
1853.17
1589.67
1185.3
1320.49
1875.3
1922.78
1929.61
1940.36
1950.14
1957.66
1962.1
1841.04
1840.45
1839.71
1839.03
1838.47
1838.02
1837.64
1837.32
1837.01
1836.25
1835.84
1835.98
1836.13
1835.97
1835.85
1835.76
1835.72
1835.71
1835.71
1835.75
1835.75
1835.7
1835.61
1835.55
1835.59
1835.84
1828.07
1750.96
1747.82
1807.6
1838.09
1847.1
1869.17
1877.38
1891.73
1906.87
1921.02
1932.95
1941.87
1947.37
1837.35
1836.78
1836.03
1835.31
1834.7
1834.15
1833.65
1833.16
1832.55
1831.45
1830.93
1830.71
1830.51
1829.88
1829.2
1828.45
1827.62
1826.66
1825.53
1824.16
1822.49
1820.49
1818.1
1815.3
1812.01
1805.88
1715.54
1643.55
1712.49
1811.81
1794.3
1809.34
1830.9
1843.35
1858.81
1875.37
1891.33
1905.29
1916.02
1922.9
1833.51
1832.96
1832.22
1831.48
1830.81
1830.17
1829.53
1828.87
1828
1826.67
1825.83
1825.32
1824.62
1823.46
1822.16
1820.67
1818.94
1816.9
1814.45
1811.5
1807.95
1803.69
1798.62
1792.58
1785.21
1734.05
1549.88
1605.05
1729.65
1764.99
1765.69
1769.49
1778.01
1791.5
1809.21
1828.74
1848.18
1865.73
1879.49
1888.6
1829.6
1829.08
1828.37
1827.62
1826.9
1826.16
1825.4
1824.56
1823.52
1821.86
1820.7
1819.87
1818.67
1816.97
1815.02
1812.75
1810.08
1806.9
1803.09
1798.49
1792.96
1786.35
1778.46
1769.02
1754.71
1598.33
1479.53
1620.73
1719.68
1710.46
1704.63
1700.26
1700.29
1715.23
1740.7
1766.99
1792.46
1815.34
1833.16
1845.38
1825.71
1825.25
1824.58
1823.84
1823.07
1822.26
1821.37
1820.38
1819.18
1817.22
1815.71
1814.42
1812.89
1810.66
1808.08
1805.07
1801.51
1797.26
1792.17
1786.04
1778.69
1769.91
1759.42
1746.77
1703.91
1471.05
1429.84
1670.4
1671.52
1654.24
1636.52
1584.2
1472.2
1394
1429.46
1617.08
1723.82
1760.67
1783.6
1798.03
1821.95
1821.55
1820.95
1820.24
1819.45
1818.58
1817.58
1816.44
1815.1
1812.97
1811.06
1809.07
1807.48
1804.81
1801.66
1798.02
1793.7
1788.56
1782.43
1775.1
1766.35
1755.97
1743.65
1728.85
1684.17
1446.13
1394.28
1658.91
1636.65
1612.4
1584.08
1229.72
585.85
385.234
436.544
778.092
1241.09
1692.61
1739.55
1754.58
1818.42
1818.1
1817.58
1816.91
1816.13
1815.21
1814.13
1812.87
1811.39
1809.28
1806.89
1804.59
1802.36
1799.67
1795.58
1791.94
1787.05
1781.29
1774.46
1766.37
1756.83
1745.66
1732.64
1717.03
1680.45
1435.39
1328.29
1644.45
1624.29
1599.67
1426.08
489.773
242.094
244.631
246.371
252.11
329.981
1048.85
1693.9
1718.88
1815.2
1814.97
1814.54
1813.94
1813.17
1812.24
1811.11
1809.76
1808.17
1806.19
1803.35
1800.83
1798.29
1795.05
1790.9
1786.93
1781.83
1775.73
1768.58
1760.21
1750.48
1739.25
1726.47
1711.3
1684.77
1430.22
1242.92
1643.89
1627.77
1607.8
1205.55
266.844
241.025
240.899
240.359
240.025
242.673
362.125
1370.95
1688.29
1812.37
1812.23
1811.91
1811.38
1810.66
1809.73
1808.57
1807.17
1805.51
1803.54
1801.09
1798.3
1795.48
1791.47
1787.46
1783.04
1778.15
1771.98
1764.84
1756.6
1747.12
1736.17
1724.08
1709.96
1688.35
1479.55
1219.15
1399.1
1645.1
1623.41
1300.28
290.534
238.347
238.038
237.33
236.252
235.808
240.525
698.157
1666.18
1809.99
1809.94
1809.74
1809.29
1808.62
1807.71
1806.56
1805.15
1803.46
1801.46
1799.14
1796.46
1793.3
1789.2
1785.18
1780.77
1776.01
1770.03
1763.19
1755.4
1746.68
1736.81
1725.82
1713.86
1699.19
1630.95
1213.01
1161.12
1645.67
1642.9
1552.33
451.828
235.091
234.567
233.853
233.192
232.715
233.062
463.282
1392.36
1808.06
1808.12
1808.03
1807.69
1807.08
1806.21
1805.09
1803.7
1802.02
1800.03
1797.72
1795.06
1792
1787.92
1784
1779.96
1775.27
1769.64
1763.31
1756.08
1748.38
1739.77
1730.34
1720.35
1710.25
1699.01
1328.23
1162.82
1255.52
1640.35
1620.88
947.683
238.324
231.094
230.516
230.193
229.991
229.918
414.712
899.416
1806.63
1806.79
1806.81
1806.56
1806.02
1805.22
1804.14
1802.79
1801.16
1799.22
1796.97
1794.4
1791.47
1787.93
1783.81
1780.08
1775.71
1770.57
1764.88
1758.56
1751.2
1744.42
1735.04
1728.54
1721.18
1713.54
1674.25
1174.61
1048.37
1488.79
1633.43
1399.01
341.731
227.554
227.144
226.739
226.778
226.242
553.112
651.161
1805.66
1805.93
1806.05
1805.89
1805.44
1804.7
1803.69
1802.4
1800.84
1798.98
1796.85
1794.4
1791.65
1788.57
1784.72
1780.75
1777.1
1772.53
1767.5
1762.02
1755.85
1678.59
1730.1
1737.25
1731.02
1724.76
1718.11
1210.22
1052.31
1359.6
1645.09
1624.46
721.742
225.299
223.202
222.881
223.148
220.708
695.913
528.868
1805.16
1805.52
1805.74
1805.66
1805.28
1804.62
1803.69
1802.48
1801.01
1799.27
1797.26
1794.99
1792.44
1789.61
1786.37
1782.43
1779.29
1775.31
1770.95
1766.24
1730.53
1645.09
1709.54
1745.9
1740.6
1735.17
1729.5
1338.43
1045.97
1037.98
1589.38
1635.36
1400.98
373.446
220.485
219.767
220.099
228.401
694.245
457.941
1805.1
1805.53
1805.84
1805.84
1805.53
1804.94
1804.09
1802.98
1801.62
1800
1798.15
1796.06
1793.75
1791.2
1788.25
1784.74
1781.74
1778.69
1775
1771.01
1696.89
1649.07
1677.64
1752.44
1750.96
1747.15
1743.75
1696.57
1080.85
942.772
1406.85
1642.34
1632.6
927.121
221.54
215.98
214.616
426.601
700.51
421.797
1805.44
1805.93
1806.31
1806.39
1806.15
1805.63
1804.86
1803.85
1802.6
1801.13
1799.44
1797.56
1795.48
1793.22
1790.52
1787.48
1784.7
1782.36
1779.39
1776.1
1720.39
1649.94
1644.16
1752.14
1760.15
1757.04
1754.05
1751.02
1214.15
928.038
1198.76
1645.98
1640.76
1602.76
590.931
213.805
201.626
822.724
706.423
404.412
1806.17
1806.71
1807.14
1807.28
1807.1
1806.65
1805.97
1805.05
1803.92
1802.59
1801.08
1799.39
1797.56
1795.58
1793.29
1790.57
1788.28
1786.2
1784.27
1781.88
1769.52
1658.75
1632.01
1738.56
1768.18
1765.96
1763.52
1760.68
1473.56
899.904
876.877
1560.58
1657.3
1655.86
1388.53
378.305
193.837
1155
567.619
392.986
1807.24
1807.82
1808.28
1808.33
1808.33
1807.97
1807.36
1806.53
1805.51
1804.32
1802.96
1801.47
1799.85
1798.15
1796.36
1793.83
1791.95
1790.13
1788.99
1787.23
1784.11
1660.63
1635.56
1717.83
1777.15
1776.15
1775.04
1773.98
1768.53
1052.53
744.511
927.05
1629.97
1666.87
1663.86
912.865
223.31
1378.72
523.88
393.438
1808.64
1809.25
1809.67
1809.53
1809.76
1809.55
1809.01
1808.26
1807.33
1806.25
1805.04
1803.71
1802.29
1800.82
1799.31
1797.51
1795.58
1794.33
1793.5
1792.23
1787.51
1658.3
1639.27
1684.1
1783.88
1786.03
1786.08
1786.51
1786.96
1354.73
718.812
703.125
879.916
1663.9
1686.81
818.138
298.667
1607.11
496.721
394.325
1810.35
1810.96
1811.25
1811.28
1811.34
1811.37
1810.88
1810.2
1809.35
1808.36
1807.26
1806.07
1804.82
1803.54
1802.27
1801.03
1799.66
1798.68
1797.84
1797.03
1789.63
1656.26
1643.02
1681.09
1790.54
1794.42
1795.28
1796.59
1798.49
1616.49
758.136
702.478
702.197
1172.42
642.775
502.616
1130.8
1771.45
397.16
373.539
1812.35
1812.96
1813.21
1813.29
1813.29
1813.42
1812.97
1812.33
1811.53
1810.61
1809.6
1808.52
1807.4
1806.29
1805.22
1804.22
1803.33
1802.57
1801.98
1801.59
1790.75
1652.44
1646.64
1701.13
1798.1
1801.39
1802.84
1804.82
1807.87
1680.58
765.671
708.83
1060.97
586.467
467.631
749.113
1788.02
1775.36
360.269
351.199
1814.63
1815.24
1815.51
1815.55
1815.6
1815.71
1815.27
1814.65
1813.88
1813
1812.02
1811
1809.99
1809.01
1808.09
1807.27
1806.58
1806.07
1805.74
1805.64
1770.92
1647.99
1649.72
1743.33
1804.2
1806.41
1807.55
1808.84
1810.72
1658.39
785.215
726.642
1707.34
931.09
1415.12
1797.52
1799.63
1748.09
298.86
326.847
1817.16
1817.8
1818.04
1818.08
1818.2
1818.24
1817.79
1817.16
1816.38
1815.49
1814.51
1813.52
1812.55
1811.65
1810.84
1810.16
1809.65
1809.3
1809.12
1809.09
1683.34
1649.66
1650.8
1785.84
1809.85
1811.02
1811.51
1811.62
1811.42
1533.37
765.279
1131.63
1811.86
1735.95
1794.22
1810.56
1812.7
1728.53
280.597
296.342
1819.9
1820.65
1820.81
1820.9
1821.02
1821.04
1820.56
1819.89
1819.06
1818.12
1817.09
1816.05
1815.06
1814.16
1813.42
1812.87
1812.41
1812.4
1812.49
1771.42
1650.96
1651.81
1687.6
1806.95
1814.98
1815.72
1816.13
1815.93
1811.99
1124.73
511.712
1349.53
1818
1824.05
1820.72
1819.24
1819.9
1697.39
257.035
264.536
1822.94
1823.81
1823.97
1824.03
1824.11
1824.14
1823.62
1822.89
1821.98
1820.93
1819.79
1818.62
1817.48
1816.48
1815.71
1813.98
1814.74
1815.12
1814.8
1661.44
1652.92
1653.38
1746.99
1817.25
1820.12
1821.2
1822.22
1823.03
1772.47
539.728
470.046
1189.45
1807.11
1825
1823.01
1820.68
1817.77
1648.14
242.177
243.388
1826.31
1826.76
1827.65
1827.53
1827.54
1827.63
1827.08
1826.27
1825.25
1824.05
1822.74
1821.27
1819.73
1814.69
1786.44
1813.58
1817.01
1817.57
1806.16
1653.76
1654.47
1656.04
1800.53
1822.98
1824.98
1823.84
1828.47
1830.71
1654.2
448.689
452.067
1015.41
1802.16
1826.57
1825.97
1824.87
1824.04
1630.79
243.067
229.5
1830.1
1830.53
1831.54
1831.48
1831.48
1831.62
1831.05
1830.14
1828.98
1821.94
1822.59
1762.42
1683.14
1669.17
1746.11
1816.78
1818.78
1819.21
1801.55
1667.91
1657.42
1761.36
1824.44
1826.41
1817.31
1823.09
1832.5
1834.81
1259.82
440.154
442.564
1132.2
1817
1830.05
1830.2
1829.33
1828.33
1609.32
256.743
217.555
1834.44
1834.75
1835.85
1836.19
1836.04
1836.18
1835.57
1834.51
1833.07
1815.46
1694.08
1613.7
1614.17
1642.37
1762.21
1819.69
1820.01
1819.97
1806.89
1784.67
1749.25
1825.07
1827.44
1828.11
1816.01
1829.08
1836.18
1741.97
495.128
430.167
595.839
1629.35
1835.64
1837.86
1837.03
1835.62
1833.89
1576.38
242.515
199.077
1839.01
1839.34
1840.61
1841.41
1841.45
1841.41
1840.79
1836.28
1837.7
1826.74
1616.11
1613.73
1610.9
1739.07
1799.69
1820.49
1819.94
1820.24
1819.8
1821.97
1823.03
1826.82
1830.28
1815.24
1824.63
1832.42
1835.02
1081.23
406.403
483.594
1311.4
1847.64
1849.77
1848.06
1846.48
1844.62
1842.64
1558.62
218.969
138.184
1843.58
1844.58
1845.87
1846.88
1847.5
1847.44
1846.7
1838.86
1842
1838.66
1737.82
1614.25
1694.65
1815.03
1819.21
1817.89
1817.16
1817.84
1819.76
1822.53
1713.44
1571.47
1714.39
1828.59
1834.4
1840.99
1459.35
388.601
393.088
423.138
1326.69
1863.07
1860.87
1858.01
1856.32
1855.78
1856.68
1507.42
267.629
80.9813
1668.52
1787.19
1844.87
1852.76
1853.4
1853.1
1852.54
1849.62
1847.28
1775.79
1608.34
1680.48
1806.03
1818.68
1813.77
1810.57
1809.69
1811.36
1814.16
1533.84
1432.07
1447.58
1634.82
1835.82
1843.94
1553.99
430.873
390.391
390.414
389.955
1290.14
1871.61
1869.24
1865.77
1863.07
1861.63
1314.49
113.521
59.2912
28.7482
237.235
384.586
624.116
1402
1869.36
1861.39
1858.34
1856.2
1847.01
1591.3
1579.14
1656.24
1816.59
1807.59
1799.52
1794.4
1793.47
1771.87
1417.29
1412.22
1424.59
1478.31
1803.36
1836.62
1126.33
481.493
389.679
384.375
429.568
1094.97
1783.12
1880.2
1878.08
1859.22
1398.42
343.402
1.57895
3.31143
3.21407
5.88273
0.097881
0.1012
-0.0358391
-0.23444
56.6593
368.764
1535.31
1875.51
1850.44
1832.1
1575.14
1672.15
1801.29
1784.16
1769.47
1761.34
1716.62
1396.94
1376.71
1387.15
1610.53
1722.09
1774.53
1411.42
650.698
503.407
1088.15
1310.92
1509.75
1543.66
1541.53
1248.28
745.827
218.773
0.197514
0.884944
1.0349
1.08517
1.23439
1.05226
0.138039
0.106678
0.0820428
0.0478673
-0.0141631
-0.0827407
48.4851
189.919
524.238
1385.52
1647.16
1767.91
1761.45
1734.71
1710.86
1701.58
1654.34
1405.29
1365.25
1539.09
1595.84
1676.7
1154.2
758.234
792.164
836.997
844.901
497.931
370.042
228.658
100.31
10.3426
-0.19884
0.442813
0.574959
0.678218
0.741418
0.817666
0.861929
0.662787
0.129854
0.0760601
0.0606882
0.0898168
0.177137
0.281434
0.461763
0.76508
0.857807
46.877
180.349
1257.58
1686.72
1547.95
1476.03
1461.49
1495
1486.74
1493.44
1366.65
651.436
310.082
172.947
192.759
252.471
90.2648
11.2759
-0.687229
-0.125077
0.0240426
0.0943118
0.165955
0.21081
0.27762
0.361283
0.466141
0.550591
0.573235
0.512167
0.168705
0.0699719
0.0190053
-0.0159659
-0.0271464
0.103337
0.288113
0.450521
0.16309
-0.726682
-3.17748
-9.87991
37.1431
148.991
830.238
1197.48
1103.18
681.546
223.887
56.1526
75.1306
-34.2077
-22.9167
-11.7703
-6.65675
-2.94709
-1.63039
-0.448011
0.0477653
0.302955
0.278776
0.192566
0.16217
0.141672
0.107782
0.103767
0.187495
0.332147
0.252536
-0.2469
-2.82906
)
;

boundaryField
{
    inlet
    {
        type            fixedFluxPressure;
        gradient        nonuniform List<scalar> 10(0.00871201 -0.00250822 0.00775038 0.0314439 -0.0106561 -0.0601739 -0.0511311 -0.0341519 0.0119034 -3.36434e-06);
        value           nonuniform List<scalar> 10(2537.95 2529.13 2524.49 2520.33 2517.89 2517.89 2520.33 2524.49 2529.14 2537.96);
    }
    inletWall
    {
        type            fixedFluxPressure;
        gradient        uniform 0;
        value           nonuniform List<scalar> 
30
(
2563.62
2554.38
2544.73
2539.63
2537.95
2098.68
2288.53
2412.8
2513
2582.7
1914.86
1942.84
1918.39
1759.25
1637.66
2563.63
2554.39
2544.74
2539.64
2537.96
2098.79
2288.58
2412.82
2513.01
2582.71
1917.24
1944.24
1919.19
1759.75
1637.97
)
;
    }
    bottleWall
    {
        type            fixedFluxPressure;
        gradient        uniform 0;
        value           nonuniform List<scalar> 
290
(
1797.76
1797.79
1797.84
1797.93
1796.73
1796.53
1797.76
1798.72
1799.05
1799.22
1799.2
1799.26
1799.13
1796.24
1756.71
1753.69
1753.02
1768.29
1804.83
1804.28
1801.71
1801.73
1802.43
1805.84
1803.66
1680.97
1568.78
1567.64
1638.86
1737.7
1732.15
1703.55
1734.94
1793.06
1781.39
1767.3
1757.25
1755.99
1758.11
1761.28
1768.73
1777.22
1786.21
1794.84
1803.05
1808.95
1816.02
1825.91
1837.71
1852.62
1865.99
1878.17
1888
1897.06
1907.08
1918.19
1932.21
1946.61
1958.64
1967.12
1971.95
1971.6
1964.87
1951.77
1931.98
1905.77
1874.94
1842.45
1811.33
1783.77
1760.94
1743.25
1730.37
1722.65
1718.53
1717.27
1721.27
1730.02
1741.92
1754.66
1757.78
1761.26
1768.13
1781.79
1789.05
1639.17
1516.14
1518.02
1520.6
1555.84
1805.18
1827.62
1834.15
1830.38
1844.11
1862.52
1873.85
1879.66
1707.82
1215.07
1797.79
1797.76
1797.75
1797.74
1797.75
1797.76
1797.77
1797.79
1797.81
1797.84
1797.85
1797.86
1797.87
1797.86
1797.85
1797.84
1797.82
1797.79
1797.78
1797.74
1797.74
1797.73
1797.72
1797.71
1797.69
1797.67
1797.65
1797.64
1797.63
1797.63
1797.63
1797.62
1797.64
1797.67
1797.68
1797.7
1797.73
1797.76
1797.77
1797.76
1798.35
1798.27
1798.19
1798.11
1798.05
1797.99
1797.93
1797.89
1797.85
1797.81
1803.6
1803.63
1803.68
1803.7
1803.73
1803.77
1803.79
1803.79
1803.77
1803.73
1803.66
1803.57
1803.46
1803.33
1803.19
1803.02
1802.84
1802.65
1802.45
1802.24
1802.02
1801.79
1801.57
1801.34
1801.11
1800.88
1800.66
1800.44
1800.22
1800.02
1799.82
1799.62
1799.44
1799.27
1799.11
1798.96
1798.82
1798.69
1798.56
1798.45
1803.6
1803.5
1803.41
1803.29
1803.16
1803.04
1802.92
1802.81
1802.71
1802.61
1802.62
1802.63
1802.52
1802.57
1802.74
1802.94
1803.07
1803.31
1803.76
1804.22
1804.77
1805.41
1806.16
1807
1807.94
1809
1810.17
1811.46
1812.85
1814.37
1815.99
1817.7
1819.51
1821.39
1823.33
1825.33
1827.36
1829.42
1831.51
1833.61
1835.72
1837.84
1839.97
1842.12
1844.27
1846.42
1848.54
1850.62
1852.59
1854.41
1856.02
1857.37
1858.4
1859.07
1859.37
1859.27
1858.79
1857.9
1856.63
1854.96
1852.89
1850.45
1847.63
1844.48
1841.04
1837.35
1833.51
1829.6
1825.71
1821.95
1818.42
1815.2
1812.37
1809.99
1808.06
1806.63
1805.66
1805.16
1805.1
1805.44
1806.17
1807.24
1808.64
1810.35
1812.35
1814.63
1817.16
1819.9
1822.94
1826.31
1830.1
1834.44
1839.01
1843.58
1668.52
237.235
0.097881
0.138039
0.129854
0.0699719
)
;
    }
    atmosphere
    {
        type            totalPressure;
        rho             rho;
        psi             none;
        gamma           1;
        p0              uniform 0;
        value           nonuniform List<scalar> 
80
(
-0.52686
-0.259478
-0.193727
-0.107943
0
0
0
0
0
0
0
0
0
0
0
0
0
-0.00171855
0
-0.0015077
-0.00137728
-0.000980654
-0.000563471
-0.000254236
-3.59696e-05
0
0
0
-1.62702e-05
0
0
-1.48934e-05
-1.44694e-06
-0.000831623
-0.000205071
0
0
0
0
0
0
0
-4.19128e-05
-0.00372489
-0.0187253
-0.0477507
-0.0962826
-0.189091
-0.254809
-0.0565
0
0
0
0
0
0
0
0
0
0
0
-0.000464411
-0.00455578
-5.19074e-05
0
-0.00244137
-0.0365893
-0.0645367
-0.0326845
0
0
0
0
0
0
-0.000989102
-0.0386102
-0.143025
-0.28712
-0.537414
)
;
    }
    frontAndBack
    {
        type            empty;
    }
}


// ************************************************************************* //
