/*--------------------------------*- C++ -*----------------------------------*\
  =========                 |
  \\      /  F ield         | OpenFOAM: The Open Source CFD Toolbox
   \\    /   O peration     | Website:  https://openfoam.org
    \\  /    A nd           | Version:  8
     \\/     M anipulation  |
\*---------------------------------------------------------------------------*/
FoamFile
{
    version     2.0;
    format      ascii;
    class       volScalarField;
    location    "0.8";
    object      k;
}
// * * * * * * * * * * * * * * * * * * * * * * * * * * * * * * * * * * * * * //

dimensions      [0 2 -2 0 0 0 0];

internalField   nonuniform List<scalar> 
9150
(
0.00184695
0.000958609
0.000527442
0.000402524
0.000347553
0.000347552
0.000402524
0.000527442
0.000958609
0.00184695
0.00180426
0.000762675
0.000451393
0.000349297
0.000296427
0.000296427
0.000349296
0.000451393
0.000762675
0.00180426
0.00173238
0.000666854
0.000419635
0.000326219
0.000276849
0.000276849
0.000326219
0.000419635
0.000666854
0.00173238
0.00165328
0.000616625
0.000407476
0.00031756
0.000270024
0.000270024
0.00031756
0.000407476
0.000616625
0.00165328
0.00156917
0.000595099
0.0004033
0.00031482
0.000268286
0.000268286
0.00031482
0.0004033
0.000595099
0.00156917
0.00292576
0.00283747
0.00238026
0.00241719
0.00238669
0.00238668
0.00241717
0.00238023
0.00283743
0.00292576
0.00233771
0.00159076
0.00157917
0.00177383
0.00176493
0.00176493
0.00177382
0.00157916
0.00159075
0.00233771
0.00207498
0.00129968
0.00105695
0.00116219
0.00114039
0.00114039
0.00116218
0.00105695
0.00129968
0.00207498
0.00189012
0.00114403
0.00075201
0.000746602
0.000705088
0.000705087
0.0007466
0.000752008
0.00114403
0.00189012
0.00180789
0.0010466
0.000592897
0.000509667
0.000459594
0.000459593
0.000509667
0.000592897
0.0010466
0.00180789
0.0182257
0.00926126
0.00461718
0.00327017
0.002897
0.00289711
0.00327102
0.00462044
0.00927044
0.0182312
0.00509211
0.00412164
0.00312052
0.00276302
0.0026632
0.00266318
0.00276299
0.00312049
0.004122
0.00509209
0.00452425
0.003718
0.00308575
0.00276001
0.00268602
0.002686
0.00275996
0.00308569
0.00371808
0.0045242
0.00402204
0.00343935
0.00306684
0.0027548
0.00271287
0.00271285
0.00275476
0.00306679
0.00343932
0.00402202
0.00344978
0.00339727
0.0029495
0.00269496
0.00268977
0.00268976
0.00269492
0.00294945
0.00339721
0.00344977
2.08992
2.11027
2.12439
2.13297
2.13676
2.13697
2.13364
2.12561
2.11212
2.09249
4.29398
4.33742
4.36978
4.39137
4.40246
4.40311
4.39333
4.37308
4.34212
4.30016
5.34898
5.39906
5.43663
5.46188
5.47493
5.47581
5.46454
5.44109
5.40535
5.35715
6.10591
6.15797
6.19714
6.22354
6.23728
6.23836
6.22679
6.20255
6.16557
6.11571
6.75828
6.81029
6.84951
6.87604
6.88994
6.89121
6.87986
6.85587
6.81919
6.7697
7.37474
7.42571
7.46427
7.49047
7.50431
7.50579
7.49489
7.47162
7.43596
7.38787
7.98598
8.03577
8.07359
8.0994
8.11317
8.11486
8.10447
8.08202
8.04752
8.001
8.60674
8.65631
8.69397
8.71974
8.73361
8.73556
8.72558
8.70367
8.66984
8.62405
9.24607
9.29669
9.33501
9.36125
9.37549
9.37775
9.36801
9.34625
9.31237
9.26616
9.91172
9.96392
10.0034
10.0304
10.0452
10.0478
10.0383
10.0164
9.9821
9.93502
10.6096
10.6634
10.7041
10.732
10.7475
10.7505
10.7411
10.7191
10.6844
10.6366
11.3443
11.3993
11.441
11.4698
11.4859
11.4894
11.4803
11.4584
11.4236
11.3753
12.1192
12.1749
12.2174
12.2468
12.2635
12.2675
12.2589
12.2374
12.2028
12.1549
12.937
12.9927
13.0356
13.0655
13.0828
13.0875
13.0794
13.0587
13.0249
12.9779
13.7987
13.8544
13.8975
13.928
13.9459
13.9514
13.9442
13.9244
13.8918
13.8464
14.706
14.7617
14.8052
14.8363
14.8549
14.8613
14.8552
14.8367
14.8055
14.7618
15.6605
15.7166
15.7607
15.7925
15.812
15.8194
15.8146
15.7975
15.768
15.7261
16.6651
16.722
16.7666
16.7992
16.8197
16.8282
16.8248
16.8094
16.7817
16.7417
17.7247
17.7815
17.8261
17.859
17.8802
17.8901
17.8885
17.8752
17.8499
17.8125
18.8443
18.8986
18.9417
18.9739
18.9955
19.0068
19.0076
18.9976
18.9765
18.9436
20.0255
20.0743
20.1138
20.1442
20.1658
20.1787
20.1829
20.178
20.1636
20.139
21.264
21.3061
21.3406
21.3682
21.3894
21.4044
21.413
21.4151
21.4099
21.3971
22.5618
22.5931
22.6199
22.643
22.6631
22.6803
22.6945
22.7054
22.7122
22.7139
23.9156
23.9308
23.9463
23.963
23.9811
24.0009
24.0222
24.0445
24.0672
24.0891
25.314
25.3091
25.3107
25.3191
25.3348
25.3578
25.3878
25.4244
25.4668
25.5141
26.7443
26.7159
26.7011
26.7001
26.7131
26.7399
26.7804
26.8341
26.9003
26.9781
28.1907
28.1368
28.1041
28.0927
28.1029
28.1344
28.1871
28.2607
28.3543
28.4674
29.6385
29.5574
29.5051
29.4824
29.4895
29.5265
29.5932
29.6893
29.8141
29.9665
31.0806
30.9651
30.8894
30.8534
30.8569
30.8999
30.9822
31.1038
31.2647
31.465
32.4884
32.3372
32.237
32.187
32.1867
32.2358
32.3343
32.4825
32.681
32.9304
33.8377
33.6521
33.5283
33.4648
33.4608
33.5159
33.6304
33.805
34.0409
34.3401
35.1056
34.8916
34.7473
34.6715
34.6639
34.7245
34.8537
35.0521
35.3208
35.662
36.2845
36.0503
35.8866
35.7975
35.785
35.8502
35.9935
36.2146
36.5122
36.8832
37.4391
37.1498
36.9479
36.8352
36.8129
36.882
37.0426
37.2945
37.6366
38.0665
38.5087
38.1522
37.9022
37.7591
37.7235
37.796
37.9771
38.2673
38.6672
39.1771
39.4458
39.0166
38.7128
38.5349
38.4832
38.5582
38.7605
39.0914
39.552
40.1436
40.2166
39.7064
39.343
39.1262
39.0555
39.1313
39.3545
39.7265
40.2496
40.9263
40.78
40.1806
39.7529
39.4941
39.4025
39.4774
39.7198
40.1319
40.7171
41.4797
41.0728
40.3891
39.8994
39.5996
39.4866
39.5593
39.8185
40.2671
40.9098
41.7521
41.0652
40.2939
39.7454
39.4083
39.2758
39.3451
39.617
40.096
40.7905
41.7134
40.6457
39.8327
39.2522
38.8929
38.7475
38.8125
39.0888
39.5809
40.2978
41.2513
39.8415
39.0124
38.4211
38.0543
37.9031
37.9635
38.2361
38.7264
39.444
40.4033
38.656
37.8464
37.2712
36.9143
36.7659
36.8215
37.0818
37.5525
38.2448
39.1757
37.1116
36.3725
35.8465
35.5197
35.3834
35.4339
35.6718
36.1025
36.7359
37.5875
35.314
34.6817
34.2285
33.9458
33.828
33.8729
34.0811
34.4563
35.0056
35.7392
33.4147
32.8958
32.5201
32.2844
32.1864
32.2252
32.4013
32.7167
33.1748
33.7799
31.5534
31.1277
30.8172
30.6214
30.5399
30.5726
30.7198
30.9823
31.3613
31.8578
29.8091
29.4497
29.1862
29.0192
28.949
28.976
29.1002
29.322
29.6414
30.0582
28.2148
27.8959
27.6613
27.5119
27.448
27.4698
27.5776
27.7714
28.051
28.4158
26.7703
26.4707
26.2503
26.1091
26.0472
26.0648
26.1619
26.3386
26.595
26.9308
25.4529
25.1582
24.9416
24.8023
24.7398
24.7538
24.8445
25.0122
25.2572
25.5804
24.2278
23.9308
23.7128
23.5722
23.5079
23.5193
23.6063
23.7696
24.0101
24.3297
23.0578
22.7578
22.5381
22.3962
22.3303
22.3397
22.4242
22.5848
22.8229
23.141
21.9108
21.6127
21.3945
21.2534
21.1874
21.1954
21.2775
21.4345
21.6684
21.9821
20.7673
20.4782
20.2666
20.1297
20.0653
20.0725
20.1512
20.3025
20.5283
20.8316
19.6198
19.3473
19.1476
19.0182
18.9572
18.9639
19.0383
19.1812
19.3943
19.6804
18.4744
18.2233
18.0389
17.9193
17.8631
17.8695
17.9385
18.071
18.2685
18.5329
17.3416
17.1141
16.9469
16.8384
16.7874
16.7936
16.8569
16.9779
17.1579
17.3984
16.2333
16.0298
15.88
15.7828
15.7373
15.7432
15.8006
15.9098
16.0719
16.288
15.1608
14.9802
14.8471
14.7607
14.7205
14.7261
14.7777
14.8755
15.0203
15.213
14.1339
13.9739
13.856
13.7794
13.7439
13.7492
13.7953
13.8826
14.0116
14.1828
13.1589
13.0171
12.9124
12.8446
12.8132
12.8181
12.8593
12.9371
13.0519
13.2041
12.2397
12.1135
12.0203
11.9599
11.9321
11.9365
11.9734
12.0429
12.1453
12.281
11.3777
11.2648
11.1815
11.1275
11.1026
11.1066
11.1397
11.2019
11.2936
11.415
10.5729
10.4713
10.3963
10.3477
10.3253
10.3289
10.3586
10.4146
10.4971
10.6063
9.82378
9.73179
9.66387
9.61982
9.59945
9.6027
9.62957
9.68018
9.75472
9.85345
9.12811
9.0443
8.98241
8.94224
8.92362
8.9265
8.95088
8.99685
9.06461
9.15435
8.48313
8.40632
8.34957
8.3127
8.29558
8.29812
8.32035
8.36234
8.42426
8.5063
7.88579
7.81498
7.76263
7.72859
7.71273
7.71498
7.73535
7.77392
7.83083
7.90625
7.33289
7.26722
7.21865
7.18703
7.17224
7.17424
7.19301
7.22865
7.28126
7.351
6.82118
6.75992
6.71459
6.68504
6.67118
6.67295
6.69035
6.72346
6.77238
6.83727
6.34742
6.28995
6.2474
6.21964
6.20656
6.20813
6.22435
6.25527
6.30102
6.36174
5.9084
5.85422
5.81409
5.78789
5.77549
5.77687
5.79204
5.82104
5.86402
5.92111
5.50111
5.44982
5.41184
5.387
5.3752
5.37641
5.39062
5.41789
5.45836
5.5122
5.12232
5.07394
5.03799
5.01442
5.00316
5.00419
5.01752
5.04316
5.0812
5.13171
4.77089
4.72478
4.69047
4.66792
4.65709
4.65796
4.67054
4.69484
4.73088
4.77872
4.44454
4.40009
4.36701
4.34523
4.33473
4.33547
4.34747
4.37073
4.40527
4.45113
4.14059
4.09742
4.06526
4.04407
4.03381
4.03447
4.04605
4.06854
4.10198
4.14637
3.85673
3.81448
3.78298
3.7622
3.75212
3.75273
3.76402
3.786
3.81868
3.86208
3.59079
3.54911
3.51802
3.49749
3.48751
3.48809
3.49921
3.52088
3.55311
3.59593
3.34065
3.29922
3.2683
3.24789
3.23795
3.2385
3.24953
3.27105
3.30307
3.34562
3.10422
3.06282
3.03191
3.01148
3.00152
3.00204
3.01305
3.03453
3.0665
3.10898
2.87966
2.83811
2.80706
2.78652
2.77649
2.77699
2.78801
2.80955
2.84161
2.88417
2.6654
2.62353
2.59222
2.57147
2.56133
2.5618
2.5729
2.59459
2.62687
2.66969
2.46015
2.41778
2.38604
2.36498
2.35466
2.35512
2.36634
2.3883
2.42096
2.46425
2.26283
2.21971
2.18735
2.16585
2.15529
2.15571
2.16713
2.18949
2.22272
2.26672
2.07245
2.02828
1.99507
1.97298
1.9621
1.9625
1.97418
1.99708
2.03108
2.07605
1.88803
1.84251
1.80823
1.78538
1.77411
1.77449
1.78653
1.81012
1.84514
1.89136
1.70868
1.66152
1.62593
1.60217
1.59041
1.59079
1.60329
1.62779
1.66409
1.71191
1.53365
1.48456
1.44742
1.42257
1.41026
1.41065
1.42372
1.44933
1.48721
1.53699
1.36239
1.31107
1.27212
1.24601
1.23306
1.23346
1.24723
1.27415
1.31389
1.36598
1.19449
1.14067
1.09969
1.07214
1.05846
1.05889
1.07344
1.10186
1.14371
1.19838
1.02974
0.973264
0.930104
0.901002
0.886513
0.886968
0.902369
0.932391
0.976478
1.03388
0.868095
0.809118
0.763854
0.733209
0.7179
0.718361
0.7346
0.766193
0.812426
0.872387
0.709937
0.649182
0.60228
0.570319
0.554259
0.554703
0.571664
0.604558
0.652435
0.714205
0.556444
0.495568
0.448082
0.415333
0.398702
0.399095
0.416531
0.450134
0.498538
0.560401
0.410471
0.352333
0.305991
0.27335
0.256502
0.256806
0.274284
0.30762
0.354736
0.413734
0.277965
0.226176
0.183184
0.152251
0.136098
0.136282
0.152831
0.184228
0.227766
0.280182
0.16859
0.125278
0.0881381
0.0626913
0.0499946
0.0500615
0.0629198
0.0885855
0.126
0.169636
0.0915995
0.0536703
0.0273437
0.0145938
0.00978322
0.00979058
0.0146266
0.0274219
0.0538001
0.0917557
2.06386
2.02597
1.97891
1.92254
1.85724
1.78406
1.70481
1.62275
1.54868
1.47919
1.41279
1.34929
1.28884
1.23149
1.17715
1.12558
1.07651
1.02962
0.984577
0.941109
0.898956
0.857892
0.81772
0.778263
0.739364
0.700876
0.662661
0.624582
0.586498
0.548255
0.509679
0.470556
0.430609
0.389423
0.345912
0.299392
0.249085
0.192928
0.134522
0.0553733
4.24353
4.16957
4.08132
3.97944
3.86538
3.74142
3.61049
3.47571
3.33942
3.20498
3.0741
2.94776
2.82638
2.71003
2.59851
2.4915
2.38857
2.28929
2.19324
2.10002
2.00925
1.92059
1.83373
1.74838
1.66427
1.58112
1.4987
1.41674
1.33497
1.25309
1.17078
1.08765
1.00321
0.916835
0.827701
0.734792
0.635595
0.526531
0.393415
0.168745
5.29251
5.20823
5.10812
4.99294
4.86421
4.72429
4.57628
4.42354
4.26893
4.11451
3.96187
3.81203
3.66564
3.52311
3.38463
3.25021
3.11976
2.99308
2.86991
2.74998
2.63298
2.51863
2.40661
2.29664
2.18842
2.08167
1.97608
1.87135
1.76718
1.66322
1.55907
1.4543
1.34836
1.24054
1.12984
1.01472
0.892278
0.755817
0.582314
0.263087
6.04888
5.96161
5.85772
5.7376
5.60233
5.45374
5.29468
5.12913
4.96051
4.79104
4.62249
4.45592
4.29202
4.13128
3.97406
3.82057
3.67086
3.5249
3.38255
3.24362
3.1079
2.97513
2.84505
2.7174
2.59189
2.46822
2.34611
2.22524
2.10528
1.98586
1.86658
1.74692
1.62629
1.50382
1.37826
1.24746
1.10731
0.948162
0.739686
0.339988
6.70334
6.61649
6.5126
6.39134
6.25265
6.09713
5.92677
5.74749
5.56357
5.37835
5.19388
5.01134
4.83138
4.65445
4.48093
4.31108
4.14506
3.98289
3.8245
3.66975
3.51845
3.37039
3.22534
3.08303
2.9432
2.80557
2.66982
2.53565
2.40269
2.27057
2.13882
2.00687
1.87399
1.73913
1.60066
1.45582
1.29925
1.11873
0.877222
0.406538
7.32343
7.23903
7.13773
7.0186
6.8804
6.72115
6.53695
6.33702
6.13356
5.92976
5.72761
5.52784
5.33086
5.13738
4.94775
4.76215
4.5807
4.40343
4.23024
4.06101
3.89556
3.73367
3.57511
3.41963
3.26694
3.11677
2.9688
2.82268
2.67805
2.53446
2.3914
2.24819
2.10396
1.95742
1.80659
1.64807
1.47544
1.27426
1.00156
0.464913
7.93876
7.85739
7.7605
7.64868
7.52093
7.34679
7.13407
6.91692
6.69435
6.46953
6.24721
6.02874
5.81318
5.60178
5.39516
5.1934
4.99645
4.80421
4.61656
4.43331
4.25424
4.07913
3.90771
3.73971
3.57484
3.4128
3.25325
3.09581
2.94007
2.78553
2.63159
2.47748
2.32216
2.16411
2.00099
1.82886
1.64033
1.41901
1.11653
0.518452
8.56254
8.48203
8.38674
8.27755
8.13696
7.9427
7.71507
7.47845
7.23897
6.99835
6.75866
6.52219
6.28901
6.0585
5.83399
5.61545
5.4026
5.19519
4.99297
4.79569
4.60307
4.41485
4.23073
4.05042
3.87359
3.69989
3.52897
3.3604
3.19372
3.02836
2.86364
2.69867
2.53225
2.36264
2.18717
2.00141
1.79707
1.55598
1.22481
0.568456
9.20353
9.12094
9.02234
8.9058
8.75101
8.54242
8.29692
8.03661
7.7744
7.51459
7.25842
7.00685
6.7593
6.51226
6.26987
6.03433
5.80529
5.58241
5.36535
5.1538
4.94745
4.74597
4.54904
4.35632
4.16745
3.98205
3.79971
3.61996
3.44227
3.26602
3.09042
2.91448
2.73683
2.55552
2.3676
2.16813
1.94804
1.68747
1.32834
0.615888
9.87099
9.78636
9.6845
9.55891
9.39107
9.16346
8.89369
8.60678
8.31881
8.03682
7.76252
7.49482
7.23064
6.96644
6.70664
6.45408
6.20861
5.96991
5.73765
5.51148
5.29104
5.07599
4.86596
4.66057
4.45942
4.26209
4.06812
3.87698
3.68809
3.50075
3.31408
3.12697
2.9379
2.74473
2.5442
2.33095
2.09511
1.81521
1.42865
0.661524
10.5716
10.4859
10.3828
10.2503
10.0625
9.80801
9.50966
9.19377
8.87855
8.57287
8.27858
7.99284
7.70992
7.42637
7.14832
6.87817
6.61576
6.36075
6.11278
5.8715
5.63652
5.40746
5.18391
4.96547
4.75168
4.54208
4.33616
4.13335
3.93298
3.73428
3.53628
3.33776
3.13706
2.93183
2.71853
2.49138
2.23975
1.9406
1.5269
0.705974
11.3098
11.2234
11.1187
10.978
10.7639
10.4754
10.1442
9.79774
9.45521
9.12621
8.81197
8.50694
8.19979
7.89442
7.59752
7.30918
7.02918
6.75722
6.49294
6.23595
5.98586
5.74226
5.5047
5.27273
5.04586
4.82359
4.60535
4.39049
4.17832
3.96795
3.75835
3.54815
3.33558
3.11807
2.89184
2.65064
2.38314
2.06474
1.62403
0.749718
12.0896
12.0034
11.8973
11.7431
11.4924
11.1653
10.798
10.42
10.0508
9.69903
9.36332
9.03429
8.7016
8.37442
8.05714
7.74943
7.45089
7.16116
6.8798
6.60641
6.34056
6.0818
5.82966
5.58364
5.34321
5.1078
4.87681
4.64953
4.42517
4.20281
3.98129
3.75915
3.53445
3.30445
3.06507
2.80968
2.52619
2.18847
1.72078
0.793178
12.9139
12.8293
12.7202
12.5405
12.2482
11.8794
11.4742
11.0645
10.6693
10.2949
9.93626
9.57612
9.21616
8.86686
8.52835
8.20028
7.88223
7.5738
7.27454
6.984
6.70168
6.42712
6.15978
5.89914
5.64462
5.39559
5.15138
4.91125
4.67434
4.43963
4.20588
3.9715
3.73442
3.4917
3.23899
2.96923
2.66961
2.31247
1.81772
0.836664
13.7846
13.7028
13.5873
13.371
13.033
12.6195
12.1753
11.7336
11.3118
10.9126
10.5251
10.1331
9.74722
9.3739
9.01265
8.66294
8.32426
7.99612
7.67802
7.36945
7.06988
6.77879
6.4956
6.21973
5.95056
5.68741
5.42956
5.17617
4.92633
4.67893
4.43263
4.18574
3.93602
3.68036
3.41412
3.12981
2.8139
2.43719
1.91523
0.880368
14.7023
14.6234
14.4984
14.2384
13.8481
13.3856
12.9014
12.4284
11.9807
11.5553
11.1316
10.7065
10.2943
9.89585
9.51062
9.13806
8.7776
8.42868
8.09076
7.76326
7.44561
7.13723
6.83749
6.54576
6.26136
5.98357
5.71157
5.4445
5.18134
4.9209
4.66174
4.40206
4.13947
3.87065
3.59071
3.29172
2.95939
2.56298
2.01362
0.92494
15.6688
15.5925
15.4526
15.1381
14.6892
14.1758
13.6526
13.1497
12.6753
12.2179
11.7553
11.299
10.8585
10.4333
10.0227
9.62601
9.24256
8.87176
8.51299
8.16562
7.82903
7.50256
7.18556
6.87731
6.57709
6.2841
5.99749
5.71629
5.43941
5.16559
4.89327
4.62054
4.34484
4.06267
3.76884
3.45502
3.10614
2.68989
2.11296
0.970031
16.6862
16.6113
16.4481
16.0695
15.5571
14.9931
14.4327
13.9013
13.3979
12.9
12.3978
11.9099
11.4397
10.9863
10.5489
10.1268
9.71913
9.32531
8.94464
8.57644
8.22001
7.87465
7.53964
7.21421
6.89756
6.58885
6.28712
5.99136
5.7004
5.41285
5.12708
4.84103
4.55201
4.25631
3.94844
3.61965
3.25411
2.81791
2.21326
1.01554
17.7592
17.684
17.4854
17.0339
16.4556
15.8418
15.2459
14.6855
14.1475
13.5997
13.0591
12.5387
12.0375
11.5545
11.089
10.6401
10.207
9.78899
9.38534
8.99531
8.61814
8.25307
7.89931
7.55603
7.22236
6.89738
6.58008
6.26934
5.96391
5.66233
5.36283
5.06324
4.7607
4.45129
4.12926
3.78539
3.4031
2.94688
2.31442
1.06143
18.8952
18.8162
18.56
18.0323
17.3879
16.726
16.0956
15.5013
14.9098
14.3149
13.7395
13.1853
12.6516
12.1376
11.6425
11.1654
10.7055
10.2622
9.83443
9.42156
9.02274
8.63713
8.26388
7.90209
7.55081
7.20905
6.87572
6.54961
6.22938
5.91347
5.6
5.28666
4.97043
4.6472
4.3109
3.95188
3.5528
3.07654
2.41621
1.1076
20.101
20.0099
19.6712
19.0666
18.3588
17.6505
16.9834
16.3444
15.6936
15.0551
14.4411
13.8504
13.2821
12.7351
12.2087
11.7019
11.2139
10.7439
10.2909
9.85418
9.43279
9.02584
8.63238
8.25144
7.882
7.52298
7.17319
6.83135
6.49602
6.16552
5.83788
5.51062
5.18059
4.84344
4.49282
4.11863
3.70276
3.20647
2.51831
1.15393
21.3744
21.2617
20.825
20.1387
19.3682
18.6158
17.9072
17.2011
16.4961
15.8164
15.1623
14.533
13.9279
13.346
12.7864
12.2483
11.7307
11.2327
10.7534
10.2918
9.84696
9.41788
9.00353
8.60285
8.21474
7.83802
7.47141
7.11354
6.76285
6.41757
6.07558
5.7343
5.39039
5.03928
4.67434
4.28501
3.85241
3.3362
2.62033
1.20023
22.7087
22.5779
22.0435
21.263
20.426
19.6261
18.859
18.0853
17.3287
16.6017
15.9032
15.2321
14.5876
13.9685
13.3739
12.8027
12.2541
11.7269
11.2201
10.7327
10.2635
9.8116
9.37575
8.95482
8.54759
8.1528
7.76907
7.39492
7.02869
6.66848
6.31207
5.95672
5.5989
5.23386
4.85465
4.45028
4.00109
3.46512
2.72178
1.24629
24.1102
23.967
23.3246
22.4413
21.5377
20.6879
19.8373
18.9937
18.1837
17.4063
16.6604
15.9448
15.2583
14.5999
13.9684
13.3627
12.7816
12.224
11.6887
11.1746
10.6804
10.205
9.74716
9.30554
8.87886
8.46572
8.06466
7.67407
7.29219
6.917
6.54615
6.17673
5.80508
5.4262
5.03286
4.61361
4.14803
3.59257
2.82214
1.29188
25.568
25.4117
24.6489
23.6609
22.6932
21.7647
20.8292
19.925
19.0576
18.2263
17.4298
16.6669
15.9362
15.2365
14.5665
13.9247
13.31
12.721
12.1564
11.6149
11.0951
10.5958
10.1155
9.65294
9.20657
8.77494
8.35644
7.94937
7.55183
7.16169
6.77646
6.3931
6.00775
5.6152
5.20793
4.77406
4.29239
3.71783
2.92081
1.33672
27.0718
26.9013
26.0079
24.9191
23.8899
22.8645
21.8471
20.8746
19.9448
19.0558
18.2058
17.3932
16.6164
15.8738
15.1638
14.4849
13.8357
13.2145
12.62
12.0506
11.5048
10.9813
10.4784
9.99469
9.52857
9.07842
8.64251
8.21902
7.80594
7.40099
7.00156
6.60445
6.20564
5.79969
5.3788
4.93064
4.43329
3.84012
3.0172
1.38055
28.6072
28.4184
27.3836
26.2024
25.0932
23.9632
22.8716
21.8296
20.8352
19.8863
18.981
18.1171
17.2928
16.5061
15.7553
15.0386
14.3542
13.7004
13.0756
12.4781
11.9063
11.3585
10.833
10.3282
9.84248
9.37395
8.92082
8.48112
8.05272
7.63323
7.21988
6.80934
6.39739
5.97842
5.5443
5.08231
4.56979
3.95862
3.11066
1.42307
30.1556
29.9387
28.7618
27.5062
26.2923
25.0646
23.8943
22.7799
21.7189
20.7087
19.7468
18.8308
17.9583
17.1271
16.3352
15.5804
14.8607
14.1744
13.5194
12.8939
12.2961
11.7242
11.1764
10.6509
10.1458
9.6592
9.18918
8.73364
8.29031
7.85666
7.4298
7.00625
6.58162
6.15008
5.70325
5.22797
4.7009
4.0725
3.20053
1.46401
31.7196
31.4747
30.1341
28.8077
27.4788
26.1537
24.9004
23.7121
22.584
21.5125
20.4941
19.5261
18.6056
17.7301
16.8973
16.1048
15.3503
14.6317
13.9469
13.2939
12.6707
12.0752
11.5056
10.9598
10.4358
9.93175
9.44538
8.97452
8.51678
8.06951
7.62967
7.19364
6.75688
6.31335
5.85441
5.36651
4.82565
4.18091
3.2862
1.50308
33.2495
32.9442
31.4436
30.0431
28.5855
27.191
25.8666
24.6099
23.4177
22.2866
21.2132
20.1943
19.2269
18.3082
17.4354
16.606
15.8175
15.0675
14.3538
13.6741
13.0262
12.408
11.8173
11.2521
10.7101
10.1892
9.68716
9.20168
8.73021
8.26998
7.81782
7.36998
6.92175
6.4669
5.99656
5.4968
4.94302
4.283
3.36702
1.54003
34.7283
34.3649
32.7375
31.2304
29.6677
28.1889
26.7897
25.4651
24.2106
23.022
21.8955
20.8276
19.8149
18.8545
17.9432
17.0783
16.2572
15.4772
14.7358
14.0306
13.3592
12.7193
12.1086
11.5249
10.9658
10.4291
9.91233
9.41309
8.92873
8.45634
7.99265
7.53375
7.0748
6.60941
6.12844
5.61767
5.05193
4.37782
3.44225
1.57454
36.1054
35.6489
33.9388
32.3419
30.6815
29.123
27.6537
26.2655
24.9524
23.7095
22.5327
21.4183
20.3627
19.3626
18.4148
17.5164
16.6644
15.856
15.0885
14.3594
13.666
13.0059
12.3765
11.7756
11.2006
10.6492
10.1188
9.60684
9.11057
8.62698
8.15265
7.68356
7.21474
6.73962
6.24888
5.72796
5.1512
4.46416
3.51072
1.60614
37.3468
36.6564
34.9721
33.2714
31.5772
29.9689
28.4448
27.0014
25.635
24.3418
23.1179
21.9599
20.8639
19.8267
18.8448
17.9151
17.0343
16.1997
15.4081
14.6569
13.9433
13.2646
12.6182
12.0016
11.4122
10.8474
10.3047
9.78118
9.27414
8.78041
8.29646
7.81816
7.34041
6.85646
6.35681
5.82661
5.2397
4.54068
3.57066
1.63339
38.6084
37.671
35.9672
34.1609
32.4146
30.7507
29.1707
27.6731
26.2553
24.9141
23.6457
22.4466
21.313
20.2414
19.228
18.2696
17.3627
16.5041
15.6908
14.9198
14.188
13.4928
12.8312
12.2007
11.5985
11.0219
10.4682
9.93458
9.41804
8.91538
8.42295
7.93653
7.45087
6.95911
6.45154
5.91305
5.31701
4.60707
3.62179
1.65616
39.8314
38.7222
36.9749
35.0491
33.2159
31.4788
29.8345
28.2794
26.8098
25.4215
24.1107
22.8731
21.7047
20.6015
19.5597
18.5755
17.6454
16.7658
15.9334
15.145
14.3975
13.6879
13.0133
12.3708
11.7577
11.171
10.608
10.0657
9.54113
9.03086
8.53121
8.03786
7.54545
7.047
6.53263
5.98703
5.38319
4.66401
3.66608
1.676
40.9052
39.687
37.9081
35.8731
33.9495
32.1351
30.4241
28.8108
27.2901
25.8568
24.5061
23.2331
22.0333
20.9022
19.8354
18.8289
17.8788
16.9813
16.1328
15.3299
14.5694
13.848
13.1627
12.5104
11.8884
11.2935
10.7229
10.1737
9.6425
9.12607
8.62056
8.12155
7.62363
7.11969
6.59974
6.04829
5.43803
4.71131
3.70309
1.69265
41.8007
40.5428
38.724
36.5933
34.585
32.697
30.9221
29.2536
27.6851
26.2105
24.824
23.52
22.293
21.1382
20.0506
19.0258
18.0596
17.1478
16.2867
15.4725
14.7018
13.9714
13.2779
12.6183
11.9894
11.3884
10.8122
10.2577
9.72157
9.20049
8.69054
8.18724
7.68509
7.17692
6.65263
6.09658
5.48126
4.74859
3.73232
1.70583
42.4707
41.2485
39.3933
37.1851
35.1003
33.1443
31.3109
29.5927
27.9823
26.4724
25.056
23.7266
22.4781
21.3049
20.2015
19.1632
18.1852
17.2632
16.3931
15.5711
14.7936
14.057
13.3581
12.6936
12.0603
11.4553
10.8753
10.3173
9.77803
9.25387
8.74095
8.23475
7.72971
7.21859
6.69122
6.13182
5.51271
4.77541
3.75276
1.71466
42.849
41.7864
39.9003
37.6432
35.4792
33.4581
31.5725
29.8126
28.1688
26.632
25.1938
23.8466
22.5836
21.3983
20.2851
19.2385
18.2537
17.3259
16.451
15.625
14.8439
14.1044
13.4028
12.736
12.1008
11.4939
10.9122
10.3527
9.81186
9.28623
8.77186
8.26418
7.75759
7.24484
6.71567
6.15425
5.53271
4.7923
3.76511
1.71965
42.9427
42.1931
40.1573
37.945
35.6866
33.6072
31.6828
29.8955
28.2317
26.68
25.2306
23.8751
22.6058
21.416
20.2995
19.2506
18.2642
17.3355
16.4601
15.6339
14.8529
14.1135
13.4123
12.7459
12.111
11.5045
10.9233
10.364
9.82339
9.29791
8.78358
8.27583
7.76906
7.25599
6.72634
6.16425
5.54179
4.80008
3.77082
1.72181
42.5156
42.0106
39.9363
37.8468
35.6185
33.5414
31.6153
29.8263
28.1618
26.6107
25.1629
23.8098
22.5437
21.3574
20.2446
19.1997
18.2173
17.2926
16.421
15.5986
14.8212
14.0853
13.3873
12.7239
12.0919
11.4879
10.909
10.3519
9.81323
9.28947
8.77667
8.27025
7.76463
7.25253
6.7237
6.16226
5.54033
4.79909
3.77051
1.7216
41.682
41.456
39.3929
37.4651
35.3346
33.282
31.3778
29.6083
27.9613
26.4258
24.9925
23.6528
22.399
21.2243
20.1224
19.0876
18.1147
17.1988
16.3355
15.5207
14.7504
14.0211
13.3292
12.6713
12.0444
11.4452
10.8706
10.3174
9.78227
9.26175
8.75189
8.24815
7.74497
7.23509
6.70829
6.14875
5.52859
4.789
3.7619
1.71686
40.4276
40.5203
38.5656
36.7771
34.8155
32.8402
30.9833
29.253
27.6394
26.1333
24.726
23.4095
22.1768
21.0212
19.9367
18.9178
17.9595
17.057
16.2061
15.4026
14.6427
13.9229
13.2397
12.5899
11.9703
11.3777
10.8093
10.2616
9.73166
9.21582
8.71025
8.21044
7.71089
7.2044
6.68081
6.12437
5.50735
4.77119
3.74861
1.71073
38.7329
39.0511
37.4237
35.7331
34.0687
32.2526
30.4601
28.7806
27.2117
25.7453
24.3733
23.0884
21.8841
20.7541
19.6929
18.6951
17.7561
16.8711
16.0362
15.2473
14.5008
13.7932
13.1212
12.4816
11.8714
11.2874
10.7267
10.1862
9.6628
9.15295
8.65288
8.15817
7.66336
7.16133
6.64201
6.08978
5.47709
4.74575
3.72938
1.70197
36.7181
37.1256
35.9256
34.3877
32.947
31.4659
29.8298
28.2104
26.6944
25.2755
23.9461
22.6995
21.5296
20.4306
19.3975
18.4252
17.5093
16.6455
15.8299
15.0586
14.3281
13.6351
12.9765
12.3491
11.75
11.1762
10.6248
10.0929
9.57725
9.07458
8.58114
8.09256
7.60349
7.10688
6.59278
6.04571
5.43836
4.71297
3.7043
1.69051
34.5736
34.9666
34.1336
32.858
31.5534
30.2988
28.9853
27.5458
26.1018
24.738
23.4569
22.2534
21.1224
20.0586
19.0574
18.1143
17.2249
16.3852
15.5915
14.8403
14.1281
13.4519
12.8085
12.195
11.6086
11.0465
10.5057
9.98348
9.47678
8.98233
8.49648
8.01496
7.5325
7.04216
6.53412
5.99304
5.3919
4.67343
3.67375
1.67652
32.5
32.8406
32.2541
31.2332
30.0971
28.9799
27.8744
26.7061
25.4384
24.1494
22.9186
21.7608
20.6715
19.6459
18.6797
17.7685
16.9083
16.0952
15.3258
14.5967
13.9048
13.2469
12.6204
12.0223
11.4499
10.9005
10.3715
9.86005
9.36323
8.87789
8.40047
7.92681
7.45172
6.96839
6.46712
5.93278
5.33861
4.62793
3.63841
1.6603
30.5911
30.8775
30.4418
29.6175
28.6452
27.6557
26.6824
25.6911
24.634
23.4985
22.3393
21.2295
20.1844
19.1997
18.271
17.3941
16.5652
15.7808
15.0375
14.3322
13.6619
13.0239
12.4154
11.8338
11.2765
10.7409
10.2246
9.72471
9.23856
8.76306
8.29477
7.82962
7.36254
6.88684
6.39298
5.86601
5.2795
4.57739
3.5991
1.64229
28.8774
29.1203
28.7784
28.0956
27.2569
26.3779
25.5064
24.6355
23.7305
22.7584
21.7152
20.6649
19.6676
18.7266
17.8377
16.9971
16.2013
15.447
14.7312
14.0509
13.4035
12.7864
12.1969
11.6326
11.0912
10.5702
10.0672
9.57957
9.1047
8.63964
8.18103
7.72494
7.2664
6.79886
6.31292
5.79387
5.21561
4.52278
3.55668
1.62289
27.3512
27.5639
27.2857
26.7059
25.9714
25.1822
24.3913
23.6096
22.8177
21.9777
21.054
20.0749
19.1287
18.2336
17.3864
16.5836
15.8221
15.0991
14.4117
13.7574
13.1336
12.5379
11.9681
11.4218
10.8968
10.3909
9.90164
9.42675
8.96362
8.50942
8.06093
7.6143
7.16472
6.70575
6.22817
5.71749
5.14799
4.46501
3.51187
1.60246
25.9796
26.1722
25.943
25.4436
24.7927
24.0765
23.3489
22.6325
21.9211
21.1824
20.3714
19.4704
18.5764
17.7285
16.924
16.1599
15.4335
14.7422
14.0837
13.4557
12.8558
12.282
11.7322
11.2041
10.6959
10.2053
9.73018
9.26829
8.81719
8.37415
7.93606
7.49921
7.05889
6.60882
6.13994
5.638
5.07766
4.40503
3.46546
1.58138
24.7176
24.8958
24.709
24.2786
23.7008
23.0488
22.3743
21.707
21.0535
20.3938
19.682
18.858
18.0183
17.2188
16.4575
15.7323
15.041
14.3815
13.7518
13.15
12.574
12.0221
11.4922
10.9824
10.491
10.0158
9.55491
9.10615
8.6672
8.23547
7.80796
7.38106
6.95021
6.50925
6.04931
5.55638
5.00551
4.34358
3.41804
1.55992
23.5194
23.6854
23.5378
23.1717
22.6634
22.0741
21.4507
20.8259
20.216
19.6164
18.9881
18.2487
17.4659
16.7142
15.9951
15.3076
14.6503
14.0217
13.4202
12.844
12.2916
11.7611
11.2509
10.7593
10.2844
9.82456
9.3778
8.94212
8.51532
8.09492
7.67803
7.26116
6.83986
6.40812
5.95725
5.47348
4.93227
4.28128
3.37009
1.53833
22.3472
22.5022
22.3908
22.0859
21.6461
21.1216
20.5528
19.9714
19.3984
18.8408
18.2821
17.6539
16.9353
16.2258
15.5447
14.892
14.2666
13.6673
13.0927
12.5413
12.0115
11.5019
11.0109
10.5369
10.0784
9.63352
9.20067
8.7779
8.36311
7.95393
7.54759
7.1407
6.72893
6.30641
5.86462
5.39006
4.85858
4.21866
3.322
1.51679
21.1781
21.3236
21.2455
20.9975
20.6244
20.166
19.6564
19.1235
18.5883
18.0628
17.5454
17.0098
16.4148
15.7599
15.1107
14.4891
13.8931
13.3213
12.7723
12.2445
11.7366
11.247
10.7745
10.3176
9.87473
9.44448
9.02517
8.61499
8.21197
7.81382
7.41786
7.0208
6.61843
6.20502
5.77222
5.30677
4.78495
4.15605
3.27399
1.49539
20.0042
20.1444
20.0955
19.8992
19.5889
19.1962
18.7483
18.2689
17.7769
17.2853
16.7992
16.313
15.8108
15.2725
14.6876
14.0992
13.5312
12.9858
12.4612
11.9561
11.4691
10.9987
10.5438
10.1031
9.67531
9.25905
8.85279
8.45481
8.06323
7.67583
7.29001
6.90258
6.5094
6.10486
5.68078
5.22415
4.71164
4.09337
3.22552
1.47373
18.831
18.9671
18.9441
18.7943
18.5425
18.2129
17.8272
17.4047
16.9614
16.5097
16.057
15.6051
15.1506
14.6868
14.2055
13.6981
13.1779
12.6623
12.1619
11.6788
11.2117
10.7593
10.3208
9.89525
9.48162
9.07863
8.68484
8.29861
7.91811
7.54117
7.16525
6.7872
6.40294
6.00695
5.59117
5.1428
4.63889
4.0303
3.17527
1.45049
17.6696
17.8018
17.8011
17.6914
17.4926
17.2218
16.8963
16.5314
16.1406
15.7349
15.3222
14.907
14.4901
14.0704
13.6448
13.2106
12.7666
12.3136
11.8588
11.4085
10.9659
10.5314
10.1073
9.69538
9.2948
8.90427
8.52237
8.14749
7.77778
7.41108
7.04485
6.67596
6.30037
5.91259
5.50464
5.06383
4.56748
3.96702
3.12247
1.42524
16.5327
16.6614
16.6788
16.6031
16.4506
16.2328
15.9631
15.6538
15.3159
14.9589
14.5904
14.2156
13.8374
13.457
13.074
12.6875
12.2965
11.9009
11.5015
11.0992
10.6959
10.2942
9.89621
9.50268
9.11524
8.73648
8.36608
8.00237
7.64339
7.2869
6.93034
6.57054
6.20349
5.82373
5.42321
4.98944
4.49987
3.90606
3.07156
1.40728
15.4327
15.5575
15.5894
15.5421
15.4283
15.2571
15.0378
14.7801
14.4929
14.1842
13.8607
13.5277
13.1889
12.8465
12.5016
12.1543
11.8043
11.4512
11.0948
10.7353
10.3738
10.0119
9.6511
9.29119
8.93145
8.57266
8.21606
7.86408
7.51622
7.1703
6.82368
6.47317
6.11483
5.74329
5.35069
4.92449
4.44229
3.85619
3.02909
1.38629
14.3797
14.4999
14.5428
14.5187
14.4368
14.3058
14.1309
13.9197
13.6793
13.4164
13.1366
12.845
12.5451
12.2397
11.9305
11.6183
11.3035
10.986
10.6657
10.3427
10.0174
9.69072
9.36341
9.036
8.70864
8.38098
8.05164
7.72144
7.39112
7.05953
6.72494
6.38495
6.03611
5.67342
5.28934
4.8717
4.39847
3.82212
3.00764
1.37901
13.3807
13.4958
13.5469
13.5413
13.4861
13.3878
13.2513
13.0812
12.883
12.6622
12.4235
12.1713
11.909
11.6394
11.3644
11.0854
10.8031
10.5178
10.2298
9.93918
9.64621
9.3513
9.0549
8.75736
8.45881
8.15909
7.85761
7.55363
7.24605
6.93387
6.61595
6.29051
5.95469
5.60397
5.23123
4.82472
4.36288
3.79906
2.99867
1.38168
12.4397
12.5494
12.6062
12.6153
12.5818
12.5106
12.4064
12.2717
12.1107
11.9276
11.7265
11.511
11.2841
11.0486
10.8063
10.5588
10.3071
10.052
9.79369
9.53263
9.26905
9.0032
8.73534
8.46562
8.19402
7.92025
7.64368
7.36335
7.07814
6.78689
6.48833
6.18064
5.86111
5.52549
5.16701
4.77422
4.32593
3.7759
2.99005
1.38788
11.5582
11.6624
11.7229
11.7434
11.7274
11.6785
11.6002
11.496
11.3674
11.2177
11.0503
10.8681
10.6739
10.47
10.2584
10.0406
9.81775
9.59069
9.36001
9.12615
8.8894
8.65
8.40809
8.16368
7.91665
7.66661
7.41295
7.15478
6.89103
6.62052
6.34181
6.05298
5.75128
5.43255
5.09014
4.71281
4.27959
3.74461
2.97465
1.39249
10.7359
10.8348
10.8975
10.9266
10.9246
10.894
10.8376
10.758
10.6569
10.5362
10.3983
10.2459
10.0812
9.90633
9.72298
9.53266
9.33655
9.13557
8.93041
8.72155
8.50936
8.29406
8.07575
7.85439
7.62979
7.40157
7.16914
6.93169
6.68824
6.43757
6.17818
5.90808
5.62444
5.32309
4.9974
4.63623
4.2188
3.69965
2.94698
1.39086
9.97143
10.0651
10.1289
10.1645
10.1734
10.1577
10.1192
10.0598
9.98183
9.88572
9.77353
9.64724
9.50876
9.35987
9.20213
9.0369
8.86533
8.68831
8.50658
8.32066
8.13093
7.93763
7.74085
7.54054
7.33651
7.12839
6.91562
6.69747
6.47298
6.24097
5.9999
5.74772
5.48157
5.19721
4.88804
4.54298
4.14145
3.63858
2.90461
1.3808
9.26226
9.35108
9.41512
9.45538
9.47296
9.46909
9.44513
9.40257
9.34297
9.26791
9.17775
9.07413
8.95866
8.83282
8.69798
8.55538
8.40603
8.25083
8.09048
7.92549
7.75628
7.58306
7.40596
7.22491
7.03974
6.8501
6.65548
6.45517
6.24827
6.0336
5.80961
5.57423
5.32457
5.05637
4.76305
4.43364
4.04782
3.56151
2.84767
1.36228
8.6055
8.68979
8.75352
8.79718
8.82141
8.82698
8.81485
8.78613
8.74204
8.68388
8.61237
8.52819
8.43266
8.32703
8.21246
8.09001
7.96063
7.82511
7.68411
7.53815
7.38759
7.23268
7.07352
6.91008
6.74218
6.56949
6.39154
6.20765
6.01694
5.81824
5.61003
5.39021
5.1559
4.90284
4.62452
4.3101
3.93966
3.47012
2.77776
1.3362
7.99794
8.07811
8.1412
8.18728
8.2166
8.2296
8.22695
8.20949
8.17815
8.13397
8.078
8.01034
7.93196
7.84389
7.7471
7.64248
7.53087
7.41298
7.2894
7.16061
7.02695
6.88866
6.74582
6.59841
6.44627
6.28908
6.12638
5.95752
5.78163
5.59759
5.40385
5.19836
4.97823
4.73928
4.47506
4.17496
3.81955
3.36693
2.69717
1.3038
7.43622
7.5128
7.57514
7.62291
7.65604
7.67478
7.67961
7.67121
7.65033
7.61777
7.57434
7.52081
7.45719
7.38433
7.30303
7.21409
7.11819
7.01598
6.90798
6.79461
6.67618
6.55291
6.42486
6.29201
6.15419
6.01111
5.86231
5.70715
5.54481
5.37414
5.19366
5.00133
4.7943
4.56845
4.31749
4.03107
3.69031
3.25466
2.60839
1.26643
6.917
6.99062
7.05229
7.10121
7.1371
7.16009
7.17068
7.16949
7.15716
7.13433
7.10161
7.05965
7.00859
6.9488
6.88095
6.80569
6.72362
6.63527
6.54113
6.44154
6.33678
6.22702
6.11232
5.99264
5.86781
5.73753
5.60135
5.45867
5.30866
5.15021
4.98186
4.8016
4.60666
4.39301
4.15452
3.88117
3.55469
3.13599
2.51376
1.22535
6.43691
6.50843
6.56965
6.61928
6.65694
6.68289
6.69772
6.70216
6.6968
6.68209
6.65841
6.62618
6.58584
6.53729
6.48106
6.4177
6.34773
6.27161
6.18974
6.10241
6.00987
5.91224
5.80955
5.70174
5.58865
5.46996
5.34524
5.21389
5.0751
4.92779
4.77054
4.60138
4.41762
4.21535
3.98862
3.72776
3.41518
3.01328
2.41539
1.18167
5.99256
6.06296
6.12395
6.17388
6.21249
6.24025
6.25806
6.26684
6.2672
6.25936
6.24344
6.21963
6.18823
6.14934
6.10314
6.05012
5.99072
5.92534
5.8543
5.77787
5.69621
5.60943
5.51752
5.4204
5.31789
5.20968
5.09534
4.97428
4.84571
4.70857
4.56149
4.40256
4.22916
4.03751
3.82189
3.57298
3.27388
2.88856
2.31502
1.13636
5.58061
5.65055
5.71123
5.76115
5.80021
5.82908
5.84899
5.86115
5.86621
5.86421
5.85497
5.83842
5.8147
5.7841
5.74655
5.7025
5.65234
5.5964
5.53494
5.46817
5.39622
5.31913
5.23689
5.14938
5.05641
4.95766
4.85272
4.741
4.62173
4.4939
4.35614
4.20665
4.04287
3.86118
3.65606
3.41857
3.13253
2.76348
2.21409
1.09016
5.19766
5.269
5.32875
5.37804
5.41713
5.44659
5.46789
5.48258
5.49152
5.49448
5.49098
5.48077
5.46382
5.44032
5.41031
5.37411
5.33207
5.28447
5.2315
5.17333
5.11002
5.0416
4.96801
4.88913
4.80475
4.71456
4.61813
4.51489
4.40411
4.28478
4.15562
4.01485
3.86003
3.68767
3.4925
3.26593
2.9925
2.63932
2.11372
1.04371
4.84182
4.91322
4.97269
5.02192
5.06127
5.09098
5.11264
5.12885
5.14084
5.14808
5.1497
5.14514
5.13415
5.11681
5.09346
5.0642
5.02934
4.98912
4.94369
4.89315
4.83754
4.77686
4.71102
4.63989
4.56324
4.48077
4.39205
4.29654
4.19349
4.08198
3.96072
3.82803
3.68157
3.51799
3.33222
3.11609
2.85482
2.51707
2.01477
0.997466
4.51175
4.58202
4.6416
4.69114
4.73084
4.76063
4.78269
4.80033
4.81432
4.82427
4.82986
4.83045
4.82501
4.81323
4.79559
4.77233
4.74374
4.70999
4.67119
4.6274
4.57862
4.52481
4.46589
4.4017
4.332
4.2565
4.17477
4.08627
3.99031
3.88596
3.772
3.64682
3.50817
3.35284
3.176
2.96982
2.72025
2.39746
1.91785
0.951791
4.2051
4.27419
4.33374
4.38361
4.42371
4.45388
4.4766
4.49547
4.51131
4.52363
4.53209
4.53633
4.53555
4.52873
4.51609
4.49803
4.47485
4.4467
4.41366
4.37576
4.33297
4.28524
4.23246
4.17446
4.111
4.04177
3.96638
3.88427
3.79479
3.69702
3.58982
3.47162
3.34027
3.19271
3.02433
2.82767
2.58934
2.28101
1.82343
0.906942
3.9195
3.98758
4.04698
4.09716
4.13777
4.16856
4.19213
4.21221
4.2298
4.24434
4.25531
4.26244
4.26518
4.2624
4.25401
4.24046
4.22194
4.19861
4.17053
4.13773
4.10017
4.05778
4.01043
3.95793
3.90006
3.8365
3.76683
3.69055
3.60699
3.5153
3.41435
3.30265
3.17815
3.03791
2.87755
2.68997
2.46243
2.16805
1.7318
0.863105
3.6526
3.72005
3.77928
3.82968
3.87085
3.90256
3.92717
3.94845
3.96773
3.98449
3.99782
4.00733
4.0126
4.01291
4.00807
3.99838
3.98387
3.96469
3.94091
3.91255
3.87957
3.84188
3.79933
3.75175
3.69889
3.64042
3.57596
3.50499
3.42687
3.34078
3.24563
3.13999
3.02191
2.88859
2.73584
2.55692
2.33974
2.0588
1.64315
0.820409
3.40195
3.46912
3.52823
3.5788
3.6205
3.65324
3.67904
3.70158
3.72269
3.74167
3.75701
3.76834
3.77561
3.77844
3.77661
3.77019
3.75916
3.74363
3.72366
3.69924
3.67032
3.63682
3.59858
3.55541
3.50706
3.45321
3.39349
3.32738
3.25426
3.17334
3.08358
2.98362
2.87157
2.74478
2.59927
2.42862
2.22138
1.95338
1.55759
0.778936
3.1652
3.23226
3.29128
3.342
3.3842
3.41785
3.44484
3.46895
3.49193
3.51258
3.52956
3.54273
3.55196
3.55702
3.55778
3.55423
3.54633
3.53411
3.51759
3.49674
3.47151
3.4418
3.40746
3.36829
3.32405
3.27443
3.21904
3.1574
3.08891
3.01279
2.92807
2.83341
2.72705
2.60645
2.46782
2.30507
2.10735
1.85179
1.47514
0.738723
2.94045
3.00752
3.06652
3.1174
3.16011
3.19474
3.22305
3.24868
3.27328
3.29553
3.31414
3.32899
3.34003
3.34715
3.35026
3.34932
3.34426
3.33506
3.3217
3.30413
3.2823
3.25607
3.22531
3.18981
3.14934
3.1036
3.05221
2.99471
2.93051
2.85888
2.77886
2.6892
2.58821
2.47347
2.34139
2.18619
1.9976
1.754
1.39576
0.699753
2.72623
2.79355
2.85275
2.90395
2.94729
2.98312
3.01293
3.03993
3.06591
3.08961
3.10971
3.12615
3.13891
3.14795
3.1532
3.15462
3.15213
3.14568
3.13521
3.12065
3.10192
3.07891
3.05145
3.01935
2.98238
2.94024
2.89257
2.83893
2.77873
2.7113
2.6357
2.55076
2.45486
2.34569
2.21985
2.07187
1.892
1.65983
1.31911
0.662455
2.52135
2.58926
2.649
2.70085
2.74506
2.78217
2.81347
2.84178
2.86897
2.89391
2.91541
2.93335
2.94774
2.95857
2.96581
2.96938
2.96923
2.96528
2.95745
2.94566
2.9298
2.90974
2.88534
2.85639
2.82267
2.78389
2.73969
2.68964
2.63321
2.56972
2.49831
2.41784
2.32676
2.22292
2.10306
1.96201
1.79055
1.56939
1.24559
0.626714
2.32468
2.39353
2.45422
2.50706
2.55239
2.59083
2.62366
2.65328
2.68135
2.70737
2.73026
2.74966
2.76561
2.77817
2.78727
2.79285
2.79486
2.79322
2.78783
2.7786
2.7654
2.74809
2.72653
2.70051
2.66982
2.63416
2.59321
2.54655
2.49365
2.43389
2.36644
2.29021
2.20374
2.10498
1.99085
1.85646
1.69309
1.48255
1.17509
0.592264
2.13515
2.20531
2.2673
2.32149
2.36821
2.40807
2.4423
2.4729
2.50169
2.52898
2.5534
2.57424
2.59173
2.60594
2.61684
2.62435
2.62842
2.62896
2.62587
2.61902
2.6083
2.59356
2.57464
2.55136
2.5235
2.49077
2.45286
2.40937
2.35982
2.30357
2.23987
2.16767
2.0856
1.9917
1.88307
1.75508
1.59951
1.39922
1.10751
0.559034
1.95197
2.02381
2.08749
2.14335
2.19168
2.23292
2.26801
2.29942
2.32949
2.35821
2.38405
2.40636
2.42542
2.44129
2.45397
2.46338
2.46945
2.47208
2.47117
2.46658
2.45818
2.44584
2.4294
2.40868
2.38346
2.35348
2.31842
2.27792
2.2315
2.17858
2.11843
2.05007
1.97219
1.88294
1.77958
1.65775
1.50969
1.31929
1.04276
0.527001
1.77445
1.84842
1.91409
1.97179
2.02176
2.06425
2.10035
2.13293
2.16432
2.19435
2.22161
2.24551
2.26623
2.28383
2.2983
2.30958
2.31762
2.32229
2.32347
2.32102
2.31482
2.30474
2.29063
2.2723
2.24955
2.22213
2.18974
2.15203
2.10856
2.05878
2.00199
1.93726
1.86337
1.77857
1.68028
1.56436
1.42355
1.24267
0.980788
0.496156
1.6019
1.67844
1.74626
1.8058
1.85735
1.90117
1.93854
1.9725
2.00524
2.0367
2.06555
2.0912
2.11373
2.13318
2.14954
2.16273
2.17272
2.17939
2.18261
2.18223
2.17812
2.17018
2.15824
2.14214
2.12169
2.09665
2.06675
2.03165
1.99093
1.94409
1.89046
1.82917
1.75908
1.67852
1.58506
1.47484
1.341
1.16932
0.921532
0.466503
1.43366
1.51306
1.58299
1.64423
1.69724
1.7425
1.78147
1.81708
1.85135
1.88441
1.91512
1.9428
1.9674
1.98892
2.00733
2.02256
2.03458
2.04327
2.0485
2.05013
2.04805
2.04213
2.03224
2.01822
1.9999
1.97706
1.94945
1.91675
1.87859
1.83448
1.78381
1.72576
1.65925
1.58272
1.4939
1.38913
1.26199
1.09919
0.86496
0.438047
1.26915
1.3516
1.42346
1.4861
1.54042
1.58727
1.62816
1.66572
1.7018
1.73665
1.7696
1.79975
1.82677
1.85065
1.87137
1.88885
1.90304
1.91384
1.92112
1.92476
1.92465
1.92068
1.91272
1.90065
1.88429
1.86346
1.83794
1.80744
1.77161
1.73002
1.68208
1.62705
1.5639
1.49119
1.40676
1.30722
1.18652
1.03224
0.811049
0.410799
1.10786
1.19335
1.26671
1.33035
1.38576
1.43431
1.4774
1.51723
1.55559
1.59275
1.6283
1.66131
1.69123
1.71794
1.74134
1.76137
1.77799
1.79108
1.80054
1.80626
1.80813
1.80606
1.79995
1.78968
1.77512
1.75611
1.73246
1.70393
1.6702
1.63087
1.58542
1.53316
1.47313
1.40397
1.3237
1.22911
1.11458
0.968486
0.759789
0.384778
0.949353
1.03745
1.11154
1.17558
1.23179
1.282
1.32759
1.37021
1.41141
1.45145
1.49006
1.52661
1.56017
1.59029
1.61693
1.64001
1.65947
1.6752
1.68708
1.69503
1.69894
1.69876
1.69441
1.68581
1.67287
1.65547
1.63346
1.60663
1.57472
1.53737
1.49412
1.44432
1.38711
1.32123
1.24482
1.1549
1.04622
0.907948
0.711201
0.360003
0.793191
0.882746
0.956192
1.0197
1.07635
1.1282
1.17661
1.2226
1.26717
1.31087
1.35344
1.39429
1.43239
1.46694
1.49773
1.5247
1.54771
1.56663
1.58134
1.59176
1.59785
1.59958
1.59692
1.58986
1.57835
1.56232
1.54167
1.51624
1.48581
1.4501
1.40869
1.361
1.30624
1.24325
1.17033
1.0847
0.981488
0.85064
0.665383
0.336596
0.639131
0.727573
0.798007
0.859571
0.91611
0.969549
1.02086
1.07056
1.11918
1.16735
1.21504
1.26156
1.30564
1.34624
1.38288
1.41522
1.443
1.46602
1.48419
1.4975
1.50598
1.50969
1.50869
1.50303
1.49274
1.47782
1.45821
1.43384
1.40452
1.37004
1.33003
1.28399
1.23121
1.17064
1.10069
1.01881
0.920445
0.796224
0.621169
0.314433
0.487936
0.569918
0.633306
0.690716
0.746035
0.800384
0.853996
0.907103
0.960057
1.01341
1.06753
1.12167
1.17442
1.22447
1.27034
1.31093
1.34565
1.3743
1.39695
1.41377
1.42498
1.43079
1.43142
1.42704
1.41776
1.40367
1.38478
1.36108
1.33246
1.29873
1.25962
1.21469
1.1633
1.10452
1.03689
0.958024
0.863676
0.744986
0.57815
0.305939
0.3433
0.408993
0.459015
0.508428
0.559354
0.611535
0.664548
0.718522
0.7742
0.832492
0.893995
0.958661
1.02599
1.09395
1.15674
1.21124
1.25669
1.29335
1.32187
1.34295
1.35724
1.36529
1.36752
1.36428
1.3558
1.34227
1.32379
1.30039
1.27203
1.23858
1.19982
1.15538
1.10469
1.04693
0.980786
0.904099
0.812975
0.699293
0.541461
0.29407
0.212665
0.249835
0.280314
0.312311
0.347771
0.386732
0.429063
0.475163
0.526213
0.584141
0.651211
0.729933
0.824967
0.939756
1.03921
1.11856
1.18032
1.22765
1.26319
1.28897
1.30643
1.31662
1.32029
1.31798
1.31009
1.29688
1.27852
1.25512
1.22668
1.1931
1.15421
1.10967
1.05898
1.0014
0.935732
0.860021
0.770668
0.660046
0.508452
0.299589
0.114399
0.125559
0.132092
0.134278
0.13578
0.137855
0.141214
0.146186
0.153173
0.163291
0.180641
0.223548
0.358864
0.736363
0.926481
1.04616
1.1281
1.18636
1.2282
1.25778
1.27763
1.28935
1.29398
1.29226
1.28468
1.27157
1.25317
1.22961
1.20091
1.16702
1.12776
1.08279
1.03166
0.973616
0.907559
0.831687
0.742878
0.635001
0.493631
0.308839
0.055222
0.134239
0.192493
0.248474
0.29865
0.345034
0.388404
0.429443
0.46924
0.508213
0.54664
0.584731
0.62266
0.660579
0.698625
0.736933
0.775638
0.814881
0.854815
0.89561
0.937456
0.980573
1.02521
1.07166
1.12023
1.17124
1.22501
1.28178
1.34169
1.40468
1.47064
1.53961
1.61278
1.69492
1.77492
1.84915
1.91567
1.97327
2.02148
2.06041
0.168305
0.392434
0.525208
0.63393
0.732864
0.82553
0.914367
1.00043
1.08455
1.16736
1.24934
1.33087
1.41229
1.49388
1.57592
1.65865
1.74232
1.8272
1.91354
2.00162
2.09176
2.18429
2.27957
2.378
2.48001
2.58605
2.69654
2.81185
2.93223
3.05768
3.18784
3.32183
3.45807
3.59333
3.72509
3.85033
3.96602
4.06973
4.15987
4.23568
0.262332
0.580724
0.753779
0.889863
1.01194
1.12669
1.237
1.34442
1.44994
1.55428
1.65798
1.76147
1.86516
1.96936
2.07441
2.18058
2.28818
2.39748
2.50878
2.62236
2.73852
2.85756
2.97977
3.10545
3.23485
3.36818
3.50559
3.64708
3.79251
3.94154
4.09357
4.24766
4.40231
4.55546
4.70436
4.84567
4.97623
5.0935
5.19581
5.28229
0.338986
0.737618
0.945522
1.1042
1.2439
1.37424
1.49934
1.62132
1.74146
1.86059
1.97933
2.09817
2.21753
2.33776
2.45919
2.58214
2.70688
2.83372
2.96292
3.09476
3.22949
3.36738
3.50863
3.65346
3.802
3.95431
4.11037
4.27
4.43289
4.59861
4.76653
4.93569
5.10445
5.2704
5.4305
5.58077
5.71815
5.84062
5.94697
6.03673
0.405332
0.874721
1.11552
1.29547
1.45151
1.59582
1.73374
1.86805
2.00034
2.13168
2.26279
2.39424
2.52648
2.6599
2.79485
2.93163
3.07056
3.21191
3.35594
3.50292
3.65308
3.80664
3.96378
4.12466
4.28936
4.45787
4.63009
4.80575
4.98454
5.16607
5.34974
5.53448
5.71836
5.89824
6.06997
6.22775
6.369
6.49295
6.59961
6.68926
0.463528
0.99863
1.2705
1.471
1.64301
1.80091
1.95113
2.09703
2.24059
2.38309
2.52542
2.66824
2.81205
2.95729
3.10434
3.25354
3.40518
3.55956
3.71695
3.8776
4.04174
4.2096
4.38135
4.55714
4.73706
4.92111
5.10919
5.30116
5.49671
5.69518
5.89621
6.09922
6.30228
6.50248
6.68916
6.85185
6.99313
7.11529
7.21974
7.3073
0.516884
1.11317
1.41467
1.63522
1.82305
1.99448
2.15689
2.31421
2.46878
2.62209
2.77519
2.92885
3.08365
3.2401
3.3986
3.55952
3.7232
3.88993
4.06001
4.23371
4.41127
4.59294
4.77893
4.96942
5.16456
5.36447
5.56919
5.77869
5.99239
6.20907
6.42979
6.65319
6.87468
7.0922
7.30722
7.48777
7.61994
7.73508
7.83538
7.92031
0.566694
1.22101
1.55107
1.79128
1.99481
2.17979
2.35446
2.52325
2.68882
2.85289
3.01666
3.18102
3.34665
3.51409
3.68382
3.85624
4.03172
4.2106
4.39319
4.57978
4.77067
4.96612
5.1664
5.37176
5.58245
5.79873
6.02087
6.24883
6.47941
6.71339
6.95104
7.19034
7.42885
7.66491
7.8939
8.09591
8.24466
8.35759
8.45666
8.54124
0.613929
1.32409
1.68195
1.94154
2.16072
2.3593
2.54634
2.72672
2.90342
3.07836
3.25289
3.42802
3.60452
3.783
3.964
4.14796
4.3353
4.52639
4.72157
4.9212
5.12557
5.33502
5.54983
5.77033
5.99683
6.22967
6.46916
6.71309
6.95772
7.20674
7.46087
7.71921
7.98021
8.23991
8.48734
8.70278
8.86559
8.98804
9.09144
9.17882
0.659361
1.42391
1.80907
2.08786
2.32268
2.53495
2.73449
2.92663
3.11463
3.30062
3.48611
3.6722
3.85976
4.04947
4.24193
4.43765
4.63707
4.84062
5.04868
5.26163
5.47983
5.7036
5.93331
6.16928
6.41184
6.66128
6.91774
7.17853
7.43972
7.70487
7.97695
8.2569
8.54292
8.82856
9.09965
9.33435
9.51312
9.64575
9.75249
9.8424
0.703578
1.52165
1.9338
2.23171
2.48222
2.70828
2.92047
3.12457
3.32408
3.52136
3.71804
3.91534
4.11423
4.31546
4.51969
4.72748
4.93933
5.15571
5.37705
5.60375
5.8362
6.07479
6.31988
6.57182
6.83095
7.09759
7.3719
7.65167
7.93141
8.21446
8.50614
8.80902
9.12137
9.43533
9.73494
9.99661
10.1953
10.3363
10.4461
10.5383
0.747091
1.61825
2.05723
2.37427
2.64054
2.88052
3.10554
3.32179
3.53306
3.74187
3.95002
4.15884
4.36937
4.58246
4.79882
5.01908
5.24379
5.47346
5.70855
5.94952
6.19678
6.45076
6.71183
6.98037
7.25672
7.54119
7.83396
8.135
8.43837
8.74053
9.05185
9.37741
9.71616
10.0597
10.3911
10.6859
10.9129
11.0647
11.1776
11.2715
0.790313
1.71445
2.18024
2.51646
2.79859
3.05265
3.29069
3.5193
3.74256
3.96319
4.1831
4.40375
4.62628
4.85161
5.08053
5.3137
5.55174
5.7952
6.0446
6.30042
6.56313
6.83319
7.11098
7.39692
7.69142
7.99486
8.30761
8.63001
8.95821
9.28404
9.61675
9.96502
10.3302
10.7049
11.0716
11.4036
11.667
11.8353
11.9512
12.0459
0.833548
1.8108
2.30346
2.65896
2.95709
3.2254
3.47664
3.71784
3.95335
4.18605
4.41804
4.65087
4.88576
5.12374
5.36565
5.61222
5.8641
6.12191
6.38621
6.65753
6.93637
7.22322
7.51854
7.82279
8.13639
8.45978
8.79334
9.13744
9.4921
9.84834
10.2042
10.5753
10.9667
11.3728
11.7763
12.1476
12.4497
12.6494
12.7711
12.8643
0.876987
1.9077
2.42738
2.8023
3.11658
3.3993
3.66394
3.91795
4.16594
4.411
4.65537
4.9007
5.14834
5.39936
5.65468
5.91511
6.18137
6.45412
6.73395
7.02146
7.3172
7.62169
7.93544
8.25896
8.59275
8.93731
9.29315
9.66081
10.0408
10.428
10.8125
11.2084
11.6262
12.064
12.5061
12.9218
13.2698
13.5043
13.634
13.7264
0.921259
2.00546
2.55234
2.94681
3.27736
3.57462
3.85282
4.11983
4.38054
4.63823
4.89527
5.15345
5.4142
5.67868
5.94789
6.22271
6.5039
6.79219
7.08824
7.39267
7.7061
8.02909
8.36222
8.70604
9.0611
9.42797
9.8072
10.1994
10.605
11.0241
11.4446
11.8663
12.3092
12.777
13.2575
13.721
14.121
14.4013
14.5428
14.6341
0.966061
2.10413
2.67839
3.09253
3.43948
3.75143
4.04337
4.32358
4.59722
4.86779
5.1378
5.40916
5.6834
5.96176
6.24534
6.53505
6.83175
7.13622
7.44918
7.7713
8.10325
8.44565
8.79913
9.1643
9.54178
9.93218
10.3362
10.7544
11.1877
11.6368
12.0942
12.5479
13.017
13.5138
14.0317
14.544
15.0012
15.3364
15.4966
15.5883
1.01127
2.20375
2.80551
3.23943
3.60289
3.92966
4.23548
4.52906
4.81586
5.09956
5.38282
5.66768
5.95577
6.24843
6.54683
6.85197
7.16476
7.48605
7.81662
8.15721
8.50853
8.87128
9.24612
9.63373
10.0348
10.4499
10.8799
11.3254
11.7873
12.2661
12.7615
13.2566
13.754
14.2782
14.8316
15.3919
15.9097
16.3086
16.4974
16.5918
1.05684
2.3042
2.93356
3.38733
3.76738
4.10907
4.42889
4.73601
5.03614
5.33318
5.62995
5.92862
6.23092
6.53828
6.85196
7.17303
7.50249
7.84124
8.19014
8.54998
8.92155
9.3056
9.70285
10.114
10.5399
10.9811
11.4385
11.9128
12.4049
12.9157
13.4462
13.9869
14.5207
15.0749
15.6633
16.271
16.8502
17.3182
17.5512
17.651
1.10269
2.40526
3.06226
3.5359
3.93259
4.28926
4.62318
4.94394
5.25756
5.56815
5.87866
6.19142
6.50824
6.83068
7.16006
7.49756
7.84424
8.20109
8.56902
8.94891
9.34161
9.74793
10.1687
10.6046
11.0565
11.5252
12.0115
12.5161
13.0399
13.5837
14.1481
14.733
15.3188
15.9077
16.5315
17.186
17.8268
18.3647
18.6635
18.7738
1.14869
2.50662
3.19123
3.68472
4.09802
4.46969
4.81775
5.15225
5.47948
5.80375
6.12821
6.45528
6.78692
7.12477
7.47025
7.82463
8.18906
8.5646
8.95225
9.35296
9.76766
10.1972
10.6426
11.1045
11.5839
12.0816
12.5984
13.1352
13.693
14.2724
14.8746
15.5005
16.1405
16.7756
17.438
18.1386
18.839
19.4475
19.8321
19.9634
1.19466
2.60789
3.31998
3.83321
4.26306
4.6497
5.01189
5.36015
5.70105
6.03911
6.37765
6.71922
7.06591
7.41946
7.78139
8.15306
8.53571
8.9305
9.3385
9.76077
10.1983
10.6521
11.1231
11.6122
12.1205
12.6487
13.1979
13.769
14.3629
14.9804
15.6225
16.2898
16.9825
17.6805
18.3853
19.1317
19.8963
20.5879
21.0576
21.2103
1.24039
2.70859
3.44792
3.98071
4.42698
4.82848
5.20475
5.56673
5.9213
6.2732
6.6259
6.98209
7.34399
7.71345
8.0921
8.4814
8.88267
9.29718
9.72611
10.1706
10.6317
11.1106
11.6083
12.1259
12.6643
13.2247
13.8081
14.4155
15.048
15.7066
16.3925
17.1068
17.8506
18.6135
19.3761
20.1715
21.0035
21.7885
22.3521
22.5222
1.28564
2.80819
3.57438
4.12646
4.58894
5.00513
5.39534
5.77094
6.13912
6.50482
6.87168
7.24254
7.61974
8.00524
8.40079
8.80794
9.22815
9.66276
10.1131
10.5803
11.0657
11.5705
12.0958
12.6428
13.2127
13.8067
14.4259
15.0716
15.7449
16.4472
17.1796
17.9435
18.7404
19.5716
20.4152
21.2622
22.1631
23.0502
23.7166
23.8987
1.33015
2.90611
3.69866
4.26965
4.74803
5.17865
5.58258
5.97163
6.35327
6.73264
7.11357
7.49905
7.89153
8.29311
8.70563
9.13077
9.57009
10.025
10.4971
10.9875
11.4977
12.0289
12.5826
13.1599
13.7623
14.3911
15.0476
15.7332
16.4494
17.1974
17.9789
18.7952
19.6478
20.5376
21.4624
22.3892
23.3546
24.3448
25.128
25.325
1.37365
3.00176
3.81997
4.40939
4.90326
5.34797
5.76532
6.16754
6.56239
6.95523
7.35006
7.74999
8.15763
8.57519
9.00462
9.44774
9.9062
10.3816
10.8754
11.3893
11.9245
12.4826
13.0651
13.6734
14.3091
14.9736
15.6685
16.3953
17.1559
17.9517
18.7847
19.6566
20.5695
21.5256
22.5277
23.5463
24.5744
25.6641
26.5745
26.7884
1.41585
3.09449
3.93752
4.54475
5.0536
5.51196
5.94232
6.35735
6.76507
7.17106
7.57948
7.99361
8.41615
8.84946
9.29561
9.75652
10.234
10.7297
11.2454
11.7825
12.3429
12.928
13.5395
14.1791
14.8484
15.5491
16.2831
17.052
17.858
18.7028
19.5887
20.5176
21.4919
22.5138
23.5851
24.7015
25.8091
26.9869
28.0327
28.2705
1.45648
3.18367
4.05048
4.67476
5.19798
5.66943
6.1123
6.53967
6.95982
7.37854
7.80015
8.22806
8.66513
9.11381
9.57632
10.0547
10.5508
11.0666
11.6037
12.164
12.7493
13.3612
14.0016
14.6723
15.3753
16.1123
16.8854
17.6968
18.5485
19.4429
20.3823
21.3694
22.4068
23.4974
24.6439
25.8486
27.0527
28.3044
29.4831
29.7539
1.49526
3.26867
4.15803
4.79846
5.3353
5.81918
6.27397
6.7131
7.14513
7.57605
8.01031
8.45149
8.90256
9.36609
9.84443
10.3397
10.854
11.3892
11.9474
12.5303
13.1399
13.7781
14.447
15.1484
15.8845
16.6574
17.4693
18.3226
19.2197
20.1633
21.156
22.201
23.3015
24.4614
25.6856
26.9805
28.2903
29.6099
30.9415
31.2457
1.53193
3.34887
4.2593
4.91484
5.46444
5.96001
6.42601
6.87624
7.31951
7.76197
8.20825
8.66204
9.12643
9.60414
10.0976
10.6091
11.1408
11.6947
12.2731
12.8778
13.511
14.1747
14.8711
15.6023
16.3707
17.1786
18.0283
18.9226
19.864
20.8554
21.8999
23.0007
24.1613
25.3852
26.6759
28.0358
29.4612
30.8524
32.3388
32.7042
1.56617
3.42352
4.35335
5.02284
5.58427
6.0907
6.56715
7.02774
7.4815
7.93476
8.39229
8.8579
9.33481
9.82584
10.3336
10.8603
11.4085
11.9802
12.5777
13.2031
13.8588
14.5468
15.2696
16.0294
16.8288
17.6702
18.5563
19.49
20.474
21.5115
22.6058
23.7604
24.9792
26.2664
27.6266
29.065
30.5865
32.0756
33.682
34.1031
1.59739
3.49141
4.43899
5.1213
5.69363
6.21008
6.69616
7.1663
7.62974
8.09295
8.56085
9.03738
9.52585
10.0292
10.5501
11.0911
11.6545
12.2428
12.8581
13.503
14.1797
14.8906
15.6382
16.425
17.2537
18.1269
19.0476
20.0187
21.0432
22.1245
23.266
24.4714
25.7448
27.0909
28.5155
30.0267
31.6374
33.208
34.8959
35.4099
1.62442
3.55079
4.51493
5.20916
5.79154
6.31715
6.812
7.29082
7.76302
8.23525
8.71254
9.19894
9.69789
10.2124
10.7453
11.2992
11.8765
12.4799
13.1116
13.7743
14.4703
15.2023
15.9729
16.7848
17.6408
18.5438
19.4969
20.5032
21.5659
22.6885
23.8743
25.1271
26.4504
27.8478
29.3224
30.8767
32.5101
34.1759
35.8292
36.5979
1.64721
3.60184
4.58103
5.28606
5.87745
6.41125
6.91391
7.40041
7.88037
8.36056
8.84614
9.34125
9.84945
10.3738
10.9173
11.4826
12.0724
12.6891
13.3355
14.0141
14.7276
15.4786
16.2701
17.1048
17.9858
18.9163
19.8994
20.9385
22.0371
23.1988
24.4271
25.7257
27.0983
28.548
30.0776
31.6891
33.3822
35.1455
36.848
37.8338
1.66706
3.64609
4.63783
5.352
5.95111
6.49194
7.0013
7.4944
7.981
8.468
8.96066
9.46322
9.9793
10.5121
11.0647
11.6398
12.2402
12.8685
13.5275
14.22
14.9486
15.7164
16.5262
17.3813
18.2847
19.2399
20.2503
21.3197
22.4517
23.6503
24.9195
26.2634
27.6859
29.1912
30.7832
32.4656
34.2421
36.1128
37.8583
38.9956
1.68371
3.68307
4.68509
5.40677
6.01225
6.55888
7.07377
7.57229
8.06434
8.55691
9.05534
9.56397
10.0865
10.6262
11.1862
11.7693
12.3784
13.0162
13.6857
14.3897
15.131
15.9128
16.7383
17.6107
18.5335
19.5103
20.5449
21.6414
22.8038
24.0367
25.3444
26.7318
28.2037
29.7652
31.4213
33.1776
35.0398
37.0112
38.7941
40.0283
1.69694
3.7124
4.72247
5.45009
6.06062
6.61183
7.13104
7.63377
8.13001
8.62685
9.12969
9.64292
10.1703
10.7152
11.2808
11.87
12.4858
13.131
13.8085
14.5214
15.2727
16.0657
16.9036
17.79
18.7286
19.7233
20.7783
21.898
23.0869
24.3501
25.6927
27.1203
28.6386
30.2536
31.9716
33.7991
35.7429
37.8064
39.6317
40.9059
1.70589
3.73308
4.74956
5.48182
6.09615
6.65071
7.17301
7.67869
8.17785
8.67761
9.18344
9.69977
10.2304
10.7788
11.3482
11.9414
12.5617
13.2118
13.8948
14.6139
15.3722
16.173
17.0199
17.9166
18.867
19.8753
20.946
22.0839
23.2942
24.5825
25.9546
27.4169
28.9763
30.6399
32.415
34.3092
36.3292
38.4743
40.3391
41.5919
1.71107
3.74579
4.76685
5.50224
6.11903
6.67565
7.19979
7.70716
8.20792
8.70923
9.2166
9.7345
10.2668
10.8169
11.388
11.9833
12.6057
13.2583
13.9442
14.6665
15.4285
16.2337
17.0857
17.9885
18.9461
19.963
21.044
22.1943
23.4195
24.7258
26.1199
27.6092
29.2017
30.9063
32.7323
34.689
36.7839
38.9852
40.8732
41.9947
1.71341
3.75188
4.77509
5.51186
6.12963
6.68699
7.21169
7.71948
8.22052
8.72202
9.22947
9.74738
10.2796
10.8296
11.4006
11.9958
12.6181
13.2706
13.9565
14.679
15.4415
16.2474
17.1005
18.0048
18.9646
19.9846
21.0697
22.2254
23.4578
24.7734
26.1797
27.6848
29.2982
31.0308
32.8957
34.9095
37.0945
39.2703
41.2954
42.1261
1.71334
3.75189
4.77459
5.511
6.12836
6.68518
7.20918
7.71612
8.21616
8.71648
9.2226
9.73899
10.2695
10.8176
11.3866
11.9795
12.5994
13.2494
13.9326
14.6522
15.4116
16.2145
17.0645
17.9657
18.9225
19.9397
21.0222
22.1758
23.4066
24.7214
26.1279
27.6345
29.2509
30.988
32.8581
34.8745
37.04
39.1066
41.171
41.7562
1.70893
3.74386
4.76512
5.49998
6.11569
6.67075
7.19286
7.69774
8.19552
8.69337
9.19676
9.71017
10.2374
10.782
11.347
11.9356
12.5509
13.1958
13.8735
14.5873
15.3404
16.1365
16.9793
17.8728
18.8214
19.8297
20.903
22.0467
23.2671
24.5707
25.9653
27.459
29.0613
30.7827
32.6351
34.6317
36.7122
38.6269
40.6792
40.9786
1.7028
3.73079
4.74787
5.47952
6.09226
6.64438
7.16346
7.66513
8.15948
8.65362
9.15299
9.66201
10.1845
10.7238
11.2831
11.8655
12.474
13.1116
13.7813
14.4863
15.23
16.0157
16.8473
17.7287
18.6641
19.6581
20.7157
21.8423
23.0439
24.3268
25.6983
27.1662
28.739
30.4261
32.2367
34.162
36.0802
37.8583
39.7977
39.7749
1.69427
3.7121
4.72316
5.45016
6.05875
6.60683
7.12181
7.61923
8.10905
8.59835
9.09248
9.59583
10.1121
10.6447
11.1967
11.7711
12.3709
12.9989
13.6582
14.3518
15.0831
15.8553
16.6721
17.5373
18.4549
19.4295
20.4658
21.5689
22.7444
23.9984
25.3375
26.7691
28.3014
29.9434
31.6983
33.4656
35.0921
36.7736
38.3777
38.132
1.68312
3.68769
4.69124
5.41246
6.01586
6.55896
7.0689
7.5611
8.04542
8.52884
9.01665
9.51315
10.022
10.5465
11.0897
11.6545
12.2437
12.8602
13.507
14.1869
14.9031
15.6589
16.4577
17.3032
18.1992
19.1501
20.1602
21.2343
22.3777
23.5959
24.895
26.2815
27.7626
29.343
30.9306
32.376
33.8045
35.3246
36.5099
36.1785
1.66949
3.65792
4.65265
5.36709
5.96445
6.50171
7.0058
7.49193
7.96988
8.44651
8.92703
9.41566
9.91598
10.4312
10.9643
11.518
12.0952
12.6985
13.3308
13.995
14.6939
15.4308
16.2088
17.0316
17.9027
18.8262
19.8062
20.8473
21.9541
23.1316
24.3852
25.7198
27.1275
28.5199
29.8014
31.043
32.3383
33.5996
34.4333
34.1122
1.65363
3.62333
4.60811
5.31493
5.90547
6.43618
6.93367
7.41302
7.88383
8.35288
8.82528
9.30515
9.79599
10.3009
10.8227
11.3642
11.928
12.5167
13.133
13.7796
14.4594
15.1753
15.9303
16.7278
17.5714
18.4646
19.4114
20.4163
21.4835
22.6177
23.8231
25.0808
26.3102
27.4506
28.5415
29.6502
30.7784
31.7943
32.395
32.1177
1.63598
3.58479
4.55853
5.25694
5.83999
6.3635
6.85379
7.32572
7.78876
8.24956
8.71314
9.18351
9.66407
10.1578
10.6675
11.1958
11.7451
12.318
12.917
13.5447
14.2038
14.8969
15.6271
16.3974
17.211
18.0715
18.9827
19.9486
20.9736
22.0615
23.194
24.2978
25.3308
26.3079
27.2739
28.2585
29.2278
30.0552
30.5116
30.2793
1.61687
3.543
4.50479
5.19412
5.76911
6.28489
6.76745
7.23143
7.68617
8.13818
8.59237
9.05265
9.5223
10.0042
10.5011
11.0153
11.5494
12.1056
12.6864
13.2941
13.9312
14.6004
15.3042
16.0456
16.8275
17.6533
18.5263
19.4504
20.4299
21.4588
22.4761
23.4277
24.319
25.1824
26.0502
26.9277
27.7679
28.4592
28.8237
28.6263
1.59666
3.49878
4.44789
5.12756
5.69397
6.20156
6.67594
7.13156
7.57757
8.02037
8.46473
8.91447
9.37275
9.84238
10.3259
10.8256
11.3438
11.8827
12.4445
13.0315
13.646
14.2902
14.9667
15.678
16.4269
17.2162
18.049
18.9287
19.8583
20.8183
21.7232
22.5508
23.3357
24.1139
24.904
25.6947
26.4343
27.0256
27.326
27.1511
1.57593
3.45311
4.38881
5.0583
5.61569
6.11469
6.58056
7.02747
7.46444
7.89771
8.33194
8.77082
9.21743
9.67444
10.1443
10.6291
11.1311
11.6524
12.195
12.7609
13.3522
13.9711
14.6197
15.3003
16.0153
16.7672
17.5587
18.3928
19.2724
20.1595
20.9574
21.6887
22.397
23.113
23.8422
24.5622
25.2205
25.7327
25.9826
25.821
1.55478
3.40637
4.32821
4.98714
5.53521
6.02536
6.48245
6.92044
7.34816
7.7717
8.19562
8.62348
9.05826
9.50251
9.95853
10.4284
10.9142
11.4177
11.941
12.4857
13.0539
13.6474
14.2681
14.918
15.5991
16.3134
17.063
17.85
18.6768
19.4904
20.1956
20.8523
21.5054
22.1743
22.8521
23.5095
24.0957
24.5388
24.7441
24.5914
1.53348
3.35903
4.26669
4.91482
5.45337
5.93451
6.3827
6.81164
7.23
7.64374
8.05728
8.47409
8.89703
9.32854
9.77081
10.2258
10.6954
11.1815
11.6856
12.2095
12.755
13.3236
13.917
14.537
15.185
15.8627
16.5713
17.3118
18.0837
18.8192
19.4448
20.043
20.6534
21.2807
21.9081
22.5033
23.0199
23.3978
23.5614
23.4164
1.51221
3.31151
4.20477
4.84196
5.3709
5.84297
6.28223
6.70212
7.11114
7.51511
7.91834
8.32418
8.7354
9.15433
9.58306
10.0235
10.4773
10.9461
11.4316
11.9353
12.4587
13.0033
13.5706
14.1621
14.7793
15.4232
16.095
16.7946
17.507
18.1346
18.6909
19.248
19.8223
20.4063
20.9789
21.5088
21.956
22.2713
22.3965
22.2592
1.491
3.26391
4.14271
4.769
5.28842
5.75151
6.18194
6.59289
6.99268
7.38702
7.78009
8.17516
8.57489
8.98154
9.39707
9.82327
10.2618
10.714
11.1816
11.6658
12.168
12.6897
13.2321
13.7969
14.3854
14.9992
15.6406
16.2884
16.8799
17.4128
17.9292
18.455
18.9914
19.5264
20.0392
20.5021
20.8817
21.1386
21.2288
21.0986
1.46935
3.21557
4.08034
4.69614
5.2064
5.66084
6.0827
6.48494
6.87573
7.26064
7.64378
8.02835
8.4169
8.81164
9.21445
9.62702
10.0509
10.4873
10.9378
11.4034
11.8854
12.3851
12.9037
13.4426
14.0034
14.5835
15.1596
15.693
16.1924
16.6774
17.1633
17.6554
18.1483
18.6292
19.0794
19.4759
19.7917
19.9959
20.0556
19.9292
1.44591
3.16512
4.01732
4.62364
5.12548
5.57181
5.98552
6.37939
6.76144
7.13718
7.51064
7.88497
8.2627
8.64597
9.03661
9.43624
9.8463
10.2681
10.7026
11.1508
11.6136
12.0924
12.5867
13.093
13.6029
14.1018
14.5777
15.0389
15.4924
15.9438
16.3963
16.8479
17.2915
17.7149
18.1024
18.4352
18.692
18.849
18.8819
18.7585
1.42064
3.11228
3.95404
4.55239
5.0468
5.4857
5.89174
6.27757
6.65114
7.01791
7.38189
7.74621
8.1134
8.48559
8.8646
9.25205
9.64939
10.058
10.4781
10.9075
11.3445
11.7884
12.2356
12.6806
13.1181
13.5473
13.9692
14.3865
14.8017
15.2157
15.6275
16.0326
16.4232
16.7886
17.1157
17.3893
17.5926
17.7093
17.7194
17.5991
1.40248
3.06124
3.89315
4.48496
4.97279
5.40463
5.80328
6.18131
6.54651
6.90436
7.25888
7.61323
7.96995
8.33126
8.69906
9.07478
9.45855
9.84731
10.2399
10.6351
11.0312
11.4268
11.8206
12.2115
12.5983
12.9814
13.3614
13.7394
14.1155
14.4887
14.8559
15.212
15.5495
15.8593
16.1306
16.3512
16.5083
16.5906
16.582
16.4648
1.38151
3.01875
3.84331
4.42751
4.90797
5.3325
5.72346
6.09329
6.44983
6.79849
7.14323
7.48724
7.83315
8.18297
8.536
8.8897
9.24443
9.59881
9.95417
10.3104
10.6662
11.0205
11.3724
11.7218
12.0685
12.4129
12.7552
13.0952
13.432
13.7632
14.0853
14.393
14.68
14.9382
15.1591
15.3331
15.4516
15.5053
15.4819
15.368
1.37516
2.99867
3.81039
4.38455
4.85585
5.27165
5.65398
6.01493
6.36193
6.69991
7.03229
7.36146
7.68912
8.01608
8.34114
8.66451
8.98743
9.31013
9.63267
9.95463
10.2753
10.5941
10.9106
11.2248
11.5366
11.846
12.1527
12.4557
12.7536
13.0435
13.322
13.5841
13.8243
14.0363
14.2129
14.347
14.4334
14.4637
14.4289
14.319
1.37869
2.99047
3.78786
4.34933
4.80905
5.21355
5.58433
5.93306
6.26675
6.58982
6.90509
7.21431
7.51872
7.81944
8.11755
8.41375
8.70855
9.00214
9.29451
9.58543
9.87458
10.1616
10.4463
10.7285
11.008
11.2844
11.5569
11.8243
12.0847
12.3354
12.5729
12.7932
12.9914
13.1624
13.3007
13.4022
13.4619
13.4735
13.4301
13.3245
1.38498
2.98184
3.76456
4.31208
4.75809
5.14869
5.50501
5.83841
6.1556
6.46075
6.75658
7.04489
7.32707
7.60436
7.87791
8.14862
8.41705
8.68351
8.94805
9.21059
9.47097
9.72895
9.98431
10.2367
10.4858
10.7309
10.971
11.2046
11.4298
11.644
11.8442
12.0268
12.1881
12.3238
12.4302
12.5045
12.5423
12.5389
12.4893
12.3884
1.38932
2.96585
3.73259
4.26499
4.69585
5.0709
5.41104
5.72746
6.02676
6.31307
6.58916
6.85696
7.11795
7.37339
7.62435
7.8717
8.11601
8.35766
8.5968
8.83345
9.06749
9.29873
9.52689
9.75155
9.97215
10.1879
10.3975
10.5997
10.7925
10.9736
11.1404
11.29
11.4192
11.5247
11.6051
11.657
11.6771
11.662
11.6082
11.5119
1.38713
2.93727
3.68667
4.20323
4.61831
4.97721
5.30064
5.59973
5.88105
6.14878
6.40575
6.65397
6.89498
7.13001
7.36006
7.58591
7.80816
8.02717
8.24314
8.45612
8.66603
8.87266
9.07568
9.27462
9.4688
9.65734
9.83909
10.0126
10.1762
10.3279
10.4653
10.5862
10.6879
10.769
10.8276
10.8611
10.867
10.8429
10.7862
10.6946
1.37644
2.89394
3.62461
4.12493
4.52417
4.86705
5.17407
5.45629
5.72029
5.97031
6.20921
6.43905
6.66139
6.87742
7.08811
7.29418
7.49618
7.69448
7.88927
8.08062
8.26842
8.45247
8.63241
8.80771
8.9777
9.14147
9.29794
9.44578
9.58346
9.70927
9.82134
9.91773
9.99672
10.0575
10.0982
10.1167
10.1113
10.0802
10.0219
9.93471
1.35734
2.83616
3.54669
4.03051
4.41415
4.74151
5.03284
5.29907
5.54679
5.78023
6.0023
6.21508
6.42011
6.61858
6.81141
6.99928
7.18271
7.36204
7.53747
7.70904
7.87665
8.04007
8.19895
8.35275
8.50081
8.64228
8.77614
8.90122
9.01619
9.11959
9.20989
9.2855
9.34609
9.3901
9.41603
9.42248
9.40817
9.37197
9.31284
9.2298
1.33079
2.76561
3.45469
3.92182
4.29019
4.6027
4.87921
5.13049
5.36307
5.58119
5.78773
5.98478
6.17389
6.3562
6.53261
6.70379
6.87022
7.03222
7.18997
7.3435
7.49273
7.63742
7.77721
7.91161
8.03999
8.16156
8.27543
8.38057
8.47583
8.55999
8.63177
8.69067
8.73581
8.76594
8.77992
8.77671
8.75543
8.7154
8.65603
8.57686
1.29807
2.68462
3.35113
3.80145
4.15492
4.45325
4.71582
4.9532
5.17179
5.3758
5.56809
5.75072
5.92523
6.09276
6.25415
6.41008
6.56098
6.70719
6.84885
6.98601
7.11858
7.24634
7.36895
7.48597
7.59681
7.7008
7.79713
7.88492
7.96322
8.03103
8.08753
8.13247
8.16483
8.18363
8.18797
8.17709
8.15041
8.10755
8.04832
7.97266
1.26051
2.59567
3.23877
3.6722
4.01114
4.29594
4.54541
4.76986
4.97555
5.16659
5.34583
5.51529
5.67647
5.8305
5.97821
6.12024
6.25703
6.38889
6.51597
6.63833
6.75587
6.86841
6.97566
7.0772
7.17252
7.26104
7.34206
7.41484
7.47858
7.53247
7.57647
7.6098
7.63166
7.64128
7.63796
7.62109
7.59028
7.54536
7.48643
7.41384
1.21936
2.50109
3.12022
3.53681
3.86158
4.13345
4.37059
4.583
4.77677
4.95591
5.1232
5.28063
5.42967
5.57141
5.70668
5.83609
5.96009
6.07896
6.19288
6.3019
6.40596
6.5049
6.59846
6.68629
6.76796
6.84294
6.91067
6.97051
7.0218
7.06426
7.09761
7.12122
7.13446
7.13673
7.12744
7.10604
7.07218
7.02578
6.96716
6.8971
1.17573
2.40292
2.99782
3.3977
3.70869
3.96819
4.1937
4.39487
4.57761
4.74581
4.90216
5.04861
5.18659
5.31716
5.44114
5.55913
5.67156
5.77872
5.8808
5.97785
6.06986
6.15668
6.23811
6.31386
6.38355
6.44674
6.50296
6.55168
6.59239
6.62515
6.64947
6.66491
6.67107
6.66752
6.65374
6.62914
6.59324
6.54587
6.48742
6.41915
1.13052
2.3029
2.87356
3.25696
3.55456
3.80223
4.01676
4.20742
4.37993
4.53804
4.68436
4.82078
4.94868
5.06912
5.18287
5.29052
5.39251
5.48914
5.58059
5.66694
5.7482
5.82427
5.89499
5.96011
6.01934
6.07229
6.11855
6.15768
6.18954
6.21392
6.23046
6.23893
6.23919
6.23105
6.21403
6.18737
6.15034
6.10251
6.04412
5.97674
1.08451
2.20241
2.74904
3.11627
3.40092
3.63727
3.8414
4.02223
4.18522
4.33402
4.47112
4.59837
4.71709
4.82831
4.93279
5.03112
5.12371
5.21086
5.29279
5.36959
5.44129
5.50783
5.56911
5.62492
5.67501
5.7191
5.75681
5.78777
5.812
5.82914
5.83891
5.84132
5.83659
5.82479
5.80544
5.77752
5.73996
5.69207
5.63387
5.56673
1.03827
2.10255
2.62552
2.97698
3.24912
3.47463
3.66892
3.84051
3.99465
4.13482
4.26345
4.38229
4.49264
4.59549
4.69157
4.78146
4.86559
4.94424
5.01765
5.08592
5.14912
5.20723
5.26017
5.3078
5.34993
5.3863
5.41663
5.44066
5.45829
5.46913
5.47303
5.47022
5.46131
5.44672
5.4258
5.39723
5.35959
5.3122
5.25469
5.18592
0.992265
2.00415
2.50396
2.8401
3.10016
3.31533
3.50029
3.6632
3.80907
3.94125
4.06206
4.17318
4.27589
4.37111
4.45959
4.54186
4.61836
4.68938
4.75516
4.81583
4.87147
4.9221
4.96768
5.0081
5.04323
5.07286
5.09672
5.11478
5.12668
5.13205
5.13079
5.12336
5.11108
5.09476
5.07322
5.04433
5.00647
4.95906
4.90159
4.83218
0.94685
1.90782
2.38508
2.70636
2.9548
3.16009
3.33621
3.49094
3.62908
3.75383
3.86741
3.97145
4.06716
4.15544
4.237
4.31239
4.38202
4.4462
4.50516
4.55905
4.60798
4.65198
4.69106
4.72515
4.75416
4.77794
4.79626
4.80907
4.81591
4.81631
4.81026
4.79909
4.78451
4.76709
4.74564
4.71678
4.67839
4.63039
4.57247
4.50374
0.902274
1.81399
2.26936
2.57627
2.81355
3.0094
3.17713
3.32415
3.45505
3.57288
3.67978
3.77729
3.86658
3.94853
4.02383
4.09299
4.15643
4.21447
4.26734
4.31521
4.3582
4.39636
4.42973
4.45829
4.48198
4.50069
4.51422
4.52244
4.52472
4.52051
4.5107
4.49724
4.48111
4.4626
4.44072
4.41159
4.37262
4.32404
4.26587
4.19808
0.858717
1.72296
2.15713
2.45018
2.67674
2.86357
3.02333
3.16308
3.28719
3.39857
3.49926
3.59075
3.67416
3.75032
3.81992
3.88345
3.94133
3.99388
4.04132
4.08385
4.1216
4.15465
4.18304
4.20679
4.22585
4.24013
4.24951
4.25371
4.25193
4.24404
4.23162
4.21623
4.19857
4.17898
4.15637
4.12666
4.08707
4.038
3.9798
3.91296
0.816306
1.6349
2.0486
2.32828
2.54455
2.72276
2.87496
3.00784
3.12557
3.23092
3.32584
3.41177
3.48976
3.56064
3.62504
3.68349
3.73636
3.78399
3.82661
3.86442
3.89756
3.92613
3.9502
3.96977
3.98481
3.99522
4.00097
4.00166
3.9966
3.98595
3.97138
3.95414
3.935
3.91432
3.89071
3.86008
3.8199
3.77054
3.71244
3.64624
0.775112
1.5499
1.94385
2.21067
2.41705
2.58704
2.73203
2.85841
2.97014
3.06985
3.1594
3.24017
3.31317
3.3792
3.43888
3.4927
3.54106
3.58427
3.62258
3.6562
3.68527
3.70991
3.73018
3.7461
3.75765
3.76471
3.76724
3.76494
3.75746
3.74498
3.72845
3.70915
3.68844
3.66667
3.64181
3.61004
3.56929
3.5197
3.46167
3.39576
0.735162
1.46799
1.8429
2.09734
2.29424
2.45636
2.59451
2.71473
2.82079
2.9152
2.99975
3.07572
3.14411
3.20568
3.26103
3.31064
3.3549
3.39411
3.42854
3.45839
3.4838
3.50491
3.52177
3.53443
3.54284
3.54694
3.54669
3.54186
3.53236
3.51842
3.50039
3.47918
3.45658
3.43333
3.40729
3.37454
3.33315
3.28326
3.22518
3.15929
0.696428
1.38909
1.7457
1.98823
2.17605
2.33065
2.46227
2.57665
2.67736
2.76679
2.84664
2.91814
2.98225
3.03969
3.09105
3.13679
3.17729
3.21286
3.24374
3.27013
3.29219
3.31005
3.32378
3.33342
3.33897
3.34039
3.33766
3.33066
3.31935
3.30388
3.2845
3.26178
3.23739
3.21251
3.18517
3.15137
3.10933
3.05911
3.0009
2.93487
0.659352
1.31288
1.65206
1.88323
2.06236
2.20977
2.33517
2.44399
2.53963
2.62436
2.6998
2.76712
2.82723
2.88083
2.92848
2.97064
3.00766
3.03985
3.06744
3.09064
3.1096
3.12445
3.13527
3.14212
3.14502
3.14397
3.13899
3.13003
3.11708
3.1002
3.07948
3.05534
3.02943
3.00304
2.97416
2.93912
2.89635
2.84574
2.78727
2.72093
0.623794
1.23975
1.5621
1.78231
1.95307
2.09359
2.21303
2.31655
2.40737
2.48765
2.55892
2.6223
2.67867
2.72868
2.77288
2.8117
2.84548
2.87453
2.89907
2.9193
2.93538
2.94743
2.95555
2.95981
2.96026
2.95695
2.9499
2.93912
2.92461
2.90639
2.88442
2.859
2.83178
2.80392
2.77337
2.73695
2.69331
2.6421
2.58314
2.51624
0.589499
1.16959
1.47571
1.68535
1.84806
1.98194
2.09568
2.19414
2.28037
2.35642
2.42375
2.48342
2.53627
2.58291
2.62388
2.65957
2.69034
2.71646
2.73816
2.75562
2.76901
2.77846
2.78407
2.78593
2.78411
2.7787
2.76973
2.75723
2.74122
2.72169
2.69854
2.67206
2.64368
2.61438
2.58215
2.54425
2.49953
2.44745
2.38766
2.31982
0.55641
1.10234
1.39278
1.59224
1.74719
1.8747
1.98296
2.07658
2.15843
2.23047
2.29407
2.35024
2.39976
2.44325
2.48118
2.51396
2.54191
2.56529
2.58432
2.59921
2.61009
2.61711
2.62038
2.62
2.61608
2.6087
2.59789
2.58373
2.56626
2.54543
2.52113
2.49378
2.46455
2.43377
2.39973
2.36027
2.31426
2.26097
2.19995
2.13072
0.524512
1.03791
1.31324
1.50286
1.65034
1.77173
1.87474
1.96372
2.04141
2.10964
2.1697
2.22256
2.26896
2.30947
2.34456
2.37461
2.39991
2.42073
2.43729
2.44976
2.45829
2.46304
2.46411
2.46163
2.4557
2.44642
2.43386
2.41808
2.39912
2.37692
2.35141
2.32319
2.29319
2.26104
2.22521
2.18408
2.13649
2.08164
2.01899
1.94794
0.493804
0.976243
1.23701
1.41714
1.55742
1.67291
1.77089
1.85545
1.92917
1.99377
2.05049
2.10024
2.1437
2.18143
2.21386
2.24135
2.26419
2.28261
2.29684
2.30704
2.31337
2.31595
2.31492
2.31039
2.3025
2.29136
2.27704
2.25959
2.23904
2.21537
2.18855
2.15922
2.1282
2.09487
2.05748
2.01455
1.96512
1.90841
1.84381
1.77058
0.464286
0.917292
1.16403
1.33501
1.46834
1.57818
1.67134
1.75168
1.82162
1.8828
1.93637
1.98318
2.0239
2.05904
2.08899
2.1141
2.13464
2.15083
2.16287
2.17093
2.17514
2.17564
2.17254
2.16599
2.15613
2.14307
2.12687
2.10761
2.08532
2.05999
2.0316
2.00085
1.96869
1.93421
1.89529
1.85052
1.79915
1.74041
1.67361
1.59787
0.435964
0.861012
1.09425
1.2564
1.38306
1.48746
1.57602
1.65234
1.71872
1.77667
1.82729
1.87139
1.90956
1.94229
1.96996
1.99286
2.01126
2.02536
2.03534
2.04135
2.04352
2.04197
2.03682
2.02821
2.01627
2.00114
1.98287
1.96157
1.93728
1.91003
1.87987
1.84742
1.81368
1.77785
1.73747
1.69094
1.63768
1.57692
1.50782
1.42927
0.408845
0.807377
1.02764
1.18131
1.30155
1.40076
1.48493
1.55746
1.62048
1.67543
1.72332
1.7649
1.80074
1.83127
1.85683
1.87772
1.89414
1.90628
1.9143
1.91834
1.9185
1.91489
1.90765
1.89688
1.8827
1.86526
1.84465
1.82099
1.79437
1.76478
1.73245
1.69815
1.66248
1.62484
1.58285
1.53469
1.47978
1.41721
1.34593
1.26436
0.382947
0.756378
0.964207
1.10972
1.22383
1.31809
1.39813
1.46711
1.52702
1.5792
1.6246
1.66391
1.69764
1.72619
1.74987
1.76891
1.78351
1.79382
1.79996
1.80205
1.80019
1.79447
1.78499
1.77186
1.75519
1.73513
1.71177
1.68528
1.65586
1.62356
1.58871
1.5521
1.51408
1.47412
1.43018
1.3805
1.3243
1.2604
1.18735
1.10275
0.358291
0.708042
0.903971
1.04169
1.14996
1.23958
1.31576
1.38147
1.43856
1.48828
1.53147
1.56879
1.60068
1.6275
1.64951
1.66691
1.67984
1.68842
1.69275
1.69289
1.68892
1.68091
1.66895
1.65313
1.63356
1.61036
1.58367
1.55373
1.52076
1.48508
1.44728
1.40789
1.3671
1.32427
1.27791
1.22672
1.16966
1.10518
1.03122
0.944014
0.335007
0.662481
0.846942
0.977261
1.08009
1.16543
1.23814
1.30095
1.35558
1.40318
1.44452
1.48018
1.51056
1.53594
1.55654
1.57251
1.58394
1.59091
1.59345
1.59158
1.58534
1.57475
1.55989
1.54081
1.51762
1.49045
1.45949
1.42502
1.38753
1.34772
1.30618
1.26324
1.21908
1.17298
1.12397
1.07128
1.01383
0.949832
0.876433
0.787811
0.313208
0.618278
0.792672
0.916458
1.01449
1.09611
1.16584
1.22624
1.27889
1.32482
1.36474
1.39914
1.42837
1.45265
1.47215
1.48694
1.49706
1.50253
1.50329
1.49932
1.49055
1.47695
1.45851
1.43526
1.40728
1.37473
1.33778
1.29698
1.25349
1.20829
1.16194
1.11477
1.06666
1.01696
0.965236
0.911147
0.85395
0.791946
0.721542
0.634053
0.321498
0.572455
0.7406
0.8597
0.953943
1.03259
1.10002
1.15863
1.20988
1.25469
1.29369
1.3273
1.35581
1.37937
1.39808
1.41197
1.421
1.42509
1.42411
1.41791
1.4063
1.3891
1.36614
1.33729
1.30252
1.26198
1.216
1.16565
1.11308
1.06009
1.00759
0.955649
0.90351
0.85058
0.796699
0.741842
0.685978
0.628184
0.564809
0.48367
0.311732
0.537876
0.695723
0.809471
0.900368
0.976792
1.04271
1.10029
1.15082
1.19513
1.23377
1.26709
1.2953
1.31852
1.33679
1.35005
1.35821
1.36109
1.35843
1.34993
1.3352
1.31378
1.28513
1.24868
1.20391
1.15061
1.08921
1.02172
0.953072
0.887961
0.82771
0.770984
0.716245
0.662559
0.60931
0.556615
0.505152
0.455396
0.405414
0.340339
0.313061
0.514202
0.659517
0.768116
0.856692
0.932005
0.997411
1.0548
1.10533
1.14973
1.18849
1.22192
1.2502
1.2734
1.29151
1.30442
1.31195
1.31384
1.30971
1.29906
1.28123
1.25533
1.22017
1.17414
1.11522
1.04093
0.948945
0.840686
0.736651
0.650728
0.58186
0.524636
0.474523
0.428743
0.386146
0.346631
0.310635
0.278357
0.248022
0.211251
0.301869
0.486034
0.63028
0.739212
0.828155
0.903887
0.969756
1.02762
1.0786
1.12342
1.16255
1.19629
1.22481
1.24815
1.26628
1.27906
1.28626
1.28755
1.28244
1.27029
1.25017
1.22073
1.17997
1.12471
1.04968
0.945025
0.789696
0.524615
0.265739
0.186894
0.163859
0.153192
0.146287
0.141354
0.137945
0.135763
0.134134
0.131865
0.125365
0.114271
)
;

boundaryField
{
    inlet
    {
        type            kqRWallFunction;
        value           nonuniform List<scalar> 10(0.00156917 0.000595099 0.0004033 0.00031482 0.000268286 0.000268286 0.00031482 0.0004033 0.000595099 0.00156917);
    }
    inletWall
    {
        type            kqRWallFunction;
        value           nonuniform List<scalar> 
30
(
0.00184695
0.00180426
0.00173238
0.00165328
0.00156917
0.00292576
0.00233771
0.00207498
0.00189012
0.00180789
0.0182257
0.00509211
0.00452425
0.00402204
0.00344978
0.00184695
0.00180426
0.00173238
0.00165328
0.00156917
0.00292576
0.00233771
0.00207498
0.00189012
0.00180789
0.0182312
0.00509209
0.0045242
0.00402202
0.00344977
)
;
    }
    bottleWall
    {
        type            kqRWallFunction;
        value           nonuniform List<scalar> 
290
(
0.0553733
0.168745
0.263087
0.339988
0.406538
0.464913
0.518452
0.568456
0.615888
0.661524
0.705974
0.749718
0.793178
0.836664
0.880368
0.92494
0.970031
1.01554
1.06143
1.1076
1.15393
1.20023
1.24629
1.29188
1.33672
1.38055
1.42307
1.46401
1.50308
1.54003
1.57454
1.60614
1.63339
1.65616
1.676
1.69265
1.70583
1.71466
1.71965
1.72181
1.7216
1.71686
1.71073
1.70197
1.69051
1.67652
1.6603
1.64229
1.62289
1.60246
1.58138
1.55992
1.53833
1.51679
1.49539
1.47373
1.45049
1.42524
1.40728
1.38629
1.37901
1.38168
1.38788
1.39249
1.39086
1.3808
1.36228
1.3362
1.3038
1.26643
1.22535
1.18167
1.13636
1.09016
1.04371
0.997466
0.951791
0.906942
0.863105
0.820409
0.778936
0.738723
0.699753
0.662455
0.626714
0.592264
0.559034
0.527001
0.496156
0.466503
0.438047
0.410799
0.384778
0.360003
0.336596
0.314433
0.305939
0.29407
0.299589
0.308839
2.06386
2.02597
1.97891
1.92254
1.85724
1.78406
1.70481
1.62275
1.54868
1.47919
1.41279
1.34929
1.28884
1.23149
1.17715
1.12558
1.07651
1.02962
0.984577
0.941109
0.898956
0.857892
0.81772
0.778263
0.739364
0.700876
0.662661
0.624582
0.586498
0.548255
0.509679
0.470556
0.430609
0.389423
0.345912
0.299392
0.249085
0.192928
0.134522
0.0553733
2.08992
2.11027
2.12439
2.13297
2.13676
2.13697
2.13364
2.12561
2.11212
2.09249
0.055222
0.134239
0.192493
0.248474
0.29865
0.345034
0.388404
0.429443
0.46924
0.508213
0.54664
0.584731
0.62266
0.660579
0.698625
0.736933
0.775638
0.814881
0.854815
0.89561
0.937456
0.980573
1.02521
1.07166
1.12023
1.17124
1.22501
1.28178
1.34169
1.40468
1.47064
1.53961
1.61278
1.69492
1.77492
1.84915
1.91567
1.97327
2.02148
2.06041
0.055222
0.168305
0.262332
0.338986
0.405332
0.463528
0.516884
0.566694
0.613929
0.659361
0.703578
0.747091
0.790313
0.833548
0.876987
0.921259
0.966061
1.01127
1.05684
1.10269
1.14869
1.19466
1.24039
1.28564
1.33015
1.37365
1.41585
1.45648
1.49526
1.53193
1.56617
1.59739
1.62442
1.64721
1.66706
1.68371
1.69694
1.70589
1.71107
1.71341
1.71334
1.70893
1.7028
1.69427
1.68312
1.66949
1.65363
1.63598
1.61687
1.59666
1.57593
1.55478
1.53348
1.51221
1.491
1.46935
1.44591
1.42064
1.40248
1.38151
1.37516
1.37869
1.38498
1.38932
1.38713
1.37644
1.35734
1.33079
1.29807
1.26051
1.21936
1.17573
1.13052
1.08451
1.03827
0.992265
0.94685
0.902274
0.858717
0.816306
0.775112
0.735162
0.696428
0.659352
0.623794
0.589499
0.55641
0.524512
0.493804
0.464286
0.435964
0.408845
0.382947
0.358291
0.335007
0.313208
0.321498
0.311732
0.313061
0.301869
)
;
    }
    atmosphere
    {
        type            inletOutlet;
        inletValue      uniform 0.1;
        value           nonuniform List<scalar> 
80
(
0.1
0.1
0.1
0.1
0.1
0.1
0.1
0.1
0.1
0.1
0.1
0.1
0.1
0.736363
0.926481
1.04616
1.1281
1.18636
1.2282
1.25778
1.27763
1.28935
1.29398
1.29226
1.28468
1.27157
1.25317
1.22961
1.20091
1.16702
1.12776
1.08279
1.03166
0.973616
0.907559
0.831687
0.742878
0.635001
0.493631
0.308839
0.301869
0.486034
0.63028
0.739212
0.828155
0.903887
0.969756
1.02762
1.0786
1.12342
1.16255
1.19629
1.22481
1.24815
1.26628
1.27906
1.28626
1.28755
1.28244
1.27029
1.25017
1.22073
1.17997
1.12471
1.04968
0.945025
0.789696
0.1
0.1
0.1
0.1
0.1
0.1
0.1
0.1
0.1
0.1
0.1
0.1
0.1
)
;
    }
    frontAndBack
    {
        type            empty;
    }
}


// ************************************************************************* //
