/*--------------------------------*- C++ -*----------------------------------*\
  =========                 |
  \\      /  F ield         | OpenFOAM: The Open Source CFD Toolbox
   \\    /   O peration     | Website:  https://openfoam.org
    \\  /    A nd           | Version:  8
     \\/     M anipulation  |
\*---------------------------------------------------------------------------*/
FoamFile
{
    version     2.0;
    format      ascii;
    class       volScalarField;
    location    "0.95";
    object      p;
}
// * * * * * * * * * * * * * * * * * * * * * * * * * * * * * * * * * * * * * //

dimensions      [1 -1 -2 0 0 0 0];

internalField   nonuniform List<scalar> 
9150
(
-204.758
-205.736
-206.308
-206.809
-207.049
-207.048
-206.805
-206.307
-205.738
-204.758
-224.772
-225.298
-225.696
-226.028
-226.19
-226.185
-226.03
-225.697
-225.3
-224.772
-244.663
-244.96
-245.197
-245.413
-245.535
-245.532
-245.413
-245.196
-244.96
-244.663
-264.403
-264.586
-264.752
-264.91
-264.985
-264.987
-264.912
-264.754
-264.587
-264.403
-284.017
-284.212
-284.341
-284.476
-284.546
-284.548
-284.478
-284.343
-284.213
-284.018
-118.218
-119.413
-119.451
-118.877
-118.773
-118.776
-118.864
-119.453
-119.402
-118.206
-134.171
-134.858
-135.171
-135.244
-135.162
-135.151
-135.221
-135.135
-134.828
-134.15
-150.761
-151.497
-151.826
-152.149
-152.208
-152.201
-152.152
-151.826
-151.502
-150.764
-167.673
-168.748
-169.141
-169.798
-169.943
-169.945
-169.791
-169.139
-168.75
-167.677
-184.411
-186.576
-187.302
-188.073
-188.311
-188.313
-188.069
-187.301
-186.573
-184.408
-24.9975
-26.4828
-28.1551
-29.1549
-29.7571
-29.8605
-29.4532
-28.4753
-26.4587
-24.8006
-45.631
-45.7506
-46.7128
-46.978
-47.3278
-47.2822
-46.8319
-46.5014
-45.5734
-45.4686
-65.2799
-65.2469
-66.1709
-65.784
-66.2479
-66.2483
-65.8339
-66.1699
-65.2107
-65.2376
-87.977
-85.4413
-86.5329
-84.9687
-85.2648
-85.2546
-84.9338
-86.4963
-85.4161
-87.9315
-115.437
-104.713
-104.659
-102.746
-102.566
-102.545
-102.745
-104.622
-104.688
-115.398
149.585
219.996
364.274
551.789
682.994
678.665
549.228
446.974
377.983
331.288
70.8731
98.5802
155.937
209.95
286.516
342.32
303.612
281.544
259.422
235.939
92.099
103.005
118.282
130.186
160.341
185.856
193.299
189.476
195.769
187.987
68.8286
59.7865
92.1083
82.3365
91.5004
119.011
151.493
149.986
146.438
138.644
60.5628
55.6574
59.2048
58.7177
67.2246
91.1926
118.153
120.567
118.473
117.16
55.0474
54.0015
55.4272
60.1305
63.8336
78.2073
92.5955
95.8874
97.914
97.137
54.7031
53.5538
54.948
59.6779
59.9161
73.1264
86.0461
89.1344
89.7459
87.3605
55.2567
54.8036
60.2484
64.7379
65.9534
71.4392
81.5522
84.2603
84.0222
86.8721
55.0854
54.9445
81.0507
74.9528
66.6866
65.4666
64.5671
69.8534
64.8887
73.2773
52.6933
73.1432
67.3599
88.8414
63.931
53.9057
45.5855
52.5889
47.2508
48.6573
47.8499
53.3455
47.3648
86.88
50.3707
42.3263
29.3861
37.6858
32.7643
42.2437
51.1779
50.992
66.8572
80.4353
45.099
25.3537
2.21689
20.2993
2.61615
-0.145265
33.5437
47.6961
45.3224
58.3541
33.1677
20.1926
9.95721
10.9315
3.08735
4.40315
2.94857
34.1429
3.04782
11.0213
11.402
1.39618
7.39359
5.04729
5.38579
5.19323
0.378602
8.26418
0.499334
5.91299
21.6552
26.514
5.28581
4.69408
4.92864
4.80746
0.954696
0.471512
0.809652
3.38414
20.0726
25.4448
4.06432
3.95104
3.9131
3.78303
0.788499
0.705343
0.719653
0.757948
27.2296
16.4319
3.27888
3.22983
3.25738
3.20443
0.561361
0.535044
0.478661
0.23548
33.3273
9.38835
3.08937
3.03891
3.04469
2.9936
0.423001
0.464119
0.502498
0.319836
28.6853
13.8728
2.62288
2.56543
2.53733
2.45132
0.332326
0.371862
0.453257
0.322405
16.1389
25.5175
1.82684
1.93797
1.94215
1.84626
0.184368
0.223053
0.251973
0.267363
14.226
27.7668
1.46686
1.58304
1.55264
1.49667
0.139669
0.164984
0.174697
0.196973
21.2497
22.0232
1.51725
1.45637
1.38853
1.32815
0.18534
0.209102
0.224989
0.231815
18.6885
18.6659
1.3973
1.34361
1.28379
1.17796
0.218312
0.239991
0.273692
0.304836
10.9464
11.5078
1.21203
1.22322
1.08706
1.03694
0.26953
0.278422
0.290856
0.428154
8.86568
9.82321
1.06211
1.07381
0.943438
0.91519
0.31795
0.346868
0.447676
0.616725
17.8271
20.6511
0.840428
0.80465
0.738929
0.698494
0.245667
0.473839
0.481064
0.949365
26.168
28.2228
0.590464
0.536501
0.505003
0.475199
0.351503
0.371681
0.501817
0.671984
26.2381
26.9678
0.371932
0.341843
0.353497
0.352689
0.196376
0.243663
0.49564
0.171911
3.12161
47.2185
0.0524191
0.18863
0.22972
0.25744
0.0808144
0.10871
0.179776
0.0357022
23.2553
26.7368
0.172199
0.201363
0.181672
0.218724
-0.0109708
-0.00525233
0.0996127
0.193045
13.6834
35.52
0.034585
0.129405
0.15818
0.163162
-0.0870452
-0.0717625
-0.067604
-0.113543
32.2731
16.3753
0.152184
0.113271
0.10618
0.100241
-0.170403
-0.160085
-0.163148
-0.185838
26.92
21.1984
0.0630486
0.046927
0.0289027
0.0243046
-0.249508
-0.244937
-0.250278
-0.240401
23.2632
24.4811
-0.047095
-0.0367982
-0.046927
-0.051879
-0.328272
-0.319986
-0.362048
-0.373578
25.5608
21.8675
-0.100958
-0.104161
-0.10876
-0.113348
-0.470753
-0.395737
-0.468045
-0.501756
30.3277
17.2798
-0.137764
-0.155418
-0.160395
-0.165533
-0.625288
-0.683329
-0.596657
-0.712103
39.804
7.95596
-0.135928
-0.191403
-0.198492
-0.20603
-0.705331
-0.747168
-0.561817
-0.772445
33.8518
14.6934
-0.228413
-0.245691
-0.250766
-0.253778
-0.757636
-0.789464
-0.584758
-0.586503
24.2007
25.1308
-0.293335
-0.291467
-0.291994
-0.292928
-0.779154
-0.783626
-0.600569
-0.567085
22.5369
22.3021
-0.318311
-0.32137
-0.32411
-0.326107
-0.801358
-0.797438
-0.638536
-0.604367
17.8726
18.8813
-0.350316
-0.350124
-0.351594
-0.35331
-0.839682
-0.698994
-0.683673
-0.635524
15.9024
16.0974
-0.370465
-0.371263
-0.372856
-0.374885
-0.81847
-0.627761
-0.680812
-0.629683
15.398
15.8302
-0.381256
-0.384128
-0.383859
-0.391917
-0.774544
-0.723651
-0.71113
-0.67007
15.3139
15.539
-0.389324
-0.393092
-0.394015
-0.404252
-0.764756
-0.763357
-0.750766
-0.748463
14.6623
14.7308
-0.396506
-0.399839
-0.402623
-0.414219
-0.82805
-0.825113
-0.817932
-0.822034
16.1095
17.0174
-0.408426
-0.410286
-0.412655
-0.426897
-0.891946
-0.890304
-0.887384
-0.876709
22.0653
23.04
-0.421355
-0.427407
-0.43116
-0.443745
-0.952659
-0.948056
-0.944195
-0.938679
26.8371
26.5554
-0.457027
-0.46371
-0.466993
-0.471627
-1.02286
-1.01829
-0.997134
-1.03086
27.8038
27.4508
-0.50469
-0.510492
-0.510267
-0.510394
-1.13142
-1.12892
-1.05717
-1.09271
24.9141
29.0457
-0.581525
-0.569148
-0.567289
-0.560652
-1.23317
-1.20711
-1.08956
-0.968531
5.96991
46.7524
-0.78897
-0.644932
-0.632659
-0.614349
-1.36487
-1.33242
-1.35051
-1.47023
44.1557
7.03305
-0.448132
-0.578151
-0.642722
-0.660913
-1.46361
-1.44907
-1.4848
-1.59253
41.1396
10.0909
-0.554106
-0.669376
-0.707811
-0.742937
-1.48999
-1.4849
-1.47776
-1.40644
18.7776
32.5329
-0.916716
-0.859779
-0.84955
-0.859994
-1.53053
-1.5296
-1.5372
-1.53435
25.4291
26.2414
-0.953798
-0.946924
-0.945404
-0.947973
-1.56838
-1.56793
-1.57015
-1.57599
25.4793
25.4061
-1.01985
-1.01249
-1.01579
-1.02071
-1.59055
-1.59066
-1.59149
-1.5956
25.2242
24.5608
-1.05941
-1.05612
-1.0673
-1.07301
-1.60346
-1.60335
-1.60365
-1.60272
24.5021
24.7387
-1.09601
-1.09323
-1.1013
-1.1094
-1.60961
-1.60913
-1.60876
-1.60882
24.4005
24.6902
-1.11312
-1.11047
-1.11778
-1.12735
-1.61249
-1.61193
-1.61251
-1.6158
25.3544
23.6649
-1.10317
-1.10594
-1.11242
-1.12257
-1.61456
-1.615
-1.61759
-1.62558
26.8957
21.9418
-1.07275
-1.08508
-1.09149
-1.10368
-1.61216
-1.61299
-1.61716
-1.63357
27.4646
21.0611
-1.02895
-1.04787
-1.06262
-1.07436
-1.60109
-1.59925
-1.59932
-1.59763
24.4241
24.6329
-1.01902
-1.01783
-1.03029
-1.03529
-1.59053
-1.58364
-1.5734
-1.57799
25.4606
24.878
-0.998997
-0.999059
-1.01138
-1.0145
-1.56877
-1.57605
-1.53044
-1.53849
26.0843
25.858
-0.995894
-0.994378
-1.00878
-1.0104
-1.56895
-1.57399
-1.50436
-1.52268
26.3641
26.1363
-0.999709
-0.999105
-1.01654
-1.01678
-1.56363
-1.58184
-1.51333
-1.54132
26.2424
26.5683
-1.01985
-1.01823
-1.03955
-1.03722
-1.57031
-1.5665
-1.55077
-1.55748
26.2153
26.2319
-1.05421
-1.05147
-1.07347
-1.07107
-1.57949
-1.57831
-1.57966
-1.58072
26.3341
26.1874
-1.08829
-1.08626
-1.10767
-1.10545
-1.57332
-1.57565
-1.57903
-1.57763
26.1212
26.0026
-1.1297
-1.12967
-1.14786
-1.14607
-1.56695
-1.56759
-1.56837
-1.55849
25.8301
26.1001
-1.16867
-1.17643
-1.19192
-1.19072
-1.56216
-1.56071
-1.55951
-1.54655
25.5104
25.7779
-1.20934
-1.22219
-1.23503
-1.23385
-1.56101
-1.55715
-1.55383
-1.53972
23.8652
27.0364
-1.26964
-1.27236
-1.28046
-1.27666
-1.56709
-1.56088
-1.55064
-1.50602
18.4487
32.5048
-1.37019
-1.32867
-1.32575
-1.31709
-1.5841
-1.58377
-1.58661
-1.61017
28.0455
22.7553
-1.3234
-1.33844
-1.34487
-1.3485
-1.59768
-1.59642
-1.59605
-1.61071
25.2301
25.558
-1.39813
-1.37909
-1.38005
-1.38399
-1.61142
-1.61002
-1.60835
-1.64022
25.1583
25.4061
-1.43401
-1.40229
-1.40445
-1.41194
-1.62593
-1.62476
-1.62311
-1.6539
25.0035
25.018
-1.4413
-1.41279
-1.42024
-1.42999
-1.64105
-1.64051
-1.63914
-1.63992
24.8327
24.7923
-1.42002
-1.41946
-1.43445
-1.4472
-1.65628
-1.65623
-1.65632
-1.63383
24.2486
24.3713
-1.41579
-1.43646
-1.45817
-1.45928
-1.67086
-1.67087
-1.67151
-1.65609
23.9391
23.9823
-1.44784
-1.46123
-1.48366
-1.48306
-1.68499
-1.68479
-1.68556
-1.69097
23.39
23.5154
-1.4975
-1.48828
-1.51295
-1.51435
-1.69891
-1.69835
-1.69823
-1.74634
22.8636
22.9454
-1.56484
-1.51566
-1.53402
-1.54417
-1.71352
-1.71297
-1.71324
-1.78762
22.3263
22.1193
-1.62654
-1.55364
-1.55208
-1.57241
-1.72847
-1.72805
-1.72837
-1.77485
21.178
21.2499
-1.63919
-1.5945
-1.59268
-1.6005
-1.74399
-1.74378
-1.74504
-1.741
19.8706
19.9587
-1.62171
-1.62661
-1.62504
-1.62662
-1.75919
-1.7588
-1.76029
-1.74471
18.4851
17.8708
-1.63661
-1.64963
-1.64777
-1.648
-1.77447
-1.77412
-1.77665
-1.79344
16.5734
16.2496
-1.69108
-1.66993
-1.66774
-1.66809
-1.78952
-1.78907
-1.79079
-1.92588
12.6326
15.6789
-1.65768
-1.68934
-1.6864
-1.68753
-1.8048
-1.80493
-1.80481
-2.06258
10.0976
16.9072
-1.56714
-1.71139
-1.70663
-1.70785
-1.82059
-1.82265
-1.83542
-1.90917
12.04
7.98856
-2.08874
-1.73041
-1.73024
-1.73066
-1.82966
-1.83568
-1.80482
-1.66166
8.18226
3.49129
-2.74474
-1.75305
-1.75565
-1.75585
-1.85403
-1.85081
-1.8868
-2.2862
5.0801
3.54745
-2.25012
-1.77964
-1.7789
-1.78158
-1.86385
-1.86256
-1.93821
-1.80598
2.25851
2.90619
-1.88998
-1.8779
-1.80829
-1.80804
-1.88281
-1.88351
-2.09434
-1.74237
0.554799
1.67596
-1.62145
-1.93043
-1.82856
-1.82731
-1.89854
-1.90133
-2.351
-1.25676
-0.323169
0.0882527
-1.18758
-2.26338
-1.85118
-1.84965
-1.91365
-1.9023
-3.29353
-1.46136
-0.742535
-1.02571
-2.21571
-3.3837
-1.86472
-1.87115
-1.93159
-2.54442
-4.69173
-3.50524
-2.4926
-1.88673
-2.05422
-4.2123
-2.46731
-1.89749
-1.93435
-3.85231
-4.95865
-4.98812
-5.38443
-5.60529
-5.78679
-6.03132
-4.20972
-1.91853
-2.82368
-9.60169
-12.7937
-14.5597
-15.139
-15.0342
-14.1595
-12.1792
-9.03969
-2.66754
298.89
272.236
243.686
207.126
168.774
131.344
99.5827
67.0044
28.537
-2.87967
-11.166
0.311251
27.2735
72.9578
125.137
158.844
171.722
171.666
148.144
112.184
88.7145
78.5524
67.2991
50.0451
36.0231
30.22
35.9502
40.1953
32.5017
29.8507
46.3014
70.5623
107.03
142.991
179.497
226.635
281.446
334.974
380.68
406.562
214.006
204.112
193.986
167.56
129.255
90.1807
53.1763
13.9507
-28.0084
-63.608
-80.2171
-83.0419
-68.4529
-19.8388
47.2716
109.692
164.797
185.424
161.12
101.655
52.4865
31.3609
28.1734
20.9497
20.8018
20.1381
19.9842
20.0496
20.1431
21.1136
22.2386
29.7628
36.0947
66.0198
108.899
164.432
218.232
274.079
312.948
340.684
167.072
154.74
144.82
124.916
90.131
48.553
11.3205
-25.7808
-54.2568
-73.4224
-86.8814
-90.9678
-78.7914
-30.1637
33.0316
90.3984
131.163
148.297
114.997
51.7443
28.7312
21.7917
19.2727
19.5271
19.8417
19.8969
19.9574
20.1119
20.2825
20.504
20.9551
21.1585
20.2769
21.9794
38.1249
79.4114
140.22
182.406
207.619
221.313
131.288
128.243
116.024
95.5072
61.0828
14.0352
-13.3367
-41.3165
-62.5769
-78.5151
-91.6539
-99.2391
-79.1418
-35.6542
16.2681
59.5773
93.8438
105.705
68.3084
28.3082
21.9757
19.5646
19.2282
19.3473
19.3926
19.4378
19.4643
19.615
19.888
20.088
20.7266
21.467
22.1521
23.1954
24.1457
29.6295
66.4997
93.7246
114.342
125.852
110.242
100.297
85.6558
81.259
46.0418
17.6066
-8.25203
-33.2565
-50.398
-54.5821
-60.4122
-45.1896
-14.2424
16.4768
48.2683
65.6567
75.0671
67.0897
44.1467
21.3573
20.1678
19.4079
19.0767
19.0434
19.1142
19.1678
19.1985
19.2566
19.5211
19.8057
20.0696
20.3687
21.3573
23.1093
24.9342
26.8314
49.8182
67.4636
77.0087
82.0976
92.9085
88.9237
69.126
71.6396
44.7861
35.5306
14.8311
4.68911
-7.84891
-7.56661
12.8175
36.4884
59.6333
80.939
101.438
99.0808
72.5532
53.8816
33.2213
20.2197
18.6978
18.9381
18.9659
18.9757
18.9101
18.8858
18.8731
18.7925
18.6322
18.5981
18.3962
18.1339
24.1366
29.2545
34.4692
32.4875
34.4829
49.8899
61.6382
62.2596
81.5876
87.1288
74.3972
75.1898
63.4817
55.4316
52.7522
56.0967
69.6877
88.6477
87.2258
81.4534
85.9337
102.35
102.341
85.6904
59.6476
32.7581
19.3243
17.4748
17.4533
17.871
18.2128
18.407
18.4894
18.4723
18.4839
18.3888
18.0745
17.5571
18.2931
28.9743
27.8164
30.5285
36.471
40.6508
33.0755
35.1428
44.1129
45.2097
88.6776
92.4179
95.757
79.7703
73.3935
57.4085
63.6803
75.8915
88.2067
96.2712
93.8747
93.6034
88.7421
85.0292
75.434
56.835
31.9367
18.926
17.608
17.5132
17.6121
17.9309
18.1002
18.0943
18.1591
18.1955
18.2043
18.1004
18.2368
21.4676
26.5418
32.9612
25.1568
22.6056
23.6194
20.682
32.5671
25.8872
29.3321
32.4574
76.5592
82.4994
97.9087
82.8468
81.8797
83.6947
82.2045
86.8514
99.7006
90.9328
97.2119
101.798
86.4599
67.4995
46.2878
25.0559
17.4137
17.6404
17.6247
17.6723
17.7791
17.9172
18.0127
18.0603
18.0707
18.0651
18.0595
18.0275
18.1861
25.0315
27.6185
28.8341
26.2591
24.2441
23.7669
24.7828
22.3418
32.0048
26.9905
33.4108
40.3679
53.1917
68.8919
79.8074
108.087
94.551
91.2824
89.4374
94.0758
95.7001
94.9229
89.6761
70.8038
42.4095
17.9158
17.5254
17.5807
17.5401
17.6621
17.7973
17.935
18.0494
18.1069
18.1176
18.0716
18.0057
17.9463
17.9025
18.0198
21.6228
24.6515
25.5697
25.9666
27.1731
28.7669
29.6282
29.5542
36.3423
31.4594
34.5222
34.6213
37.4359
33.558
53.7163
61.4873
48.2633
60.3788
64.2101
69.3644
70.1131
67.0211
61.964
44.1706
14.0132
16.8272
16.9128
17.1621
17.418
17.7446
17.818
17.9272
18.0381
18.0417
17.9546
17.9123
17.8883
17.8527
17.8003
17.7227
17.9887
20.1666
23.1506
25.2448
26.6742
27.9077
29.519
31.5763
33.7144
34.2021
33.831
20.2972
1.77892
11.1911
10.1026
2.42958
3.55056
6.07135
12.8349
25.2255
32.744
33.6622
30.2113
21.8049
14.4655
16.2844
16.3031
16.2871
17.3853
31.8537
24.6955
15.3644
16.1648
18.3278
17.6494
17.6494
17.7097
17.6867
17.6699
17.6667
17.677
17.8102
19.9722
21.811
23.3755
23.5774
25.2672
27.2009
28.7182
29.0303
29.6808
5.17214
13.4572
25.2655
2.66512
3.29172
3.30837
3.62726
4.34558
3.73688
8.76151
13.5076
13.2923
6.09258
-3.55674
14.0206
11.9321
17.1945
22.5688
22.4343
22.2358
19.2837
20.8285
22.4923
18.1836
17.7445
17.541
17.5646
17.5856
17.6266
17.6622
17.6963
17.7202
17.8505
18.1902
17.4971
17.8674
20.5673
22.3259
22.6083
23.7301
4.32343
5.91712
5.50413
2.16071
2.24529
2.44996
2.59229
2.81703
2.69581
1.53435
4.46791
7.57528
7.07487
6.27934
6.58961
5.97241
3.82767
10.7923
14.0587
15.0343
15.6413
16.9052
17.9868
17.3604
18.4002
17.3894
17.5039
17.5576
17.6103
17.6524
17.6769
17.6936
17.7099
17.7308
17.611
16.3482
17.4962
17.4018
18.5917
18.3996
3.74099
2.53863
2.38088
2.29135
2.44623
2.55346
2.6561
2.77787
2.92802
2.18241
3.35718
11.2011
4.74842
4.96987
5.1825
5.15419
5.05862
5.29324
5.41629
8.5616
10.2313
11.4615
12.8235
14.2089
15.7637
17.585
17.5815
17.6071
17.6176
17.6969
17.7258
17.7304
17.7384
17.7434
17.7388
17.7584
17.7529
14.7447
16.7927
16.1255
3.43653
3.06347
2.90253
2.81771
2.77779
2.79979
2.93689
3.2469
3.7848
4.82106
5.06067
21.2857
4.73266
5.08172
5.18384
5.21262
5.22308
5.25474
5.29508
5.21092
4.14682
6.44485
8.68059
10.6786
12.8219
14.7726
17.2558
17.6867
17.7244
17.7511
17.7731
17.7812
17.7778
17.7834
17.7741
17.8132
17.8107
15.2267
14.9935
14.6609
3.11412
3.14582
3.26134
3.27242
3.25429
3.30669
3.43814
3.97057
6.08485
8.41043
7.94217
29.4334
5.26538
5.16621
5.22826
5.26036
5.26152
5.27826
5.29428
5.28855
5.14483
3.30595
5.59354
7.86598
9.99632
11.6816
15.7873
17.7456
17.7726
17.796
17.8189
17.8341
17.8374
17.836
17.8235
17.8233
17.8366
14.7175
12.9864
13.7854
2.99251
3.14635
3.37761
3.41696
2.98778
2.90928
3.40149
3.34138
4.34146
5.03016
4.25278
16.9926
6.13823
5.26661
5.28047
5.30366
5.3208
5.3274
5.32741
5.32427
5.27279
3.83481
3.89621
6.32911
8.09935
9.91182
10.6959
11.7508
17.2286
17.81
17.8168
17.8529
17.8753
17.8518
17.8185
17.8115
17.2019
11.2263
12.3272
14.417
2.39734
2.63064
2.72876
1.72801
1.74728
1.66105
1.4307
1.59441
2.09751
2.21167
2.0906
14.1287
5.01683
5.35991
5.35043
5.35654
5.35984
5.3552
5.34688
5.32601
5.23106
4.65277
5.26678
8.42983
10.8704
11.3172
11.8322
12.4765
11.8812
9.21201
15.0428
16.5022
17.1698
16.9247
16.5068
11.4482
9.94359
12.2723
15.7636
18.4138
1.67766
1.79632
1.73135
1.44995
1.45457
1.40365
1.33014
1.33247
1.37541
1.35127
1.25063
12.4768
4.11397
5.39621
5.4053
5.38613
5.37809
5.37875
5.37236
5.32151
5.26667
5.57056
8.3077
8.64638
9.38452
9.59823
10.4435
12.1786
13.558
14.5017
12.2037
9.83774
9.17276
6.49534
8.19515
12.4994
16.814
19.8098
22.5059
25.6145
1.39083
1.45284
1.38253
1.28547
1.2577
1.20494
1.15133
1.11215
1.09302
0.986692
1.1749
9.58628
5.02157
5.47268
5.40271
5.38224
5.36916
5.35758
5.35105
5.34018
5.32084
5.36178
5.91537
10.352
15.3537
10.7154
10.7775
12.1056
13.3317
14.4549
15.3023
15.6472
16.3117
17.1334
17.234
18.0728
19.5274
21.3983
21.59
23.6158
1.245
1.21894
1.23601
1.09672
1.04305
0.970391
0.908335
0.863236
0.822041
0.761351
1.1025
5.13127
9.13718
4.91465
5.31763
5.32521
5.3219
5.31575
5.31788
5.32618
5.34231
5.40044
5.46107
5.36503
5.14635
5.33822
5.75446
8.24244
10.9057
13.5242
14.211
13.6948
13.7932
15.2971
16.3475
16.1378
15.7696
16.4899
15.908
16.1937
1.11701
1.01939
1.11574
0.913999
0.827831
0.753851
0.676973
0.620925
0.568683
0.488634
0.474182
1.19529
6.37236
5.86457
5.21535
5.34648
5.29515
5.2849
5.28788
5.30083
5.33212
5.3701
5.39022
5.42918
5.52945
5.64771
5.73775
5.88443
6.09147
6.44086
7.04361
7.54024
8.11088
9.16862
10.1998
11.0829
11.3959
11.9788
12.3877
11.9752
0.946321
0.899361
0.79889
0.848327
0.623261
0.552738
0.467346
0.410679
0.350284
0.282331
0.19699
0.224314
2.60109
7.21522
5.30881
5.1482
5.17448
5.19552
5.22917
5.27816
5.31946
5.35942
5.41557
5.50897
5.60048
5.6647
5.72211
5.82457
6.00329
6.23778
6.96365
8.23282
9.87396
11.3587
12.4504
13.0419
13.3012
13.3596
13.3636
13.3962
0.780427
0.737485
0.650569
0.764982
0.43209
0.343107
0.234804
0.129897
0.0294806
-0.13345
-0.260253
-0.365333
-0.183913
2.29531
6.0588
4.42314
4.38457
4.62895
5.10423
5.14395
5.02673
5.12085
5.37873
5.53533
5.53448
5.24275
4.13708
2.59373
1.54262
1.45904
2.10051
3.7286
6.09336
9.10623
12.0027
13.2266
13.372
13.3845
13.3953
13.4274
0.629983
0.539117
0.484567
0.556871
0.313317
0.178724
0.0625036
-0.122168
-0.264307
-0.456651
-0.591712
-0.694149
-0.802763
-0.695334
0.0125744
3.48474
6.40421
2.05837
6.14277
-0.909146
7.66937
6.62407
2.76428
1.21568
0.965617
-0.00211344
0.246381
2.0292
2.70223
2.96369
3.79664
5.41741
7.40896
9.61706
10.6091
10.8011
11.3362
11.2617
11.1755
12.9677
0.435201
0.397285
0.3556
0.421704
0.206198
0.0755257
-0.0265778
-0.152747
-0.307797
-0.474705
-0.644226
-0.692437
-0.530135
-0.411013
-0.44966
-0.510278
-0.511917
-0.0890661
0.25147
4.80911
11.0535
17.9027
21.6255
19.7256
18.5372
15.9914
13.1844
9.87277
6.99574
4.97883
4.84437
6.63139
9.18067
11.7129
14.5558
17.7626
16.9548
11.1512
11.6647
11.4899
0.347476
0.325991
0.286129
0.273737
0.195771
0.0445709
-0.0278789
-0.105203
-0.18169
-0.264331
-0.374727
-0.463568
-0.534912
-0.58957
-0.49425
-0.469965
-0.48866
-0.531427
-0.576022
-0.57397
-0.517033
-0.436391
-0.294971
-0.173374
0.390548
1.9508
2.50156
0.0856659
-1.10954
-1.38113
-1.13448
0.755067
4.3576
8.94287
12.5275
15.0294
10.67
7.49903
7.26709
7.81439
0.275966
0.265473
0.234041
0.165457
0.149445
0.055902
-0.0274783
-0.0938211
-0.15663
-0.212796
-0.273358
-0.364705
-0.43405
-0.474256
-0.519835
-0.582132
-0.581988
-0.565064
-0.556262
-0.524955
-0.488398
-0.456032
-0.414748
-0.405998
-0.417314
-0.419232
-0.414549
-0.37746
-0.0331731
0.618058
4.60753
6.57894
6.07979
7.24731
6.16992
3.9477
3.63518
3.03693
3.69743
4.02704
0.228192
0.23058
0.21172
0.162587
0.0745548
0.00622782
-0.0652187
-0.127947
-0.190195
-0.243414
-0.28593
-0.338577
-0.395609
-0.428263
-0.464366
-0.499174
-0.439748
-0.443506
-0.469846
-0.475156
-0.439983
-0.410289
-0.378047
-0.357919
-0.350615
-0.338911
-0.315088
-0.271852
-0.227213
-0.251422
-0.255976
-0.237823
-0.207859
-0.179679
-0.346396
-0.462084
-0.479654
0.137132
1.94106
3.30326
0.19261
0.195479
0.174722
0.136283
0.0722247
-0.0200345
-0.108144
-0.188129
-0.260268
-0.316471
-0.350243
-0.371176
-0.392899
-0.402893
-0.415329
-0.380857
-0.380093
-0.347137
-0.335441
-0.337091
-0.337117
-0.32638
-0.313724
-0.305381
-0.30199
-0.296582
-0.289556
-0.281976
-0.27813
-0.278357
-0.257976
-0.238154
-0.228327
-0.227417
-0.216479
-0.136379
-0.0581012
1.20766
3.58642
0.792308
0.0996305
0.108751
0.153792
0.173496
-0.0129648
-0.126005
-0.190969
-0.270455
-0.339704
-0.38529
-0.412123
-0.41996
-0.416331
-0.399596
-0.394695
-0.296963
-0.323795
-0.298041
-0.269432
-0.248299
-0.251875
-0.270179
-0.268564
-0.268532
-0.270295
-0.272447
-0.276452
-0.279963
-0.281225
-0.28106
-0.275899
-0.269933
-0.269315
-0.28091
-0.301577
-0.319573
-0.356476
-0.37833
-0.379983
-0.374453
0.0118938
-0.00397998
-0.0210494
0.00438475
-0.0508996
-0.087174
-0.222091
-0.355237
-0.395668
-0.425946
-0.443203
-0.448216
-0.446905
-0.395531
-0.377477
-0.325429
-0.323006
-0.289654
-0.252964
-0.229148
-0.226048
-0.237511
-0.246752
-0.25183
-0.258852
-0.26926
-0.281242
-0.291895
-0.29761
-0.297306
-0.301362
-0.301523
-0.303806
-0.310157
-0.321425
-0.335846
-0.358718
-0.370688
-0.369351
-0.367298
-0.0645664
-0.0790123
-0.0966761
-0.120923
-0.138524
-0.162738
-0.178254
-0.227205
-0.367776
-0.426195
-0.420933
-0.418067
-0.396148
-0.373159
-0.359476
-0.343985
-0.308798
-0.280673
-0.290983
-0.25532
-0.245322
-0.251905
-0.255411
-0.262032
-0.273303
-0.288102
-0.303126
-0.316577
-0.325382
-0.318547
-0.324673
-0.335696
-0.335635
-0.338165
-0.342918
-0.348812
-0.356427
-0.3674
-0.369887
-0.370306
-0.118775
-0.123906
-0.129677
-0.148384
-0.177838
-0.199375
-0.209847
-0.197045
-0.231056
-0.269718
-0.317984
-0.374619
-0.384032
-0.366433
-0.344568
-0.334209
-0.301941
-0.287983
-0.284526
-0.296668
-0.263625
-0.293264
-0.28674
-0.294172
-0.306388
-0.322094
-0.338931
-0.35374
-0.364405
-0.366711
-0.363673
-0.361992
-0.365472
-0.365312
-0.366723
-0.366187
-0.36749
-0.368834
-0.371
-0.371922
-0.16746
-0.173116
-0.1583
-0.184103
-0.219042
-0.234675
-0.253684
-0.270233
-0.285547
-0.310611
-0.328406
-0.341183
-0.265798
-0.233474
-0.263989
-0.237296
-0.23338
-0.278418
-0.33799
-0.334874
-0.335906
-0.329144
-0.330369
-0.336759
-0.348781
-0.365262
-0.382634
-0.397244
-0.406665
-0.411737
-0.412962
-0.405889
-0.396658
-0.389986
-0.384095
-0.378545
-0.376061
-0.37504
-0.374328
-0.373764
-0.211333
-0.209942
-0.210605
-0.224309
-0.252464
-0.266015
-0.277032
-0.290042
-0.304785
-0.316547
-0.335098
-0.351348
-0.36038
-0.375061
-0.34375
-0.296944
-0.304392
-0.340538
-0.378488
-0.414525
-0.388294
-0.379371
-0.380504
-0.392394
-0.404973
-0.422203
-0.439571
-0.45317
-0.460911
-0.461191
-0.454522
-0.444455
-0.430473
-0.411999
-0.396742
-0.387501
-0.381222
-0.377667
-0.374568
-0.372623
-0.257265
-0.261565
-0.264812
-0.270293
-0.278509
-0.294489
-0.300759
-0.309059
-0.320784
-0.346749
-0.357914
-0.377466
-0.379897
-0.382584
-0.398096
-0.433112
-0.412228
-0.433716
-0.512037
-0.509505
-0.459825
-0.446456
-0.440228
-0.450722
-0.463741
-0.480203
-0.495471
-0.506069
-0.509756
-0.503071
-0.48844
-0.471115
-0.452573
-0.429513
-0.402202
-0.391287
-0.383519
-0.376028
-0.371891
-0.368699
-0.295934
-0.299071
-0.304323
-0.311059
-0.318284
-0.323032
-0.337259
-0.344906
-0.357588
-0.371438
-0.395192
-0.407437
-0.416358
-0.424038
-0.431627
-0.442137
-0.403734
-0.441445
-0.589665
-0.549698
-0.511098
-0.49351
-0.489439
-0.492682
-0.502913
-0.516821
-0.530006
-0.538672
-0.539106
-0.528487
-0.508304
-0.484143
-0.460714
-0.436757
-0.393205
-0.391105
-0.375572
-0.366609
-0.366507
-0.362821
-0.328421
-0.331217
-0.33553
-0.341026
-0.347988
-0.35789
-0.36041
-0.370392
-0.385416
-0.4062
-0.422437
-0.435638
-0.44951
-0.45851
-0.462707
-0.466025
-0.377026
-0.388758
-0.547464
-0.526431
-0.509096
-0.499255
-0.496901
-0.50285
-0.514105
-0.52864
-0.543725
-0.553307
-0.55137
-0.533707
-0.506509
-0.477348
-0.450686
-0.425089
-0.377176
-0.382244
-0.364774
-0.358908
-0.359838
-0.356153
-0.355362
-0.358029
-0.362124
-0.367751
-0.37494
-0.383262
-0.392595
-0.404946
-0.407945
-0.42985
-0.447954
-0.462195
-0.477675
-0.488524
-0.495035
-0.498905
-0.491196
-0.474681
-0.484814
-0.495538
-0.486437
-0.481053
-0.481738
-0.490369
-0.504748
-0.520257
-0.532233
-0.535811
-0.529059
-0.51042
-0.481857
-0.451275
-0.425147
-0.399328
-0.38374
-0.37029
-0.361697
-0.355884
-0.352697
-0.350154
-0.376697
-0.379343
-0.383108
-0.38784
-0.393618
-0.400308
-0.407796
-0.416423
-0.425892
-0.440706
-0.458177
-0.476096
-0.48819
-0.498522
-0.505157
-0.505416
-0.497928
-0.489082
-0.472711
-0.474883
-0.47113
-0.466694
-0.468708
-0.475268
-0.484927
-0.494711
-0.500327
-0.499041
-0.492529
-0.46567
-0.431023
-0.411455
-0.390191
-0.373291
-0.362866
-0.357709
-0.354365
-0.351723
-0.343451
-0.346392
-0.393879
-0.396674
-0.400515
-0.405131
-0.410513
-0.416509
-0.422925
-0.42959
-0.436118
-0.443507
-0.451529
-0.464369
-0.483582
-0.492212
-0.495826
-0.495902
-0.489453
-0.481406
-0.477201
-0.473867
-0.467742
-0.461648
-0.459724
-0.461735
-0.467103
-0.471309
-0.469227
-0.464993
-0.459376
-0.420923
-0.380932
-0.370415
-0.3618
-0.354883
-0.351988
-0.351162
-0.351376
-0.351632
-0.339257
-0.345726
-0.40721
-0.410816
-0.415186
-0.419916
-0.425218
-0.430592
-0.436159
-0.442045
-0.448019
-0.452839
-0.457256
-0.455541
-0.457544
-0.4644
-0.473174
-0.468146
-0.462401
-0.455847
-0.453066
-0.449987
-0.449699
-0.447203
-0.443159
-0.449915
-0.453125
-0.464088
-0.459453
-0.453228
-0.432963
-0.404694
-0.374889
-0.364874
-0.360086
-0.359457
-0.359481
-0.360021
-0.360631
-0.36092
-0.348639
-0.353565
-0.418962
-0.423891
-0.429237
-0.43446
-0.439699
-0.444788
-0.449668
-0.454224
-0.458259
-0.461668
-0.463696
-0.463224
-0.463847
-0.461387
-0.447424
-0.438351
-0.444504
-0.439751
-0.44561
-0.444417
-0.448612
-0.451045
-0.451933
-0.441197
-0.448741
-0.458711
-0.462141
-0.455096
-0.438811
-0.421476
-0.407782
-0.395518
-0.387602
-0.383062
-0.380475
-0.378873
-0.377952
-0.377288
-0.36651
-0.370146
-0.43274
-0.438603
-0.444975
-0.450678
-0.456084
-0.461091
-0.465593
-0.469481
-0.472616
-0.474998
-0.476327
-0.475958
-0.474519
-0.472865
-0.471415
-0.458376
-0.462971
-0.46051
-0.467316
-0.46689
-0.471241
-0.472174
-0.473697
-0.476232
-0.467304
-0.473274
-0.478407
-0.478081
-0.468107
-0.451877
-0.438541
-0.426448
-0.41785
-0.411764
-0.407162
-0.403948
-0.401769
-0.400381
-0.388696
-0.391237
-0.451288
-0.457579
-0.46418
-0.470366
-0.476041
-0.481173
-0.485651
-0.489422
-0.492385
-0.494471
-0.495661
-0.495947
-0.495752
-0.495858
-0.496449
-0.496049
-0.494923
-0.495044
-0.496901
-0.499941
-0.500904
-0.50086
-0.501837
-0.504252
-0.506552
-0.505631
-0.506102
-0.499681
-0.489058
-0.477646
-0.466194
-0.455765
-0.447509
-0.440531
-0.434794
-0.43019
-0.426781
-0.424145
-0.413971
-0.415728
-0.476421
-0.482184
-0.488893
-0.495278
-0.501395
-0.506697
-0.511509
-0.515678
-0.518891
-0.521092
-0.52237
-0.52325
-0.523997
-0.525055
-0.526422
-0.527299
-0.527793
-0.528181
-0.528675
-0.529332
-0.528914
-0.528512
-0.528272
-0.528195
-0.528604
-0.528142
-0.525106
-0.518648
-0.510067
-0.501242
-0.492127
-0.483621
-0.475696
-0.468541
-0.462392
-0.457216
-0.453082
-0.449774
-0.439178
-0.440581
-0.510518
-0.514371
-0.520812
-0.526488
-0.529991
-0.536392
-0.543722
-0.549965
-0.556357
-0.557778
-0.556502
-0.556937
-0.558429
-0.560353
-0.562102
-0.56323
-0.563487
-0.562998
-0.562021
-0.560572
-0.558842
-0.557287
-0.555664
-0.553978
-0.552072
-0.549356
-0.545218
-0.539756
-0.533138
-0.525742
-0.518224
-0.510504
-0.502907
-0.495877
-0.489547
-0.483858
-0.478742
-0.473992
-0.46574
-0.466155
-0.556053
-0.557357
-0.565102
-0.57536
-0.58302
-0.590862
-0.597513
-0.60366
-0.60686
-0.606361
-0.605487
-0.606144
-0.602198
-0.60221
-0.603068
-0.602919
-0.60164
-0.599652
-0.597163
-0.594081
-0.590928
-0.58787
-0.584923
-0.581883
-0.578478
-0.574532
-0.569971
-0.564597
-0.558523
-0.551869
-0.544706
-0.537266
-0.529959
-0.522843
-0.516146
-0.509741
-0.503189
-0.496284
-0.490266
-0.489034
-0.608481
-0.617214
-0.627762
-0.638183
-0.651059
-0.665039
-0.676082
-0.681171
-0.683898
-0.683892
-0.678921
-0.670334
-0.662423
-0.658763
-0.655099
-0.651069
-0.646007
-0.640717
-0.635412
-0.63016
-0.625135
-0.620399
-0.615887
-0.61148
-0.607113
-0.602545
-0.597525
-0.591887
-0.585546
-0.578706
-0.571752
-0.564579
-0.557039
-0.549501
-0.542207
-0.535146
-0.528005
-0.515978
-0.510909
-0.505785
-0.675009
-0.690264
-0.705031
-0.720081
-0.732103
-0.743404
-0.751439
-0.761516
-0.768007
-0.768772
-0.761751
-0.746792
-0.737823
-0.725741
-0.716542
-0.707246
-0.696704
-0.686766
-0.67757
-0.66896
-0.661294
-0.654467
-0.6483
-0.642476
-0.636954
-0.631517
-0.625978
-0.620172
-0.61395
-0.607465
-0.600579
-0.592904
-0.584772
-0.576911
-0.569181
-0.559868
-0.549968
-0.536313
-0.529311
-0.525537
-0.766519
-0.791351
-0.801918
-0.81282
-0.82866
-0.840073
-0.851704
-0.85764
-0.857395
-0.853429
-0.84949
-0.838858
-0.818915
-0.802729
-0.787934
-0.772212
-0.753339
-0.736926
-0.723417
-0.711624
-0.701386
-0.692249
-0.684013
-0.674903
-0.65998
-0.660876
-0.655694
-0.650074
-0.643832
-0.637261
-0.630068
-0.62244
-0.613747
-0.603178
-0.593039
-0.582253
-0.569814
-0.559421
-0.551179
-0.547299
-0.874197
-0.884814
-0.895626
-0.909186
-0.926359
-0.942278
-0.955217
-0.961396
-0.960529
-0.953672
-0.942803
-0.92828
-0.910667
-0.884059
-0.866074
-0.84355
-0.81711
-0.794149
-0.775304
-0.759778
-0.746737
-0.734817
-0.722966
-0.711182
-0.700719
-0.692124
-0.686861
-0.681477
-0.67522
-0.669445
-0.662777
-0.655418
-0.645747
-0.634647
-0.622556
-0.610314
-0.593143
-0.580356
-0.57064
-0.569396
-0.95498
-0.963992
-0.976366
-0.99211
-1.00937
-1.02536
-1.03895
-1.04608
-1.04764
-1.04311
-1.03005
-1.01123
-0.992281
-0.968808
-0.942666
-0.911585
-0.879867
-0.851798
-0.828005
-0.807917
-0.790622
-0.77588
-0.761503
-0.748284
-0.736848
-0.726907
-0.720131
-0.714559
-0.709613
-0.705138
-0.699558
-0.693922
-0.684616
-0.670068
-0.648997
-0.630932
-0.615447
-0.599603
-0.593504
-0.588284
-1.03042
-1.04159
-1.05645
-1.07358
-1.09124
-1.10701
-1.11917
-1.12518
-1.12518
-1.11799
-1.10282
-1.08091
-1.05571
-1.02903
-0.998827
-0.964542
-0.930941
-0.899844
-0.871981
-0.847832
-0.828017
-0.810285
-0.793217
-0.779098
-0.768111
-0.758702
-0.752565
-0.745544
-0.740155
-0.73735
-0.731789
-0.720974
-0.705893
-0.688596
-0.670363
-0.651055
-0.6327
-0.619652
-0.612089
-0.612392
-1.09151
-1.10607
-1.12484
-1.14512
-1.16405
-1.18008
-1.19142
-1.19668
-1.1943
-1.18419
-1.16516
-1.1381
-1.10779
-1.07611
-1.0425
-1.00659
-0.971239
-0.938326
-0.907723
-0.880773
-0.858714
-0.838022
-0.819079
-0.805417
-0.794595
-0.784245
-0.775806
-0.770421
-0.765418
-0.759098
-0.750791
-0.737998
-0.720183
-0.698834
-0.676989
-0.65624
-0.641106
-0.633101
-0.630635
-0.630751
-1.12537
-1.14266
-1.16457
-1.18718
-1.20762
-1.22568
-1.2383
-1.24472
-1.24356
-1.23441
-1.21424
-1.18528
-1.15233
-1.11726
-1.08045
-1.04251
-1.00535
-0.970208
-0.937797
-0.909349
-0.88497
-0.862742
-0.843999
-0.829662
-0.817482
-0.807659
-0.799873
-0.792271
-0.785934
-0.77884
-0.767962
-0.750676
-0.729292
-0.704052
-0.682342
-0.661057
-0.649886
-0.647303
-0.648557
-0.649587
-1.14194
-1.16169
-1.18541
-1.20935
-1.23125
-1.25031
-1.26452
-1.27258
-1.27353
-1.26531
-1.24759
-1.22051
-1.18693
-1.15038
-1.11245
-1.07354
-1.0355
-0.999655
-0.966644
-0.937643
-0.913973
-0.884991
-0.869574
-0.855687
-0.843236
-0.83573
-0.81924
-0.816221
-0.810175
-0.799638
-0.790928
-0.766777
-0.74788
-0.722052
-0.697098
-0.680213
-0.670721
-0.670585
-0.672144
-0.673013
-1.13813
-1.1592
-1.18404
-1.20932
-1.23262
-1.25248
-1.26765
-1.27714
-1.27935
-1.27237
-1.25755
-1.2347
-1.20539
-1.1714
-1.13519
-1.09818
-1.06169
-1.02648
-0.993922
-0.966357
-0.941747
-0.916133
-0.904358
-0.886527
-0.877926
-0.863081
-0.852163
-0.847337
-0.841042
-0.833439
-0.821238
-0.80653
-0.787054
-0.773688
-0.75316
-0.722633
-0.708382
-0.707296
-0.704057
-0.701856
-1.11833
-1.13836
-1.16217
-1.18697
-1.21073
-1.23177
-1.24857
-1.2599
-1.26404
-1.26043
-1.24952
-1.23157
-1.20718
-1.17897
-1.14785
-1.11522
-1.08264
-1.0513
-1.02135
-0.995212
-0.974333
-0.95478
-0.93665
-0.922248
-0.907882
-0.897076
-0.888556
-0.882393
-0.878355
-0.874088
-0.864937
-0.852389
-0.843591
-0.808453
-0.770874
-0.765569
-0.782778
-0.787843
-0.782695
-0.781758
-1.09337
-1.11085
-1.13137
-1.15371
-1.17572
-1.19646
-1.21462
-1.22864
-1.23614
-1.23559
-1.22862
-1.21571
-1.19763
-1.17568
-1.15115
-1.12592
-1.10038
-1.07479
-1.04761
-1.01781
-1.00118
-0.981996
-0.969812
-0.951223
-0.935921
-0.925488
-0.917912
-0.913437
-0.915675
-0.923546
-0.929942
-0.923261
-0.916498
-0.925652
-0.967615
-0.949956
-0.930928
-0.921371
-0.901475
-0.885124
-1.06492
-1.07811
-1.0943
-1.11273
-1.13203
-1.15029
-1.16618
-1.17883
-1.18766
-1.1921
-1.19103
-1.18519
-1.17486
-1.16145
-1.14604
-1.12921
-1.11215
-1.09069
-1.05683
-1.03814
-1.02529
-1.0105
-0.99551
-0.972502
-0.957986
-0.94202
-0.933161
-0.930528
-0.938369
-0.950974
-0.981596
-0.967173
-0.974822
-1.04321
-1.03632
-1.0376
-1.05392
-1.0185
-0.998049
-0.984241
-1.0416
-1.04976
-1.06099
-1.07461
-1.0901
-1.10599
-1.12052
-1.1324
-1.14162
-1.14796
-1.15092
-1.15105
-1.14972
-1.14722
-1.14275
-1.13749
-1.12638
-1.1151
-1.09644
-1.07854
-1.05798
-1.03643
-1.01149
-0.993061
-0.96634
-0.949012
-0.942402
-0.940897
-0.954176
-0.955692
-0.975834
-1.03517
-1.0834
-1.08424
-1.0966
-1.10542
-1.10433
-1.09584
-1.09291
-1.08149
-1.03274
-1.03776
-1.04563
-1.05565
-1.06717
-1.0795
-1.0915
-1.10217
-1.11123
-1.1188
-1.12576
-1.1327
-1.13814
-1.14424
-1.14563
-1.14674
-1.14741
-1.14569
-1.1372
-1.12465
-1.1074
-1.08544
-1.05525
-1.02166
-0.990958
-0.98524
-0.949023
-0.956621
-0.989196
-1.01925
-1.04778
-1.10225
-1.13104
-1.13249
-1.14018
-1.14604
-1.14485
-1.14327
-1.14501
-1.1468
-1.03568
-1.03858
-1.04405
-1.05171
-1.06057
-1.07062
-1.08114
-1.09114
-1.10034
-1.10938
-1.11826
-1.12909
-1.14107
-1.15152
-1.1641
-1.17642
-1.18706
-1.19864
-1.20634
-1.20346
-1.19089
-1.16685
-1.12665
-1.0807
-1.04664
-1.0349
-1.08269
-1.10263
-1.13251
-1.15105
-1.15939
-1.16963
-1.17175
-1.16176
-1.1638
-1.16944
-1.17327
-1.17683
-1.17725
-1.17569
-1.05336
-1.05363
-1.0566
-1.06421
-1.07043
-1.07899
-1.08918
-1.09902
-1.10812
-1.1173
-1.12839
-1.14122
-1.15961
-1.17897
-1.20106
-1.22699
-1.2553
-1.28044
-1.29955
-1.30893
-1.31359
-1.29931
-1.22872
-1.1908
-1.19343
-1.20611
-1.21567
-1.2066
-1.2071
-1.2071
-1.20722
-1.20947
-1.20384
-1.19894
-1.19674
-1.20353
-1.21069
-1.21403
-1.21535
-1.21448
-1.08296
-1.07982
-1.07993
-1.09139
-1.09495
-1.10181
-1.10987
-1.11851
-1.12721
-1.13488
-1.15076
-1.16971
-1.19156
-1.21783
-1.25108
-1.28971
-1.32729
-1.36181
-1.39725
-1.43682
-1.46918
-1.45124
-1.42848
-1.36191
-1.32863
-1.30101
-1.28172
-1.27634
-1.27378
-1.26951
-1.26271
-1.25373
-1.24633
-1.24463
-1.24511
-1.24881
-1.25339
-1.25724
-1.25935
-1.25906
-1.11659
-1.11143
-1.12029
-1.12144
-1.12525
-1.13318
-1.13573
-1.14373
-1.15283
-1.16407
-1.18362
-1.20564
-1.23225
-1.26575
-1.30593
-1.34808
-1.39058
-1.43782
-1.48806
-1.536
-1.57366
-1.54507
-1.48837
-1.43071
-1.3976
-1.37181
-1.37614
-1.35945
-1.3478
-1.33862
-1.3278
-1.31633
-1.30418
-1.29658
-1.29304
-1.29292
-1.29566
-1.29943
-1.30267
-1.30225
-1.15759
-1.14897
-1.15914
-1.15908
-1.16157
-1.16708
-1.16931
-1.17047
-1.18806
-1.20012
-1.22
-1.24395
-1.27551
-1.31421
-1.35336
-1.39566
-1.44269
-1.49335
-1.54558
-1.59074
-1.5962
-1.5236
-1.48617
-1.48943
-1.46685
-1.46146
-1.44399
-1.42718
-1.41902
-1.40351
-1.38731
-1.36946
-1.35487
-1.34492
-1.33864
-1.33696
-1.33895
-1.34228
-1.34524
-1.34504
-1.20637
-1.20056
-1.20272
-1.20406
-1.20482
-1.20819
-1.21378
-1.20839
-1.22779
-1.24025
-1.25903
-1.28436
-1.31742
-1.35213
-1.3928
-1.43749
-1.48571
-1.53467
-1.58148
-1.61977
-1.63399
-1.57036
-1.57502
-1.5567
-1.54121
-1.53718
-1.51044
-1.5088
-1.4897
-1.46647
-1.44493
-1.42598
-1.40985
-1.39784
-1.3901
-1.38634
-1.38554
-1.38698
-1.38815
-1.3882
-1.25182
-1.24932
-1.2507
-1.25158
-1.25226
-1.25492
-1.26116
-1.26745
-1.27503
-1.28889
-1.3042
-1.33177
-1.36566
-1.39801
-1.43676
-1.47963
-1.52347
-1.5672
-1.60861
-1.64182
-1.66015
-1.62063
-1.64043
-1.63459
-1.62644
-1.61924
-1.59409
-1.58423
-1.56139
-1.53765
-1.51429
-1.49225
-1.47319
-1.45797
-1.44571
-1.43669
-1.43089
-1.42794
-1.42696
-1.42723
-1.29361
-1.29279
-1.29386
-1.29631
-1.29867
-1.30042
-1.31199
-1.31161
-1.32744
-1.34136
-1.35976
-1.38777
-1.42066
-1.4507
-1.48388
-1.5202
-1.55799
-1.59629
-1.63234
-1.66146
-1.68204
-1.67093
-1.68672
-1.69311
-1.69785
-1.70067
-1.70202
-1.68749
-1.66449
-1.63143
-1.59718
-1.56953
-1.54456
-1.52194
-1.50272
-1.48724
-1.47519
-1.46627
-1.46064
-1.45902
-1.33248
-1.33229
-1.33469
-1.33978
-1.34357
-1.35066
-1.35423
-1.3608
-1.37419
-1.39126
-1.41541
-1.44398
-1.47192
-1.49769
-1.52626
-1.55683
-1.58836
-1.6209
-1.65328
-1.6825
-1.69001
-1.71885
-1.73174
-1.74898
-1.76586
-1.78033
-1.78989
-1.7848
-1.748
-1.71774
-1.69273
-1.65679
-1.61299
-1.58034
-1.55588
-1.53496
-1.51778
-1.50366
-1.49199
-1.4857
-1.36237
-1.36562
-1.36943
-1.37595
-1.38144
-1.39136
-1.39673
-1.40407
-1.4153
-1.43317
-1.4577
-1.49178
-1.51279
-1.53366
-1.55816
-1.58501
-1.61296
-1.64038
-1.66859
-1.69115
-1.72211
-1.74727
-1.76896
-1.79356
-1.8163
-1.83628
-1.84831
-1.8464
-1.82616
-1.79269
-1.75051
-1.70501
-1.66011
-1.62439
-1.59634
-1.57433
-1.55527
-1.53861
-1.52495
-1.51476
-1.38683
-1.39088
-1.40062
-1.40531
-1.41322
-1.42173
-1.42846
-1.43612
-1.44683
-1.46151
-1.48297
-1.52348
-1.54185
-1.56024
-1.58296
-1.60792
-1.63388
-1.65897
-1.68396
-1.71297
-1.74708
-1.76924
-1.7914
-1.81615
-1.836
-1.84969
-1.85682
-1.84596
-1.81999
-1.79195
-1.7735
-1.73884
-1.69963
-1.65257
-1.627
-1.60448
-1.58513
-1.56929
-1.55681
-1.54809
-1.40968
-1.4197
-1.42505
-1.43023
-1.43697
-1.44445
-1.45206
-1.46103
-1.47389
-1.47144
-1.5003
-1.53205
-1.55451
-1.57809
-1.60492
-1.63309
-1.66093
-1.68829
-1.7132
-1.72895
-1.76193
-1.77867
-1.80083
-1.82248
-1.83874
-1.84574
-1.84284
-1.8302
-1.80893
-1.78503
-1.76504
-1.74893
-1.69721
-1.65677
-1.6407
-1.6206
-1.6044
-1.59163
-1.58157
-1.57399
-1.4225
-1.44242
-1.44583
-1.45008
-1.45555
-1.46199
-1.46876
-1.47709
-1.48707
-1.47673
-1.50331
-1.5418
-1.56333
-1.58863
-1.61695
-1.64682
-1.67678
-1.7029
-1.72368
-1.74402
-1.76059
-1.77682
-1.79389
-1.80729
-1.81553
-1.8176
-1.81358
-1.80484
-1.7916
-1.77621
-1.75898
-1.7282
-1.67722
-1.66897
-1.64689
-1.62966
-1.61677
-1.60678
-1.59964
-1.59406
-1.44883
-1.45884
-1.46236
-1.46546
-1.47056
-1.4759
-1.48238
-1.48948
-1.49999
-1.50611
-1.52454
-1.54859
-1.56928
-1.59538
-1.62455
-1.65456
-1.67885
-1.70122
-1.69971
-1.74347
-1.75404
-1.76637
-1.7761
-1.78419
-1.78894
-1.79154
-1.79127
-1.78648
-1.77842
-1.76449
-1.75219
-1.68335
-1.66432
-1.6707
-1.65472
-1.63927
-1.62752
-1.61945
-1.614
-1.61109
-1.47494
-1.47763
-1.47961
-1.48044
-1.48314
-1.48708
-1.49254
-1.49927
-1.50859
-1.52008
-1.53435
-1.5509
-1.5728
-1.59826
-1.62684
-1.65616
-1.67993
-1.682
-1.71735
-1.77055
-1.79027
-1.78403
-1.78083
-1.78091
-1.78397
-1.78645
-1.78107
-1.76388
-1.78297
-1.75743
-1.7487
-1.70446
-1.6956
-1.67679
-1.65965
-1.64613
-1.6365
-1.62885
-1.62384
-1.62129
-1.49472
-1.49351
-1.49472
-1.49603
-1.49713
-1.49905
-1.50272
-1.50928
-1.51654
-1.52602
-1.53815
-1.55363
-1.57484
-1.60016
-1.62818
-1.65929
-1.68847
-1.71526
-1.75233
-1.77142
-1.80103
-1.82131
-1.82822
-1.82256
-1.81565
-1.81593
-1.80791
-1.78518
-1.78272
-1.76276
-1.74122
-1.71649
-1.69238
-1.67186
-1.6563
-1.6462
-1.63839
-1.63141
-1.62672
-1.62441
-1.51557
-1.51549
-1.51291
-1.51242
-1.51512
-1.51599
-1.51676
-1.52206
-1.52773
-1.53351
-1.54385
-1.55777
-1.57655
-1.6
-1.62673
-1.65636
-1.68614
-1.71458
-1.75069
-1.79311
-1.81958
-1.83355
-1.82263
-1.82367
-1.80436
-1.81393
-1.77884
-1.79745
-1.76765
-1.74542
-1.72642
-1.70483
-1.68254
-1.66267
-1.64106
-1.64143
-1.63516
-1.62996
-1.62634
-1.62445
-1.54264
-1.54028
-1.53873
-1.53556
-1.53627
-1.53937
-1.53923
-1.5385
-1.5433
-1.54682
-1.55322
-1.56371
-1.57777
-1.59534
-1.61659
-1.64042
-1.66543
-1.69066
-1.71561
-1.74047
-1.76027
-1.77284
-1.78006
-1.77795
-1.76676
-1.76184
-1.76115
-1.75107
-1.73577
-1.71522
-1.69619
-1.68104
-1.66835
-1.64186
-1.63297
-1.63621
-1.63235
-1.62941
-1.62754
-1.62662
-1.56805
-1.56783
-1.57024
-1.57041
-1.56576
-1.56865
-1.56505
-1.56353
-1.56353
-1.56509
-1.56993
-1.57534
-1.58119
-1.59092
-1.60484
-1.62087
-1.63758
-1.65486
-1.6726
-1.69067
-1.70633
-1.71575
-1.72336
-1.72743
-1.72307
-1.7169
-1.71239
-1.71183
-1.68479
-1.68126
-1.66429
-1.65683
-1.65511
-1.63298
-1.63752
-1.63639
-1.63451
-1.63272
-1.63139
-1.63081
-1.59736
-1.5991
-1.59707
-1.59636
-1.59345
-1.59518
-1.59502
-1.59213
-1.58877
-1.5872
-1.58679
-1.5877
-1.59119
-1.59658
-1.60442
-1.61393
-1.62447
-1.63474
-1.64678
-1.65966
-1.66117
-1.67231
-1.67581
-1.67836
-1.67995
-1.68216
-1.67797
-1.66937
-1.66114
-1.65886
-1.64328
-1.65088
-1.64376
-1.6387
-1.64717
-1.64447
-1.64204
-1.63984
-1.63818
-1.63712
-1.62469
-1.62437
-1.6222
-1.62196
-1.61819
-1.61902
-1.61734
-1.61837
-1.61704
-1.61458
-1.61261
-1.61214
-1.61152
-1.61303
-1.61591
-1.61914
-1.62351
-1.63106
-1.63905
-1.6464
-1.64789
-1.64948
-1.64799
-1.65842
-1.66096
-1.66056
-1.66163
-1.65981
-1.65773
-1.65086
-1.65886
-1.65553
-1.65404
-1.65303
-1.6562
-1.65422
-1.65197
-1.65011
-1.64896
-1.64786
-1.64728
-1.64687
-1.64607
-1.6457
-1.64328
-1.64341
-1.64212
-1.64161
-1.64125
-1.64065
-1.64013
-1.64022
-1.64084
-1.6419
-1.64374
-1.64604
-1.64933
-1.65323
-1.65944
-1.66005
-1.65821
-1.66299
-1.66067
-1.66136
-1.66203
-1.66203
-1.66466
-1.67032
-1.66679
-1.66727
-1.66933
-1.66999
-1.67163
-1.67154
-1.67027
-1.66832
-1.66636
-1.66493
-1.66409
-1.66333
-1.6678
-1.66767
-1.66743
-1.66709
-1.66634
-1.66463
-1.66339
-1.66268
-1.66232
-1.66204
-1.6619
-1.66215
-1.663
-1.66409
-1.66527
-1.66756
-1.67145
-1.67527
-1.67771
-1.67847
-1.67866
-1.67883
-1.67802
-1.6808
-1.67531
-1.67732
-1.68274
-1.6891
-1.69165
-1.69368
-1.69194
-1.69199
-1.69138
-1.68966
-1.68748
-1.6854
-1.68348
-1.68197
-1.68098
-1.68017
-1.68745
-1.68756
-1.68738
-1.68693
-1.68604
-1.68471
-1.68376
-1.68334
-1.68329
-1.68334
-1.6835
-1.68386
-1.68456
-1.68559
-1.68698
-1.68911
-1.69204
-1.69508
-1.69739
-1.69878
-1.69976
-1.70061
-1.70146
-1.70414
-1.69995
-1.69963
-1.71176
-1.70997
-1.71063
-1.71129
-1.71081
-1.70996
-1.70875
-1.70727
-1.70541
-1.7036
-1.70194
-1.70066
-1.69994
-1.69928
-1.70812
-1.70851
-1.70845
-1.70808
-1.70736
-1.70644
-1.70575
-1.70556
-1.70559
-1.70575
-1.70603
-1.70646
-1.70713
-1.70809
-1.70944
-1.71133
-1.71376
-1.71638
-1.71868
-1.72049
-1.72219
-1.7244
-1.72735
-1.73177
-1.71756
-1.72883
-1.73368
-1.73185
-1.73072
-1.72999
-1.72912
-1.728
-1.72697
-1.72591
-1.7243
-1.7229
-1.72174
-1.72059
-1.72032
-1.71971
-1.73107
-1.73116
-1.73111
-1.73094
-1.7305
-1.72989
-1.72945
-1.72922
-1.72918
-1.72928
-1.72952
-1.72991
-1.73051
-1.73135
-1.73253
-1.73411
-1.73609
-1.73823
-1.74027
-1.74196
-1.74337
-1.74491
-1.7466
-1.74902
-1.75089
-1.75241
-1.75154
-1.74991
-1.74852
-1.74749
-1.7466
-1.74577
-1.74528
-1.74464
-1.73829
-1.74192
-1.74219
-1.74158
-1.74182
-1.74133
-1.75598
-1.75549
-1.75526
-1.75489
-1.75448
-1.75404
-1.75369
-1.75347
-1.75339
-1.75343
-1.75361
-1.75393
-1.75441
-1.75509
-1.75599
-1.75715
-1.75856
-1.76004
-1.76146
-1.76248
-1.76298
-1.76296
-1.76275
-1.7627
-1.76324
-1.76442
-1.76502
-1.76525
-1.76524
-1.765
-1.76479
-1.7646
-1.76414
-1.76241
-1.76212
-1.76386
-1.7638
-1.76341
-1.76398
-1.76374
-1.78054
-1.78002
-1.77964
-1.7792
-1.77877
-1.77839
-1.7781
-1.77791
-1.77783
-1.77786
-1.77799
-1.77822
-1.77857
-1.77903
-1.77962
-1.78032
-1.78112
-1.78187
-1.7825
-1.78276
-1.78245
-1.78157
-1.78051
-1.77964
-1.77935
-1.78014
-1.78158
-1.78291
-1.78378
-1.7843
-1.78438
-1.78398
-1.78513
-1.78575
-1.78597
-1.78767
-1.7867
-1.78695
-1.78663
-1.78692
-1.80573
-1.80458
-1.8038
-1.80327
-1.80294
-1.80269
-1.80251
-1.8024
-1.80236
-1.8024
-1.8025
-1.80268
-1.8029
-1.80317
-1.80347
-1.80377
-1.80406
-1.80426
-1.8043
-1.80401
-1.80331
-1.80235
-1.80124
-1.8001
-1.79954
-1.80033
-1.80138
-1.80265
-1.80341
-1.80485
-1.80589
-1.80688
-1.80981
-1.8103
-1.81038
-1.81032
-1.81025
-1.80987
-1.80993
-1.80987
-1.82752
-1.82736
-1.82717
-1.82704
-1.82698
-1.82693
-1.8269
-1.8269
-1.82695
-1.82703
-1.82715
-1.82729
-1.82744
-1.82756
-1.82762
-1.8276
-1.82749
-1.82726
-1.8269
-1.82622
-1.82552
-1.82472
-1.82391
-1.82377
-1.82093
-1.82104
-1.82224
-1.82451
-1.82746
-1.83059
-1.83132
-1.8325
-1.83327
-1.83318
-1.83323
-1.83334
-1.83326
-1.83343
-1.83343
-1.83335
-1.85
-1.85026
-1.85054
-1.85081
-1.85105
-1.85122
-1.85135
-1.85148
-1.85161
-1.85176
-1.85193
-1.8521
-1.85224
-1.85231
-1.85227
-1.85206
-1.85163
-1.85111
-1.85042
-1.84979
-1.84927
-1.8473
-1.84642
-1.84702
-1.84779
-1.84862
-1.85039
-1.8524
-1.85375
-1.8544
-1.85488
-1.85543
-1.85589
-1.85614
-1.85633
-1.85652
-1.85666
-1.85672
-1.85674
-1.85673
-1.87109
-1.87311
-1.87422
-1.87493
-1.87537
-1.87568
-1.87592
-1.87614
-1.87637
-1.8766
-1.87686
-1.87713
-1.87739
-1.87758
-1.87759
-1.87716
-1.87645
-1.87578
-1.87484
-1.87324
-1.87337
-1.87422
-1.87449
-1.87408
-1.87411
-1.87473
-1.87546
-1.87635
-1.87716
-1.87782
-1.87838
-1.87885
-1.87923
-1.87952
-1.87974
-1.87992
-1.88005
-1.88013
-1.88016
-1.88016
-1.90152
-1.90001
-1.90011
-1.90015
-1.90027
-1.90046
-1.90067
-1.90091
-1.90117
-1.90148
-1.90183
-1.90225
-1.90273
-1.90317
-1.90292
-1.90328
-1.90306
-1.90154
-1.89877
-1.89802
-1.90158
-1.90083
-1.90024
-1.8996
-1.89935
-1.89968
-1.90022
-1.90082
-1.90138
-1.90188
-1.90231
-1.90266
-1.90294
-1.90316
-1.90334
-1.90347
-1.90356
-1.90362
-1.90365
-1.90366
-1.91862
-1.92253
-1.92322
-1.92415
-1.92472
-1.92509
-1.92536
-1.9256
-1.92586
-1.92617
-1.92658
-1.92714
-1.92793
-1.92918
-1.93063
-1.93295
-1.93156
-1.92944
-1.92677
-1.92873
-1.9278
-1.92677
-1.92643
-1.92583
-1.92546
-1.92543
-1.92559
-1.92582
-1.92608
-1.92633
-1.92655
-1.92673
-1.92688
-1.92699
-1.92707
-1.92713
-1.92717
-1.92718
-1.92718
-1.92719
-1.95291
-1.9554
-1.9523
-1.95156
-1.9509
-1.95057
-1.95043
-1.95046
-1.95065
-1.95103
-1.95166
-1.95267
-1.95404
-1.95636
-1.95948
-1.96219
-1.96006
-1.9572
-1.95569
-1.95489
-1.95602
-1.95673
-1.95547
-1.95357
-1.95245
-1.95179
-1.95146
-1.95127
-1.95116
-1.95109
-1.95104
-1.951
-1.95097
-1.95095
-1.95092
-1.95088
-1.95084
-1.95078
-1.95073
-1.95069
364.67
341.169
296.744
233.199
178.198
152.201
124.599
93.9051
69.123
61.2616
52.5702
62.1284
76.1228
83.0325
82.7543
82.7896
88.8781
102.463
118.746
139.029
150.868
164.991
174.219
175.905
170.648
162.912
154.966
147.387
145.159
143.858
142.908
139.122
131.884
127.852
120.681
111.659
106.664
112.712
118.571
125.306
324.8
305.045
263.919
217.905
163.295
118.334
69.7243
34.7178
25.813
16.7588
19.2773
30.4933
44.638
57.0197
65.8829
65.4184
51.8567
38.8688
46.2694
52.6234
62.6289
88.1828
108.686
120.064
130.375
129.439
122.65
116.263
111.897
108.995
106.356
104.201
102.572
99.3225
100.674
76.7436
29.0727
10.5718
18.7584
44.0318
229.181
215.128
180.264
143.578
81.6715
42.6748
10.6142
3.25669
-1.29438
-0.666117
6.60618
14.1372
27.7923
41.9568
49.2662
38.6096
46.8718
48.6201
48.5885
48.7058
48.3993
47.3344
56.4377
92.55
109.699
108.644
103.45
97.7641
100.781
102.466
108.343
124.69
125.801
123.901
117.669
101.327
111.692
84.9406
93.8426
99.226
140.94
127.47
94.6936
74.7894
40.9753
6.49655
-20.7484
-17.7072
-11.7122
-8.01237
6.86742
18.9839
24.6756
31.0353
48.1846
37.7706
38.1683
38.6793
39.1166
43.7975
50.3648
56.6795
65.8719
83.4088
102.878
112.811
115.833
117.49
115.963
113.415
109.714
113.269
105.741
88.0557
84.8915
74.7389
67.2681
59.207
58.231
59.741
99.4263
89.4372
75.7207
52.4883
30.801
22.3781
16.8883
14.4528
15.5587
32.4409
26.8664
28.4663
30.3204
31.3985
34.4102
33.0913
32.0059
30.4784
28.9162
34.3306
49.558
55.5772
70.6454
86.6355
102.685
114.514
118.361
119.348
117.466
112.822
112.153
105.528
92.6826
80.2943
72.1798
68.3578
66.7091
67.2401
60.3527
54.4632
84.338
76.8949
71.3756
62.8538
48.398
41.92
45.5574
37.3685
36.1494
45.545
46.4384
38.0864
31.5705
31.276
31.003
30.6795
30.0149
28.8333
28.7102
29.5283
34.0295
44.519
55.4028
71.7093
87.4948
103.034
111.84
119.071
119.968
114.663
109.294
95.6399
78.5476
65.2642
56.2501
53.5086
53.0671
53.802
53.5338
53.9289
67.1338
64.6265
54.9709
54.4289
51.5462
47.6804
59.9305
40.4309
39.2882
40.091
38.019
33.4854
30.8211
30.8756
30.8445
30.6327
30.1328
29.6282
29.4751
29.7282
30.1421
30.8159
38.8653
59.2532
77.8938
91.8695
99.0926
105.065
116.127
115.778
97.2234
83.1314
59.4392
53.1871
55.2223
54.6651
54.496
54.332
54.0762
54.1581
48.631
51.704
38.5061
37.9047
37.6491
35.2115
45.8294
33.5553
33.1712
33.0022
31.2068
31.073
31.018
31.0612
31.0436
30.98
30.7126
30.3966
30.191
30.1969
30.2868
30.3595
30.3206
31.9595
47.8609
66.6928
82.3747
94.8696
103.575
111.103
83.1213
73.2763
48.7626
55.1186
55.0344
54.6077
54.5791
54.6011
54.7395
54.8278
37.3602
31.9773
30.3548
21.1073
24.1884
25.7742
25.6169
27.1856
27.846
28.7585
29.3036
31.0761
31.1092
31.1477
31.1662
31.1735
31.0649
30.8983
30.7428
30.6562
30.6142
30.623
30.7319
31.1308
27.8668
47.7592
64.853
77.5182
85.147
83.5732
79.6721
65.6214
47.6211
53.5221
54.0207
54.2274
54.4398
54.6311
54.9528
55.0625
25.0771
14.6741
17.0471
12.7011
12.334
16.1722
17.6632
18.7288
22.8045
26.1504
30.1743
31.1355
31.1739
31.1879
31.2164
31.2189
31.1877
31.1212
31.017
30.9202
30.845
30.8037
30.8
30.7628
24.3691
32.6702
47.8628
65.2337
81.3656
80.0278
69.2033
62.2988
57.7056
52.5339
53.3937
53.4373
54.253
54.5069
54.6268
54.7615
17.5962
11.7606
13.5311
11.8956
13.0333
16.9429
22.768
19.2746
25.5291
29.8483
30.407
31.193
31.1941
31.2176
31.2551
31.2764
31.2843
31.2488
31.1779
31.0757
30.9455
30.7916
30.4862
27.0429
19.956
18.315
19.9691
19.4707
16.0775
41.8909
44.7025
45.946
47.6233
50.2933
60.2152
65.1987
57.9785
48.5214
44.6845
46.8879
26.4658
23.5973
24.414
21.5902
20.6827
29.849
25.3898
22.3223
25.4853
29.3626
29.4257
31.298
31.3194
31.2841
31.2974
31.3203
31.3525
31.3154
31.1049
30.6083
29.3614
26.1236
21.3767
20.8732
12.2448
4.90716
1.00265
0.223149
3.9089
8.3919
14.446
26.2717
20.9844
11.4678
4.34234
-0.60796
1.64624
13.5702
34.4632
49.7548
39.4843
33.2067
33.6542
29.828
27.659
33.5555
38.9687
32.1183
31.0169
28.7517
23.1701
30.581
30.4687
31.0401
30.3982
29.6402
28.9078
27.9194
26.0336
26.2717
24.2386
20.4422
17.6245
12.4066
1.98885
-0.832393
1.55532
1.88866
1.07292
-1.42176
4.60373
12.9488
-2.79099
3.75009
3.53073
3.64419
3.93814
2.99804
14.2147
26.4391
32.2154
34.5279
27.5037
23.2674
25.9438
27.1895
37.0934
24.6081
23.1934
21.2951
19.2545
16.7805
17.7408
20.5656
19.5966
21.5702
23.1109
23.336
22.7223
22.2197
20.983
16.912
11.9062
2.45896
0.153893
0.796424
1.03911
1.08482
1.05539
-0.441939
-2.95981
7.92361
-4.57691
0.622801
2.28379
2.37784
2.16266
1.83503
3.21801
-1.83151
22.4695
21.7744
19.4696
18.2837
16.978
15.521
15.981
13.4999
6.9489
1.13888
1.78738
9.55853
13.489
14.529
14.8497
15.0808
15.6631
16.1866
15.7985
14.1455
11.1254
7.81736
2.88508
0.617068
0.600687
0.68253
0.72643
0.740177
0.723079
0.438714
-4.80053
-0.716479
-0.242658
-0.152179
0.451132
1.17321
1.28828
1.14795
0.943562
0.830097
18.7957
15.8297
14.277
13.0332
10.3359
9.78551
3.72732
-4.143
-0.502987
0.0629432
-0.576501
-0.703875
-1.48708
-3.70414
-1.66174
3.03526
5.71362
6.67128
6.99644
5.55062
2.3935
0.642417
0.543223
0.486196
0.483945
0.497221
0.503076
0.475289
0.579874
0.802838
2.19559
6.50503
4.22369
6.89919
3.52909
1.36225
1.15275
0.988279
0.906997
0.941022
17.4706
11.3051
11.04
10.4125
6.73564
6.20226
-4.04329
-4.89542
-5.03957
-4.75426
-4.49863
-4.04762
-3.99234
-3.78743
-7.18009
-4.71474
-0.775297
0.53476
1.14732
0.977442
0.388349
0.332818
0.317643
0.343236
0.373458
0.398377
0.423411
0.384448
0.404191
0.876297
4.20788
9.42911
10.0081
9.18057
4.69209
2.07133
1.0526
0.714662
0.720341
0.764857
17.2879
11.955
13.1095
11.6566
6.87639
-1.2249
-9.95184
-9.66449
-11.0369
-12.3787
-10.3934
-8.34652
-7.16228
-6.28064
-9.25263
-7.72523
-3.85612
-0.869753
0.604077
0.280243
0.196044
0.215368
0.220706
0.234124
0.249501
0.269417
0.289575
0.266445
-0.0255029
-1.86129
9.35089
2.05108
-0.114655
1.23293
0.511149
-0.0696912
0.933602
0.335257
0.479918
0.51761
14.8067
10.347
9.49635
4.49549
2.01501
-3.21654
-12.7285
-12.4953
-14.3277
-14.8585
-13.1249
-10.9752
-9.74726
-9.26964
-10.941
-6.07437
-2.30456
0.474194
0.0380482
0.143154
0.170906
0.156089
0.139119
0.128955
0.115961
0.106148
0.0868553
0.0424368
-0.132219
-1.17013
12.0336
-0.288839
0.218591
0.193769
0.221615
0.191798
0.12456
0.565191
0.304046
0.333273
6.03729
7.35309
1.72112
2.35409
8.89496
1.47371
-12.6256
-12.9867
-14.666
-13.7768
-12.6557
-11.9201
-11.2335
-10.6638
-3.61428
-1.78502
0.077716
0.14689
0.201131
0.188576
0.175007
0.157702
0.12806
0.0893756
0.044145
-0.00484051
-0.0849995
-0.0377881
0.000546215
-0.131595
-0.0114635
0.180567
0.14997
0.0283559
-0.0781079
-0.095356
-0.0995663
0.351588
-0.0670782
0.189642
4.23464
7.58075
3.55815
2.43949
3.44575
-4.34561
-11.0902
-11.3187
-9.80443
-9.53499
-9.76422
-10.9009
-10.7713
-1.21857
1.15899
1.19249
0.234815
0.268291
0.247518
0.217973
0.19181
0.17266
0.157818
0.132279
0.116108
0.089746
0.0515146
0.153734
0.375395
0.432502
0.409604
0.393026
0.253304
0.0897452
-0.137794
-0.203911
-0.237192
-0.254244
-0.193136
0.061119
4.91871
3.71588
5.02646
3.39872
4.29763
2.30826
0.96925
1.24505
0.817794
-1.26395
-6.80804
-1.69541
2.01695
2.28287
1.02513
0.219198
0.326782
0.313185
0.298635
0.275889
0.245615
0.17406
0.202151
0.47742
0.567228
0.209872
0.356917
0.456251
0.672064
0.536612
0.639995
0.997311
0.374219
0.20381
0.121343
0.0338981
-0.0088675
-0.0582619
-0.0284118
0.0667364
7.92326
5.13814
8.42061
6.43664
8.90408
9.73919
9.85134
10.695
9.19422
4.60309
2.85815
-2.50572
-0.561084
0.280069
0.314996
0.339243
0.347913
0.350094
0.355521
0.372821
0.385825
0.433108
1.32817
2.34617
1.58963
-0.169289
0.0844572
0.211813
0.758166
0.340237
3.17325
0.926499
0.474742
0.395327
0.33276
0.278708
0.232519
0.217821
0.188836
0.160322
7.01849
7.10525
8.73603
8.79857
9.99552
10.2824
10.5551
10.7771
14.3156
14.3852
-6.20175
0.619618
0.419959
0.395692
0.334873
0.328746
0.332906
0.332659
0.345504
0.33341
0.297963
0.280238
0.254481
0.243078
0.273146
0.282729
0.186481
1.01021
2.87783
3.52967
2.83331
1.07466
0.531982
0.453487
0.390196
0.374174
0.341048
0.298054
0.25142
0.215624
8.16624
8.22023
7.85512
8.14942
8.70216
8.22593
8.72077
8.76526
21.087
-3.7968
0.844381
-0.361449
0.434909
0.373334
0.33192
0.327516
0.326087
0.329431
0.316873
0.308197
0.30126
0.283236
0.22445
0.172385
0.120844
0.0951969
0.0993064
0.0733384
0.173925
1.14441
0.619023
0.304231
0.261292
0.318982
0.318764
0.318487
0.325983
0.308237
0.293291
0.272987
7.76644
8.27416
7.05701
7.30149
7.36307
7.01642
6.4947
7.16577
-0.392696
-7.83735
-10.2365
-8.73002
-4.26736
0.0907949
0.234647
0.326487
0.337279
0.333401
0.321517
0.30757
0.290398
0.278962
0.243283
0.176634
0.14959
0.116937
0.0686681
-0.0106217
-0.102522
-0.213481
-0.221953
-0.0944939
0.0160278
0.185263
0.218699
0.257534
0.289882
0.306976
0.308377
0.316063
6.8475
7.06745
5.64725
7.17386
7.01351
5.79221
2.01226
-2.93237
-10.8641
-18.5915
-18.5761
-14.0165
-9.91738
-2.84401
0.456096
0.355766
0.357191
0.364644
0.335713
0.310766
0.284251
0.266357
0.203502
0.175255
0.151895
0.123838
0.0889761
0.0494213
0.00747744
-0.0114839
0.00792774
0.0362265
0.0755718
0.125288
0.172994
0.216427
0.255056
0.28383
0.295675
0.282731
-0.0886474
-1.36248
8.32019
7.44082
2.7515
-0.870015
-2.83083
-4.61063
-7.8957
-11.7655
-17.4759
-7.41353
-11.4292
-3.74658
0.258797
0.476434
0.32083
0.329768
0.307048
0.289507
0.264022
0.239565
0.214331
0.186837
0.157449
0.128739
0.102079
0.0761108
0.0626772
0.0593511
0.0641306
0.0745034
0.0949647
0.120582
0.146529
0.172557
0.204289
0.237124
0.251496
0.304233
-0.46485
3.96517
2.4975
-5.3127
-1.7188
-1.69004
-2.50436
-2.95486
-3.83122
-1.70017
-8.77548
2.70861
-11.3201
-1.04733
4.06773
1.25147
0.354732
0.275186
0.25503
0.265452
0.23167
0.193358
0.173352
0.1772
0.16197
0.107466
0.0949672
0.0228076
0.0140386
0.0154809
0.0220641
0.0341503
0.052239
0.0743342
0.097589
0.117912
0.162271
0.271765
0.271773
0.132208
4.28823
4.33236
1.89571
3.70707
3.60259
2.59517
0.328062
-2.66172
-3.90791
-1.46439
-1.68856
-2.24261
-3.74957
1.38542
11.2433
2.46391
0.614817
0.403759
0.168539
0.0447632
0.0485698
0.0056465
-0.134518
0.401356
0.50772
0.67106
0.46343
-0.0563559
-0.0494861
-0.0469459
-0.038193
-0.0269412
-0.0105683
0.0122932
0.0419232
0.0686246
0.0675807
0.101054
0.294689
0.0555534
12.7781
13.2208
10.5651
10.6914
9.1387
8.96575
5.55433
2.6906
2.60279
1.50248
0.0892385
-3.42593
9.38165
0.716234
0.308005
-0.415091
-0.316111
-0.320063
-0.28619
0.320728
0.430419
0.331262
0.37087
0.35183
0.349353
0.419061
-0.0248504
-0.20106
-0.17218
-0.148929
-0.13155
-0.113694
-0.0936041
-0.070938
-0.050065
-0.0291392
-0.0181107
-0.012959
-0.00195615
-6.99228e-05
12.5367
12.6597
10.8751
7.6979
5.93084
5.53957
6.08461
5.53412
4.03519
0.201401
0.491262
4.78937
1.68439
-0.884893
-0.683338
-0.626482
-0.58904
-0.612699
-0.651379
-0.362
-0.285744
-0.26177
-0.124332
-0.0863721
-0.248716
-0.137257
-0.316895
-0.330438
-0.295358
-0.264666
-0.24392
-0.223071
-0.198855
-0.174453
-0.149931
-0.101527
-0.082743
-0.0945829
-0.122665
-0.0893502
13.9193
10.4626
8.98974
9.33102
11.1879
10.2979
8.66031
7.25487
9.1632
8.49191
4.2447
-0.0290721
-0.741384
-0.754321
-0.740912
-0.730922
-0.718561
-0.738998
-0.764597
-0.777549
-0.758573
-0.685662
-0.628308
-0.556989
-0.518423
-0.490483
-0.425809
-0.406431
-0.385361
-0.364988
-0.34505
-0.321672
-0.294885
-0.271388
-0.246806
-0.222263
-0.208106
-0.199675
-0.203738
-0.183244
16.3043
12.7272
13.6017
12.0905
11.4907
11.5402
8.3674
6.458
3.90589
1.30979
-1.16918
-0.949534
-0.865698
-0.828336
-0.804284
-0.780579
-0.75659
-0.755181
-0.767469
-0.771707
-0.752033
-0.716477
-0.673891
-0.623904
-0.567517
-0.531223
-0.51374
-0.472186
-0.475508
-0.469028
-0.460718
-0.440585
-0.404201
-0.372257
-0.333334
-0.356002
-0.298022
-0.257517
-0.254003
-0.253505
22.195
8.33622
9.77071
4.56987
1.59746
-0.736575
7.08622
8.62677
3.20658
-1.41517
-1.33415
-1.04981
-0.963241
-0.90316
-0.848879
-0.812222
-0.796589
-0.79022
-0.800412
-0.805137
-0.794483
-0.766084
-0.728542
-0.686914
-0.643313
-0.608807
-0.598273
-0.561761
-0.579368
-0.586067
-0.600985
-0.599348
-0.559492
-0.444549
-0.48606
-0.399825
-0.369714
-0.333644
-0.318904
-0.322169
16.7096
14.0112
19.611
15.9002
17.3791
21.7663
6.52686
-1.24505
-1.39415
-1.44404
-1.25519
-1.17365
-1.12743
-1.08118
-1.03231
-0.984823
-0.945668
-0.919553
-0.905969
-0.892055
-0.867876
-0.835702
-0.79918
-0.762601
-0.7297
-0.705159
-0.693048
-0.691635
-0.698025
-0.724634
-0.765185
-0.80177
-0.796172
-0.728954
-0.695114
-0.581715
-0.517134
-0.440507
-0.429819
-0.431006
5.36846
4.76366
4.40282
-0.0258188
-1.3578
-1.47778
-1.44807
-1.45114
-1.45084
-1.48603
-1.49749
-1.47472
-1.43303
-1.38559
-1.32901
-1.26588
-1.20107
-1.13802
-1.07982
-1.02847
-0.979611
-0.931577
-0.888228
-0.850938
-0.821119
-0.800708
-0.792516
-0.798514
-0.819445
-0.856573
-0.919586
-1.00262
-1.07915
-1.00145
-0.888378
-0.775106
-0.689614
-0.624663
-0.59528
-0.582537
-0.188489
-0.843623
-1.08705
-1.21925
-1.28583
-1.3884
-1.48061
-1.55847
-1.62989
-1.68901
-1.73808
-1.76325
-1.75682
-1.71956
-1.65317
-1.56435
-1.46011
-1.35092
-1.25198
-1.16741
-1.0935
-1.02993
-0.977082
-0.936209
-0.90665
-0.886799
-0.879839
-0.887179
-0.912603
-0.955521
-1.0208
-1.13033
-1.24887
-1.17833
-1.01421
-0.911305
-0.82874
-0.768258
-0.726919
-0.703786
-0.76954
-0.959599
-1.09481
-1.22562
-1.34516
-1.45774
-1.56106
-1.65068
-1.73587
-1.82896
-1.92548
-2.00589
-2.05696
-2.05831
-1.99249
-1.86243
-1.69797
-1.53838
-1.40087
-1.28567
-1.18739
-1.10751
-1.04529
-0.997081
-0.961917
-0.938602
-0.931654
-0.939534
-0.968763
-1.00933
-1.07116
-1.17499
-1.32324
-1.29627
-1.07288
-0.94381
-0.917372
-0.86018
-0.802197
-0.766968
-1.06034
-1.1564
-1.23384
-1.32061
-1.41232
-1.50651
-1.60002
-1.68532
-1.77563
-1.88865
-2.00178
-2.09586
-2.16349
-2.18865
-2.13545
-2.00741
-1.83188
-1.65525
-1.49027
-1.35201
-1.23757
-1.14664
-1.07632
-1.02418
-0.985805
-0.959917
-0.946874
-0.944832
-0.955398
-0.988435
-1.04626
-1.1241
-1.24253
-1.18745
-1.00029
-0.829624
-0.819549
-0.856662
-0.835356
-0.79933
-1.19039
-1.27636
-1.32437
-1.38808
-1.45394
-1.52065
-1.58747
-1.65248
-1.73266
-1.83402
-1.93828
-2.02686
-2.08781
-2.10465
-2.0637
-1.96698
-1.8279
-1.66919
-1.50887
-1.36249
-1.24084
-1.14465
-1.07033
-1.01319
-0.96751
-0.93049
-0.900318
-0.881412
-0.868416
-0.888786
-0.93335
-0.98706
-1.0636
-1.07819
-0.897554
-0.832464
-0.780823
-0.812081
-0.840861
-0.830122
-1.24324
-1.27929
-1.32108
-1.38048
-1.44054
-1.49511
-1.5448
-1.59679
-1.66409
-1.75148
-1.84021
-1.91484
-1.96363
-1.96608
-1.91651
-1.82381
-1.69963
-1.55902
-1.42057
-1.29132
-1.18091
-1.08978
-1.01333
-0.948759
-0.891922
-0.841391
-0.79494
-0.759479
-0.739462
-0.730595
-0.75105
-0.789471
-0.828422
-0.866296
-0.835212
-0.822767
-0.794061
-0.816187
-0.844488
-0.868601
-1.15908
-1.20654
-1.24262
-1.2934
-1.35397
-1.41225
-1.46413
-1.51223
-1.56414
-1.6257
-1.68851
-1.74573
-1.78842
-1.81647
-1.79581
-1.71128
-1.61145
-1.5036
-1.37243
-1.23616
-1.12066
-1.02681
-0.94689
-0.875819
-0.811667
-0.752609
-0.699433
-0.655967
-0.626658
-0.604833
-0.603731
-0.62186
-0.650165
-0.717221
-0.765306
-0.79668
-0.822466
-0.817164
-0.818151
-0.827188
-1.03044
-1.08421
-1.11798
-1.1658
-1.22141
-1.28025
-1.33775
-1.39681
-1.45665
-1.51691
-1.58156
-1.65696
-1.71851
-1.73692
-1.73624
-1.70658
-1.63444
-1.55462
-1.42558
-1.28695
-1.1154
-1.03298
-0.967379
-0.903907
-0.832912
-0.759455
-0.693335
-0.648758
-0.618154
-0.567281
-0.511215
-0.460766
-0.498176
-0.625878
-0.729046
-0.780235
-0.806886
-0.80171
-0.790313
-0.782708
-0.913313
-0.964991
-0.993567
-1.03295
-1.08432
-1.14072
-1.20005
-1.26655
-1.34417
-1.43049
-1.52587
-1.62476
-1.70814
-1.7657
-1.79572
-1.77917
-1.73902
-1.64603
-1.58524
-1.56584
-1.56146
-1.49465
-1.33433
-1.1936
-1.06481
-0.940782
-0.830208
-0.782765
-0.739647
-0.659587
-0.618771
-0.628171
-0.669453
-0.712224
-0.757249
-0.786362
-0.803661
-0.80382
-0.791921
-0.775213
-0.834714
-0.882497
-0.907625
-0.941884
-0.985675
-1.04303
-1.11342
-1.19784
-1.29717
-1.41317
-1.53602
-1.65
-1.75363
-1.83902
-1.87744
-1.80561
-1.80158
-1.75839
-1.747
-1.73634
-1.70001
-1.64816
-1.55876
-1.394
-1.23153
-1.10953
-1.02411
-0.949299
-0.868413
-0.79227
-0.754943
-0.755613
-0.77449
-0.791861
-0.815839
-0.836257
-0.856029
-0.85452
-0.846457
-0.836382
-0.792385
-0.846739
-0.874189
-0.911947
-0.960984
-1.02406
-1.10123
-1.19796
-1.31789
-1.4524
-1.59494
-1.73276
-1.85518
-1.94225
-1.9638
-1.96227
-1.91461
-1.86946
-1.85518
-1.83265
-1.77375
-1.68553
-1.56662
-1.43871
-1.31921
-1.21782
-1.13306
-1.05857
-0.997737
-0.943141
-0.907429
-0.89481
-0.896364
-0.902704
-0.912526
-0.921664
-0.927011
-0.919794
-0.909643
-0.89827
-0.796642
-0.861316
-0.891512
-0.932233
-0.991208
-1.07017
-1.16265
-1.27527
-1.40774
-1.54901
-1.69399
-1.84066
-1.96791
-2.05056
-2.07808
-2.053
-2.02219
-1.99881
-1.98415
-1.97116
-1.93657
-1.84467
-1.71494
-1.58144
-1.45288
-1.35435
-1.27091
-1.20027
-1.14081
-1.0827
-1.04604
-1.03159
-1.02246
-1.01556
-1.00926
-1.00205
-0.989514
-0.981979
-0.971962
-0.958582
-0.838571
-0.917592
-0.947173
-0.993365
-1.05636
-1.15226
-1.26045
-1.38203
-1.52196
-1.6641
-1.8045
-1.9405
-2.05409
-2.12536
-2.14901
-2.13738
-2.12981
-2.13061
-2.13118
-2.12587
-2.11044
-2.06693
-1.97633
-1.84246
-1.68544
-1.5352
-1.43554
-1.36293
-1.30177
-1.24834
-1.20045
-1.16928
-1.14826
-1.13028
-1.11138
-1.09605
-1.06316
-1.06539
-1.04462
-1.02183
-0.935687
-1.014
-1.03957
-1.08809
-1.15243
-1.25384
-1.37022
-1.49412
-1.62792
-1.76252
-1.89709
-2.02066
-2.11927
-2.18171
-2.21034
-2.22188
-2.23945
-2.26009
-2.27408
-2.27194
-2.25364
-2.23725
-2.20865
-2.16062
-2.02667
-1.83426
-1.68078
-1.56258
-1.4809
-1.4177
-1.35053
-1.2923
-1.25602
-1.23629
-1.22178
-1.19551
-1.17949
-1.17605
-1.15998
-1.14108
-1.05078
-1.13635
-1.15987
-1.20974
-1.27699
-1.37239
-1.48948
-1.61111
-1.73178
-1.85401
-1.97353
-2.08281
-2.17083
-2.23377
-2.27879
-2.31666
-2.35582
-2.39455
-2.4271
-2.44267
-2.44091
-2.41895
-2.38782
-2.3316
-2.2222
-2.06021
-1.90665
-1.75579
-1.64327
-1.57929
-1.48872
-1.42062
-1.36718
-1.3373
-1.32222
-1.30991
-1.29101
-1.28457
-1.27704
-1.24704
-1.17196
-1.27067
-1.30158
-1.34863
-1.41636
-1.50174
-1.60993
-1.72292
-1.83039
-1.94029
-2.04721
-2.14541
-2.2295
-2.29906
-2.35978
-2.41672
-2.46906
-2.51004
-2.52839
-2.52622
-2.49549
-2.44367
-2.38084
-2.31796
-2.24958
-2.16877
-2.05507
-1.91121
-1.79719
-1.70649
-1.61659
-1.53209
-1.47257
-1.43457
-1.41141
-1.39517
-1.38301
-1.37395
-1.37567
-1.35088
-1.30315
-1.39836
-1.4318
-1.48199
-1.55261
-1.63177
-1.72279
-1.82661
-1.9223
-2.01972
-2.11815
-2.2105
-2.29454
-2.37004
-2.43867
-2.50014
-2.54823
-2.57561
-2.57641
-2.54363
-2.49526
-2.44171
-2.37982
-2.32006
-2.25858
-2.18817
-2.09339
-1.98012
-1.88851
-1.80292
-1.71174
-1.62153
-1.56111
-1.51789
-1.48689
-1.46715
-1.45485
-1.44881
-1.44486
-1.433
-1.41847
-1.51249
-1.53531
-1.5775
-1.67079
-1.73677
-1.81393
-1.90367
-1.99242
-2.07951
-2.16869
-2.25524
-2.3378
-2.41474
-2.48366
-2.54285
-2.58728
-2.60904
-2.60691
-2.58496
-2.5449
-2.49282
-2.42894
-2.35541
-2.28146
-2.21337
-2.14192
-2.00394
-1.94581
-1.8668
-1.77848
-1.68186
-1.62171
-1.58152
-1.54905
-1.52842
-1.51734
-1.51521
-1.47177
-1.47807
-1.52443
-1.61757
-1.62879
-1.67228
-1.73921
-1.79677
-1.87563
-1.95164
-2.03718
-2.11725
-2.19495
-2.27229
-2.34898
-2.4236
-2.49414
-2.55596
-2.60686
-2.63841
-2.64535
-2.62774
-2.59066
-2.53587
-2.46427
-2.37703
-2.29095
-2.22021
-2.16025
-1.98484
-1.95493
-1.89353
-1.80778
-1.72505
-1.66596
-1.62861
-1.59573
-1.57416
-1.56268
-1.55602
-1.5061
-1.5182
-1.61168
-1.70071
-1.71611
-1.75259
-1.78889
-1.83151
-1.90682
-1.99857
-2.07109
-2.14175
-2.21234
-2.2828
-2.3526
-2.42444
-2.4941
-2.55803
-2.61563
-2.6573
-2.67198
-2.6575
-2.60953
-2.54463
-2.46757
-2.36719
-2.27706
-2.20533
-2.12414
-1.99066
-1.96263
-1.89655
-1.80883
-1.74467
-1.6927
-1.65302
-1.62307
-1.60345
-1.59278
-1.58436
-1.56286
-1.56921
-1.67052
-1.75662
-1.76312
-1.78794
-1.82945
-1.87101
-1.91895
-1.98456
-2.06206
-2.14753
-2.22812
-2.30022
-2.36456
-2.42194
-2.47784
-2.53446
-2.59092
-2.63566
-2.649
-2.62512
-2.56426
-2.49308
-2.40585
-2.30196
-2.21552
-2.15563
-2.06498
-2.01292
-1.94568
-1.88006
-1.80347
-1.74325
-1.69767
-1.66184
-1.63544
-1.61942
-1.60951
-1.59955
-1.59639
-1.59215
-1.67015
-1.75954
-1.73239
-1.78229
-1.80729
-1.86929
-1.91632
-1.97306
-2.03837
-2.11127
-2.18524
-2.25325
-2.31546
-2.36165
-2.40272
-2.44645
-2.48846
-2.51862
-2.52629
-2.49588
-2.43452
-2.36678
-2.28818
-2.19217
-2.11605
-2.06486
-1.9968
-1.96505
-1.90254
-1.84174
-1.78614
-1.73736
-1.69558
-1.66295
-1.64063
-1.62705
-1.61861
-1.61178
-1.60658
-1.60435
-1.65883
-1.72637
-1.70416
-1.74932
-1.76881
-1.8001
-1.85532
-1.91091
-1.96887
-2.03201
-2.09669
-2.15851
-2.209
-2.24765
-2.27302
-2.29694
-2.31253
-2.32984
-2.33161
-2.30465
-2.25766
-2.19908
-2.13079
-2.06454
-2.03037
-1.96959
-1.93836
-1.89977
-1.85346
-1.80435
-1.75672
-1.71709
-1.68436
-1.65864
-1.64146
-1.63059
-1.62281
-1.61657
-1.61236
-1.61017
-1.65643
-1.68653
-1.68674
-1.69888
-1.71573
-1.73908
-1.76881
-1.80994
-1.8596
-1.91831
-1.97835
-2.03322
-2.08071
-2.11034
-2.12235
-2.13159
-2.12701
-2.12306
-2.11582
-2.09495
-2.06643
-2.03248
-1.97553
-1.94962
-1.91103
-1.87597
-1.86634
-1.8333
-1.79687
-1.75927
-1.72655
-1.69636
-1.67122
-1.6521
-1.63882
-1.63013
-1.62286
-1.61012
-1.6149
-1.61352
-1.64215
-1.6435
-1.63565
-1.63887
-1.65369
-1.67476
-1.70305
-1.72511
-1.76542
-1.81348
-1.85398
-1.89733
-1.93077
-1.95701
-1.97087
-1.97253
-1.96458
-1.95604
-1.94591
-1.92847
-1.90587
-1.87419
-1.86249
-1.84746
-1.80602
-1.80972
-1.78856
-1.76782
-1.74169
-1.71949
-1.69521
-1.6739
-1.65665
-1.64382
-1.63371
-1.62573
-1.61502
-1.60174
-1.61613
-1.61496
-1.60149
-1.60003
-1.58183
-1.58982
-1.6033
-1.61759
-1.63512
-1.6565
-1.6838
-1.7128
-1.73902
-1.76199
-1.78753
-1.8092
-1.82233
-1.82728
-1.82793
-1.81836
-1.81144
-1.79455
-1.77776
-1.77747
-1.77405
-1.7322
-1.74113
-1.73357
-1.7249
-1.71101
-1.69625
-1.68262
-1.67017
-1.65621
-1.64381
-1.6343
-1.6267
-1.62017
-1.61121
-1.6028
-1.61432
-1.61146
-1.57773
-1.57632
-1.56972
-1.57365
-1.57965
-1.58708
-1.5955
-1.60735
-1.62707
-1.6441
-1.65749
-1.67437
-1.69446
-1.70113
-1.70025
-1.6982
-1.69729
-1.69481
-1.69254
-1.69065
-1.69616
-1.70011
-1.68754
-1.67196
-1.68195
-1.6749
-1.66885
-1.65875
-1.65169
-1.64902
-1.64037
-1.63657
-1.63078
-1.62409
-1.62084
-1.61571
-1.60827
-1.60557
-1.60441
-1.6016
-1.48979
-1.56507
-1.56693
-1.57034
-1.57287
-1.57569
-1.57887
-1.58724
-1.59629
-1.60563
-1.61495
-1.62659
-1.62794
-1.62016
-1.61156
-1.60924
-1.609
-1.61417
-1.62053
-1.62333
-1.63343
-1.6296
-1.63345
-1.62755
-1.62248
-1.61744
-1.61279
-1.60614
-1.60592
-1.60858
-1.56656
-1.60352
-1.60684
-1.60607
-1.61489
-1.60657
-1.60254
-1.60038
-1.59669
-1.59657
-1.48351
-1.5611
-1.56338
-1.56514
-1.56773
-1.56534
-1.56737
-1.57331
-1.57847
-1.58178
-1.5845
-1.58628
-1.5853
-1.58067
-1.57446
-1.57096
-1.5719
-1.57467
-1.5867
-1.59389
-1.5902
-1.58622
-1.58853
-1.5867
-1.58186
-1.57551
-1.56957
-1.56646
-1.56772
-1.57226
-1.56384
-1.58833
-1.59322
-1.60244
-1.59763
-1.59594
-1.59848
-1.59186
-1.5915
-1.59014
-1.51635
-1.55523
-1.56042
-1.56138
-1.56289
-1.56263
-1.56276
-1.56592
-1.56871
-1.57021
-1.57111
-1.57211
-1.56838
-1.5634
-1.56025
-1.56079
-1.56127
-1.55803
-1.5615
-1.56472
-1.56829
-1.56402
-1.56236
-1.56014
-1.5563
-1.55294
-1.54951
-1.54845
-1.54363
-1.55459
-1.56541
-1.57766
-1.5841
-1.58744
-1.589
-1.59402
-1.58917
-1.59101
-1.58359
-1.57586
-1.51872
-1.5164
-1.55913
-1.55921
-1.56058
-1.56177
-1.56242
-1.56208
-1.56369
-1.56542
-1.56439
-1.56263
-1.56056
-1.55871
-1.55787
-1.55934
-1.54629
-1.54397
-1.54994
-1.55773
-1.56105
-1.55823
-1.55489
-1.55219
-1.55015
-1.54843
-1.54519
-1.54531
-1.54194
-1.54617
-1.57197
-1.57657
-1.57989
-1.58098
-1.58488
-1.58665
-1.58768
-1.58846
-1.57444
-1.57278
-1.53066
-1.54966
-1.52261
-1.56061
-1.56256
-1.56231
-1.56544
-1.56249
-1.56407
-1.56255
-1.56099
-1.5595
-1.55816
-1.55741
-1.55741
-1.55904
-1.55987
-1.56031
-1.55959
-1.55774
-1.55553
-1.55528
-1.55485
-1.55355
-1.5531
-1.55385
-1.55442
-1.55935
-1.54126
-1.52593
-1.5775
-1.57771
-1.57848
-1.5806
-1.58374
-1.58637
-1.5876
-1.58631
-1.58438
-1.58133
-1.55258
-1.55895
-1.56489
-1.53842
-1.56306
-1.56792
-1.56697
-1.56559
-1.56456
-1.5631
-1.56161
-1.55943
-1.55694
-1.55522
-1.55413
-1.55264
-1.55122
-1.5528
-1.55343
-1.54668
-1.55408
-1.55424
-1.55468
-1.5562
-1.55853
-1.56129
-1.56364
-1.56877
-1.57108
-1.57218
-1.57186
-1.57658
-1.5812
-1.58245
-1.58326
-1.58403
-1.58426
-1.5836
-1.58209
-1.57975
-1.57298
-1.5761
-1.57835
-1.57905
-1.5541
-1.57033
-1.57027
-1.56704
-1.56427
-1.5616
-1.5595
-1.55878
-1.55753
-1.55533
-1.5528
-1.5515
-1.55323
-1.54925
-1.55084
-1.55127
-1.55191
-1.554
-1.55666
-1.55972
-1.56285
-1.56553
-1.56834
-1.57108
-1.57378
-1.57706
-1.57857
-1.57664
-1.576
-1.5787
-1.58104
-1.58057
-1.57969
-1.57831
-1.57626
-1.57397
-1.58503
-1.58701
-1.58838
-1.58557
-1.58247
-1.56781
-1.57401
-1.5673
-1.56242
-1.55933
-1.55718
-1.5558
-1.55531
-1.5552
-1.55171
-1.55025
-1.55203
-1.55416
-1.55247
-1.5537
-1.55606
-1.5587
-1.56167
-1.56476
-1.56784
-1.57035
-1.5727
-1.57551
-1.57812
-1.57959
-1.58038
-1.58324
-1.58356
-1.57865
-1.57465
-1.57565
-1.57461
-1.57264
-1.5705
-1.56817
-1.58603
-1.58653
-1.58648
-1.58502
-1.58227
-1.57866
-1.57315
-1.56921
-1.56551
-1.56294
-1.56237
-1.56228
-1.56075
-1.55913
-1.55779
-1.56119
-1.56076
-1.56112
-1.56224
-1.56361
-1.56543
-1.56759
-1.56994
-1.57234
-1.57471
-1.57683
-1.57849
-1.5801
-1.58133
-1.58239
-1.58308
-1.58262
-1.58112
-1.57938
-1.57734
-1.57432
-1.57069
-1.56997
-1.56738
-1.56452
-1.58697
-1.58628
-1.58526
-1.58602
-1.5856
-1.58414
-1.58182
-1.57188
-1.56901
-1.56899
-1.57015
-1.5708
-1.57123
-1.57595
-1.57559
-1.57487
-1.57494
-1.57531
-1.57578
-1.57651
-1.57751
-1.57876
-1.58006
-1.58142
-1.58282
-1.58417
-1.58535
-1.5863
-1.587
-1.58735
-1.58725
-1.58668
-1.58599
-1.58429
-1.58096
-1.57726
-1.57237
-1.57149
-1.56831
-1.56476
-1.59081
-1.58993
-1.58863
-1.58871
-1.59078
-1.59429
-1.59557
-1.5934
-1.58622
-1.58377
-1.58541
-1.59021
-1.59041
-1.58997
-1.59016
-1.59017
-1.59006
-1.5901
-1.59013
-1.58996
-1.58984
-1.58994
-1.59023
-1.59074
-1.59143
-1.59221
-1.59295
-1.5936
-1.59419
-1.5946
-1.59457
-1.59409
-1.59299
-1.59113
-1.58825
-1.58474
-1.5817
-1.57866
-1.57523
-1.57148
-1.59749
-1.59634
-1.59552
-1.59551
-1.59683
-1.59909
-1.6012
-1.60237
-1.60257
-1.60189
-1.60274
-1.60254
-1.60224
-1.60224
-1.6025
-1.60332
-1.60368
-1.60311
-1.60218
-1.60119
-1.60044
-1.59992
-1.5997
-1.59976
-1.60003
-1.60045
-1.60093
-1.60145
-1.60192
-1.6023
-1.60251
-1.6023
-1.60154
-1.60013
-1.59719
-1.5952
-1.59244
-1.58981
-1.58727
-1.5852
-1.60611
-1.60539
-1.60451
-1.60405
-1.60457
-1.60574
-1.60716
-1.6085
-1.60914
-1.60957
-1.61039
-1.6107
-1.6114
-1.61278
-1.61373
-1.61354
-1.61274
-1.61182
-1.61077
-1.60987
-1.60924
-1.60881
-1.60864
-1.60868
-1.60888
-1.60922
-1.60962
-1.61007
-1.61052
-1.61089
-1.6111
-1.61088
-1.61028
-1.60935
-1.60798
-1.60641
-1.60444
-1.60244
-1.60058
-1.59893
-1.61677
-1.61643
-1.61578
-1.6152
-1.61505
-1.6154
-1.6162
-1.61726
-1.61822
-1.61877
-1.61891
-1.61897
-1.61928
-1.61959
-1.61942
-1.61992
-1.61968
-1.61915
-1.61858
-1.61802
-1.61771
-1.6177
-1.61786
-1.61813
-1.61848
-1.61891
-1.61937
-1.61985
-1.62031
-1.62067
-1.6209
-1.62059
-1.6204
-1.62009
-1.6194
-1.61825
-1.61692
-1.61553
-1.61411
-1.61272
-1.62855
-1.62831
-1.62786
-1.62733
-1.6269
-1.62673
-1.62684
-1.62693
-1.62701
-1.62721
-1.62731
-1.62724
-1.62737
-1.62754
-1.62788
-1.62817
-1.62793
-1.62725
-1.62682
-1.6269
-1.62721
-1.62762
-1.62809
-1.62861
-1.62914
-1.62969
-1.63025
-1.6308
-1.63131
-1.63174
-1.63205
-1.63215
-1.63219
-1.63194
-1.63144
-1.63074
-1.62991
-1.62899
-1.62801
-1.62699
-1.64118
-1.64095
-1.64058
-1.6401
-1.63956
-1.63902
-1.63848
-1.63804
-1.63784
-1.63798
-1.63845
-1.63894
-1.63918
-1.63877
-1.63793
-1.63721
-1.63684
-1.63701
-1.6374
-1.63785
-1.6384
-1.63901
-1.63964
-1.64028
-1.64092
-1.64154
-1.64215
-1.64272
-1.64324
-1.64367
-1.64402
-1.64428
-1.64438
-1.64432
-1.64409
-1.64373
-1.64327
-1.64273
-1.64217
-1.64159
-1.65448
-1.65428
-1.654
-1.65363
-1.6532
-1.65273
-1.65228
-1.65189
-1.65167
-1.65147
-1.65154
-1.65164
-1.65151
-1.65094
-1.65032
-1.64991
-1.64972
-1.64976
-1.65004
-1.6505
-1.65106
-1.65169
-1.65235
-1.65301
-1.65367
-1.65431
-1.65492
-1.65549
-1.656
-1.65647
-1.65684
-1.65712
-1.6573
-1.65737
-1.65733
-1.65721
-1.65701
-1.65677
-1.65654
-1.65635
-1.66823
-1.66809
-1.66789
-1.66764
-1.66735
-1.66703
-1.66673
-1.66647
-1.66629
-1.66608
-1.66596
-1.66569
-1.66517
-1.6646
-1.66409
-1.66373
-1.66355
-1.66359
-1.66384
-1.66424
-1.66475
-1.66532
-1.66592
-1.66655
-1.66717
-1.66779
-1.66838
-1.66893
-1.66944
-1.66988
-1.67025
-1.67056
-1.67079
-1.67093
-1.67101
-1.67101
-1.67096
-1.67088
-1.67081
-1.67079
-1.6823
-1.68219
-1.68204
-1.68187
-1.68167
-1.68145
-1.68122
-1.68098
-1.68076
-1.68052
-1.68021
-1.6798
-1.67932
-1.67885
-1.67844
-1.67816
-1.67805
-1.67811
-1.67832
-1.67865
-1.67908
-1.67957
-1.6801
-1.68066
-1.68123
-1.68179
-1.68233
-1.68284
-1.68332
-1.68374
-1.68411
-1.68442
-1.68468
-1.68487
-1.685
-1.68507
-1.68509
-1.68508
-1.68505
-1.68502
-1.69658
-1.69648
-1.69637
-1.69626
-1.69613
-1.69597
-1.69578
-1.69556
-1.69531
-1.69502
-1.69469
-1.6943
-1.6939
-1.69353
-1.69322
-1.69303
-1.69296
-1.69301
-1.69318
-1.69345
-1.6938
-1.69421
-1.69467
-1.69516
-1.69566
-1.69616
-1.69665
-1.69712
-1.69755
-1.69795
-1.69831
-1.69862
-1.69887
-1.69908
-1.69923
-1.69933
-1.69937
-1.69934
-1.69926
-1.69911
-1.71105
-1.71093
-1.71085
-1.71079
-1.71073
-1.71064
-1.71049
-1.71031
-1.71007
-1.70979
-1.70948
-1.70914
-1.70881
-1.70852
-1.70828
-1.70813
-1.70807
-1.70812
-1.70825
-1.70847
-1.70876
-1.7091
-1.70949
-1.70992
-1.71035
-1.7108
-1.71124
-1.71166
-1.71206
-1.71243
-1.71277
-1.71307
-1.71333
-1.71354
-1.7137
-1.71381
-1.71387
-1.71387
-1.71382
-1.7137
-1.7257
-1.72548
-1.72544
-1.72549
-1.72553
-1.72551
-1.72541
-1.72525
-1.72504
-1.72478
-1.72449
-1.7242
-1.72392
-1.72367
-1.72348
-1.72335
-1.7233
-1.72332
-1.72343
-1.7236
-1.72384
-1.72413
-1.72446
-1.72483
-1.72521
-1.72561
-1.72601
-1.7264
-1.72678
-1.72712
-1.72744
-1.72773
-1.72799
-1.7282
-1.72837
-1.7285
-1.72859
-1.72863
-1.72862
-1.72855
-1.73887
-1.74004
-1.74018
-1.74047
-1.74063
-1.74063
-1.74055
-1.7404
-1.74018
-1.73993
-1.73966
-1.73939
-1.73914
-1.73891
-1.73874
-1.73862
-1.73857
-1.73858
-1.73865
-1.73878
-1.73898
-1.73922
-1.73951
-1.73983
-1.74018
-1.74055
-1.74092
-1.74129
-1.74164
-1.74197
-1.74228
-1.74256
-1.74281
-1.74303
-1.74322
-1.74337
-1.7435
-1.74361
-1.74371
-1.74382
-1.7536
-1.75336
-1.75522
-1.75605
-1.75613
-1.7561
-1.75597
-1.75575
-1.75548
-1.7552
-1.75493
-1.75466
-1.75442
-1.75421
-1.75404
-1.75393
-1.75386
-1.75385
-1.75389
-1.75399
-1.75414
-1.75435
-1.7546
-1.75489
-1.75522
-1.75557
-1.75593
-1.75628
-1.75662
-1.75694
-1.75724
-1.75751
-1.75776
-1.75799
-1.75818
-1.75836
-1.75852
-1.75867
-1.75882
-1.75896
-1.77078
-1.77039
-1.77127
-1.77307
-1.77252
-1.77203
-1.77159
-1.77119
-1.77084
-1.77052
-1.77023
-1.76997
-1.76973
-1.76952
-1.76936
-1.76923
-1.76916
-1.76912
-1.76914
-1.7692
-1.76931
-1.76948
-1.7697
-1.76998
-1.7703
-1.77065
-1.771
-1.77136
-1.77169
-1.77201
-1.7723
-1.77257
-1.77281
-1.77304
-1.77324
-1.77343
-1.77362
-1.77379
-1.77397
-1.77415
-1.78841
-1.78884
-1.78744
-1.7894
-1.78852
-1.78775
-1.78711
-1.78661
-1.78621
-1.78587
-1.78556
-1.78529
-1.78505
-1.78485
-1.78468
-1.78455
-1.78446
-1.78441
-1.78439
-1.78442
-1.7845
-1.78462
-1.7848
-1.78506
-1.78538
-1.78575
-1.78614
-1.78651
-1.78685
-1.78715
-1.78744
-1.7877
-1.78794
-1.78816
-1.78836
-1.78856
-1.78875
-1.78893
-1.78912
-1.78927
-1.80307
-1.8033
-1.80361
-1.80343
-1.80307
-1.80263
-1.80219
-1.8018
-1.80146
-1.80116
-1.80089
-1.80064
-1.80042
-1.80022
-1.80006
-1.79992
-1.79983
-1.79977
-1.79975
-1.79975
-1.79977
-1.79982
-1.79993
-1.80015
-1.80049
-1.80092
-1.80136
-1.80175
-1.80209
-1.80239
-1.80266
-1.8029
-1.80312
-1.80333
-1.80352
-1.80371
-1.8039
-1.8041
-1.80432
-1.80454
-1.81758
-1.81772
-1.81783
-1.81768
-1.81752
-1.8173
-1.81707
-1.81685
-1.81663
-1.81642
-1.81622
-1.81602
-1.81583
-1.81566
-1.8155
-1.81537
-1.81528
-1.81525
-1.81523
-1.81523
-1.81524
-1.81518
-1.81519
-1.81535
-1.8156
-1.8161
-1.81671
-1.81717
-1.81748
-1.81774
-1.81796
-1.81817
-1.81836
-1.81855
-1.81872
-1.81888
-1.81904
-1.81921
-1.81946
-1.81984
-1.83183
-1.8314
-1.83233
-1.83226
-1.83218
-1.83209
-1.83199
-1.83189
-1.8318
-1.8317
-1.83159
-1.83147
-1.83133
-1.83117
-1.831
-1.83086
-1.83078
-1.83078
-1.83084
-1.83091
-1.8309
-1.83063
-1.83034
-1.83024
-1.83032
-1.83057
-1.83177
-1.83275
-1.83299
-1.83316
-1.83332
-1.83349
-1.83365
-1.8338
-1.83395
-1.83407
-1.83412
-1.83405
-1.83375
-1.83338
-1.84621
-1.84531
-1.84705
-1.84702
-1.84699
-1.84699
-1.84699
-1.84699
-1.84697
-1.84698
-1.84699
-1.84699
-1.84692
-1.84679
-1.84661
-1.84641
-1.8463
-1.8463
-1.84638
-1.84651
-1.84667
-1.84613
-1.84622
-1.84647
-1.84658
-1.84683
-1.84791
-1.84857
-1.84859
-1.84862
-1.8487
-1.84882
-1.84897
-1.84913
-1.84931
-1.84951
-1.84976
-1.85013
-1.85074
-1.85173
-1.86162
-1.86087
-1.8616
-1.86178
-1.86184
-1.86192
-1.86203
-1.86213
-1.86224
-1.86238
-1.86258
-1.86282
-1.86299
-1.86291
-1.86259
-1.86195
-1.86204
-1.86203
-1.86214
-1.86229
-1.86305
-1.86157
-1.86261
-1.86331
-1.86357
-1.86355
-1.86373
-1.86381
-1.86384
-1.86389
-1.86397
-1.8641
-1.86425
-1.86442
-1.86461
-1.8648
-1.86497
-1.86508
-1.86504
-1.86463
-1.87622
-1.87677
-1.87643
-1.87699
-1.87703
-1.87696
-1.8771
-1.87732
-1.87763
-1.87796
-1.87839
-1.87896
-1.87952
-1.87912
-1.87717
-1.87677
-1.87675
-1.87671
-1.87791
-1.87838
-1.87854
-1.87878
-1.87896
-1.879
-1.87912
-1.87899
-1.87896
-1.87894
-1.87896
-1.87903
-1.87913
-1.87926
-1.87943
-1.87962
-1.87984
-1.8801
-1.88038
-1.88073
-1.88121
-1.88191
-1.89214
-1.89231
-1.89215
-1.89198
-1.89188
-1.89211
-1.8925
-1.8926
-1.89292
-1.89347
-1.89429
-1.89541
-1.89684
-1.89586
-1.89609
-1.89616
-1.8961
-1.8958
-1.89512
-1.89452
-1.89397
-1.89407
-1.89416
-1.89425
-1.89409
-1.89413
-1.8941
-1.8941
-1.89414
-1.89421
-1.89433
-1.89448
-1.89467
-1.8949
-1.89518
-1.89552
-1.89594
-1.89643
-1.897
-1.89758
-1.90797
-1.90801
-1.90802
-1.90811
-1.90808
-1.90779
-1.90774
-1.90817
-1.90865
-1.90923
-1.91014
-1.9115
-1.91322
-1.9148
-1.9145
-1.91515
-1.91534
-1.91556
-1.91526
-1.91306
-1.91065
-1.91135
-1.91063
-1.91038
-1.91
-1.90971
-1.90955
-1.90942
-1.90936
-1.90936
-1.90942
-1.90953
-1.90966
-1.90982
-1.90997
-1.91012
-1.91025
-1.91031
-1.91094
-1.9091
-1.92357
-1.92357
-1.92361
-1.92368
-1.92377
-1.92393
-1.92419
-1.92413
-1.92451
-1.92535
-1.92647
-1.92787
-1.92911
-1.93058
-1.93167
-1.93214
-1.93158
-1.93169
-1.93178
-1.92851
-1.92491
-1.92642
-1.92575
-1.92511
-1.92489
-1.9243
-1.92424
-1.92432
-1.92435
-1.92444
-1.92456
-1.92473
-1.92495
-1.92523
-1.92561
-1.92614
-1.92688
-1.92789
-1.92922
-1.93129
-1.93904
-1.93903
-1.93908
-1.93919
-1.9394
-1.9397
-1.94004
-1.94047
-1.94117
-1.94216
-1.94359
-1.94438
-1.94416
-1.94401
-1.94431
-1.9447
-1.94483
-1.94469
-1.94478
-1.94445
-1.94322
-1.94155
-1.94022
-1.93966
-1.93958
-1.93929
-1.93949
-1.93949
-1.9395
-1.93948
-1.93948
-1.93948
-1.93947
-1.93944
-1.93935
-1.93918
-1.93888
-1.93842
-1.93799
-1.93701
-1.95453
-1.95456
-1.95464
-1.9548
-1.95508
-1.95556
-1.95601
-1.95679
-1.95796
-1.95981
-1.96261
-1.96231
-1.95988
-1.95864
-1.95782
-1.95725
-1.95686
-1.95653
-1.95618
-1.95588
-1.95556
-1.95492
-1.95419
-1.9534
-1.95355
-1.95383
-1.95337
-1.95384
-1.95417
-1.95442
-1.95462
-1.95483
-1.95505
-1.95533
-1.95572
-1.95626
-1.95703
-1.95793
-1.95995
-1.95936
)
;

boundaryField
{
    inlet
    {
        type            calculated;
        value           nonuniform List<scalar> 10(-293.827 -294.022 -294.151 -294.286 -294.356 -294.358 -294.288 -294.153 -294.023 -293.828);
    }
    inletWall
    {
        type            calculated;
        value           nonuniform List<scalar> 
30
(
-204.758
-224.772
-244.663
-264.403
-284.017
-117.92
-133.92
-150.543
-167.48
-184.239
-24.9975
-45.631
-65.2799
-87.977
-115.437
-204.758
-224.772
-244.663
-264.403
-284.018
-117.909
-133.898
-150.546
-167.485
-184.236
-24.8006
-45.4686
-65.2376
-87.9315
-115.398
)
;
    }
    bottleWall
    {
        type            calculated;
        value           nonuniform List<scalar> 
290
(
406.562
340.684
221.313
125.852
82.0976
62.2596
45.2097
32.4574
33.4108
34.5222
33.831
29.6808
23.7301
18.3996
16.1255
14.6609
13.7854
14.417
18.4138
25.6145
23.6158
16.1937
11.9752
13.3962
13.4274
12.9677
11.4899
7.81439
4.02704
3.30326
0.792308
-0.374453
-0.367298
-0.370306
-0.371922
-0.373764
-0.372623
-0.368699
-0.362821
-0.356153
-0.350154
-0.346392
-0.345726
-0.353565
-0.370146
-0.391237
-0.415728
-0.440581
-0.466155
-0.489034
-0.505785
-0.525537
-0.547299
-0.569396
-0.588284
-0.612392
-0.630751
-0.649587
-0.673013
-0.701856
-0.781758
-0.885124
-0.984241
-1.08149
-1.1468
-1.17569
-1.21448
-1.25906
-1.30225
-1.34504
-1.3882
-1.42723
-1.45902
-1.4857
-1.51476
-1.54809
-1.57399
-1.59406
-1.61109
-1.62129
-1.62441
-1.62445
-1.62662
-1.63081
-1.63712
-1.64786
-1.66333
-1.68017
-1.69928
-1.71971
-1.74133
-1.76374
-1.78692
-1.80987
-1.83335
-1.85673
-1.88016
-1.90366
-1.92719
-1.95069
302.537
275.89
247.353
213.03
175.127
137.698
105.938
73.3599
34.8922
3.47538
-4.81232
6.66365
33.6258
79.3099
131.427
165.112
177.99
177.934
154.421
118.466
94.9962
84.8333
73.5778
56.3091
42.1123
35.8361
41.5994
45.8245
37.3553
33.2461
51.9401
76.7537
113.237
149.2
185.706
232.844
287.584
341.262
386.97
412.852
154.39
225.341
369.649
557.274
688.638
684.393
552.901
450.625
381.63
334.936
370.49
347.368
302.952
239.394
181.476
154.238
126.631
95.9694
73.703
67.4463
58.7585
68.317
82.3114
89.2211
88.9429
88.9779
95.0648
108.642
124.917
144.504
154.165
168.276
177.585
181.793
176.536
168.8
160.854
153.275
151.046
149.745
148.788
144.978
136.415
131.158
123.986
114.965
110.44
117.658
123.519
130.117
364.67
324.8
229.181
140.94
99.4263
84.338
67.1338
48.631
37.3602
25.0771
17.5962
26.4658
39.4843
32.2154
22.4695
18.7957
17.4706
17.2879
14.8067
6.03729
4.23464
4.91871
7.92326
7.01849
8.16624
7.76644
6.8475
-0.0886474
-0.46485
4.28823
12.7781
12.5367
13.9193
16.3043
22.195
16.7096
5.36846
-0.188489
-0.76954
-1.06034
-1.19039
-1.24324
-1.15908
-1.03044
-0.913313
-0.834714
-0.792385
-0.796642
-0.838571
-0.935687
-1.05078
-1.17196
-1.30315
-1.41847
-1.52443
-1.61168
-1.67052
-1.67015
-1.65883
-1.65643
-1.64215
-1.60149
-1.57773
-1.48979
-1.48351
-1.51635
-1.51872
-1.53066
-1.55258
-1.57298
-1.58503
-1.58603
-1.58697
-1.59081
-1.59749
-1.60611
-1.61677
-1.62855
-1.64118
-1.65448
-1.66823
-1.6823
-1.69658
-1.71105
-1.7257
-1.73887
-1.7536
-1.77078
-1.78841
-1.80307
-1.81758
-1.83183
-1.84621
-1.86162
-1.87622
-1.89214
-1.90797
-1.92357
-1.93904
-1.95453
)
;
    }
    atmosphere
    {
        type            calculated;
        value           nonuniform List<scalar> 
80
(
-1.96481
-1.962
-1.962
-1.962
-1.962
-1.962
-1.962
-1.962
-1.962
-1.962
-1.962
-1.962
-1.962
-1.96532
-1.98333
-2.00896
-1.98856
-1.97004
-1.96905
-1.96286
-1.96215
-1.96222
-1.96506
-1.96622
-1.96607
-1.96544
-1.96481
-1.96429
-1.9639
-1.96361
-1.96338
-1.96322
-1.96309
-1.96298
-1.9629
-1.96283
-1.96275
-1.96264
-1.96247
-1.96227
-1.96201
-1.96201
-1.962
-1.962
-1.96206
-1.96326
-1.9628
-1.9628
-1.96282
-1.96649
-1.98068
-1.97645
-1.96293
-1.96229
-1.96229
-1.96228
-1.96228
-1.96227
-1.96225
-1.96222
-1.96221
-1.96221
-1.96221
-1.96221
-1.97083
-1.96662
-1.96202
-1.962
-1.962
-1.962
-1.962
-1.962
-1.962
-1.962
-1.962
-1.962
-1.962
-1.962
-1.962
-1.96583
)
;
    }
    frontAndBack
    {
        type            empty;
    }
}


// ************************************************************************* //
