/*--------------------------------*- C++ -*----------------------------------*\
  =========                 |
  \\      /  F ield         | OpenFOAM: The Open Source CFD Toolbox
   \\    /   O peration     | Website:  https://openfoam.org
    \\  /    A nd           | Version:  8
     \\/     M anipulation  |
\*---------------------------------------------------------------------------*/
FoamFile
{
    version     2.0;
    format      ascii;
    class       volScalarField;
    location    "7.5";
    object      p_rgh;
}
// * * * * * * * * * * * * * * * * * * * * * * * * * * * * * * * * * * * * * //

dimensions      [1 -1 -2 0 0 0 0];

internalField   nonuniform List<scalar> 
9150
(
1963.55
1962.54
1961.92
1961.45
1961.22
1961.21
1961.45
1961.92
1962.54
1963.55
1963.11
1962.6
1962.18
1961.85
1961.68
1961.7
1961.87
1962.18
1962.6
1963.12
1962.84
1962.56
1962.3
1962.09
1961.98
1961.98
1962.08
1962.31
1962.56
1962.84
1962.72
1962.55
1962.38
1962.22
1962.13
1962.14
1962.22
1962.38
1962.55
1962.72
1962.72
1962.54
1962.41
1962.28
1962.21
1962.21
1962.27
1962.4
1962.54
1962.72
1951.76
1950.93
1951.2
1951.59
1951.8
1951.81
1951.63
1951.23
1950.94
1951.77
1955.83
1955.12
1954.96
1954.89
1954.98
1954.98
1954.88
1954.97
1955.12
1955.84
1958.94
1958.19
1957.9
1957.54
1957.47
1957.47
1957.53
1957.91
1958.2
1958.95
1961.68
1960.53
1960.08
1959.45
1959.28
1959.27
1959.45
1960.07
1960.52
1961.67
1964.25
1962.19
1961.43
1960.73
1960.47
1960.45
1960.75
1961.44
1962.2
1964.26
1947.22
1945.66
1943.88
1942.74
1942.15
1942.1
1942.55
1943.6
1945.72
1947.47
1946.27
1945.96
1944.92
1944.6
1944.18
1944.21
1944.71
1945.1
1946.13
1946.45
1945.74
1945.89
1944.86
1945.3
1944.8
1944.8
1945.23
1944.9
1945.98
1945.85
1942.55
1945.4
1944.39
1945.92
1945.76
1945.77
1945.96
1944.47
1945.45
1942.62
1936.5
1946.07
1946.56
1947.97
1948.37
1948.34
1947.94
1946.56
1946.08
1936.52
1470.62
1471.48
1472.49
1473.76
1475.23
1476.75
1478.71
1480.12
1481.42
1482.01
1469.31
1470.42
1471.62
1472.52
1474.3
1475.88
1477.61
1479.2
1480.5
1481.16
1468.54
1469.41
1470.57
1471.88
1473.27
1474.23
1475.82
1477.52
1478.61
1479.29
1465.64
1466.56
1468.31
1469.62
1470.17
1472.34
1473.99
1475.87
1476.71
1477.15
1461.32
1462.97
1464.49
1464.06
1465.64
1467.89
1472.49
1473.96
1474.77
1475.24
1457.37
1459.11
1460.58
1458.92
1461.78
1465.41
1469.66
1471.21
1472.32
1473.08
1449.9
1457.59
1456.65
1457.7
1461.26
1466.14
1467.93
1469.3
1469.6
1471.05
1446.08
1450.14
1461.98
1463.46
1465.27
1466.75
1468
1467.87
1467.55
1468.53
1446.6
1450.66
1464.6
1465.82
1466.91
1467.85
1468.14
1466.14
1467.03
1468.26
1452.63
1461.03
1466.74
1467.44
1468.31
1469.09
1469.49
1467.64
1467.79
1470.74
1450.62
1446.79
1468.64
1469.6
1469.71
1469.98
1470.04
1470.1
1470.66
1470.99
1433.28
1433.34
1437.22
1442.12
1445.32
1459.01
1464.05
1459.57
1458.37
1470.51
1436.33
1435.87
1435.16
1434.38
1433.55
1432.58
1432.1
1432.3
1432.22
1445.89
1479.57
1449.87
1435.55
1434.74
1434.11
1433.77
1433.16
1432.92
1431.95
1431.38
1481.58
1481.18
1474.62
1463.54
1457.18
1460
1456.27
1447.86
1441.12
1436.88
1480.64
1481.41
1482.14
1482.06
1481.69
1480.56
1479.42
1477.92
1475.45
1472.58
1480.18
1480.66
1480.49
1480.23
1479.98
1479.36
1478.3
1477.85
1476.78
1475.15
1473.78
1465.66
1467.04
1475.28
1477.43
1476.98
1476.38
1475.74
1475.14
1474.45
1456.56
1456.06
1455.51
1454.49
1470.68
1474.21
1473.51
1472.85
1472.31
1471.97
1473.99
1471.3
1469.69
1469.75
1470.87
1470.12
1469.21
1468.56
1468.17
1468.11
1473.25
1471.47
1469.76
1468.04
1466.33
1464.68
1463.39
1462.66
1462.64
1463.2
1469.65
1464.98
1454.66
1437.79
1426.56
1417.12
1413.75
1412.38
1422.15
1451.29
1432.8
1385.02
1337.11
1333.49
1331.75
1330.12
1328.01
1326.77
1328.9
1334.42
1336.83
1335.35
1334.2
1332.99
1331.8
1330.09
1344.15
1344.99
1330.32
1331.08
1368.66
1335.14
1334.43
1333.12
1337.31
1444.59
1474.24
1472.03
1449.44
1421.62
1478.01
1396.85
1336.71
1372.11
1478.72
1477.51
1476.23
1474.61
1472.43
1470.05
1479.19
1478.76
1448.46
1391.1
1431.65
1472.96
1473.72
1473.85
1475.47
1474.51
1480.72
1480.95
1481.08
1452.63
1405.32
1403.1
1400.47
1440.69
1480.27
1476.67
1476.82
1483.37
1484.16
1484.97
1485.36
1475.51
1394.67
1385.35
1384.58
1382.29
1393.3
1470.46
1474.97
1485.43
1488.08
1488.82
1489.78
1489.91
1467.11
1381.36
1384.3
1385.55
1385.63
1418.68
1491.14
1490.45
1491.96
1491.76
1468.43
1437.09
1429.22
1384.95
1384.96
1384.62
1385.06
1472.89
1472.89
1488.55
1487.26
1445.39
1490.65
1488.39
1459.23
1411.59
1441.05
1487.5
1495.24
1495.67
1494.02
1477.19
1494.24
1495.28
1495.06
1490.77
1492.82
1496.11
1496.65
1496.84
1496.96
1497.12
1492.8
1491.62
1495.28
1496.44
1496.58
1496.74
1496.91
1497.11
1497.21
1497.16
1471.89
1491.54
1496.49
1496.83
1497.06
1497.34
1497.69
1497.68
1497.33
1491.55
1458.04
1494.36
1497.4
1497.56
1497.77
1498.06
1498.16
1497.95
1497.36
1479.24
1486.76
1498.99
1498.51
1498.37
1498.35
1498.4
1498.32
1497.83
1496.72
1488.87
1499.15
1498
1498.13
1498.91
1499.24
1499.05
1498.41
1497.47
1495.4
1484.26
1468.84
1441.49
1453.73
1475.86
1483.03
1489.43
1501.22
1499.89
1443.57
1453.64
1435.8
1436.2
1436.49
1436.8
1437.02
1436.75
1435.84
1445.16
1434.86
1430.71
1499.61
1488.95
1474.91
1442.5
1455.04
1487.33
1499.76
1501.04
1495.23
1474.06
1504.43
1505.16
1505.88
1506.5
1494.13
1494.98
1507.42
1506.43
1503.9
1499.83
1505.77
1506.33
1506.81
1506.95
1506.82
1506.36
1505.4
1503.62
1500.66
1496.66
1508.29
1508.22
1508.09
1507.7
1506.56
1503.32
1501.32
1499.19
1494.89
1486.21
1511.42
1511.29
1510.68
1506.44
1500.4
1461.38
1467.32
1495.9
1489.77
1476.55
1515.33
1514.56
1503.4
1466.35
1463.8
1460.34
1459.92
1486.12
1464.14
1412.35
1516.91
1477.92
1462.34
1468.14
1484.92
1508.63
1503.96
1441.75
1392.03
1320.25
1490.91
1437.83
1474.85
1515.77
1513.11
1509.66
1491.91
1459.59
1492.7
1496.05
1415.56
1515.07
1513.44
1510.84
1508.57
1506.11
1503.32
1501.14
1498.99
1498.45
1484.39
1490.96
1478.49
1502.02
1501.01
1500.17
1499.31
1495.72
1470.32
1484.83
1382.15
1379.33
1376.82
1431.5
1481.16
1495.06
1492.08
1469.17
1468.15
1474.65
1470.57
1467.42
1464.76
1348.58
1346.88
1463.93
1464.8
1417.59
1484.97
1486.37
1304.11
1371.7
1340.52
1340.38
1346.69
1290.94
1341.88
1329.09
1318.01
1484.96
996.186
916.215
759.584
755.553
743.853
750.574
1067.13
920.488
942.956
1431.51
757.472
722.798
722.508
723.003
724.399
803.565
804.591
807.468
865.639
1381.05
1390.47
1003.45
1049.15
1143.27
1142.94
1420.69
1170.47
1376.83
1517.39
1506.08
1409.22
1500.83
1524.23
1525.42
1526.74
1528.12
1528.8
1529.57
1518.71
1482.36
1102.59
1114.21
1439.29
1517.79
1521.23
1524.56
1527.17
1527.05
1495.32
1478.84
1301.92
998.772
1054.71
1441.78
1511.68
1517.58
1522.59
1526.1
1514.83
1514.25
1336.69
962.076
972.727
1013.06
1363.34
1512.96
1519.26
1523.6
1526.97
1528.17
1036.08
963.149
971.069
976.131
981.294
1203.1
1515.46
1524.54
1528.79
1532.26
691.926
1182.54
1216.31
979.778
983.468
986.438
1070.78
1465.56
1532.71
1537.16
660.478
839.784
1240.28
1277.86
1144.52
994.07
999.064
1170.04
1475.8
1543.77
661.164
662.79
694.22
1314.78
1428.53
1319.74
1131.42
1175.54
1469.77
1547.96
661.749
664.11
899.598
1407.5
1450.25
1169.86
1147
1280.09
1552.52
1554.47
668.263
997.067
1538.38
1563.65
1521.81
1231.99
1217.35
1542.53
1560.39
1559.42
1014.18
1541.55
1572.46
1579.57
1579.43
1572.92
1558.23
1560.94
1553.56
1479.18
1486.03
1516.6
1589.67
1598.23
1597.56
1587.08
1572.28
1498.38
1109.02
683.478
1462.61
1403.68
1271.28
1401.85
1472.11
1450.09
1516.79
1207.37
670.253
635.469
1362.06
1152.25
1127.91
1267.79
1296.62
1252.66
1322.56
1193.75
1187.25
992.167
950.608
1026.69
1085.3
1348.03
1442.01
1264.98
1256.39
1376.06
1494.46
1360.03
1019.22
1347.08
1183.59
883.892
1451.92
1477.19
1483.96
1498.06
1497.57
1437.67
1540.46
1550.12
1496.74
746.926
1372.12
1496.71
1430.51
1504.97
1503.69
1502.25
1575.52
1577.53
1579.46
764.316
1339.04
1464.78
838.606
1218.31
1474.3
1502.35
1597.01
1599.19
1599.69
694.084
1414.38
1508.95
667.855
635.327
951.36
1312.75
1607.79
1611.28
1493.09
682.708
1500.72
1508.97
680.969
618.425
731.538
1254.51
1613
1615.92
1379.17
669.953
1523.62
1514.08
696.724
619.873
1125.94
1367.01
1619.71
1573.1
1053.61
654.171
1513.12
1499.66
652.346
735.786
1408.13
1376.35
1622.98
1545.92
862.587
619.02
1575.78
1443.47
621.414
684.657
1410.34
1403.8
1601.15
1571.52
1126.05
598.558
1565.07
1463
609.305
669.369
1405.03
1340.6
893.4
1096.27
1091.86
545.001
1568.96
1513.77
594.347
591.244
1321.43
538.643
34.8732
138.222
399.469
517.182
1589.16
1534.49
572.537
609.34
731
372.837
1.70644
1.05693
0.721741
476.277
1604.59
1551.5
529.566
639.654
646.568
241.135
0.283355
0.265384
0.352417
530.389
1625.37
1626.91
532.416
526.893
87.3612
2.23065
0.157805
0.142133
0.154401
607.065
1658.07
1666.62
609.648
2.28119
0.893671
2.39571
0.140523
0.138569
0.139127
715.435
1688.49
1692.06
714.641
0.565061
0.528028
1.3055
0.142838
0.142873
0.142682
829.015
1712.62
1715.91
829.462
0.37106
0.382267
0.399582
0.135286
0.135669
0.134173
952.972
1735.34
1736.57
952.747
0.322946
0.545418
0.56578
0.120239
0.119574
0.115737
1052.37
1758.21
1757.18
1049.97
0.246048
0.499524
0.577213
0.112609
0.103223
0.103787
1191.83
1777.28
1777.61
1190.1
0.146268
0.1479
0.380005
0.0963102
0.0836424
0.0945608
1315.6
1795.99
1799.72
1317.16
0.0914547
0.0851071
0.0871062
0.0759542
0.0664787
44.4694
1478.18
1815.58
1817.72
1478.41
32.5301
0.0676342
0.0593685
0.0511577
0.0504257
204.616
1619.45
1836.68
1835.34
1619.26
183.538
0.0537641
0.0314089
0.0388122
0.037602
450.49
1773.66
1854.82
1854.11
1728.55
360.747
0.0184471
0.0101831
0.0303885
0.0278987
742.496
1840.14
1874.05
1873.66
1840.44
719.399
-0.00888574
-0.00426942
0.0230776
0.0340356
1256.73
1891.52
1892.21
1892.17
1891.33
1223.72
0.00502686
0.00359199
0.0143529
178.98
1652.75
1909.7
1911.05
1911.52
1910.7
1661.05
115.63
0.00990474
0.0102762
1131.8
1927.37
1927.46
1926.99
1926.8
1926.65
1920.22
1012.23
0.00386986
610.078
1865.25
1939.08
1937.47
1936.98
1937.11
1937.92
1939.75
1866.42
584.985
1482.12
1481.88
1481.57
1481.47
1480.81
1480.32
1479.85
1479.36
1478.86
1478.3
1477.67
1477.14
1476.1
1474.8
1473.78
1473.04
1472.51
1472.18
1472.09
1472.2
1472.46
1472.82
1473.19
1473.45
1473.66
1473.9
1474.23
1474.83
1475.76
1476.84
1478.02
1479
1479.45
1479.42
1478.98
1478.47
1478.31
1478.44
1478.76
1478.97
1481.57
1481.59
1481.22
1481.22
1480.49
1480.07
1479.55
1479.02
1478.3
1477.56
1476.67
1475.73
1474.74
1473.66
1472.63
1472.05
1471.62
1471.42
1471.35
1471.36
1471.51
1471.83
1472.17
1472.35
1472.56
1472.82
1473.19
1473.9
1474.88
1476.09
1477.38
1478.22
1478.51
1478.32
1477.76
1477.34
1477.43
1477.85
1478.3
1478.51
1479.89
1480.24
1479.88
1479.78
1479.48
1479.1
1478.63
1478.05
1477.33
1476.36
1475.41
1474.52
1473.42
1471.57
1470.45
1469.88
1469.53
1469.66
1469.83
1470.02
1470.14
1470.3
1470.66
1470.93
1471.37
1471.73
1471.9
1471.9
1472.68
1473.45
1475.65
1476.74
1477.22
1477.47
1477.51
1477.22
1478.05
1478.84
1479.26
1479.65
1477.74
1478.19
1477.84
1477.78
1477.89
1477.61
1477.14
1476.53
1475.74
1474.89
1473.96
1472.95
1471.02
1468.5
1467.46
1466.59
1467.82
1468.8
1469.17
1469.37
1468.58
1468.61
1469.05
1469.65
1470.11
1470.63
1470.16
1470.41
1471.21
1471.91
1472.56
1473.77
1476.29
1476.51
1476.8
1477.57
1478.35
1478.91
1479.42
1479.64
1475.75
1476.11
1475.59
1475.67
1475.82
1475.86
1475.52
1475.01
1474.34
1473.47
1472.58
1471.79
1469.52
1467.22
1466.35
1465.71
1468.2
1468.86
1468.53
1467.92
1466.98
1466.72
1465.47
1466.67
1468.48
1469.17
1469.88
1470.61
1470.6
1469.62
1470.28
1471.78
1471.92
1471.93
1471.95
1472.49
1475.56
1477.84
1478.78
1479.26
1473.75
1474.25
1473.72
1473.75
1473.93
1474.28
1474.02
1473.66
1473.2
1472.59
1472
1471.36
1470.21
1466.19
1465.59
1465.63
1468.82
1468.93
1469.04
1469.05
1469.01
1468.07
1464.2
1463.75
1463.28
1467.34
1467.37
1467.82
1468.68
1469.76
1471.12
1472.6
1472.06
1469.29
1469.36
1469.28
1469.64
1471.65
1476.75
1479.07
1472.13
1472.71
1472.62
1472
1471.9
1473.12
1473.03
1472.82
1472.55
1472.17
1471.71
1471.25
1469.67
1465.61
1465.09
1464.68
1468.69
1469.49
1469.55
1469.62
1469.66
1469.43
1469.04
1467.32
1462.5
1461.24
1462.15
1466.03
1466.87
1467.98
1469.39
1470.9
1472.39
1474.02
1472.06
1467.15
1467.78
1468.06
1471.48
1477.95
1471.28
1471.69
1471.96
1470.92
1470.43
1470.62
1472.09
1472.15
1472.1
1471.97
1471.75
1471.49
1468.53
1465.6
1465.15
1464.72
1464.77
1469.39
1469.88
1470.08
1470.14
1469.98
1470.09
1469.53
1465.36
1461.22
1460.19
1460.9
1467.12
1468.02
1469.06
1470.31
1471.01
1472.92
1474.23
1469.38
1466.63
1466.97
1472.93
1476.45
1470.99
1471.31
1471.47
1471.32
1469.51
1469.44
1469.44
1470.76
1471.51
1471.71
1471.82
1471.79
1470.12
1465.8
1465.49
1465.08
1464.92
1465.44
1470.64
1470.84
1470.98
1470.48
1468.55
1468.32
1469.29
1466.66
1462.5
1461.81
1468.3
1469.57
1470.02
1470.57
1466.11
1469.56
1473.27
1472.74
1469.21
1472.39
1474.77
1475.08
1471.07
1471.31
1471.38
1471.28
1470.2
1469.18
1469.26
1469.79
1471.61
1471.87
1472.03
1472.16
1472.27
1471
1467.53
1465.86
1465.75
1465.72
1471.56
1471.93
1472.14
1472.2
1470.59
1467.97
1467.7
1465.35
1463.67
1467.23
1471.43
1471.19
1471.12
1468.89
1464.64
1465.55
1472.3
1473.23
1473.99
1474.18
1474.18
1474.35
1471.3
1471.59
1471.59
1471.51
1471.38
1470.41
1470.97
1471.49
1471.72
1472.05
1472.06
1472.59
1472.87
1473.17
1473.07
1471.15
1467.02
1469.68
1472.84
1472.93
1473.09
1473.4
1473.53
1473.32
1472.06
1471.5
1472.01
1472.29
1472.54
1472.29
1471.6
1463.79
1463.41
1463.48
1471.04
1473.22
1473.53
1473.63
1473.68
1473.75
1471.44
1472
1472.01
1471.93
1471.69
1471.65
1471.08
1471.76
1469.78
1469.25
1471.59
1473.11
1473.46
1473.76
1474.05
1472.81
1471.83
1474.18
1474.51
1474.68
1474.81
1474.87
1474.91
1474.91
1474.85
1474.75
1474.6
1474.15
1471.9
1468.78
1463.84
1463.15
1463
1462.84
1467.46
1471.96
1472.71
1472.96
1473.02
1473.09
1472.46
1472.96
1472.59
1472.52
1472.05
1469.87
1467.12
1468.25
1468.58
1468.95
1472.32
1473.89
1474.2
1474.56
1474.87
1475.06
1475.69
1476.08
1476.38
1476.56
1476.62
1476.6
1476.49
1476.26
1475.52
1473.51
1468.68
1469.75
1465.68
1465.58
1464.98
1464.73
1464.34
1463.84
1464.68
1463.98
1464.94
1468.05
1471.89
1472.31
1439.83
1465.9
1472.09
1472.28
1467.63
1461.12
1466.33
1471.6
1468.84
1470.17
1473.7
1474.48
1474.87
1475.31
1475.8
1476.32
1476.99
1477.57
1478.05
1478.31
1478.35
1478.28
1477.48
1470.84
1466.16
1465.38
1465.11
1464.51
1467.65
1473.34
1473.12
1472.14
1471.27
1470.75
1465.74
1461.27
1461.41
1461.67
1465.43
1471.81
1440.97
1452.21
1460.08
1459.97
1460.28
1460.18
1469.41
1474.14
1473.47
1474.07
1474.41
1474.91
1475.44
1475.91
1476.5
1477.08
1478.19
1479.12
1479.53
1479.69
1480
1478.56
1466.67
1464.71
1464.29
1467.81
1473.83
1476.74
1475.58
1474
1472.21
1470.39
1468.62
1467.37
1466.96
1465.38
1458.2
1458.7
1459.47
1467.98
1472.05
1466.8
1469.44
1465.45
1461.93
1466.31
1473.53
1474.54
1474.87
1475.07
1475.32
1475.52
1475.82
1476.03
1475.3
1473.06
1478.75
1479.75
1480.26
1472.07
1464.71
1464.67
1463.99
1468.64
1477.75
1478.57
1477.99
1477.08
1475.72
1473.45
1470.36
1467.05
1463.88
1461.45
1460.24
1460.44
1461.84
1458.85
1455.4
1460.09
1475.56
1475.27
1474.83
1474.07
1473.08
1473.91
1474.34
1474.76
1475.16
1475.54
1475.79
1475.96
1476.02
1471.52
1463.43
1464.34
1471.7
1479.42
1479.65
1472.66
1467.43
1478.15
1478.06
1477.48
1477.27
1477.4
1477.49
1476.86
1474.32
1470.3
1465.2
1459.02
1452.29
1443.35
1442.3
1448.18
1453.13
1456.17
1452.25
1453.53
1473.73
1473.63
1473.71
1473.61
1473.7
1473.99
1474.27
1471.46
1469.76
1475.5
1475.72
1475.89
1471.09
1461.28
1461.57
1462.32
1463.03
1474.2
1478.1
1478.06
1476.94
1475.69
1474.41
1473.62
1473.15
1472.59
1473.24
1471.75
1469.24
1464.61
1457.81
1435.7
1387.29
1352.79
1352.33
1394.85
1434.35
1449.65
1452.83
1448.13
1471.27
1471.29
1471.84
1472.31
1472.72
1473.24
1473.75
1466.13
1464.63
1473.78
1474.99
1475.08
1464.97
1459.77
1459.71
1459.74
1459.66
1471.97
1473.44
1471.37
1469.33
1470.67
1468.76
1463.44
1438.84
1429.65
1456.55
1464.91
1464.04
1461.24
1455.24
1393.26
1328.3
1326.13
1328.06
1363.43
1450.38
1452.89
1453.71
1450.14
1468.27
1468.54
1469.37
1470.08
1470.82
1471.59
1472.19
1468.17
1462.33
1463.53
1473.21
1473.98
1462.9
1456.58
1455.97
1455.1
1460.54
1468.01
1465.8
1456.35
1454.4
1463.91
1459.6
1418.73
1406.4
1406.23
1405.37
1430.83
1430.19
1439.23
1447.58
1408.59
1340.72
1333.47
1334.93
1335.52
1432.38
1463.15
1463.18
1459.53
1464.08
1465
1465.99
1467.14
1468.3
1469.41
1470.45
1471.33
1460.47
1458.7
1468.86
1471.38
1463.74
1452.71
1451.34
1453.65
1463.82
1460.98
1433.1
1416.97
1439.3
1458.75
1437.72
1399.01
1398.88
1398.8
1398.58
1398.67
1398.9
1399.14
1416.88
1461.06
1462.43
1380.5
1336.15
1336.47
1336.04
1351.92
1444.75
1456.08
1459.18
1460.75
1462.34
1464.02
1465.64
1467.03
1468.37
1469.34
1458.25
1455.34
1465.64
1467.61
1465.11
1450.03
1448.74
1460.44
1458.26
1446.84
1408.73
1407.92
1430.48
1452.77
1445.1
1393.37
1391.45
1391.38
1391.38
1391.9
1392.96
1394.78
1428.82
1459.67
1463.29
1467.33
1463.3
1362.31
1334.81
1334.55
1333.29
1338.3
1371.92
1434.59
1437.29
1451.45
1462.65
1464.42
1465.61
1466.43
1452.69
1451.83
1463.42
1464.51
1462.39
1457.44
1456.81
1456.09
1453.12
1424.99
1403.09
1413.19
1447.01
1446.73
1446.62
1429.48
1383.33
1384.01
1384.42
1385.01
1400.21
1431.62
1455.46
1459.77
1463.97
1468.08
1471.58
1474.65
1378.2
1334.52
1334.24
1334
1331.05
1354.09
1436.27
1441.74
1457.43
1462.04
1462.94
1463.56
1449.05
1449.25
1461.8
1462.07
1458.6
1457.36
1454.66
1451.57
1447.92
1426.98
1410.32
1438.39
1437.52
1437.54
1428.51
1423.07
1415.6
1383.97
1386.48
1438.34
1450.75
1452.71
1455.28
1459.08
1463.4
1467.55
1471.66
1475.68
1479.7
1417.12
1350.39
1335.58
1412.46
1435.63
1458.88
1456.46
1457.19
1460.2
1460.68
1461.97
1453.71
1448.37
1460.51
1458.57
1456.31
1454.73
1451.51
1447.5
1442.6
1435.05
1382.55
1303.15
1403.5
1424.66
1404.67
1395.97
1398.18
1415.23
1436.36
1441.61
1445.35
1450.22
1454.96
1458.73
1462.52
1466.29
1470.51
1474.95
1479.1
1482.39
1479.81
1434.07
1467.89
1466.94
1466.07
1465.55
1463.8
1463.15
1463.19
1463
1464.54
1462.38
1460.32
1458.13
1456.33
1453.53
1449.83
1445.25
1439.78
1432.27
1302.61
1243.41
1246.13
1410.54
1428.33
1400.06
1395.46
1402.34
1415
1411.19
1405.71
1417.33
1446.66
1458.23
1462
1465.73
1469.49
1473.32
1477.04
1480.41
1474.31
1431
1473.41
1472.47
1471.71
1471.25
1470.98
1468.51
1467.68
1467.1
1467.64
1465.98
1463.65
1459.94
1458.04
1454.58
1450.58
1434.56
1386.2
1309.85
1251.16
1244.93
1305.53
1426.43
1431.31
1433.22
1428.16
1434.62
1437.92
1416.35
1402.92
1405.08
1408.6
1449.56
1462.21
1465.74
1469.24
1472.59
1475.74
1478.4
1465.28
1419.84
1477.94
1477.92
1477.42
1476.89
1476.34
1475.56
1473.41
1471.63
1470.78
1468.51
1466.51
1464.07
1460.75
1436.5
1389.96
1342.46
1323.7
1313.83
1306.01
1298.48
1408.46
1435.84
1435.77
1432.38
1420.79
1422.42
1434.29
1440.24
1446.77
1413.89
1407.31
1411.82
1455.51
1467.15
1470.33
1473.36
1476.23
1478.5
1465.06
1426.58
1434.06
1484.65
1483.47
1482.65
1481.98
1481.01
1480.01
1478.8
1475.52
1474.14
1471.65
1469.05
1466.1
1439.38
1405.19
1384.1
1381.33
1377.37
1372.99
1368.1
1324.67
1264.86
1258.68
1237.24
1198.6
1205.05
1300.84
1428.93
1449.24
1456.3
1413.57
1412.35
1436.06
1470.4
1473.47
1476.07
1478.66
1480.71
1469.98
1437.48
1381.68
1380.9
1392.73
1478.96
1487.82
1486.94
1486.38
1485.65
1477.75
1461.11
1476.08
1474.69
1452.55
1435.34
1424.23
1405.57
1377.89
1367.45
1286.1
1161.35
1086.46
1085.57
1086.46
1088.09
1089.16
1089.69
1090.81
1303.72
1456.94
1464.85
1429.35
1416.66
1431.88
1474.74
1478.48
1480.71
1482.76
1484.53
1480.74
1420.31
1430.06
1441.49
1392.38
1393.67
1397.52
1441.53
1472.4
1480.54
1477.08
1404.64
1362.66
1343.05
1331.7
1254.64
1213.28
1228.48
1197.09
1105.72
1093.92
1090.75
1088.75
1088.42
1089.29
1090.72
1091.87
1092.66
1093.89
1244.08
1463.81
1474.97
1423.94
1421.84
1441.87
1480.71
1483.03
1486.32
1488.16
1489.61
1489.34
1423.23
1431.76
1470.7
1472.51
1443.24
1432.61
1434.66
1437.46
1435.72
1445.09
1424.81
1411.15
1419.62
1418.41
1391.6
1200.27
1170.92
1165.71
1201.63
1351.3
1203.78
1093.67
1093.69
1094.14
1094.92
1094.97
1095.28
1127.51
1420.36
1473.73
1445.92
1427.93
1427.79
1473.26
1489.32
1487.86
1476.16
1489.89
1495.66
1496.46
1427.17
1482.56
1471.25
1474.88
1493.08
1496.89
1493.78
1488.67
1484.3
1469.32
1473.1
1484.49
1497.68
1496.95
1494.3
1460.76
1433.92
1429.52
1454.57
1472.15
1471.4
1469.52
1332.66
1104.08
1094.59
1109.39
1367.64
1480.14
1480.51
1479.43
1436.06
1435.68
1458.89
1494.22
1495.12
1496.11
1474.7
1457.47
1494.13
1503.2
1462.08
1497.55
1498.11
1498.61
1498.98
1499
1498.75
1495.87
1485.37
1468.21
1482.86
1497.26
1497.43
1497.23
1496.64
1495.74
1477.03
1478.07
1487.46
1487.86
1487.91
1488.72
1462.96
1456.78
1461.54
1480.21
1482.95
1483.48
1446.01
1435.93
1436.57
1456.93
1497.69
1498.86
1499.89
1500.87
1485.07
1445.65
1474.68
1508.07
1506.29
1497.04
1496.42
1495.45
1497.06
1496.92
1496.39
1495.89
1495.5
1477.42
1476.14
1483.41
1495.62
1495.76
1494.76
1486.04
1490.29
1489.78
1489.44
1489.65
1490.61
1491.96
1425.45
1396.33
1395.88
1395.59
1468.36
1443.71
1438.78
1454.69
1496.9
1499.12
1499.96
1502.01
1503.48
1505.17
1490.96
1446.88
1459.36
1510.95
1511.12
1484.5
1481.18
1488.98
1494.33
1492.46
1489.35
1489.82
1491.05
1487.75
1473.34
1481.71
1494.09
1494.5
1488.11
1478.72
1480.38
1489.23
1489.06
1489.01
1489.6
1491.58
1462.77
1398.65
1399.23
1444.43
1478.09
1478.36
1490.53
1498.32
1499.91
1501.64
1497.05
1471.69
1492.38
1509.56
1503.34
1448.18
1443.48
1507.72
1504.31
1477.73
1478.59
1491.07
1493.19
1477.93
1447.47
1446.83
1475.62
1486.71
1486.57
1490.18
1493.3
1493.86
1494.04
1485.25
1467.45
1479.18
1477.82
1459.75
1451.17
1455.86
1404.49
1398.26
1413.63
1400.95
1400.01
1400.64
1426.5
1499.03
1502.16
1504.27
1506.67
1425.26
1394.52
1492.15
1510.98
1456
1437.5
1480.8
1503.16
1490.83
1490.52
1488.01
1485.85
1463.01
1430.35
1429.99
1441.51
1487.5
1490.25
1491.57
1492.94
1493.6
1493.8
1494.26
1479.3
1381.46
1362.98
1363.37
1364.03
1365.84
1429.31
1500.3
1502.24
1501.87
1419.44
1435.86
1496.86
1501.12
1502.88
1505.27
1508.09
1463.75
1360.61
1401.52
1517.72
1463.01
1439.44
1448.14
1509.17
1488.42
1487.44
1472.24
1461.75
1462.14
1444.51
1426.58
1427.16
1428.87
1430.96
1449.63
1483.92
1493.89
1450.99
1366.28
1363.39
1362.97
1362.48
1362.32
1384.36
1487.91
1498.31
1499.74
1500.38
1499.87
1499.04
1498.38
1495.44
1496.52
1498.41
1499.28
1503.6
1413.77
1353.07
1360.29
1498.17
1470.29
1439.1
1440.49
1510.86
1486.5
1484.77
1482.02
1457.57
1457.09
1464.98
1463.55
1448.44
1442.41
1463.98
1464.47
1458.94
1432.3
1371.21
1363.08
1362.64
1361.99
1399.37
1493.68
1499.11
1498.95
1499.4
1499.99
1499.85
1498.59
1492.91
1429.55
1358.54
1439.11
1500.74
1446.84
1335.19
1340.47
1345.91
1431.17
1499.73
1443.53
1438.04
1443.38
1513.34
1444.61
1485.31
1483.1
1480.75
1478.51
1476.92
1470.84
1463.16
1476.46
1481.17
1483.65
1485.99
1488.82
1490.51
1491.84
1493.9
1492.74
1483.73
1486.99
1492.66
1497.44
1499.79
1500.81
1501.37
1500.83
1351.39
1292.99
1293.88
1293.76
1293.72
1330.79
1436.77
1455.69
1473.98
1485.68
1482.04
1434.05
1437.52
1440.19
1515.07
1458.01
1453.83
1450.64
1448.29
1448.15
1455.87
1475.66
1475.39
1475.95
1477.4
1479.37
1481.54
1480.66
1481.96
1484.57
1491.86
1495.18
1497.19
1468
1445.67
1444.39
1476.14
1501.79
1505.56
1480.69
1296.94
1293.7
1293.89
1293.58
1292.75
1377.11
1467.14
1470.33
1467.25
1469.84
1490.55
1479.53
1437.77
1447
1525.96
1493.5
1487.43
1483.37
1480.01
1476.59
1473.95
1472.97
1471.55
1471.1
1472.18
1473.52
1458.41
1459.48
1482.55
1488.85
1492.21
1495.21
1498.08
1500.33
1469.7
1439.97
1440.82
1447.73
1508.48
1509.64
1350.7
1291.57
1291.54
1290.8
1289.89
1290.06
1291.3
1427.65
1503.46
1506.7
1511.48
1517.22
1504.55
1513.06
1531.26
1491.62
1485.96
1480.86
1476.38
1472.19
1469.26
1467.24
1464.99
1463.66
1464.07
1466.6
1451.16
1448.24
1454.56
1483.79
1489.99
1494.55
1498.45
1501.66
1504.58
1457.09
1442.97
1445.87
1507.47
1513.36
1454.61
1287.87
1286.83
1285.63
1284.98
1318.57
1392.2
1371.75
1366.16
1394.71
1501.2
1511.62
1518.92
1524.35
1528.95
1474.66
1476.46
1474.06
1469.06
1462.54
1458.43
1450.56
1422.46
1395.39
1387.39
1390.07
1405.8
1451.77
1468.33
1478.39
1486.14
1492.1
1497.29
1501.54
1500.88
1442.87
1444.07
1488.86
1512.91
1511.55
1501.59
1324.95
1380.42
1477.49
1491.06
1500.54
1462.48
1356.5
1355.15
1355.52
1459.52
1473.4
1490.09
1509.43
1513.66
1446.93
1393.34
1345.49
1298.02
1192.51
1173.39
1145.04
973.269
970.743
971.185
1065.77
1143.93
1002.66
1164.53
1450.99
1479.02
1485.97
1492.55
1499.01
1448.23
1441.68
1466.34
1512.15
1511.85
1486.73
1464.89
1493.92
1507.61
1506.63
1505.26
1502.6
1369.58
1348.8
1355.48
1452.22
1448.12
1241.59
1316.47
1470.93
1490.66
1319.95
1012.99
986.921
983.324
980.178
976.355
972.682
969.699
968.464
968.901
968.287
970.279
975.746
1030.72
1408.2
1476.03
1482.99
1479.25
1433.12
1436.72
1457.75
1508.76
1511.01
1501.43
1465.06
1477
1507.39
1506.19
1503.76
1484
1426.18
1426.9
1473.55
1465.04
1357.82
1131.45
1110.92
1128.66
1453.12
1472.23
1200.48
1032.85
985.125
982.217
978.607
975.072
972.527
970.598
970.35
971.289
969.743
971.472
1119.98
1377.38
1472.24
1479.36
1483.4
1455.91
1431.99
1455.5
1504.65
1509.3
1509.4
1470.52
1463.4
1490.62
1507.23
1505.13
1502.23
1461.13
1436.06
1475.12
1467.35
1351.23
1103.16
1098
1098.56
1117.35
1465.98
1468.45
1494.22
1419.47
1111.83
982.705
977.289
1003.26
1069.36
1173.66
1108.4
1009.17
1111.17
1310.84
1473.63
1480.04
1480.33
1481.89
1484.83
1484.31
1472.7
1498.91
1505.51
1507.15
1494.03
1464.8
1464.48
1505.39
1507.43
1505.3
1487.87
1447.81
1442.18
1472.69
1460.65
1164.44
1097.06
1094.81
1095.54
1111.5
1445.85
1442.55
1496.91
1496.09
1495.1
1365.46
1282.29
1437.86
1454.65
1342.36
1116.1
1017.14
1097.88
1286.78
1355.15
1394.73
1451.44
1479.8
1484.99
1488.77
1492.24
1499.44
1502.3
1504.32
1497.93
1464.38
1473.47
1508.42
1508
1506.41
1503.03
1488.33
1486.6
1490.42
1441.24
1126.43
1097.22
1095.82
1095.89
1096.95
1142.88
1118.68
1498.27
1498.27
1498.21
1498.6
1499.04
1498.33
1455.51
1329.14
1326.11
1341.15
1263.95
1218.86
1218.12
1217.92
1218.04
1239.82
1310.04
1375.22
1474.61
1494.09
1498.47
1502.13
1504.9
1464.01
1474.94
1509.18
1508.71
1507.51
1505.88
1503.64
1500.89
1497.72
1490.41
1249.89
1100.5
1099.91
1100.2
1101.36
1098.21
1100.53
1494.76
1499.43
1500.09
1500.48
1500.53
1498.58
1492.31
1499.53
1499.61
1499.84
1499.65
1455.96
1417.69
1383.35
1320.84
1295.73
1263.64
1260.16
1311.05
1456.46
1501.73
1504.63
1505.96
1468.52
1475.61
1508.11
1508.48
1508.13
1507.32
1506.2
1504.94
1503.69
1502.78
1472.54
1166.76
1106.67
1107.77
1108.03
1105.75
1161.62
1486.37
1492.78
1501.69
1501.77
1498.89
1500.29
1502.27
1501.75
1501.69
1501.83
1502.1
1502.57
1503.53
1505.32
1506.99
1500.09
1471.83
1406.04
1275.02
1273.24
1318.07
1496.7
1506.68
1503.71
1500.14
1508.35
1508.82
1508.66
1508.58
1508.53
1508.31
1508.61
1509.55
1511.24
1457.17
1268
1214.29
1184.49
1256.99
1445.86
1488.46
1493
1502.41
1503.24
1499.7
1499.7
1503.42
1502.74
1502.5
1502.51
1502.85
1503.52
1504.49
1505.67
1506.89
1507.71
1508.17
1410.59
1268.38
1269.02
1269.69
1350.18
1507.41
1508.34
1509.01
1509.22
1509.59
1510.22
1510.55
1509.84
1510.02
1511.35
1513.65
1516.55
1514.06
1488.95
1482.06
1468.85
1461.41
1454.29
1500.99
1502.5
1502.99
1503.26
1502.42
1500.78
1501.03
1500.7
1500.41
1500.64
1501.83
1503.07
1504.23
1505.41
1506.61
1507.15
1507.21
1503.65
1357.51
1267.13
1268.56
1269.42
1328.39
1418.44
1488.78
1505.72
1506.1
1510.53
1510.95
1369.42
1447.7
1508.73
1513.27
1516.91
1511.96
1414.63
1438.62
1395.73
1323.12
1377.4
1507.59
1505.02
1501.05
1497.2
1494.69
1492.83
1494.95
1496.59
1497.39
1499.19
1501.86
1503.53
1504.28
1505.15
1506.98
1508.26
1508.54
1508.43
1499.09
1409.01
1332.89
1334.45
1382.65
1384.21
1432.55
1508.24
1509.73
1498.52
1378.06
1213.54
1213.02
1402.95
1518.83
1521.69
1521.73
1307.78
1126.49
1107
1106.54
1107.59
1489.17
1497.73
1481.34
1356.82
1242.5
1300.18
1428.93
1473.29
1434.49
1457.06
1485.85
1489.12
1481.17
1495.11
1510.23
1510.9
1507.89
1505.3
1511.19
1511.08
1497.39
1461.8
1376.47
1428.49
1479.86
1512.37
1512.45
1511.94
1298.32
1208.69
1209.04
1324.54
1522.78
1528.18
1526.8
1267.85
1101.53
1102.84
1104.47
1106.69
1455.65
1403.95
1100.7
815.579
775.899
929.47
1373.9
1102.53
896.543
903.877
911.906
924.751
1083.81
1457.38
1516.1
1515.81
1432.51
1257.46
1258.24
1255.77
1254.37
1256.83
1261.9
1261.41
1395.51
1365.77
1378.91
1505.39
1244.12
1204.04
1207.3
1270.74
1518.61
1534.46
1534.63
1280.99
1100.13
1100.86
1101.37
1263.12
1477.54
1133.78
781.293
777.931
775.671
774.093
774.701
792.786
1280.41
1493.16
1495.93
1496.99
1498.72
1498.94
1498.09
1495.27
1497.1
1501.04
1502.68
1505.78
1443.52
1358.88
1339.94
1329.43
1255.47
1251.84
1248.48
1249.84
1196.47
1200.99
1205.15
1269.76
1523.39
1538.92
1541.38
1361.76
1098.38
1099.37
1099.58
1391.3
1502.97
1068.12
783.258
779.685
778.585
834.176
782.912
823.375
1263.72
1496.86
1497.78
1498.15
1498.36
1435.57
1295.18
1218.02
1329.27
1474.7
1507.71
1509.75
1512.43
1514.72
1516.02
1514.98
1511.76
1477.29
1289.87
1226.25
1199.26
1200.31
1203.82
1366.67
1531.09
1540.57
1544
1500.12
1130.44
1098.88
1297.75
1384.44
1520.17
1285
787.719
1085.38
1519.83
1462.9
1447.07
1483.65
1496.96
1500.37
1500.36
1485.93
1295.83
1100.13
1101.74
1104.02
1107.4
1110.72
1379.21
1509.63
1512.85
1513.66
1513.12
1511.01
1508.6
1506.6
1504.55
1436.31
1389.58
1307.34
1389.27
1517.31
1527.6
1516.13
1527.22
1538.97
1389.63
1100.76
1340.63
1342.49
1532
1262.21
852.712
1369.76
1512.4
1509.62
1507.38
1505.1
1503.42
1502.15
1449.14
1180.07
1095.75
1095.69
1097.69
1100.94
1106.32
1114.08
1126.88
1293.25
1493.15
1505.36
1509.08
1506.48
1503.56
1500.33
1495.74
1507.27
1516.81
1527.56
1533.6
1535.44
1525.8
1517.52
1519.28
1542.57
1514.91
1110.26
1338.79
1314.52
1523.67
1164.81
910.248
1397.95
1508.96
1508.23
1506.49
1462.08
1424.72
1468.97
1407.52
1107.59
1090.79
1090.99
1091.63
1129.26
1429.93
1505.89
1447.83
1340.54
1342.32
1359.93
1507.18
1505.76
1504.43
1409.01
1144.43
1099.66
1386.17
1537.44
1539.98
1541.37
1542.03
1532.04
1539.27
1547.39
1548.38
1385.47
1273.26
1406.52
1537.18
1182.63
940.017
1316.78
1511.44
1509.93
1474.63
1422.45
1420.67
1455.17
1453.74
1280.5
1083.72
1085.03
1221.7
1505.54
1506.46
1508.41
1510.34
1507.34
1377.3
1360.45
1440.76
1511.84
1494.66
1169.78
1098.91
1102.76
1105.62
1109.07
1215.44
1522.89
1550.08
1550.42
1551.58
1553.37
1555.59
1541.02
1280.29
1526.88
1548.18
1298.21
966.725
1203.62
1516.15
1511.8
1481
1418.37
1414.42
1410.93
1465.67
1490.12
1305.18
1142.48
1453.11
1491.96
1494.55
1497.77
1501.37
1505.43
1499.65
1411.08
1418.28
1503.41
1515.86
1524.55
1532.45
1458.81
1149.02
1114.71
1116.57
1112.48
1179.4
1515.06
1554.55
1477.93
1470.12
1492.53
1480.43
1528.15
1555.9
1519.42
1168.8
1136.34
1446.23
1510.44
1504.01
1484.16
1404.76
1401.7
1413.83
1482.69
1478.92
1476.01
1475.6
1477.31
1481.49
1487.33
1493.72
1499.41
1503.97
1446.61
1419.54
1425.49
1483.28
1532.14
1539.85
1545.99
1550.39
1552.21
1470.79
1111.25
1110.32
1111.41
1135.71
1111.33
1111.58
1236.54
1524.1
1528.98
1559.1
1560.08
1543.47
1270.5
1383.32
1509.94
1499.95
1489.92
1482.5
1420.46
1384.44
1380.57
1457.86
1469
1468.45
1468.75
1474.98
1481.73
1489.09
1473.31
1457.43
1428.68
1419.7
1428.97
1437.81
1447.58
1523.07
1549.33
1554.42
1558.51
1561.43
1551.46
1388.43
1258.24
1171.21
1114.82
1111.5
1198.49
1529.68
1535.61
1375.31
1308.28
1435.74
1422.19
1408.83
1502.55
1469.16
1198.86
1035.15
1333.13
1383.43
1386.5
1426.02
1431.84
1419.47
1430.73
1473.79
1485.92
1475.08
1428.39
1435.16
1443.44
1517.76
1473.45
1438.98
1448.11
1456.97
1465.92
1555.04
1560.53
1540.35
1537.77
1564.31
1565.4
1546.11
1375.57
1235.93
1456.55
1533.65
1529.56
643.172
638.64
672.268
1007.84
1445.72
1501.34
1372.4
664.714
560.144
570.489
554.131
557.6
1087.14
1401.61
1427.22
1414.86
1419.63
1476.1
1498.49
1440.56
1439.64
1448.83
1520.58
1527
1530.55
1458.11
1454.86
1462.28
1474.8
1559.44
1507.32
1423.68
1514.34
1563.63
1561.83
1560.34
1559.36
1542.37
1423.05
1279.46
629.228
623.836
618.468
612.913
1123.35
1518.22
1404.58
600.316
552.237
549.146
550.166
552.962
555.163
616.778
1319.6
1470.79
1449.38
1451.27
1507.47
1473.53
1445.36
1451.46
1522.02
1528.57
1534.51
1541.2
1523.58
1490.94
1494.03
1541.84
1526.52
1409.91
1279.81
1560.17
1559.23
1437.22
1372.83
1283.57
1261.18
1262.51
911.51
621.303
601.63
596.121
589.589
1230.45
1082.97
560.204
552.227
551.046
552.317
554.851
557.244
559.596
797.439
1469.47
1513.25
1517.39
1520.74
1484.55
1467.9
1503.17
1524.06
1530.06
1536.17
1542.51
1548.29
1553.78
1557.93
1506.19
1521.71
1492.94
1268.45
1284.12
1539.5
1257.69
1258.66
1260.8
1262.78
1264.28
1249.5
1161.84
991.104
592.111
590.209
598.309
589.409
561.554
557.542
556.925
558.572
560.084
561.868
563.888
671.957
1414.31
1525.32
1528.3
1530.09
1509.31
1530.39
1523.23
1497.35
1445.83
1498.33
1524.12
1549.66
1556.74
1562.65
1510.19
1513.4
1550.28
1270.2
1172.81
1540.99
1469.58
1260.13
1262.68
1270.78
1415.49
1142.02
1106.66
1087.34
897.552
603.263
604.197
663.198
606.694
667.296
755.045
823.643
742.442
567.827
569.653
931.363
1508.96
1537.97
1539.67
1539.95
1538.69
1536.22
1424.8
1165.41
956.864
1159.86
1484.36
1543.31
1561.52
1571.23
1568.64
1520.38
1571.7
1215.74
965.652
987.862
1393.54
1483.6
1482.12
1484.01
1487.23
1449.1
1314.01
1122.5
800.127
608.439
785.284
973.52
813.587
865.087
1259.88
1335.11
1331.51
1325.14
1371.36
1438.99
1520.05
1549.4
1550.08
1549.95
1547.44
1545.4
1320.56
920.156
920.031
921.032
1191.27
1548.66
1571.44
1579.14
1582.66
1529.33
1583.8
1586.79
1355.39
886.577
885.045
946.409
949.768
1303.05
1347.31
1420.01
1499.06
1517.78
1256.99
899.828
899.794
966.562
966.738
946.041
915.462
914.423
1044.43
1496.29
1558.99
1558.64
1557.65
1559.51
1559.1
1558.64
1557.41
1556.69
1535.98
982.019
923.189
924.479
1007.39
1535.84
1579.64
1587.16
1591.48
1535.18
1587.17
1589.4
1591.15
1499.34
1161.63
823.254
820.657
819.072
822.964
1394.12
1561.03
1559.12
1415.16
1318.28
987.004
924.313
914.227
914.735
914.693
914.135
912.532
946.222
1429.67
1566.34
1566.61
1567.53
1568.28
1569.39
1570.35
1571.47
1505.26
959.204
927.61
928.61
1139.99
1566.41
1587.22
1593.09
1596.63
1559.23
1585.14
1592.6
1592.64
1578.92
1380.18
1386.07
1482.69
1088.97
1144.15
1364.31
1563.28
1561.54
1560.41
1559.67
1139.63
910.817
911.558
912.503
912.956
912.67
912.164
911.731
1181.34
1571.82
1574.79
1575.59
1576.94
1578.77
1580.57
1566.95
1039.71
930.747
931.346
932.037
1423.42
1584.48
1592.29
1597.12
1599.7
1582.14
1594.61
1594.04
1562.13
1419.08
1479.81
1481.91
1476.8
1133.12
1238.75
1416.11
1565.3
1564.45
1563.32
1561.99
1509.2
974.606
908.883
910.124
910.632
910.242
909.748
909.855
1264.8
1582.48
1582.75
1583.21
1584.5
1586.99
1366.56
954.629
933.956
934.914
935.461
1303.37
1586.32
1587.78
1514.12
1523.07
1586.88
1571.89
1595.8
1596.55
1559.62
1342.03
1298.05
1467.7
1279.71
1061.97
1131.73
1386.81
1551.83
1565.12
1564.88
1565.33
1566.65
1539.49
1082.39
908.628
908.803
908.923
908.658
909.596
982.124
1269.54
1475.26
1449.55
1298.28
1020.51
932.85
935.175
938.052
940.264
1435.08
1599.74
1594.54
1584.47
1284.22
1230.82
1517.36
1594.4
1596.43
1598.03
1599.17
1461.29
1291.05
1067.83
1068.76
1068.84
1068.87
1334.79
1331.6
1406.31
1557.52
1567.67
1570.55
1572.78
1564.5
1480.32
1390.8
1274.89
1253.93
1175.95
1183.07
1355.89
1451.81
1213.04
932.56
934.149
935.66
1174.86
1598.51
1610.12
1611.53
1610.55
1604.49
1328.36
1225.93
1226.99
1225.74
1224.53
1502.31
1599.63
1599.46
1537.96
1501.66
1505.41
1192.49
1069.51
1070.55
1365.04
1364.36
1258.35
1219.55
1465.22
1570.14
1544.05
1495.27
1533.88
1546.54
1548.7
1548.74
1548.8
1548.09
1546.13
1544.89
1520.34
1445.58
1422.74
1482.12
1602.25
1611.78
1612.9
1605.35
1508.34
1552.27
1409.83
1371.75
1409.43
1410.14
1408.39
1347.75
1089.52
996.944
1300.21
1429.68
1576.47
1581.74
1240.4
1072.81
1029.09
894.329
1083.91
1055.74
960.65
898.528
1067.72
1176.43
1192.41
1190.98
1222.1
1262.9
1238.41
1243.16
1333.68
1408.5
1453.18
1426.43
1388.54
1461.83
1545.67
1594.37
1570.4
1328.71
1196.34
1340.52
1339.7
1408.05
1397.55
1378.95
1354.26
1378.76
1077.33
954.076
960.517
962.405
1455.4
1582.64
1582.73
1178.68
484.147
78.5878
129.015
78.1534
186.264
224.777
224.479
152.135
69.711
69.985
114.838
251.216
448.868
514.642
445.904
457.795
496.078
601.805
698.642
911.901
1373.27
1565.42
1557.1
1257.31
741.173
456.818
567.759
1139.73
1400.31
1151.59
937.535
943.082
948.894
951.967
1125.46
1599.88
1596.29
1493.21
1475.64
1470.66
12.9984
5.0228
3.49611
3.51272
3.42562
3.55036
21.6028
50.5171
22.622
1.62501
2.7829
185.892
403.195
431.018
399.604
460.719
475.154
436.991
392.083
513.04
596.75
408.507
166.567
88.0875
36.2647
2.57754
1.44587
1.66227
629.545
1263.07
1478.27
1536.57
1567.76
1586.85
1600.71
1604.2
1585.88
1438.99
1473.17
1454.21
2.09962
4.14512
6.18578
4.9855
3.327
2.74046
15.5887
47.8062
9.2641
0.215181
-0.239493
-0.414655
-0.406552
-0.389227
-0.327748
-0.325486
-0.335698
5.38773
15.7831
8.52015
1.08271
0.819323
0.787977
0.683113
0.801601
0.675451
0.5748
0.29797
0.148102
66.4297
383.635
567.08
787.887
982.17
1070.98
1047.49
925.806
955.751
1001.86
1009.09
1.89638
4.94088
5.92142
5.93846
4.93753
1.84047
7.60804
37.3052
14.2857
-0.0741095
-0.302564
-0.432853
-0.468647
-0.45333
-0.399479
-0.331288
-0.23723
-0.0916212
0.865293
1.47136
1.78203
0.869012
0.393225
0.601918
0.767173
0.849725
0.761973
0.401239
0.26279
0.309139
0.324965
0.343305
0.363979
0.45672
31.8461
179.985
339.025
364.968
353.822
354.973
1.73941
2.94527
2.32106
2.53279
2.04127
1.4977
4.1112
14.5638
25.541
14.3636
0.559123
-0.485475
-0.512056
-0.322644
-0.0312115
-0.321459
-0.202048
-0.0976485
-0.0279767
0.00674823
0.0222392
0.0255422
0.347736
2.01038
3.08478
3.27429
3.25167
3.23978
1.46094
0.310958
0.329206
0.351846
0.367544
0.388078
9.25204
17.8161
0.0643693
0.0857396
0.0899977
0.101438
1.61935
0.639295
0.328737
0.431469
0.497699
0.497367
1.45225
3.00822
7.21479
15.5953
15.5959
9.20674
1.9375
1.0489
0.316192
-0.228144
-0.112567
0.138668
0.0153147
-0.0220638
-0.00836099
-0.00270652
-0.00448153
-0.00863846
2.41381
3.25569
3.26053
3.26087
1.87337
0.31303
0.31028
0.620737
1.40146
0.918838
0.185859
0.0954139
0.0885318
0.169326
0.172829
0.138782
0.654116
0.255865
0.270864
0.456932
0.525789
0.498683
0.459547
0.481665
0.355349
1.82098
4.67145
9.69284
8.1952
2.00873
0.0313495
-0.0787772
0.483179
0.590318
0.602009
0.187396
0.0703477
-0.0142988
-0.0245077
-0.0234068
1.88655
3.25502
3.27102
3.26855
1.68388
0.347814
1.05452
1.543
1.54097
1.52851
1.37512
0.11769
0.198443
1.32993
1.67521
0.646674
0.267205
0.214677
0.558829
1.00968
0.99243
0.932299
0.855379
0.568806
0.321676
0.0914008
-0.0172526
0.636414
0.531221
0.162746
0.205313
0.582881
0.612522
0.632192
0.647029
0.659698
0.217144
-0.0330381
-0.0390464
-0.0364926
1.75668
3.2116
3.19242
2.33339
0.891228
0.295374
0.743016
1.31697
1.27765
0.923426
0.46691
0.0126393
-0.00590789
1.18142
1.95774
1.96164
0.170897
0.175273
0.493467
0.990693
0.979879
0.903854
0.553872
0.355718
0.175692
0.0496487
0.0103245
0.00713449
0.0312284
-0.000976297
-0.0626784
-0.00870252
0.366725
0.484153
0.480037
0.457943
0.17999
-0.0372463
-0.0404086
0.0271613
0.435269
0.12781
-0.0470237
-0.0421089
-0.0359804
0.00729524
-0.0288093
-0.0292641
-0.0275896
-0.0245788
-0.0206894
-0.0153571
-0.0137018
-0.0115727
1.56097
1.97637
0.0942438
0.154221
0.162251
0.244934
0.284164
0.124216
0.0407549
0.0226149
0.00566495
-0.00337411
-0.0110781
-0.0196597
-0.0293505
-0.0393658
-0.046424
-0.0509294
-0.0530539
-0.0528121
-0.0507392
-0.047924
-0.0314293
-0.0288196
-0.0375401
-0.0357635
-0.0373265
-0.0391156
-0.0387061
-0.0352687
-0.0335207
-0.0312241
-0.0298614
-0.0300492
-0.0295513
-0.0279531
-0.0253039
-0.0225585
-0.01924
-0.0165492
0.103356
1.9643
0.0764706
0.122116
0.0408833
0.033718
0.0270758
0.0207188
0.0147861
0.0111768
0.00189291
-0.003215
-0.00810805
-0.0140108
-0.0205941
-0.0272803
-0.0327155
-0.0368761
-0.039478
-0.0404822
-0.0402827
-0.0393659
-0.0378098
-0.031739
-0.0322266
-0.0329441
-0.032884
-0.0328689
-0.0326583
-0.0319018
-0.0310628
-0.0304394
-0.0304459
-0.0310801
-0.0319008
-0.032878
-0.0315305
-0.0147721
-0.0192529
-0.0242396
0.0180268
1.31746
0.0662663
0.0674236
0.0242975
0.0191421
0.0134171
0.00778795
0.00285688
-0.00132021
-0.00325834
-0.0079723
-0.0116465
-0.0148844
-0.0189091
-0.0236465
-0.0269657
-0.0293949
-0.0310976
-0.0321064
-0.0324208
-0.0320613
-0.0313364
-0.0304633
-0.0296063
-0.0287387
-0.0282669
-0.0283325
-0.028403
-0.0281612
-0.0280346
-0.0280743
-0.0282739
-0.0192396
-0.00345605
-0.0226099
-0.0253441
0.112875
0.202659
0.107165
-0.00917707
0.0491869
0.0311207
0.0110695
0.00526469
-0.000978797
-0.0072679
-0.00681531
0.156664
0.203782
0.0582706
0.0545374
-0.00511625
-0.0179598
-0.0194679
-0.0216266
-0.0232069
-0.0244458
-0.0253881
-0.0259733
-0.0262126
-0.0261375
-0.0258189
-0.0253725
-0.0248911
-0.024462
-0.0241485
-0.0239712
-0.0238963
-0.0238364
-0.0238431
-0.0239516
-0.0227587
0.0779224
0.190675
0.0998149
0.0336334
0.121901
0.109947
-0.0239277
-0.0215078
-0.0202593
0.000396965
-0.00663619
-0.0105133
-0.0176039
0.00636988
0.129971
0.188418
0.189622
0.195696
0.203273
0.106357
-0.0195156
-0.0197113
-0.0196581
-0.0196592
-0.020249
-0.0205967
-0.020798
-0.0209345
-0.0209543
-0.0208582
-0.0206712
-0.0204219
-0.0201482
-0.0199126
-0.0197582
-0.0196744
-0.0196487
-0.0196616
-0.0197016
-0.0140902
0.14944
0.196266
0.196379
0.196271
0.0427916
-0.0173541
-0.0164445
-0.0151765
-0.0144319
-0.00303131
-0.0133724
-0.0205694
-0.0299916
-0.0298493
0.109625
0.177718
0.181835
0.192601
0.203458
0.141044
-0.0145572
-0.0176252
-0.0162158
-0.0155843
-0.0159783
-0.0161299
-0.0162008
-0.0163049
-0.0163843
-0.0164049
-0.0163691
-0.0162919
-0.0161921
-0.0160667
-0.0159448
-0.0158562
-0.015806
-0.0157803
-0.0157562
-0.0157169
0.0438759
0.202054
0.202767
0.202552
0.141814
-0.0142732
-0.01391
-0.0128492
-0.0117517
-0.00540699
-0.013956
-0.0214166
-0.03099
-0.0388797
-0.00585177
-0.00634459
-0.0254486
0.152368
0.148564
-0.00272309
-0.0154206
-0.013053
-0.0117262
-0.0111181
-0.01159
-0.0117576
-0.0118892
-0.0120564
-0.012212
-0.0123285
-0.0123971
-0.0124196
-0.0124083
-0.012366
-0.0122978
-0.01223
-0.0121685
-0.012105
-0.0120249
-0.0119277
-0.011801
0.00355542
0.163834
0.193017
0.0217327
-0.011252
-0.0110169
-0.0100149
-0.00901371
-0.0101832
-0.0091463
-0.00781145
-0.0144742
-0.0185807
-0.0194173
-0.0187102
-0.00616346
-0.0139189
-0.0104186
-0.00875739
-0.00792695
-0.00698369
-0.00669856
-0.00720107
-0.00748114
-0.00767677
-0.00793526
-0.00820503
-0.00844714
-0.00863754
-0.00876989
-0.00884888
-0.00887653
-0.00886956
-0.00884081
-0.00878508
-0.00869767
-0.00858923
-0.00847449
-0.00837144
-0.00826597
-0.00818124
-0.00813945
-0.00794634
0.00152686
-0.00767868
-0.00757168
-0.00696617
-0.00703504
-0.0164344
-0.0218442
-0.00636053
-0.00413286
-0.00459795
-0.00118369
0.00206405
0.00335772
0.00182431
0.00038409
-0.000327755
-0.000482446
-0.00123295
-0.00226861
-0.00277976
-0.00324555
-0.00369569
-0.00411778
-0.00450113
-0.00483566
-0.00510843
-0.00531039
-0.00544101
-0.00549514
-0.00551027
-0.00550324
-0.005467
-0.00541582
-0.00533822
-0.00518423
-0.00492095
-0.00459129
-0.00428837
-0.00403956
-0.00381268
-0.00364776
-0.0036463
-0.0039506
-0.00405716
-0.00379333
1477.62
1477.52
1477.37
1477.25
1477.35
1477.49
1477.78
1478.07
1478.25
1478.06
1478.15
1477.18
1477.12
1477.05
1476.99
1476.96
1476.86
1476.44
1475.77
1474.59
1473.12
1471.75
1470.52
1469.43
1468.55
1467.56
1468.33
1468.06
1467.93
1467.16
1466.42
1465.92
1466.69
1466.11
1466.6
1465.54
1465.48
1466.64
1468.15
1469.54
1477.28
1477.24
1477.18
1477.1
1477.09
1477.2
1477.6
1478.24
1478.45
1478.03
1477.75
1477
1476.85
1476.8
1476.62
1476.29
1475.62
1474.73
1473.49
1472.25
1470.73
1469.54
1468.86
1468.48
1468.21
1467.94
1466.28
1466.51
1466.13
1466.01
1466.05
1465.89
1465.52
1465.04
1463.13
1463.19
1461.72
1463.65
1466.03
1467.92
1477.03
1476.98
1476.88
1476.86
1476.33
1476.73
1476.97
1478.08
1478.08
1477.24
1477.14
1476.54
1476.77
1476.78
1476.33
1475.47
1474.16
1471.93
1469.42
1466.99
1465.16
1465.04
1465.85
1466.89
1467.46
1466.95
1466.12
1467.44
1467.95
1468.25
1468.84
1468.56
1467.95
1461.91
1461.56
1461.27
1460.59
1461.04
1465.58
1467.25
1475.94
1475.81
1475.7
1475.26
1475.37
1475.5
1476.73
1477.5
1477.78
1476.9
1476.89
1476.6
1477.67
1477.37
1476.49
1475.39
1473.58
1468.38
1460.96
1457.05
1455.64
1456.01
1458.57
1462.63
1465.37
1463.82
1464.43
1468.79
1465.53
1463.36
1463.62
1462.58
1462.29
1461.44
1460.66
1465.88
1465.62
1464.48
1464.19
1464.68
1475.11
1474.52
1474.31
1473.95
1474.93
1476.11
1476.53
1476.7
1477.05
1476.88
1476.93
1477.57
1477.59
1477.69
1477.36
1476.02
1473.26
1459.72
1455.38
1455.45
1455.42
1455.71
1455.89
1461.8
1471.71
1471.59
1462.31
1462.14
1462.8
1462.48
1465.53
1469.46
1468.32
1466.96
1465
1463.48
1462.19
1461.14
1460.46
1460.35
1476
1474.8
1475.45
1475.12
1473.47
1471.69
1473.53
1475.77
1476.5
1477.26
1477.77
1477.79
1477.47
1476.82
1476.03
1474.96
1474.05
1464.21
1455.33
1455.39
1455.13
1457.54
1463.05
1468.88
1471.3
1473.41
1473.29
1469.62
1466.95
1467.68
1467.68
1466.5
1463.58
1459.7
1459.91
1459.93
1458.49
1456.11
1454.81
1455.31
1476.43
1476.44
1476.39
1475.02
1471.08
1471.03
1470.49
1473.68
1475.52
1475.81
1475.96
1475.36
1474.26
1474.12
1473.58
1472.86
1473.08
1473.37
1468.07
1462.07
1473.58
1475.51
1474.36
1472.57
1470.74
1469.98
1470.48
1471.45
1472.95
1470.03
1466.33
1458.3
1447.13
1440.6
1447.39
1457.52
1458.6
1452.31
1448.17
1447.31
1476.38
1475.98
1475.42
1475.45
1470.54
1469.77
1468.52
1470.02
1466.28
1460.46
1470.17
1470.72
1470.57
1470.84
1469.85
1469.8
1470.89
1471.85
1472.4
1472.74
1473.16
1473.1
1472.16
1469.56
1459.06
1454.16
1453.32
1466.38
1471.24
1468.93
1459.38
1438.03
1435.22
1434.83
1435.72
1456.1
1459.91
1458.07
1449.16
1444.32
1476.55
1475.7
1474.44
1476.01
1474.75
1472.62
1462.75
1447.36
1441.4
1440.14
1450.61
1466.31
1466.94
1467.42
1466.29
1466.87
1467.69
1470.71
1470.36
1468.91
1469.88
1472.36
1472.13
1465.87
1443.28
1443.84
1444.24
1467.64
1471.41
1469.72
1453.32
1437.64
1436.24
1435.59
1435.45
1435.4
1456.02
1460.69
1454.8
1444.56
1475.43
1476.26
1474.86
1476.45
1475.67
1469.42
1440.8
1437.18
1435.69
1433.1
1436.06
1462.62
1463.83
1464.52
1465.88
1466.08
1466.43
1467.32
1467.96
1468.26
1468.77
1469.23
1473.68
1468.78
1444.51
1443.56
1442.83
1449.77
1472.82
1471.82
1467.96
1447.02
1439.18
1445.68
1445.13
1436.48
1435.93
1438.7
1460.54
1461.44
1475.9
1477.19
1475.96
1475.64
1477.4
1471.09
1436.54
1435.12
1433.04
1429.16
1424.37
1461.73
1455.6
1457.19
1461.84
1465.09
1467.13
1468.19
1470.19
1471.41
1469.27
1469.6
1473.59
1475.28
1465.12
1442.45
1442.06
1441.25
1462.19
1473.92
1473.26
1472.58
1472.21
1472.74
1472.48
1448.69
1433.98
1432.28
1431.9
1443.61
1477.1
1477.72
1476.46
1476.07
1476.35
1475.53
1457.39
1434
1431.66
1428.22
1423.93
1438.43
1423.33
1423.93
1430.82
1445.03
1465.97
1470.95
1473.22
1474.59
1473.23
1471.51
1471.78
1478.01
1478.8
1464.78
1441.74
1441.15
1440.14
1461.67
1473.92
1474.79
1474.79
1474.81
1474.51
1473.49
1451.94
1432.89
1432.44
1432.28
1477.85
1478.24
1478.96
1477.01
1477.03
1477.35
1478.63
1453.8
1432.3
1429.64
1426.73
1423.94
1422.86
1423.05
1423.17
1423.96
1452.32
1474.72
1476.92
1478.04
1478.31
1474.38
1473.38
1475.01
1480.44
1481.18
1477.91
1448.3
1440.39
1439.96
1439.1
1462.52
1466.38
1472.25
1477.01
1477.79
1478.28
1474.17
1442.74
1436.48
1482.28
1482.07
1481.18
1482.05
1478.84
1478.89
1482
1484
1470.11
1430.94
1429.3
1427.85
1427.01
1426.94
1426.91
1427.04
1450.33
1479.04
1480.84
1481.48
1481.09
1480.42
1474.4
1474.6
1478.03
1481.73
1482.33
1482.75
1475.67
1448.97
1443.43
1442.99
1441.11
1446.83
1476.88
1480.43
1482.22
1482.47
1482.53
1482.69
1483.78
1483.6
1483.69
1483.48
1483.37
1482.27
1484.39
1485.4
1485.61
1480.47
1436.44
1429.64
1429.21
1428.91
1428.29
1433.76
1477.03
1482.46
1483.39
1483.55
1481.32
1481.6
1477.29
1475.3
1477.21
1481.68
1482.27
1483.08
1483.08
1482.84
1482.41
1472.13
1456.28
1456.7
1461.16
1476.4
1482.84
1482.98
1482.91
1482.68
1485.32
1485.22
1485.13
1484.74
1485.23
1485.63
1485.99
1486.26
1486.27
1486.1
1479.59
1468.56
1439.08
1431.06
1455.84
1484.82
1483.92
1482.88
1471.16
1471.78
1471.59
1481.29
1477.9
1475.91
1482.14
1482.36
1482.51
1482.53
1482.37
1482.07
1481.6
1481.02
1480.71
1480.55
1480.96
1481.63
1482.02
1481.98
1481.51
1481.24
1486.89
1486.32
1485.82
1485.65
1485.69
1486.4
1486.46
1485.66
1485.2
1485.98
1487.07
1487.25
1483
1482.71
1486.26
1486.35
1474.75
1450.51
1450.49
1451.78
1455.8
1480.65
1481.51
1484.05
1484.11
1483.59
1483.02
1482.43
1481.85
1481.28
1480.75
1480.27
1479.84
1479.48
1479.25
1479.15
1473.95
1476.29
1479.38
1479.67
1488.5
1488.01
1487.82
1487.35
1487.02
1483.81
1482.22
1482.45
1482.58
1486.45
1487.71
1488.19
1488.25
1487.84
1485.93
1477.61
1449.88
1449.87
1450.45
1451.97
1482.9
1483.25
1485.38
1486.45
1485.33
1484.27
1483.24
1482.24
1481.33
1480.51
1479.47
1478.1
1476.67
1475.69
1475.33
1475.58
1470.79
1458.79
1458.91
1465.47
1490.59
1490.11
1489.56
1486.78
1483.23
1482.92
1482.82
1483.98
1487.96
1487.98
1488.09
1488.23
1488.18
1487.45
1486.68
1480.7
1454.36
1450.17
1461.11
1483.05
1489.31
1488.9
1488.71
1487.41
1486.06
1484.69
1483.37
1481.39
1474.4
1466.6
1461.43
1457.35
1455.24
1454.88
1455.94
1456.48
1457.25
1457.47
1457.59
1456.99
1493.45
1492.62
1491.16
1485.11
1484.29
1483.62
1487.83
1488.67
1488.41
1488.24
1488.2
1488.18
1488
1487.67
1487.35
1486.91
1481.58
1476.08
1485.51
1487.03
1487.04
1485.21
1488.71
1487.65
1486.43
1485.09
1481.06
1464.09
1454.57
1454.19
1453.82
1453.57
1453.48
1454.61
1461.73
1469.66
1471.63
1472.35
1473.6
1474.98
1494.91
1493.73
1492.44
1486.82
1484.84
1487.27
1489.11
1488.68
1488.28
1487.89
1487.8
1487.95
1487.85
1487.63
1487.42
1487.66
1488.32
1488.88
1479.16
1475.22
1475.65
1484.82
1488.65
1487.93
1486.91
1485.71
1473.6
1455.06
1454.33
1453.57
1455.43
1465.3
1476.85
1480.71
1480.08
1479.52
1479.04
1478.12
1476.82
1475.13
1494.03
1492.82
1491.62
1489.96
1487.95
1489.06
1488.52
1487.98
1487.46
1484.24
1481.21
1483.64
1486.55
1486.77
1486.84
1487.11
1482.93
1473.24
1473.9
1474.48
1477.17
1489.31
1488.92
1488.21
1487.23
1486.08
1481.15
1463.17
1459.49
1480.25
1482.65
1481.86
1481.11
1480.41
1479.75
1478.85
1478.34
1477.36
1475.52
1472.75
1490.68
1490.02
1489.61
1489.23
1488.74
1488.3
1487.95
1487.63
1485.13
1456.85
1452.91
1459.41
1486.39
1486.87
1486.92
1479.92
1472.16
1472.83
1473.52
1474.75
1489.07
1489.53
1489.06
1488.36
1487.61
1486.69
1485.58
1484.54
1483.55
1482.72
1482.04
1481.16
1480.45
1479.58
1477.81
1477.14
1476.33
1476.53
1474.42
1467.22
1458.6
1460.88
1485.74
1487.83
1487.9
1487.83
1487.62
1478.02
1451.56
1451.82
1451.7
1453.04
1484.25
1487.34
1487.31
1476.11
1471.65
1472.22
1473.75
1489.71
1489.65
1489.32
1488.69
1488.34
1487.66
1486.78
1485.76
1484.72
1483.69
1482.73
1481
1479.36
1478.64
1478.15
1479.2
1478.35
1473.85
1470.48
1471.31
1446.06
1424.47
1423.4
1439.32
1488.69
1488.77
1488.27
1476.43
1450.53
1450.69
1450.78
1453.18
1484.74
1487.22
1487.02
1480.49
1470.35
1470.74
1471.15
1484.64
1488.99
1489.02
1488.51
1488.18
1487.97
1487.42
1486.68
1485.88
1485.03
1484.04
1482.91
1481.44
1479.53
1478.96
1479.27
1479.5
1479.07
1471.96
1467.75
1466.38
1463.52
1449.24
1422.09
1420.86
1488.71
1488.3
1487.55
1486.41
1466.59
1453.35
1475.05
1486.72
1484.69
1473.72
1469.37
1469.67
1470.07
1470.33
1476.52
1488.58
1488.64
1488.33
1487.74
1487.62
1487.56
1487.1
1486.53
1485.93
1485.01
1482.8
1482.58
1481.83
1480.96
1479.68
1480.13
1479.82
1479.51
1477.48
1470.02
1472.31
1478.22
1481.2
1420.3
1418.92
1438.04
1487.6
1486.11
1484.54
1484.45
1484.47
1484.7
1485.28
1474.96
1468.32
1469.22
1469.89
1470.35
1470.57
1485.4
1488.99
1488.79
1488.12
1487.4
1487.3
1487.32
1486.88
1486.42
1485.89
1485.28
1479.71
1463.86
1470.6
1480.37
1480.65
1480.57
1480.4
1480.03
1479.75
1479.53
1479.35
1479.24
1479.71
1473.39
1422.02
1418
1417.56
1431.66
1449.38
1464.08
1465.09
1454.71
1476.72
1480.51
1478.67
1468.43
1469.82
1470.59
1486.36
1490.37
1490.01
1489.45
1488.5
1487.71
1487.45
1487.08
1486.62
1486.23
1485.82
1485.42
1485.3
1441.12
1393.62
1443.24
1480.11
1474.59
1480.86
1480.48
1479.26
1479.19
1479.92
1480.45
1470.75
1477.93
1477.04
1422.86
1407.63
1405.1
1403.12
1402.03
1401.79
1401.85
1404.21
1421.14
1479.43
1481.13
1478.11
1481.45
1490.4
1490.66
1489.1
1480.77
1478.01
1486.43
1486.36
1486.67
1486.72
1486.63
1486.69
1486.91
1487.21
1459.85
1387.62
1385.62
1383.3
1395.57
1467.74
1454.44
1419.19
1415.92
1441.04
1457.01
1459.77
1465.49
1478.55
1475.06
1407.15
1406.31
1405.23
1404.27
1403.74
1403.36
1403.11
1403.32
1413.42
1478.9
1473.35
1491.46
1491.67
1484.73
1451.33
1439.68
1437.88
1449.9
1461.09
1487.94
1485.67
1480.89
1484.7
1487.72
1487.95
1486.34
1482.81
1431.89
1381.77
1381.86
1382.64
1401.55
1385.38
1384.18
1384.67
1385.41
1460.04
1459.56
1467.48
1476.35
1430.55
1406.91
1406.42
1405.96
1405.39
1404.74
1411.19
1405.45
1410.71
1481.68
1473.42
1486.05
1493.95
1490.38
1445.94
1440.12
1439.21
1437.94
1437.04
1438.64
1436.82
1436.86
1457.9
1489.15
1489.41
1468.8
1455.08
1453.42
1452.53
1453.29
1457.11
1476.18
1478.14
1461.13
1393.27
1385.24
1460.95
1460.59
1460.26
1460.17
1471.56
1478.78
1472.8
1459.15
1455.44
1475.92
1488.58
1470.13
1486.3
1469.35
1463.25
1482.15
1496.33
1496.33
1486.95
1447.01
1441.11
1442.13
1439.48
1438.83
1438.44
1442.93
1485.11
1490.9
1489.53
1484.04
1485.06
1489.2
1489.66
1489.5
1484.63
1477.34
1478.34
1492.46
1494.53
1495.19
1487.58
1474.83
1461.74
1461.05
1483.68
1497
1497.14
1497.13
1497.16
1497.45
1498.23
1499.07
1498.81
1426.32
1467.43
1470.86
1490.38
1497.73
1497.36
1494.65
1487.85
1491.05
1488.25
1485.45
1483.84
1488.26
1491.88
1491.63
1491.36
1491.1
1490.85
1490.65
1490.7
1490.97
1491.47
1492.16
1492.98
1493.79
1494.54
1494.16
1489.9
1488.99
1487.51
1472
1481.43
1495.13
1495.58
1496.22
1496.88
1497.59
1498.18
1498.72
1458.22
1418.75
1473.88
1478.75
1489.39
1498.48
1498.07
1497.93
1498.04
1497.85
1497.29
1496.33
1489.84
1492.66
1493.54
1492.57
1491.69
1490.94
1490.49
1490.38
1490.63
1491.15
1491.89
1492.65
1493.42
1494.25
1495.06
1495.71
1477.26
1423.52
1458.71
1488.74
1486.81
1491.62
1493.17
1494.48
1495.74
1488.23
1457.39
1425.58
1414.99
1415.43
1494.21
1500.16
1498.72
1499.4
1499.33
1499.02
1498.86
1498.52
1498.35
1497.99
1493.32
1492.28
1494.42
1493.17
1491.4
1490.01
1489.25
1488.97
1489.3
1487.62
1487.53
1490.75
1493.25
1493.8
1494.32
1494.92
1463.57
1428.14
1480.99
1493.68
1492.11
1492.29
1493.62
1478.93
1444.38
1428.71
1426.16
1426.77
1450.63
1476.41
1504.03
1502.74
1501.15
1499.72
1497.9
1499.53
1500
1493.39
1493.24
1498.69
1498.8
1497.79
1495.24
1489.13
1488.39
1487.97
1487.71
1487.11
1468.49
1472.22
1491.09
1493.15
1493.43
1493.48
1493.79
1477.94
1482.53
1430.24
1483.11
1500.57
1481.48
1456.88
1450.77
1452.08
1453.34
1467.06
1471.4
1484.46
1489.8
1495.25
1503.28
1501.6
1499.36
1497.5
1494.58
1493.21
1492.48
1492.74
1495.62
1500.61
1499.99
1498.74
1494.65
1485.89
1438.09
1393.42
1387.49
1401.8
1436.04
1471.29
1487.44
1492.88
1494.25
1492.72
1457.14
1450.06
1496.72
1432.54
1449.92
1505.05
1454.29
1453.61
1452.95
1468.41
1502.22
1502.44
1501.2
1490.58
1482.58
1482.41
1495.46
1495.5
1452.09
1403.04
1390.74
1435.33
1500.02
1499.87
1499.74
1499.23
1498.65
1498.14
1496.04
1479.42
1338.13
1315.57
1315.67
1315.77
1316.46
1324.02
1391.87
1392.38
1430.73
1446.24
1446.66
1450.48
1514.97
1454.18
1424.63
1509.56
1461.28
1456.92
1461.58
1504.39
1502.94
1501.63
1491.38
1480.62
1480.67
1488.88
1495.11
1421.75
1287.08
1286.77
1314.94
1499.52
1498.84
1497.96
1497.8
1494.24
1476.78
1462.38
1483.42
1482.66
1423.65
1316.63
1317.26
1317.79
1318.35
1319.12
1320.25
1320.59
1374.41
1489.02
1490
1499.17
1513.92
1502.37
1425.74
1461.28
1501.28
1474.52
1498.97
1505.18
1503.68
1500.99
1481.49
1481.41
1489.73
1502.21
1497.24
1343.02
1284.86
1284.39
1283.34
1291.39
1361.16
1422.4
1450.55
1439.4
1342.38
1296.59
1380.76
1478.25
1493.59
1490.21
1370.58
1318.77
1320.36
1335.13
1318.26
1329.68
1423.32
1483.65
1495.51
1494.97
1513.73
1513.24
1422.42
1421.77
1510.32
1509.44
1507.72
1505.97
1504.71
1503.6
1491.33
1491.24
1502.83
1503.2
1494.21
1403.21
1283.69
1283.17
1282.21
1281.31
1281.02
1281.49
1285.28
1288.08
1290.41
1291.9
1294.13
1392.52
1496.54
1490.65
1490.27
1493.98
1494.39
1494.33
1462.53
1492.86
1500.59
1486.61
1478.36
1479.18
1512.25
1511.79
1482.73
1420.09
1483.06
1508.59
1506.19
1505.09
1504.51
1504.24
1504.37
1504.69
1505.16
1490.21
1458.96
1455.41
1463.94
1417.75
1379.32
1372.45
1430.37
1470.7
1483.9
1479.54
1468.44
1474.03
1478.38
1485.66
1503.44
1477.48
1464.63
1464.08
1488.87
1486.11
1490.82
1499.93
1501.34
1501.81
1501.93
1503.21
1500.84
1510.15
1509.67
1493.32
1370.24
1368.18
1444.27
1493.29
1494.79
1503.04
1503.09
1503.15
1503.55
1502.32
1496.45
1488.04
1470.02
1489.12
1501.72
1499.49
1496.99
1496.2
1497.16
1499.04
1500.82
1501.97
1503.05
1503.86
1504.53
1505.04
1502.66
1489.37
1432.56
1426.42
1427.16
1429.78
1482.67
1501.15
1502.96
1503.71
1491.55
1507.05
1508.14
1511.08
1380.34
1344.55
1340.42
1345
1341.24
1341.16
1380.34
1460.74
1505.86
1505.7
1505.17
1504.61
1505.56
1506.22
1498.73
1491.57
1479.65
1461.03
1470.35
1495.68
1499.59
1501.68
1503.06
1503.44
1503.3
1502.75
1501.58
1494.94
1494.9
1496.17
1470.96
1426.11
1427.1
1427.41
1493.26
1505.2
1494.73
1498.92
1517.51
1514.91
1481.8
1356.7
1344.06
1342.85
1341.61
1340.9
1340.6
1340.28
1381.11
1495.34
1512.19
1511.9
1511.42
1510.97
1509.6
1450.6
1414.54
1412.57
1410.31
1488.54
1500.15
1500.72
1500.52
1499.63
1479.5
1451.11
1394.91
1437.02
1492.46
1493.84
1495.22
1496.9
1460.92
1428.62
1471.38
1507.47
1502.87
1511.96
1522.58
1522.99
1523.95
1479.49
1409.3
1372.95
1346.27
1346.38
1346.35
1346.28
1361.44
1470.99
1508.96
1520.02
1518.61
1517.13
1450.76
1421.89
1419.17
1415.59
1459.06
1501.69
1500.22
1498.67
1497.16
1496.01
1325.4
1311.21
1311.53
1448.62
1489.66
1491.51
1493.01
1494.53
1497.1
1436.99
1486.38
1510.26
1507.17
1526.86
1527.1
1527.6
1528.49
1530.05
1527.36
1520.44
1510.75
1469.76
1452.88
1473.23
1507.1
1506.02
1523.83
1528.83
1506.55
1434.2
1430.75
1426.09
1449.17
1509.62
1507.18
1502.13
1498.08
1494.54
1492.2
1373.73
1288.73
1297.15
1373.97
1483.39
1486.84
1488.34
1489.47
1490.73
1462.71
1356.05
1466.61
1514.41
1487.72
1526.73
1530.12
1530.56
1531.28
1532.54
1534.05
1535.95
1537.52
1538.71
1539.05
1538.06
1538.13
1538.02
1481.28
1447.26
1445.08
1440.65
1476.83
1520.9
1516.51
1511.48
1503.96
1500.26
1493.94
1488.37
1455.2
1180.38
1269.84
1464.21
1480.11
1480.21
1481.28
1484.81
1485.1
1485.89
1334.48
1220.8
1396.88
1514.34
1464.36
1413.57
1501.54
1532.69
1533.27
1531.94
1522.38
1519.49
1513.2
1498.8
1466.98
1464.23
1477.25
1449.4
1451.78
1449.57
1495.06
1525.55
1524.53
1521.5
1489.94
1486.63
1443.49
1374.09
1333.2
1275.14
1099.42
1063.42
1180.5
1210.21
1274.25
1400.09
1477.64
1481.16
1449.37
1231.28
1198.47
1207.18
1219.63
1460.1
1456.73
1405.94
1406.14
1421.14
1502.39
1534.21
1521.42
1445.51
1426.22
1426.35
1427.56
1429.51
1431.49
1507.52
1533.3
1531.41
1524.93
1515.25
1450.04
1375.54
1385.03
1416.12
1412.02
1194.79
1030.15
1019.81
1016.79
1017.06
1015.66
1015.58
1049.59
1202.86
1411.81
1313.78
1191.31
1196.1
1200.27
1232.16
1412.62
1367.67
1500.83
1405.69
1405.73
1413.32
1505.65
1535.17
1531.66
1495.85
1463.41
1424.23
1425.52
1426.67
1513.85
1536.77
1533.69
1444.26
1344.19
1189.94
1198.28
1301.62
1522.35
1519.42
1487.94
1299.88
1228.14
1130.14
1011.59
1012.23
1013.99
1016.61
1018.63
1189.56
1453.63
1348.45
1197.82
1200.88
1233.64
1482.64
1482.7
1427.46
1520.65
1505.15
1501.44
1525.8
1534.78
1534.12
1534.48
1536.06
1531.24
1487.55
1439.55
1467.03
1534.06
1536.79
1472.16
1089.42
1077.39
1085.07
1469.42
1531.65
1529.25
1524.13
1516.62
1507.65
1500.96
1436.37
1034.26
1013.55
1014.58
1019.14
1372.56
1457.4
1459.07
1460.08
1446.99
1370.98
1406.9
1488.32
1484.31
1441.07
1518.59
1518.97
1518.13
1495.98
1436.48
1435.46
1421.1
1496.44
1529.26
1530.72
1530.57
1531.38
1534.47
1539.61
1381.77
1076.71
1074.95
1262.11
1534.61
1536.58
1522.65
1500.47
1513.17
1514.35
1508.67
1458.06
1077.98
1016.14
1018.25
1021.99
1026.23
1029.66
1262.67
1464.41
1465.77
1466.84
1466.61
1479.56
1482.71
1477.04
1181.82
1206.86
1190.12
1147.16
1137.27
1143.2
1149.12
1370.24
1407.99
1264.34
1291.38
1474.77
1536.99
1544.41
1387.18
1068.01
1069.82
1213.33
1537.98
1540.23
1467.21
1412.59
1471.67
1519.65
1512.7
1413.32
1026.65
1014.74
1017.63
1102.2
1151.54
1115.68
1123.2
1262.43
1343.47
1315.56
1127.35
1149.38
1146.66
1200.19
1126.73
1126.21
1125.76
1125.72
1125.21
1260.23
1449.38
1524.27
1476.09
1050
977.301
1032.7
1318.08
1488.09
1323.2
1090.21
1067.71
1182.53
1539.24
1537.5
1412.9
1406.2
1453.64
1511.21
1505.68
1503.16
1271.21
1051.49
1390.08
1522.8
1526.53
1521.93
1372.32
1141.07
1097.92
1097.27
1029.77
1010.43
983.975
979.466
1305.17
1312.46
1347.14
1428.4
1503.84
1521.58
1519.62
1516.73
1318.38
957.8
961.462
964.167
966.689
1153.41
1444.46
1190.72
1062.27
1273.16
1535.04
1460.52
1383.34
1400.95
1503.37
1495.59
1488.35
1484.64
1486.33
1490.88
1496.86
1503.34
1507.8
1420.76
1093.78
1091.01
1091.61
1091.96
1394.91
1423.25
1200.65
902.482
1485.41
1489.17
1522.47
1522.85
1521.13
1518.99
1516.6
1442.31
981.54
945.177
947.661
949.312
949.271
1017.1
1438.55
1351.72
1063.01
1420.42
1504.36
1367.74
1355.42
1440.88
1476.01
1463.78
1452.98
1447.54
1446.66
1448.59
1454.45
1463.65
1476.16
1399.26
1114.78
1081.08
1084.05
1097.29
1334.15
1453.89
1350.47
1359.32
1479.51
1477.75
1476.3
1504.48
1517.58
1511.27
1505.18
1420.93
934.11
935.316
936.026
936.146
935.405
1130.86
1429.32
1405.34
1101.57
1494.8
1462.41
1341.18
1346.89
1445.49
1427.69
1401.31
1258.67
1179.72
1234.59
1341.26
1395.09
1422.28
1444.05
1465.62
1418.51
1098.54
1070.62
1215.84
1447.12
1448.93
1398.81
1284.77
1477.97
1513.52
1520.63
1492.1
1481.33
1480.16
1408.72
1346.99
996.278
926.837
926.823
925.96
1034.31
1398.39
1415.36
1293.16
1284.06
1475.18
1457.44
1418.44
1371.48
1292.37
929.872
593.886
520.762
519.491
522.497
661.322
901.519
1212.63
1419.93
1441.75
1460.17
1417.56
1074.27
1247.93
1425.18
1424.08
1420.21
1278.44
1476.16
1506.09
1516.54
1500.08
1510.5
1507.79
1428.6
1329.68
1358.55
1222.37
1166.19
1264.39
1415.49
1426.56
1301.58
1272.08
1360.64
1451.38
1433.67
1412.36
1281.62
684.326
521.582
518.849
518.706
518.506
519.477
521.913
526.234
579.032
1305.42
1433.83
1450.31
1462.07
1357.21
1138.48
1242.03
1406.65
1401.62
1396.56
1501.28
1516.57
1514.77
1511.05
1506.87
1502.76
1493.66
1455.27
1457.49
1458.54
1453.79
1450.75
1439.36
1330.13
1259.53
1251.79
1450.38
1438.74
1422.99
1405.64
1052.48
520.38
517.307
516.819
517.265
517.966
518.919
520.674
523.563
540.227
1221.72
1436.86
1449.65
1459.38
1372.59
1127.02
1123.8
1399.48
1389.61
1389.77
1521.79
1519.5
1516.42
1511.89
1507.07
1503.02
1499.23
1410.49
1338.15
1452.59
1447.33
1447.22
1440.25
1363.81
1273.97
1373.32
1443.69
1432.86
1419.87
1166.53
563.164
520.394
518.107
517.04
516.889
516.851
517.432
518.712
520.284
705.627
1402.33
1438.64
1455.89
1463.18
1379.46
1123.51
1234.05
1220.29
920.65
971.345
1530.37
1526.38
1521.67
1516.5
1512.19
1508.97
1445.47
1307.76
1304.09
1464.17
1274.02
1022.47
1396.41
1448.96
1455.42
1453.87
1444.62
1426.5
1070.02
582.015
521.866
520.405
528.413
529.035
527.345
515.029
515.671
516.587
518.144
866.722
1448.56
1459.68
1468.21
1475.75
1317.86
1133.71
1393.81
1097.53
657.427
659.9
1535.82
1530.7
1526.73
1521.97
1518.85
1517.98
1497.59
1326.71
1317.7
1386.77
943.73
751.655
931.418
1446.88
1448.48
1450.17
1218.74
839.509
543.253
525.35
521.148
531.606
529.044
526.386
524.642
524.349
525.609
516.589
519.371
891.596
1467.55
1477.62
1485.9
1485.98
1275.91
1254.87
1415.47
1069.08
656.965
658.426
1532.53
1521.11
1441.85
1472.64
1509.67
1527.1
1530.24
1508.83
1336.1
1170.37
933.355
743.091
726.698
1011.32
1211.21
891.849
572.381
532.16
529.158
525.451
520.65
528.33
527.755
524.588
522.773
524.848
528.961
522.429
526.725
853.28
1481.52
1499.13
1504.69
1398.18
1286.87
1435.61
1437.19
1158.79
657.341
659.274
1538.72
1257.91
922.162
887.104
1173.12
1469.97
1444.71
1413.06
1239.22
1178.04
1265.89
1017.65
795.891
606.168
575.627
539.701
535.541
533.992
531.332
527.566
522.99
518.191
514.763
521.553
530.114
533.651
538.983
532.644
536.806
984.947
1511.06
1525.65
1440.31
1162.93
1350.2
1453.8
1452.92
1378.84
724.677
660.445
1043.92
888.029
886.884
885.962
887.983
952.577
1363.39
1183.28
1178.1
1326.17
1348.67
1345.22
1304.76
1000.77
549.362
542.467
539.599
537.929
535.748
532.755
529.145
525.824
524.047
524.284
531.464
545.36
547.771
539.732
543.575
1220.05
1538.87
1552.56
1309.59
1014.78
1458.42
1463.9
1460.53
1460.83
1181.25
665.403
1240.11
1261.71
1103.85
888.858
890.387
890.934
1235.56
1255.83
1180.25
1353.48
1353.3
1350.3
1344.39
1333.63
843.239
549.921
545.609
543.366
540.994
611.069
994.273
874.495
528.819
529.611
531.947
549.325
539.533
542.07
544.283
1366.59
1558.91
1564.69
1254.09
998.299
1477.28
1471.23
1464.25
1462.46
1461.93
1174.23
1504.38
1507.28
1512.41
1428.92
1186.77
890.164
930.476
1290.1
1323.8
1359.45
1355.8
1292.22
1222.15
1217.28
1218.03
1226.77
1143.99
1018.44
1106.13
1328.43
1396.72
1392.23
737.475
532.468
533.223
535.234
536.372
536.96
729.274
1489.1
1564.55
1560.51
1246.34
956.689
1295.4
1467.69
1460.79
1458.89
1460.27
1469.63
1503.12
1492.73
1519.4
1572.39
1569.69
1349.71
931.948
1187.42
1362.35
1360.13
1271.68
1223.6
1224.79
1244.29
1523.96
1546.37
1542.84
1445.09
1300.33
1398.01
1397.58
1397.29
998.366
531.55
530.099
530.33
529.924
529.091
788.709
1510.71
1565.02
1549.91
1428.69
931.921
882.951
1252.56
1422.96
1436.02
1438.04
1445.92
1429.34
1432.82
1547.72
1571.49
1569.63
1567.39
1186.24
918.224
987.363
1027.74
1232.41
1385.97
1459.61
1522.63
1559.17
1557.14
1553.2
1337.78
1165.83
1154.79
1349.91
1399.9
1350.77
639.849
528.348
526.144
523.993
521.97
610.232
1397.95
1564.49
1564.75
1546.28
932.072
855.63
835.121
815.487
1109.34
1226.16
1316.65
1162.51
1162.24
1309.48
1569.36
1572.64
1571.24
1244.23
903.509
901.432
900.61
1175.08
1553.17
1563.35
1565.42
1564.98
1563.31
1559.63
1389.7
1161.32
1156.27
1150.42
1203.64
1442.55
1463.72
945.232
520.591
517.8
516.581
516.74
1263.14
1565.43
1563.15
1558.39
1540.5
948.565
812.162
793.86
779.921
775.63
783.077
1159.79
1159.61
1190.83
1526.48
1577.74
1576.62
1475.62
895.97
896.084
895.976
895.753
1417.31
1563.28
1565.54
1565.19
1564.03
1562.72
1563.03
1246.59
1162.94
1161.47
1158.86
1344.89
1585.85
1588
1117.7
512.512
509.888
522.333
1285.82
1568.88
1565.51
1559.57
1552.15
1497.54
912.731
811.473
805.553
803.95
805.559
1157.21
1198.3
1421.65
1531.58
1579.13
1578.92
1579.16
1085.52
893.535
894.534
893.82
1134.35
1568.78
1531.05
1364.12
1402.65
1563.49
1564.61
1485.93
1262.98
1241.32
1382.65
1546.32
1592.21
1590.02
1550.69
706.56
505.746
514.027
1141.72
1572.51
1571.74
1568.97
1565
1560.38
1531.46
1111.25
834.224
833.969
1031
1159.96
1523.66
1580.45
1578.91
1576.86
1578.9
1582
1531.16
1221.49
899.05
1105.77
1393.99
1408.69
1027.61
962.517
961.549
965.222
1021.5
1378.31
1595.93
1597.13
1599.91
1597.28
1594.09
1591.59
1520.21
655.876
507.872
513.303
762.793
1506.92
1579.85
1579.31
1576.76
1573.35
1571.2
1514.73
920.205
1339.33
1573.02
1188.44
1527.62
1426.11
1357.44
1560.71
1583.12
1587.84
1594.04
1597.33
1333.98
1112.13
1253.71
965.893
964.546
963.322
961.274
960.753
1134.93
1568.23
1606.04
1602.97
1599.97
1596.89
1594.43
1593.25
1412.44
552.209
509.311
509.049
847.114
1549.61
1589.53
1588.46
1586.07
1584.07
1585
1343.03
964.917
1400.26
1593.74
1215.93
1462.9
945.27
943.086
1016.39
1441.62
1495.95
1280.16
1191.42
1079.46
1085.48
1084.58
1155.94
1440.01
1525.91
1588.8
1615.97
1610.2
1605.22
1601.99
1599.16
1596.62
1594.4
1592.96
1592.72
1468.16
670.501
512.217
656.652
1397.58
1598.02
1597.6
1595.4
1592
1578.69
1193.06
1032.93
1044.26
1510.13
1604.13
1309.79
1249.99
956.02
953.714
951.956
953.317
1195.11
1293.71
1109.1
1127.45
1353.34
1356.41
1350.31
1332.58
1276.73
1454.3
1617.7
1608.64
1601.05
1595.63
1592.28
1590.06
1588.34
1579.88
1530.94
1520.06
1391.47
912.259
1154.83
1579.05
1600.39
1598.97
1597.38
1571.94
1115.57
1027.89
1030.49
1182.36
1568.77
1600.06
1321.29
1419.39
958.537
956.081
962.827
1448.75
1539.62
1513.08
1338.84
1345.77
1341.13
1148.94
1042.3
1039.56
1039.32
1320.87
1600.45
1612.97
1606.11
1600.16
1595.81
1592.18
1589.09
1573.62
1569.85
1571.44
1481.49
1315.2
1443.82
1597.86
1599.02
1598.44
1597.47
1567.26
1231.96
1027.66
1128.94
1514.27
1597.47
1608.97
1264.26
1504.05
1229.8
957.829
1035.44
1544.53
1543.15
1542.51
1541.2
1245.31
1035.97
1035.67
1035.11
1034.26
1034.35
1033.51
1314.97
1618.04
1612.71
1607.16
1602.63
1598.62
1596.2
1592.99
1572.09
1541.42
1535.1
1585.06
1599.11
1599.4
1594.52
1592.27
1593.89
1567.07
1546.08
1494.65
1508.37
1584.3
1593.66
1602.88
1199.6
1507.68
1436.95
954.882
952.747
1167.44
1544.36
1544.88
1545.05
1206.41
1030.62
1028.96
1027.09
1219.7
1061.36
1034.74
1049.2
1464.93
1622.37
1618.24
1614.9
1611.75
1609.25
1607.31
1598.61
1594.46
1603.3
1602.81
1602.65
1602.03
1600.55
1580.28
1548.18
1549.52
1541.8
1469.68
1210.03
900.227
1019.87
1406.36
1171.44
1391.93
1494.86
1327.01
953.813
953.358
1028.88
1239.27
1319.27
1319.37
1076.4
1029.37
1210.31
1354.79
1398.44
1405.65
1299.66
1270.69
1264.59
1555.36
1599.58
1627.73
1625.72
1622.34
1618.3
1614.16
1609.54
1606.32
1606.05
1605.55
1603.8
1599.89
1431.12
1059.89
473.3
15.4408
4.43596
38.6484
125.805
609.296
1169.53
1168.63
1435.39
1469.29
1170.58
998.721
1212.39
1348.13
1426.95
1553.36
1594.55
1504.33
1293.52
1292.15
1292.41
1482.24
1631.21
1630.52
1031.6
1008.73
1437.95
1645.51
1641.04
1616.74
1554.97
1486.63
1305.9
1110.52
1020.38
806.155
622.075
332.432
9.88106
0.901814
1.32271
4.86908
4.09893
1.69125
2.75495
12.0154
1170.9
1170.42
1170.09
1238.76
1407.28
1541.4
1637.98
1650.89
1650.53
1651.03
1649.8
1647.57
1646.01
1617.01
1449
1579.7
1636.18
1635.23
1634.13
1624.5
1604.81
1638.73
1649.15
1644.78
1408.45
723.557
195.79
30.305
0.926641
0.533574
0.548764
0.515695
0.535356
1.20201
1.73037
0.921526
0.975148
0.468443
1.49112
2.39893
1173.67
1173.04
1171.89
1172.13
1178.68
1558.03
1661.76
1659.29
1657.72
1656.79
1655.75
1654.8
1653.73
1650.76
1647.46
1641.42
1638.73
1638.5
1611.98
1542.22
1461.82
1443.95
1460.17
1397.59
1199.66
894.748
264.997
15.5565
3.64173
1.11701
0.686468
0.598725
0.491322
0.574373
0.548884
0.242315
0.248112
0.305035
0.395104
0.36245
1348.89
1314.27
1380.9
1448.98
1502.35
1647.81
1668.9
1667.78
1663.92
1641.14
1600.13
1542.48
1466.42
1380.96
1304.82
1243.49
1126.56
900.964
615.559
381.666
242.159
171.054
95.0304
-0.114818
-0.563352
-0.16717
9.86839
20.0333
6.79625
1.34732
1.42989
1.20352
0.408659
0.2318
0.224806
0.21809
0.21055
0.203369
0.198922
0.181677
1607.4
1608.73
1621.35
1620.64
1617.47
1573.67
1472.45
1259.19
918.785
623.497
421.16
275.108
167.082
91.0678
45.4666
0.00640111
-0.0298893
-0.0467421
-0.0647555
-0.0512734
-0.0428654
-0.0566005
-0.0780236
-0.0899639
-0.146103
1.38809
3.10334
2.94797
1.53978
0.885032
0.930511
0.557925
0.143609
0.160592
0.168531
0.173123
0.172834
0.16797
0.159898
0.151019
942.967
881.073
743.52
598.203
415.781
237.94
68.8695
-0.0062788
-0.0350231
-0.022026
-0.0204636
-0.0280367
-0.0381769
-0.0450506
-0.0503288
-0.0525973
-0.0222484
0.583859
0.286687
-0.0472372
-0.0534022
-0.0737869
-0.102048
-0.0939341
0.0223399
0.0297579
-0.0818781
0.458092
1.01422
0.366444
0.0449303
0.0692228
0.0933062
0.117207
0.133354
0.14484
0.151189
0.150888
0.148566
0.145362
-0.0223035
-0.0282963
-0.0295774
-0.0306794
-0.0293718
-0.0251046
-0.0238946
-0.0216898
-0.0240645
-0.0283494
1.06069e-05
-0.020443
-0.0405561
-0.0456297
0.00455095
0.507807
0.507662
0.092735
-0.042278
-0.0467295
-0.0309208
-0.0428964
-0.0793349
-0.0895075
-0.102903
-0.118264
-0.09474
-0.0424565
0.0171988
0.0264043
0.0178095
0.0492799
0.0765249
0.100757
0.138575
0.152716
0.161141
0.159805
0.144688
0.137647
0.372647
0.281286
-0.00515652
-0.0290852
-0.025712
-0.00858065
-0.00571207
-0.0223539
-0.0246523
0.00702026
0.103753
0.0793112
-0.027389
-0.0249176
0.341833
0.534406
-0.0613158
-0.0634974
-0.0622532
-0.0391348
-0.040965
-0.0618412
-0.0826855
-0.0873764
-0.0890137
-0.0864704
-0.0764176
-0.0549749
-0.0279891
-0.00158707
0.0240889
0.0476326
0.068387
0.0853976
0.104982
0.123696
0.146181
0.154441
0.154887
0.12555
0.44176
0.440763
0.172314
-0.0286536
-0.0276524
-0.00320897
0.00814096
0.0120073
0.037834
0.0412369
0.11333
0.0895248
-0.0102547
0.191527
0.36866
0.00807514
-0.0496212
-0.0587952
-0.0664403
-0.0648646
-0.0622909
-0.0798371
-0.0835987
-0.0830479
-0.0794158
-0.0716478
-0.0594489
-0.0324103
0.180709
0.287413
0.308656
0.311786
0.177948
0.0946929
0.0834064
0.0900473
0.0955941
0.122647
0.112725
0.105914
0.446274
0.445945
0.360749
-0.0107776
-0.0278734
-0.0212343
-0.0210331
-0.0212294
0.257186
0.128472
0.0551961
0.12067
0.127854
0.0696632
0.06541
0.0417347
0.176454
0.364395
-0.0753402
-0.082436
-0.0871269
-0.0881082
-0.0871533
-0.0840154
-0.0780032
-0.0676208
0.0656862
0.252482
0.269965
0.286656
0.303436
0.319425
0.335017
0.348684
0.292762
0.0897371
0.0733882
0.0766813
0.0791744
0.0833593
0.451605
0.424825
0.178287
-0.00877521
-0.0278325
-0.0245009
-0.0208427
-0.0170232
0.266111
0.244145
0.0605197
0.101785
0.164542
0.0717547
0.0614055
0.0521867
0.57308
0.630076
0.528552
-0.0348896
-0.104358
-0.104824
-0.101509
-0.0950884
-0.0107652
0.21925
0.233976
0.250262
0.267612
0.0915931
0.059739
0.280384
0.323047
0.3356
0.345494
0.249792
0.0596208
0.0602268
0.063077
0.0645894
0.3706
0.0325077
-0.0287149
-0.0204356
-0.0265211
-0.0236625
-0.0209454
0.127985
0.313957
0.304348
0.0593715
0.0782313
0.166099
0.153572
0.0852049
0.0460515
0.353542
0.592817
0.562538
0.54721
0.526148
0.462641
-0.00255634
-0.110932
-0.0135262
0.203184
0.224054
0.242894
0.241077
0.0327568
-0.00460861
0.00995943
0.219255
0.326668
0.335993
0.228364
0.0452826
0.0464004
0.0484781
0.0497433
-0.0234589
-0.0251659
-0.0252587
-0.0247313
-0.0234039
-0.0217311
0.0638358
0.308329
0.309919
0.301303
0.0553987
0.0587182
0.148405
0.144816
0.131569
0.00564858
-0.0495309
0.153859
0.482861
0.494325
0.141923
0.275649
0.67807
0.673045
-0.0684581
-0.0695792
0.064482
0.10307
0.00743344
-0.00802901
-0.0132286
-0.00482433
0.175846
0.320782
0.312294
0.0854352
0.0354016
0.0347319
0.036801
0.0386961
-0.00238251
0.00153843
-0.0212622
-0.0214251
-0.00181806
0.197822
0.309566
0.307771
0.306009
0.0535585
0.0163855
0.0541255
0.0181358
-0.00807823
-0.0162865
-0.0628966
-0.0944764
-0.115829
-0.0913652
-0.0901843
-0.15632
-0.150436
0.400081
0.724523
0.640065
-0.0739782
-0.0866104
-0.0678984
-0.0499415
-0.033896
-0.0210186
-0.0109131
0.143826
0.319603
0.115404
0.0232546
0.0249023
0.0318756
0.0343168
0.0312898
0.0263793
0.035445
-0.0171323
-0.0169875
0.192905
0.315331
0.312188
0.308199
0.0717824
-0.0131208
-0.0341226
-0.0556004
-0.0697781
-0.0876654
-0.106668
-0.123399
-0.128706
-0.132607
-0.131525
-0.132588
-0.130859
-0.125062
0.323968
0.755839
0.764995
0.0413415
-0.0766722
-0.0616518
-0.0466385
-0.0325925
-0.0208743
-0.011847
0.131547
0.104312
0.0163443
0.0148496
0.0211928
0.0254602
0.0270951
0.0301232
0.000422896
0.0405011
-0.0100643
-0.0140352
0.175202
0.323074
0.317022
0.0367355
-0.0307623
-0.030746
-0.0455161
-0.05773
-0.0735617
0.209707
0.49745
0.377195
-0.110088
-0.152846
-0.138797
-0.124657
-0.111408
0.0771754
0.776087
0.79378
0.457148
-0.0664551
-0.0617178
-0.0499802
-0.0378348
-0.0264915
-0.017888
0.0305937
0.0331725
0.00925499
0.00360031
0.0073676
0.0164044
0.0181376
0.0170691
0.00894951
-0.0127732
0.0246476
0.00853169
-0.0106948
0.0210739
0.269398
0.146035
-0.0228944
-0.02541
-0.0294535
-0.0356435
-0.0444247
-0.0552285
0.160556
0.558827
0.483524
0.341503
0.0680661
-0.0316876
-0.00968207
0.214956
0.756554
0.798818
0.373901
-0.0483945
-0.0465631
-0.0432476
-0.0393299
-0.0335119
-0.0261355
0.0171495
0.0409182
0.0167225
-0.000340483
0.00164576
0.00360661
0.007554
0.00872511
0.00796685
0.00962288
-0.00794645
-0.00695621
0.00771821
-0.00731861
-0.00717448
0.0169402
0.0126953
-0.019907
-0.0190835
-0.019697
-0.0233953
-0.0310006
-0.0392347
-0.052798
-0.0315448
0.210046
0.318842
0.0688788
0.00122879
0.0453572
0.132576
0.145113
0.010241
-0.0626136
-0.0396528
-0.0288658
-0.0258107
-0.0250514
-0.0109178
0.00137757
-0.00109222
-0.00623688
-0.0064396
-0.00402489
-0.00233254
-0.00143115
-0.0011968
-0.00161471
-0.00326555
-0.00275068
)
;

boundaryField
{
    inlet
    {
        type            fixedFluxPressure;
        gradient        nonuniform List<scalar> 10(0.0338777 -0.0021493 0.00581252 0.00502845 -0.00950732 -0.00277961 0.00292192 -0.00330117 -0.0112681 -8.44109e-07);
        value           nonuniform List<scalar> 10(1962.72 1962.54 1962.41 1962.28 1962.21 1962.21 1962.27 1962.4 1962.54 1962.72);
    }
    inletWall
    {
        type            zeroGradient;
    }
    bottleWall
    {
        type            zeroGradient;
    }
    atmosphere
    {
        type            totalPressure;
        rho             rho;
        psi             none;
        gamma           1;
        p0              uniform 0;
        value           nonuniform List<scalar> 
80
(
0
0
0
0
0
0
0
0
0
0
0
-4.25111e-05
-0.000232666
-0.000570151
-0.00100512
-0.00147595
-0.00194249
-0.00238217
-0.00277971
-0.00312535
-0.00341276
-0.00363346
-0.00378193
-0.00387609
-0.00388073
-0.00382118
-0.00373697
-0.00364621
-0.00354777
-0.00342346
-0.00326209
-0.00302956
-0.0026852
-0.00220761
-0.0017639
-0.00162314
-0.00176765
-0.00232381
-0.00287885
-0.0017893
-0.00569899
-0.00401665
0
0
0
0
0
-0.00261991
-0.00627569
-0.007056
-0.00694785
-0.00809362
-0.00952205
-0.00956352
-0.00275362
0
0
0
0
0
0
0
0
-0.00353518
-0.00715468
-0.0113785
-0.0133396
-0.0110771
-0.000864489
0
0
-5.00309e-06
0
0
0
0
0
0
0
-0.00270703
)
;
    }
    frontAndBack
    {
        type            empty;
    }
}


// ************************************************************************* //
