/*--------------------------------*- C++ -*----------------------------------*\
  =========                 |
  \\      /  F ield         | OpenFOAM: The Open Source CFD Toolbox
   \\    /   O peration     | Website:  https://openfoam.org
    \\  /    A nd           | Version:  8
     \\/     M anipulation  |
\*---------------------------------------------------------------------------*/
FoamFile
{
    version     2.0;
    format      ascii;
    class       volScalarField;
    location    "0.1";
    object      p;
}
// * * * * * * * * * * * * * * * * * * * * * * * * * * * * * * * * * * * * * //

dimensions      [1 -1 -2 0 0 0 0];

internalField   nonuniform List<scalar> 
9150
(
-205.062
-206.24
-206.804
-207.245
-207.454
-207.454
-207.246
-206.805
-206.241
-205.063
-225.151
-225.756
-226.168
-226.483
-226.674
-226.674
-226.483
-226.169
-225.757
-225.151
-245.001
-245.363
-245.614
-245.831
-245.938
-245.938
-245.831
-245.615
-245.363
-245.002
-264.73
-264.949
-265.135
-265.303
-265.387
-265.387
-265.304
-265.135
-264.95
-264.731
-284.391
-284.599
-284.743
-284.876
-284.943
-284.943
-284.876
-284.744
-284.599
-284.392
-118.99
-119.653
-119.33
-119.142
-119.01
-119.011
-119.145
-119.335
-119.657
-118.995
-134.657
-135.331
-135.279
-135.387
-135.264
-135.264
-135.389
-135.282
-135.335
-134.66
-150.925
-151.825
-151.868
-152.387
-152.43
-152.431
-152.389
-151.87
-151.828
-150.928
-167.644
-169.146
-169.366
-170.049
-170.195
-170.195
-170.05
-169.367
-169.149
-167.646
-184.469
-187.067
-187.707
-188.384
-188.653
-188.653
-188.385
-187.708
-187.069
-184.471
-25.0542
-26.8138
-29.0931
-30.03
-30.4568
-30.4625
-30.055
-29.1456
-26.9145
-25.2662
-45.6878
-46.0499
-47.346
-47.7651
-48.2862
-48.3087
-47.7988
-47.394
-46.1209
-45.7799
-66.2633
-65.6997
-67.429
-66.6621
-67.4749
-67.4964
-66.671
-67.4713
-65.7358
-66.3164
-89.1311
-85.2976
-87.7315
-85.3767
-85.8191
-85.8358
-85.3774
-87.7587
-85.3186
-89.1544
-115.474
-104.288
-104.752
-103.273
-102.718
-102.719
-103.276
-104.763
-104.299
-115.49
0.0466475
0.0466579
0.046668
0.0466782
0.0466886
0.0466992
0.04671
0.0467208
0.0467315
0.0467418
0.0270269
0.027037
0.0270473
0.0270578
0.0270685
0.0270794
0.0270904
0.0271012
0.0271117
0.0271218
0.00740622
0.00741613
0.00742696
0.00743791
0.00744891
0.00745986
0.0074706
0.00748097
0.00749087
0.00750027
-0.0122131
-0.012203
-0.012192
-0.012181
-0.0121702
-0.0121596
-0.0121496
-0.01214
-0.0121309
-0.0121221
-0.0318313
-0.031821
-0.0318106
-0.0318001
-0.0317899
-0.0317802
-0.0317709
-0.0317621
-0.0317535
-0.0317449
-0.0514513
-0.0514409
-0.0514314
-0.0514218
-0.0514123
-0.0514033
-0.0513945
-0.051386
-0.0513772
-0.051368
-0.0710758
-0.0710658
-0.0710567
-0.0710475
-0.0710384
-0.0710295
-0.0710205
-0.0710114
-0.0710017
-0.0709913
-0.090705
-0.0906955
-0.0906859
-0.0906763
-0.0906667
-0.090657
-0.0906471
-0.0906367
-0.0906256
-0.0906138
-0.110335
-0.110326
-0.110315
-0.110304
-0.110293
-0.110282
-0.110271
-0.110259
-0.110247
-0.110234
-0.12996
-0.12995
-0.129938
-0.129926
-0.129914
-0.129902
-0.12989
-0.129877
-0.129865
-0.129852
-0.149578
-0.149566
-0.149554
-0.149542
-0.149529
-0.149517
-0.149504
-0.149492
-0.14948
-0.149468
-0.169191
-0.169179
-0.169167
-0.169155
-0.169142
-0.16913
-0.169118
-0.169105
-0.169094
-0.169082
-0.188807
-0.188793
-0.188781
-0.188769
-0.188757
-0.188744
-0.188732
-0.18872
-0.188708
-0.188697
-0.208427
-0.208413
-0.2084
-0.208387
-0.208374
-0.208361
-0.208348
-0.208335
-0.208322
-0.20831
-0.228049
-0.228034
-0.228019
-0.228005
-0.227991
-0.227976
-0.227962
-0.227948
-0.227934
-0.22792
-0.247667
-0.247651
-0.247635
-0.24762
-0.247605
-0.247589
-0.247574
-0.247558
-0.247543
-0.247527
-0.267281
-0.267263
-0.267247
-0.267231
-0.267215
-0.267199
-0.267182
-0.267166
-0.267149
-0.267134
-0.286894
-0.286875
-0.286859
-0.286842
-0.286825
-0.286808
-0.28679
-0.286773
-0.286756
-0.286741
-0.306513
-0.306493
-0.306475
-0.306456
-0.306437
-0.306417
-0.306399
-0.30638
-0.306363
-0.306348
-0.326135
-0.326115
-0.326093
-0.326071
-0.326049
-0.326028
-0.326008
-0.325989
-0.325971
-0.325954
-0.345756
-0.345734
-0.345708
-0.345684
-0.34566
-0.345638
-0.345617
-0.345597
-0.345579
-0.345561
-0.36537
-0.365345
-0.365318
-0.365293
-0.365269
-0.365246
-0.365225
-0.365204
-0.365185
-0.365165
-0.384978
-0.384952
-0.384926
-0.3849
-0.384876
-0.384853
-0.38483
-0.384809
-0.384787
-0.384766
-0.404588
-0.40456
-0.404534
-0.404508
-0.404482
-0.404458
-0.404433
-0.404409
-0.404386
-0.404362
-0.424199
-0.424171
-0.424142
-0.424114
-0.424087
-0.42406
-0.424033
-0.424007
-0.423981
-0.423955
-0.443808
-0.443778
-0.443748
-0.443718
-0.443689
-0.44366
-0.443631
-0.443603
-0.443575
-0.443548
-0.463412
-0.46338
-0.463349
-0.463318
-0.463288
-0.463258
-0.463228
-0.463198
-0.463169
-0.463141
-0.483012
-0.482978
-0.482947
-0.482917
-0.482886
-0.482855
-0.482823
-0.482793
-0.482762
-0.482733
-0.502614
-0.502578
-0.502545
-0.502513
-0.50248
-0.502447
-0.502415
-0.502383
-0.502353
-0.502323
-0.522216
-0.522178
-0.522141
-0.522105
-0.52207
-0.522035
-0.522002
-0.521969
-0.521938
-0.521907
-0.541816
-0.541774
-0.541734
-0.541694
-0.541656
-0.54162
-0.541584
-0.541551
-0.541518
-0.541486
-0.561414
-0.561368
-0.561324
-0.561282
-0.561241
-0.561202
-0.561164
-0.561129
-0.561094
-0.561061
-0.58101
-0.580961
-0.580914
-0.580868
-0.580824
-0.580782
-0.580742
-0.580703
-0.580666
-0.58063
-0.600605
-0.600553
-0.600501
-0.600451
-0.600403
-0.600357
-0.600314
-0.600272
-0.600232
-0.600194
-0.620192
-0.620136
-0.62008
-0.620026
-0.619975
-0.619925
-0.619878
-0.619833
-0.61979
-0.61975
-0.639768
-0.639707
-0.639648
-0.639591
-0.639536
-0.639484
-0.639433
-0.639386
-0.639341
-0.639299
-0.659335
-0.65927
-0.659208
-0.659147
-0.659089
-0.659033
-0.65898
-0.658929
-0.658882
-0.658837
-0.678896
-0.678827
-0.67876
-0.678695
-0.678632
-0.678573
-0.678516
-0.678463
-0.678413
-0.678367
-0.698449
-0.698375
-0.698302
-0.698232
-0.698165
-0.698102
-0.698042
-0.697987
-0.697934
-0.697885
-0.71799
-0.717909
-0.71783
-0.717755
-0.717684
-0.717618
-0.717556
-0.717497
-0.717443
-0.717391
-0.737515
-0.737428
-0.737344
-0.737265
-0.73719
-0.737119
-0.737054
-0.736992
-0.736934
-0.73688
-0.757025
-0.756932
-0.756842
-0.756757
-0.756677
-0.756603
-0.756533
-0.756467
-0.756406
-0.756349
-0.776519
-0.776418
-0.776322
-0.776231
-0.776146
-0.776066
-0.775991
-0.775922
-0.775857
-0.775797
-0.795995
-0.795885
-0.795782
-0.795685
-0.795594
-0.795508
-0.795428
-0.795354
-0.795286
-0.795224
-0.81545
-0.815331
-0.81522
-0.815116
-0.815018
-0.814927
-0.814841
-0.814763
-0.814692
-0.814628
-0.834882
-0.834753
-0.834633
-0.834521
-0.834415
-0.834317
-0.834227
-0.834144
-0.834069
-0.834003
-0.854287
-0.854147
-0.854016
-0.853893
-0.853779
-0.853674
-0.853577
-0.85349
-0.853413
-0.853345
-0.873658
-0.873505
-0.873361
-0.873227
-0.873104
-0.872991
-0.872889
-0.872798
-0.872718
-0.87265
-0.892989
-0.89282
-0.892663
-0.892518
-0.892384
-0.892264
-0.892156
-0.892061
-0.891979
-0.89191
-0.912276
-0.91209
-0.911918
-0.911759
-0.911615
-0.911485
-0.911371
-0.911271
-0.911186
-0.911115
-0.931513
-0.931308
-0.931118
-0.930944
-0.930786
-0.930646
-0.930523
-0.930418
-0.93033
-0.930259
-0.950687
-0.950461
-0.95025
-0.950058
-0.949886
-0.949734
-0.949603
-0.949493
-0.949403
-0.949333
-0.969785
-0.969533
-0.9693
-0.969089
-0.968901
-0.968738
-0.968599
-0.968484
-0.968393
-0.968326
-0.988794
-0.988512
-0.988255
-0.988023
-0.98782
-0.987644
-0.987497
-0.987379
-0.987288
-0.987226
-1.0077
-1.00739
-1.0071
-1.00685
-1.00663
-1.00644
-1.00628
-1.00616
-1.00607
-1.00602
-1.02649
-1.02614
-1.02582
-1.02554
-1.0253
-1.0251
-1.02494
-1.02482
-1.02473
-1.02469
-1.04516
-1.04476
-1.0444
-1.04409
-1.04382
-1.04361
-1.04344
-1.04332
-1.04324
-1.04322
-1.06367
-1.06321
-1.06281
-1.06246
-1.06217
-1.06193
-1.06176
-1.06164
-1.06158
-1.06157
-1.082
-1.08148
-1.08101
-1.08062
-1.08029
-1.08003
-1.07985
-1.07974
-1.0797
-1.07972
-1.10012
-1.09951
-1.09897
-1.09852
-1.09815
-1.09787
-1.09768
-1.09757
-1.09756
-1.09762
-1.11799
-1.11726
-1.11663
-1.11611
-1.11569
-1.11538
-1.11518
-1.11509
-1.11511
-1.11523
-1.13555
-1.13468
-1.13393
-1.13331
-1.13283
-1.13248
-1.13228
-1.13223
-1.1323
-1.13251
-1.15273
-1.15167
-1.15077
-1.15003
-1.14947
-1.14909
-1.1489
-1.14889
-1.14905
-1.14938
-1.16945
-1.16814
-1.16702
-1.16612
-1.16546
-1.16504
-1.16486
-1.16493
-1.16522
-1.16572
-1.18561
-1.18394
-1.18252
-1.18139
-1.18058
-1.1801
-1.17996
-1.18015
-1.18064
-1.18141
-1.20106
-1.19887
-1.197
-1.19553
-1.19451
-1.19396
-1.1939
-1.19429
-1.19511
-1.19628
-1.21565
-1.21267
-1.21012
-1.20813
-1.2068
-1.20618
-1.20627
-1.20703
-1.20838
-1.2102
-1.22927
-1.22506
-1.22144
-1.21863
-1.21682
-1.21612
-1.21653
-1.21795
-1.22021
-1.22309
-1.24208
-1.23591
-1.23048
-1.22624
-1.2236
-1.2228
-1.22384
-1.22649
-1.23036
-1.23501
-1.25492
-1.24553
-1.23689
-1.23002
-1.22584
-1.22489
-1.22714
-1.23212
-1.23893
-1.24658
-1.27041
-1.25583
-1.24117
-1.22907
-1.22207
-1.22105
-1.22569
-1.2353
-1.24762
-1.26014
-1.29547
-1.27399
-1.24937
-1.22751
-1.21547
-1.21482
-1.22376
-1.24208
-1.26341
-1.28237
-1.35042
-1.32268
-1.28519
-1.25187
-1.22941
-1.22729
-1.24502
-1.2741
-1.30818
-1.33343
-1.46034
-1.42485
-1.37577
-1.32227
-1.27866
-1.27682
-1.31371
-1.36225
-1.40545
-1.44015
-1.57217
-1.5623
-1.29687
-1.40038
-1.3597
-1.35566
-1.39862
-1.33411
-1.53173
-1.54917
-1.60058
-1.63956
-0.874122
-1.09039
-1.30651
-1.28565
-1.09032
-0.846913
-1.61189
-1.57473
-1.56973
-1.52923
-1.4351
6.69333
-0.923587
-0.748257
6.63101
-1.31107
-1.49716
-1.5356
-1.5962
-1.55813
-1.356
7.3143
8.57435
8.72032
7.45862
-1.20297
-1.50651
-1.54789
-1.6954
-1.70995
-1.12124
2.44856
5.0405
5.41791
2.73872
-0.92617
-1.63682
-1.63029
-1.74014
-1.74483
-0.688127
1.97564
3.87126
3.92313
2.15362
-0.503045
-1.67408
-1.66887
-1.7507
-1.75783
-0.888262
0.95806
1.73797
1.53133
0.948968
-0.7707
-1.69895
-1.68855
-1.75086
-1.75592
-1.6417
-1.1604
1.54386
1.21851
-1.14498
-1.58496
-1.69325
-1.68704
-1.74996
-1.75295
-1.79874
-2.58499
6.06373
5.33634
-2.47204
-1.70961
-1.66472
-1.66548
-1.75873
-1.76301
-1.77563
-2.87536
12.0594
7.54038
-2.56755
-1.62192
-1.63487
-1.64147
-1.77684
-1.78628
-1.80085
-2.49614
18.4581
7.61715
-2.26366
-1.60719
-1.6176
-1.62689
-1.78902
-1.7981
-1.81033
-2.20258
21.8269
7.8673
-1.93217
-1.60062
-1.61288
-1.62513
-1.79093
-1.79797
-1.80941
-2.10137
22.7025
8.42715
-1.85676
-1.60757
-1.6207
-1.63343
-1.78878
-1.79209
-1.801
-2.12458
21.706
11.6457
-1.92866
-1.63574
-1.64403
-1.65387
-1.78738
-1.7868
-1.78693
-1.98393
10.8374
17.9671
-1.87729
-1.68846
-1.68234
-1.68401
-1.79563
-1.79624
-1.80171
-1.80206
7.67855
15.7107
-1.70002
-1.73143
-1.71716
-1.71272
-1.80959
-1.81352
-1.81755
-1.89484
7.69492
10.5879
-1.85868
-1.75207
-1.74341
-1.73741
-1.82619
-1.83057
-1.81145
-2.00346
7.25594
5.03491
-1.98043
-1.74262
-1.76115
-1.76063
-1.84393
-1.84191
-1.86111
-1.79435
3.15553
3.81071
-1.89899
-1.81039
-1.78687
-1.78914
-1.85679
-1.8557
-1.90422
-1.88256
2.23519
1.37815
-1.46909
-1.87212
-1.80993
-1.81109
-1.87347
-1.87487
-2.05407
-1.09421
1.18221
1.34511
-1.28161
-1.99834
-1.83684
-1.83542
-1.89234
-1.89801
-2.25997
-0.742051
0.408249
0.723309
-0.693037
-2.205
-1.86533
-1.86023
-1.90618
-1.89567
-3.27438
-0.868796
0.0275948
-0.0283112
-1.10359
-3.34281
-1.86947
-1.87974
-1.92827
-2.2196
-4.76324
-2.18407
-0.730521
-0.671257
-1.97843
-4.63932
-2.24454
-1.90647
-1.93183
-3.84562
-5.56713
-5.49427
-5.22302
-5.22411
-5.52224
-5.59869
-3.8798
-1.91805
-2.71862
-9.92937
-13.2829
-15.0844
-15.9691
-15.9719
-15.1116
-13.3427
-10.0146
-2.73239
0.0467523
0.0467629
0.046773
0.0467828
0.0467926
0.0468029
0.0468139
0.0468258
0.0468386
0.0468518
0.0468651
0.0468778
0.0468893
0.0468993
0.0469078
0.0469151
0.0469219
0.0469286
0.0469357
0.0469431
0.0469504
0.0469572
0.0469627
0.0469671
0.0469705
0.0469739
0.0469778
0.0469824
0.0469874
0.0469921
0.0469957
0.0469982
0.0469998
0.0470013
0.0470031
0.0470052
0.0470072
0.0470087
0.0470096
0.04701
0.0271319
0.027142
0.0271517
0.0271612
0.0271711
0.0271816
0.0271932
0.0272057
0.027219
0.0272327
0.0272461
0.0272586
0.0272698
0.0272795
0.0272877
0.027295
0.027302
0.0273092
0.0273168
0.0273245
0.0273318
0.027338
0.0273429
0.0273466
0.0273499
0.0273536
0.0273581
0.0273632
0.0273683
0.0273725
0.0273755
0.0273775
0.0273792
0.0273813
0.0273837
0.0273862
0.0273882
0.0273896
0.0273902
0.0273901
0.00750979
0.00751953
0.00752923
0.00753922
0.00754978
0.00756109
0.00757321
0.007586
0.0075992
0.00761243
0.00762524
0.00763726
0.00764822
0.00765803
0.00766683
0.00767492
0.00768263
0.0076903
0.00769791
0.00770521
0.00771184
0.00771749
0.00772216
0.0077262
0.00773014
0.00773442
0.00773911
0.00774384
0.00774811
0.00775159
0.00775443
0.00775706
0.00775985
0.0077628
0.0077656
0.0077679
0.00776957
0.00777068
0.00777132
0.00777158
-0.0121129
-0.012103
-0.0120927
-0.0120818
-0.0120703
-0.0120584
-0.0120462
-0.012034
-0.0120218
-0.0120098
-0.0119981
-0.0119866
-0.0119756
-0.0119651
-0.0119553
-0.0119462
-0.0119378
-0.01193
-0.0119226
-0.0119157
-0.0119092
-0.0119033
-0.0118978
-0.0118927
-0.0118879
-0.0118834
-0.0118792
-0.0118752
-0.0118716
-0.011868
-0.0118644
-0.0118606
-0.0118569
-0.0118536
-0.011851
-0.0118492
-0.0118478
-0.0118467
-0.0118459
-0.0118451
-0.0317353
-0.0317246
-0.0317133
-0.0317014
-0.0316893
-0.0316774
-0.0316659
-0.031655
-0.0316445
-0.031634
-0.0316232
-0.0316121
-0.0316006
-0.0315893
-0.0315785
-0.0315687
-0.0315599
-0.0315519
-0.0315445
-0.0315372
-0.0315299
-0.0315227
-0.0315159
-0.0315098
-0.0315047
-0.0315005
-0.0314968
-0.0314932
-0.0314893
-0.0314849
-0.0314802
-0.0314756
-0.0314717
-0.0314686
-0.0314663
-0.0314645
-0.0314632
-0.0314621
-0.0314613
-0.0314606
-0.0513575
-0.0513455
-0.051333
-0.0513202
-0.0513079
-0.0512965
-0.0512861
-0.0512766
-0.0512674
-0.0512579
-0.0512476
-0.0512364
-0.0512246
-0.0512127
-0.0512015
-0.0511913
-0.0511822
-0.0511739
-0.0511658
-0.0511575
-0.0511489
-0.0511405
-0.0511329
-0.0511266
-0.0511217
-0.0511177
-0.0511139
-0.0511097
-0.0511048
-0.0510995
-0.0510943
-0.0510898
-0.0510862
-0.0510833
-0.0510809
-0.0510789
-0.0510773
-0.0510761
-0.0510755
-0.0510755
-0.0709794
-0.0709661
-0.0709525
-0.0709392
-0.0709268
-0.0709158
-0.0709059
-0.070897
-0.0708882
-0.0708789
-0.0708687
-0.0708574
-0.0708456
-0.0708339
-0.0708228
-0.0708127
-0.0708035
-0.0707945
-0.0707854
-0.0707761
-0.0707668
-0.0707581
-0.0707506
-0.0707446
-0.0707396
-0.070735
-0.07073
-0.0707245
-0.0707187
-0.0707131
-0.0707082
-0.0707042
-0.0707008
-0.0706979
-0.0706952
-0.070693
-0.0706911
-0.0706898
-0.070689
-0.0706893
-0.0906006
-0.0905863
-0.0905721
-0.0905584
-0.0905459
-0.0905347
-0.0905246
-0.0905152
-0.0905061
-0.0904965
-0.0904863
-0.0904755
-0.0904643
-0.0904533
-0.0904428
-0.0904328
-0.0904231
-0.0904134
-0.0904036
-0.0903938
-0.0903846
-0.0903764
-0.0903693
-0.090363
-0.090357
-0.0903508
-0.0903442
-0.0903376
-0.0903313
-0.090326
-0.0903214
-0.0903175
-0.0903139
-0.0903108
-0.0903081
-0.0903058
-0.0903041
-0.0903028
-0.0903018
-0.0903011
-0.11022
-0.110206
-0.110191
-0.110178
-0.110165
-0.110153
-0.110142
-0.110132
-0.110122
-0.110113
-0.110103
-0.110093
-0.110083
-0.110072
-0.110062
-0.110052
-0.110041
-0.110031
-0.110021
-0.110012
-0.110003
-0.109995
-0.109987
-0.109979
-0.109972
-0.109963
-0.109956
-0.109949
-0.109942
-0.109937
-0.109932
-0.109928
-0.109924
-0.109921
-0.109918
-0.109916
-0.109915
-0.109914
-0.109912
-0.109911
-0.129838
-0.129824
-0.12981
-0.129797
-0.129784
-0.129771
-0.12976
-0.129749
-0.129739
-0.129729
-0.12972
-0.129711
-0.129701
-0.129691
-0.12968
-0.129669
-0.129658
-0.129648
-0.129638
-0.129629
-0.12962
-0.129612
-0.129603
-0.129593
-0.129583
-0.129574
-0.129565
-0.129558
-0.129552
-0.129546
-0.129541
-0.129536
-0.129532
-0.129529
-0.129526
-0.129524
-0.129522
-0.129521
-0.12952
-0.129519
-0.149455
-0.149442
-0.149429
-0.149415
-0.149402
-0.149389
-0.149377
-0.149365
-0.149355
-0.149346
-0.149336
-0.149327
-0.149317
-0.149307
-0.149295
-0.149284
-0.149274
-0.149264
-0.149255
-0.149246
-0.149237
-0.149226
-0.149215
-0.149204
-0.149193
-0.149183
-0.149175
-0.149167
-0.14916
-0.149154
-0.149149
-0.149144
-0.14914
-0.149137
-0.149134
-0.149132
-0.149129
-0.149127
-0.149126
-0.149126
-0.169071
-0.169058
-0.169045
-0.169032
-0.169018
-0.169005
-0.168992
-0.16898
-0.168969
-0.168959
-0.16895
-0.16894
-0.168929
-0.168918
-0.168907
-0.168897
-0.168887
-0.168878
-0.16887
-0.16886
-0.16885
-0.168839
-0.168827
-0.168815
-0.168804
-0.168794
-0.168785
-0.168777
-0.168769
-0.168762
-0.168757
-0.168752
-0.168748
-0.168745
-0.168742
-0.168739
-0.168737
-0.168734
-0.168732
-0.168732
-0.188685
-0.188672
-0.188658
-0.188644
-0.18863
-0.188617
-0.188604
-0.188591
-0.18858
-0.188569
-0.188558
-0.188547
-0.188536
-0.188526
-0.188516
-0.188507
-0.188499
-0.18849
-0.188481
-0.188471
-0.18846
-0.188449
-0.188437
-0.188426
-0.188415
-0.188405
-0.188395
-0.188386
-0.188378
-0.18837
-0.188364
-0.18836
-0.188355
-0.188352
-0.188348
-0.188345
-0.188342
-0.188341
-0.188339
-0.188338
-0.208296
-0.208282
-0.208268
-0.208254
-0.20824
-0.208226
-0.208213
-0.2082
-0.208187
-0.208175
-0.208163
-0.208152
-0.208141
-0.208131
-0.208123
-0.208115
-0.208107
-0.208098
-0.208088
-0.208078
-0.208066
-0.208055
-0.208044
-0.208033
-0.208023
-0.208012
-0.208002
-0.207993
-0.207985
-0.207978
-0.207971
-0.207966
-0.207961
-0.207956
-0.207952
-0.207949
-0.207946
-0.207945
-0.207945
-0.207944
-0.227905
-0.22789
-0.227876
-0.227862
-0.227848
-0.227835
-0.227821
-0.227807
-0.227793
-0.22778
-0.227767
-0.227755
-0.227745
-0.227736
-0.227727
-0.227719
-0.22771
-0.2277
-0.22769
-0.227679
-0.227668
-0.227657
-0.227647
-0.227636
-0.227626
-0.227615
-0.227605
-0.227597
-0.227589
-0.227582
-0.227576
-0.22757
-0.227564
-0.227559
-0.227555
-0.227552
-0.22755
-0.227549
-0.227549
-0.22755
-0.247512
-0.247497
-0.247483
-0.24747
-0.247456
-0.247443
-0.247428
-0.247414
-0.247399
-0.247384
-0.247371
-0.247359
-0.247349
-0.247339
-0.24733
-0.24732
-0.247309
-0.247298
-0.247287
-0.247277
-0.247266
-0.247257
-0.247246
-0.247236
-0.247226
-0.247216
-0.247207
-0.247199
-0.247192
-0.247185
-0.247178
-0.247172
-0.247167
-0.247162
-0.247159
-0.247157
-0.247156
-0.247155
-0.247155
-0.247155
-0.267119
-0.267104
-0.26709
-0.267077
-0.267063
-0.267049
-0.267034
-0.267018
-0.267003
-0.266988
-0.266975
-0.266963
-0.266952
-0.266941
-0.26693
-0.266918
-0.266906
-0.266895
-0.266884
-0.266873
-0.266863
-0.266854
-0.266844
-0.266834
-0.266825
-0.266817
-0.266809
-0.266802
-0.266794
-0.266787
-0.26678
-0.266774
-0.266769
-0.266765
-0.266762
-0.266761
-0.26676
-0.26676
-0.26676
-0.266759
-0.286725
-0.286711
-0.286696
-0.286682
-0.286667
-0.286652
-0.286636
-0.28662
-0.286605
-0.286591
-0.286578
-0.286565
-0.286553
-0.28654
-0.286528
-0.286515
-0.286503
-0.286491
-0.28648
-0.28647
-0.28646
-0.28645
-0.28644
-0.286432
-0.286424
-0.286418
-0.286411
-0.286404
-0.286397
-0.286389
-0.286382
-0.286376
-0.286371
-0.286368
-0.286365
-0.286363
-0.286361
-0.286361
-0.28636
-0.28636
-0.306332
-0.306316
-0.3063
-0.306284
-0.306268
-0.306251
-0.306235
-0.306219
-0.306205
-0.306191
-0.306178
-0.306165
-0.306151
-0.306137
-0.306123
-0.30611
-0.306098
-0.306086
-0.306076
-0.306065
-0.306054
-0.306045
-0.306036
-0.306029
-0.306022
-0.306016
-0.30601
-0.306003
-0.305997
-0.30599
-0.305983
-0.305978
-0.305973
-0.305969
-0.305966
-0.305963
-0.305961
-0.305959
-0.305957
-0.305957
-0.325937
-0.325919
-0.325902
-0.325884
-0.325866
-0.325849
-0.325833
-0.325818
-0.325803
-0.325789
-0.325775
-0.32576
-0.325746
-0.325731
-0.325717
-0.325704
-0.325691
-0.325679
-0.325668
-0.325657
-0.325647
-0.325638
-0.325631
-0.325625
-0.325618
-0.325612
-0.325606
-0.3256
-0.325594
-0.325588
-0.325582
-0.325577
-0.325573
-0.325568
-0.325565
-0.325562
-0.325559
-0.325555
-0.325553
-0.325552
-0.345542
-0.345522
-0.345502
-0.345483
-0.345464
-0.345447
-0.34543
-0.345415
-0.3454
-0.345385
-0.345369
-0.345353
-0.345338
-0.345323
-0.345309
-0.345296
-0.345283
-0.345271
-0.345259
-0.345248
-0.345239
-0.345231
-0.345225
-0.345219
-0.345213
-0.345207
-0.345201
-0.345195
-0.34519
-0.345185
-0.34518
-0.345175
-0.34517
-0.345165
-0.34516
-0.345157
-0.345154
-0.34515
-0.345148
-0.345147
-0.365144
-0.365123
-0.365101
-0.365081
-0.365061
-0.365044
-0.365027
-0.36501
-0.364994
-0.364978
-0.364961
-0.364945
-0.364929
-0.364915
-0.364901
-0.364888
-0.364875
-0.364862
-0.364851
-0.364841
-0.364832
-0.364825
-0.364819
-0.364813
-0.364807
-0.364801
-0.364795
-0.364789
-0.364784
-0.364779
-0.364774
-0.36477
-0.364765
-0.36476
-0.364755
-0.36475
-0.364746
-0.364744
-0.364742
-0.364741
-0.384743
-0.384719
-0.384697
-0.384676
-0.384656
-0.384638
-0.38462
-0.384603
-0.384585
-0.384568
-0.384552
-0.384536
-0.384521
-0.384506
-0.384492
-0.384479
-0.384466
-0.384454
-0.384444
-0.384435
-0.384427
-0.38442
-0.384413
-0.384405
-0.384399
-0.384392
-0.384386
-0.384381
-0.384376
-0.384371
-0.384366
-0.384361
-0.384357
-0.384353
-0.384349
-0.384344
-0.38434
-0.384337
-0.384335
-0.384334
-0.404337
-0.404312
-0.404289
-0.404267
-0.404247
-0.404228
-0.404209
-0.404191
-0.404174
-0.404157
-0.404141
-0.404125
-0.404111
-0.404096
-0.404082
-0.404068
-0.404056
-0.404045
-0.404035
-0.404027
-0.404019
-0.404011
-0.404003
-0.403996
-0.403989
-0.403982
-0.403976
-0.40397
-0.403964
-0.40396
-0.403955
-0.40395
-0.403946
-0.403942
-0.403938
-0.403934
-0.403932
-0.403929
-0.403926
-0.403926
-0.423929
-0.423903
-0.423879
-0.423856
-0.423835
-0.423815
-0.423796
-0.423777
-0.423759
-0.423743
-0.423727
-0.423712
-0.423697
-0.423682
-0.423668
-0.423654
-0.423642
-0.423632
-0.423623
-0.423614
-0.423606
-0.423598
-0.42359
-0.423582
-0.423575
-0.423569
-0.423563
-0.423557
-0.423551
-0.423546
-0.423542
-0.423538
-0.423534
-0.42353
-0.423525
-0.423522
-0.423519
-0.423517
-0.423516
-0.423516
-0.44352
-0.443493
-0.443468
-0.443444
-0.443422
-0.4434
-0.44338
-0.443361
-0.443343
-0.443327
-0.443311
-0.443295
-0.443279
-0.443264
-0.44325
-0.443237
-0.443225
-0.443215
-0.443206
-0.443197
-0.443188
-0.44318
-0.443173
-0.443165
-0.443158
-0.443152
-0.443146
-0.443141
-0.443136
-0.443131
-0.443126
-0.443123
-0.443121
-0.443118
-0.443114
-0.443111
-0.443108
-0.443106
-0.443104
-0.443104
-0.463112
-0.463084
-0.463057
-0.463031
-0.463007
-0.462984
-0.462963
-0.462944
-0.462926
-0.462909
-0.462892
-0.462875
-0.462859
-0.462843
-0.462829
-0.462817
-0.462806
-0.462796
-0.462786
-0.462776
-0.462768
-0.46276
-0.462753
-0.462746
-0.462739
-0.462732
-0.462726
-0.462721
-0.462717
-0.462714
-0.462711
-0.462708
-0.462705
-0.462704
-0.462702
-0.4627
-0.462698
-0.462697
-0.462695
-0.462694
-0.482704
-0.482674
-0.482645
-0.482618
-0.482592
-0.482568
-0.482546
-0.482526
-0.482507
-0.482489
-0.482471
-0.482454
-0.482437
-0.482422
-0.482409
-0.482397
-0.482385
-0.482374
-0.482363
-0.482353
-0.482344
-0.482336
-0.482329
-0.482323
-0.482317
-0.482312
-0.482307
-0.482303
-0.482299
-0.482297
-0.482295
-0.482293
-0.48229
-0.482288
-0.482287
-0.482285
-0.482285
-0.482284
-0.482285
-0.482284
-0.502292
-0.502261
-0.502231
-0.502202
-0.502175
-0.50215
-0.502127
-0.502106
-0.502086
-0.502066
-0.502048
-0.50203
-0.502014
-0.501999
-0.501986
-0.501974
-0.501961
-0.501949
-0.501938
-0.501928
-0.501919
-0.501911
-0.501904
-0.501898
-0.501893
-0.50189
-0.501887
-0.501884
-0.501882
-0.50188
-0.501879
-0.501877
-0.501875
-0.501872
-0.50187
-0.501868
-0.501868
-0.501867
-0.501868
-0.501868
-0.521875
-0.521843
-0.521812
-0.521782
-0.521754
-0.521729
-0.521704
-0.521681
-0.521659
-0.521638
-0.521619
-0.521601
-0.521586
-0.521571
-0.521558
-0.521545
-0.521533
-0.521522
-0.521511
-0.521502
-0.521493
-0.521486
-0.521479
-0.521473
-0.521469
-0.521466
-0.521464
-0.521463
-0.521462
-0.521461
-0.521459
-0.521457
-0.521456
-0.521454
-0.521453
-0.521452
-0.521452
-0.521451
-0.52145
-0.521449
-0.541454
-0.54142
-0.541388
-0.541357
-0.541328
-0.541301
-0.541275
-0.54125
-0.541226
-0.541204
-0.541184
-0.541167
-0.541152
-0.541138
-0.541125
-0.541113
-0.541101
-0.541091
-0.541082
-0.541073
-0.541066
-0.541058
-0.541052
-0.541048
-0.541044
-0.541042
-0.54104
-0.54104
-0.54104
-0.541039
-0.541038
-0.541036
-0.541035
-0.541033
-0.541033
-0.541033
-0.541033
-0.541035
-0.541033
-0.541032
-0.561027
-0.560992
-0.560959
-0.560927
-0.560897
-0.560868
-0.56084
-0.560813
-0.560788
-0.560766
-0.560746
-0.56073
-0.560715
-0.560702
-0.56069
-0.560678
-0.560667
-0.560658
-0.560649
-0.560641
-0.560634
-0.560628
-0.560623
-0.56062
-0.560618
-0.560618
-0.560618
-0.560617
-0.560617
-0.560617
-0.560617
-0.560616
-0.560614
-0.560614
-0.560613
-0.560613
-0.560613
-0.560614
-0.560614
-0.560614
-0.580594
-0.580558
-0.580524
-0.580491
-0.58046
-0.580429
-0.5804
-0.580373
-0.580348
-0.580326
-0.580306
-0.58029
-0.580275
-0.580262
-0.58025
-0.58024
-0.58023
-0.580222
-0.580214
-0.580207
-0.580201
-0.580196
-0.580193
-0.580191
-0.58019
-0.580191
-0.580193
-0.580194
-0.580194
-0.580194
-0.580194
-0.580194
-0.580194
-0.580195
-0.580195
-0.580196
-0.580195
-0.580194
-0.580195
-0.580195
-0.600156
-0.600118
-0.600083
-0.600049
-0.600017
-0.599985
-0.599956
-0.599929
-0.599904
-0.599883
-0.599863
-0.599846
-0.59983
-0.599817
-0.599806
-0.599797
-0.59979
-0.599783
-0.599777
-0.599772
-0.599768
-0.599765
-0.599763
-0.599763
-0.599763
-0.599764
-0.599766
-0.599768
-0.59977
-0.599771
-0.599771
-0.599772
-0.599774
-0.599775
-0.599776
-0.599777
-0.599778
-0.599777
-0.599777
-0.599777
-0.619711
-0.619672
-0.619635
-0.6196
-0.619566
-0.619534
-0.619505
-0.619478
-0.619454
-0.619433
-0.619414
-0.619397
-0.619382
-0.619369
-0.619359
-0.619351
-0.619346
-0.619341
-0.619337
-0.619334
-0.619332
-0.619332
-0.619332
-0.619334
-0.619335
-0.619337
-0.619339
-0.619341
-0.619344
-0.619347
-0.619349
-0.619352
-0.619355
-0.619356
-0.619358
-0.619358
-0.619359
-0.61936
-0.61936
-0.619359
-0.639257
-0.639216
-0.639177
-0.63914
-0.639105
-0.639073
-0.639044
-0.639018
-0.638995
-0.638974
-0.638956
-0.63894
-0.638927
-0.638917
-0.638908
-0.638902
-0.638897
-0.638893
-0.638892
-0.638891
-0.638892
-0.638894
-0.638897
-0.6389
-0.638904
-0.638908
-0.638912
-0.638915
-0.638918
-0.638922
-0.638926
-0.638931
-0.638935
-0.638938
-0.638942
-0.638942
-0.638943
-0.638944
-0.638944
-0.638943
-0.658793
-0.658749
-0.658708
-0.65867
-0.658635
-0.658603
-0.658575
-0.658549
-0.658527
-0.658507
-0.658489
-0.658475
-0.658464
-0.658455
-0.658449
-0.658444
-0.658441
-0.65844
-0.658441
-0.658444
-0.658448
-0.658454
-0.658459
-0.658465
-0.65847
-0.658475
-0.658482
-0.658488
-0.658493
-0.658498
-0.658505
-0.658511
-0.658516
-0.658521
-0.658526
-0.65853
-0.658531
-0.658532
-0.658531
-0.658531
-0.67832
-0.678273
-0.67823
-0.678191
-0.678155
-0.678123
-0.678096
-0.678071
-0.678049
-0.67803
-0.678014
-0.678001
-0.677991
-0.677984
-0.67798
-0.677978
-0.677978
-0.67798
-0.677985
-0.677992
-0.677999
-0.678008
-0.678017
-0.678026
-0.678034
-0.678042
-0.67805
-0.678058
-0.678067
-0.678076
-0.678085
-0.678094
-0.678101
-0.678108
-0.678112
-0.678118
-0.678121
-0.678123
-0.678123
-0.678123
-0.697836
-0.697788
-0.697743
-0.697702
-0.697666
-0.697634
-0.697606
-0.697582
-0.697561
-0.697543
-0.697529
-0.697518
-0.697511
-0.697506
-0.697505
-0.697506
-0.69751
-0.697516
-0.697525
-0.697535
-0.697547
-0.697558
-0.697571
-0.697584
-0.697597
-0.697609
-0.69762
-0.697631
-0.697643
-0.697655
-0.697667
-0.697678
-0.697689
-0.697698
-0.697705
-0.697711
-0.697715
-0.697718
-0.697719
-0.697719
-0.71734
-0.71729
-0.717244
-0.717203
-0.717166
-0.717133
-0.717105
-0.717081
-0.717061
-0.717046
-0.717036
-0.717028
-0.717024
-0.717023
-0.717025
-0.71703
-0.717038
-0.717048
-0.717061
-0.717075
-0.717091
-0.717108
-0.717125
-0.717141
-0.717158
-0.717174
-0.717191
-0.717207
-0.717222
-0.717238
-0.717252
-0.717264
-0.717278
-0.717289
-0.7173
-0.717307
-0.717313
-0.717317
-0.717319
-0.717319
-0.736826
-0.736775
-0.736728
-0.736687
-0.73665
-0.736619
-0.736592
-0.73657
-0.736553
-0.736541
-0.736534
-0.73653
-0.73653
-0.736533
-0.736539
-0.736549
-0.736561
-0.736577
-0.736594
-0.736613
-0.736633
-0.736655
-0.736677
-0.736699
-0.736719
-0.73674
-0.73676
-0.736781
-0.736801
-0.73682
-0.736838
-0.736856
-0.736872
-0.736884
-0.736897
-0.736906
-0.736914
-0.73692
-0.736922
-0.736923
-0.756293
-0.75624
-0.756194
-0.756153
-0.756118
-0.756089
-0.756064
-0.756045
-0.756032
-0.756024
-0.756021
-0.756022
-0.756026
-0.756034
-0.756046
-0.756061
-0.75608
-0.756101
-0.756123
-0.756148
-0.756173
-0.756198
-0.756225
-0.756252
-0.75628
-0.756306
-0.756332
-0.756357
-0.756381
-0.756404
-0.756426
-0.756448
-0.756467
-0.756484
-0.756498
-0.756509
-0.75652
-0.756527
-0.756531
-0.756532
-0.77574
-0.775687
-0.775641
-0.775601
-0.775568
-0.775541
-0.77552
-0.775505
-0.775496
-0.775492
-0.775494
-0.7755
-0.775511
-0.775525
-0.775544
-0.775566
-0.77559
-0.775617
-0.775646
-0.775677
-0.77571
-0.775742
-0.775774
-0.775806
-0.775839
-0.775872
-0.775905
-0.775936
-0.775965
-0.775992
-0.776018
-0.776043
-0.776066
-0.776088
-0.776103
-0.776118
-0.776131
-0.77614
-0.776144
-0.776146
-0.795166
-0.795113
-0.795067
-0.795028
-0.794997
-0.794973
-0.794956
-0.794946
-0.794943
-0.794945
-0.794953
-0.794965
-0.794983
-0.795005
-0.795031
-0.795061
-0.795093
-0.795127
-0.795164
-0.795203
-0.795243
-0.795284
-0.795324
-0.795364
-0.795403
-0.795442
-0.795481
-0.795518
-0.795553
-0.795587
-0.795619
-0.795648
-0.795673
-0.795698
-0.795717
-0.795735
-0.795749
-0.795759
-0.795765
-0.795766
-0.814568
-0.814514
-0.814469
-0.814432
-0.814404
-0.814384
-0.814373
-0.814369
-0.814373
-0.814382
-0.814397
-0.814417
-0.814443
-0.814473
-0.814509
-0.814547
-0.814589
-0.814634
-0.81468
-0.814727
-0.814775
-0.814824
-0.814873
-0.814923
-0.814971
-0.815018
-0.815064
-0.815108
-0.815149
-0.815188
-0.815226
-0.815261
-0.815292
-0.815318
-0.815342
-0.815363
-0.815379
-0.81539
-0.815397
-0.815398
-0.833942
-0.833888
-0.833845
-0.833811
-0.833788
-0.833774
-0.833769
-0.833772
-0.833783
-0.833801
-0.833825
-0.833855
-0.833891
-0.833932
-0.833978
-0.834027
-0.83408
-0.834135
-0.834192
-0.834251
-0.83431
-0.834369
-0.834427
-0.834485
-0.834543
-0.834599
-0.834653
-0.834705
-0.834755
-0.834801
-0.834843
-0.834883
-0.83492
-0.834951
-0.834978
-0.835002
-0.835021
-0.835033
-0.835041
-0.835043
-0.853284
-0.853231
-0.85319
-0.853162
-0.853144
-0.853137
-0.85314
-0.853151
-0.853171
-0.853199
-0.853234
-0.853276
-0.853325
-0.853378
-0.853436
-0.853498
-0.853563
-0.853631
-0.853701
-0.853772
-0.853844
-0.853916
-0.853986
-0.854056
-0.854123
-0.854189
-0.854252
-0.854312
-0.854371
-0.854426
-0.854475
-0.85452
-0.854561
-0.854598
-0.85463
-0.854656
-0.854676
-0.854691
-0.854699
-0.854702
-0.872589
-0.872538
-0.872501
-0.872477
-0.872466
-0.872467
-0.872479
-0.872502
-0.872534
-0.872574
-0.872622
-0.872678
-0.872741
-0.872808
-0.872881
-0.872958
-0.873039
-0.873123
-0.873208
-0.873293
-0.873378
-0.873463
-0.873547
-0.87363
-0.873711
-0.873788
-0.873862
-0.873933
-0.874
-0.874062
-0.87412
-0.874173
-0.87422
-0.874263
-0.8743
-0.87433
-0.874353
-0.874369
-0.874379
-0.874383
-0.891849
-0.891801
-0.891768
-0.89175
-0.891747
-0.891759
-0.891783
-0.891818
-0.891864
-0.891919
-0.891983
-0.892056
-0.892136
-0.892222
-0.892313
-0.892408
-0.892506
-0.892608
-0.89271
-0.892814
-0.892916
-0.893016
-0.893115
-0.893212
-0.893306
-0.893396
-0.893482
-0.893566
-0.893644
-0.893715
-0.893781
-0.893843
-0.893898
-0.893947
-0.893988
-0.894022
-0.894049
-0.894068
-0.894079
-0.894084
-0.911056
-0.911012
-0.910985
-0.910977
-0.910984
-0.911008
-0.911045
-0.911096
-0.911158
-0.911232
-0.911316
-0.911408
-0.911509
-0.911616
-0.911729
-0.911846
-0.911965
-0.912086
-0.912209
-0.912331
-0.912454
-0.912574
-0.912692
-0.912806
-0.912915
-0.91302
-0.91312
-0.913216
-0.913306
-0.91339
-0.913466
-0.913535
-0.913598
-0.913655
-0.913702
-0.91374
-0.91377
-0.913792
-0.913806
-0.913811
-0.930202
-0.930164
-0.930146
-0.930149
-0.93017
-0.930208
-0.930263
-0.930333
-0.930417
-0.930513
-0.93062
-0.930736
-0.930861
-0.930992
-0.931129
-0.93127
-0.931415
-0.931562
-0.931708
-0.931853
-0.931996
-0.932137
-0.932275
-0.932409
-0.932538
-0.932661
-0.932778
-0.932888
-0.93299
-0.933086
-0.933174
-0.933254
-0.933326
-0.933389
-0.933443
-0.933488
-0.933522
-0.933547
-0.933562
-0.933567
-0.94928
-0.949249
-0.949243
-0.94926
-0.949298
-0.949356
-0.949433
-0.949526
-0.949634
-0.949757
-0.949892
-0.950036
-0.95019
-0.95035
-0.950517
-0.950687
-0.950859
-0.951033
-0.951207
-0.951379
-0.951549
-0.951714
-0.951874
-0.952029
-0.952178
-0.95232
-0.952455
-0.952582
-0.952701
-0.952809
-0.952909
-0.953001
-0.953083
-0.953155
-0.953215
-0.953263
-0.953302
-0.953331
-0.953349
-0.953355
-0.96828
-0.96826
-0.968269
-0.968304
-0.968364
-0.968446
-0.968549
-0.96867
-0.968809
-0.968962
-0.969129
-0.969307
-0.969494
-0.969689
-0.96989
-0.970094
-0.970299
-0.970504
-0.970708
-0.97091
-0.971109
-0.971302
-0.971489
-0.971669
-0.971842
-0.972005
-0.97216
-0.972305
-0.972441
-0.972566
-0.972679
-0.972781
-0.972873
-0.972954
-0.973022
-0.973078
-0.973122
-0.973153
-0.973172
-0.973178
-0.98719
-0.987185
-0.987213
-0.987271
-0.987357
-0.987469
-0.987605
-0.987761
-0.987936
-0.988127
-0.988333
-0.98855
-0.988775
-0.989008
-0.989247
-0.98949
-0.989733
-0.989976
-0.990217
-0.990452
-0.990682
-0.990905
-0.991121
-0.99133
-0.991529
-0.991717
-0.991894
-0.992059
-0.992212
-0.992353
-0.992482
-0.992599
-0.992702
-0.992791
-0.992867
-0.992929
-0.992978
-0.993014
-0.993035
-0.993043
-1.006
-1.00601
-1.00607
-1.00615
-1.00627
-1.00642
-1.0066
-1.00679
-1.00701
-1.00725
-1.0075
-1.00776
-1.00804
-1.00831
-1.0086
-1.00888
-1.00917
-1.00945
-1.00973
-1.01001
-1.01027
-1.01053
-1.01078
-1.01102
-1.01125
-1.01146
-1.01166
-1.01185
-1.01202
-1.01218
-1.01233
-1.01246
-1.01257
-1.01267
-1.01276
-1.01283
-1.01288
-1.01292
-1.01294
-1.01295
-1.02469
-1.02473
-1.02481
-1.02494
-1.0251
-1.02529
-1.02552
-1.02577
-1.02604
-1.02633
-1.02664
-1.02695
-1.02728
-1.02761
-1.02794
-1.02828
-1.02861
-1.02894
-1.02926
-1.02958
-1.02989
-1.03018
-1.03047
-1.03074
-1.031
-1.03124
-1.03147
-1.03168
-1.03187
-1.03205
-1.03222
-1.03236
-1.03249
-1.0326
-1.03269
-1.03277
-1.03283
-1.03287
-1.0329
-1.03291
-1.04324
-1.04332
-1.04344
-1.04362
-1.04383
-1.04408
-1.04437
-1.04468
-1.04502
-1.04537
-1.04574
-1.04613
-1.04651
-1.0469
-1.0473
-1.04769
-1.04807
-1.04845
-1.04883
-1.04919
-1.04954
-1.04987
-1.0502
-1.0505
-1.05079
-1.05107
-1.05132
-1.05156
-1.05178
-1.05198
-1.05216
-1.05232
-1.05246
-1.05258
-1.05268
-1.05277
-1.05283
-1.05288
-1.05291
-1.05292
-1.06163
-1.06175
-1.06193
-1.06216
-1.06245
-1.06277
-1.06313
-1.06353
-1.06394
-1.06438
-1.06483
-1.06528
-1.06575
-1.06621
-1.06667
-1.06712
-1.06757
-1.068
-1.06843
-1.06884
-1.06923
-1.06961
-1.06998
-1.07032
-1.07065
-1.07095
-1.07123
-1.0715
-1.07174
-1.07196
-1.07216
-1.07233
-1.07249
-1.07262
-1.07274
-1.07283
-1.0729
-1.07295
-1.07298
-1.07299
-1.07982
-1.08
-1.08025
-1.08056
-1.08093
-1.08134
-1.0818
-1.08229
-1.08281
-1.08334
-1.08389
-1.08444
-1.08498
-1.08553
-1.08607
-1.08659
-1.08711
-1.0876
-1.08808
-1.08855
-1.08899
-1.08941
-1.08982
-1.0902
-1.09056
-1.0909
-1.09121
-1.0915
-1.09177
-1.09201
-1.09223
-1.09242
-1.09259
-1.09273
-1.09286
-1.09296
-1.09303
-1.09309
-1.09312
-1.09313
-1.09778
-1.09803
-1.09837
-1.09878
-1.09926
-1.09979
-1.10037
-1.10098
-1.10161
-1.10226
-1.10292
-1.10358
-1.10424
-1.10488
-1.10551
-1.10611
-1.1067
-1.10727
-1.10781
-1.10833
-1.10883
-1.1093
-1.10974
-1.11016
-1.11056
-1.11093
-1.11127
-1.11158
-1.11187
-1.11213
-1.11237
-1.11258
-1.11276
-1.11292
-1.11305
-1.11316
-1.11324
-1.1133
-1.11333
-1.11335
-1.11547
-1.11583
-1.11629
-1.11683
-1.11744
-1.11812
-1.11884
-1.11959
-1.12037
-1.12115
-1.12194
-1.12273
-1.12351
-1.12426
-1.12499
-1.1257
-1.12637
-1.12702
-1.12763
-1.12821
-1.12876
-1.12928
-1.12976
-1.13022
-1.13065
-1.13105
-1.13141
-1.13175
-1.13206
-1.13234
-1.1326
-1.13282
-1.13301
-1.13318
-1.13332
-1.13344
-1.13353
-1.13359
-1.13362
-1.13364
-1.13286
-1.13336
-1.13398
-1.13469
-1.13548
-1.13634
-1.13723
-1.13816
-1.13911
-1.14005
-1.141
-1.14193
-1.14283
-1.14371
-1.14456
-1.14536
-1.14613
-1.14686
-1.14755
-1.14819
-1.1488
-1.14936
-1.14989
-1.15039
-1.15084
-1.15127
-1.15166
-1.15202
-1.15235
-1.15265
-1.15291
-1.15315
-1.15336
-1.15353
-1.15368
-1.1538
-1.15389
-1.15396
-1.154
-1.15401
-1.14988
-1.15058
-1.15141
-1.15235
-1.15338
-1.15447
-1.15559
-1.15673
-1.15788
-1.15901
-1.16013
-1.16122
-1.16227
-1.16327
-1.16424
-1.16515
-1.16602
-1.16683
-1.16759
-1.1683
-1.16896
-1.16958
-1.17015
-1.17067
-1.17116
-1.17161
-1.17202
-1.1724
-1.17275
-1.17305
-1.17333
-1.17358
-1.17379
-1.17397
-1.17413
-1.17425
-1.17435
-1.17441
-1.17445
-1.17447
-1.16645
-1.16742
-1.16855
-1.1698
-1.17113
-1.17252
-1.17393
-1.17534
-1.17673
-1.17809
-1.1794
-1.18066
-1.18186
-1.183
-1.18409
-1.18511
-1.18607
-1.18696
-1.1878
-1.18857
-1.18928
-1.18994
-1.19054
-1.1911
-1.19161
-1.19208
-1.19251
-1.1929
-1.19325
-1.19357
-1.19385
-1.19411
-1.19432
-1.19451
-1.19467
-1.19479
-1.19489
-1.19496
-1.195
-1.19501
-1.18247
-1.18383
-1.18537
-1.18703
-1.18877
-1.19054
-1.1923
-1.19404
-1.19572
-1.19733
-1.19887
-1.20032
-1.20168
-1.20296
-1.20416
-1.20529
-1.20633
-1.2073
-1.2082
-1.20902
-1.20978
-1.21047
-1.21111
-1.21168
-1.21221
-1.21269
-1.21313
-1.21353
-1.21388
-1.2142
-1.21449
-1.21474
-1.21496
-1.21515
-1.21531
-1.21543
-1.21553
-1.2156
-1.21564
-1.21565
-1.19784
-1.19977
-1.20189
-1.20412
-1.20638
-1.20863
-1.21083
-1.21295
-1.21496
-1.21685
-1.21863
-1.22028
-1.22181
-1.22323
-1.22454
-1.22575
-1.22687
-1.22789
-1.22884
-1.2297
-1.23048
-1.2312
-1.23185
-1.23244
-1.23297
-1.23345
-1.23389
-1.23429
-1.23464
-1.23496
-1.23524
-1.23549
-1.23571
-1.23589
-1.23604
-1.23617
-1.23627
-1.23633
-1.23637
-1.23638
-1.21253
-1.2153
-1.21823
-1.22122
-1.22417
-1.22701
-1.22972
-1.23226
-1.23463
-1.23681
-1.23881
-1.24066
-1.24234
-1.24388
-1.24528
-1.24656
-1.24772
-1.24878
-1.24975
-1.25063
-1.25142
-1.25214
-1.25279
-1.25338
-1.2539
-1.25438
-1.25481
-1.25519
-1.25554
-1.25584
-1.25612
-1.25635
-1.25656
-1.25674
-1.25688
-1.257
-1.25709
-1.25716
-1.25719
-1.2572
-1.2266
-1.23059
-1.23466
-1.23864
-1.24243
-1.24598
-1.24925
-1.25224
-1.25495
-1.25739
-1.25961
-1.26161
-1.26341
-1.26503
-1.26648
-1.26778
-1.26896
-1.27002
-1.27098
-1.27184
-1.27262
-1.27332
-1.27395
-1.27451
-1.27502
-1.27547
-1.27588
-1.27624
-1.27656
-1.27685
-1.2771
-1.27733
-1.27752
-1.27768
-1.27782
-1.27793
-1.27802
-1.27807
-1.27811
-1.27811
-1.24037
-1.24615
-1.25173
-1.25694
-1.26171
-1.26599
-1.26982
-1.27321
-1.27619
-1.27885
-1.2812
-1.28328
-1.28512
-1.28675
-1.28819
-1.28947
-1.29061
-1.29162
-1.29254
-1.29335
-1.29408
-1.29474
-1.29532
-1.29584
-1.29631
-1.29673
-1.2971
-1.29743
-1.29772
-1.29798
-1.29821
-1.29841
-1.29858
-1.29873
-1.29885
-1.29895
-1.29902
-1.29907
-1.2991
-1.29911
-1.25484
-1.26309
-1.27056
-1.27713
-1.28283
-1.28775
-1.29199
-1.29557
-1.2987
-1.30142
-1.30378
-1.30582
-1.3076
-1.30914
-1.31049
-1.31167
-1.31271
-1.31363
-1.31445
-1.31518
-1.31582
-1.3164
-1.31691
-1.31737
-1.31778
-1.31814
-1.31846
-1.31875
-1.319
-1.31922
-1.31942
-1.31959
-1.31974
-1.31986
-1.31997
-1.32005
-1.32011
-1.32016
-1.32018
-1.32018
-1.27252
-1.28374
-1.29305
-1.30067
-1.30693
-1.31198
-1.31619
-1.31981
-1.32283
-1.32538
-1.32753
-1.32935
-1.33091
-1.33224
-1.3334
-1.33439
-1.33526
-1.33602
-1.3367
-1.33729
-1.33782
-1.33829
-1.33871
-1.33908
-1.3394
-1.3397
-1.33995
-1.34018
-1.34038
-1.34056
-1.34072
-1.34086
-1.34098
-1.34108
-1.34116
-1.34123
-1.34127
-1.34131
-1.34132
-1.34132
-1.29928
-1.31238
-1.32226
-1.32936
-1.33502
-1.33968
-1.34341
-1.34642
-1.34886
-1.35086
-1.35252
-1.3539
-1.35506
-1.35605
-1.35689
-1.35761
-1.35823
-1.35877
-1.35925
-1.35967
-1.36004
-1.36038
-1.36067
-1.36093
-1.36117
-1.36137
-1.36156
-1.36172
-1.36186
-1.36199
-1.3621
-1.3622
-1.36228
-1.36236
-1.36241
-1.36246
-1.3625
-1.36252
-1.36252
-1.36252
-1.34605
-1.35418
-1.36017
-1.36519
-1.36888
-1.37164
-1.37376
-1.37542
-1.37674
-1.37779
-1.37866
-1.37937
-1.37996
-1.38045
-1.38087
-1.38122
-1.38153
-1.3818
-1.38204
-1.38225
-1.38244
-1.38261
-1.38277
-1.38291
-1.38303
-1.38314
-1.38324
-1.38333
-1.38341
-1.38348
-1.38354
-1.3836
-1.38365
-1.38369
-1.38372
-1.38375
-1.38377
-1.38378
-1.38378
-1.38377
-1.4292
-1.41846
-1.41254
-1.4097
-1.40816
-1.40724
-1.40666
-1.40627
-1.40599
-1.40577
-1.4056
-1.40546
-1.40535
-1.40525
-1.40517
-1.4051
-1.40505
-1.405
-1.40497
-1.40495
-1.40494
-1.40494
-1.40494
-1.40495
-1.40496
-1.40497
-1.40498
-1.40499
-1.405
-1.40501
-1.40502
-1.40504
-1.40505
-1.40505
-1.40506
-1.40507
-1.40507
-1.40507
-1.40506
-1.40505
-1.51495
-1.48594
-1.46741
-1.45616
-1.44884
-1.44386
-1.44031
-1.43768
-1.43566
-1.43408
-1.4328
-1.43176
-1.4309
-1.43018
-1.42957
-1.42906
-1.42862
-1.42826
-1.42795
-1.42769
-1.42748
-1.42729
-1.42714
-1.42701
-1.4269
-1.42681
-1.42673
-1.42666
-1.42661
-1.42656
-1.42652
-1.42649
-1.42646
-1.42644
-1.42642
-1.42641
-1.42639
-1.42638
-1.42636
-1.42635
-1.54883
-1.52454
-1.5067
-1.49408
-1.48463
-1.47762
-1.47223
-1.468
-1.46462
-1.46188
-1.45963
-1.45777
-1.45622
-1.45491
-1.45381
-1.45288
-1.45208
-1.45141
-1.45084
-1.45035
-1.44994
-1.44959
-1.44929
-1.44903
-1.44881
-1.44862
-1.44846
-1.44832
-1.4482
-1.4481
-1.44801
-1.44794
-1.44788
-1.44783
-1.44778
-1.44775
-1.44772
-1.4477
-1.44768
-1.44766
-1.54075
-1.53694
-1.52982
-1.52174
-1.51406
-1.5072
-1.50129
-1.49629
-1.49208
-1.48855
-1.48558
-1.48308
-1.48097
-1.47918
-1.47766
-1.47636
-1.47526
-1.47433
-1.47353
-1.47285
-1.47226
-1.47176
-1.47133
-1.47096
-1.47064
-1.47037
-1.47013
-1.46993
-1.46975
-1.4696
-1.46947
-1.46936
-1.46927
-1.4692
-1.46913
-1.46908
-1.46904
-1.46901
-1.46898
-1.46896
-1.55618
-1.55845
-1.55493
-1.54848
-1.5413
-1.53437
-1.52813
-1.52264
-1.51789
-1.51383
-1.51036
-1.5074
-1.50489
-1.50275
-1.50092
-1.49936
-1.49803
-1.49689
-1.49591
-1.49508
-1.49436
-1.49374
-1.49321
-1.49275
-1.49235
-1.49201
-1.49171
-1.49146
-1.49124
-1.49105
-1.49089
-1.49075
-1.49063
-1.49054
-1.49045
-1.49039
-1.49034
-1.4903
-1.49027
-1.49025
-1.61584
-1.60166
-1.58915
-1.57818
-1.5686
-1.56034
-1.55326
-1.54719
-1.542
-1.53757
-1.53379
-1.53057
-1.52782
-1.52547
-1.52346
-1.52174
-1.52026
-1.519
-1.51792
-1.51699
-1.51618
-1.51549
-1.51489
-1.51436
-1.51391
-1.51352
-1.51318
-1.51289
-1.51264
-1.51242
-1.51223
-1.51208
-1.51194
-1.51183
-1.51174
-1.51166
-1.5116
-1.51156
-1.51153
-1.5115
-1.65421
-1.63524
-1.61843
-1.60443
-1.593
-1.58368
-1.57598
-1.56956
-1.56416
-1.55961
-1.55574
-1.55245
-1.54965
-1.54725
-1.5452
-1.54344
-1.54192
-1.54062
-1.5395
-1.53853
-1.53769
-1.53696
-1.53633
-1.53578
-1.5353
-1.53488
-1.53452
-1.53421
-1.53394
-1.53371
-1.53351
-1.53333
-1.53319
-1.53307
-1.53297
-1.53289
-1.53282
-1.53278
-1.53275
-1.53272
-1.675
-1.65542
-1.63787
-1.62345
-1.6122
-1.60297
-1.59545
-1.58926
-1.5841
-1.57977
-1.57611
-1.57301
-1.57036
-1.56808
-1.56613
-1.56444
-1.56299
-1.56173
-1.56064
-1.5597
-1.55887
-1.55816
-1.55753
-1.55698
-1.55651
-1.55609
-1.55572
-1.55541
-1.55513
-1.5549
-1.55469
-1.55452
-1.55437
-1.55425
-1.55415
-1.55406
-1.554
-1.55395
-1.55392
-1.5539
-1.67665
-1.66042
-1.64636
-1.63473
-1.62525
-1.61759
-1.61133
-1.60613
-1.60177
-1.59809
-1.59495
-1.59231
-1.59001
-1.58802
-1.58629
-1.58479
-1.58349
-1.58236
-1.58137
-1.58051
-1.57975
-1.57908
-1.57849
-1.57798
-1.57753
-1.57713
-1.57679
-1.57648
-1.57622
-1.57599
-1.5758
-1.57563
-1.57548
-1.57536
-1.57526
-1.57518
-1.57512
-1.57508
-1.57505
-1.57503
-1.66141
-1.65364
-1.6464
-1.63967
-1.63374
-1.62872
-1.62446
-1.62081
-1.61768
-1.61496
-1.61261
-1.61056
-1.60877
-1.60719
-1.60581
-1.60459
-1.60352
-1.60257
-1.60175
-1.60101
-1.60035
-1.59977
-1.59925
-1.59879
-1.59839
-1.59804
-1.59772
-1.59745
-1.59721
-1.597
-1.59682
-1.59666
-1.59653
-1.59642
-1.59632
-1.59625
-1.59619
-1.59615
-1.59613
-1.59611
-1.64544
-1.64532
-1.64427
-1.64241
-1.64027
-1.63816
-1.63615
-1.63427
-1.63253
-1.63093
-1.62948
-1.62815
-1.62695
-1.62586
-1.62488
-1.624
-1.6232
-1.62248
-1.62183
-1.62125
-1.62072
-1.62025
-1.61983
-1.61945
-1.61911
-1.61881
-1.61855
-1.61831
-1.6181
-1.61792
-1.61776
-1.61762
-1.61751
-1.61741
-1.61733
-1.61727
-1.61722
-1.61718
-1.61716
-1.61715
-1.63671
-1.64126
-1.64451
-1.64641
-1.64741
-1.64783
-1.64784
-1.6476
-1.64718
-1.64666
-1.64608
-1.64548
-1.64488
-1.64428
-1.64371
-1.64317
-1.64266
-1.64218
-1.64174
-1.64133
-1.64095
-1.6406
-1.64028
-1.63999
-1.63973
-1.63949
-1.63928
-1.63909
-1.63892
-1.63877
-1.63864
-1.63853
-1.63843
-1.63835
-1.63829
-1.63823
-1.63819
-1.63816
-1.63815
-1.63814
-1.6352
-1.64323
-1.64933
-1.65375
-1.65692
-1.65915
-1.66069
-1.66171
-1.66236
-1.66273
-1.6629
-1.66292
-1.66285
-1.6627
-1.66251
-1.66229
-1.66205
-1.66181
-1.66156
-1.66132
-1.66109
-1.66086
-1.66065
-1.66046
-1.66027
-1.6601
-1.65995
-1.65981
-1.65969
-1.65957
-1.65947
-1.65939
-1.65931
-1.65925
-1.6592
-1.65916
-1.65913
-1.65911
-1.6591
-1.65909
-1.64365
-1.65289
-1.66006
-1.66556
-1.66978
-1.67298
-1.6754
-1.67721
-1.67856
-1.67955
-1.68027
-1.68077
-1.68111
-1.68132
-1.68145
-1.6815
-1.6815
-1.68146
-1.68139
-1.68131
-1.68121
-1.6811
-1.681
-1.68089
-1.68078
-1.68068
-1.68058
-1.68049
-1.68041
-1.68034
-1.68027
-1.68021
-1.68016
-1.68012
-1.68008
-1.68005
-1.68003
-1.68002
-1.68001
-1.68001
-1.66234
-1.67009
-1.67661
-1.68188
-1.68613
-1.68951
-1.6922
-1.69434
-1.69602
-1.69735
-1.69839
-1.69919
-1.69981
-1.70029
-1.70064
-1.7009
-1.70109
-1.70122
-1.7013
-1.70135
-1.70137
-1.70136
-1.70135
-1.70132
-1.70129
-1.70125
-1.7012
-1.70116
-1.70112
-1.70108
-1.70104
-1.70101
-1.70098
-1.70096
-1.70094
-1.70092
-1.70091
-1.70091
-1.70091
-1.70091
-1.68862
-1.6931
-1.69773
-1.70183
-1.70538
-1.70838
-1.7109
-1.71299
-1.71471
-1.71614
-1.71731
-1.71826
-1.71904
-1.71966
-1.72017
-1.72057
-1.72089
-1.72114
-1.72134
-1.72149
-1.7216
-1.72169
-1.72175
-1.72179
-1.72181
-1.72183
-1.72183
-1.72183
-1.72183
-1.72182
-1.72181
-1.7218
-1.72179
-1.72179
-1.72178
-1.72178
-1.72178
-1.72178
-1.72178
-1.72179
-1.71694
-1.71849
-1.7212
-1.72393
-1.72654
-1.72892
-1.73102
-1.73285
-1.73444
-1.7358
-1.73695
-1.73794
-1.73876
-1.73946
-1.74004
-1.74053
-1.74093
-1.74127
-1.74154
-1.74177
-1.74195
-1.7421
-1.74222
-1.74231
-1.74239
-1.74244
-1.74249
-1.74252
-1.74255
-1.74257
-1.74258
-1.74259
-1.7426
-1.74261
-1.74262
-1.74262
-1.74263
-1.74264
-1.74265
-1.74266
-1.74246
-1.74316
-1.74485
-1.74668
-1.74856
-1.75037
-1.75204
-1.75356
-1.75492
-1.75614
-1.7572
-1.75814
-1.75895
-1.75965
-1.76026
-1.76077
-1.76122
-1.7616
-1.76192
-1.76219
-1.76242
-1.76261
-1.76277
-1.76291
-1.76302
-1.76311
-1.76318
-1.76324
-1.76329
-1.76333
-1.76336
-1.76339
-1.76342
-1.76344
-1.76345
-1.76347
-1.76348
-1.7635
-1.76351
-1.76352
-1.76535
-1.7667
-1.76812
-1.76952
-1.77091
-1.77227
-1.77358
-1.7748
-1.77594
-1.77698
-1.77792
-1.77876
-1.77951
-1.78018
-1.78077
-1.78129
-1.78174
-1.78213
-1.78247
-1.78277
-1.78302
-1.78324
-1.78342
-1.78358
-1.78371
-1.78383
-1.78392
-1.784
-1.78407
-1.78412
-1.78417
-1.78421
-1.78424
-1.78427
-1.7843
-1.78432
-1.78434
-1.78436
-1.78437
-1.78438
-1.7904
-1.79096
-1.7916
-1.79245
-1.79341
-1.7944
-1.79539
-1.79636
-1.79729
-1.79816
-1.79897
-1.79971
-1.80038
-1.80099
-1.80154
-1.80203
-1.80246
-1.80285
-1.80319
-1.80349
-1.80375
-1.80397
-1.80417
-1.80434
-1.80448
-1.8046
-1.80471
-1.8048
-1.80488
-1.80494
-1.805
-1.80505
-1.80509
-1.80512
-1.80515
-1.80518
-1.8052
-1.80522
-1.80524
-1.80525
-1.81269
-1.81364
-1.81433
-1.81504
-1.81577
-1.81654
-1.81732
-1.8181
-1.81886
-1.81958
-1.82026
-1.8209
-1.82149
-1.82203
-1.82252
-1.82297
-1.82337
-1.82373
-1.82405
-1.82434
-1.82459
-1.82481
-1.825
-1.82517
-1.82532
-1.82544
-1.82555
-1.82565
-1.82573
-1.8258
-1.82586
-1.82591
-1.82595
-1.82599
-1.82602
-1.82605
-1.82607
-1.82609
-1.82611
-1.82612
-1.83596
-1.83633
-1.83684
-1.83742
-1.83804
-1.83867
-1.83932
-1.83995
-1.84057
-1.84117
-1.84174
-1.84228
-1.84278
-1.84325
-1.84368
-1.84407
-1.84443
-1.84475
-1.84504
-1.8453
-1.84553
-1.84574
-1.84592
-1.84608
-1.84622
-1.84634
-1.84644
-1.84654
-1.84661
-1.84668
-1.84674
-1.84679
-1.84684
-1.84687
-1.84691
-1.84693
-1.84696
-1.84698
-1.847
-1.84701
-1.85897
-1.85929
-1.85946
-1.85985
-1.86034
-1.86085
-1.86137
-1.86189
-1.8624
-1.86289
-1.86336
-1.8638
-1.86422
-1.86461
-1.86498
-1.86531
-1.86562
-1.86589
-1.86614
-1.86637
-1.86657
-1.86675
-1.86691
-1.86706
-1.86718
-1.86729
-1.86738
-1.86747
-1.86754
-1.8676
-1.86765
-1.8677
-1.86774
-1.86778
-1.86781
-1.86783
-1.86786
-1.86787
-1.86789
-1.8679
-1.87947
-1.88029
-1.88138
-1.88204
-1.88258
-1.88304
-1.88348
-1.8839
-1.88432
-1.88471
-1.88509
-1.88545
-1.88578
-1.8861
-1.88639
-1.88666
-1.88691
-1.88713
-1.88734
-1.88752
-1.88769
-1.88784
-1.88797
-1.88809
-1.88819
-1.88828
-1.88836
-1.88843
-1.88849
-1.88855
-1.88859
-1.88863
-1.88867
-1.8887
-1.88872
-1.88875
-1.88876
-1.88878
-1.88879
-1.8888
-1.90971
-1.90435
-1.905
-1.90503
-1.90522
-1.90547
-1.90576
-1.90606
-1.90636
-1.90666
-1.90694
-1.90721
-1.90746
-1.90769
-1.9079
-1.9081
-1.90829
-1.90845
-1.90861
-1.90874
-1.90887
-1.90898
-1.90908
-1.90917
-1.90925
-1.90931
-1.90938
-1.90943
-1.90947
-1.90951
-1.90955
-1.90958
-1.90961
-1.90963
-1.90965
-1.90967
-1.90968
-1.9097
-1.90971
-1.90971
-1.92346
-1.92517
-1.92622
-1.92692
-1.92739
-1.92767
-1.92795
-1.92821
-1.92845
-1.92867
-1.92886
-1.92904
-1.9292
-1.92935
-1.92949
-1.92962
-1.92973
-1.92984
-1.92993
-1.93002
-1.9301
-1.93017
-1.93023
-1.93028
-1.93033
-1.93038
-1.93041
-1.93045
-1.93048
-1.9305
-1.93052
-1.93054
-1.93056
-1.93057
-1.93059
-1.9306
-1.93061
-1.93062
-1.93062
-1.93063
-1.95733
-1.95714
-1.95426
-1.95263
-1.95171
-1.95129
-1.95101
-1.95093
-1.95097
-1.951
-1.95103
-1.95106
-1.9511
-1.95114
-1.95117
-1.95121
-1.95124
-1.95128
-1.95131
-1.95134
-1.95136
-1.95139
-1.95141
-1.95143
-1.95144
-1.95146
-1.95147
-1.95148
-1.95149
-1.9515
-1.95151
-1.95152
-1.95152
-1.95153
-1.95153
-1.95153
-1.95154
-1.95154
-1.95154
-1.95155
0.0463634
0.046364
0.046364
0.0463638
0.0463638
0.0463643
0.0463655
0.0463677
0.0463709
0.0463752
0.0463804
0.0463865
0.0463934
0.0464009
0.0464089
0.0464174
0.0464264
0.0464359
0.0464458
0.0464562
0.046467
0.0464781
0.0464892
0.0465002
0.0465106
0.0465204
0.0465293
0.0465373
0.0465444
0.0465507
0.0465566
0.0465625
0.0465686
0.0465755
0.0465832
0.0465921
0.046602
0.0466128
0.0466244
0.0466366
0.0267414
0.0267414
0.026741
0.0267406
0.0267406
0.0267412
0.0267427
0.0267452
0.0267487
0.0267533
0.0267588
0.0267651
0.0267721
0.0267796
0.0267876
0.0267961
0.026805
0.0268145
0.0268244
0.0268349
0.0268458
0.026857
0.0268681
0.0268791
0.0268896
0.0268993
0.0269081
0.026916
0.026923
0.0269294
0.0269354
0.0269414
0.0269479
0.026955
0.0269632
0.0269723
0.0269824
0.0269932
0.0270045
0.0270159
0.00711453
0.00711428
0.00711403
0.00711407
0.00711464
0.00711595
0.00711814
0.0071213
0.00712541
0.00713041
0.0071362
0.00714264
0.00714964
0.0071571
0.00716501
0.00717334
0.00718213
0.0071914
0.00720115
0.00721136
0.00722194
0.00723275
0.00724359
0.00725426
0.00726454
0.00727427
0.00728332
0.00729168
0.00729943
0.00730673
0.00731382
0.00732097
0.00732843
0.00733641
0.00734503
0.00735431
0.00736417
0.00737444
0.00738491
0.00739539
-0.0125152
-0.0125154
-0.0125151
-0.0125143
-0.0125129
-0.0125107
-0.0125076
-0.0125037
-0.012499
-0.0124935
-0.0124875
-0.0124809
-0.0124739
-0.0124665
-0.0124587
-0.0124505
-0.012442
-0.0124331
-0.0124238
-0.0124142
-0.0124043
-0.0123943
-0.0123841
-0.012374
-0.012364
-0.0123542
-0.0123446
-0.0123353
-0.0123263
-0.0123175
-0.0123087
-0.0123
-0.0122911
-0.0122821
-0.0122729
-0.0122635
-0.0122538
-0.0122439
-0.0122338
-0.0122235
-0.0321462
-0.032146
-0.0321451
-0.0321435
-0.0321412
-0.0321381
-0.0321342
-0.0321297
-0.0321244
-0.0321187
-0.0321124
-0.0321057
-0.0320986
-0.0320912
-0.0320836
-0.0320756
-0.0320675
-0.0320591
-0.0320506
-0.0320419
-0.032033
-0.032024
-0.0320147
-0.0320053
-0.0319955
-0.0319856
-0.0319753
-0.0319649
-0.0319543
-0.0319436
-0.031933
-0.0319225
-0.0319122
-0.0319021
-0.0318923
-0.0318825
-0.0318728
-0.0318628
-0.0318524
-0.0318414
-0.0517776
-0.051777
-0.0517756
-0.0517733
-0.0517703
-0.0517666
-0.0517621
-0.0517571
-0.0517516
-0.0517455
-0.0517391
-0.0517323
-0.0517251
-0.0517178
-0.0517102
-0.0517025
-0.0516948
-0.0516871
-0.0516795
-0.0516718
-0.051664
-0.051656
-0.0516477
-0.0516387
-0.0516292
-0.0516189
-0.0516078
-0.0515961
-0.051584
-0.0515717
-0.0515594
-0.0515474
-0.0515358
-0.0515248
-0.0515143
-0.0515042
-0.0514941
-0.0514838
-0.0514729
-0.0514613
-0.0714096
-0.0714087
-0.0714069
-0.0714043
-0.0714009
-0.0713968
-0.0713921
-0.0713869
-0.0713811
-0.071375
-0.0713684
-0.0713615
-0.0713543
-0.0713469
-0.0713395
-0.0713321
-0.0713248
-0.0713177
-0.0713108
-0.0713039
-0.0712969
-0.0712896
-0.0712817
-0.071273
-0.0712633
-0.0712525
-0.0712407
-0.071228
-0.0712148
-0.0712013
-0.0711878
-0.0711748
-0.0711624
-0.0711507
-0.0711397
-0.0711291
-0.0711187
-0.0711082
-0.0710974
-0.0710861
-0.091043
-0.091042
-0.0910402
-0.0910374
-0.0910339
-0.0910297
-0.0910249
-0.0910196
-0.0910138
-0.0910076
-0.0910009
-0.090994
-0.0909868
-0.0909795
-0.0909721
-0.0909649
-0.0909579
-0.090951
-0.0909443
-0.0909377
-0.0909308
-0.0909235
-0.0909154
-0.0909064
-0.0908963
-0.0908851
-0.0908728
-0.0908596
-0.0908458
-0.0908319
-0.090818
-0.0908045
-0.0907916
-0.0907794
-0.0907678
-0.0907568
-0.0907462
-0.0907359
-0.0907257
-0.0907157
-0.110679
-0.110678
-0.110676
-0.110673
-0.11067
-0.110666
-0.110661
-0.110656
-0.11065
-0.110644
-0.110637
-0.11063
-0.110623
-0.110616
-0.110608
-0.110601
-0.110594
-0.110587
-0.11058
-0.110572
-0.110565
-0.110557
-0.110548
-0.110538
-0.110528
-0.110516
-0.110504
-0.110491
-0.110477
-0.110463
-0.110449
-0.110436
-0.110422
-0.11041
-0.110397
-0.110386
-0.110375
-0.110364
-0.110355
-0.110346
-0.130317
-0.130317
-0.130315
-0.130312
-0.130309
-0.130304
-0.1303
-0.130294
-0.130288
-0.130282
-0.130276
-0.130269
-0.130262
-0.130254
-0.130247
-0.130239
-0.130232
-0.130224
-0.130216
-0.130207
-0.130199
-0.130189
-0.130179
-0.130169
-0.130158
-0.130146
-0.130134
-0.130121
-0.130108
-0.130095
-0.130081
-0.130067
-0.130053
-0.13004
-0.130026
-0.130014
-0.130002
-0.129991
-0.12998
-0.129971
-0.149958
-0.149958
-0.149956
-0.149953
-0.14995
-0.149945
-0.14994
-0.149935
-0.149929
-0.149923
-0.149916
-0.149909
-0.149902
-0.149895
-0.149887
-0.149879
-0.149871
-0.149862
-0.149852
-0.149843
-0.149832
-0.149822
-0.149811
-0.149799
-0.149788
-0.149776
-0.149764
-0.149752
-0.149739
-0.149726
-0.149712
-0.149698
-0.149683
-0.149668
-0.149654
-0.149639
-0.149626
-0.149613
-0.149601
-0.149589
-0.169601
-0.169601
-0.169599
-0.169596
-0.169592
-0.169587
-0.169582
-0.169576
-0.16957
-0.169564
-0.169557
-0.16955
-0.169543
-0.169536
-0.169528
-0.169519
-0.16951
-0.1695
-0.169489
-0.169478
-0.169466
-0.169454
-0.169442
-0.16943
-0.169419
-0.169407
-0.169395
-0.169383
-0.16937
-0.169357
-0.169343
-0.169328
-0.169312
-0.169296
-0.169279
-0.169263
-0.169248
-0.169233
-0.169218
-0.169204
-0.189246
-0.189245
-0.189243
-0.189239
-0.189235
-0.18923
-0.189224
-0.189218
-0.189212
-0.189205
-0.189198
-0.189192
-0.189184
-0.189177
-0.189168
-0.189159
-0.189149
-0.189138
-0.189127
-0.189114
-0.189102
-0.189089
-0.189076
-0.189063
-0.189051
-0.189039
-0.189027
-0.189014
-0.189001
-0.188987
-0.188972
-0.188956
-0.188939
-0.188922
-0.188904
-0.188887
-0.18887
-0.188853
-0.188837
-0.188821
-0.208891
-0.20889
-0.208887
-0.208884
-0.208879
-0.208873
-0.208867
-0.208861
-0.208854
-0.208848
-0.208841
-0.208834
-0.208827
-0.208819
-0.20881
-0.2088
-0.208789
-0.208778
-0.208765
-0.208752
-0.208738
-0.208725
-0.208711
-0.208698
-0.208685
-0.208672
-0.208658
-0.208645
-0.20863
-0.208615
-0.208599
-0.208582
-0.208565
-0.208547
-0.208529
-0.208511
-0.208493
-0.208476
-0.208459
-0.208443
-0.228537
-0.228536
-0.228534
-0.22853
-0.228525
-0.228519
-0.228513
-0.228506
-0.228499
-0.228493
-0.228486
-0.228479
-0.228471
-0.228462
-0.228453
-0.228443
-0.228431
-0.228419
-0.228406
-0.228392
-0.228378
-0.228363
-0.228349
-0.228335
-0.22832
-0.228305
-0.22829
-0.228275
-0.228259
-0.228242
-0.228225
-0.228208
-0.22819
-0.228172
-0.228154
-0.228136
-0.228118
-0.2281
-0.228082
-0.228066
-0.248186
-0.248184
-0.248182
-0.248178
-0.248173
-0.248167
-0.248161
-0.248155
-0.248148
-0.248142
-0.248134
-0.248126
-0.248118
-0.248109
-0.248098
-0.248087
-0.248075
-0.248062
-0.248048
-0.248034
-0.24802
-0.248004
-0.247989
-0.247973
-0.247957
-0.24794
-0.247923
-0.247905
-0.247887
-0.247869
-0.247851
-0.247833
-0.247815
-0.247797
-0.247779
-0.24776
-0.247741
-0.247722
-0.247703
-0.247685
-0.267836
-0.267835
-0.267833
-0.267829
-0.267825
-0.26782
-0.267814
-0.267808
-0.267802
-0.267795
-0.267787
-0.267778
-0.267769
-0.267758
-0.267747
-0.267735
-0.267722
-0.267708
-0.267694
-0.267679
-0.267664
-0.267648
-0.267631
-0.267613
-0.267595
-0.267576
-0.267556
-0.267536
-0.267516
-0.267497
-0.267478
-0.26746
-0.267441
-0.267423
-0.267404
-0.267384
-0.267363
-0.267342
-0.267321
-0.267299
-0.28749
-0.287489
-0.287487
-0.287484
-0.28748
-0.287476
-0.287471
-0.287466
-0.287459
-0.287451
-0.287443
-0.287433
-0.287422
-0.287411
-0.287398
-0.287385
-0.287371
-0.287357
-0.287343
-0.287327
-0.287311
-0.287294
-0.287275
-0.287255
-0.287234
-0.287213
-0.287191
-0.287169
-0.287148
-0.287127
-0.287107
-0.287088
-0.287068
-0.287049
-0.287029
-0.287007
-0.286985
-0.286962
-0.286938
-0.286914
-0.307146
-0.307145
-0.307144
-0.307142
-0.307139
-0.307136
-0.307131
-0.307126
-0.307119
-0.307111
-0.307101
-0.30709
-0.307078
-0.307066
-0.307052
-0.307038
-0.307024
-0.307009
-0.306993
-0.306977
-0.306959
-0.30694
-0.30692
-0.306898
-0.306875
-0.306851
-0.306828
-0.306804
-0.306781
-0.306759
-0.306738
-0.306718
-0.306697
-0.306675
-0.306653
-0.306631
-0.306607
-0.306583
-0.306558
-0.306534
-0.326806
-0.326805
-0.326804
-0.326803
-0.326801
-0.326798
-0.326793
-0.326788
-0.32678
-0.326772
-0.326761
-0.326749
-0.326736
-0.326723
-0.326708
-0.326694
-0.326678
-0.326662
-0.326645
-0.326627
-0.326608
-0.326587
-0.326565
-0.326541
-0.326516
-0.326491
-0.326466
-0.326441
-0.326417
-0.326394
-0.326371
-0.326348
-0.326325
-0.326302
-0.326278
-0.326254
-0.32623
-0.326206
-0.326182
-0.326159
-0.346468
-0.346468
-0.346467
-0.346466
-0.346464
-0.346461
-0.346457
-0.346451
-0.346443
-0.346433
-0.346422
-0.34641
-0.346396
-0.346382
-0.346367
-0.346351
-0.346334
-0.346316
-0.346298
-0.346277
-0.346256
-0.346233
-0.346209
-0.346184
-0.346158
-0.346132
-0.346106
-0.34608
-0.346055
-0.34603
-0.346004
-0.345979
-0.345953
-0.345928
-0.345902
-0.345877
-0.345852
-0.345828
-0.345804
-0.345781
-0.366134
-0.366134
-0.366133
-0.366132
-0.366129
-0.366126
-0.366121
-0.366115
-0.366107
-0.366097
-0.366085
-0.366072
-0.366058
-0.366043
-0.366027
-0.366009
-0.365991
-0.365971
-0.36595
-0.365927
-0.365904
-0.365879
-0.365853
-0.365827
-0.365801
-0.365774
-0.365747
-0.36572
-0.365693
-0.365665
-0.365637
-0.365609
-0.365581
-0.365553
-0.365526
-0.365499
-0.365473
-0.365448
-0.365422
-0.365395
-0.385804
-0.385803
-0.385802
-0.3858
-0.385798
-0.385794
-0.385788
-0.385781
-0.385772
-0.385762
-0.38575
-0.385737
-0.385722
-0.385706
-0.385688
-0.385669
-0.385648
-0.385626
-0.385603
-0.385578
-0.385552
-0.385526
-0.385499
-0.385472
-0.385445
-0.385417
-0.385389
-0.385361
-0.385331
-0.385301
-0.38527
-0.385239
-0.385209
-0.385179
-0.38515
-0.385121
-0.385093
-0.385065
-0.385035
-0.385005
-0.405478
-0.405478
-0.405476
-0.405474
-0.40547
-0.405465
-0.405458
-0.405451
-0.405441
-0.40543
-0.405418
-0.405404
-0.405388
-0.405371
-0.405351
-0.40533
-0.405308
-0.405283
-0.405257
-0.405231
-0.405203
-0.405176
-0.405148
-0.40512
-0.405091
-0.405062
-0.405033
-0.405002
-0.40497
-0.404937
-0.404904
-0.404871
-0.404838
-0.404806
-0.404775
-0.404743
-0.404712
-0.404681
-0.404649
-0.404617
-0.425159
-0.425158
-0.425156
-0.425152
-0.425147
-0.425141
-0.425133
-0.425124
-0.425114
-0.425102
-0.425088
-0.425073
-0.425056
-0.425038
-0.425017
-0.424994
-0.424969
-0.424943
-0.424915
-0.424887
-0.424858
-0.424828
-0.424799
-0.424769
-0.424739
-0.424708
-0.424677
-0.424644
-0.42461
-0.424575
-0.42454
-0.424504
-0.424469
-0.424434
-0.4244
-0.424365
-0.424331
-0.424297
-0.424263
-0.424231
-0.444846
-0.444845
-0.444842
-0.444837
-0.444831
-0.444823
-0.444814
-0.444803
-0.444791
-0.444777
-0.444762
-0.444746
-0.444728
-0.444707
-0.444685
-0.44466
-0.444633
-0.444605
-0.444576
-0.444546
-0.444515
-0.444484
-0.444453
-0.444421
-0.444389
-0.444356
-0.444321
-0.444286
-0.44425
-0.444213
-0.444175
-0.444137
-0.444099
-0.444061
-0.444023
-0.443986
-0.443948
-0.443911
-0.443876
-0.443841
-0.46454
-0.464538
-0.464535
-0.464529
-0.464521
-0.464511
-0.4645
-0.464487
-0.464473
-0.464458
-0.464441
-0.464423
-0.464403
-0.464381
-0.464356
-0.46433
-0.464301
-0.464271
-0.46424
-0.464208
-0.464175
-0.464142
-0.464108
-0.464074
-0.464039
-0.464003
-0.463966
-0.463928
-0.46389
-0.46385
-0.46381
-0.463769
-0.463728
-0.463686
-0.463645
-0.463603
-0.463562
-0.463522
-0.463483
-0.463446
-0.48424
-0.484239
-0.484234
-0.484227
-0.484217
-0.484206
-0.484193
-0.484178
-0.484163
-0.484146
-0.484127
-0.484106
-0.484084
-0.484059
-0.484032
-0.484003
-0.483972
-0.48394
-0.483907
-0.483873
-0.483838
-0.483802
-0.483766
-0.483729
-0.483691
-0.483651
-0.483611
-0.48357
-0.483529
-0.483486
-0.483443
-0.483399
-0.483354
-0.483309
-0.483264
-0.483219
-0.483174
-0.483131
-0.483089
-0.483048
-0.503948
-0.503945
-0.50394
-0.503932
-0.503921
-0.503909
-0.503894
-0.503878
-0.50386
-0.503841
-0.50382
-0.503796
-0.503771
-0.503743
-0.503713
-0.503682
-0.503649
-0.503614
-0.503579
-0.503542
-0.503505
-0.503466
-0.503426
-0.503385
-0.503343
-0.5033
-0.503257
-0.503212
-0.503167
-0.503122
-0.503075
-0.503028
-0.50298
-0.502931
-0.502883
-0.502834
-0.502787
-0.502741
-0.502696
-0.502653
-0.523662
-0.523659
-0.523653
-0.523645
-0.523633
-0.52362
-0.523604
-0.523587
-0.523567
-0.523545
-0.523521
-0.523494
-0.523465
-0.523434
-0.523401
-0.523366
-0.523331
-0.523294
-0.523255
-0.523216
-0.523175
-0.523133
-0.523089
-0.523044
-0.522998
-0.522951
-0.522904
-0.522856
-0.522807
-0.522758
-0.522708
-0.522657
-0.522606
-0.522554
-0.522502
-0.522451
-0.522401
-0.522352
-0.522305
-0.522258
-0.543383
-0.54338
-0.543374
-0.543365
-0.543354
-0.54334
-0.543323
-0.543304
-0.543282
-0.543257
-0.543229
-0.543199
-0.543167
-0.543132
-0.543096
-0.543058
-0.54302
-0.54298
-0.542938
-0.542895
-0.54285
-0.542804
-0.542756
-0.542706
-0.542656
-0.542605
-0.542553
-0.542501
-0.542448
-0.542395
-0.542341
-0.542287
-0.542232
-0.542177
-0.542123
-0.542069
-0.542016
-0.541964
-0.541912
-0.541862
-0.563112
-0.563109
-0.563103
-0.563095
-0.563083
-0.563069
-0.563051
-0.56303
-0.563005
-0.562977
-0.562946
-0.562912
-0.562876
-0.562838
-0.562799
-0.562758
-0.562716
-0.562672
-0.562626
-0.562579
-0.56253
-0.562479
-0.562426
-0.562372
-0.562317
-0.562261
-0.562205
-0.562148
-0.562091
-0.562033
-0.561975
-0.561916
-0.561858
-0.5618
-0.561742
-0.561686
-0.561629
-0.561573
-0.561518
-0.561463
-0.582851
-0.582848
-0.582842
-0.582834
-0.582821
-0.582806
-0.582786
-0.582763
-0.582736
-0.582705
-0.582671
-0.582634
-0.582595
-0.582553
-0.58251
-0.582466
-0.582419
-0.582371
-0.58232
-0.582268
-0.582214
-0.582158
-0.5821
-0.582041
-0.581981
-0.581921
-0.581859
-0.581797
-0.581735
-0.581672
-0.581609
-0.581546
-0.581484
-0.581422
-0.581361
-0.581301
-0.581241
-0.581181
-0.581122
-0.581064
-0.602601
-0.602598
-0.602592
-0.602582
-0.602569
-0.602552
-0.602531
-0.602505
-0.602476
-0.602442
-0.602405
-0.602366
-0.602323
-0.602278
-0.602231
-0.602181
-0.60213
-0.602076
-0.602021
-0.601963
-0.601903
-0.601842
-0.601779
-0.601715
-0.60165
-0.601584
-0.601517
-0.601449
-0.601381
-0.601313
-0.601245
-0.601177
-0.60111
-0.601044
-0.600978
-0.600913
-0.600849
-0.600786
-0.600724
-0.600663
-0.622362
-0.622359
-0.622352
-0.622342
-0.622328
-0.622309
-0.622286
-0.622258
-0.622227
-0.622191
-0.622151
-0.622108
-0.622062
-0.622013
-0.621961
-0.621907
-0.62185
-0.621791
-0.621729
-0.621665
-0.6216
-0.621533
-0.621464
-0.621395
-0.621323
-0.621251
-0.621178
-0.621104
-0.62103
-0.620956
-0.620881
-0.620808
-0.620735
-0.620664
-0.620593
-0.620523
-0.620454
-0.620386
-0.620319
-0.620254
-0.642137
-0.642134
-0.642126
-0.642115
-0.642099
-0.642079
-0.642054
-0.642024
-0.64199
-0.641951
-0.641909
-0.641862
-0.641812
-0.641759
-0.641702
-0.641643
-0.64158
-0.641515
-0.641447
-0.641377
-0.641305
-0.641231
-0.641156
-0.64108
-0.641002
-0.640923
-0.640843
-0.640762
-0.640681
-0.640599
-0.640519
-0.640439
-0.64036
-0.640282
-0.640205
-0.640128
-0.640053
-0.639978
-0.639905
-0.639833
-0.661928
-0.661924
-0.661916
-0.661903
-0.661886
-0.661863
-0.661836
-0.661804
-0.661766
-0.661725
-0.661679
-0.661628
-0.661574
-0.661516
-0.661455
-0.661389
-0.661321
-0.661249
-0.661174
-0.661097
-0.661018
-0.660937
-0.660854
-0.66077
-0.660684
-0.660597
-0.660509
-0.66042
-0.660331
-0.660242
-0.660154
-0.660067
-0.659981
-0.659895
-0.659811
-0.659727
-0.659645
-0.659564
-0.659484
-0.659406
-0.681736
-0.681732
-0.681723
-0.681709
-0.681689
-0.681664
-0.681633
-0.681598
-0.681557
-0.681512
-0.681462
-0.681407
-0.681348
-0.681285
-0.681218
-0.681146
-0.681071
-0.680992
-0.68091
-0.680825
-0.680738
-0.680649
-0.680558
-0.680464
-0.68037
-0.680273
-0.680176
-0.680078
-0.679981
-0.679883
-0.679787
-0.679692
-0.679597
-0.679504
-0.679412
-0.67932
-0.67923
-0.679142
-0.679056
-0.678973
-0.701564
-0.701559
-0.701549
-0.701532
-0.70151
-0.701482
-0.701447
-0.701408
-0.701363
-0.701313
-0.701259
-0.701199
-0.701135
-0.701066
-0.700992
-0.700913
-0.70083
-0.700743
-0.700653
-0.70056
-0.700464
-0.700366
-0.700265
-0.700162
-0.700057
-0.699951
-0.699843
-0.699736
-0.699629
-0.699522
-0.699417
-0.699312
-0.699209
-0.699106
-0.699005
-0.698906
-0.698808
-0.698713
-0.698621
-0.698532
-0.721412
-0.721406
-0.721394
-0.721376
-0.72135
-0.721318
-0.72128
-0.721236
-0.721187
-0.721132
-0.721072
-0.721006
-0.720935
-0.720859
-0.720777
-0.72069
-0.720599
-0.720504
-0.720405
-0.720303
-0.720198
-0.720089
-0.719978
-0.719864
-0.719748
-0.71963
-0.719512
-0.719395
-0.719277
-0.71916
-0.719044
-0.718929
-0.718815
-0.718703
-0.718592
-0.718484
-0.718378
-0.718275
-0.718175
-0.718079
-0.741281
-0.741275
-0.741261
-0.74124
-0.741211
-0.741175
-0.741133
-0.741085
-0.74103
-0.74097
-0.740903
-0.74083
-0.740751
-0.740666
-0.740576
-0.740481
-0.740381
-0.740277
-0.740168
-0.740056
-0.739939
-0.739819
-0.739696
-0.739571
-0.739443
-0.739314
-0.739185
-0.739055
-0.738926
-0.738797
-0.738669
-0.738542
-0.738417
-0.738293
-0.738172
-0.738053
-0.737938
-0.737826
-0.737717
-0.737611
-0.761173
-0.761166
-0.761151
-0.761127
-0.761096
-0.761056
-0.76101
-0.760956
-0.760896
-0.760828
-0.760754
-0.760673
-0.760586
-0.760492
-0.760393
-0.760288
-0.760178
-0.760063
-0.759943
-0.759819
-0.759691
-0.759558
-0.759423
-0.759284
-0.759144
-0.759003
-0.75886
-0.758717
-0.758575
-0.758432
-0.758291
-0.758151
-0.758012
-0.757877
-0.757743
-0.757613
-0.757486
-0.757363
-0.757244
-0.757129
-0.781089
-0.781082
-0.781065
-0.78104
-0.781005
-0.780962
-0.780911
-0.780852
-0.780785
-0.78071
-0.780628
-0.780538
-0.780442
-0.780339
-0.780229
-0.780114
-0.779992
-0.779865
-0.779733
-0.779596
-0.779453
-0.779307
-0.779158
-0.779005
-0.778851
-0.778695
-0.778538
-0.778381
-0.778223
-0.778066
-0.777909
-0.777754
-0.777602
-0.777452
-0.777305
-0.777162
-0.777022
-0.776887
-0.776757
-0.776632
-0.801032
-0.801025
-0.801007
-0.800979
-0.800941
-0.800894
-0.800838
-0.800773
-0.800699
-0.800617
-0.800526
-0.800427
-0.800321
-0.800207
-0.800087
-0.799959
-0.799825
-0.799684
-0.799537
-0.799385
-0.799228
-0.799067
-0.798902
-0.798734
-0.798564
-0.798392
-0.798218
-0.798044
-0.79787
-0.797696
-0.797523
-0.797352
-0.797184
-0.797018
-0.796856
-0.796697
-0.796544
-0.796395
-0.796253
-0.796117
-0.821005
-0.820996
-0.820977
-0.820947
-0.820906
-0.820855
-0.820793
-0.820722
-0.82064
-0.82055
-0.82045
-0.820342
-0.820225
-0.8201
-0.819967
-0.819825
-0.819677
-0.819521
-0.819358
-0.81919
-0.819017
-0.818839
-0.818656
-0.818471
-0.818283
-0.818092
-0.8179
-0.817708
-0.817515
-0.817323
-0.817133
-0.816944
-0.816757
-0.816574
-0.816394
-0.816219
-0.81605
-0.815887
-0.815731
-0.815582
-0.841009
-0.841
-0.840979
-0.840946
-0.840902
-0.840846
-0.840779
-0.8407
-0.840612
-0.840513
-0.840403
-0.840284
-0.840155
-0.840017
-0.83987
-0.839714
-0.839549
-0.839377
-0.839198
-0.839013
-0.838821
-0.838624
-0.838423
-0.838218
-0.838009
-0.837798
-0.837586
-0.837373
-0.83716
-0.836947
-0.836736
-0.836527
-0.83632
-0.836117
-0.835918
-0.835725
-0.835539
-0.83536
-0.83519
-0.835027
-0.861051
-0.86104
-0.861018
-0.860982
-0.860934
-0.860873
-0.8608
-0.860714
-0.860617
-0.860509
-0.860388
-0.860257
-0.860115
-0.859962
-0.8598
-0.859628
-0.859447
-0.859257
-0.85906
-0.858855
-0.858644
-0.858426
-0.858202
-0.857975
-0.857744
-0.85751
-0.857275
-0.857039
-0.856803
-0.856567
-0.856332
-0.856099
-0.85587
-0.855645
-0.855426
-0.855213
-0.855008
-0.854812
-0.854624
-0.854446
-0.881133
-0.881122
-0.881098
-0.881059
-0.881007
-0.880941
-0.880861
-0.880767
-0.880661
-0.880541
-0.880409
-0.880264
-0.880107
-0.879939
-0.87976
-0.879571
-0.879372
-0.879163
-0.878945
-0.878719
-0.878484
-0.878243
-0.877996
-0.877744
-0.877488
-0.877229
-0.876968
-0.876706
-0.876443
-0.87618
-0.875919
-0.875661
-0.875406
-0.875157
-0.874915
-0.87468
-0.874453
-0.874235
-0.874028
-0.873832
-0.901262
-0.90125
-0.901224
-0.901182
-0.901125
-0.901052
-0.900965
-0.900863
-0.900746
-0.900614
-0.900468
-0.900309
-0.900137
-0.899952
-0.899755
-0.899547
-0.899327
-0.899096
-0.898855
-0.898604
-0.898345
-0.898078
-0.897804
-0.897525
-0.897241
-0.896954
-0.896664
-0.896372
-0.896079
-0.895786
-0.895495
-0.895208
-0.894926
-0.894649
-0.89438
-0.894119
-0.893867
-0.893626
-0.893397
-0.89318
-0.921439
-0.921427
-0.921398
-0.921353
-0.921291
-0.921212
-0.921116
-0.921004
-0.920875
-0.920731
-0.920571
-0.920396
-0.920208
-0.920005
-0.919788
-0.919558
-0.919315
-0.91906
-0.918793
-0.918516
-0.918229
-0.917933
-0.91763
-0.917321
-0.917006
-0.916686
-0.916363
-0.916037
-0.915711
-0.915385
-0.915061
-0.91474
-0.914426
-0.914118
-0.913818
-0.913527
-0.913247
-0.91298
-0.912726
-0.912487
-0.941671
-0.941657
-0.941626
-0.941576
-0.941508
-0.941422
-0.941318
-0.941195
-0.941055
-0.940897
-0.940722
-0.940531
-0.940324
-0.940101
-0.939863
-0.939609
-0.939341
-0.939059
-0.938764
-0.938458
-0.938141
-0.937814
-0.937478
-0.937134
-0.936784
-0.936428
-0.936068
-0.935704
-0.93534
-0.934976
-0.934614
-0.934256
-0.933904
-0.93356
-0.933225
-0.9329
-0.932589
-0.932291
-0.93201
-0.931747
-0.96196
-0.961945
-0.961911
-0.961857
-0.961784
-0.96169
-0.961576
-0.961442
-0.961289
-0.961117
-0.960927
-0.960718
-0.960491
-0.960247
-0.959984
-0.959705
-0.95941
-0.9591
-0.958776
-0.958437
-0.958086
-0.957724
-0.957351
-0.956969
-0.956579
-0.956182
-0.95578
-0.955374
-0.954967
-0.954559
-0.954154
-0.953753
-0.953359
-0.952972
-0.952596
-0.952233
-0.951884
-0.951553
-0.95124
-0.950947
-0.982312
-0.982297
-0.982261
-0.982202
-0.982122
-0.98202
-0.981896
-0.981751
-0.981585
-0.981398
-0.981191
-0.980963
-0.980715
-0.980447
-0.98016
-0.979854
-0.979531
-0.97919
-0.978832
-0.978459
-0.97807
-0.977668
-0.977254
-0.976829
-0.976395
-0.975952
-0.975502
-0.975048
-0.974592
-0.974135
-0.97368
-0.973229
-0.972785
-0.97235
-0.971926
-0.971517
-0.971125
-0.970753
-0.970402
-0.970074
-1.00274
-1.00272
-1.00268
-1.00262
-1.00253
-1.00242
-1.00229
-1.00213
-1.00195
-1.00175
-1.00152
-1.00127
-1.001
-1.00071
-1.0004
-1.00006
-0.999708
-0.999333
-0.998939
-0.998526
-0.998097
-0.997651
-0.997191
-0.996718
-0.996234
-0.995739
-0.995237
-0.994728
-0.994216
-0.993702
-0.99319
-0.992682
-0.99218
-0.991688
-0.991209
-0.990747
-0.990304
-0.989883
-0.989486
-0.989117
-1.02323
-1.02321
-1.02317
-1.0231
-1.02301
-1.02289
-1.02275
-1.02258
-1.02238
-1.02216
-1.02192
-1.02165
-1.02136
-1.02104
-1.0207
-1.02033
-1.01995
-1.01953
-1.0191
-1.01865
-1.01817
-1.01768
-1.01717
-1.01664
-1.0161
-1.01555
-1.01499
-1.01442
-1.01384
-1.01326
-1.01268
-1.01211
-1.01154
-1.01098
-1.01044
-1.00991
-1.00941
-1.00893
-1.00848
-1.00806
-1.04381
-1.04379
-1.04374
-1.04367
-1.04357
-1.04344
-1.04329
-1.04311
-1.0429
-1.04266
-1.0424
-1.04211
-1.04179
-1.04145
-1.04108
-1.04068
-1.04026
-1.0398
-1.03933
-1.03883
-1.03831
-1.03776
-1.0372
-1.03661
-1.03601
-1.03539
-1.03476
-1.03412
-1.03347
-1.03282
-1.03217
-1.03151
-1.03087
-1.03023
-1.02961
-1.02902
-1.02844
-1.0279
-1.02738
-1.02691
-1.06447
-1.06445
-1.0644
-1.06432
-1.06422
-1.06408
-1.06392
-1.06372
-1.0635
-1.06325
-1.06296
-1.06265
-1.06231
-1.06194
-1.06154
-1.06111
-1.06065
-1.06015
-1.05964
-1.05909
-1.05851
-1.05791
-1.05729
-1.05664
-1.05597
-1.05528
-1.05457
-1.05385
-1.05312
-1.05238
-1.05164
-1.0509
-1.05016
-1.04944
-1.04873
-1.04804
-1.04739
-1.04676
-1.04617
-1.04563
-1.08522
-1.08519
-1.08514
-1.08506
-1.08495
-1.08481
-1.08464
-1.08443
-1.08419
-1.08393
-1.08363
-1.08329
-1.08293
-1.08253
-1.0821
-1.08163
-1.08113
-1.0806
-1.08003
-1.07943
-1.07881
-1.07815
-1.07745
-1.07674
-1.07599
-1.07522
-1.07443
-1.07362
-1.07279
-1.07196
-1.07112
-1.07027
-1.06943
-1.0686
-1.06779
-1.067
-1.06624
-1.06552
-1.06484
-1.06421
-1.10606
-1.10604
-1.10599
-1.1059
-1.10579
-1.10564
-1.10546
-1.10524
-1.10499
-1.10471
-1.10439
-1.10404
-1.10365
-1.10322
-1.10276
-1.10226
-1.10172
-1.10115
-1.10053
-1.09988
-1.0992
-1.09847
-1.09771
-1.09692
-1.09609
-1.09524
-1.09435
-1.09344
-1.09251
-1.09156
-1.0906
-1.08964
-1.08867
-1.08772
-1.08678
-1.08587
-1.08499
-1.08415
-1.08336
-1.08263
-1.12701
-1.12699
-1.12694
-1.12685
-1.12673
-1.12657
-1.12638
-1.12616
-1.1259
-1.1256
-1.12527
-1.12489
-1.12448
-1.12403
-1.12354
-1.12301
-1.12243
-1.12181
-1.12115
-1.12045
-1.11971
-1.11892
-1.11809
-1.11721
-1.1163
-1.11535
-1.11436
-1.11334
-1.11229
-1.11122
-1.11012
-1.10902
-1.10791
-1.1068
-1.10571
-1.10465
-1.10362
-1.10264
-1.10171
-1.10085
-1.14807
-1.14805
-1.14799
-1.1479
-1.14778
-1.14762
-1.14742
-1.14719
-1.14692
-1.14661
-1.14626
-1.14588
-1.14544
-1.14497
-1.14445
-1.14389
-1.14328
-1.14262
-1.14192
-1.14116
-1.14036
-1.13951
-1.1386
-1.13765
-1.13664
-1.13559
-1.13449
-1.13335
-1.13216
-1.13095
-1.1297
-1.12843
-1.12715
-1.12587
-1.1246
-1.12335
-1.12213
-1.12097
-1.11987
-1.11885
-1.16924
-1.16922
-1.16916
-1.16907
-1.16894
-1.16878
-1.16858
-1.16834
-1.16807
-1.16775
-1.16739
-1.16699
-1.16654
-1.16605
-1.16551
-1.16492
-1.16428
-1.16359
-1.16285
-1.16205
-1.16119
-1.16027
-1.15929
-1.15825
-1.15715
-1.15599
-1.15478
-1.1535
-1.15217
-1.15079
-1.14937
-1.14791
-1.14643
-1.14494
-1.14344
-1.14196
-1.14051
-1.13912
-1.13781
-1.13659
-1.19052
-1.1905
-1.19044
-1.19035
-1.19023
-1.19007
-1.18987
-1.18963
-1.18935
-1.18902
-1.18866
-1.18825
-1.1878
-1.18729
-1.18674
-1.18613
-1.18547
-1.18475
-1.18397
-1.18312
-1.18222
-1.18124
-1.18019
-1.17907
-1.17788
-1.17661
-1.17527
-1.17385
-1.17236
-1.1708
-1.16918
-1.1675
-1.16578
-1.16403
-1.16226
-1.1605
-1.15876
-1.15708
-1.15548
-1.154
-1.21192
-1.2119
-1.21185
-1.21176
-1.21164
-1.21148
-1.21128
-1.21104
-1.21076
-1.21044
-1.21008
-1.20967
-1.20921
-1.2087
-1.20814
-1.20752
-1.20685
-1.20611
-1.2053
-1.20443
-1.20348
-1.20245
-1.20135
-1.20015
-1.19887
-1.1975
-1.19603
-1.19447
-1.1928
-1.19105
-1.1892
-1.18727
-1.18527
-1.18321
-1.18111
-1.17899
-1.17689
-1.17483
-1.17287
-1.17103
-1.23344
-1.23342
-1.23337
-1.23329
-1.23317
-1.23301
-1.23282
-1.23259
-1.23232
-1.23201
-1.23165
-1.23125
-1.2308
-1.2303
-1.22974
-1.22912
-1.22844
-1.2277
-1.22689
-1.22599
-1.22502
-1.22396
-1.2228
-1.22155
-1.22018
-1.21871
-1.21711
-1.2154
-1.21356
-1.2116
-1.20951
-1.20729
-1.20497
-1.20255
-1.20005
-1.19749
-1.19492
-1.19238
-1.18993
-1.18761
-1.25507
-1.25505
-1.25501
-1.25493
-1.25481
-1.25467
-1.25449
-1.25427
-1.25402
-1.25372
-1.25338
-1.253
-1.25257
-1.25208
-1.25154
-1.25094
-1.25028
-1.24955
-1.24874
-1.24785
-1.24687
-1.24579
-1.2446
-1.2433
-1.24188
-1.24032
-1.23862
-1.23676
-1.23475
-1.23258
-1.23023
-1.22772
-1.22503
-1.22219
-1.21921
-1.21611
-1.21295
-1.20977
-1.20665
-1.20367
-1.2768
-1.27679
-1.27675
-1.27668
-1.27658
-1.27645
-1.27628
-1.27609
-1.27586
-1.27559
-1.27527
-1.27492
-1.27452
-1.27406
-1.27356
-1.27299
-1.27236
-1.27166
-1.27088
-1.27002
-1.26905
-1.26799
-1.2668
-1.26549
-1.26403
-1.26241
-1.26063
-1.25866
-1.2565
-1.25413
-1.25154
-1.24871
-1.24565
-1.24234
-1.2388
-1.23505
-1.23114
-1.22713
-1.22309
-1.21915
-1.29863
-1.29863
-1.29859
-1.29853
-1.29845
-1.29834
-1.2982
-1.29803
-1.29783
-1.29759
-1.29732
-1.297
-1.29665
-1.29624
-1.29579
-1.29528
-1.29471
-1.29406
-1.29334
-1.29252
-1.29161
-1.29058
-1.28943
-1.28814
-1.2867
-1.28507
-1.28325
-1.28122
-1.27895
-1.27643
-1.27363
-1.27053
-1.2671
-1.26331
-1.25917
-1.25467
-1.24983
-1.24472
-1.23943
-1.23411
-1.32055
-1.32055
-1.32053
-1.32048
-1.32042
-1.32033
-1.32022
-1.32008
-1.31992
-1.31973
-1.31951
-1.31925
-1.31895
-1.31862
-1.31823
-1.3178
-1.3173
-1.31674
-1.3161
-1.31537
-1.31454
-1.3136
-1.31254
-1.31132
-1.30994
-1.30837
-1.30659
-1.30457
-1.30228
-1.2997
-1.29677
-1.29347
-1.28976
-1.28556
-1.28083
-1.27553
-1.26965
-1.2632
-1.25624
-1.24897
-1.34255
-1.34255
-1.34254
-1.34251
-1.34247
-1.34241
-1.34233
-1.34224
-1.34212
-1.34199
-1.34183
-1.34164
-1.34142
-1.34117
-1.34087
-1.34053
-1.34014
-1.33969
-1.33916
-1.33856
-1.33786
-1.33706
-1.33612
-1.33505
-1.33381
-1.33238
-1.33073
-1.32884
-1.32665
-1.32414
-1.32124
-1.31789
-1.31406
-1.30969
-1.30451
-1.29854
-1.29166
-1.28376
-1.27481
-1.2649
-1.3646
-1.36461
-1.36461
-1.3646
-1.36458
-1.36456
-1.36452
-1.36447
-1.36442
-1.36434
-1.36426
-1.36415
-1.36402
-1.36387
-1.36368
-1.36346
-1.3632
-1.36288
-1.36251
-1.36207
-1.36154
-1.36092
-1.36019
-1.35932
-1.35831
-1.35712
-1.35573
-1.35411
-1.3522
-1.34996
-1.34732
-1.34419
-1.34048
-1.33605
-1.33095
-1.32488
-1.31747
-1.30854
-1.29768
-1.2847
-1.38669
-1.3867
-1.38672
-1.38673
-1.38674
-1.38675
-1.38676
-1.38677
-1.38678
-1.38678
-1.38677
-1.38676
-1.38673
-1.38669
-1.38663
-1.38655
-1.38643
-1.38629
-1.38609
-1.38585
-1.38554
-1.38516
-1.38469
-1.38411
-1.38342
-1.38259
-1.38159
-1.3804
-1.37897
-1.37725
-1.37518
-1.37267
-1.36962
-1.36589
-1.36132
-1.35571
-1.34903
-1.34094
-1.32936
-1.31434
-1.40879
-1.40881
-1.40884
-1.40888
-1.40892
-1.40898
-1.40904
-1.4091
-1.40917
-1.40925
-1.40934
-1.40942
-1.40951
-1.40959
-1.40967
-1.40974
-1.4098
-1.40984
-1.40986
-1.40984
-1.40979
-1.40969
-1.40954
-1.40933
-1.40905
-1.40868
-1.4082
-1.4076
-1.40685
-1.40591
-1.40474
-1.40328
-1.40146
-1.39918
-1.39629
-1.39261
-1.38781
-1.38133
-1.3742
-1.36465
-1.43088
-1.43091
-1.43096
-1.43102
-1.4311
-1.43119
-1.43131
-1.43143
-1.43158
-1.43174
-1.43192
-1.43211
-1.43232
-1.43253
-1.43276
-1.433
-1.43324
-1.43348
-1.43372
-1.43396
-1.4342
-1.43442
-1.43464
-1.43485
-1.43504
-1.43521
-1.43535
-1.43548
-1.43556
-1.43561
-1.43561
-1.43556
-1.43548
-1.43539
-1.43534
-1.43546
-1.43602
-1.43772
-1.44227
-1.45129
-1.45294
-1.45298
-1.45304
-1.45313
-1.45324
-1.45338
-1.45354
-1.45373
-1.45395
-1.4542
-1.45447
-1.45477
-1.4551
-1.45545
-1.45583
-1.45624
-1.45667
-1.45712
-1.45761
-1.45812
-1.45865
-1.45923
-1.45984
-1.46049
-1.46119
-1.46194
-1.46277
-1.46367
-1.46467
-1.46578
-1.46705
-1.46855
-1.47037
-1.47268
-1.47577
-1.4801
-1.48649
-1.4966
-1.51323
-1.53968
-1.47494
-1.47499
-1.47506
-1.47517
-1.47532
-1.4755
-1.47572
-1.47597
-1.47626
-1.47659
-1.47696
-1.47736
-1.47781
-1.4783
-1.47883
-1.47941
-1.48002
-1.48069
-1.48141
-1.48219
-1.48304
-1.48396
-1.48496
-1.48606
-1.48727
-1.48861
-1.4901
-1.49177
-1.49364
-1.49577
-1.49822
-1.50107
-1.50447
-1.5086
-1.51374
-1.52029
-1.5289
-1.54018
-1.55594
-1.57722
-1.49685
-1.4969
-1.49699
-1.49713
-1.4973
-1.49753
-1.49779
-1.49811
-1.49846
-1.49887
-1.49933
-1.49984
-1.5004
-1.50102
-1.50169
-1.50243
-1.50323
-1.5041
-1.50505
-1.50608
-1.50722
-1.50847
-1.50985
-1.51137
-1.51306
-1.51494
-1.51704
-1.51939
-1.52203
-1.52503
-1.52845
-1.53236
-1.53687
-1.54207
-1.54805
-1.55484
-1.56222
-1.56967
-1.57568
-1.5773
-1.51864
-1.5187
-1.51881
-1.51896
-1.51917
-1.51943
-1.51974
-1.52011
-1.52053
-1.52101
-1.52155
-1.52215
-1.52282
-1.52355
-1.52436
-1.52524
-1.5262
-1.52726
-1.52842
-1.52969
-1.53109
-1.53264
-1.53435
-1.53624
-1.53835
-1.54069
-1.54331
-1.54624
-1.54953
-1.55324
-1.55744
-1.56219
-1.56757
-1.57363
-1.58037
-1.58774
-1.59539
-1.6023
-1.60622
-1.60479
-1.5403
-1.54036
-1.54048
-1.54066
-1.54089
-1.54118
-1.54153
-1.54195
-1.54242
-1.54297
-1.54358
-1.54426
-1.54502
-1.54586
-1.54677
-1.54778
-1.54889
-1.5501
-1.55144
-1.55291
-1.55454
-1.55634
-1.55832
-1.56053
-1.56297
-1.56569
-1.56872
-1.57211
-1.57591
-1.58017
-1.58498
-1.59043
-1.5966
-1.60362
-1.61161
-1.62078
-1.63139
-1.64366
-1.65831
-1.67575
-1.56179
-1.56187
-1.56199
-1.56218
-1.56244
-1.56276
-1.56314
-1.5636
-1.56412
-1.56471
-1.56538
-1.56613
-1.56697
-1.56788
-1.56889
-1.57001
-1.57123
-1.57258
-1.57406
-1.57569
-1.57749
-1.57948
-1.58168
-1.58411
-1.5868
-1.5898
-1.59312
-1.59683
-1.60096
-1.60561
-1.61084
-1.61677
-1.62351
-1.63124
-1.6402
-1.65075
-1.66349
-1.67911
-1.6988
-1.72502
-1.58311
-1.58319
-1.58332
-1.58352
-1.58379
-1.58413
-1.58455
-1.58503
-1.58559
-1.58622
-1.58694
-1.58774
-1.58863
-1.58961
-1.59069
-1.59188
-1.59319
-1.59463
-1.59621
-1.59796
-1.59988
-1.602
-1.60434
-1.60692
-1.60977
-1.61292
-1.61641
-1.62028
-1.62458
-1.6294
-1.63479
-1.64089
-1.6478
-1.65567
-1.66473
-1.67501
-1.68754
-1.70227
-1.71952
-1.74055
-1.60423
-1.6043
-1.60444
-1.60465
-1.60494
-1.6053
-1.60573
-1.60623
-1.60681
-1.60748
-1.60823
-1.60906
-1.60999
-1.61101
-1.61214
-1.61338
-1.61474
-1.61623
-1.61788
-1.61969
-1.62168
-1.62387
-1.62628
-1.62892
-1.63183
-1.63502
-1.63855
-1.64244
-1.64676
-1.65154
-1.65679
-1.6627
-1.66933
-1.67674
-1.68505
-1.69438
-1.70498
-1.71662
-1.72893
-1.74239
-1.62514
-1.62521
-1.62535
-1.62557
-1.62586
-1.62623
-1.62667
-1.62719
-1.62778
-1.62846
-1.62923
-1.63008
-1.63103
-1.63207
-1.63322
-1.63448
-1.63586
-1.63738
-1.63905
-1.64088
-1.64289
-1.64509
-1.6475
-1.65014
-1.65303
-1.6561
-1.65957
-1.66336
-1.66752
-1.67208
-1.6771
-1.68263
-1.68871
-1.69539
-1.70271
-1.71066
-1.71919
-1.72803
-1.73644
-1.74425
-1.64583
-1.6459
-1.64605
-1.64627
-1.64656
-1.64693
-1.64737
-1.64789
-1.64849
-1.64918
-1.64994
-1.6508
-1.65174
-1.65278
-1.65393
-1.65519
-1.65657
-1.65809
-1.65975
-1.66151
-1.66349
-1.66565
-1.66801
-1.67056
-1.67333
-1.67634
-1.67962
-1.6832
-1.6871
-1.69134
-1.69597
-1.70101
-1.70648
-1.7124
-1.71878
-1.7256
-1.73276
-1.7401
-1.74718
-1.7538
-1.66631
-1.66637
-1.66652
-1.66673
-1.66702
-1.66739
-1.66783
-1.66835
-1.66894
-1.66961
-1.67037
-1.67121
-1.67214
-1.67316
-1.67428
-1.67551
-1.67686
-1.67833
-1.67994
-1.68168
-1.68358
-1.68565
-1.68788
-1.6903
-1.69292
-1.69574
-1.69879
-1.70209
-1.70566
-1.70952
-1.71368
-1.71818
-1.72302
-1.72821
-1.73379
-1.73977
-1.74618
-1.75309
-1.7606
-1.76914
-1.68655
-1.68662
-1.68676
-1.68697
-1.68725
-1.68761
-1.68804
-1.68855
-1.68913
-1.68978
-1.69052
-1.69133
-1.69223
-1.69322
-1.6943
-1.69548
-1.69677
-1.69818
-1.6997
-1.70136
-1.70316
-1.7051
-1.70719
-1.70944
-1.71185
-1.71444
-1.71722
-1.7202
-1.72339
-1.72682
-1.73048
-1.73439
-1.73856
-1.74301
-1.74776
-1.75286
-1.75839
-1.76451
-1.77139
-1.77927
-1.70658
-1.70665
-1.70678
-1.70699
-1.70726
-1.70761
-1.70802
-1.70851
-1.70906
-1.70969
-1.71039
-1.71117
-1.71203
-1.71297
-1.71399
-1.71511
-1.71633
-1.71765
-1.71908
-1.72063
-1.7223
-1.72409
-1.72601
-1.72806
-1.73024
-1.73257
-1.73505
-1.73768
-1.74048
-1.74345
-1.74658
-1.74988
-1.75335
-1.75699
-1.76081
-1.76484
-1.7691
-1.7737
-1.77865
-1.78427
-1.7264
-1.72647
-1.72659
-1.72679
-1.72705
-1.72738
-1.72777
-1.72823
-1.72876
-1.72936
-1.73002
-1.73075
-1.73156
-1.73244
-1.7334
-1.73444
-1.73557
-1.73679
-1.73811
-1.73954
-1.74106
-1.74269
-1.74442
-1.74625
-1.74819
-1.75025
-1.75241
-1.7547
-1.75709
-1.7596
-1.76221
-1.7649
-1.76767
-1.7705
-1.77337
-1.77624
-1.77909
-1.78188
-1.78449
-1.78712
-1.74603
-1.74608
-1.7462
-1.74638
-1.74663
-1.74694
-1.74731
-1.74774
-1.74824
-1.74879
-1.74941
-1.75009
-1.75084
-1.75165
-1.75253
-1.75349
-1.75452
-1.75564
-1.75684
-1.75813
-1.7595
-1.76096
-1.76249
-1.76411
-1.76581
-1.76759
-1.76946
-1.7714
-1.77341
-1.77548
-1.7776
-1.77974
-1.78188
-1.78397
-1.78599
-1.78787
-1.78951
-1.79083
-1.79154
-1.7918
-1.76545
-1.76551
-1.76562
-1.76579
-1.76602
-1.76631
-1.76665
-1.76705
-1.76751
-1.76802
-1.76859
-1.76922
-1.7699
-1.77064
-1.77144
-1.7723
-1.77324
-1.77424
-1.77532
-1.77646
-1.77768
-1.77896
-1.78031
-1.78172
-1.78318
-1.7847
-1.78628
-1.7879
-1.78957
-1.79126
-1.79295
-1.79462
-1.79624
-1.79777
-1.79916
-1.80034
-1.80124
-1.80177
-1.8017
-1.8014
-1.78471
-1.78476
-1.78486
-1.78501
-1.78522
-1.78549
-1.7858
-1.78617
-1.78659
-1.78706
-1.78758
-1.78814
-1.78876
-1.78942
-1.79014
-1.79091
-1.79174
-1.79263
-1.79358
-1.79459
-1.79566
-1.79678
-1.79794
-1.79915
-1.80039
-1.80167
-1.80299
-1.80433
-1.80569
-1.80705
-1.8084
-1.80969
-1.81092
-1.81204
-1.81301
-1.81379
-1.81433
-1.81459
-1.81442
-1.81414
-1.8038
-1.80385
-1.80394
-1.80408
-1.80427
-1.80451
-1.8048
-1.80513
-1.80551
-1.80593
-1.80639
-1.8069
-1.80745
-1.80804
-1.80867
-1.80935
-1.81007
-1.81085
-1.81167
-1.81255
-1.81347
-1.81442
-1.81542
-1.81644
-1.81749
-1.81856
-1.81964
-1.82074
-1.82184
-1.82294
-1.824
-1.82501
-1.82596
-1.82681
-1.82754
-1.82814
-1.82858
-1.82882
-1.82877
-1.82845
-1.82275
-1.82279
-1.82287
-1.82299
-1.82316
-1.82338
-1.82364
-1.82394
-1.82427
-1.82464
-1.82505
-1.8255
-1.82598
-1.8265
-1.82704
-1.82763
-1.82826
-1.82892
-1.82963
-1.83037
-1.83115
-1.83197
-1.8328
-1.83366
-1.83453
-1.83541
-1.83629
-1.83718
-1.83806
-1.83894
-1.83978
-1.84058
-1.84132
-1.84199
-1.84258
-1.84311
-1.84357
-1.84401
-1.84458
-1.84489
-1.84158
-1.84161
-1.84167
-1.84178
-1.84194
-1.84212
-1.84235
-1.84261
-1.8429
-1.84323
-1.84359
-1.84397
-1.84439
-1.84483
-1.8453
-1.8458
-1.84632
-1.84688
-1.84747
-1.84809
-1.84874
-1.84942
-1.85011
-1.85082
-1.85153
-1.85224
-1.85295
-1.85366
-1.85436
-1.85505
-1.85571
-1.85633
-1.85691
-1.85744
-1.85789
-1.85828
-1.85861
-1.8588
-1.85878
-1.85807
-1.86028
-1.86031
-1.86037
-1.86046
-1.86059
-1.86075
-1.86095
-1.86117
-1.86142
-1.8617
-1.86201
-1.86234
-1.86269
-1.86306
-1.86345
-1.86386
-1.86429
-1.86475
-1.86523
-1.86574
-1.86627
-1.86681
-1.86737
-1.86794
-1.86851
-1.86908
-1.86964
-1.8702
-1.87074
-1.87127
-1.87178
-1.87226
-1.87271
-1.87311
-1.87346
-1.87374
-1.87395
-1.87406
-1.87408
-1.87405
-1.8789
-1.87893
-1.87897
-1.87905
-1.87916
-1.87929
-1.87945
-1.87963
-1.87984
-1.88007
-1.88033
-1.8806
-1.88089
-1.88119
-1.88151
-1.88184
-1.88218
-1.88254
-1.88292
-1.88332
-1.88373
-1.88416
-1.88459
-1.88504
-1.88548
-1.88592
-1.88635
-1.88678
-1.88719
-1.88759
-1.88797
-1.88834
-1.88868
-1.88899
-1.88926
-1.88951
-1.88973
-1.88996
-1.89038
-1.8908
-1.89745
-1.89746
-1.8975
-1.89756
-1.89765
-1.89775
-1.89788
-1.89802
-1.89819
-1.89837
-1.89857
-1.89879
-1.89901
-1.89925
-1.8995
-1.89975
-1.90002
-1.90029
-1.90057
-1.90086
-1.90116
-1.90147
-1.9018
-1.90212
-1.90245
-1.90277
-1.90309
-1.9034
-1.9037
-1.90399
-1.90426
-1.90452
-1.90476
-1.90498
-1.90517
-1.90531
-1.90537
-1.90532
-1.90479
-1.90441
-1.91593
-1.91594
-1.91597
-1.91602
-1.91608
-1.91615
-1.91624
-1.91635
-1.91647
-1.91661
-1.91675
-1.91691
-1.91707
-1.91724
-1.91742
-1.9176
-1.91779
-1.91797
-1.91817
-1.91837
-1.91857
-1.91878
-1.91899
-1.91921
-1.91943
-1.91965
-1.91987
-1.92008
-1.92028
-1.92048
-1.92067
-1.92085
-1.92102
-1.9212
-1.92138
-1.92161
-1.92193
-1.92253
-1.92251
-1.92989
-1.93438
-1.93438
-1.9344
-1.93443
-1.93447
-1.93451
-1.93457
-1.93464
-1.93471
-1.9348
-1.93489
-1.93499
-1.93509
-1.9352
-1.9353
-1.93541
-1.93552
-1.93563
-1.93573
-1.93584
-1.93596
-1.93607
-1.93619
-1.93631
-1.93643
-1.93656
-1.93668
-1.93679
-1.9369
-1.93701
-1.93711
-1.93721
-1.93731
-1.93739
-1.93746
-1.93745
-1.93721
-1.93675
-1.93618
-1.93502
-1.95279
-1.9528
-1.95281
-1.95282
-1.95283
-1.95285
-1.95287
-1.95289
-1.95292
-1.95295
-1.95299
-1.95302
-1.95306
-1.9531
-1.95314
-1.95317
-1.95321
-1.95324
-1.95327
-1.95331
-1.95334
-1.95337
-1.9534
-1.95344
-1.95348
-1.95353
-1.95357
-1.95362
-1.95368
-1.95374
-1.9538
-1.95387
-1.95395
-1.95408
-1.95442
-1.95515
-1.9565
-1.95856
-1.96143
-1.961
)
;

boundaryField
{
    inlet
    {
        type            calculated;
        value           nonuniform List<scalar> 10(-294.201 -294.409 -294.553 -294.686 -294.753 -294.753 -294.686 -294.554 -294.409 -294.202);
    }
    inletWall
    {
        type            calculated;
        value           nonuniform List<scalar> 
30
(
-205.062
-225.151
-245.001
-264.73
-284.391
-118.693
-134.405
-150.707
-167.452
-184.297
-25.0542
-45.6878
-66.2633
-89.1311
-115.474
-205.063
-225.151
-245.002
-264.731
-284.392
-118.698
-134.409
-150.71
-167.454
-184.299
-25.2662
-45.7799
-66.3164
-89.1544
-115.49
)
;
    }
    bottleWall
    {
        type            calculated;
        value           nonuniform List<scalar> 
290
(
0.04701
0.0273901
0.00777158
-0.0118451
-0.0314606
-0.0510755
-0.0706893
-0.0903011
-0.109911
-0.129519
-0.149126
-0.168732
-0.188338
-0.207944
-0.22755
-0.247155
-0.266759
-0.28636
-0.305957
-0.325552
-0.345147
-0.364741
-0.384334
-0.403926
-0.423516
-0.443104
-0.462694
-0.482284
-0.501868
-0.521449
-0.541032
-0.560614
-0.580195
-0.599777
-0.619359
-0.638943
-0.658531
-0.678123
-0.697719
-0.717319
-0.736923
-0.756532
-0.776146
-0.795766
-0.815398
-0.835043
-0.854702
-0.874383
-0.894084
-0.913811
-0.933567
-0.953355
-0.973178
-0.993043
-1.01295
-1.03291
-1.05292
-1.07299
-1.09313
-1.11335
-1.13364
-1.15401
-1.17447
-1.19501
-1.21565
-1.23638
-1.2572
-1.27811
-1.29911
-1.32018
-1.34132
-1.36252
-1.38377
-1.40505
-1.42635
-1.44766
-1.46896
-1.49025
-1.5115
-1.53272
-1.5539
-1.57503
-1.59611
-1.61715
-1.63814
-1.65909
-1.68001
-1.70091
-1.72179
-1.74266
-1.76352
-1.78438
-1.80525
-1.82612
-1.84701
-1.8679
-1.8888
-1.90971
-1.93063
-1.95155
0.0565623
0.0565729
0.056583
0.0565928
0.0566026
0.0566129
0.0566239
0.0566358
0.0566486
0.0566618
0.0566751
0.0566878
0.0566993
0.0567093
0.0567178
0.0567251
0.0567319
0.0567386
0.0567457
0.0567531
0.0567604
0.0567672
0.0567727
0.0567771
0.0567805
0.0567839
0.0567878
0.0567924
0.0567974
0.0568021
0.0568057
0.0568082
0.0568098
0.0568113
0.0568131
0.0568152
0.0568172
0.0568187
0.0568196
0.05682
0.0564575
0.0564679
0.056478
0.0564882
0.0564986
0.0565092
0.05652
0.0565308
0.0565415
0.0565518
0.0561734
0.056174
0.056174
0.0561738
0.0561738
0.0561743
0.0561755
0.0561777
0.0561809
0.0561852
0.0561904
0.0561965
0.0562034
0.0562109
0.0562189
0.0562274
0.0562364
0.0562459
0.0562558
0.0562662
0.056277
0.0562881
0.0562992
0.0563102
0.0563206
0.0563304
0.0563393
0.0563473
0.0563544
0.0563607
0.0563666
0.0563725
0.0563786
0.0563855
0.0563932
0.0564021
0.056412
0.0564228
0.0564344
0.0564466
0.0463634
0.0267414
0.00711453
-0.0125152
-0.0321462
-0.0517776
-0.0714096
-0.091043
-0.110679
-0.130317
-0.149958
-0.169601
-0.189246
-0.208891
-0.228537
-0.248186
-0.267836
-0.28749
-0.307146
-0.326806
-0.346468
-0.366134
-0.385804
-0.405478
-0.425159
-0.444846
-0.46454
-0.48424
-0.503948
-0.523662
-0.543383
-0.563112
-0.582851
-0.602601
-0.622362
-0.642137
-0.661928
-0.681736
-0.701564
-0.721412
-0.741281
-0.761173
-0.781089
-0.801032
-0.821005
-0.841009
-0.861051
-0.881133
-0.901262
-0.921439
-0.941671
-0.96196
-0.982312
-1.00274
-1.02323
-1.04381
-1.06447
-1.08522
-1.10606
-1.12701
-1.14807
-1.16924
-1.19052
-1.21192
-1.23344
-1.25507
-1.2768
-1.29863
-1.32055
-1.34255
-1.3646
-1.38669
-1.40879
-1.43088
-1.45294
-1.47494
-1.49685
-1.51864
-1.5403
-1.56179
-1.58311
-1.60423
-1.62514
-1.64583
-1.66631
-1.68655
-1.70658
-1.7264
-1.74603
-1.76545
-1.78471
-1.8038
-1.82275
-1.84158
-1.86028
-1.8789
-1.89745
-1.91593
-1.93438
-1.95279
)
;
    }
    atmosphere
    {
        type            calculated;
        value           nonuniform List<scalar> 
80
(
-1.96755
-1.96285
-1.96234
-1.96217
-1.96207
-1.96202
-1.962
-1.962
-1.962
-1.962
-1.962
-1.962
-1.962
-1.962
-1.962
-1.962
-1.962
-1.962
-1.962
-1.962
-1.962
-1.962
-1.962
-1.962
-1.962
-1.962
-1.962
-1.962
-1.962
-1.962
-1.962
-1.962
-1.962
-1.962
-1.962
-1.962
-1.962
-1.962
-1.962
-1.962
-1.962
-1.962
-1.962
-1.962
-1.962
-1.962
-1.962
-1.962
-1.962
-1.962
-1.962
-1.962
-1.962
-1.962
-1.962
-1.962
-1.962
-1.962
-1.962
-1.962
-1.962
-1.962
-1.962
-1.962
-1.962
-1.962
-1.962
-1.962
-1.962
-1.962
-1.962
-1.962
-1.962
-1.962
-1.962
-1.96201
-1.96206
-1.96219
-1.96256
-1.96678
)
;
    }
    frontAndBack
    {
        type            empty;
    }
}


// ************************************************************************* //
