/*--------------------------------*- C++ -*----------------------------------*\
  =========                 |
  \\      /  F ield         | OpenFOAM: The Open Source CFD Toolbox
   \\    /   O peration     | Website:  https://openfoam.org
    \\  /    A nd           | Version:  8
     \\/     M anipulation  |
\*---------------------------------------------------------------------------*/
FoamFile
{
    version     2.0;
    format      ascii;
    class       volScalarField;
    location    "3.9";
    object      p;
}
// * * * * * * * * * * * * * * * * * * * * * * * * * * * * * * * * * * * * * //

dimensions      [1 -1 -2 0 0 0 0];

internalField   nonuniform List<scalar> 
9150
(
-204.733
-205.734
-206.348
-206.827
-207.066
-207.059
-206.819
-206.342
-205.738
-204.736
-224.781
-225.298
-225.715
-226.043
-226.204
-226.217
-226.048
-225.715
-225.301
-224.782
-244.673
-244.96
-245.214
-245.432
-245.539
-245.543
-245.426
-245.209
-244.959
-244.674
-264.412
-264.589
-264.757
-264.914
-265.003
-264.993
-264.911
-264.757
-264.59
-264.413
-284.031
-284.215
-284.349
-284.477
-284.549
-284.541
-284.482
-284.353
-284.217
-284.033
-118.628
-119.541
-119.334
-118.874
-118.718
-118.709
-118.871
-119.315
-119.509
-118.598
-134.217
-134.93
-135.143
-135.203
-135.109
-135.112
-135.202
-135.144
-134.922
-134.207
-150.725
-151.47
-151.783
-152.14
-152.196
-152.195
-152.135
-151.782
-151.467
-150.722
-167.606
-168.725
-169.165
-169.801
-169.969
-169.969
-169.808
-169.166
-168.724
-167.606
-184.543
-186.627
-187.377
-188.091
-188.36
-188.361
-188.103
-187.385
-186.632
-184.55
-25.5062
-26.5933
-28.265
-29.2263
-29.7632
-29.7939
-29.3197
-28.3012
-26.2226
-24.5365
-45.7033
-45.8531
-46.7914
-47.0541
-47.407
-47.3166
-46.8125
-46.4114
-45.4258
-45.1991
-65.5063
-65.4091
-66.3945
-65.9369
-66.4302
-66.3724
-65.9365
-66.2399
-65.1992
-65.2565
-88.3103
-85.5327
-86.5839
-84.9713
-85.198
-85.1359
-84.9287
-86.4292
-85.4262
-88.1477
-114.465
-104.548
-104.195
-102.626
-102.292
-102.248
-102.586
-104.075
-104.45
-114.32
749.694
748.494
747.675
746.756
746.419
746.355
746.475
746.472
746.415
746.529
727.874
727.147
726.593
725.847
725.712
725.505
725.714
725.741
725.775
725.941
703.686
703.934
703.819
703.89
704.304
704.063
704.382
704.671
704.895
705.033
675.805
677.089
678.889
680.756
682.351
683.33
683.736
684.076
684.186
684.101
654.862
654.668
657.831
659.755
661.079
662.092
663.026
663.599
663.748
663.724
639.944
641.137
641.473
638.686
639.985
641.547
642.542
643.046
643.169
643.023
621.62
624.963
625.725
622.852
620.947
621.197
621.589
621.966
622.156
622.649
601.498
600.866
603.741
602.216
600.04
600.483
600.536
600.311
600.075
599.808
581.915
581.49
581.542
581.331
580.948
580.371
579.716
578.723
577.365
575.911
561.738
561.573
561.388
561.103
560.912
560.835
560.674
559.619
557.546
555.597
541.105
540.71
540.54
540.826
540.859
540.9
540.27
538.413
537.324
537.035
519.401
518.223
517.569
517.471
517.225
516.861
515.535
511.464
511.958
512.093
499.265
498.237
496.212
494.673
492.964
490.391
489.445
487.223
487.884
484.609
480.04
477.418
474.071
469.821
466.467
464.807
463.313
462.976
467.709
468.178
442.273
442.734
444.679
445.164
445.359
453.205
456.887
456.252
455.369
454.198
409.975
412.637
416.495
420.407
424.13
428.036
430.883
432.47
431.444
439.263
383.835
385.498
390.562
397.691
403.064
404.173
404.103
404.114
404.245
403.441
364.183
367.619
372.847
379.7
385.221
387.34
384.86
388.701
391.037
392.86
366.363
366.461
369.961
373.583
378.776
379.394
378.359
381.186
382.218
377.778
357.294
354.946
357.055
361.26
364.121
366.054
367.861
364.728
367.806
367.706
348.033
347.15
347.254
348.603
350.299
351.82
363.171
354.003
352.972
351.961
333.09
335.415
337.03
338.487
339.757
340.788
346.484
340.187
339.631
339.047
330.64
330.216
330.659
330.814
330.692
330.221
331.909
330.356
328.967
327.524
323.564
322.67
321.984
321.107
320.339
319.403
319.556
318.917
318.157
316.774
318.018
314.106
311.614
309.566
307.506
305.814
305.008
305.108
304.588
303.358
309.133
302.159
296.595
293.003
290.449
288.574
287.256
287.319
287.359
287.17
295.778
288.083
280.8
272.773
264.625
263.162
260.516
264.944
269.389
272.062
280.021
269.532
260.077
253.055
245.96
263.688
263.17
246.97
255.42
264.585
269.96
256.426
239.508
242.658
247.394
245.16
245.16
244.219
246.821
249.962
253.439
241.924
231.238
232.044
235.724
224.509
234.794
239.445
242.696
243.881
201.985
195.671
199.867
201.666
205.293
209.408
214.571
216
216.171
217.7
135.172
129.599
131.79
137.37
145.12
154.224
165.94
175.022
183.713
189.415
122.131
118.508
113.156
112.14
112.236
113.931
115.502
119.046
132.671
153.524
122.796
120.721
120.175
120.019
120.917
123.528
126.21
127.17
123.22
126.792
117.958
129.384
115.88
120.205
121.839
123.315
124.069
120.201
126.403
134.155
103.52
120.824
116.159
106.517
106.879
106.081
106.903
116.964
122.277
117.286
99.747
98.3088
101.351
100.667
99.1526
101.283
107.213
114.637
117.69
120.426
98.0923
94.8744
96.787
104.887
111.033
115
119.07
120.943
120.26
114.044
84.9576
85.1783
103.574
124.7
134.051
136.028
136.545
132.927
128.725
124.344
30.7672
64.2815
108.704
146.868
163.295
159.988
160.938
153.15
142.574
133.186
-14.8262
10.7981
57.3733
117.947
171.415
177.706
166.047
157.422
146.556
137.053
-22.4051
-13.5995
-1.9272
43.6572
123.039
167.884
141.912
146.804
142.775
135.046
-18.7506
-13.1251
-1.40512
19.8754
68.1252
117.614
122.275
125.261
116.946
105.711
-0.625777
1.92227
4.68887
11.4958
28.8067
42.0405
61.0193
73.009
72.627
71.7116
9.34732
11.7329
13.1457
13.1391
18.7453
21.1924
29.7853
44.4446
47.5934
49.3505
14.2753
20.1544
21.2613
13.905
19.006
28.1744
36.8987
44.3095
47.9844
50.2148
18.0053
17.8832
17.3839
32.1245
29.2051
44.4601
52.481
51.7844
49.235
46.1731
37.5034
42.412
38.3907
86.9728
61.6103
62.5701
58.41
51.5106
45.147
39.8108
47.8823
59.4309
68.2179
108.006
65.6198
56.8655
52.4384
46.0899
39.3746
33.9696
39.782
49.6411
57.302
110.503
61.018
46.2545
42.9244
39.2319
30.4372
24.1977
27.657
41.014
51.8119
81.0672
49.3664
42.3744
31.4317
30.328
8.85202
5.73782
-4.54639
2.27595
26.6208
42.6233
24.511
35.5891
2.4048
-7.10212
-2.85388
-1.70209
-0.0900504
-0.41596
-1.12496
8.93412
5.61736
32.5273
1.49719
-1.91211
-1.16099
-0.850699
-0.403219
-0.319898
-0.436249
2.2621
19.333
29.4695
-0.518778
-0.899023
-1.0039
-0.944542
-0.669819
-0.00579631
0.127317
0.44151
25.833
26.4257
-1.18509
-1.13015
-1.12182
-1.08661
-0.559413
-0.581576
-0.480627
-0.855899
26.3137
24.3759
-1.16319
-1.15497
-1.15336
-1.13913
-0.59439
-0.53333
-0.456265
-0.579569
26.7172
24.7339
-1.14869
-1.14616
-1.15903
-1.15567
-0.75828
-0.702124
-0.614722
-0.676837
26.673
25.2282
-1.17503
-1.17129
-1.18424
-1.18922
-0.894745
-0.871739
-0.820351
-0.864088
27.0785
25.3866
-1.2131
-1.21227
-1.21997
-1.22742
-0.900332
-0.906749
-0.873347
-0.902722
26.7706
25.9096
-1.26692
-1.25906
-1.26182
-1.26303
-0.855637
-0.856939
-0.82458
-0.835247
24.2578
27.8192
-1.31629
-1.30088
-1.30476
-1.3161
-0.795329
-0.786394
-0.731314
-0.624883
12.4798
39.3453
-1.44424
-1.33452
-1.32208
-1.33615
-0.798616
-0.801721
-0.827271
-0.923059
38.5371
12.1561
-1.20134
-1.31016
-1.35327
-1.35082
-0.845994
-0.838931
-0.822151
-0.698733
8.41329
41.068
-1.52899
-1.44008
-1.42063
-1.40439
-0.888497
-0.904092
-0.933994
-1.0431
40.071
9.83825
-1.26789
-1.40455
-1.43292
-1.44464
-0.889608
-0.883178
-0.868725
-0.795448
12.5326
37.6385
-1.59638
-1.5172
-1.49344
-1.50397
-0.890014
-0.86574
-0.857413
-0.85228
20.8025
29.8662
-1.57914
-1.55309
-1.53553
-1.52889
-0.896215
-0.868129
-0.840607
-0.762297
11.5696
39.0396
-1.67084
-1.59184
-1.57154
-1.55379
-0.920637
-0.893679
-0.855595
-0.735074
6.91236
43.8661
-1.73627
-1.61729
-1.57954
-1.56163
-0.96557
-0.971242
-0.9641
-1.01906
32.863
17.8526
-1.51953
-1.55822
-1.55604
-1.55035
-1.02515
-1.01332
-0.963224
-0.947886
21.9016
29.7775
-1.60809
-1.55967
-1.5517
-1.54958
-1.09686
-1.07384
-1.03344
-1.07586
29.8048
22.5086
-1.52593
-1.53362
-1.54224
-1.55102
-1.16896
-1.14253
-1.09374
-1.1058
24.5121
27.7109
-1.57432
-1.55092
-1.55797
-1.56507
-1.23638
-1.21603
-1.16577
-1.1864
26.921
25.011
-1.57443
-1.56701
-1.57419
-1.58185
-1.28742
-1.27378
-1.22593
-1.22623
25.7455
24.8494
-1.58609
-1.58822
-1.59371
-1.59934
-1.31706
-1.31204
-1.26308
-1.22991
24.8777
24.4799
-1.5724
-1.60928
-1.61321
-1.61678
-1.33016
-1.32267
-1.27117
-1.21291
21.7667
25.8494
-1.58681
-1.63524
-1.6341
-1.63788
-1.33664
-1.32424
-1.25501
-1.12531
12.1667
35.6694
-1.70101
-1.68398
-1.66717
-1.65992
-1.36557
-1.36931
-1.32829
-1.31454
28.3118
18.8765
-1.57721
-1.65894
-1.66141
-1.65886
-1.40303
-1.3945
-1.3787
-1.36412
23.3417
24.5338
-1.66614
-1.66691
-1.66325
-1.66169
-1.43112
-1.41332
-1.42259
-1.47907
27.6939
21.1211
-1.67194
-1.65156
-1.65615
-1.66002
-1.45833
-1.43904
-1.44414
-1.5651
28.0009
20.3122
-1.72348
-1.6433
-1.6549
-1.6602
-1.48464
-1.45926
-1.45323
-1.59251
24.5245
23.5101
-1.80326
-1.66011
-1.66529
-1.67121
-1.51889
-1.49272
-1.48669
-1.55492
22.7928
22.7608
-1.73496
-1.6744
-1.67831
-1.68587
-1.5638
-1.54789
-1.54829
-1.4381
20.5468
21.3352
-1.56514
-1.68523
-1.68631
-1.70403
-1.60322
-1.6003
-1.60611
-1.45548
20.2366
17.4465
-1.53826
-1.69088
-1.70469
-1.71854
-1.6322
-1.63639
-1.64619
-1.59137
21.2725
12.8244
-1.61442
-1.69754
-1.72105
-1.73364
-1.65428
-1.65547
-1.656
-1.63948
12.9646
17.9735
-1.73096
-1.73524
-1.74895
-1.75837
-1.67757
-1.67866
-1.67231
-1.71206
13.4531
15.7145
-1.80204
-1.76469
-1.76297
-1.779
-1.70407
-1.69413
-1.70122
-1.86585
16.5975
9.18271
-1.93381
-1.78867
-1.78592
-1.79679
-1.73465
-1.7316
-1.73882
-2.0112
12.1441
9.30234
-2.08234
-1.80888
-1.80807
-1.81045
-1.7674
-1.76797
-1.77178
-2.23617
8.91401
6.4848
-2.20299
-1.81506
-1.82616
-1.82459
-1.7928
-1.79236
-1.78814
-2.00216
4.0246
5.86318
-2.21954
-1.84684
-1.84107
-1.84344
-1.81306
-1.81478
-1.88755
-2.25205
3.3347
3.49567
-1.37871
-1.92201
-1.86016
-1.86047
-1.82966
-1.83018
-1.89717
-1.38398
1.78829
0.59771
-1.85207
-2.07216
-1.87652
-1.87822
-1.85463
-1.85698
-2.45334
-1.16631
0.170855
-0.50185
-1.44753
-2.14875
-1.88896
-1.88845
-1.8745
-1.86986
-3.66198
-2.32037
-0.864495
-0.545595
-1.10075
-3.11891
-1.9013
-1.91005
-1.8967
-2.54405
-3.6101
-2.17271
-1.87729
-1.95355
-3.28956
-5.11118
-2.22281
-1.92288
-1.92135
-4.28736
-5.75789
-5.73259
-5.61042
-5.75699
-5.65854
-5.36467
-3.79391
-1.93691
-2.78978
-9.8814
-13.2472
-15.0248
-15.6036
-15.3744
-14.3825
-12.4024
-9.2118
-2.68178
746.445
746.271
746.052
745.718
745.401
745.543
745.802
755.759
756.346
758.2
763.397
764.673
767.745
769.339
770.584
771.437
772.301
773.083
773.755
774.386
775.395
776.292
778.086
779.88
780.882
781.116
780.43
779.099
778.172
776.618
774.223
772.66
772.151
772.814
774.708
776.836
779.76
780.605
781.828
784.473
725.939
725.862
725.842
725.838
726.101
727.01
729.499
735.02
738.448
740.393
743.399
745.642
747.398
748.658
750.996
751.779
751.703
752.653
752.138
752.701
754.253
756.855
759.346
761.352
762.228
762.09
762.485
761.111
760.359
757.601
755.169
753.481
750.917
750.843
752.183
755.822
759.093
761.673
763.424
767.175
705.118
705.345
705.401
705.425
705.721
706.52
710
715.747
719.677
721.809
723.654
725.098
726.519
728.132
729.66
731.225
731.862
735.073
738.167
739.877
742.485
745.993
746.269
744.878
746.37
745.135
749.271
748.797
746.296
743.706
741.226
737.704
735.123
734.22
734.412
736.6
740.144
743.019
744.66
749.029
684.143
684.61
684.544
684.145
686.983
690.495
691.476
690.039
696.92
698.859
700.735
702.716
705.219
707.23
709.117
711.645
714.129
718.849
721.788
723.928
725.446
725.726
727.427
727.565
727.053
727.902
726.264
724.588
722.885
721.662
720.444
716.775
717.502
712.778
713.772
713.942
715.382
717.924
721.518
727.938
663.662
663.949
665.088
669.304
670.151
669.826
670.246
670.097
671.519
672.798
676.646
680.024
682.974
685.527
687.991
690.897
694.033
697.093
706.567
701.849
704.962
706.225
707.235
707.928
707.945
706.797
704.856
702.586
700.204
698.16
694.762
690.521
685.337
680.926
681.228
683.056
687.765
694.702
698.188
701.149
643.164
643.972
646.069
649.367
651.505
651.364
650.165
649.521
650.972
652.82
654.548
657.491
661.367
664.85
667.591
670.557
673.806
675.842
678.53
681.039
683.415
685.469
687.046
687.551
686.873
685.138
683.1
680.737
677.456
673.178
668.165
665.958
666.078
665.082
665.415
667.747
671.213
679.187
685.097
688.885
623.247
624.035
626.107
628.933
629.113
628.065
628.935
629.886
631.455
633.379
635.711
637.971
642.213
646.028
649.463
652.287
655.1
657.005
658.611
660.941
662.788
663.532
663.536
664.371
664.552
663.658
661.589
659.039
655.706
651.752
650.242
651.587
654.183
657.527
662.364
667.679
672.114
674.807
678.44
683.259
599.617
600.34
603.125
606.488
605.331
607.324
609.865
611.584
613.088
614.768
617.196
619.509
624.91
629.888
633.33
635.098
636.786
638.173
639
639.899
640.7
640.598
640.264
640.335
640.586
640.39
639.461
638.228
636.186
634.337
635.863
639.526
644.309
649.545
654.864
659.946
665.317
668.33
669.759
670.404
575.296
577.084
582.01
584.488
587.202
589.834
592.557
594.856
596.439
597.852
599.376
602.476
606.887
611.389
615.357
617.374
617.378
619.451
618.675
618.83
618.812
617.655
616.028
615.614
616.374
616.525
616.646
616.917
617.089
620.279
622.753
626.754
632.381
638.071
644.877
655.064
657.574
657.987
661.764
661.55
559.412
561.132
563.876
567.595
569.566
572.67
575.244
578.05
580.018
581.531
582.016
584.731
588.23
591.949
595.032
599.426
597.545
598.761
599.768
600.186
598.472
594.99
591.122
590.59
591.2
592.127
593.474
594.902
597.184
603.01
606.378
609.662
614.341
621.7
628.871
637.428
641.909
646.935
649.498
653.741
537.776
545.005
544.242
551.686
556.605
558.535
557.59
561.694
565.75
562.611
562.614
565.611
568.868
572.49
576.45
580.487
585.198
577.221
578.377
578.676
578.384
576.499
577.716
567.348
566.304
568.645
570.109
571.287
573.15
577.41
588.799
586.921
587.723
593.736
602.744
613.514
622.579
633.451
642.966
647.984
509.59
510.904
517.909
521.858
526.802
530.846
533.817
535.42
537.033
539.046
541.73
544.794
548.315
552.172
556.258
560.227
563.352
569.072
557.074
558.118
557.811
555.831
554.148
555.736
549.48
547.257
545.635
545.251
546.408
549.001
552.096
554.1
554.673
556.734
562.241
570.835
584.619
604.756
625.547
636.932
485.503
485.285
486.269
487.107
491.384
497.867
504.984
509.949
513.921
517.185
520.325
523.385
526.751
530.757
535.311
539.586
543.518
549.055
548.854
538.856
540.154
539.533
538.67
540.083
535.426
526.607
522.197
518.594
517.594
519.322
521.384
520.711
517.061
509.668
498.533
490.122
506.283
537.244
570.151
589.129
467.851
467.163
467.594
472.264
476.052
475.302
480.987
487.543
491.4
496.312
500.158
503.795
506.651
509.348
513.122
517.101
520.089
520.125
532.26
528.278
526.452
525.064
523.931
521.484
519.61
513.84
503.287
491.753
487.059
487.954
491.403
489.5
481.233
467.772
459.787
460.471
448.849
457.57
485.77
507.214
452.763
450.701
447.237
447.268
452.06
456.846
462.192
467.298
470.562
474.971
479.108
483
486.149
489.166
491.559
494.89
498.583
501.26
501.872
511.636
512.272
508.259
508.827
508.163
503.054
496.732
490.472
478.783
469.221
460.772
465.794
464.79
455.938
448.355
443.269
438.707
435.478
437.524
451.104
461.845
432.827
436.331
434
431.715
432.631
435.922
440.417
445.035
450.063
453.826
457.511
460.402
464.057
467.94
471.444
474.156
478.635
483.724
487.686
495.386
500.778
497.041
493.458
491.227
489.305
486.392
478.918
468.535
455.186
451.475
455.402
457.373
453.763
450.824
442.682
438.735
437.232
435.447
443.436
454.787
401.163
400.987
404.526
405.973
407.633
410.415
416.228
422.838
428.782
433.278
435.869
438.077
441.025
443.806
447.64
451.594
457.266
462.855
470.776
479.697
481.515
485.171
486.823
482.944
476.651
476.331
473.096
467.036
458.737
454.456
452.823
454.12
452.45
449.717
446.751
444.839
445.178
445.987
455.016
463.591
393.003
393.424
395.211
396.334
397.126
395.661
399.873
404.24
407.622
410.155
410.879
411.012
413.91
417.116
420.984
426.523
433.029
440.874
449.853
460.264
468.155
471.098
469.947
472.119
471.7
464.919
465.199
456.528
455.135
453.676
451.473
450.798
450.89
450.474
450.399
450.483
451.952
458.05
469.355
477.254
380.282
384.222
386.718
388.82
389.811
383.926
384.126
384.724
383.717
382.008
378.018
377.301
382.359
388.072
393.348
400.099
407.089
415.249
426.26
439.434
450.992
460.84
462.418
460.399
464.508
464.924
454.955
451.867
445.033
445.125
450.628
450.158
450.461
450.943
451.458
453.428
459.029
468.155
476.069
484.347
367.014
366.564
365.697
370.085
363.748
366.459
360.881
364.861
358.817
350.722
344.07
341.477
346.447
360.715
372.421
381.245
390.23
399.275
406.761
419.155
436.471
445.824
449.122
453.164
454.892
452.829
446.404
440.81
437.649
439.417
447.845
447.374
448.07
448.982
449.827
453.31
462.909
470.931
476.064
482.48
350.633
349.243
347.85
344.665
341.351
338.556
330.528
318.978
330.996
318.377
302.984
300.54
309.518
330.134
347.399
359.9
370.726
380.675
389.868
397.899
419.26
423.109
430.442
430.437
436.723
439.478
431.58
430.771
431.98
432.305
437.878
431.864
446.264
447.105
441.857
452.201
462.062
470.239
475.108
482.273
337.667
335.664
332.928
329.384
324.776
320.645
314.641
306.851
307.576
304.823
299.609
297.852
295.928
307.08
325.432
334.952
345.962
354.67
360.564
369.626
381.401
387.701
389.483
390.93
393.156
398.273
399.597
400.064
409.25
407.054
416.159
415.487
440.206
435.014
439.199
449.488
459.358
467.674
473.929
481.6
325.831
323.455
320.19
316.434
311.456
306.263
303.291
302.124
303.989
304.134
302.619
301.374
301.259
297.427
311.63
313.176
318.32
321.395
323.055
323.991
326.988
331.526
335.422
338.33
338.269
353.593
347.347
362.948
377.249
388.304
396.381
402.83
427.891
415.221
428.304
440.651
453.136
465.596
476.405
486.41
315.01
312.501
308.804
304.623
299.972
298.461
298.773
299.966
302.058
303.827
303.66
302.742
299.245
293.944
296.739
300.267
297.352
295.261
290.411
282.051
273.258
267.953
265.83
267.663
272.09
279.595
289.192
310.589
332.815
351.625
369.205
383.129
407.057
399.633
414.716
433.822
453.462
472.184
487.049
498.025
302.163
300.655
298.509
295.139
292.009
292.8
293.753
295.208
296.994
298.654
298.214
293.657
293.919
291.525
289.679
286.989
281.206
274.975
267.07
260.41
257.996
259.575
258.075
257.58
257.877
260.103
264.963
269.051
292.739
320.2
338.743
354.764
383.413
387.071
404.406
427.587
450.187
470.945
486.51
497.641
286.923
285.919
285.62
283.079
283.052
285.45
286.158
287.789
288.608
294.171
295.351
294.095
290.513
290.086
282.662
278.84
272.214
262.595
256.237
256.026
254.511
253.302
252.697
252.154
252.473
254.511
257.49
260.65
272.249
295.178
311.334
328.441
345.834
363.492
383.494
405.606
429.739
455.167
476.032
489.501
274.511
276.233
275.148
271.913
274.426
275.927
274.436
278.957
282.21
284.037
285.65
285.203
287.01
283.848
279.087
272.27
263.605
257.517
255.776
254.934
253.977
252.542
251.377
250.785
250.963
252.402
254.171
256.359
269.623
282.211
287.021
297.502
314.913
333.328
352.296
375.856
401.944
425.989
445.826
459.333
269.919
261.409
262.503
267.067
269.497
269.9
266.593
269.063
272.998
276.716
280.292
282.227
285.326
278.663
274.542
265.464
258.01
256.908
256.187
255.224
254.209
253.271
252.227
251.769
251.889
252.394
252.763
251.946
249.611
246.903
245.297
250.239
267.028
288.58
306.289
335.642
356.239
378.701
393.318
407.033
252.431
254.699
257.464
259.954
259.219
259.157
260.867
266.082
271.717
276.244
280.775
283.217
282.36
280.571
271.702
258.877
255.937
257.334
256.432
255.381
254.251
253.237
252.307
251.679
251.279
251.276
250.378
248.191
242.696
240.141
242.359
249.237
254.45
264.588
280.096
292.558
306.291
322.314
335.659
350.396
245.466
247.405
242.998
246.337
252.116
254.177
258.411
264.659
271.813
279.389
286.443
289.621
289.695
284.32
271.329
260.258
261.45
258.017
255.397
254.513
254.143
252.701
251.683
250.823
250.649
250.791
248.776
249.193
242.936
232.961
231.903
233.234
237.219
240.738
243.425
253.568
269.013
280.843
293.304
301.946
216.651
220.855
227.163
232.757
237.542
242.683
250.628
260.327
270.803
281.589
292.622
299.525
300.901
292.179
287.035
281.236
264.385
250.359
245.642
243.592
245.716
246.934
243.47
241.012
237.788
234.106
232.809
232.273
230.779
222.862
217.004
215.591
220.455
224.59
229.193
239.47
252.174
266.575
275.616
280.11
195.143
199.518
202.882
207.537
213.315
224.458
236.352
252.857
268.844
283.975
298.572
306.544
307.47
305.504
310.614
278.947
266.476
253.401
243.515
238.246
232.25
227.578
226.206
224.574
221.866
220.006
218.238
215.543
206.298
204.462
204.087
204.569
211.711
218.901
226.168
238.185
250.617
261.561
271.507
278.689
167.921
181.61
186.137
192.803
199.384
196.698
203.197
219.963
250.375
277.141
291.879
303.112
316.84
307.137
268.347
260.429
250.342
238.833
227.01
221.459
215.89
211.359
207.538
211.957
205.959
204.769
205.443
205.035
204.019
202.351
202.985
205.345
210.228
216.974
222.637
230.901
245.949
258.13
267.223
271.085
137.761
145.566
141.724
149.443
159.439
161.823
165.269
186.186
206.423
239.99
267.454
282.906
305.362
255.563
246.759
237.128
227.308
217.302
211.123
207.059
202.676
199.308
196.276
193.149
193.415
193.242
198.098
199.619
200.14
202.122
204.633
208.456
215.138
222.022
222.669
227.659
234.682
242.274
246.828
248.795
132.434
147.612
148.802
140.436
139.662
145.756
140.738
153.941
168.363
205.569
224.688
251.295
228.816
218.005
208.921
198.88
193.84
190.297
188.553
187.126
185.502
189.801
185.723
184.514
185.826
186.768
188.46
189.938
193.474
199.751
200.692
202.435
207.291
213.396
217.867
221.067
223.191
225.138
225.953
228.931
123.971
121.263
124.875
123.977
119.715
111.605
106.852
113.161
121.789
132.366
155
160.999
159.16
155.183
151.232
147.248
148.978
152.331
156.952
162.691
166.929
169.043
170.805
172.091
173.16
174.028
175.457
177.622
179.341
181.159
184.761
189.359
194.308
198.253
200.898
202.388
203.983
206.446
207.622
210.908
125.417
111.276
113.346
110.649
101.647
92.2174
92.2198
92.9163
96.2021
103.08
107.301
113.93
102.347
95.3227
100.366
108.52
117.528
125.662
133.782
142.183
148.047
150.886
152.312
153.988
155.752
157.318
158.851
160.671
162.976
164.764
167.71
171.747
175.964
179.95
186.202
188.038
188.353
188.97
192.084
194.978
122.33
108.886
106.166
97.7977
96.1969
94.9763
93.6338
92.7116
93.1159
93.6424
94.6592
96.8785
97.8909
99.6614
100.62
96.7223
100.828
108.349
116.77
126.029
132.361
135.264
136.673
138.096
138.999
139.766
141.038
142.176
143.323
146.135
147.137
148.438
153.538
159.596
163.665
165.615
170.18
172.281
173.961
175.94
122.02
110.765
94.3161
99.6746
99.4244
97.8544
96.6618
96.6872
97.2454
97.0074
95.614
94.6411
95.7913
98.0209
99.1787
99.3992
93.5759
98.3072
105.233
112.56
116.988
118.9
120.354
121.48
122.797
126.669
128.894
129.414
129.343
129.51
129.279
129.357
131.674
138.05
144.617
144.077
147.493
149.79
151.059
151.466
122.428
114.802
102.17
99.0221
101.628
100.619
100.302
100.587
101.544
101.188
99.3948
97.3983
97.092
97.8296
98.5695
99.1264
91.3148
91.1775
95.3487
99.4864
102.543
103.929
104.09
104.046
105.081
107.363
112.247
112.811
113.046
113.105
112.827
112.799
111.783
114.197
116.895
119.622
121.89
124.792
126.124
126.464
127.609
116.89
120.416
93.3967
106.1
97.6209
106.518
101.628
103.967
103.584
102.105
100.088
98.6254
97.7838
95.7703
90.9952
83.7371
82.5859
83.5436
84.8425
85.7597
85.9061
85.6028
85.58
85.9947
86.9204
88.4884
90.3313
90.4009
92.6942
91.5729
88.8448
89.3555
91.0514
93.196
94.1201
95.2905
96.8572
98.2128
99.0571
126.586
114.532
114.745
91.6018
101.314
91.2797
98.5745
98.9424
92.9314
94.7276
95.2283
91.8884
88.6448
84.2087
79.6106
74.9576
70.6005
69.0875
68.8699
68.903
68.8081
68.0441
66.959
66.3387
66.1534
66.3283
66.8175
67.1234
66.9577
65.9722
65.135
64.3441
64.3259
64.6734
65.2825
67.0314
68.6696
70.7131
72.5328
74.1983
93.9843
90.4136
89.6667
84.7899
84.2613
88.8199
81.3275
83.4921
83.4823
81.2224
81.2186
77.6199
72.9123
68.6685
63.9389
59.4652
55.4361
53.1625
51.8291
50.4702
48.8717
47.2233
46.4906
47.1593
48.2286
48.2256
47.4687
46.5716
44.6178
41.0576
35.4556
36.5138
41.2866
42.0874
42.2992
43.7948
44.672
47.4264
48.823
50.1197
67.3206
64.2145
67.8883
64.326
64.6727
57.3338
51.059
52.6156
61.1872
63.0294
62.856
58.76
55.131
50.3986
45.5514
41.5041
38.2066
36.0245
34.2171
30.9612
26.3105
20.1256
19.7725
26.3814
31.7447
32.0398
27.4413
24.4245
21.336
17.7653
13.2641
17.0371
13.4376
16.569
18.2417
19.0392
21.1338
21.8967
23.6081
27.6435
48.9619
47.4248
48.5428
50.185
45.2469
47.7898
41.9855
41.613
41.0665
46.8149
46.0357
42.8078
38.1661
32.721
26.8893
21.0519
17.1608
17.567
18.7208
15.4368
8.70839
-1.54463
-0.209112
4.27417
9.20106
9.98937
4.21136
2.2966
0.996583
0.398497
1.96701
4.50085
1.08587
0.00364905
0.725274
2.72983
2.94648
2.95495
7.29006
16.865
47.8446
45.3619
42.8096
40.7464
33.4956
31.5848
34.0144
28.2743
30.5668
31.39
32.4793
27.6336
21.8028
13.9949
5.71337
-2.33656
-4.393
4.07271
13.662
8.31527
1.14808
-0.501127
-0.350304
-0.238353
-0.371895
-0.648948
-0.714986
-0.77213
-0.687582
-0.665881
-0.653758
-0.63457
-0.601124
-0.572284
-0.553332
-0.533619
-0.476514
-0.518749
-0.620866
0.28163
39.5007
32.782
27.8061
24.5107
20.1792
17.1194
22.418
18.0617
20.3312
20.6437
22.8988
13.1344
8.89431
4.31586
0.0673506
-0.645973
-0.43863
-0.567988
-0.661988
0.058664
-0.795483
-0.811919
-0.808902
-0.805727
-0.81478
-0.818054
-0.807179
-0.809764
-0.79301
-0.771701
-0.75154
-0.730685
-0.683889
-0.639074
-0.612861
-0.596611
-0.590035
-0.604946
-0.611934
-0.610729
33.0239
25.6894
17.2505
10.2524
6.26297
4.02787
6.60106
7.92552
8.11051
3.02465
-0.620645
-0.342918
-0.300877
-0.635665
-0.771143
-0.763271
-0.756853
-0.78468
-0.789534
-0.77156
-0.782179
-0.828214
-0.844766
-0.843133
-0.842494
-0.830816
-0.84247
-0.861861
-0.87175
-0.852485
-0.833548
-0.786275
-0.736493
-0.708909
-0.686545
-0.673924
-0.671711
-0.645179
-0.641588
-0.631515
28.7688
23.0927
16.1801
5.87947
-0.708698
-0.641581
-0.364395
-0.645077
-0.934016
-0.909854
-0.892424
-0.884485
-0.881387
-0.875248
-0.862768
-0.829693
-0.791434
-0.785192
-0.789955
-0.795894
-0.79716
-0.818588
-0.843494
-0.854612
-0.86021
-0.865824
-0.870917
-0.879256
-0.883711
-0.87935
-0.87021
-0.849378
-0.806403
-0.770893
-0.742508
-0.72122
-0.703612
-0.685399
-0.682836
-0.674719
20.9835
17.5957
12.5555
1.96106
-0.254868
-0.510447
-0.643043
-0.825911
-0.895721
-0.875848
-0.881142
-0.871673
-0.89609
-0.892895
-0.908128
-0.895302
-0.86188
-0.828066
-0.837484
-0.8413
-0.834877
-0.847622
-0.854207
-0.870805
-0.881167
-0.887071
-0.888287
-0.886014
-0.882014
-0.880262
-0.876641
-0.864645
-0.844429
-0.821869
-0.788416
-0.757471
-0.733148
-0.716907
-0.718699
-0.702259
6.95671
0.370278
-0.224791
-0.800756
-0.757058
-0.786822
-0.805925
-0.840496
-0.873558
-0.895476
-0.91538
-0.928061
-0.932321
-0.931301
-0.948149
-0.953295
-0.937878
-0.915204
-0.89745
-0.890567
-0.895196
-0.871406
-0.86514
-0.864911
-0.871826
-0.876541
-0.888474
-0.883951
-0.881431
-0.880203
-0.874466
-0.861598
-0.844072
-0.825837
-0.801509
-0.776186
-0.758778
-0.748695
-0.752993
-0.743518
-0.962857
-0.943415
-0.923417
-0.906989
-0.906952
-0.841413
-0.884878
-0.889484
-0.896806
-0.907048
-0.916845
-0.928261
-0.941205
-0.95164
-0.956695
-0.957922
-0.955511
-0.951248
-0.946042
-0.945383
-0.951032
-0.95327
-0.94752
-0.941106
-0.941261
-0.91241
-0.900125
-0.878949
-0.860348
-0.865276
-0.864217
-0.849427
-0.832741
-0.816541
-0.806091
-0.794398
-0.79544
-0.787479
-0.784927
-0.783927
-0.934604
-0.923672
-0.931994
-0.917615
-0.906622
-0.912575
-0.917365
-0.920742
-0.927289
-0.934159
-0.940396
-0.949825
-0.962321
-0.973733
-0.981425
-0.986201
-0.988851
-0.989675
-0.991941
-0.995993
-0.996704
-0.993881
-0.99048
-0.984715
-0.976939
-0.965865
-0.95974
-0.891087
-0.874829
-0.896543
-0.87932
-0.864123
-0.849679
-0.837988
-0.816702
-0.831322
-0.828236
-0.823327
-0.825362
-0.822184
-0.89109
-0.883173
-0.900062
-0.898854
-0.951043
-0.957999
-0.965239
-0.969954
-0.971765
-0.974582
-0.979832
-0.99099
-1.00354
-1.01418
-1.01943
-1.02147
-1.02485
-1.0267
-1.0319
-1.03918
-1.04399
-1.04391
-1.04087
-1.03183
-1.01541
-0.999306
-0.98582
-0.943335
-0.928411
-0.923777
-0.905661
-0.889389
-0.873288
-0.860584
-0.850835
-0.875852
-0.868177
-0.865022
-0.869942
-0.868435
-1.04215
-1.00863
-1.00661
-0.997153
-1.00257
-1.00825
-1.0087
-1.01295
-1.02077
-1.02844
-1.02514
-1.03796
-1.02377
-1.02764
-1.05992
-1.06663
-1.06508
-1.0661
-1.06746
-1.07027
-1.0581
-1.08732
-1.08561
-1.07697
-1.06113
-1.04297
-1.02354
-0.999705
-0.981803
-0.957417
-0.937756
-0.92008
-0.900252
-0.885463
-0.891049
-0.915729
-0.911898
-0.909546
-0.914438
-0.913377
-1.11334
-1.08701
-1.08778
-1.07927
-1.08224
-1.08338
-1.08401
-1.08729
-1.08914
-1.09363
-1.09984
-1.10638
-1.10989
-1.11373
-1.1206
-1.13842
-1.08913
-1.13899
-1.12122
-1.13054
-1.13847
-1.14545
-1.135
-1.1386
-1.11812
-1.09849
-1.07311
-1.05073
-1.0239
-1.00339
-0.98491
-0.963921
-0.942521
-0.932183
-0.942212
-0.957147
-0.956929
-0.954805
-0.959548
-0.957723
-1.15764
-1.15013
-1.14909
-1.15528
-1.16601
-1.17385
-1.17448
-1.17724
-1.18616
-1.19227
-1.19031
-1.19617
-1.18896
-1.1766
-1.21473
-1.21617
-1.21427
-1.22599
-1.20791
-1.20733
-1.22058
-1.22912
-1.21657
-1.20644
-1.17717
-1.14816
-1.1189
-1.09448
-1.07546
-1.04484
-1.03213
-1.01655
-1.02613
-1.01309
-1.00831
-1.00592
-0.99913
-0.995383
-0.99674
-0.995769
-1.18931
-1.19406
-1.19365
-1.2194
-1.21306
-1.21482
-1.22189
-1.23122
-1.2412
-1.24726
-1.25135
-1.25687
-1.26498
-1.2693
-1.26767
-1.26298
-1.26024
-1.26095
-1.26142
-1.26897
-1.26045
-1.28503
-1.26503
-1.24356
-1.21511
-1.18573
-1.16009
-1.13996
-1.11652
-1.09274
-1.09998
-1.08109
-1.07551
-1.08468
-1.07451
-1.05559
-1.03784
-1.02838
-1.03116
-1.02709
-1.22659
-1.21492
-1.24868
-1.25489
-1.25315
-1.26271
-1.26915
-1.28006
-1.28764
-1.29522
-1.30046
-1.30451
-1.30873
-1.31162
-1.31179
-1.31088
-1.30913
-1.30859
-1.3072
-1.30989
-1.25532
-1.28334
-1.27539
-1.25777
-1.2369
-1.21384
-1.19192
-1.16345
-1.14657
-1.14694
-1.13584
-1.12358
-1.11693
-1.11609
-1.115
-1.11546
-1.07244
-1.05461
-1.06951
-1.06287
-1.24577
-1.24103
-1.30156
-1.29351
-1.29569
-1.29636
-1.30363
-1.32034
-1.32937
-1.33772
-1.34508
-1.35083
-1.35511
-1.35806
-1.36017
-1.36435
-1.34337
-1.36081
-1.34744
-1.33688
-1.32642
-1.29409
-1.31801
-1.28577
-1.26499
-1.22888
-1.19945
-1.19497
-1.18247
-1.16893
-1.15706
-1.14398
-1.13476
-1.12995
-1.12611
-1.12347
-1.11802
-1.0829
-1.12716
-1.10723
-1.26186
-1.32481
-1.32208
-1.32115
-1.32688
-1.33138
-1.34419
-1.35569
-1.36583
-1.37617
-1.38579
-1.39335
-1.39862
-1.40334
-1.41095
-1.4111
-1.42147
-1.42882
-1.40901
-1.39504
-1.37499
-1.32657
-1.34619
-1.31407
-1.29179
-1.24375
-1.2227
-1.22146
-1.19931
-1.18367
-1.17034
-1.15822
-1.15031
-1.14647
-1.14459
-1.14208
-1.13223
-1.103
-1.15146
-1.13961
-1.30985
-1.35673
-1.35019
-1.34908
-1.35095
-1.36218
-1.37343
-1.38528
-1.39729
-1.40969
-1.42142
-1.4306
-1.43734
-1.44439
-1.45583
-1.46939
-1.47412
-1.47297
-1.46457
-1.45121
-1.42264
-1.39895
-1.36777
-1.33244
-1.30657
-1.2733
-1.2518
-1.23425
-1.21319
-1.19581
-1.18291
-1.17444
-1.16883
-1.16573
-1.16498
-1.16414
-1.12862
-1.16287
-1.16586
-1.16089
-1.38186
-1.37898
-1.37389
-1.37466
-1.37724
-1.38763
-1.39691
-1.40815
-1.42082
-1.43499
-1.44785
-1.45773
-1.46258
-1.47362
-1.48946
-1.49317
-1.49025
-1.48687
-1.48017
-1.46593
-1.44201
-1.40809
-1.37427
-1.3397
-1.31492
-1.29065
-1.26448
-1.24302
-1.22041
-1.20421
-1.19547
-1.186
-1.18222
-1.18548
-1.1867
-1.18524
-1.18809
-1.18653
-1.18339
-1.18079
-1.41027
-1.40431
-1.40301
-1.40216
-1.40402
-1.40871
-1.41475
-1.42281
-1.43451
-1.44864
-1.46152
-1.47407
-1.48077
-1.49032
-1.49585
-1.49543
-1.4889
-1.4837
-1.47498
-1.45971
-1.43728
-1.41358
-1.37771
-1.34766
-1.32259
-1.30191
-1.27729
-1.24418
-1.22605
-1.22001
-1.21001
-1.20881
-1.20649
-1.20482
-1.20413
-1.20517
-1.20584
-1.20486
-1.20715
-1.19205
-1.44449
-1.44303
-1.43494
-1.42976
-1.42283
-1.42162
-1.424
-1.42952
-1.43978
-1.45306
-1.46598
-1.48097
-1.48839
-1.49145
-1.50963
-1.50307
-1.49659
-1.48896
-1.47779
-1.46313
-1.44446
-1.42085
-1.38716
-1.36133
-1.34032
-1.31597
-1.28954
-1.26182
-1.2398
-1.22561
-1.21924
-1.21577
-1.21385
-1.21319
-1.21398
-1.21908
-1.22866
-1.23669
-1.23478
-1.23056
-1.46905
-1.47022
-1.45425
-1.43946
-1.43425
-1.42828
-1.43066
-1.43109
-1.43808
-1.44798
-1.45814
-1.47417
-1.48407
-1.49351
-1.49898
-1.50219
-1.50307
-1.50017
-1.49061
-1.47899
-1.4573
-1.43601
-1.41858
-1.39504
-1.37128
-1.36483
-1.30572
-1.27605
-1.26417
-1.24336
-1.2242
-1.22504
-1.22063
-1.22009
-1.22472
-1.23424
-1.25202
-1.26728
-1.2729
-1.26574
-1.48478
-1.4685
-1.46036
-1.445
-1.43921
-1.43474
-1.43516
-1.43264
-1.43898
-1.44272
-1.45036
-1.46001
-1.47028
-1.47064
-1.47964
-1.47995
-1.48791
-1.49585
-1.49908
-1.49001
-1.48066
-1.47243
-1.44715
-1.4389
-1.43193
-1.40899
-1.40281
-1.38176
-1.34592
-1.30737
-1.27731
-1.27114
-1.26907
-1.26778
-1.26798
-1.26296
-1.27216
-1.3095
-1.30325
-1.29675
-1.50211
-1.48737
-1.47206
-1.46158
-1.4537
-1.45023
-1.44962
-1.44763
-1.44697
-1.44736
-1.45012
-1.4549
-1.46047
-1.46363
-1.46852
-1.47617
-1.48802
-1.50344
-1.52376
-1.53026
-1.52666
-1.52221
-1.50717
-1.49607
-1.50324
-1.49031
-1.48434
-1.48272
-1.45642
-1.41887
-1.39026
-1.38269
-1.37526
-1.35973
-1.35243
-1.34801
-1.35442
-1.36607
-1.35803
-1.34783
-1.51933
-1.50613
-1.49917
-1.48704
-1.47972
-1.47434
-1.47559
-1.47037
-1.46829
-1.4649
-1.46144
-1.46084
-1.46359
-1.46479
-1.4708
-1.48051
-1.49523
-1.51808
-1.54853
-1.58142
-1.56387
-1.57993
-1.57527
-1.56542
-1.55323
-1.54147
-1.53007
-1.51519
-1.49403
-1.47269
-1.44723
-1.4131
-1.40695
-1.4158
-1.40451
-1.39734
-1.39811
-1.40768
-1.4009
-1.39461
-1.54068
-1.52837
-1.51566
-1.50899
-1.50319
-1.49808
-1.50037
-1.49424
-1.4912
-1.48654
-1.48433
-1.48254
-1.47807
-1.48161
-1.4866
-1.49317
-1.5081
-1.53125
-1.55792
-1.58574
-1.60637
-1.60945
-1.60008
-1.59059
-1.58018
-1.56766
-1.5557
-1.54195
-1.52833
-1.47689
-1.46754
-1.44583
-1.44192
-1.44079
-1.4402
-1.42021
-1.41114
-1.42628
-1.42564
-1.42245
-1.5435
-1.54043
-1.52905
-1.52788
-1.52503
-1.52282
-1.52042
-1.5195
-1.51508
-1.51091
-1.50797
-1.50402
-1.50372
-1.50315
-1.50469
-1.5117
-1.52455
-1.54239
-1.56031
-1.57857
-1.59582
-1.60284
-1.60214
-1.59681
-1.5901
-1.58068
-1.56952
-1.55699
-1.5419
-1.46693
-1.45377
-1.46405
-1.46028
-1.45868
-1.45729
-1.45782
-1.46239
-1.41476
-1.45136
-1.43888
-1.54159
-1.55138
-1.54963
-1.54729
-1.54507
-1.54296
-1.54099
-1.53769
-1.53333
-1.52907
-1.52467
-1.526
-1.52675
-1.52802
-1.53021
-1.53421
-1.54021
-1.54906
-1.56482
-1.57926
-1.59067
-1.59622
-1.59775
-1.59588
-1.59092
-1.58275
-1.56998
-1.55707
-1.54378
-1.51378
-1.48022
-1.48437
-1.47366
-1.47244
-1.47055
-1.46926
-1.4677
-1.4676
-1.45889
-1.44893
-1.54944
-1.56541
-1.55947
-1.56008
-1.55326
-1.5633
-1.5549
-1.55577
-1.55101
-1.55057
-1.54611
-1.54341
-1.5439
-1.54522
-1.54867
-1.55508
-1.5614
-1.56893
-1.57511
-1.58213
-1.5888
-1.59464
-1.59804
-1.59179
-1.5929
-1.58151
-1.57539
-1.55513
-1.56309
-1.54554
-1.51179
-1.48337
-1.47652
-1.48172
-1.48502
-1.4839
-1.47726
-1.47065
-1.46745
-1.46716
-1.56804
-1.57036
-1.57458
-1.57225
-1.57868
-1.57233
-1.56997
-1.56981
-1.56997
-1.56432
-1.55707
-1.5505
-1.55955
-1.56397
-1.56849
-1.57308
-1.57778
-1.58291
-1.5885
-1.59385
-1.59711
-1.59835
-1.59382
-1.59272
-1.59101
-1.58706
-1.57877
-1.56832
-1.57406
-1.55796
-1.52896
-1.51091
-1.51046
-1.51345
-1.51493
-1.50907
-1.50638
-1.50195
-1.49719
-1.49088
-1.59764
-1.58668
-1.58921
-1.58764
-1.58963
-1.60109
-1.59859
-1.59911
-1.5973
-1.59395
-1.58895
-1.5775
-1.57429
-1.58638
-1.58947
-1.59164
-1.59436
-1.59749
-1.60054
-1.60384
-1.60433
-1.60513
-1.60352
-1.60394
-1.59811
-1.59608
-1.59047
-1.58066
-1.57942
-1.55144
-1.52909
-1.54864
-1.54273
-1.53716
-1.5509
-1.54324
-1.53078
-1.52578
-1.52178
-1.52031
-1.615
-1.60657
-1.60351
-1.604
-1.60093
-1.60453
-1.60492
-1.60703
-1.6107
-1.61356
-1.61388
-1.60471
-1.60815
-1.61085
-1.60961
-1.6099
-1.61076
-1.61222
-1.61395
-1.61551
-1.61422
-1.61627
-1.61335
-1.61188
-1.61006
-1.60096
-1.6032
-1.59242
-1.59195
-1.56484
-1.54832
-1.57339
-1.56852
-1.56413
-1.56369
-1.56342
-1.5626
-1.56089
-1.55615
-1.54768
-1.62912
-1.62314
-1.61921
-1.61602
-1.61405
-1.61318
-1.61427
-1.61483
-1.61635
-1.62046
-1.61909
-1.62094
-1.62142
-1.62193
-1.62266
-1.62386
-1.62527
-1.62697
-1.62852
-1.62925
-1.6294
-1.62882
-1.62575
-1.62274
-1.61956
-1.6055
-1.60887
-1.60508
-1.59948
-1.59312
-1.59032
-1.58594
-1.5857
-1.58291
-1.58088
-1.57978
-1.57908
-1.57916
-1.58021
-1.57763
-1.6454
-1.6406
-1.63691
-1.63295
-1.62934
-1.62797
-1.6264
-1.6259
-1.62764
-1.63005
-1.63197
-1.63377
-1.63563
-1.63698
-1.63803
-1.6392
-1.64046
-1.64223
-1.64166
-1.64409
-1.64347
-1.64211
-1.63867
-1.63465
-1.62998
-1.6258
-1.62201
-1.61669
-1.61152
-1.60639
-1.60375
-1.59923
-1.59987
-1.59934
-1.59828
-1.59786
-1.59694
-1.59534
-1.59471
-1.59449
-1.65506
-1.65188
-1.64851
-1.64529
-1.64268
-1.6411
-1.63988
-1.63986
-1.64094
-1.64258
-1.64463
-1.64649
-1.6483
-1.64989
-1.65124
-1.65245
-1.65342
-1.65509
-1.65636
-1.65695
-1.65712
-1.65494
-1.65092
-1.64634
-1.64168
-1.63786
-1.63556
-1.63147
-1.62721
-1.62385
-1.61782
-1.61831
-1.61694
-1.61598
-1.6156
-1.61305
-1.60488
-1.61054
-1.61244
-1.60886
-1.6591
-1.65797
-1.65683
-1.65569
-1.65495
-1.65371
-1.65273
-1.65246
-1.65372
-1.65576
-1.65803
-1.66025
-1.66229
-1.66402
-1.66582
-1.66707
-1.66875
-1.67033
-1.66987
-1.67099
-1.67065
-1.66796
-1.66373
-1.6594
-1.65558
-1.65217
-1.649
-1.64556
-1.64329
-1.63616
-1.63618
-1.63543
-1.63401
-1.63342
-1.63243
-1.62873
-1.62678
-1.62769
-1.628
-1.63097
-1.66214
-1.66387
-1.66489
-1.66541
-1.66574
-1.66581
-1.66544
-1.66413
-1.66197
-1.66373
-1.66607
-1.6688
-1.67754
-1.67933
-1.67845
-1.67923
-1.67908
-1.68069
-1.68208
-1.68291
-1.68273
-1.67984
-1.67566
-1.67198
-1.66888
-1.66572
-1.6633
-1.66004
-1.65696
-1.65546
-1.65508
-1.65435
-1.65377
-1.65467
-1.65654
-1.65049
-1.64952
-1.65392
-1.6526
-1.65109
-1.66855
-1.67151
-1.67433
-1.67655
-1.67839
-1.68001
-1.67991
-1.67763
-1.67942
-1.68237
-1.68581
-1.68901
-1.6945
-1.69395
-1.69288
-1.69244
-1.69179
-1.68741
-1.68824
-1.68919
-1.68721
-1.6855
-1.68579
-1.68312
-1.68021
-1.67824
-1.67705
-1.67603
-1.67545
-1.67459
-1.67405
-1.67364
-1.67369
-1.675
-1.67742
-1.66795
-1.67369
-1.67033
-1.67125
-1.6712
-1.67768
-1.68216
-1.68588
-1.68935
-1.69179
-1.69445
-1.69482
-1.69415
-1.69677
-1.70109
-1.70692
-1.71034
-1.71458
-1.71218
-1.71001
-1.70949
-1.70757
-1.70329
-1.70359
-1.70334
-1.70138
-1.70126
-1.69663
-1.69382
-1.69287
-1.69198
-1.69109
-1.6912
-1.69154
-1.69139
-1.69094
-1.69071
-1.68959
-1.68865
-1.68988
-1.68932
-1.68826
-1.6864
-1.68606
-1.68606
-1.68932
-1.68474
-1.69028
-1.70298
-1.70544
-1.70749
-1.71096
-1.71203
-1.70913
-1.71635
-1.72797
-1.72911
-1.7286
-1.72671
-1.72534
-1.72489
-1.72387
-1.72058
-1.72188
-1.72071
-1.71805
-1.71485
-1.71103
-1.70914
-1.70407
-1.7011
-1.69997
-1.70747
-1.70884
-1.7087
-1.70716
-1.70743
-1.70533
-1.70444
-1.70406
-1.70184
-1.70168
-1.70184
-1.69957
-1.69945
-1.70574
-1.70835
-1.71068
-1.71577
-1.71925
-1.72035
-1.72183
-1.72442
-1.72914
-1.73526
-1.74028
-1.74089
-1.73969
-1.73835
-1.73743
-1.73675
-1.73629
-1.73629
-1.73619
-1.73488
-1.73565
-1.73343
-1.73029
-1.72773
-1.72494
-1.72258
-1.72105
-1.72513
-1.72633
-1.72525
-1.72397
-1.72313
-1.7223
-1.72133
-1.71885
-1.71754
-1.71721
-1.71548
-1.7154
-1.71593
-1.72185
-1.72575
-1.72956
-1.73194
-1.73351
-1.73444
-1.73543
-1.73733
-1.74041
-1.74421
-1.74591
-1.74819
-1.74815
-1.74825
-1.74865
-1.74938
-1.75042
-1.75144
-1.75368
-1.7552
-1.75259
-1.75194
-1.74977
-1.74725
-1.74513
-1.74442
-1.74251
-1.74164
-1.74079
-1.73968
-1.73874
-1.7381
-1.73727
-1.73632
-1.73535
-1.73385
-1.73254
-1.73261
-1.73321
-1.73296
-1.73824
-1.74279
-1.7459
-1.74701
-1.74877
-1.75036
-1.75187
-1.75361
-1.75581
-1.75591
-1.75625
-1.75848
-1.75847
-1.75908
-1.76014
-1.7615
-1.76331
-1.76558
-1.76861
-1.7709
-1.7686
-1.76941
-1.76775
-1.76461
-1.7623
-1.7609
-1.759
-1.75757
-1.75626
-1.75503
-1.75226
-1.75146
-1.75144
-1.7509
-1.75112
-1.75124
-1.75129
-1.75145
-1.75115
-1.75074
-1.76074
-1.76231
-1.7655
-1.76434
-1.76585
-1.76631
-1.76859
-1.77085
-1.77241
-1.77275
-1.77201
-1.77145
-1.77176
-1.77269
-1.77325
-1.77406
-1.77579
-1.77794
-1.78042
-1.78416
-1.78702
-1.78749
-1.78378
-1.78171
-1.77933
-1.77664
-1.77493
-1.77351
-1.77217
-1.77106
-1.76973
-1.76829
-1.76781
-1.76747
-1.76728
-1.76721
-1.76726
-1.76723
-1.76723
-1.7661
-1.77899
-1.77955
-1.78442
-1.78472
-1.78429
-1.78008
-1.78353
-1.78634
-1.78748
-1.78824
-1.78831
-1.78873
-1.7877
-1.78723
-1.78715
-1.78788
-1.7891
-1.78931
-1.79048
-1.79203
-1.79372
-1.79593
-1.79567
-1.79388
-1.79194
-1.79028
-1.78918
-1.78834
-1.78729
-1.78659
-1.7858
-1.78534
-1.78418
-1.78341
-1.78368
-1.78399
-1.78381
-1.78368
-1.78354
-1.78261
-1.79663
-1.80033
-1.80068
-1.80303
-1.80536
-1.7959
-1.79798
-1.80173
-1.80252
-1.80316
-1.80356
-1.80389
-1.80398
-1.80373
-1.80402
-1.80326
-1.80261
-1.80366
-1.80441
-1.80584
-1.80742
-1.80758
-1.80769
-1.80692
-1.80551
-1.80451
-1.80384
-1.80311
-1.80267
-1.80224
-1.80173
-1.80142
-1.8012
-1.79928
-1.79959
-1.80027
-1.80008
-1.79996
-1.79989
-1.79982
-1.81201
-1.81347
-1.81407
-1.81468
-1.81668
-1.80913
-1.81856
-1.81853
-1.81859
-1.81894
-1.81918
-1.81928
-1.81946
-1.81993
-1.81985
-1.82018
-1.81947
-1.82102
-1.81841
-1.81957
-1.82138
-1.82047
-1.8203
-1.8202
-1.81943
-1.81963
-1.81943
-1.81892
-1.81839
-1.81793
-1.81754
-1.81723
-1.81698
-1.81664
-1.81552
-1.81634
-1.81607
-1.81597
-1.81603
-1.81584
-1.82703
-1.82738
-1.82814
-1.82881
-1.83016
-1.82379
-1.83264
-1.83283
-1.83311
-1.83374
-1.83403
-1.83455
-1.83477
-1.83473
-1.83316
-1.83293
-1.83407
-1.83572
-1.83625
-1.83705
-1.83769
-1.83754
-1.83576
-1.83536
-1.83478
-1.83453
-1.83446
-1.83419
-1.83381
-1.83346
-1.83308
-1.83285
-1.83267
-1.83257
-1.83193
-1.83182
-1.83147
-1.83128
-1.83111
-1.83117
-1.84293
-1.84239
-1.8414
-1.84094
-1.84105
-1.84717
-1.84769
-1.84794
-1.84874
-1.84895
-1.84953
-1.85052
-1.8507
-1.85063
-1.84999
-1.84951
-1.84914
-1.85005
-1.85138
-1.85229
-1.85348
-1.85307
-1.85165
-1.85089
-1.85054
-1.85022
-1.84983
-1.8495
-1.84911
-1.84884
-1.84851
-1.84832
-1.84809
-1.84794
-1.84775
-1.84733
-1.84698
-1.847
-1.84683
-1.84684
-1.85907
-1.85907
-1.85841
-1.8583
-1.8641
-1.86406
-1.86362
-1.86395
-1.86387
-1.86448
-1.86536
-1.86603
-1.86641
-1.86664
-1.86661
-1.8664
-1.86637
-1.86424
-1.86746
-1.86746
-1.86732
-1.86679
-1.86618
-1.86566
-1.86543
-1.86512
-1.86487
-1.86461
-1.8643
-1.86409
-1.8639
-1.86371
-1.86355
-1.8634
-1.86325
-1.86312
-1.86271
-1.86236
-1.86234
-1.8623
-1.8766
-1.8744
-1.87539
-1.87752
-1.87761
-1.87791
-1.87813
-1.87876
-1.87928
-1.87981
-1.88034
-1.88074
-1.881
-1.88129
-1.88159
-1.88189
-1.88205
-1.88223
-1.88195
-1.88166
-1.88139
-1.88108
-1.88076
-1.88054
-1.88035
-1.88015
-1.87995
-1.87975
-1.87954
-1.87935
-1.87917
-1.87901
-1.87887
-1.87874
-1.87864
-1.87858
-1.8785
-1.87844
-1.87835
-1.87778
-1.89041
-1.8933
-1.89345
-1.89367
-1.89376
-1.89376
-1.89417
-1.89431
-1.89452
-1.89472
-1.89493
-1.89512
-1.89527
-1.89536
-1.89574
-1.89609
-1.89635
-1.89623
-1.89599
-1.89577
-1.89561
-1.89553
-1.89543
-1.89534
-1.89522
-1.89508
-1.89493
-1.89479
-1.89464
-1.89449
-1.89436
-1.89423
-1.89412
-1.89403
-1.89395
-1.89389
-1.89385
-1.89382
-1.89383
-1.89382
-1.90712
-1.90843
-1.90857
-1.90869
-1.9087
-1.90906
-1.90931
-1.90946
-1.90959
-1.9097
-1.9098
-1.90989
-1.90998
-1.91009
-1.91027
-1.91044
-1.91062
-1.91064
-1.91058
-1.91048
-1.91039
-1.91031
-1.91024
-1.91018
-1.91009
-1.91
-1.9099
-1.90979
-1.90968
-1.90958
-1.90949
-1.9094
-1.90933
-1.90926
-1.90921
-1.90917
-1.90914
-1.90913
-1.90913
-1.90914
-1.92807
-1.9261
-1.92541
-1.92522
-1.92511
-1.92497
-1.92487
-1.92479
-1.92475
-1.92475
-1.92476
-1.92478
-1.92483
-1.92491
-1.92503
-1.92515
-1.92524
-1.92528
-1.92527
-1.92523
-1.92518
-1.92514
-1.92509
-1.92504
-1.92498
-1.92492
-1.92485
-1.92478
-1.92472
-1.92465
-1.92459
-1.92454
-1.92449
-1.92445
-1.92442
-1.92439
-1.92437
-1.92437
-1.92438
-1.92438
-1.93691
-1.93864
-1.93901
-1.9396
-1.93978
-1.93987
-1.93988
-1.93987
-1.93985
-1.93984
-1.93983
-1.93983
-1.93985
-1.93988
-1.93992
-1.93997
-1.94
-1.94002
-1.94003
-1.94001
-1.94
-1.93997
-1.93995
-1.93992
-1.93988
-1.93985
-1.93982
-1.93978
-1.93975
-1.93972
-1.93969
-1.93966
-1.93963
-1.93961
-1.93958
-1.93956
-1.93954
-1.93953
-1.93952
-1.93951
-1.95705
-1.96002
-1.95798
-1.95716
-1.95628
-1.95576
-1.95541
-1.9552
-1.95505
-1.95496
-1.95489
-1.95484
-1.95481
-1.95479
-1.95479
-1.95479
-1.95479
-1.9548
-1.95479
-1.95479
-1.95479
-1.95478
-1.95478
-1.95477
-1.95477
-1.95477
-1.95477
-1.95476
-1.95476
-1.95475
-1.95474
-1.95473
-1.95472
-1.95471
-1.9547
-1.95468
-1.95466
-1.95463
-1.95461
-1.9546
813.629
810.303
799.324
782.079
757.684
739.266
732.596
727.633
732.735
734.61
736.801
739.592
742.829
746.669
753.232
757.758
763.61
770.647
776.765
780.865
785.254
787.745
788.455
788.964
789.338
790.109
791.306
792.717
794.091
795.543
796.094
795.79
791.321
783.719
776.37
769.868
763.62
758.494
754.227
752.136
771.653
767.445
756.632
739.166
712.353
708.622
707.395
703.471
709.461
712.821
715.396
717.949
720.75
726.871
730.221
735.299
741.301
747.436
757.23
760.371
763.77
766.284
767.324
767.802
768.104
768.59
769.32
770.633
771.704
773.383
773.273
769.082
764.299
758.406
752.313
746.346
740.448
735.873
731.855
730.446
734.107
727.386
719.007
703.19
686.347
680.929
679.36
682.664
686.434
688.567
692.799
695.782
698.1
700.718
704.395
708.546
714.321
722.427
728.848
736.175
739.369
742.102
743.315
744.254
744.811
745.288
745.566
745.963
748.905
746.959
744.592
740.704
734.68
728.754
722.406
717.311
712.304
708.686
705.404
705.296
697.093
692.645
685.739
677.2
668.867
662.479
661.447
664.382
667.857
668.573
670.705
673.002
674.125
674.966
675.311
681.53
686.067
695.008
703.029
709.764
713.372
716.054
717.705
718.644
719.035
719.607
720.542
721.751
719.52
714.996
711.844
706.821
700.594
694.457
693.133
683.862
682.15
680.138
677.531
676.361
669.553
661.624
657.108
652.27
648.815
646.187
646.032
649.277
652.806
649.624
651.988
654.804
653.462
655.679
657.867
664.212
669.714
673.017
679.028
684.634
687.845
689.849
690.807
691.026
691.448
698.789
695.566
692.444
689.193
685.194
680.685
674.778
669.374
665.879
660.751
655.016
654.272
655.351
655.983
655.183
645.318
637.206
632.374
628.761
626.878
623.032
623.726
632.091
636.889
627.303
637.589
639.211
642.299
644.246
646.521
649.876
652.725
655.493
659.894
662.797
664.583
665.299
665.349
666.211
669.726
670.826
667.659
666.018
663.47
659.418
654.863
649.822
646.963
643.896
640.063
636.853
637.343
638.936
639.462
639.858
623.77
623.816
614.262
616.753
609.616
608.707
600.492
616.974
606.07
615.642
621.416
623.983
629.525
631.995
634.235
636.494
637.053
638.906
640.892
642.452
643.191
643.177
642.926
645.227
646.101
645.141
644.109
642.048
639.567
636.165
632.638
629.051
627.897
625.644
623.205
621.136
620.338
622.366
624.739
623.911
614.613
611.569
611.391
612.466
601.106
609.386
603.869
606.664
599.778
602.789
606.237
609.741
617.612
619.997
618.678
620.029
620.742
621.797
622.836
623.247
623.157
623.584
623.961
624.224
623.995
623.081
621.514
619.392
617.06
614.18
611.05
608.173
606.279
606.173
607.173
605.203
602.019
602.141
602.215
601.943
599.888
605.648
597.603
597.57
595.514
593.457
595.756
595.171
593.47
593.078
593.184
594.028
596.009
599.217
600.265
602.647
603.95
605.155
605.817
604.65
605.102
605.932
605.605
604.758
603.732
601.994
599.992
597.624
595.352
592.775
589.955
587.287
585.02
583.418
582.445
581.986
581.661
582.067
582.26
582.174
590.755
601.803
585.361
584.864
583.57
581.36
580.059
578.183
577.548
577.079
576.763
575.947
578.814
582.709
584.433
585.364
586.45
588.112
588.19
587.028
587.5
588.156
587.571
586.134
584.048
581.302
579.074
576.512
574.161
571.721
569.229
567.018
565.171
563.745
562.774
562.235
562.003
561.98
562.076
561.988
577.528
576.813
576.341
572.737
570.843
568.309
565.461
567.836
560.16
561.293
560.752
562.373
563.331
565.151
566.582
567.123
568.43
569.36
569.337
569.865
567.87
570.012
572.185
567.281
563.636
560.426
557.673
554.994
552.51
550.198
548.503
546.356
544.606
543.288
542.358
541.76
541.415
541.42
541.496
541.317
572.807
570.914
574.281
563.288
561.968
560.517
558.273
555.313
553.759
553.551
552.825
553.891
552.762
550.796
551.813
550.411
550.118
550.164
548.54
548.235
546.884
545.683
544.979
542.732
540.387
537.716
535.08
532.538
530.225
528.175
526.205
524.351
522.725
521.512
520.479
519.699
519.284
519.258
519.521
519.758
574.115
569.099
570.795
568.528
561.949
556.922
554.66
552.573
550.968
549.232
547.428
545.64
544.362
540.024
537.533
534.653
532.174
530.355
527.49
526.446
524.743
522.97
521.148
519.027
516.686
514.353
511.957
509.504
507.363
505.629
503.759
501.91
500.162
498.514
497.432
496.349
495.914
496.538
498.082
499.398
575.82
565.21
563.232
559.371
555.044
551.142
548.952
546.917
544.926
543.011
540.511
537.527
533.688
526.8
522.598
518.221
513.833
509.651
505.733
503.82
501.654
499.232
496.898
494.29
492.093
489.922
487.642
485.586
483.876
482.234
480.482
478.789
476.443
474.738
473.599
472.238
470.912
471.526
475.563
480.745
572.085
558.935
554.518
550.105
545.445
541.056
538.7
538.462
535.544
532.378
528.318
523.6
518.194
512.637
506.803
500.905
495.641
489.876
484.667
481.312
478.094
474.573
471.037
467.748
465.217
463.462
461.172
458.844
458.033
457.834
456.268
454.416
452.183
450.003
447.825
446.595
441.549
448.365
446.285
441.641
564.073
552.284
546.771
540.922
534.883
529.19
524.237
524.285
520.393
514.495
510.646
506.022
500.921
495.622
489.491
482.801
476.177
469.089
462.704
458.006
453.754
450.701
445.791
439.086
434.478
434.046
432.617
432.029
433.5
435.028
431.847
428.065
428.329
426.943
428.676
427.239
424.372
428.724
423.935
412.792
556.517
545.485
539.309
532.096
524.18
517.417
512.239
507.412
502.87
498.518
493.585
488.457
483.439
477.709
471.862
465.292
459.452
454.447
442.729
437.671
433.907
429.865
422.129
419.967
427.954
418.206
414.513
412.287
421.184
420.363
415.165
412.521
416.704
418.236
419.734
420.286
419.784
415.803
404.522
387.721
546.682
538.366
531.513
522.865
514.704
505.798
497.547
490.764
485.614
481.339
477.395
473.355
468.708
462.154
456.12
452.113
448.429
442.656
433.502
424.304
425.713
415.218
413.503
411.496
407.153
402.916
401.286
397.109
417.536
400.103
408.437
410.953
411.777
411.817
411.452
411.583
409.485
404.281
389.866
372.145
537.415
528.365
522.962
514.19
506.368
496.784
485.822
476.942
469.335
465.452
466.883
460.431
459.097
451.721
449.209
444.015
438.28
431.722
425.177
418.286
421.572
405.189
400.715
396.165
390.457
385.629
381.595
380.262
386.608
388.869
391.469
396.779
395.682
394.308
395.778
395.888
392.318
389.932
381.886
370.71
530.367
516.651
512.234
505.612
497.385
488.325
479.427
470.586
466.236
476.754
470.867
457.199
455.704
445.495
437.738
432.066
423.668
416.321
408.72
404.615
406.816
394.45
375.828
362.394
355.301
352.307
354.621
355.294
353.408
352.464
353.843
359.81
370.428
379.644
378.087
377.861
375.697
373.299
370.67
364.38
517.709
504.759
498.843
493.405
485.815
479.077
474.179
468.876
468.572
469.298
461.356
448.366
441.433
435.58
427.363
416.303
406.093
390.723
375.784
366.167
365.313
366.247
349.744
331.36
328.027
333.282
343.127
344.738
347.286
348.452
348.771
348.491
348.04
346.883
345.746
345.966
345.951
344.347
345.617
348.311
491.929
484.942
480.863
476.212
468.498
461.977
460.452
462.765
461.652
459.717
455.223
444.857
428.781
415.516
410.619
393.974
378.01
367.733
362.655
364.385
360.387
349.375
337.517
332.254
331.791
332.36
335.27
339.905
342.902
344.575
345.293
345.35
344.943
344.147
343.477
343.126
343.19
343.606
342.971
335.271
472.805
461.547
462.322
456.907
453.037
451.439
451.172
453.321
454.899
452.446
445.301
436.282
422.609
405.975
400.255
387.084
378.023
372.901
366.051
361.938
358.087
351.411
344.558
339.805
337.452
336.725
337.504
339.318
341.54
343.104
344.039
344.234
343.898
343.36
342.784
342.281
342.047
341.269
340.466
337.472
448.271
445.901
450.196
449.342
446.558
445.576
446.572
445.675
447.296
446.935
440.386
430.642
419.537
408.71
397.179
384.142
370.398
358.265
350.512
350.159
350.058
348.877
346.457
343.143
341.056
340.403
340.868
341.4
341.998
342.621
343.02
343.052
342.988
342.96
342.686
342.084
341.52
341.011
340.044
330.806
442.321
444.043
443.801
442.338
444.352
439.335
439.721
438.523
436.362
432.864
426.085
417.562
405.829
399.074
390.263
374.288
378.069
351.294
346.809
340.377
341.975
344.253
346.235
347.294
340.835
340.63
340.844
341.405
342.444
342.311
342.388
341.654
342.083
342.61
341.848
340.617
339.031
333.043
328.864
323.899
428.721
432.736
430.81
434.551
431.92
428.166
425.975
421.905
415.553
407.939
398.636
387.004
373.315
363.56
358.202
359.929
356.884
343.218
346.45
349.411
340.265
345.564
347.948
348.651
342.131
342.929
343.128
341.981
341.113
340.813
349.393
343.748
350.311
348.53
339.213
343.048
337.206
330.24
324.075
316.257
413.523
414.103
415.477
415.887
414.503
410.312
403.608
394.723
386.35
376.835
366.32
354.926
343.262
331.047
325.217
329.717
333.896
336.692
346.48
349.263
348.501
346.521
345.584
347.073
346.727
345.544
346.09
343.491
342.402
355.289
358.171
358.71
358.625
357.222
352.884
346.77
337.817
327.353
316.496
305.307
394.533
394.308
395.126
396.585
395.98
391.465
380.303
370.065
358.827
347.833
340.778
330.841
319.584
307.431
302.269
305.537
315.346
327.38
337.685
343.81
348.598
346.918
345.48
346.477
344.963
345.503
347.498
352.368
357.135
363.346
372.569
375.77
374.28
370.009
362.872
354.062
340.151
325.126
308.465
292.163
368.853
368.494
368.164
371.449
367.083
361.927
354.312
343.469
332.639
328.593
323.297
317.179
309.017
302.257
297.6
299.404
307.823
318.132
326.874
333.977
336.599
337.482
339.87
338.376
340.549
349.151
352.334
364.138
366.209
372.022
381.954
386.496
387.337
383.242
380.09
365.434
348.245
324.413
299.679
286.536
343.495
343.047
342.091
340.358
337.849
334.789
329.456
319.391
311.832
309.427
306.075
302.46
298.581
295
292.387
294.845
300.764
308.679
317.037
322.756
325.207
327.902
330.61
333.074
338.833
347.855
350.89
371.036
370.838
377.505
393.162
399.95
403.138
399.482
395.685
388.665
360.531
322.157
288.381
267.012
315.653
315.335
314.118
312.537
310.918
310.759
309.317
301.411
295.871
292.151
291.733
288.827
285.926
284.827
285.043
287.664
289.422
288.81
295.947
300.731
305.248
312.171
312.451
317.733
323.748
331.424
339.847
365.515
366.547
376.703
382.943
393.066
407.307
409.529
410.317
380.964
334.75
292.253
250.111
215.779
286
284.891
282.703
280.05
280.791
301.736
283.914
280.045
277.318
274.816
272.417
269.539
264.625
267.034
263.372
264.261
265.418
269.873
269.576
275.749
280.737
285.627
291.799
298.515
305.166
318.546
330.753
338.099
351.229
363.279
370.906
381.406
386.163
384.264
366.451
324.987
262.395
195.034
153.868
137.063
261.75
258.414
256.408
255.877
262.107
254.952
253.02
254.498
252.556
248.894
244.882
240.096
235.915
234.492
234.926
235.741
236.666
242.259
244.912
250.225
255.279
260.842
267.227
276.434
286.373
296.368
308.394
322.977
331.379
336.141
335.273
337.382
345.474
350.086
318.157
259.558
187.894
141.503
131.791
124.636
249.028
245.696
249.944
249.238
247.282
239.947
236.055
232.16
226.571
221.204
215.354
211.183
208.658
207.029
210.017
210.231
210.332
214.523
217.578
222.181
227.662
232.299
242.418
249.021
259.973
273.869
286.853
293.691
294.164
288.392
280.664
277.957
292.612
286.096
258.409
197.42
132.625
126.786
126.424
124.376
247.283
238.254
245.062
245.281
235.798
226.194
219.668
211.96
204.12
195.704
188.306
184.092
181.455
180.652
181.042
182.348
184.345
186.789
188.977
192.652
196.142
201.75
207.356
216.967
230.13
242.979
246.928
249.624
245.54
229.375
219.401
230.651
235.897
222.535
202.738
162.974
126.343
120.041
124.089
123.103
220.076
215.042
240.858
223.006
222.86
213.293
204.592
191.731
182.304
172.626
164.406
158.645
154.735
154.329
155.507
156.855
158.316
159.173
159.721
160.261
161.015
162.05
163.821
167.698
176.09
180.727
169.712
166.875
167.187
169.6
173.278
175.578
174.858
164.223
151.948
128.772
111.011
106.678
111.418
123.033
200.111
198.675
216.226
204.12
200.06
192.363
182.312
170.803
159.953
149.528
140.587
133.91
129.06
127.062
127.45
130.211
130.962
130.309
130.159
129.874
127.459
122.064
113.694
104.059
109.609
110.851
96.9288
82.4695
83.7975
107.334
123.219
126.049
119.723
113.285
104.956
96.5163
89.9867
88.2029
89.2553
111.152
182.066
180.934
183.008
181.366
176.223
168.16
159.124
149.107
137.555
125.181
113.643
106.002
104.072
103.429
105.203
108.865
109.872
109.788
108.853
106.989
103.217
95.0683
85.6442
90.0365
89.7707
86.1272
78.393
62.116
42.6646
48.2955
77.8696
80.7099
76.6043
67.7369
61.5011
57.2022
62.1612
68.2095
77.6014
85.8457
155.902
153.273
150.817
152.935
174.031
145.343
140.45
134.243
125.183
114.83
107.338
109.758
107.534
99.5023
99.2832
99.7256
99.3837
98.3054
97.2094
95.6133
92.6849
86.8815
84.5626
89.9891
89.8409
84.8011
76.0363
65.7872
56.9657
54.5811
52.0231
64.2276
49.2779
38.0803
30.5526
23.7243
18.2214
28.6532
50.4529
62.3253
136.21
127.587
130.773
135.02
147.473
128.111
127.673
124.392
118.83
112.325
109.134
107.151
104.286
101.74
100.932
99.6518
97.2696
95.0407
92.85
90.9819
89.5667
86.7399
85.8209
92.6336
92.6215
90.1189
84.8197
78.6451
71.8028
66.7719
64.4642
58.613
55.5977
15.0305
9.79868
3.96278
-3.66758
-6.44735
-7.65375
4.93767
131.955
125.876
128.402
129.792
129.645
125.545
123.23
118.79
113.147
107.119
104.737
102.338
99.5141
97.4829
95.9317
94.0494
91.4088
89.8628
89.1031
88.1726
86.9256
85.3406
83.7143
86.2679
90.1343
92.9661
89.5477
84.6757
80.4096
74.2825
64.6183
48.1336
37.1856
7.78715
-4.06428
-13.5554
-16.1071
-21.3387
-24.213
-20.1865
132.861
129.926
128.918
127.806
125.964
124.114
119.857
113.999
106.87
100.524
98.7864
96.42
94.0506
92.1212
90.6254
89.6443
88.4641
83.0805
82.6809
83.2718
83.6746
83.842
84.2439
84.7958
84.2798
83.8628
85.8541
84.7997
79.8432
70.3819
60.1583
54.4165
34.3169
27.508
-1.71448
-16.7763
-24.8697
-31.2697
-28.5043
-26.5536
138.337
127.879
126.95
125.738
123.379
120.782
115.372
109.081
101.204
94.6598
92.5177
90.3653
88.2388
86.7588
85.5962
84.6662
83.9226
78.059
78.0787
78.7541
79.3992
80.405
82.5446
85.0423
86.6969
86.827
85.7503
84.013
79.2004
69.4184
60.3631
56.6332
37.6937
29.8317
15.9085
-0.362695
-16.4549
-22.8663
-24.0685
-23.8373
134.486
119.934
124.291
119.034
116.96
112.082
106.229
100.207
93.4048
87.2978
83.0809
82.0871
80.451
79.3523
79.2311
78.6218
74.063
73.1337
73.5098
74.2176
75.7214
78.423
81.2516
84.073
86.2755
86.3801
86.11
83.4077
75.2736
66.2418
59.7321
47.8682
40.2028
31.9144
22.3715
13.5728
8.37007
1.40841
-6.27466
-4.04163
108.163
102.294
116.73
96.9592
94.9734
92.3017
89.0792
84.822
80.3575
75.9434
71.5351
76.3177
72.5163
69.2772
67.345
66.3084
65.4974
66.1065
67.1096
68.9002
72.0079
76.2909
81.3578
88.2736
91.0508
90.3528
86.0815
81.0394
74.1217
67.5682
54.4351
50.9514
41.7407
33.6706
26.6383
20.1483
15.6192
11.8091
7.90532
7.64411
78.0941
75.795
74.4834
70.267
68.7797
67.9387
66.4335
65.0252
62.5067
59.4207
64.3767
69.9512
53.5177
56.5849
55.8734
55.5658
55.668
56.4358
57.7326
59.7292
62.991
67.5822
72.8788
81.0404
83.6565
84.9569
84.4613
77.6411
69.478
60.3536
52.972
46.7239
40.5357
32.9287
27.6395
22.4389
18.5183
15.8938
14.0717
12.2858
52.5411
51.7473
50.353
47.9676
47.633
49.4686
50.4025
48.1167
45.8761
44.3866
41.8257
49.3542
40.2364
38.7244
40.2525
40.1735
41.2335
43.3974
45.747
47.2655
48.713
51.7881
56.1068
60.3463
64.4196
67.786
67.7231
62.3192
59.6671
51.9222
45.1354
38.3363
32.3199
28.3266
25.8725
24.5258
23.9431
22.0388
20.3989
19.228
27.7925
27.0178
26.9893
27.6849
27.8972
28.5351
30.1041
30.3902
28.684
28.0961
30.9052
27.5665
24.5428
25.0136
24.8453
23.5118
25.5025
30.3499
33.1865
34.7352
36.0587
35.1501
35.2279
34.9163
36.6919
39.5605
41.8898
41.5569
40.8589
37.48
28.6741
24.5273
22.027
22.0719
23.7841
24.1149
23.4407
24.7272
27.1264
31.1947
7.03334
6.16213
6.42865
7.79866
7.5206
6.72787
9.46483
11.1064
8.71071
4.04734
1.53587
2.53311
5.97788
9.45994
10.8452
11.3796
11.6955
13.0481
15.2062
16.9373
17.2834
16.8638
16.7083
20.5473
25.3761
30.9062
33.7396
30.6241
26.5374
23.8764
23.7167
22.2991
15.5462
15.518
19.7973
22.1705
21.6571
25.8515
30.4895
38.2415
0.0651394
0.0410705
0.0585535
0.200932
0.708394
0.294614
0.096242
0.270008
-0.058912
-0.409
-0.350424
-0.278322
-0.0167103
0.437976
1.07104
1.30265
1.35083
1.55404
1.73581
1.88374
2.50278
2.07947
-1.00982
0.550047
9.84839
15.0534
17.4397
8.91214
1.09003
-3.12665
-4.25535
-1.75833
3.83658
9.53524
12.567
14.9353
18.2683
21.0257
25.0673
31.7364
-0.193348
-0.194747
-0.190826
-0.185221
-0.148275
-0.179484
-0.238
-0.341892
-0.464346
-0.527691
-0.540576
-0.539884
-0.549878
-0.594436
-0.514627
-0.368888
-0.280562
-0.2405
-0.233401
-0.224317
-0.208526
-0.173005
-0.161698
-0.12396
-0.146809
4.53091
21.0769
5.05022
-0.989646
-1.38935
-0.678133
-0.666374
-0.262874
0.939199
3.89822
4.89496
6.46208
8.71631
11.7797
19.8423
-0.226091
-0.226504
-0.230644
-0.234295
-0.207741
-0.21242
-0.235666
-0.281913
-0.339101
-0.393676
-0.434267
-0.460675
-0.48329
-0.530172
-0.523762
-0.510026
-0.468818
-0.345685
-0.447275
-0.433956
-0.397495
-0.358137
-0.263916
-0.226522
-0.387509
-0.501746
4.88601
-0.231534
-0.878422
-0.859879
-0.828992
-0.803971
-0.787766
-0.738221
-0.679355
-0.576751
-0.160288
0.43524
0.796435
2.93511
-0.263408
-0.264236
-0.28077
-0.29524
-0.323285
-0.289343
-0.310648
-0.356274
-0.398811
-0.434146
-0.482767
-0.503763
-0.525225
-0.537501
-0.566105
-0.556547
-0.543803
-0.578996
-0.59101
-0.607155
-0.603453
-0.57164
-0.574833
-0.581393
-0.679182
-0.904136
-1.1719
-1.30353
-1.06195
-0.93523
-0.82148
-0.805452
-0.841941
-0.828656
-0.767645
-0.630648
-0.35846
-0.241679
-0.184598
-0.136748
-0.284953
-0.289094
-0.308178
-0.333783
-0.385711
-0.384064
-0.414514
-0.459762
-0.499481
-0.515458
-0.529598
-0.548102
-0.584061
-0.6308
-0.679659
-0.719692
-0.733591
-0.74507
-0.739768
-0.73927
-0.737858
-0.740503
-0.749612
-0.784539
-0.846939
-0.949775
-1.03851
-1.03307
-0.954094
-0.886831
-0.857836
-0.831377
-0.806454
-0.791084
-0.727071
-0.602673
-0.559826
-0.360415
-0.331839
-0.360516
-0.292779
-0.292198
-0.316535
-0.322946
-0.449876
-0.482852
-0.493463
-0.503505
-0.51941
-0.544768
-0.587844
-0.613496
-0.647285
-0.702012
-0.797741
-0.862053
-0.908187
-0.921741
-0.908891
-0.882919
-0.865571
-0.862187
-0.874668
-0.900492
-0.925765
-0.953345
-0.956479
-0.936115
-0.909332
-0.8816
-0.83538
-0.81177
-0.782241
-0.766483
-0.744716
-0.610711
-0.485923
-0.500199
-0.497367
-0.488287
-0.303321
-0.343245
-0.333821
-0.43585
-0.532797
-0.546553
-0.553834
-0.566176
-0.591436
-0.606193
-0.643967
-0.696367
-0.757505
-0.826549
-0.899968
-0.967313
-1.01016
-1.02478
-1.01552
-0.989574
-0.967455
-0.956705
-0.963299
-0.973664
-0.988808
-0.988633
-0.966178
-0.931293
-0.898055
-0.866597
-0.833858
-0.804862
-0.777919
-0.757252
-0.726319
-0.582939
-0.302913
-0.492982
-0.508831
-0.553285
-0.338779
-0.43025
-0.456736
-0.577578
-0.588699
-0.594892
-0.612221
-0.626415
-0.65553
-0.682619
-0.711191
-0.759822
-0.815738
-0.877322
-0.942364
-1.00249
-1.03103
-1.04564
-1.04793
-1.03816
-1.02726
-1.02741
-1.03585
-1.04335
-1.05275
-1.03505
-0.998436
-0.958028
-0.918251
-0.879213
-0.845206
-0.817318
-0.793761
-0.777062
-0.764721
-0.38241
-0.459602
-0.513756
-0.54291
-0.590688
-0.522945
-0.545636
-0.586445
-0.619379
-0.624914
-0.634336
-0.651791
-0.673392
-0.698549
-0.727392
-0.762257
-0.805261
-0.856565
-0.906044
-0.965229
-1.0092
-1.0375
-1.05681
-1.06534
-1.06957
-1.06971
-1.08043
-1.09303
-1.09969
-1.09629
-1.069
-1.0292
-0.986185
-0.943628
-0.903712
-0.869599
-0.840712
-0.816965
-0.795251
-0.77879
-0.347001
-0.632685
-0.647522
-0.677503
-0.739511
-0.58798
-0.619276
-0.637965
-0.645313
-0.651487
-0.663652
-0.679992
-0.706591
-0.733794
-0.764027
-0.79958
-0.83968
-0.882309
-0.924959
-0.981728
-1.02893
-1.06192
-1.08242
-1.09805
-1.11026
-1.1181
-1.12894
-1.13827
-1.13836
-1.12255
-1.08989
-1.05052
-1.00963
-0.968899
-0.930724
-0.897945
-0.87009
-0.846127
-0.825015
-0.807102
-0.762212
-0.766952
-0.808627
-0.822231
-0.873099
-0.590669
-0.646165
-0.656487
-0.663677
-0.674427
-0.685217
-0.689482
-0.727634
-0.759263
-0.788983
-0.823548
-0.861437
-0.899177
-0.946974
-0.988958
-1.04073
-1.08839
-1.10975
-1.12605
-1.14113
-1.15385
-1.16327
-1.16618
-1.15818
-1.13674
-1.10374
-1.06696
-1.02861
-0.991447
-0.956708
-0.925335
-0.898415
-0.877882
-0.862519
-0.846995
-0.827201
-0.828086
-0.892622
-0.87848
-0.896222
-0.609496
-0.655231
-0.660513
-0.673535
-0.687937
-0.703408
-0.711328
-0.746245
-0.784644
-0.811216
-0.840799
-0.87547
-0.911376
-0.950994
-0.999679
-1.05076
-1.08909
-1.11211
-1.12682
-1.14001
-1.15028
-1.1573
-1.15927
-1.15209
-1.13476
-1.10936
-1.07899
-1.04773
-1.01727
-0.988728
-0.963594
-0.941248
-0.916079
-0.899046
-0.891913
-0.886027
-0.854677
-0.908048
-0.874623
-0.863611
-0.631377
-0.644708
-0.652443
-0.671133
-0.694605
-0.71852
-0.742186
-0.76282
-0.796494
-0.827352
-0.853543
-0.883069
-0.915984
-0.952826
-1.00259
-1.05107
-1.08974
-1.11176
-1.11825
-1.12674
-1.1343
-1.14068
-1.14246
-1.13724
-1.12526
-1.10795
-1.0877
-1.06599
-1.04351
-1.02143
-0.999171
-0.978326
-0.95942
-0.943293
-0.933108
-0.881858
-0.89158
-0.881386
-0.843864
-0.825708
-0.584764
-0.615374
-0.631876
-0.664677
-0.701597
-0.733786
-0.759586
-0.782413
-0.791193
-0.839611
-0.862577
-0.887156
-0.917334
-0.949805
-0.994693
-1.04031
-1.07762
-1.10034
-1.11367
-1.12661
-1.1289
-1.1316
-1.13241
-1.12794
-1.11618
-1.09706
-1.09138
-1.0757
-1.05875
-1.04042
-1.02153
-1.0027
-0.984429
-0.96632
-0.942631
-0.920922
-0.906363
-0.865678
-0.831634
-0.811936
-0.535356
-0.582597
-0.624422
-0.67688
-0.729423
-0.767374
-0.794454
-0.81275
-0.822753
-0.827378
-0.877452
-0.89368
-0.925802
-0.947135
-0.985824
-1.02223
-1.05311
-1.07585
-1.09414
-1.11132
-1.11589
-1.12016
-1.12674
-1.12122
-1.1095
-1.09783
-1.0898
-1.07945
-1.06518
-1.04933
-1.03254
-1.01422
-0.992314
-0.97312
-0.955268
-0.931601
-0.903119
-0.872995
-0.846615
-0.835865
-0.458303
-0.597471
-0.738007
-0.827197
-0.859142
-0.865666
-0.869099
-0.875259
-0.884645
-0.877987
-0.924301
-0.9279
-0.944789
-0.96193
-0.991519
-1.02204
-1.04733
-1.07031
-1.09017
-1.11069
-1.10835
-1.11137
-1.11716
-1.11763
-1.11058
-1.10219
-1.09476
-1.08586
-1.07241
-1.05802
-1.04254
-1.02299
-1.00464
-0.98667
-0.967331
-0.944707
-0.918234
-0.889994
-0.867703
-0.870582
-0.522891
-0.80135
-0.767616
-1.02974
-1.02206
-1.01216
-0.99192
-0.978309
-0.973586
-0.95049
-0.977766
-0.987982
-0.994569
-1.01024
-1.02602
-1.0433
-1.06211
-1.08284
-1.08492
-1.1031
-1.10268
-1.11086
-1.11881
-1.11384
-1.11146
-1.10224
-1.103
-1.09285
-1.08045
-1.06723
-1.05279
-1.03644
-1.01745
-0.998142
-0.981242
-0.966838
-0.939782
-0.913967
-0.896973
-0.888267
0.515977
0.662735
0.280639
-0.915477
-1.13854
-1.15466
-1.12265
-1.08759
-1.06409
-1.04649
-1.03918
-1.05931
-1.04257
-1.05035
-1.07028
-1.07581
-1.10524
-1.10042
-1.10437
-1.12225
-1.11603
-1.11513
-1.11501
-1.12057
-1.11305
-1.11102
-1.10627
-1.09916
-1.08935
-1.07793
-1.06471
-1.04903
-1.03052
-1.01079
-0.997607
-0.986096
-0.961211
-0.937681
-0.916685
-0.903329
0.401231
0.478603
0.236599
-0.27977
-1.35122
-1.29208
-1.24062
-1.19496
-1.16332
-1.14354
-1.12576
-1.10772
-1.11749
-1.0878
-1.11608
-1.10269
-1.13646
-1.13511
-1.13645
-1.13998
-1.14324
-1.13325
-1.1249
-1.13845
-1.13366
-1.12713
-1.12031
-1.1129
-1.10419
-1.09398
-1.08152
-1.06443
-1.04626
-1.03076
-1.01789
-0.997966
-0.984699
-0.961734
-0.939756
-0.916926
0.0481122
0.060377
0.0489547
0.124941
-1.34184
-1.34785
-1.31497
-1.27712
-1.24606
-1.22347
-1.21112
-1.18949
-1.17718
-1.17298
-1.16978
-1.17009
-1.16332
-1.16394
-1.16589
-1.16952
-1.15835
-1.16211
-1.15575
-1.15276
-1.15025
-1.14636
-1.14074
-1.13387
-1.12667
-1.1192
-1.1037
-1.08659
-1.07046
-1.05342
-1.03706
-1.02207
-0.988669
-0.970879
-0.957098
-0.938898
-0.0440018
0.100182
0.364838
-0.419641
-1.26115
-1.38151
-1.36488
-1.33644
-1.31112
-1.29107
-1.27627
-1.26857
-1.24782
-1.2337
-1.22254
-1.21461
-1.20675
-1.1945
-1.19279
-1.20339
-1.19026
-1.18626
-1.18714
-1.17588
-1.17207
-1.16693
-1.16194
-1.15751
-1.15387
-1.15018
-1.14331
-1.12514
-1.1135
-1.10159
-1.08208
-1.07047
-1.03677
-1.01824
-1.005
-0.983053
-0.355218
-1.13497
-1.27609
-1.40447
-1.2227
-1.44177
-1.4139
-1.38626
-1.36384
-1.34532
-1.33078
-1.32028
-1.30972
-1.29411
-1.27676
-1.26024
-1.24301
-1.23475
-1.23219
-1.22922
-1.23086
-1.22006
-1.21146
-1.20795
-1.19895
-1.193
-1.18731
-1.18234
-1.17979
-1.17978
-1.1813
-1.17432
-1.16489
-1.14805
-1.13353
-1.12033
-1.0981
-1.07726
-1.05795
-1.04258
-1.4905
-1.46333
-1.44724
-1.42545
-1.40776
-1.42748
-1.43243
-1.415
-1.39974
-1.38502
-1.37176
-1.3601
-1.35083
-1.34043
-1.32678
-1.30842
-1.29112
-1.27414
-1.26116
-1.26225
-1.25603
-1.25538
-1.25219
-1.2293
-1.22394
-1.22301
-1.21244
-1.21103
-1.2099
-1.20833
-1.21413
-1.20433
-1.20905
-1.20202
-1.18834
-1.17439
-1.15845
-1.14131
-1.12479
-1.10982
-1.49428
-1.49091
-1.48905
-1.46837
-1.43395
-1.40674
-1.45483
-1.44253
-1.43176
-1.41564
-1.4009
-1.38817
-1.37763
-1.36845
-1.35854
-1.34794
-1.33958
-1.33144
-1.31411
-1.3019
-1.29083
-1.28367
-1.28072
-1.25474
-1.26803
-1.25799
-1.2539
-1.25378
-1.25052
-1.25227
-1.25877
-1.24951
-1.25653
-1.25131
-1.23539
-1.23304
-1.2243
-1.21062
-1.19577
-1.18114
-1.50351
-1.50417
-1.50484
-1.43576
-1.41099
-1.45718
-1.52031
-1.491
-1.4775
-1.43926
-1.42018
-1.40946
-1.39797
-1.38822
-1.37893
-1.36978
-1.36099
-1.35192
-1.3423
-1.33509
-1.3271
-1.32195
-1.31639
-1.29504
-1.29254
-1.29057
-1.28454
-1.29448
-1.30483
-1.30596
-1.30364
-1.30231
-1.30489
-1.30197
-1.29653
-1.29449
-1.29011
-1.2786
-1.26235
-1.24725
-1.51219
-1.51353
-1.51336
-1.45028
-1.43722
-1.54069
-1.60004
-1.54389
-1.52187
-1.47961
-1.45001
-1.43132
-1.41741
-1.40518
-1.3945
-1.38674
-1.37983
-1.37336
-1.36843
-1.35041
-1.35473
-1.34205
-1.34658
-1.33757
-1.33344
-1.32826
-1.32571
-1.33025
-1.32971
-1.32842
-1.33264
-1.33664
-1.33974
-1.339
-1.33497
-1.32997
-1.32557
-1.32231
-1.31331
-1.29862
-1.52125
-1.52548
-1.53329
-1.53433
-1.4743
-1.60813
-1.61731
-1.57072
-1.54008
-1.4998
-1.46873
-1.44943
-1.43366
-1.42238
-1.41161
-1.40349
-1.39806
-1.39171
-1.38341
-1.37954
-1.37639
-1.3777
-1.36838
-1.36926
-1.37729
-1.37219
-1.36807
-1.36458
-1.36228
-1.36105
-1.36037
-1.35944
-1.36049
-1.35845
-1.35434
-1.34985
-1.3453
-1.34099
-1.33645
-1.32772
-1.51519
-1.51994
-1.52594
-1.53368
-1.55826
-1.57434
-1.57157
-1.5507
-1.52494
-1.4974
-1.47393
-1.45605
-1.44202
-1.43149
-1.42452
-1.41989
-1.413
-1.40705
-1.4067
-1.4071
-1.40614
-1.40937
-1.4076
-1.40755
-1.41067
-1.41052
-1.40815
-1.40249
-1.3973
-1.39149
-1.38532
-1.38076
-1.37867
-1.37499
-1.36964
-1.36353
-1.35765
-1.35266
-1.34806
-1.34267
-1.49416
-1.49482
-1.50092
-1.50889
-1.51793
-1.52311
-1.51796
-1.5054
-1.49262
-1.47863
-1.46244
-1.45338
-1.45075
-1.43756
-1.43645
-1.43456
-1.42603
-1.43504
-1.43927
-1.44096
-1.44253
-1.44319
-1.44349
-1.44299
-1.4419
-1.44037
-1.43794
-1.4342
-1.43337
-1.42493
-1.41698
-1.40837
-1.4002
-1.39622
-1.38883
-1.38053
-1.37305
-1.3676
-1.36279
-1.35877
-1.4781
-1.47617
-1.47377
-1.47952
-1.47933
-1.47591
-1.46705
-1.45871
-1.45712
-1.45807
-1.45621
-1.45886
-1.45721
-1.45309
-1.45232
-1.45492
-1.46045
-1.46333
-1.46674
-1.4703
-1.47353
-1.47605
-1.47804
-1.47835
-1.47649
-1.47245
-1.46762
-1.46288
-1.4608
-1.45711
-1.44974
-1.44104
-1.42982
-1.42424
-1.41362
-1.40382
-1.39619
-1.38953
-1.38451
-1.38198
-1.47734
-1.481
-1.47668
-1.47334
-1.46301
-1.43772
-1.42587
-1.4239
-1.43125
-1.44553
-1.45655
-1.46416
-1.4695
-1.46801
-1.47331
-1.4772
-1.48307
-1.48943
-1.49563
-1.50117
-1.50599
-1.51006
-1.5134
-1.51494
-1.51327
-1.50831
-1.50219
-1.49661
-1.49317
-1.49017
-1.48867
-1.48112
-1.46703
-1.45577
-1.44118
-1.43389
-1.42614
-1.41681
-1.41305
-1.39527
-1.49428
-1.49687
-1.4905
-1.49072
-1.47418
-1.47778
-1.42271
-1.42451
-1.43618
-1.45911
-1.47391
-1.48156
-1.48957
-1.49245
-1.49661
-1.50265
-1.51014
-1.51795
-1.52538
-1.53188
-1.53726
-1.54134
-1.54385
-1.54486
-1.54384
-1.54012
-1.53486
-1.53123
-1.52283
-1.5225
-1.51949
-1.51252
-1.50048
-1.48522
-1.47887
-1.46246
-1.45741
-1.44602
-1.44384
-1.40923
-1.525
-1.51893
-1.51763
-1.51451
-1.50991
-1.51032
-1.50798
-1.44766
-1.46732
-1.5215
-1.51142
-1.50913
-1.51745
-1.51822
-1.52228
-1.52926
-1.53763
-1.54601
-1.55335
-1.55907
-1.56325
-1.5658
-1.56682
-1.56652
-1.56538
-1.56333
-1.56098
-1.56203
-1.56027
-1.55957
-1.5528
-1.53919
-1.52784
-1.52022
-1.50784
-1.49813
-1.49317
-1.47731
-1.47423
-1.44219
-1.55301
-1.54477
-1.54747
-1.54477
-1.54466
-1.54544
-1.55037
-1.53095
-1.5218
-1.5929
-1.56184
-1.55204
-1.54413
-1.5452
-1.54864
-1.55565
-1.56462
-1.57248
-1.57892
-1.58313
-1.58636
-1.58769
-1.5878
-1.58608
-1.58632
-1.5857
-1.58382
-1.58315
-1.58074
-1.57702
-1.56988
-1.5609
-1.55389
-1.54466
-1.536
-1.52826
-1.52262
-1.50909
-1.50478
-1.47848
-1.57891
-1.57211
-1.57388
-1.57323
-1.57607
-1.57949
-1.58791
-1.58747
-1.53866
-1.60066
-1.57771
-1.57194
-1.56759
-1.56901
-1.57376
-1.58022
-1.58787
-1.59521
-1.60088
-1.60471
-1.60723
-1.60799
-1.60693
-1.60474
-1.60437
-1.60354
-1.60239
-1.60232
-1.59637
-1.59307
-1.59135
-1.58435
-1.57284
-1.57032
-1.56404
-1.55597
-1.54567
-1.54038
-1.53501
-1.51158
-1.60656
-1.60829
-1.59653
-1.59833
-1.59777
-1.59612
-1.59588
-1.59489
-1.5821
-1.59122
-1.57652
-1.57189
-1.58017
-1.59244
-1.59899
-1.60368
-1.60974
-1.61544
-1.62016
-1.6232
-1.6252
-1.62563
-1.62284
-1.62357
-1.62407
-1.62418
-1.62404
-1.62365
-1.61863
-1.61727
-1.61228
-1.60467
-1.59728
-1.59176
-1.58498
-1.57884
-1.57345
-1.56863
-1.55687
-1.54996
-1.6354
-1.63862
-1.62935
-1.62859
-1.62682
-1.62043
-1.61216
-1.60336
-1.59242
-1.59045
-1.58097
-1.59022
-1.61862
-1.62747
-1.62234
-1.62265
-1.62842
-1.63326
-1.638
-1.64123
-1.6435
-1.64495
-1.64243
-1.64301
-1.64378
-1.64442
-1.64454
-1.64339
-1.64009
-1.63597
-1.6304
-1.6241
-1.61781
-1.61317
-1.60813
-1.60393
-1.60176
-1.59731
-1.59128
-1.60214
-1.66026
-1.66711
-1.66749
-1.67618
-1.67759
-1.6789
-1.68124
-1.6867
-1.69924
-1.7073
-1.71168
-1.63894
-1.68382
-1.68685
-1.66333
-1.65242
-1.65454
-1.65711
-1.6596
-1.66198
-1.66348
-1.66449
-1.6649
-1.66535
-1.66473
-1.66491
-1.66447
-1.66292
-1.659
-1.65353
-1.647
-1.64111
-1.63734
-1.63223
-1.62806
-1.62501
-1.62375
-1.62493
-1.62698
-1.6282
-1.68121
-1.68959
-1.69733
-1.71788
-1.72643
-1.73972
-1.75517
-1.76918
-1.78085
-1.78962
-1.79518
-1.7496
-1.74289
-1.75117
-1.70464
-1.68668
-1.68688
-1.68599
-1.6856
-1.68585
-1.68534
-1.68476
-1.68422
-1.68335
-1.6828
-1.68478
-1.68255
-1.68021
-1.67644
-1.67149
-1.66638
-1.66229
-1.65562
-1.65097
-1.64772
-1.646
-1.64608
-1.64753
-1.64869
-1.65151
-1.69897
-1.70736
-1.71643
-1.73916
-1.75452
-1.77636
-1.80281
-1.82937
-1.85504
-1.87024
-1.82809
-1.84337
-1.84555
-1.78893
-1.74763
-1.72636
-1.71995
-1.71592
-1.71321
-1.71115
-1.70842
-1.70627
-1.70432
-1.70241
-1.70038
-1.69851
-1.69764
-1.69499
-1.69259
-1.6906
-1.68757
-1.68272
-1.67806
-1.67438
-1.67284
-1.67021
-1.66965
-1.67253
-1.67685
-1.6774
-1.71263
-1.71929
-1.72477
-1.74438
-1.75845
-1.7784
-1.80265
-1.82745
-1.84894
-1.86275
-1.86738
-1.85694
-1.83504
-1.80253
-1.774
-1.75617
-1.74839
-1.74316
-1.73961
-1.736
-1.73249
-1.72961
-1.72625
-1.7247
-1.71668
-1.71214
-1.7172
-1.71423
-1.71383
-1.7125
-1.71187
-1.7101
-1.70298
-1.69891
-1.69716
-1.69717
-1.69761
-1.69823
-1.69883
-1.70012
-1.72234
-1.72868
-1.72713
-1.74771
-1.75801
-1.77066
-1.78613
-1.79923
-1.81116
-1.81769
-1.81811
-1.81266
-1.80156
-1.79162
-1.78092
-1.77367
-1.76879
-1.76587
-1.76326
-1.76007
-1.75716
-1.75473
-1.74834
-1.74343
-1.74063
-1.7377
-1.73428
-1.73212
-1.73611
-1.73698
-1.73151
-1.73854
-1.73012
-1.72875
-1.72985
-1.73051
-1.73058
-1.73124
-1.73425
-1.73494
-1.73618
-1.74142
-1.73511
-1.75303
-1.75915
-1.7662
-1.77489
-1.78256
-1.78969
-1.79369
-1.79576
-1.79579
-1.79375
-1.79072
-1.78894
-1.78817
-1.78763
-1.78156
-1.78628
-1.7832
-1.78234
-1.77983
-1.77265
-1.76951
-1.76733
-1.76519
-1.76261
-1.76396
-1.76739
-1.76506
-1.76103
-1.76513
-1.76117
-1.76079
-1.76109
-1.76018
-1.76092
-1.7623
-1.76394
-1.76613
-1.75723
-1.75861
-1.7515
-1.76261
-1.7675
-1.77152
-1.77593
-1.78115
-1.78674
-1.79211
-1.79661
-1.79971
-1.80207
-1.80343
-1.80423
-1.80357
-1.80302
-1.80383
-1.80689
-1.80745
-1.80734
-1.80877
-1.80217
-1.79636
-1.79505
-1.79714
-1.79503
-1.79367
-1.79196
-1.78877
-1.78648
-1.7867
-1.78657
-1.78573
-1.78498
-1.78447
-1.78493
-1.7861
-1.78795
-1.79061
-1.77802
-1.77757
-1.77842
-1.77714
-1.78278
-1.78582
-1.78904
-1.79289
-1.79767
-1.80266
-1.80777
-1.81229
-1.81629
-1.81818
-1.82037
-1.82247
-1.82425
-1.82709
-1.82975
-1.83145
-1.83238
-1.83294
-1.83296
-1.83034
-1.82834
-1.82652
-1.82219
-1.81826
-1.81515
-1.81114
-1.80881
-1.80711
-1.80687
-1.80681
-1.80676
-1.80675
-1.807
-1.8078
-1.80932
-1.81111
-1.80129
-1.80095
-1.80167
-1.80419
-1.80391
-1.80446
-1.80909
-1.81223
-1.81591
-1.82019
-1.82486
-1.82927
-1.83282
-1.83566
-1.8394
-1.84265
-1.84614
-1.84977
-1.85246
-1.85485
-1.85628
-1.85616
-1.85541
-1.85458
-1.85292
-1.85054
-1.84766
-1.84423
-1.84043
-1.83633
-1.83277
-1.83068
-1.82981
-1.82963
-1.82954
-1.82949
-1.82955
-1.8297
-1.82996
-1.83015
-1.82972
-1.82922
-1.82972
-1.83035
-1.83025
-1.82978
-1.83485
-1.83718
-1.8399
-1.84328
-1.84704
-1.85129
-1.85536
-1.85831
-1.86204
-1.86532
-1.86847
-1.87198
-1.8755
-1.87829
-1.88061
-1.87816
-1.87923
-1.87771
-1.87628
-1.87426
-1.8717
-1.86864
-1.86537
-1.86216
-1.85916
-1.85646
-1.85476
-1.85384
-1.85364
-1.85338
-1.85328
-1.85327
-1.85339
-1.85371
-1.85803
-1.85796
-1.85789
-1.85787
-1.85798
-1.85851
-1.86016
-1.86239
-1.86504
-1.86812
-1.87146
-1.87528
-1.8797
-1.88384
-1.88711
-1.89003
-1.89249
-1.89573
-1.89928
-1.90201
-1.9053
-1.90364
-1.90268
-1.90119
-1.89934
-1.89715
-1.8946
-1.89176
-1.88893
-1.88636
-1.88395
-1.88144
-1.87925
-1.87892
-1.87799
-1.87715
-1.8769
-1.87663
-1.87615
-1.87551
-1.88729
-1.88728
-1.88705
-1.88704
-1.88709
-1.88746
-1.88811
-1.88971
-1.89162
-1.89427
-1.89758
-1.9008
-1.90527
-1.90966
-1.91367
-1.91606
-1.91613
-1.92119
-1.92422
-1.9263
-1.92855
-1.92831
-1.92652
-1.92498
-1.92201
-1.91923
-1.91659
-1.91374
-1.9114
-1.90934
-1.90757
-1.90586
-1.90486
-1.90388
-1.90325
-1.90309
-1.90285
-1.90311
-1.90257
-1.90422
-1.91705
-1.91703
-1.91696
-1.91695
-1.91698
-1.9172
-1.91765
-1.91834
-1.91973
-1.92174
-1.92454
-1.92781
-1.93251
-1.93786
-1.94245
-1.94584
-1.9476
-1.94893
-1.94953
-1.95044
-1.95043
-1.94973
-1.94883
-1.94846
-1.94269
-1.93858
-1.93568
-1.93388
-1.93254
-1.93133
-1.93023
-1.92925
-1.92832
-1.92751
-1.92688
-1.92641
-1.926
-1.92541
-1.92543
-1.92414
-1.94718
-1.94712
-1.94713
-1.9472
-1.94725
-1.94742
-1.94776
-1.94837
-1.94942
-1.95079
-1.95345
-1.95817
-1.96508
-1.97059
-1.97372
-1.97518
-1.97575
-1.97569
-1.97518
-1.97382
-1.9703
-1.96705
-1.96262
-1.96548
-1.96174
-1.9609
-1.95926
-1.95734
-1.95568
-1.95447
-1.95363
-1.95297
-1.95248
-1.95216
-1.95207
-1.95225
-1.9529
-1.95411
-1.9568
-1.96011
)
;

boundaryField
{
    inlet
    {
        type            calculated;
        value           nonuniform List<scalar> 10(-293.841 -294.025 -294.159 -294.287 -294.359 -294.351 -294.292 -294.163 -294.027 -293.843);
    }
    inletWall
    {
        type            calculated;
        value           nonuniform List<scalar> 
30
(
-204.733
-224.781
-244.673
-264.412
-284.031
-118.331
-133.966
-150.507
-167.413
-184.371
-25.5062
-45.7033
-65.5063
-88.3103
-114.465
-204.736
-224.782
-244.674
-264.413
-284.033
-118.3
-133.956
-150.504
-167.413
-184.378
-24.5365
-45.1991
-65.2565
-88.1477
-114.32
)
;
    }
    bottleWall
    {
        type            calculated;
        value           nonuniform List<scalar> 
290
(
784.473
767.175
749.029
727.938
701.149
688.885
683.259
670.404
661.55
653.741
647.984
636.932
589.129
507.214
461.845
454.787
463.591
477.254
484.347
482.48
482.273
481.6
486.41
498.025
497.641
489.501
459.333
407.033
350.396
301.946
280.11
278.689
271.085
248.795
228.931
210.908
194.978
175.94
151.466
126.464
99.0571
74.1983
50.1197
27.6435
16.865
0.28163
-0.610729
-0.631515
-0.674719
-0.702259
-0.743518
-0.783927
-0.822184
-0.868435
-0.913377
-0.957723
-0.995769
-1.02709
-1.06287
-1.10723
-1.13961
-1.16089
-1.18079
-1.19205
-1.23056
-1.26574
-1.29675
-1.34783
-1.39461
-1.42245
-1.43888
-1.44893
-1.46716
-1.49088
-1.52031
-1.54768
-1.57763
-1.59449
-1.60886
-1.63097
-1.65109
-1.6712
-1.68606
-1.69945
-1.71593
-1.73296
-1.75074
-1.7661
-1.78261
-1.79982
-1.81584
-1.83117
-1.84684
-1.8623
-1.87778
-1.89382
-1.90914
-1.92438
-1.93951
-1.9546
756.099
755.925
755.706
755.371
755.058
755.202
754.617
762.969
763.86
767.353
773.027
774.156
776.796
778.39
779.635
780.549
781.916
782.699
783.371
784.001
785.009
785.788
787.578
789.373
790.442
790.675
789.989
788.654
787.713
786.095
783.711
782.148
781.507
782.024
783.904
786.048
789.304
790.149
790.852
792.97
759.174
758.139
757.318
756.341
755.966
755.903
756.023
756.028
756.069
756.183
821.926
818.678
808.501
791.55
767.123
747.445
739.381
736.547
742.263
744.143
746.334
749.125
752.363
755.824
761.573
766.096
771.948
778.985
785.103
789.477
794.9
797.403
798.113
798.618
798.996
799.767
800.964
802.375
803.749
805.201
805.673
805.309
800.869
793.387
786.038
779.536
773.287
768.161
763.808
761.456
813.629
771.653
734.107
697.093
669.553
645.318
623.77
614.613
599.888
590.755
577.528
572.807
574.115
575.82
572.085
564.073
556.517
546.682
537.415
530.367
517.709
491.929
472.805
448.271
442.321
428.721
413.523
394.533
368.853
343.495
315.653
286
261.75
249.028
247.283
220.076
200.111
182.066
155.902
136.21
131.955
132.861
138.337
134.486
108.163
78.0941
52.5411
27.7925
7.03334
0.0651394
-0.193348
-0.226091
-0.263408
-0.284953
-0.292779
-0.303321
-0.338779
-0.522945
-0.58798
-0.590669
-0.609496
-0.631377
-0.584764
-0.535356
-0.458303
-0.522891
0.515977
0.401231
0.0481122
-0.0440018
-0.355218
-1.4905
-1.49428
-1.50351
-1.51219
-1.52125
-1.51519
-1.49416
-1.4781
-1.47734
-1.49428
-1.525
-1.55301
-1.57891
-1.60656
-1.6354
-1.66026
-1.68121
-1.69897
-1.71263
-1.72234
-1.73618
-1.75723
-1.77802
-1.80129
-1.82972
-1.85803
-1.88729
-1.91705
-1.94718
)
;
    }
    atmosphere
    {
        type            calculated;
        value           nonuniform List<scalar> 
80
(
-1.96268
-1.96529
-1.96205
-1.9626
-1.96292
-1.96297
-1.96287
-1.96273
-1.9626
-1.96249
-1.9624
-1.96233
-1.96228
-1.96223
-1.96221
-1.96219
-1.96218
-1.96218
-1.96218
-1.96218
-1.96218
-1.96219
-1.9622
-1.96222
-1.96223
-1.96224
-1.96225
-1.96226
-1.96227
-1.96227
-1.96228
-1.96228
-1.96228
-1.96228
-1.96228
-1.96227
-1.96226
-1.96222
-1.96211
-1.962
-1.96255
-1.96219
-1.96219
-1.9624
-1.96216
-1.96216
-1.96216
-1.96243
-1.96287
-1.9625
-1.96271
-1.96815
-1.98738
-1.99477
-1.99489
-1.99389
-1.99237
-1.99199
-1.99262
-1.99219
-1.97805
-1.97277
-1.97277
-2.07164
-1.99122
-1.96202
-1.96286
-1.96519
-1.96586
-1.96553
-1.96496
-1.96438
-1.96381
-1.96338
-1.9631
-1.96294
-1.96293
-1.963
-1.96393
-1.96977
)
;
    }
    frontAndBack
    {
        type            empty;
    }
}


// ************************************************************************* //
