/*--------------------------------*- C++ -*----------------------------------*\
  =========                 |
  \\      /  F ield         | OpenFOAM: The Open Source CFD Toolbox
   \\    /   O peration     | Website:  https://openfoam.org
    \\  /    A nd           | Version:  8
     \\/     M anipulation  |
\*---------------------------------------------------------------------------*/
FoamFile
{
    version     2.0;
    format      ascii;
    class       volScalarField;
    location    "2.9";
    object      p_rgh;
}
// * * * * * * * * * * * * * * * * * * * * * * * * * * * * * * * * * * * * * //

dimensions      [1 -1 -2 0 0 0 0];

internalField   nonuniform List<scalar> 
9150
(
2568.07
2541.01
2515.57
2498.36
2490.05
2490.03
2498.32
2515.51
2540.95
2568.01
2558.83
2539.2
2523.61
2511.78
2505.81
2505.8
2511.75
2523.56
2539.15
2558.77
2549.15
2535.51
2527.04
2519.25
2515.16
2515.15
2519.23
2527.01
2535.47
2549.1
2544.08
2533.95
2528.57
2523.18
2520.21
2520.21
2523.16
2528.54
2533.92
2544.04
2542.44
2533.35
2528.89
2524.69
2522.24
2522.23
2524.67
2528.86
2533.32
2542.4
2103.44
2100.03
2124.84
2138.75
2145.27
2145.08
2138.2
2124.02
2098.9
2101.89
2292.93
2269.08
2263.63
2262.29
2262.36
2262.26
2261.99
2263.18
2268.5
2292.35
2416.55
2385.67
2369.87
2359.93
2355.26
2355.2
2359.76
2369.62
2385.38
2416.29
2516.69
2474.96
2447.38
2429.98
2421.46
2421.43
2429.88
2447.24
2474.81
2516.57
2588.4
2534.93
2496.31
2474.22
2464.06
2464.04
2474.16
2496.22
2534.84
2588.33
1925.5
1965.75
1951.91
1958.5
1953.72
1950.9
1954.33
1943.24
1951.37
1909.31
1952.9
1969.56
1950.93
1956.95
1952.28
1950.18
1955.2
1942.87
1961.65
1941.08
1930.69
1959.28
1926.5
1934.09
1936.09
1935.1
1933.12
1920.92
1954.22
1922.86
1770.91
1894.08
1907.72
1926.78
1942.64
1942.23
1925.28
1903.92
1891.51
1764.36
1636.54
1880.57
1974.8
2004.76
2020.59
2020.3
2003.74
1973.1
1878.75
1631.84
1858.14
1858.51
1858.89
1859.28
1859.67
1860.07
1860.48
1860.89
1861.31
1861.74
1858.27
1858.64
1859.01
1859.39
1859.78
1860.17
1860.56
1860.97
1861.37
1861.78
1858.36
1858.73
1859.1
1859.47
1859.85
1860.24
1860.62
1861.02
1861.41
1861.81
1858.39
1858.75
1859.12
1859.49
1859.87
1860.25
1860.63
1861.02
1861.4
1861.8
1858.35
1858.71
1859.08
1859.45
1859.83
1860.21
1860.59
1860.98
1861.36
1861.75
1858.25
1858.62
1858.99
1859.36
1859.74
1860.13
1860.51
1860.9
1861.29
1861.68
1858.1
1858.47
1858.85
1859.23
1859.62
1860
1860.4
1860.79
1861.19
1861.59
1857.91
1858.29
1858.67
1859.06
1859.45
1859.85
1860.25
1860.65
1861.06
1861.47
1857.66
1858.05
1858.44
1858.84
1859.24
1859.65
1860.06
1860.48
1860.9
1861.32
1857.37
1857.77
1858.17
1858.58
1859
1859.42
1859.84
1860.27
1860.71
1861.15
1857.03
1857.44
1857.86
1858.28
1858.7
1859.14
1859.59
1860.03
1860.49
1860.94
1856.63
1857.06
1857.49
1857.93
1858.37
1858.82
1859.28
1859.75
1860.23
1860.7
1856.19
1856.62
1857.07
1857.52
1857.99
1858.46
1858.94
1859.43
1859.92
1860.42
1855.68
1856.14
1856.59
1857.03
1857.55
1858.05
1858.55
1859.06
1859.57
1860.1
1855.12
1855.59
1856.05
1856.51
1857.02
1857.58
1858.1
1858.62
1859.16
1859.72
1854.49
1854.98
1855.47
1855.93
1856.38
1856.96
1857.58
1858.14
1858.71
1859.3
1853.8
1854.3
1854.81
1855.34
1855.75
1855.31
1855.91
1857.6
1858.23
1858.83
1853.04
1853.56
1854.1
1854.66
1855.24
1854.34
1853.83
1856.53
1857.66
1858.3
1852.18
1852.72
1853.27
1853.84
1854.43
1853.74
1852.88
1854.53
1857.05
1857.74
1851.24
1851.79
1852.35
1852.94
1853.54
1852.58
1851.77
1852.49
1856.21
1857.07
1850.22
1850.77
1851.35
1851.95
1852.57
1851.37
1850.66
1851.32
1853.88
1856.23
1849.09
1849.66
1850.25
1850.87
1851.52
1851.38
1849.41
1850.18
1852.64
1855.2
1847.86
1848.43
1849.02
1849.63
1850.28
1850.93
1850.34
1849.07
1852.73
1854.01
1846.53
1847.1
1847.69
1848.3
1848.92
1849.57
1850.17
1848.83
1848.66
1852.46
1845.11
1845.68
1846.27
1846.87
1847.48
1848.08
1848.66
1848.24
1836.46
1837.02
1843.61
1844.2
1844.82
1845.45
1846.1
1846.73
1847.34
1847.9
1835.21
1783.96
1842.03
1842.68
1843.38
1844.13
1844.94
1845.81
1846.75
1847.8
1841.86
1750.92
1840.25
1840.93
1841.67
1842.48
1843.36
1844.31
1845.35
1846.52
1839.2
1730.4
1838.26
1838.97
1839.75
1840.6
1841.52
1842.5
1843.54
1844.65
1839.91
1731.69
1836.02
1836.76
1837.59
1838.52
1839.55
1840.68
1841.94
1843.4
1844.72
1772.81
1833.44
1834.18
1835.03
1836
1837.07
1838.19
1839.41
1840.89
1842.63
1837.47
1830.43
1831.15
1832.05
1833.16
1834.3
1835.34
1836.24
1837.42
1839.26
1841.11
1827.06
1827.7
1828.77
1830.27
1831.5
1831.97
1831.39
1830.72
1834.64
1844.95
1822.63
1821.63
1821.1
1824.52
1830.09
1831.6
1816.99
1514.65
1349.7
1354.6
1818.05
1708.99
1426.24
1414.79
1575.62
1452.9
1321.22
1326.62
1330.87
1335.35
1294.16
1295.26
1300.48
1302.98
1305
1307.1
1310.89
1312.18
1313.39
1475.18
1281.4
1283.88
1286.22
1325.45
1660.81
1733.34
1688.98
1740.76
1820.6
1836.99
1270.81
1395.65
1713.57
1780.39
1828.22
1828.16
1826.87
1826.35
1826.93
1828.75
1673.54
1804.11
1821.06
1818.53
1816.87
1816.01
1815.68
1815.91
1816.9
1818.69
1807.73
1806.68
1805.34
1804.21
1803.3
1802.81
1802.77
1803.09
1803.89
1805.48
1793.35
1792.12
1791.09
1790.4
1789.96
1789.52
1789.32
1789.32
1789.08
1789.39
1780.67
1778.48
1777.19
1777.03
1777.33
1777.16
1776.32
1774.63
1769.61
1759.52
1766.94
1761.87
1760.09
1763.9
1767.84
1769.67
1769.43
1766.52
1720.72
1471.87
1604.59
1308.28
1237.08
1349.44
1567.68
1679.52
1696.74
1625.62
1304.69
1090.3
1095.48
1083.34
1083.62
1083.1
1090.9
1091.69
1089.42
1107.2
1093.91
1083.12
1081.36
1081.99
1082.67
1083.59
1083.76
1082.79
1081.13
1079.54
1078.17
1076.13
1076.92
1077.62
1078.41
1115.23
1152.42
1189.67
1157.38
1093.31
1074.78
1065.59
1366.18
1208.57
1200.17
1567.73
1764.88
1773.18
1709.86
1630.81
1546.38
1363.79
1770.37
1749.2
1754.09
1772.08
1775.56
1780.55
1785.59
1791.14
1798.18
1802.72
1761.71
1757.62
1754.29
1754.01
1758.27
1767.29
1775.92
1782.5
1788.99
1794.66
1746.46
1711.17
1624.92
1518.76
1463.08
1600.51
1756.3
1779.58
1785.52
1789.63
1653.25
1436.35
1075.14
875.164
829.08
1037.12
1631.82
1783.6
1788.17
1789.04
1568.68
951.834
747.75
749.126
752.672
823.972
1514.32
1786.35
1788.88
1787.07
1458.52
777.492
740.064
741.053
743.268
868.003
1595.95
1784.62
1784.94
1780.14
1261.81
734.229
732.901
733.92
734.526
1218.04
1772.14
1785.83
1784.54
1750.02
973.255
722.303
724.365
725.715
866.737
1623.43
1783.73
1784.7
1783.19
1478.36
743.713
713.836
714.87
763.555
1469.71
1783.54
1783.65
1782.77
1779.64
1193.05
706.585
704.359
749.018
1428.05
1785.62
1785.02
1785.91
1785.96
1704.69
1041.17
696.365
753.867
1447.59
1787.03
1785.67
1787.15
1788.7
1789.44
1637.8
999.878
819.19
1493.23
1780.3
1781.73
1784.7
1787.32
1789.71
1791.37
1615.86
982.332
1544.97
1769.89
1775.19
1780.26
1783.88
1786.81
1789.65
1791.67
1588.61
971.108
1768.44
1782.35
1783.54
1784.9
1786.19
1787.68
1789.33
1789.98
1482.52
963.593
1788.44
1787.46
1787.04
1786.99
1787.17
1787.44
1787.32
1784.62
1318.96
972.257
1789.15
1788.77
1788.56
1788.52
1788.69
1789.07
1789.28
1786.99
1210.51
992.552
1789.45
1789.32
1789.24
1789.34
1789.72
1790.48
1791.44
1790.57
1142.51
994.188
1789.23
1788.88
1788.67
1788.7
1789.02
1789.74
1790.58
1714.45
1110.42
997.177
1787.84
1787.33
1786.92
1786.64
1786.53
1786.51
1785.72
1562.64
1092.57
1018.92
1786.59
1785.81
1785.15
1784.64
1784.29
1783.93
1782.32
1385.75
1104.59
1264.69
1784.9
1783.94
1783.02
1782.14
1781.26
1780.19
1771.13
1212.6
1105.83
1443.79
1783.76
1782.72
1781.59
1780.31
1778.53
1775.21
1436.01
1104.66
1096.2
1643.62
1784.19
1783.19
1782.23
1781.32
1780.19
1778.62
1182.57
1086.85
1230.54
1737.5
1785.58
1784.49
1783.47
1782.37
1780.69
1556.6
1039.66
1064.49
1438.61
1773.61
1787.93
1786.89
1785.93
1784.73
1782.53
1185.2
1018.1
1027.45
1648.43
1780.97
1790.74
1789.77
1788.78
1787.45
1679.44
996.401
998.004
1308.28
1765.47
1782.2
1794.17
1793.22
1791.93
1789.58
1200.68
945.447
957.855
1627.96
1787.92
1786.46
1798.37
1797.51
1796.36
1753.22
954.228
925.23
1257.72
1771.21
1790.28
1787.11
1802.93
1801.57
1799.27
1203.38
867.539
880.634
1644.09
1798.11
1795.28
1789.49
1808.56
1807.03
1789.05
901.267
849.906
1244.05
1786.36
1800.06
1796.07
1789.96
1813.86
1810.31
1199.09
791.859
805.903
1620.81
1810.35
1806.79
1799.9
1792.17
1822.07
1821.02
861.802
777.895
1104.17
1785.29
1814.12
1809.19
1801.79
1793.48
1827.54
1285.3
720.161
742.364
1553.68
1827.98
1823.4
1815.1
1805.77
1795.99
1845.95
873.708
713.31
905.727
1765.38
1833.82
1827.31
1818.24
1808.19
1797.68
1583.87
667.801
688.595
1426.13
1842.36
1839.33
1831.37
1821.25
1810.03
1798.45
959.141
645.656
689.844
1724.17
1854.82
1846.91
1836.29
1824.23
1811.08
1797.13
682.437
632.735
1285.51
1858.63
1859.91
1851.91
1841.17
1828.68
1815.2
1801.22
587.886
599.188
1692.59
1880.86
1871.35
1859.81
1846.95
1833.21
1819.32
1806.16
583.917
1111.76
1875.1
1883.97
1874.45
1862.73
1849.04
1834.13
1818.99
1804.62
563.841
1566.51
1900.35
1891.48
1880.2
1866.81
1851.26
1834.39
1817.2
1799.72
550.178
1828.29
1914.27
1900.33
1886.12
1870.57
1853.3
1835.01
1816.43
1796.26
1002.68
1914.66
1916.61
1902.83
1888.38
1872.4
1854.74
1836.04
1816.52
1794.16
1228.69
1927.09
1916.7
1903.52
1889.6
1874.16
1857.1
1838.91
1819.31
1796.98
1423.4
1924.35
1915.08
1904.21
1891.74
1877.57
1861.74
1844.71
1826.09
1805.73
1597.62
1925.23
1918.54
1909.11
1897.22
1883.88
1869.11
1853.41
1836.39
1819.05
1743.02
1944.14
1930.34
1917.62
1904.5
1891.48
1877.8
1863.62
1848.59
1814.66
1814.19
1947.2
1933.64
1920.93
1908.94
1897.85
1886.27
1874.24
1861.65
1759.99
1810.61
1937.86
1929.6
1920.07
1911.42
1903.39
1894.52
1885.07
1875.01
1750.01
1785.07
1924.32
1924.46
1919.78
1914.93
1909.59
1902.7
1895.55
1887.15
1747.8
1801.53
1930.6
1929.77
1926.28
1922.7
1918.34
1912.3
1907.3
1898.57
1753.55
1835.43
1949.79
1942.15
1937.66
1933.41
1929.54
1926.21
1926.38
1919.63
1782.59
1863.29
1967.21
1952.02
1949.33
1944.42
1941.26
1942.06
1944.18
1952.82
1837.03
1862.2
1862.69
1863.18
1863.68
1864.18
1864.69
1865.2
1865.71
1866.23
1866.74
1867.25
1867.76
1868.25
1868.74
1869.21
1869.66
1870.08
1870.49
1870.86
1871.19
1871.49
1871.74
1871.95
1872.11
1872.23
1872.3
1872.34
1872.34
1872.32
1872.28
1872.24
1872.21
1872.18
1872.18
1872.18
1872.2
1872.23
1872.26
1872.28
1872.32
1862.22
1862.69
1863.16
1863.63
1864.11
1864.59
1865.08
1865.56
1866.04
1866.52
1866.99
1867.46
1867.92
1868.37
1868.8
1869.22
1869.61
1869.99
1870.33
1870.64
1870.93
1871.17
1871.38
1871.55
1871.69
1871.79
1871.86
1871.91
1871.94
1871.97
1871.99
1872.02
1872.05
1872.09
1872.14
1872.2
1872.25
1872.3
1872.33
1872.36
1862.23
1862.69
1863.14
1863.59
1864.05
1864.51
1864.97
1865.42
1865.88
1866.33
1866.77
1867.21
1867.64
1868.06
1868.47
1868.86
1869.23
1869.58
1869.91
1870.22
1870.49
1870.74
1870.96
1871.15
1871.31
1871.44
1871.55
1871.64
1871.71
1871.78
1871.85
1871.93
1872.01
1872.09
1872.17
1872.24
1872.3
1872.34
1872.37
1872.35
1862.21
1862.65
1863.1
1863.54
1863.99
1864.43
1864.87
1865.32
1865.76
1866.19
1866.62
1867.05
1867.46
1867.87
1868.27
1868.65
1869.02
1869.37
1869.7
1870
1870.29
1870.55
1870.78
1870.99
1871.17
1871.32
1871.44
1871.55
1871.64
1871.71
1871.79
1871.87
1871.98
1872.1
1872.22
1872.32
1872.4
1872.44
1872.45
1872.35
1862.17
1862.61
1863.05
1863.49
1863.93
1864.37
1864.81
1865.24
1865.68
1866.11
1866.54
1866.96
1867.37
1867.78
1868.18
1868.56
1868.94
1869.29
1869.64
1869.96
1870.26
1870.54
1870.79
1871.02
1871.22
1871.38
1871.52
1871.63
1871.7
1871.74
1871.77
1871.84
1871.96
1872.14
1872.33
1872.49
1872.59
1872.64
1872.6
1872.43
1862.1
1862.54
1862.98
1863.42
1863.87
1864.31
1864.75
1865.19
1865.63
1866.07
1866.5
1866.92
1867.35
1867.76
1868.17
1868.56
1868.95
1869.32
1869.68
1870.03
1870.35
1870.66
1870.94
1871.19
1871.42
1871.61
1871.76
1871.87
1871.92
1871.87
1871.63
1871.51
1871.79
1872.16
1872.46
1872.72
1872.87
1872.93
1872.9
1872.7
1862.01
1862.46
1862.91
1863.36
1863.81
1864.26
1864.71
1865.16
1865.6
1866.05
1866.49
1866.93
1867.36
1867.79
1868.21
1868.63
1869.03
1869.43
1869.81
1870.18
1870.54
1870.88
1871.2
1871.5
1871.77
1872.01
1872.21
1872.35
1872.44
1872.42
1870.85
1865.29
1864.2
1868.15
1870.44
1872.95
1873.24
1873.24
1873.21
1873.11
1861.9
1862.36
1862.82
1863.28
1863.74
1864.2
1864.66
1865.13
1865.59
1866.04
1866.5
1866.95
1867.4
1867.85
1868.29
1868.73
1869.15
1869.58
1869.99
1870.39
1870.79
1871.17
1871.54
1871.91
1872.26
1872.6
1872.94
1873.27
1873.6
1873.95
1871.78
1859.54
1859.01
1858.69
1858.25
1862.99
1865.74
1869.34
1871.75
1872.93
1861.77
1862.24
1862.71
1863.19
1863.67
1864.14
1864.62
1865.1
1865.58
1866.05
1866.52
1867
1867.47
1867.93
1868.39
1868.85
1869.3
1869.75
1870.19
1870.62
1871.05
1871.48
1871.9
1872.32
1872.73
1873.15
1873.58
1874.02
1874.48
1875
1875.59
1875.25
1865.98
1860.15
1858.52
1858.54
1858.44
1858.31
1858.18
1858.09
1861.61
1862.1
1862.59
1863.08
1863.58
1864.07
1864.57
1865.07
1865.56
1866.06
1866.55
1867.04
1867.53
1868.02
1868.5
1868.98
1869.45
1869.92
1870.39
1870.85
1871.31
1871.77
1872.22
1872.68
1873.14
1873.61
1874.09
1874.59
1875.1
1875.64
1876.18
1876.7
1877.21
1877.6
1877.76
1874.68
1874.22
1874.13
1868.66
1867.59
1861.42
1861.93
1862.44
1862.96
1863.47
1863.99
1864.51
1865.03
1865.55
1866.06
1866.58
1867.09
1867.6
1868.11
1868.61
1869.11
1869.61
1870.1
1870.58
1871.06
1871.54
1872.02
1872.5
1872.98
1873.47
1873.96
1874.46
1874.98
1875.52
1876.06
1876.49
1876.55
1876.98
1877.79
1878.25
1878.48
1878.58
1878.52
1878.28
1877.85
1861.2
1861.74
1862.27
1862.81
1863.35
1863.89
1864.44
1864.98
1865.52
1866.06
1866.6
1867.14
1867.67
1868.2
1868.73
1869.24
1869.76
1870.26
1870.76
1871.26
1871.75
1872.24
1872.72
1873.21
1873.7
1874.2
1874.71
1875.23
1875.77
1876.32
1876.77
1876.9
1877.17
1877.44
1877.67
1877.83
1877.59
1878.4
1878.64
1878.23
1860.95
1861.51
1862.07
1862.63
1863.2
1863.77
1864.34
1864.92
1865.48
1866.05
1866.62
1867.18
1867.74
1868.29
1868.84
1869.38
1869.91
1870.43
1870.94
1871.45
1871.94
1872.43
1872.91
1873.39
1873.86
1874.34
1874.83
1875.34
1875.89
1876.47
1877.04
1877.58
1878.06
1878.15
1876.37
1873.87
1873.88
1874.17
1875.58
1876.91
1860.66
1861.25
1861.84
1862.43
1863.03
1863.63
1864.24
1864.84
1865.44
1866.03
1866.63
1867.23
1867.81
1868.39
1868.96
1869.52
1870.07
1870.6
1871.13
1871.64
1872.14
1872.62
1873.09
1873.54
1873.97
1874.4
1874.82
1875.29
1875.86
1876.5
1877.12
1877.7
1878.21
1878.65
1876.41
1873.67
1873.73
1873.58
1873.29
1872.91
1860.32
1860.94
1861.57
1862.19
1862.83
1863.47
1864.11
1864.74
1865.38
1866.01
1866.64
1867.27
1867.89
1868.49
1869.09
1869.68
1870.25
1870.8
1871.34
1871.86
1872.36
1872.84
1873.29
1873.71
1874.09
1874.41
1874.45
1873.8
1874.26
1876.37
1877.13
1877.75
1878.27
1878.71
1878.79
1876.71
1875.29
1875.76
1875.4
1873.04
1859.94
1860.6
1861.25
1861.89
1862.57
1863.28
1863.95
1864.63
1865.31
1865.98
1866.65
1867.32
1867.97
1868.61
1869.24
1869.86
1870.46
1871.04
1871.61
1872.15
1872.66
1873.16
1873.61
1874.04
1874.42
1874.71
1867.51
1853.27
1854.06
1873.23
1877.31
1877.9
1878.37
1878.77
1879.08
1879.31
1879.41
1879.38
1879.14
1877.78
1859.46
1860.16
1860.9
1861.58
1862.3
1863.04
1863.77
1864.49
1865.22
1865.94
1866.66
1867.37
1868.06
1868.75
1869.42
1870.07
1870.71
1871.33
1871.92
1872.5
1873.06
1873.59
1874.09
1874.54
1874.65
1864.63
1845.02
1846.04
1846.52
1851.36
1877.54
1878.23
1878.59
1878.88
1879.11
1879.26
1879.31
1879.23
1879
1878.72
1858.96
1859.7
1860.47
1861.26
1862.02
1862.77
1863.24
1863.77
1864.97
1865.89
1866.66
1867.42
1868.17
1868.9
1869.61
1870.31
1870.99
1871.65
1872.29
1872.9
1873.49
1874.07
1874.61
1874.81
1860.12
1843.34
1844.15
1844.8
1845.31
1845.82
1871.43
1878.71
1878.94
1879.13
1879.27
1879.35
1879.34
1879.23
1879
1878.79
1858.42
1859.2
1860.03
1860.87
1861.69
1862.33
1862.06
1862.82
1864.43
1865.84
1866.66
1867.48
1868.28
1869.07
1869.84
1870.58
1871.31
1872.02
1872.7
1873.36
1874.02
1874.67
1875.34
1873.78
1846.28
1842.44
1843.04
1843.63
1844.04
1862.66
1879.16
1879.32
1879.41
1879.49
1879.58
1879.61
1879.56
1879.42
1879.2
1879.01
1857.82
1858.62
1859.5
1860.41
1861.22
1860.94
1861.59
1862.49
1863.4
1865.64
1866.65
1867.53
1868.4
1869.25
1870.08
1870.88
1871.66
1872.41
1873.14
1873.83
1874.52
1875.22
1876.02
1876.55
1854.15
1841.22
1841.95
1842.39
1860.39
1879.93
1879.9
1879.92
1879.94
1880
1880.05
1880.06
1879.98
1879.82
1879.59
1879.4
1857.06
1857.96
1858.9
1859.86
1860.64
1860.24
1861.21
1862.18
1863.13
1865.25
1866.62
1867.56
1868.51
1869.45
1870.35
1871.22
1872.04
1872.83
1873.56
1874.24
1874.85
1875.13
1870.3
1865.3
1866.78
1846.75
1841.74
1856.01
1880.07
1880.28
1880.41
1880.47
1880.55
1880.61
1880.65
1880.67
1880.58
1880.42
1880.18
1879.99
1856.11
1857.12
1858.16
1859.22
1860.28
1860.42
1860.8
1861.86
1863.37
1865.52
1866.51
1867.53
1868.6
1869.67
1870.69
1871.64
1872.54
1873.38
1874.17
1874.87
1875.42
1867.56
1837.67
1836.28
1836.71
1869.78
1877.49
1879.26
1880.69
1880.89
1881.05
1881.15
1881.25
1881.33
1881.41
1881.42
1881.34
1881.19
1880.95
1880.75
1854.99
1856.1
1857.24
1858.41
1859.63
1860.79
1861.39
1862.19
1864.01
1865.31
1865.31
1865.05
1867.19
1869.97
1871.13
1872.19
1873.19
1874.14
1875.02
1875.74
1869.64
1836.01
1834.56
1835.24
1835.78
1839.08
1880.1
1881.05
1881.29
1881.53
1881.74
1881.93
1882.06
1882.19
1882.29
1882.31
1882.26
1882.13
1881.91
1881.7
1853.57
1854.85
1856.17
1857.54
1858.93
1860.33
1861.65
1862.94
1864.17
1865.17
1853.64
1846.11
1852.25
1870.64
1871.74
1872.92
1873.97
1875.05
1876.04
1876.57
1849.87
1833.29
1833.98
1834.61
1835.26
1844.53
1875.34
1881.61
1881.96
1882.26
1882.53
1882.78
1882.99
1883.16
1883.27
1883.33
1883.34
1883.27
1883.08
1882.86
1851.75
1853.41
1855
1856.6
1858.18
1859.77
1861.3
1862.77
1863.66
1849.26
1843.71
1845.18
1846.39
1847.61
1863.42
1873.61
1874.82
1876.03
1877.14
1877.34
1846.16
1832.84
1833.41
1833.8
1847.5
1880.78
1882.11
1882.06
1882.78
1883.12
1883.4
1883.76
1884.05
1884.26
1884.25
1884.48
1884.58
1884.61
1884.48
1884.28
1801.16
1851.62
1853.73
1855.61
1857.43
1859.23
1861
1862.71
1856.88
1841.75
1843.34
1844.87
1846.34
1847.73
1849.58
1870.7
1875.86
1877.04
1878.2
1879.29
1869.51
1833.62
1833.72
1844.69
1882.23
1882.54
1882.73
1883.1
1883.58
1884.06
1883.41
1882.1
1884.22
1885.7
1884.39
1880.81
1878.6
1886.17
1886.18
1886.06
1717.65
1832.86
1852.46
1854.71
1856.73
1858.69
1860.59
1862.48
1864.36
1856.52
1842.91
1844.59
1846.17
1853.1
1868.62
1875.48
1876.78
1877.99
1879.1
1880.12
1880.98
1876.73
1856.45
1879.01
1882.48
1881.79
1882.92
1883.61
1884.45
1885.17
1883.88
1880.42
1881.3
1887.82
1885.74
1860.22
1857.52
1885.59
1888.31
1888.32
1706.18
1746.95
1852.39
1854.51
1856.45
1858.29
1860.11
1861.93
1863.37
1865.35
1867.93
1869.84
1871.7
1873.4
1874.98
1876.35
1877.89
1879.18
1880.32
1881.35
1882.26
1883
1883.66
1884.03
1882.36
1840.33
1825.51
1868.32
1885.77
1886.79
1886.05
1881.9
1882.43
1888.87
1888.17
1857.48
1857.9
1867.04
1890.07
1891.08
1697.43
1697.32
1806.91
1854.08
1855.99
1857.69
1859.34
1861.05
1862.91
1864.99
1867.32
1869.76
1872.07
1874.15
1876.02
1877.71
1879.24
1880.63
1881.89
1883.02
1884.05
1884.99
1885.81
1886.54
1886.89
1810.96
1754.88
1772.76
1861.31
1889.36
1889.36
1885.79
1884.34
1887.88
1891.09
1868.03
1858.88
1858.78
1888.03
1894.37
1689.99
1691.23
1709.35
1852.45
1855.09
1856.76
1858.04
1859.31
1860.81
1862.98
1866.11
1869.61
1872.66
1875.19
1877.33
1879.18
1880.85
1882.35
1883.73
1884.99
1886.16
1887.24
1888.28
1889.31
1890.32
1863.61
1754.77
1749.54
1762.6
1864.06
1891.68
1892.18
1887.13
1888.48
1893.67
1894.99
1862.36
1861.5
1882.23
1897.95
1734.6
1684.35
1748.36
1852.99
1855.15
1855.81
1855.65
1855.58
1855.27
1852.81
1853.56
1864.48
1874.51
1877.21
1879.3
1881.16
1882.84
1884.39
1885.82
1887.15
1888.4
1889.57
1890.7
1891.81
1892.94
1894.22
1866.22
1754.35
1747.37
1762.97
1870.85
1894.27
1894.77
1892.98
1895.95
1898.35
1889.88
1864.38
1879.66
1902.46
1829.41
1730.22
1721.87
1844.17
1858.79
1857.11
1827.47
1753.89
1640.26
1573.77
1611.66
1819.99
1880.13
1881.19
1882.75
1884.01
1885.41
1886.7
1888.21
1889.54
1890.81
1892.03
1893.19
1894.13
1895.25
1896.51
1897.71
1877.08
1754.66
1746.44
1768.49
1879.21
1897.79
1899.08
1899.49
1901.21
1902.1
1867.53
1882.15
1907.01
1823.13
1489.62
1369.14
1475.22
1702.71
1567.68
1399.93
1404.11
1408.97
1413.45
1512.92
1780.84
1870.5
1872.73
1879.62
1878.03
1884.41
1889.2
1890.79
1892.07
1893.34
1894.61
1895.81
1889.41
1866.03
1873.39
1897.86
1900.39
1881.97
1753.76
1746.3
1775.98
1888.19
1902.45
1903.72
1904.97
1906.37
1881.26
1886.69
1910.9
1382.11
1357.22
1363.03
1367.29
1372.47
1383.78
1414.75
1459.97
1572.85
1738.09
1849.64
1866.84
1864.77
1863.34
1864.49
1865.66
1874.52
1891.34
1893.21
1894.57
1895.96
1897.41
1898.91
1882.97
1793.89
1791.95
1840.17
1899.67
1903.52
1883.52
1751.37
1746.98
1789.48
1899
1907.23
1908.9
1910.65
1910.73
1892.05
1914.38
1339.98
1342.44
1370.96
1521.66
1641.48
1749.24
1829.67
1871.35
1874.93
1876.54
1879.38
1882.6
1885.39
1885.33
1865.79
1866.51
1874.83
1893.09
1895.27
1896.75
1898.24
1899.74
1901.25
1891.26
1801.89
1790.31
1790.72
1817.39
1899.51
1906.47
1878.93
1747.63
1749.05
1819.54
1910.05
1913.16
1915.18
1917.39
1902.44
1918.44
1814.25
1855.12
1855.9
1857.57
1859.17
1861.64
1864.51
1867.74
1871.32
1875.09
1878.76
1882.06
1884.92
1887.01
1884.48
1881.17
1890.91
1895.23
1896.96
1898.6
1900.2
1901.77
1903.27
1904.81
1898.01
1805.59
1790.31
1791.17
1811.32
1902.7
1912.06
1853.65
1748.87
1752.05
1868.99
1918.6
1920.38
1922.75
1914.58
1922.54
1840.63
1843.49
1846.25
1849.59
1853.61
1857.92
1862.25
1866.46
1870.53
1874.45
1878.15
1881.57
1884.68
1887.46
1889.96
1892.31
1894.51
1896.58
1898.49
1900.28
1901.99
1903.63
1905.19
1906.68
1908.23
1909.7
1811.95
1791.15
1791.94
1873.38
1915.26
1915.43
1818.39
1754.16
1772.22
1907.34
1924.91
1927.66
1916.18
1926.49
1831.78
1835.55
1839.61
1844.03
1848.77
1853.69
1858.63
1863.48
1868.16
1872.63
1876.83
1880.72
1884.28
1887.5
1890.41
1893.07
1895.52
1897.77
1899.83
1901.73
1903.51
1905.18
1906.76
1908.25
1909.64
1911
1912.66
1810.84
1804.56
1895.12
1916.9
1918.26
1920.84
1774.85
1757.76
1828.96
1927.89
1932.3
1920.97
1931.54
1821.51
1825.55
1830.46
1836
1841.88
1847.89
1853.84
1859.63
1865.15
1870.36
1875.2
1879.64
1883.69
1887.35
1890.64
1893.61
1896.28
1898.7
1900.89
1902.88
1904.71
1906.41
1907.98
1909.46
1910.84
1912.09
1913.3
1908.13
1908.08
1913.49
1918.22
1919.3
1920.81
1878.3
1756.8
1764.97
1906.15
1936.75
1934.59
1937.8
1808.36
1813.1
1819.29
1826.38
1833.82
1841.23
1848.42
1855.29
1861.75
1867.76
1873.29
1878.33
1882.88
1886.96
1890.61
1893.85
1896.73
1899.3
1901.59
1903.64
1905.5
1907.2
1908.77
1910.26
1911.68
1913.05
1914.43
1915.97
1917.6
1919.02
1917.54
1918.35
1922.92
1926.26
1793.3
1762.1
1833.58
1938.72
1943.72
1947.7
1791.57
1797.53
1806.16
1815.71
1825.16
1834.17
1842.75
1850.76
1858.18
1865
1871.22
1876.83
1881.86
1886.33
1890.28
1893.75
1896.79
1899.46
1901.8
1903.86
1905.7
1907.36
1908.88
1910.31
1911.68
1913.03
1914.38
1915.78
1917.22
1918.68
1918.3
1918.06
1921.09
1925.03
1862.09
1759.67
1790.49
1932.02
1948.18
1953.75
1737.89
1736.48
1785.86
1806.48
1818.49
1828.44
1837.85
1846.72
1854.91
1862.38
1869.15
1875.23
1880.64
1885.41
1889.59
1893.21
1896.34
1899.03
1901.36
1903.37
1905.13
1906.69
1908.11
1909.44
1910.71
1911.98
1913.26
1914.59
1915.98
1917.44
1919.04
1917.9
1919.97
1923.66
1906.09
1757.01
1770.99
1915.17
1950.1
1956.54
1276.33
1238.94
1470.09
1729.57
1815.57
1826.1
1835.03
1843.91
1852.36
1860.16
1867.23
1873.58
1879.21
1884.14
1888.42
1892.08
1895.2
1897.84
1900.07
1901.95
1903.56
1904.97
1906.23
1907.41
1908.55
1909.71
1910.91
1912.2
1913.61
1915.17
1916.94
1918.39
1918.7
1922.87
1929.27
1793.78
1764.73
1867.49
1950.43
1957.22
1092.75
1094.1
1100.3
1389.86
1811.69
1824.72
1833.96
1842.18
1850.43
1858.22
1865.33
1871.73
1877.4
1882.35
1886.59
1890.18
1893.18
1895.66
1897.7
1899.37
1900.75
1901.92
1902.96
1903.93
1904.89
1905.89
1906.98
1908.18
1909.54
1911.08
1912.86
1914.85
1914.76
1918.96
1924.77
1836.99
1758.73
1831.47
1949.18
1956.98
1083.19
1083.16
1084.23
1205.09
1719.78
1820.19
1832.71
1840.66
1848.57
1856.19
1863.19
1869.48
1875.02
1879.83
1883.9
1887.29
1890.06
1892.27
1894.01
1895.37
1896.44
1897.3
1898.04
1898.74
1899.46
1900.27
1901.21
1902.31
1903.59
1905.1
1906.86
1908.92
1909.08
1912.94
1917.87
1872.46
1751.12
1804.07
1942.69
1954.72
1074.51
1072.23
1072.28
1134.04
1607.55
1815.53
1831.83
1839.49
1846.79
1853.99
1860.66
1866.64
1871.89
1876.39
1880.15
1883.21
1885.61
1887.44
1888.79
1889.74
1890.39
1890.85
1891.21
1891.56
1891.99
1892.57
1893.34
1894.34
1895.59
1897.11
1898.91
1901.02
1902.24
1905.06
1909.56
1894.4
1742.55
1782.59
1930.42
1949.15
1062.42
1059.13
1057.52
1065.66
1436.85
1803.85
1831.29
1838.37
1844.77
1851.36
1857.52
1863.03
1867.82
1871.87
1875.18
1877.77
1879.7
1881.04
1881.88
1882.31
1882.45
1882.39
1882.25
1882.17
1882.24
1882.56
1883.18
1884.12
1885.41
1887.04
1889.02
1891.36
1893.98
1896.64
1901.19
1907.53
1737.18
1759.96
1912.22
1939.2
1099.75
1042.09
1040.76
1044.43
1271.72
1777.88
1829.76
1836.43
1841.97
1847.91
1853.5
1858.44
1862.67
1866.17
1868.92
1870.94
1872.3
1873.06
1873.29
1873.09
1872.55
1871.82
1871.02
1870.35
1869.98
1870.03
1870.54
1871.52
1872.98
1874.9
1877.24
1880.04
1883.31
1887.05
1891.7
1898.72
1759.81
1733.77
1883.77
1927.42
1526.33
1059.02
1024.1
1028.57
1217.39
1764.53
1826.82
1833.11
1838.16
1843.52
1848.53
1852.87
1856.47
1859.33
1861.45
1862.86
1863.58
1863.67
1863.17
1862.16
1860.77
1859.15
1857.47
1855.97
1854.99
1854.75
1855.25
1856.43
1858.25
1860.62
1863.47
1866.77
1870.51
1874.7
1879.59
1886.37
1769.55
1716.82
1856.85
1914.44
1726.33
1123.01
1010.47
1014.63
1300.61
1788.91
1823.09
1828.86
1833.61
1838.44
1842.81
1846.48
1849.42
1851.62
1853.1
1853.88
1853.96
1853.35
1852.1
1850.31
1848.17
1845.69
1842.65
1839.32
1837.09
1836.58
1837.38
1839.03
1841.45
1844.57
1848.2
1852.23
1856.56
1861.19
1866.3
1872.82
1774.29
1698.19
1832.87
1900.51
1753.04
1139.66
998.983
1001.85
1497.55
1809.54
1819.58
1824.31
1828.67
1832.89
1836.57
1839.57
1841.87
1843.49
1844.45
1844.77
1844.49
1843.68
1842.34
1840.35
1837.72
1833.48
1825.33
1814.87
1809.71
1812.99
1817.32
1819.79
1823.33
1827.67
1832.42
1837.43
1842.54
1847.74
1853.16
1859.5
1778.02
1678.94
1807.79
1885.82
1694.3
1064.52
991.809
1009.09
1654.94
1807.65
1815.16
1819.34
1823.32
1826.99
1830.04
1832.43
1834.19
1835.39
1836.09
1836.41
1836.66
1836.9
1835.29
1828.71
1804.1
1713.44
1478.34
1491.11
1694.52
1790.99
1793.8
1798.03
1804.23
1810.89
1817.38
1823.64
1829.67
1835.51
1841.27
1847.55
1761.36
1660.05
1784.29
1871
1540.33
997.68
986.191
1213.75
1755.79
1804.21
1810.46
1814.52
1818.1
1821.14
1823.52
1825.29
1826.54
1827.36
1827.93
1828.69
1829.86
1828.21
1755.74
1526.75
1301.6
1036.87
1036.43
1035.94
1353.64
1435.02
1565.55
1764.32
1785.63
1795.8
1804.66
1812.31
1819.22
1825.58
1831.6
1837.76
1740.24
1642.85
1770.97
1853.73
1276.58
982.744
975.115
1461.32
1797.85
1805.3
1808.62
1811.29
1813.73
1815.75
1817.25
1818.27
1818.88
1819.22
1819.69
1820.71
1818.7
1697.31
1207.41
1014.75
1012.33
1013.33
1015.58
1113.3
1109.88
1012.32
1052.17
1588.38
1776.15
1786.96
1797.12
1805.37
1812.43
1818.8
1824.71
1830.59
1718.76
1627.69
1765.61
1833.87
1081.56
985.361
1008.18
1653.56
1798.4
1803.19
1805.47
1807.43
1809.11
1810.32
1811.06
1811.38
1811.35
1811.27
1811.61
1810.78
1675.16
1080.64
993.498
994.917
1000.33
1003.16
1018.01
1118.52
1034.81
1000.42
995.582
1300.53
1765.61
1786.69
1795.37
1802.81
1809.13
1814.83
1820.18
1825.5
1688.48
1614.89
1770.42
1822.73
981.389
982.486
1203.45
1753.91
1796.74
1800.53
1802.41
1803.81
1804.77
1805.24
1805.3
1805.02
1804.59
1804.5
1804.49
1768.33
1139.86
975.319
979.712
987.403
989.446
993.816
1048.66
1114.1
1113.59
995.761
988.862
1079.4
1705.11
1788.59
1795.35
1801.9
1807.32
1812.14
1816.68
1821.26
1606.26
1602.72
1780.58
1816.43
971.591
968.585
1414.35
1791.31
1798.32
1799.69
1800.33
1800.74
1800.82
1800.53
1799.92
1799.11
1798.38
1798.09
1796.2
1317.43
965.355
962.464
970.9
975.211
980.617
1032.74
1107.61
1108
1037.37
976.971
977.663
973.601
1542.7
1793.38
1796.73
1801.87
1806.25
1810.08
1813.79
1817.89
1584.96
1592.62
1784.76
1809.72
968.819
957.279
1584.46
1793.66
1796.95
1797.36
1797.44
1797.28
1796.77
1795.91
1794.78
1793.56
1792.69
1791.86
1654.12
1006.41
948.214
949.581
954.472
972.087
998.528
1180.17
991.2
972.615
968.942
969.916
970.06
968.317
1281.54
1788.58
1797.44
1801.12
1804.67
1807.62
1810.49
1813.85
1577.01
1578.89
1781.06
1804.02
965.218
1056.27
1682.23
1791.6
1794.06
1794.28
1794.16
1793.7
1792.83
1791.56
1790
1788.32
1786.85
1784.24
1253.89
942.265
936.064
935.566
1166.88
1656.18
1547.07
1175.1
1037.39
1022.5
963.155
967.598
966.755
963.26
954.378
1641.88
1798.13
1799.12
1802.06
1804.51
1806.88
1810.07
1572.47
1540.23
1774.98
1799.14
955.238
1143.33
1735.63
1788.78
1790.68
1790.92
1790.82
1790.28
1789.27
1787.85
1786.12
1784.26
1782.31
1682.34
1000.93
935.248
930.955
1377.8
1787.55
1796.16
1792.79
1759.69
1633.25
1639.33
1586.94
1137.84
950.958
951.186
945.881
1319.52
1793.39
1795.82
1797.8
1799.99
1802.07
1805.2
1561.72
1530.59
1765.66
1794.39
947.026
1256.11
1764.21
1785.31
1787.25
1787.79
1787.84
1787.35
1786.36
1784.95
1783.28
1781.77
1781.18
1432.64
937.615
922.186
1224.77
1755.91
1780.36
1781.23
1780.66
1781.59
1785.57
1790.31
1793.93
1730.2
1243.29
929.763
932.491
924.982
1639.23
1790.23
1790.91
1793.3
1795.52
1798.79
1555.41
1520.49
1754.32
1789.56
939.297
1404.86
1775.75
1783.53
1785.25
1785.79
1785.78
1785.23
1784.15
1782.56
1780.42
1777.93
1775.87
1205.5
912.814
905.791
1315.25
1760.11
1768.31
1769.11
1769.58
1770.27
1771.74
1773.49
1774.72
1777.09
1777.77
1149.74
912.862
918.234
1379.94
1783.03
1783.52
1785.54
1787.86
1791.42
1564.15
1510.01
1747.28
1784.15
954.982
1576.91
1782.36
1785.21
1785.25
1785.01
1784.62
1783.93
1782.87
1781.42
1779.61
1777.58
1767.29
1014.68
888.069
885.823
1286.03
1750.14
1758.79
1759.37
1759.1
1758.52
1758.41
1759.14
1760.5
1762.28
1766.47
1712.49
990.225
901.11
1113.56
1731.87
1773.25
1775.53
1778.31
1782.39
1563.4
1498.43
1747.98
1778.43
1080.92
1694.5
1783.66
1784.66
1784.21
1783.78
1783.3
1782.62
1781.64
1780.33
1778.9
1777.69
1546.27
886.013
866.256
866.701
1253.9
1742.9
1752.61
1752.41
1750.38
1747.17
1744.65
1744.02
1744.88
1746.61
1749.04
1754.66
1236
879.058
968.397
1643.52
1764.23
1765.07
1766.64
1768.49
1485.46
1576.82
1761.48
1774
1245.75
1756.98
1782.04
1782.61
1782.29
1781.99
1781.59
1780.94
1779.97
1778.62
1777.12
1775.23
1222.21
846.874
845.833
848.439
1279.36
1742.67
1747.37
1747.49
1746.52
1735.7
1728.39
1726.71
1728.74
1731
1733.41
1736.62
1520.31
872.261
912.644
1543.4
1754.73
1755.89
1757.92
1747.67
1412.04
1615.43
1759.77
1767.58
1455.45
1774.69
1779.58
1780.24
1780.18
1779.96
1779.52
1778.8
1777.76
1776.62
1775.36
1721.8
943.5
823.53
825.597
828.101
1387.33
1747.35
1752.94
1754.61
1564.37
1517.33
1645.98
1707.16
1713.3
1719.31
1725.5
1733.15
1660.12
914.476
898.789
1464.7
1740.09
1745.71
1750.08
1663.05
1393.08
1537.75
1746.43
1750.57
1649.29
1776.78
1779.28
1779.05
1778.52
1777.89
1777.06
1775.92
1774.46
1772.93
1770.31
1278.97
803.748
801.689
804.647
856.464
1559.71
1737.38
1750.6
1314.32
584.31
830.516
1546.69
1689.94
1700.6
1710.26
1718.6
1727.3
1632.11
904.921
884.879
1482.13
1733.23
1741.01
1745.64
1600.81
1377.05
1387.32
1714.77
1747.58
1746.59
1778.45
1778.62
1777.59
1776.5
1775.34
1773.97
1772.37
1770.82
1768.96
1724.91
929.277
776.825
780.094
783.542
1074.46
1667.45
1721.63
1308.79
545.959
486.292
561.05
1467.83
1689.84
1699.86
1708.03
1714.26
1718.68
1515.37
864.09
896.366
1551.42
1737.39
1742.85
1745.44
1613.45
1367.79
1368.81
1683.65
1750.76
1773.71
1778.37
1777.48
1775.9
1774.21
1772.33
1770.17
1767.74
1765.27
1760.63
1156.89
754.477
753.123
757.354
762.414
1447.99
1693.81
1544.29
704.126
467.236
467.342
575.828
1506.16
1698.27
1707.55
1713.89
1719.28
1720.55
1079.32
843.81
921.09
1666.68
1740.93
1744.95
1747.36
1656.11
1362.7
1362.08
1681.83
1751.09
1779.68
1779.22
1776.77
1774.27
1771.76
1769.09
1766.17
1763.3
1759.71
1620.13
809.589
726.392
731.887
737.211
1108.79
1697.43
1695.32
1219.91
476.123
450.325
451.147
641.042
1589.11
1711.66
1716.34
1721.85
1726.42
1498.1
826.564
829.698
1026.73
1739.18
1744.59
1748.3
1751.88
1694.86
1357.51
1359.68
1682.18
1747.14
1778.51
1777.29
1774.68
1771.84
1768.75
1765.34
1761.67
1757.79
1750.65
995.084
706.942
706.634
709.995
931.332
1641.74
1701.53
1675.19
858.656
431.61
434.575
434.917
733.127
1687.21
1719.73
1723.29
1727.11
1592.31
871.266
820.183
819.981
1336.6
1745.83
1748.85
1750.96
1752.95
1720.21
1356.9
1365.15
1706.09
1749.18
1778.44
1776.29
1773.19
1769.77
1766.01
1761.89
1757.67
1752.55
1415.07
698.011
687.525
691.04
815.291
1590.04
1700.25
1697.46
1550.31
625.879
413.974
415.461
417.742
838.131
1728.46
1726.15
1728.62
1679.91
963.639
813.268
815.77
879.455
1699.02
1750.94
1751.96
1752.79
1753.47
1739.82
1625.2
1632.13
1737.92
1750.44
1779.92
1776.14
1772.1
1767.92
1763.55
1759.2
1754.73
1744.11
895.38
671.107
672.335
673.255
1388.87
1695.27
1693.53
1692.61
1330.49
454.056
397.411
400.104
400.513
963.666
1733.51
1732.33
1724.7
1321.01
808.731
809.837
821.594
1333.08
1753.16
1754.18
1754.44
1754.83
1755.12
1753.05
1752.66
1750.42
1751
1750.47
1779.91
1775.68
1771.01
1766.07
1760.95
1755.98
1750.94
1155.62
656
655.282
657.795
896.881
1647.97
1691.34
1688.68
1689.2
995.901
385.975
384.952
386.075
385.479
1142.85
1740.94
1742.67
1403
922.463
811.86
946.495
1344.89
1729.96
1755.74
1756.05
1754.8
1754.42
1756.56
1756.23
1755.53
1753.71
1752.11
1751.47
1781.63
1775.98
1770.22
1764.45
1759.06
1754.08
1669.34
767.754
632.25
637.36
642.471
1309.79
1693.24
1689.97
1688.31
1571.87
632.046
574.01
370.605
373.771
371.885
1416.64
1748.17
1603.97
939.266
923.682
1170.82
1578.92
1741.78
1756.36
1757.33
1756.58
1754.65
1754.99
1755.59
1758.09
1757.5
1755.57
1685.92
1731.39
1781.73
1775.35
1768.72
1762.05
1755.87
1749.51
942.878
599.898
611.778
620.167
1018.82
1631.85
1694.06
1689.4
1688.4
1401.19
423.564
764.278
355.771
362.79
643.123
1591.51
1660.36
1038.14
917.544
939.302
1719.59
1753.61
1756.39
1758.24
1759.24
1758.52
1756.77
1757.17
1757.29
1759.69
1759.58
1758.53
1657.5
1708.81
1782.57
1774.91
1767.18
1759.78
1753.33
1548.94
627.119
577.431
586.26
1093.15
1630.52
1585.22
1631.31
1685.95
1683.21
1179.39
337.184
765.688
1073.29
1091.25
1440.81
1601.26
1481.78
905.24
911.093
1052.91
1753.95
1755.97
1757.97
1759.59
1760.97
1761.59
1759.62
1759.48
1759.79
1761.51
1751.37
1739.33
1658.43
1724.97
1782.55
1774.13
1765.5
1757.23
1749.48
816.258
541.608
555.166
878.801
1667.12
1658.73
1498.68
1529.35
1685.52
1674.2
801.988
309.666
607.339
1452.18
1584.11
1594.66
1597.06
1484.46
901.097
904.959
1413.02
1754
1756.79
1759.3
1761.26
1762.93
1764.32
1765.05
1763.08
1765.87
1765.09
1706.88
1455.95
1686.79
1738.85
1783.52
1774.15
1765.06
1757.72
1541.69
548.963
518.518
540.292
1485.91
1723.22
1542.27
1492.99
1632.87
1591.13
1466.08
745.095
285.774
330.413
1231.91
1581.49
1587.74
1590.97
1556.02
894.42
976.682
1739.9
1758.1
1759.98
1762.03
1763.79
1764.2
1766.84
1768.07
1769.05
1769.88
1769.34
1641
1418.48
1717.72
1741.26
1784.09
1773.91
1764.14
1756.14
784.42
460.784
484.445
1226.5
1734.38
1724.76
1512.6
1491.85
1661.76
1533.2
1314.67
1050.86
261.613
237.405
554.857
1235.35
1562.57
1593.34
1422.53
968.229
1440.6
1756.47
1759.14
1761.84
1764.27
1766.37
1764.94
1736.61
1746.91
1771.71
1772.73
1771.93
1635.25
1413.32
1669
1745.56
1785.43
1774.65
1766.03
1647.87
509.275
435.626
653.957
1625.52
1734.62
1695.14
1517.05
1526.89
1682.04
1435.23
1259.75
1414.79
280.428
220.555
216.928
392.421
845.035
1304.41
570.551
929.152
1667.5
1757.6
1761.26
1764.44
1767.14
1769.45
1769.28
1685.91
1637.7
1771.2
1775.28
1773.77
1657.26
1407.82
1445.44
1744.31
1786.28
1774.38
1764.61
877.31
351.393
394.534
1320.98
1736.15
1732.55
1715.38
1518.04
1613.32
1681.78
1389.69
1078.59
1637.72
546.721
208.819
208.213
208.916
218.895
321.586
210.906
605.296
1477.25
1763.24
1766.09
1768.73
1771.08
1773.11
1774.46
1709.71
1635.71
1679.48
1777.1
1777.65
1699.98
1405.84
1404.24
1737.45
1786.52
1776.19
1768.76
473.442
323.426
685.78
1672.89
1732.11
1730.54
1724.18
1634.93
1696.22
1678.25
1130.46
1044.56
1751.63
1293.47
270.351
203.98
204.003
204.422
204.686
202.116
223.091
622.992
1459.15
1772.84
1773.92
1775.66
1777.32
1778.72
1762.74
1636.99
1637.16
1778.89
1783.49
1751.53
1404.85
1405.7
1738.27
1781.66
1766.45
1180.49
220.067
290.843
1270.45
1735.11
1732.16
1732.04
1732.4
1733.71
1729.59
1449.05
875.216
1040.78
1760.48
1750.42
1106.78
378.306
201.23
202.568
201.386
200.217
199.738
202.208
404.702
1170.12
1751.3
1780.16
1781.58
1782.86
1784.13
1642.76
1639.12
1765.67
1787.21
1786
1412.42
1406.01
1744.39
1786.66
1773.87
621.384
139.892
481.146
1644.45
1730.64
1731.2
1732.67
1734.14
1735.32
1335.9
843.912
856.104
1057.62
1758.68
1763.1
1744.78
1387.64
764.934
340.269
196.624
197.197
197.08
196.929
200.13
247.166
1093.81
1753.2
1787.01
1787.05
1787.19
1736.5
1639.21
1660.09
1789.87
1786.02
1417.27
1412.83
1760.37
1795.16
1624.41
293.493
103.174
695.121
1709.59
1725.14
1730.02
1732.71
1715.8
1254.65
835.096
838.6
845.101
1448.33
1769.26
1771.4
1772.01
1772.71
1689.32
1337.46
848.921
437.784
272.762
224.84
213.741
233.873
288.34
1424.99
1794.88
1792.58
1791.21
1790.45
1640.52
1643.48
1782.54
1641.04
1412.37
1599.55
1769.79
1791.09
935.168
104.579
73.1752
717.389
1595.67
1570.24
1345.8
1457.29
964.137
831.65
834.556
858.215
1559.08
1773.43
1776.34
1777.53
1778.76
1779.82
1780.55
1780.46
1728.44
1525.33
1330.25
1217.9
982.952
469.285
338.738
1190.86
1794.48
1795.12
1793.45
1792.59
1716.64
1645.1
1729.6
1412.09
1409.78
1729.61
1771.58
1777.98
451.02
47.1804
38.461
302.331
710.976
599.855
316.857
394.403
1187.17
1486.37
1501.31
1630.62
1771.32
1776.13
1778.76
1780.79
1782.84
1784.91
1786.8
1788.07
1789.35
1790.53
1793.39
1796.94
1772.52
1516.09
1258.85
1355.52
1752.52
1795.39
1794.34
1793.59
1791.6
1682.57
1699.77
1431.13
1406.45
1714.68
1773.58
1506.55
146.161
18.279
16.3492
72.7812
64.0004
93.2152
384.891
1480.51
1756.55
1763.03
1768.1
1773.29
1777.88
1781.16
1783.21
1784.73
1786.46
1788.52
1790.74
1792.85
1794.62
1796.03
1797.41
1798.48
1798.16
1790.43
1785.86
1752.27
1765.12
1795.43
1795.48
1794.66
1794.18
1780.6
1718.38
1646.45
1401.52
1517.95
1771.44
1025.91
31.1474
7.33741
8.30529
8.59513
8.35611
10.5166
433.759
1551.54
1773.97
1776.75
1779.87
1783.37
1786.66
1788.73
1788.84
1788.06
1788.64
1790.87
1793.64
1796.18
1797.89
1798.49
1799.07
1800.07
1800.61
1797.56
1792
1798.21
1798.32
1797.97
1796.67
1795.63
1795
1794.83
1780.09
1793.44
1397.71
1405.27
1746.63
696.145
5.64825
3.48593
3.35175
3.06934
3.30647
4.25432
35.0618
691.416
1588.25
1787.71
1790.16
1793.54
1797.36
1776.98
1629.47
1594.05
1791.86
1792.83
1796.33
1800.19
1788.99
1653.18
1727.79
1801.22
1802.5
1797.67
1780.18
1800.13
1801.21
1798.86
1796.95
1795.44
1794.27
1793.6
1793.48
1794.49
1445.56
1406.06
1717.08
439.267
2.9207
2.28802
2.25212
2.24217
2.20766
2.05126
19.7355
262.224
439.587
965.905
1716.6
1804.22
1809.78
1777.48
1030.75
745.465
756.685
1268.61
1669.38
1812.71
1630.6
1383.11
1347.66
1569.67
1788.04
1803.13
1787.3
1680.11
1578.06
1685.95
1797.51
1794.25
1791.79
1789.95
1788.91
1789.24
1572.01
1403.54
1707.78
250.942
1.70328
1.60021
1.62132
1.60696
1.52261
1.29292
4.25014
10.3826
111.606
335.968
489.123
956.565
1642.44
1788.2
1581.31
740.44
535.809
534.711
596.119
820.345
1168.13
1282.21
1302.76
1329.11
1730.49
1812.84
1806.63
1637.22
1574.08
1566.23
1642.3
1792.36
1787.32
1783.6
1781.09
1780.5
1626.32
1394.74
1703.36
129.936
1.02968
1.10348
1.12257
1.10352
1.02694
0.881519
0.780726
0.804004
1.05246
1.07105
25.5021
314.616
656.278
1127.73
1539.93
1516.41
1238.08
679.427
486.936
487.866
632.481
1470.02
1635.45
1609.11
1741.56
1819.36
1811.16
1793.86
1621.48
1562.42
1553.58
1660.46
1779.83
1772.99
1768.14
1766.14
1590.49
1509.41
1688.06
63.1248
0.622225
0.753211
0.773257
0.77004
0.735161
0.656496
0.556742
0.473324
0.41871
0.424399
0.378001
0.164759
-0.0779397
41.733
278.164
831.291
1341.45
1347.48
1192.48
1046.86
667.959
1417.65
1786.72
1800.83
1792.47
1802.47
1760.79
1625.6
1625.47
1588.58
1546.79
1535.2
1725.84
1756.04
1747.19
1742.69
1571.71
1515.81
1665.29
23.6973
0.359148
0.501061
0.53958
0.555255
0.548625
0.513468
0.45731
0.396222
0.338556
0.29063
0.243409
0.223437
0.209011
0.135195
0.572952
20.2441
258.826
484.896
552.692
828.076
764.949
1135.95
1790.62
1809.46
1806.43
1803.23
1568.43
1517.96
1580.97
1598.56
1554.42
1522.43
1505.12
1697.45
1713.83
1704.48
1589.81
1466.09
1628.34
5.84227
0.256367
0.353433
0.404152
0.427692
0.426921
0.403147
0.364305
0.321165
0.279368
0.240411
0.204381
0.17733
0.158205
0.144354
0.128213
0.0914714
0.0748315
-0.266603
0.0332755
83.0777
390.051
564.499
966.484
1418.58
1817.91
1805.35
1771.77
1656.5
1498.92
1596.67
1596.47
1531.28
1483.65
1539.56
1640.67
1639.57
1601.84
1398.58
1561.82
0.190302
0.238142
0.28506
0.33194
0.357005
0.35293
0.322673
0.278818
0.239228
0.208269
0.183422
0.16144
0.139875
0.117892
0.0960576
0.0755169
0.0631366
0.0508136
0.0111635
-0.0202435
-0.0932996
24.7215
17.5802
22.3735
98.897
461.722
859.43
1201.3
1618.22
1526.29
1555.64
1573.69
1525.19
1567.65
1590.24
1572.76
1528.47
1490.9
1287.7
1452.53
-0.40303
0.00185177
0.111174
0.199292
0.25834
0.273171
0.246151
0.191629
0.152892
0.13128
0.117895
0.108076
0.0995346
0.0905146
0.0797128
0.0669435
0.0647669
0.0444105
0.0313605
0.0919851
0.387789
0.084633
0.0998585
0.149214
0.369385
1.07403
6.043
30.5836
161.192
551.853
663.697
713.431
1163.95
1588.33
1490.73
1355.94
1244.11
1200.32
1020.65
1153.66
-3.04108
-0.646112
-0.269317
-0.0636227
0.0761723
0.111278
0.0525147
0.017635
0.0146193
0.0244104
0.0355757
0.0464113
0.0567555
0.0658044
0.0725117
0.0796609
0.0889002
0.0808896
0.0777497
0.0992528
0.0993904
0.0926266
0.128148
0.290039
0.593625
0.444223
-0.396567
-2.32485
-7.10154
-14.146
-20.786
-31.9189
0.511965
23.5324
56.3294
245.647
740.139
805.738
763.637
828.935
1851.65
1851.64
1851.62
1851.6
1851.58
1851.56
1851.54
1851.53
1851.52
1851.52
1851.53
1851.55
1851.59
1851.63
1851.69
1851.76
1851.84
1851.94
1852.05
1852.18
1852.33
1852.49
1852.66
1852.85
1853.06
1853.27
1853.51
1853.76
1854.02
1854.29
1854.58
1854.88
1855.2
1855.53
1855.87
1856.22
1856.59
1856.96
1857.35
1857.75
1851.71
1851.67
1851.67
1851.68
1851.69
1851.69
1851.69
1851.69
1851.69
1851.7
1851.71
1851.73
1851.76
1851.8
1851.85
1851.92
1852
1852.09
1852.2
1852.33
1852.47
1852.63
1852.8
1852.98
1853.19
1853.4
1853.64
1853.89
1854.15
1854.42
1854.72
1855.02
1855.34
1855.67
1856.01
1856.36
1856.73
1857.11
1857.49
1857.89
1851.84
1851.75
1851.72
1851.71
1851.71
1851.72
1851.73
1851.74
1851.75
1851.77
1851.79
1851.82
1851.85
1851.9
1851.96
1852.02
1852.11
1852.2
1852.31
1852.44
1852.58
1852.73
1852.9
1853.09
1853.29
1853.51
1853.74
1853.99
1854.25
1854.53
1854.82
1855.12
1855.44
1855.77
1856.11
1856.46
1856.83
1857.2
1857.59
1857.98
1851.94
1851.81
1851.74
1851.69
1851.68
1851.68
1851.69
1851.7
1851.72
1851.74
1851.77
1851.8
1851.85
1851.9
1851.96
1852.03
1852.12
1852.22
1852.33
1852.46
1852.6
1852.76
1852.93
1853.12
1853.32
1853.54
1853.77
1854.02
1854.28
1854.56
1854.85
1855.15
1855.47
1855.8
1856.14
1856.5
1856.86
1857.24
1857.62
1858.01
1852
1851.82
1851.72
1851.64
1851.6
1851.58
1851.58
1851.59
1851.61
1851.63
1851.67
1851.7
1851.75
1851.81
1851.87
1851.95
1852.04
1852.15
1852.26
1852.39
1852.54
1852.7
1852.87
1853.06
1853.27
1853.49
1853.72
1853.97
1854.23
1854.51
1854.8
1855.11
1855.43
1855.76
1856.1
1856.46
1856.82
1857.2
1857.58
1857.97
1851.98
1851.78
1851.64
1851.54
1851.48
1851.45
1851.43
1851.43
1851.44
1851.47
1851.5
1851.54
1851.59
1851.65
1851.72
1851.8
1851.89
1852
1852.12
1852.25
1852.4
1852.56
1852.74
1852.93
1853.14
1853.36
1853.6
1853.85
1854.12
1854.4
1854.69
1855
1855.32
1855.65
1855.99
1856.35
1856.72
1857.09
1857.48
1857.87
1851.88
1851.69
1851.53
1851.4
1851.32
1851.26
1851.24
1851.22
1851.23
1851.24
1851.27
1851.31
1851.36
1851.42
1851.49
1851.58
1851.67
1851.78
1851.91
1852.04
1852.2
1852.36
1852.54
1852.74
1852.94
1853.17
1853.41
1853.66
1853.93
1854.21
1854.51
1854.82
1855.14
1855.48
1855.83
1856.18
1856.55
1856.93
1857.32
1857.72
1851.73
1851.54
1851.36
1851.21
1851.1
1851.03
1850.99
1850.96
1850.96
1850.97
1850.99
1851.02
1851.07
1851.13
1851.21
1851.29
1851.39
1851.5
1851.63
1851.77
1851.92
1852.09
1852.27
1852.47
1852.68
1852.91
1853.15
1853.41
1853.68
1853.97
1854.27
1854.58
1854.91
1855.25
1855.6
1855.96
1856.33
1856.72
1857.11
1857.52
1851.51
1851.32
1851.13
1850.96
1850.83
1850.75
1850.69
1850.65
1850.63
1850.63
1850.65
1850.68
1850.73
1850.79
1850.86
1850.95
1851.05
1851.16
1851.29
1851.43
1851.59
1851.76
1851.94
1852.14
1852.36
1852.59
1852.83
1853.09
1853.37
1853.66
1853.96
1854.28
1854.61
1854.95
1855.31
1855.68
1856.06
1856.45
1856.85
1857.26
1851.23
1851.04
1850.83
1850.64
1850.5
1850.4
1850.33
1850.28
1850.25
1850.25
1850.26
1850.28
1850.33
1850.38
1850.46
1850.54
1850.64
1850.76
1850.89
1851.03
1851.19
1851.36
1851.55
1851.76
1851.97
1852.21
1852.45
1852.72
1853
1853.29
1853.6
1853.92
1854.26
1854.61
1854.97
1855.34
1855.73
1856.13
1856.54
1856.96
1850.88
1850.68
1850.45
1850.26
1850.11
1849.99
1849.91
1849.85
1849.81
1849.8
1849.8
1849.83
1849.87
1849.92
1849.99
1850.08
1850.18
1850.3
1850.43
1850.57
1850.73
1850.91
1851.1
1851.31
1851.53
1851.76
1852.02
1852.28
1852.56
1852.86
1853.18
1853.5
1853.84
1854.2
1854.57
1854.95
1855.35
1855.76
1856.18
1856.61
1850.47
1850.25
1850.01
1849.81
1849.64
1849.52
1849.42
1849.35
1849.31
1849.29
1849.29
1849.31
1849.35
1849.4
1849.47
1849.56
1849.66
1849.77
1849.91
1850.05
1850.22
1850.4
1850.59
1850.8
1851.02
1851.26
1851.52
1851.79
1852.07
1852.38
1852.69
1853.03
1853.37
1853.74
1854.11
1854.51
1854.91
1855.33
1855.76
1856.2
1849.99
1849.76
1849.51
1849.29
1849.11
1848.97
1848.87
1848.79
1848.74
1848.72
1848.71
1848.73
1848.77
1848.82
1848.89
1848.97
1849.08
1849.17
1849.27
1849.46
1849.64
1849.83
1850.02
1850.23
1850.46
1850.7
1850.96
1851.24
1851.53
1851.83
1852.16
1852.49
1852.85
1853.22
1853.6
1854
1854.42
1854.84
1855.28
1855.74
1849.44
1849.21
1848.93
1848.66
1848.44
1848.36
1848.25
1848.17
1848.11
1848.08
1848.08
1848.09
1848.13
1848.18
1848.25
1848.34
1848.44
1848.46
1848.49
1848.75
1849.02
1849.2
1849.4
1849.61
1849.84
1850.09
1850.35
1850.63
1850.92
1851.23
1851.56
1851.9
1852.26
1852.63
1853.03
1853.44
1853.86
1854.3
1854.75
1855.22
1848.83
1848.58
1848.29
1847.94
1847.7
1847.6
1847.56
1847.47
1847.41
1847.39
1847.38
1847.4
1847.43
1847.48
1847.56
1847.64
1847.75
1847.72
1847.77
1847.94
1848.34
1848.52
1848.72
1848.93
1849.16
1849.41
1849.67
1849.95
1850.25
1850.57
1850.9
1851.24
1851.61
1851.99
1852.39
1852.81
1853.24
1853.69
1854.16
1854.64
1848.14
1847.88
1847.57
1847.22
1846.92
1846.73
1846.61
1846.54
1846.64
1846.62
1846.62
1846.64
1846.68
1846.73
1846.81
1846.89
1847
1847.02
1847.01
1847.15
1847.51
1847.78
1847.98
1848.19
1848.42
1848.67
1848.94
1849.22
1849.52
1849.84
1850.17
1850.53
1850.9
1851.28
1851.69
1852.12
1852.56
1853.03
1853.5
1854
1847.37
1847.08
1846.75
1846.45
1846.19
1845.97
1845.66
1845.54
1845.49
1845.74
1845.8
1845.82
1845.87
1845.93
1846
1846.09
1846.2
1846.3
1846.2
1846.34
1846.57
1846.97
1847.18
1847.39
1847.63
1847.88
1848.14
1848.43
1848.73
1849.05
1849.39
1849.74
1850.12
1850.51
1850.93
1851.36
1851.82
1852.29
1852.78
1853.29
1846.51
1846.19
1845.83
1845.53
1845.31
1845.14
1844.93
1844.61
1844.54
1844.53
1844.84
1844.95
1845
1845.07
1845.15
1845.24
1845.35
1845.47
1845.38
1845.47
1845.66
1846.12
1846.32
1846.54
1846.77
1847.02
1847.28
1847.57
1847.87
1848.2
1848.54
1848.9
1849.28
1849.68
1850.09
1850.53
1851
1851.48
1851.99
1852.51
1845.54
1845.18
1844.79
1844.47
1844.26
1844.12
1844.03
1843.91
1843.61
1843.56
1843.59
1843.97
1844.09
1844.16
1844.24
1844.34
1844.44
1844.57
1844.62
1844.55
1844.79
1845.21
1845.41
1845.62
1845.85
1846.1
1846.36
1846.65
1846.95
1847.28
1847.62
1847.98
1848.36
1848.77
1849.19
1849.64
1850.11
1850.6
1851.11
1851.64
1844.42
1844.02
1843.6
1843.28
1843.09
1843
1842.95
1842.95
1842.91
1842.62
1842.61
1842.69
1843.14
1843.22
1843.3
1843.39
1843.49
1843.61
1843.63
1843.57
1843.87
1844.24
1844.43
1844.64
1844.87
1845.12
1845.38
1845.67
1845.97
1846.29
1846.63
1846.99
1847.38
1847.78
1848.21
1848.66
1849.13
1849.63
1850.15
1850.69
1843.14
1842.68
1842.23
1841.94
1841.82
1841.81
1841.84
1841.89
1841.95
1841.93
1841.63
1841.68
1841.91
1842.24
1842.32
1842.4
1842.5
1842.59
1842.45
1842.53
1842.76
1843.21
1843.4
1843.61
1843.83
1844.07
1844.34
1844.62
1844.92
1845.24
1845.57
1845.93
1846.32
1846.72
1847.15
1847.6
1848.08
1848.58
1849.1
1849.66
1841.64
1840.96
1840.52
1840.27
1840.48
1840.62
1840.75
1840.87
1840.96
1841.04
1840.93
1840.7
1840.75
1841.23
1841.32
1841.39
1841.46
1841.47
1841.31
1841.44
1841.67
1842.11
1842.3
1842.5
1842.72
1842.96
1843.22
1843.5
1843.79
1844.11
1844.44
1844.8
1845.18
1845.58
1846.01
1846.46
1846.93
1847.44
1847.97
1848.53
1823.8
1807.8
1827.7
1837.35
1839.21
1839.54
1839.81
1839.98
1840.09
1840.16
1840.19
1839.84
1839.78
1840.03
1840.28
1840.32
1840.37
1840.41
1840.21
1840.29
1840.72
1840.95
1841.13
1841.33
1841.55
1841.78
1842.04
1842.31
1842.6
1842.91
1843.23
1843.59
1843.96
1844.35
1844.78
1845.23
1845.7
1846.2
1846.73
1847.29
1760.17
1760.09
1768.65
1830.44
1838.62
1838.54
1839.43
1839.47
1839.46
1839.43
1839.39
1839.14
1838.83
1838.97
1839.22
1839.2
1839.2
1839.24
1839.27
1839.3
1839.35
1839.71
1839.89
1840.09
1840.3
1840.53
1840.78
1841.04
1841.32
1841.63
1841.95
1842.29
1842.66
1843.04
1843.46
1843.9
1844.37
1844.88
1845.41
1845.96
1757.68
1757.43
1757.33
1827.31
1838.62
1838.64
1839.28
1839.17
1838.97
1838.78
1838.61
1838.4
1837.92
1837.96
1838.08
1837.99
1837.92
1837.91
1837.96
1837.86
1837.96
1838.37
1838.57
1838.77
1838.98
1839.21
1839.45
1839.71
1839.98
1840.27
1840.58
1840.91
1841.26
1841.64
1842.05
1842.49
1842.95
1843.45
1843.98
1844.54
1755.41
1755.33
1787.28
1834.03
1839.52
1839.43
1839.02
1838.75
1838.37
1838.04
1837.75
1837.49
1837.23
1836.99
1836.83
1836.62
1836.42
1836.34
1836.39
1835.24
1836.68
1836.99
1837.19
1837.39
1837.6
1837.82
1838.05
1838.29
1838.55
1838.83
1839.12
1839.44
1839.78
1840.14
1840.54
1840.96
1841.43
1841.92
1842.45
1843.03
1784.64
1793.12
1835.87
1839.94
1839.74
1839.15
1838.48
1837.97
1837.51
1837.09
1836.72
1836.39
1836.09
1835.79
1835.48
1835.13
1832.19
1810.55
1815.34
1834.98
1835.28
1835.52
1835.75
1835.96
1836.16
1836.27
1836.52
1836.81
1837.05
1837.3
1837.57
1837.86
1838.18
1838.53
1838.91
1839.32
1839.77
1840.27
1840.81
1841.41
1839.07
1839.53
1839.77
1839.27
1838.63
1837.98
1837.37
1836.82
1836.34
1835.9
1835.51
1835.15
1834.82
1834.5
1834.17
1833.92
1809.59
1765.16
1792.3
1834.09
1834.08
1834.23
1834.39
1834.54
1834.48
1834.65
1834.99
1835.25
1835.46
1835.68
1835.92
1836.18
1836.47
1836.79
1837.14
1837.53
1837.97
1838.46
1839
1839.6
1837.79
1837.99
1837.85
1837.47
1836.93
1836.4
1835.87
1835.38
1834.92
1834.5
1834.13
1833.8
1833.5
1833.24
1833.08
1822.01
1757.13
1759.02
1793.58
1832.4
1832.52
1832.72
1832.77
1832.23
1832.43
1833.23
1833.45
1833.6
1833.77
1833.95
1834.15
1834.37
1834.62
1834.89
1835.21
1835.57
1835.98
1836.45
1836.99
1837.6
1836.05
1836.09
1835.89
1835.55
1835.11
1834.64
1834.17
1833.71
1833.28
1832.89
1832.51
1832.15
1831.79
1831.42
1831.14
1787.31
1753.5
1754.71
1830.6
1831.68
1831.52
1831.4
1830.61
1830.61
1830.94
1831.66
1831.75
1831.85
1831.96
1832.09
1832.24
1832.41
1832.6
1832.83
1833.1
1833.41
1833.79
1834.23
1834.74
1835.35
1834.46
1834.34
1834.06
1833.68
1833.25
1832.8
1832.36
1831.94
1831.54
1831.18
1830.85
1830.55
1830.27
1830.06
1813.5
1746.5
1748.23
1779.04
1830.01
1829.82
1829.8
1829.24
1828.85
1828.85
1829.65
1829.88
1829.91
1829.96
1830.02
1830.09
1830.17
1830.27
1830.4
1830.56
1830.77
1831.02
1831.34
1831.73
1832.2
1832.78
1832.9
1832.68
1832.29
1831.84
1831.37
1830.92
1830.47
1830.06
1829.68
1829.33
1828.99
1828.64
1828.3
1827.42
1769.54
1742.99
1744.55
1829.13
1828.56
1828.31
1828.2
1827.18
1827.05
1827.53
1827.97
1827.94
1827.93
1827.92
1827.91
1827.91
1827.93
1827.95
1828
1828.07
1828.19
1828.35
1828.58
1828.89
1829.3
1829.82
1831.36
1831.04
1830.55
1830.02
1829.5
1829.01
1828.55
1828.14
1827.78
1827.46
1827.18
1826.92
1826.76
1806.97
1736.93
1738.25
1772.47
1826.45
1826.28
1825.3
1823.4
1825.98
1825.91
1825.96
1825.91
1825.84
1825.78
1825.71
1825.63
1825.56
1825.49
1825.42
1825.37
1825.33
1825.33
1825.36
1825.47
1825.67
1826.01
1826.51
1829.78
1829.39
1828.8
1828.18
1827.6
1827.05
1826.56
1826.12
1825.73
1825.39
1825.08
1824.77
1822.97
1757.19
1733.18
1735.88
1825.38
1824.73
1822.94
1817.84
1819.77
1824.08
1823.94
1823.83
1823.71
1823.59
1823.46
1823.32
1823.18
1823.02
1822.86
1822.69
1822.51
1822.33
1822.16
1822.02
1821.94
1821.96
1822.18
1822.61
1828.16
1827.7
1827.03
1826.33
1825.67
1825.06
1824.52
1824.03
1823.62
1823.35
1823.16
1823.05
1801.03
1727.9
1728.73
1764.29
1822.48
1822.35
1818.58
1815.29
1818.46
1821.76
1821.63
1821.48
1821.33
1821.16
1820.97
1820.76
1820.54
1820.3
1820.04
1819.75
1819.43
1819.08
1818.7
1818.28
1817.84
1817.4
1816.89
1816.5
1826.47
1825.96
1825.22
1824.43
1823.68
1822.99
1822.34
1821.73
1820.74
1815.82
1820.98
1820.18
1766.26
1724.49
1725.47
1821.22
1820.72
1814.57
1804.87
1817.8
1819.53
1819.39
1819.21
1819.01
1818.79
1818.56
1818.3
1818.03
1817.73
1817.4
1817.04
1816.63
1816.16
1815.61
1814.93
1813.99
1812.68
1811.43
1765.36
1422.78
1824.73
1824.16
1823.35
1822.49
1821.66
1820.87
1820.11
1819.39
1801.15
1776.8
1810.73
1809.74
1720.58
1719.64
1748.87
1816.85
1814.28
1790.76
1801.71
1817.31
1817.08
1816.86
1816.63
1816.37
1816.09
1815.79
1815.46
1815.12
1814.75
1814.36
1813.94
1813.47
1812.96
1812.37
1811.57
1810.37
1809.13
1671.76
1317.4
1279.27
1822.95
1822.33
1821.46
1820.53
1819.65
1818.8
1817.99
1807.93
1771.32
1771.25
1806.82
1796.11
1716.16
1715.39
1797.66
1813.84
1803.54
1787.52
1800.76
1814.83
1814.53
1814.25
1813.93
1813.59
1813.23
1812.85
1812.44
1812.02
1811.59
1811.16
1810.72
1810.29
1809.9
1809.56
1809.21
1808.76
1808.36
1606.97
1269.49
1271.96
1821.12
1820.45
1819.52
1818.53
1817.59
1816.69
1815.65
1785.2
1768.1
1781.59
1797.58
1725.06
1711.13
1729.17
1809.7
1810.05
1780.4
1783.24
1807.91
1812.27
1811.9
1811.51
1811.12
1810.68
1810.22
1809.73
1809.22
1808.7
1808.17
1807.64
1807.11
1806.61
1806.14
1805.75
1805.39
1805.09
1803.15
1694.18
1448.49
1412.24
1819.24
1818.54
1817.57
1816.56
1815.61
1814.74
1813.89
1789.84
1764.3
1765.61
1741.63
1707.61
1706.3
1797
1806.95
1790.47
1777.44
1792.39
1810.12
1809.65
1809.14
1808.71
1808.22
1807.67
1807.09
1806.48
1805.84
1805.18
1804.51
1803.84
1803.16
1802.49
1801.85
1801.27
1786.4
1760.51
1758.11
1760.34
1784.1
1793.87
1817.3
1816.59
1815.6
1814.58
1813.65
1812.82
1812.1
1807.9
1793.02
1750.16
1702.96
1703.2
1716.32
1796.46
1796.91
1749.56
1775.71
1808.01
1807.45
1806.94
1806.4
1805.86
1805.28
1804.61
1803.9
1803.13
1802.34
1801.52
1800.69
1799.84
1798.97
1798.06
1796.53
1770.49
1754.21
1753.36
1751.67
1768.53
1795.1
1794.45
1815.29
1814.6
1813.63
1812.6
1811.62
1810.72
1809.99
1809.55
1805.35
1718.63
1698.63
1697.95
1770.13
1793.78
1763.28
1746.19
1770.38
1805.24
1804.76
1804.23
1803.66
1803.08
1802.36
1801.57
1800.71
1799.78
1798.78
1797.78
1796.79
1795.73
1794.74
1793.58
1776.6
1749.77
1748.35
1746.93
1748.32
1784.26
1785.32
1783.03
1813.21
1812.57
1811.63
1810.58
1809.52
1808.43
1807.29
1786.45
1802.5
1704.1
1693.54
1698.61
1788.72
1789.68
1764.24
1742.01
1772.76
1802.8
1802.27
1801.72
1801.12
1800.4
1799.57
1798.65
1797.64
1796.52
1790.79
1770.37
1789.68
1791.87
1790.69
1789.33
1775.23
1744.38
1742.7
1740.6
1770.16
1779.45
1776.27
1772.16
1811.13
1810.52
1809.58
1808.47
1807.26
1804.45
1749.04
1653.41
1738.65
1723.2
1689.09
1753.84
1784.59
1783.94
1695.05
1773.74
1797.3
1800.93
1800.24
1799.57
1798.81
1797.95
1797.02
1796.01
1794.91
1788.24
1751.01
1749.02
1762.57
1788.53
1787.08
1785.47
1780.85
1759.43
1751.73
1769.74
1776.5
1773.63
1769.7
1765.26
1809.17
1808.56
1807.65
1806.57
1805.44
1793.58
1642.67
1641.25
1645.44
1736.17
1729.38
1770.57
1770.12
1674.59
1684.41
1801.21
1800.11
1799.21
1798.41
1797.56
1796.65
1795.69
1794.66
1793.54
1789.48
1751.2
1745.45
1744.29
1760.68
1785.77
1784.08
1782.26
1779.33
1777.16
1774.17
1771.5
1771.57
1773.04
1558.9
1241.67
1807.35
1806.72
1805.8
1804.75
1801.91
1746.88
1635.67
1635.47
1635
1734.25
1766.82
1766.23
1760.57
1669.9
1693.26
1799.41
1798.3
1797.35
1796.52
1795.61
1794.64
1793.61
1792.51
1791.34
1768.61
1742.82
1741.79
1740.83
1781.95
1783.18
1781.32
1779.3
1776.94
1773.98
1708.39
1415.53
1288.3
1209.22
1088.85
1080.7
1805.64
1804.99
1804.05
1802.99
1785.67
1636.67
1630.95
1630.67
1630.31
1683.86
1765.01
1765.58
1694.44
1663.15
1748.55
1796.94
1796.21
1795.43
1794.66
1793.76
1792.78
1791.71
1790.55
1780.02
1741
1739.87
1738.58
1757.98
1782.82
1781.09
1779.34
1777.6
1765.9
1478.28
1300.11
1222.77
1210.7
1089.1
1078.07
1077.13
1804.12
1803.48
1802.55
1801.54
1768.16
1626.4
1626.07
1625.63
1625.31
1641.32
1764.5
1755.53
1597.48
1677.4
1797.26
1796.04
1795.08
1794.13
1793.24
1792.25
1791.21
1790.1
1788.85
1760.6
1738.46
1737.18
1736.2
1779.45
1780.73
1778.94
1777.14
1710.76
1408.05
1388.63
1392.04
1672.18
1688.56
1505.58
1328.62
1344.55
1802.68
1801.99
1800.98
1798.18
1721.14
1623.43
1622.17
1731.67
1716.27
1661.65
1762.94
1666.11
1590.1
1697.72
1795.12
1794.44
1793.69
1792.85
1791.92
1790.93
1789.87
1788.76
1787.51
1760.67
1736.24
1734.92
1740.5
1780.47
1778.54
1776.6
1762.84
1501.72
1379.41
1381.72
1747.32
1783.93
1783.4
1779.04
1767.64
1770.74
1801.53
1800.82
1799.91
1784.8
1626.39
1618.88
1640.54
1799.13
1798.07
1758.96
1701.96
1545.58
1582.07
1768.28
1795.24
1794.09
1793.06
1792.04
1790.99
1789.92
1788.81
1787.64
1786.3
1776.28
1737.06
1733.47
1753.43
1779.05
1777.23
1775.54
1690.08
1376.62
1367.89
1509.46
1776.18
1775.21
1773.45
1771.17
1768.56
1765.54
1800.51
1799.89
1799.19
1765.97
1616.27
1616.2
1729.5
1796.18
1795.88
1792.91
1639.11
1538.48
1564.03
1796.43
1794.86
1793.61
1792.47
1791.36
1790.24
1789.11
1787.94
1786.7
1785.32
1782.96
1768.09
1750.97
1774.33
1776.91
1774.37
1771.39
1565.39
1118.76
1449.45
1752.57
1774.09
1771.3
1768.1
1764.28
1759.6
1753.67
1799.12
1798.49
1796.8
1729.5
1614.74
1629.83
1796.66
1796.53
1795.66
1792.37
1640.32
1533.07
1574.14
1795.02
1793.92
1792.87
1791.82
1790.76
1789.67
1788.54
1787.37
1786.14
1784.81
1783.31
1779.81
1779.8
1778.28
1776.03
1773.26
1769.08
1501.38
1101.91
1393.71
1776.33
1773.67
1770.22
1766.4
1761.85
1754.33
1722.67
1798.2
1797.73
1792.68
1648.31
1609.72
1622.51
1796.81
1795.82
1794.96
1779.28
1591.16
1528.09
1668.94
1793.72
1793.02
1791.97
1791.32
1790.36
1789.34
1788.27
1787.15
1785.96
1784.59
1783.23
1779.34
1780.21
1778.34
1776.15
1773.38
1768.47
1550.05
1082.75
1230.03
1765.52
1776.18
1772.62
1768.82
1764.51
1758.77
1751.88
1797.73
1797.39
1791.12
1605.68
1605.5
1605.28
1795.51
1794.18
1792.6
1758.65
1461.48
1522.96
1788.71
1794.99
1793.55
1791.99
1791.24
1790.43
1789.4
1788.35
1787.29
1786.17
1784.67
1774.57
1778.96
1780.97
1779.32
1777.34
1774.86
1771.26
1581.94
1063.88
1056.41
1690.42
1779.44
1777.1
1773.88
1770.37
1766.15
1761.47
1797.25
1796.95
1792.32
1637.15
1603.82
1615.75
1795.24
1793.83
1792.13
1742.48
1438.74
1546.52
1796.34
1794.85
1793.09
1791.99
1791.2
1790.55
1789.59
1788.64
1787.68
1786.7
1782.08
1772.34
1780.56
1782.75
1781.76
1780.82
1780
1779.43
1578.88
1046.47
1039.3
1308.68
1722.22
1780.51
1779.2
1777.05
1774.61
1772.74
1796.74
1796.47
1794.42
1718.37
1603.61
1711.13
1794.84
1793.96
1788.99
1601.38
1429.88
1657.24
1794.06
1793.4
1792.33
1791.64
1791.27
1790.64
1789.82
1788.82
1788.17
1784.91
1773.89
1772.76
1782.54
1784.2
1783.51
1782.9
1782.45
1782.3
1587.5
1039.81
1025.15
1025.18
1361.55
1746.2
1784.95
1784.4
1783.9
1720.26
1796.16
1795.89
1794.82
1783.3
1684.06
1787.91
1793.66
1792.79
1778.52
1408.82
1418.1
1782.37
1794.23
1793.29
1792.49
1791.82
1791.68
1790.96
1790.21
1788.22
1781.48
1775.14
1773.93
1773.23
1779.99
1785.41
1784.89
1784.48
1784.3
1784.54
1585.1
1030.29
1016.83
1017.89
1194.25
1750.12
1788.58
1790.89
1792.57
1402.21
1795.74
1795.49
1794.98
1794.72
1793.35
1793.77
1792.92
1790.97
1663.65
1389.37
1468.98
1795.92
1794.92
1793.74
1792.84
1792.43
1792.03
1791.35
1790.68
1788.87
1775.76
1775.06
1774.4
1773.74
1773.16
1784.25
1785.67
1785.41
1785.34
1785.95
1542.58
1012.45
1006.76
1007.73
1359.28
1785.41
1793.56
1799.25
1677.63
918.122
1795.49
1795.26
1794.93
1794.53
1794.03
1793.58
1793.11
1782.88
1394.41
1378.68
1668.65
1794.24
1794.22
1793.71
1793.03
1792.89
1792.28
1791.69
1791.14
1790.57
1779.93
1775.46
1774.81
1774.16
1773.49
1774.13
1785.29
1785.47
1785.1
1785.44
1395.6
998.303
994.586
1026.66
1693.29
1791.5
1799.49
1796.22
1290.34
723.144
1795.38
1795.12
1794.67
1794.03
1793.3
1792.32
1790.51
1671.58
1366.51
1366.72
1796.08
1796.75
1795.75
1794.95
1794.18
1793.4
1791.66
1779.96
1791.6
1788.85
1789.47
1782.4
1776.74
1774.49
1773.69
1775.03
1784.75
1784.34
1782.75
1780.88
1211.26
958.3
989.54
1295.8
1784.91
1790.39
1795.89
1801.81
1545.05
767.53
1795.56
1795.27
1794.75
1794.07
1793.42
1792.74
1780.96
1377.41
1356.14
1455.09
1796.73
1796.43
1795.94
1795.39
1794.77
1794.09
1750.94
1734.62
1753.65
1778.5
1791.3
1790.61
1788.28
1783.88
1780.78
1784.76
1785.22
1784.55
1782.64
1778.25
1079.29
934.99
935.033
1524.75
1787.23
1787.81
1788.61
1789.99
1545.69
1104.38
1796.01
1795.65
1794.97
1794.04
1792.94
1790.94
1665.82
1345.39
1347.34
1713.69
1798.09
1797.31
1796.7
1796.12
1795.55
1767.44
1734.07
1733.78
1733.42
1776.82
1792.24
1791.68
1790.96
1790.15
1789.24
1788.13
1786.96
1785.83
1783.89
1718.27
990.064
914.221
912.727
1323.06
1776.74
1786.95
1782.85
1648.7
1197.63
1435.05
1796.88
1796.49
1795.88
1795.18
1794.44
1783.88
1364.01
1334.65
1335.32
1798.33
1798.15
1797.63
1797.14
1796.66
1793.5
1734.15
1733.83
1733.51
1753.12
1782.94
1793.16
1792.73
1792.09
1791.39
1790.61
1789.61
1788.87
1787.88
1785.67
1455.46
904.544
899.708
898.606
898.889
1349.38
1797.97
1698.73
1091.37
1170.79
1669.58
1798.06
1797.64
1797.12
1796.62
1795.07
1678.36
1324
1327.38
1416.24
1797.04
1797.54
1797.56
1797.37
1796.18
1753.81
1733.91
1733.67
1737.85
1790.17
1793.19
1794.16
1793.86
1793.34
1792.62
1791.3
1790.02
1791
1790.29
1731.94
1013.33
892.161
892.044
890.938
889.439
1120.23
1268.42
969.468
1040.06
1568.71
1790.3
1799.29
1798.76
1798.1
1797.43
1783.5
1357.51
1317.81
1318.51
1663.04
1799.05
1798.82
1798.56
1798.21
1784.42
1734.06
1733.8
1733.41
1778.38
1796.27
1795.84
1795.32
1795.02
1794.61
1793.67
1792.36
1792.16
1793.82
1793.87
1677.82
933.047
887.575
886.877
885.88
884.674
893.411
903.091
915.586
1502.98
1791.27
1789.69
1800.47
1800.03
1799.36
1794.26
1672.4
1310.62
1311.52
1312.16
1796.65
1800.53
1800.04
1799.61
1798.81
1754.65
1734.31
1734.04
1749.34
1796.18
1796.93
1796.57
1796.25
1795.98
1795.7
1794.95
1793.84
1793.95
1796.11
1796.77
1707.99
1211.59
882.693
880.988
891.664
947.118
891.001
896.037
1283.3
1784.87
1790.14
1789.62
1800.94
1801.31
1800.53
1760.25
1339.13
1307.14
1307.25
1410.28
1802.09
1801.64
1801.07
1800.53
1799.64
1757.39
1734.8
1737.28
1789.86
1796.72
1794.63
1796.37
1796.86
1796.64
1796.47
1796.19
1796.03
1796.28
1797.12
1797.8
1779.69
1713.38
1362.86
1184.99
1271.25
935.512
883.702
1090.92
1735.11
1789.22
1788.87
1788.42
1802.45
1802.77
1802.19
1734.79
1302.59
1303.1
1302.7
1682.7
1803.88
1802.96
1802.19
1801.5
1800.59
1783.52
1750.97
1783.87
1797.94
1797.4
1794.3
1794
1796.04
1797.06
1796.93
1796.88
1796.94
1797.14
1797.51
1798.09
1798.98
1800.33
1798.69
1777.66
1264.18
925.122
921.606
1581.24
1791.32
1789.85
1788.67
1787.55
1804.44
1804.16
1803.67
1757.03
1373.42
1303
1450.25
1800.39
1804.39
1803.64
1802.94
1802.26
1801.29
1800.49
1794.42
1798.86
1798.27
1797.78
1795.12
1794.21
1793.93
1797.27
1797.18
1797.07
1797.04
1797.1
1797.28
1797.59
1798.1
1798.92
1799.74
1798.23
1163.69
916.792
1150.85
1756.83
1789.72
1788.47
1787.16
1785.96
1806.34
1804.95
1804.19
1790.69
1705.07
1535.86
1756.18
1803.92
1804.27
1803.99
1803.56
1803.01
1802.09
1801.67
1800.89
1791.85
1798.49
1798
1797.67
1796.34
1795.68
1797.43
1797.37
1797.16
1796.99
1796.88
1796.83
1796.88
1797.1
1797.5
1797.61
1693.4
1065.91
904.387
1347.41
1784.68
1787.37
1786.72
1785.77
1784.78
1804.44
1806.04
1803.21
1801.59
1802.12
1801.58
1804.35
1804.53
1804.64
1805.07
1804.77
1804.25
1803.29
1802.83
1801.97
1753.66
1745.31
1769.39
1798.54
1798.54
1798.33
1797.98
1797.69
1797.35
1796.99
1796.62
1796.23
1795.84
1795.54
1795.3
1794.43
1475.86
977.599
953.188
1472.44
1786.43
1787.96
1787.29
1786.29
1785.23
1735
1748.37
1497.74
1802.9
1804.35
1805.84
1806.3
1806.39
1805.08
1806.57
1806.62
1806.1
1805.2
1804.73
1804.01
1772.64
1605.92
1590.4
1662.04
1781.89
1799.5
1798.97
1798.45
1797.94
1797.39
1796.79
1796.09
1795.3
1794.4
1793.21
1790.57
1378.82
976.458
993.03
1544.26
1792.52
1791.53
1789.73
1788.17
1786.8
1749.48
1476.49
1437.57
1609.49
1808.45
1809.88
1809.69
1809.4
1807.67
1808.72
1809.07
1808.45
1807.73
1806.99
1806.25
1804.6
1690.32
1587.93
1584.15
1581.25
1693.44
1800.32
1799.74
1799.1
1798.41
1797.64
1796.76
1795.73
1794.59
1793.21
1790.78
1419.95
985.315
1018.41
1586.99
1795.46
1794.18
1792.23
1790.57
1789.14
1806.73
1435.98
1435.11
1433.1
1499.04
1689.47
1814.01
1813.24
1811.07
1812.29
1812.11
1811.28
1810.4
1809.5
1808.65
1807.9
1804.52
1729.21
1590.56
1574.75
1569.62
1614.7
1790.03
1801.04
1800.23
1799.34
1798.36
1797.24
1795.97
1794.5
1792.33
1543.43
995.277
1060.51
1629.26
1797.56
1796.48
1794.75
1793.22
1791.88
1820.37
1613.43
1436.73
1436.27
1435.72
1436.37
1507.6
1729.47
1816.93
1816.54
1815.61
1814.54
1813.39
1812.21
1811.07
1810.11
1809.44
1808.86
1778.9
1678.55
1566.68
1563.82
1561.89
1728.79
1802.89
1802.04
1801.06
1799.95
1798.69
1797.25
1795.25
1673.47
1018.77
1123.2
1677.5
1799.72
1798.94
1797.59
1796.34
1795.18
1821.25
1819.63
1650.82
1453.82
1438.86
1439
1438.25
1538.04
1812.29
1821.14
1819.78
1818.33
1816.8
1815.15
1813.49
1812.09
1811.31
1811.15
1811.19
1809.86
1769.81
1567.09
1560
1557.09
1648.5
1805.22
1804.98
1804.01
1802.98
1801.92
1800.71
1767.25
1056.77
1154.52
1691.66
1801.68
1801.76
1800.97
1800.08
1799.19
1814.58
1821.74
1822.71
1773.46
1645.2
1529.96
1544.17
1680.51
1823.87
1825.45
1823.95
1822.29
1820.43
1818.21
1815.37
1812.7
1812.09
1813.07
1813.95
1814.41
1814.44
1802.86
1593.92
1557.23
1553.83
1611.08
1797
1809.13
1808.5
1808.06
1808.09
1808.88
1179.12
1122.04
1664.17
1804.37
1805.68
1805.35
1804.7
1803.88
1737.38
1821.42
1823.03
1824
1821.59
1815.27
1827.49
1831.88
1830.84
1829.55
1828.22
1826.69
1824.99
1822.62
1645.48
1355.38
1451.32
1765.01
1817.98
1818.92
1819.2
1819.2
1816.81
1589.88
1554.18
1551.86
1611.97
1801.15
1813.85
1813.29
1812.83
1812.58
1405.63
1027.77
1574.76
1810.97
1812.62
1811.88
1810.87
1809.8
1679.77
1437.4
1650.76
1685.87
1641.41
1466.37
1389.32
1496.35
1679.94
1727.09
1702.26
1576.94
1326.89
992.756
707.278
623.55
623.548
794.828
1426.88
1826.2
1826.5
1825.79
1825.22
1740.24
1555.16
1553.51
1551.97
1671.26
1817.65
1818.09
1816.64
1814.42
1666.64
871.219
1295.89
1801.23
1820.91
1819.72
1818.04
1816.26
1712.2
1043.89
918.118
897.641
874.519
858.822
844.075
824.282
796.932
770.383
731.347
685.152
647.389
631.159
624.288
621.909
621.102
620.68
777.413
1662.79
1834.86
1834.24
1832.5
1738.78
1557.85
1556.37
1555.49
1626.86
1817.86
1824.48
1823.26
1821.65
1789.67
793.523
972.552
1707.16
1828.54
1827.87
1826.19
1824.35
1785.15
1384.54
1279.35
1133.32
1047.87
987.056
953.454
968.095
1015.84
1044.54
1018.01
935.628
803.268
630.381
620.786
620.561
620.08
618.909
1009.11
1779.87
1843.16
1841.64
1837.58
1609.96
1561.21
1560.23
1559.22
1709.79
1831.83
1831.72
1830.87
1830.38
1756.91
712.184
803.13
1631.39
1836.37
1836.54
1835.04
1832.29
1803.43
1771.35
1756.66
1716.1
1710.67
1719.62
1732.13
1748.51
1774.89
1795.22
1791.83
1760.88
1684.85
1553.77
1313.93
1095.57
1107.36
1320.99
1708.85
1845.57
1848.66
1847.09
1836.97
1582.92
1565.37
1563.95
1681.63
1834.42
1839.09
1837.94
1836.01
1833.59
1630.87
571.314
779.611
1663.2
1850.22
1849.27
1848.1
1846.81
1806.73
1807.28
1752.08
1691.21
1748.09
1848.07
1872.73
1874.36
1874.16
1873.68
1872.87
1871.71
1870.28
1868.53
1864.9
1848.11
1845.59
1851.42
1851.81
1853.07
1852.95
1851.72
1850.71
1717.71
1572.27
1704.03
1843.18
1846.84
1846.15
1845.16
1843.99
1844.8
1252.67
477.96
882.17
1783.02
1858.83
1858.71
1858.4
1857.8
1809.72
1810.04
1627.04
1614.21
1616.98
1817.86
1876.19
1876.43
1875.99
1875.27
1874.26
1872.9
1871.21
1869.23
1866.94
1864.54
1862.28
1860.22
1858.52
1857.2
1856.13
1855.27
1854.63
1843.26
1827.4
1844.58
1852.53
1852.63
1852.29
1851.73
1852.07
1746.97
520.739
461.205
1266.86
1858.26
1863.91
1866.36
1867.3
1866.83
1784.18
1723.2
1612.65
1614.44
1669.09
1850.98
1877.79
1877.68
1877.02
1876.11
1874.97
1873.5
1871.64
1869.45
1867
1864.61
1862.52
1860.84
1859.57
1858.67
1858.1
1857.8
1857.74
1857.86
1857.96
1858.01
1858.12
1858.02
1857.28
1855.24
1758.22
668.364
334.029
659.276
1735.32
1866.2
1869.15
1874.87
1876.34
1812.38
1610.26
1610.99
1612.41
1635.84
1838.63
1878.45
1879.59
1878.87
1877.53
1873.75
1872.91
1873.62
1871.92
1869.19
1866.15
1863.29
1861.09
1859.65
1858.9
1858.68
1858.83
1859.27
1859.91
1860.68
1861.5
1862.28
1845.42
1789.11
1666.43
1326.11
605.728
227.281
299
1340.67
1847.19
1852.84
1873.28
1882.77
1882.92
1212.83
1611.33
1611.59
1642.67
1827.83
1881.58
1881.63
1881.01
1880.12
1790.76
1722.62
1816.89
1875.41
1872.97
1869.29
1864.77
1860.63
1786.72
1652.83
1540.93
1454.42
1382.63
1318.94
1253.44
1175.92
1079.16
951.815
796.948
634.163
451.18
264.525
202.664
208.138
727.552
1680.34
1752.17
1783.75
1880.78
1892.25
1895.58
843.589
1705.22
1612.21
1836.5
1883.06
1882.34
1882.7
1882.3
1783.87
1722.31
1721.38
1719.82
1854.57
1876.25
1841.23
1471.32
854.792
548.249
400.88
331.264
288.901
258.738
235.78
218.4
204.313
193.55
187.15
187.196
188.353
190.029
191.129
193.397
376.543
1326.56
1657.51
1633.89
1729.3
1892.02
1896.1
1895.64
541.862
1878.48
1800.91
1883.87
1884.05
1883.94
1884.08
1881.12
1782.81
1723.34
1722.86
1722.08
1738.91
1761.05
1655.23
1061.59
356.436
196.616
188.686
182.959
182.835
182.951
183.181
183.512
183.932
184.418
184.961
185.543
186.136
187.227
188.214
195.53
1112.06
1591.15
1600.77
1641.66
1814.25
1903.8
1903.54
1639.36
291.449
1886.04
1885.91
1885.7
1885.61
1885.64
1885.74
1883.16
1868.15
1806.99
1781.62
1764.53
1763.12
1843.39
1802.96
1580.36
1082.04
572.874
285.804
181.061
181.461
181.824
182.219
182.647
183.12
183.631
184.145
184.61
185.016
219.166
505.145
1075.36
1397.83
1508.55
1625.36
1852.45
1911.52
1914.6
1743.72
1273
240.926
1887.5
1887.45
1887.31
1887.21
1887.26
1887.48
1887.7
1888.51
1889.01
1888.33
1885.61
1881.07
1894.06
1895.85
1898.41
1877.97
1720.69
1432.41
1133.74
864.741
685.872
582.422
551.886
560.663
586.595
640.109
773.579
1074.04
1484.21
1807.83
1915
1836.11
1524.69
1659.72
1906.11
1918.73
1921.54
1526.75
968.503
222.457
1889.02
1889.16
1889.02
1888.73
1888.73
1889.12
1889.52
1890.1
1891.13
1892.25
1893.66
1895.3
1897.2
1899.36
1901.83
1904.53
1907.46
1910.55
1910.58
1885.51
1843.89
1803.59
1789.19
1794.91
1809.15
1833.55
1870.23
1905.29
1913.4
1916.15
1917.24
1909.16
1867.79
1872.28
1912.3
1924.81
1928.07
1321.84
712.238
198.381
1855.03
1883
1866.97
1770.13
1758.94
1795.92
1785.04
1777.48
1831.23
1893.69
1895.46
1897.31
1899.2
1901.18
1903.27
1905.41
1907.65
1909.91
1911.97
1913.84
1914.42
1915.85
1918.06
1919.03
1919.49
1919.5
1919.16
1918.84
1918.68
1918.69
1918.93
1919.51
1920.69
1922.29
1924.72
1927.72
1829.81
1248.5
634.618
172.741
1848.03
1749.94
1648.67
1644.25
1642.93
1641.44
1640.01
1639.58
1640.12
1708.21
1878.68
1898.96
1900.49
1902.06
1903.7
1905.32
1907.08
1908.92
1910.66
1912.3
1912.7
1913.99
1916.17
1917.27
1918.08
1918.53
1918.7
1918.71
1918.69
1918.8
1919.18
1919.99
1921.3
1922.97
1924.66
1926.45
1528.69
1274.07
639.082
149.63
1879.66
1800.65
1743.07
1691.41
1692.04
1712.44
1641.89
1638.76
1639.06
1733.4
1894.33
1900.34
1901.08
1902.02
1903.12
1904.32
1905.64
1907.07
1908.54
1910.02
1911.44
1911.97
1903.05
1900.67
1902.4
1913.05
1917.3
1917.46
1917.59
1917.89
1918.52
1918.84
1918.56
1920.3
1924.53
1766.24
1178.22
1338.2
638.467
131.814
1889.55
1890.32
1891.22
1891.34
1890.68
1889.48
1880.14
1853.6
1863.53
1899.12
1900.4
1900.04
1900.17
1900.59
1901.24
1902.09
1903.07
1904.2
1905.58
1907.07
1908.44
1909.93
1901.85
1897.89
1899.13
1900.01
1903.29
1915.21
1916.19
1916.66
1917.59
1919
1919.85
1922.33
1925.56
1717.38
1172.83
1350.16
629.343
112.334
1583.49
1587.79
1589.57
1590.01
1593.4
1587.15
1565.4
1543.64
1525.99
1508.17
1513.3
1511.18
1508.05
1512.03
1533.66
1576.28
1625.39
1672.99
1762.19
1903.65
1903.7
1904.82
1907.64
1907.61
1903.93
1908.89
1914.21
1915.1
1915.01
1915.42
1916.7
1918.75
1921.66
1924.86
1928.2
1870.15
1586.08
1583.37
487.528
76.2331
125.905
151.44
166.223
170.207
163.287
151.733
136.247
115.321
94.4191
88.6378
94.6399
106.87
124.083
145.151
170.67
201.768
246.087
306.116
364.25
475.446
598.813
792.633
1379.89
1904.84
1914.37
1916.8
1915.81
1761.82
1509.95
1522.83
1601.94
1723.28
1836.4
1918.38
1924.4
1907.45
1717.82
1509.74
461.826
49.5768
-0.0291335
-0.0243377
-0.00877011
0.00497396
0.00601494
-0.0108961
-0.0241092
-0.0179518
-0.00648751
0.00298426
0.00675875
0.00688972
0.00570924
0.00587776
0.013893
0.0390636
0.0916041
0.108993
0.243079
0.400802
0.409649
0.887437
-0.534676
462.618
1370.72
1118.65
493.021
232.702
168.295
184.95
236.811
343.225
516.859
709.097
1103.53
1065.95
821.823
388.975
146.98
20.3433
0.0193821
0.0221564
0.0508914
0.0657725
0.0240823
0.000774738
-0.000236712
0.00137236
0.00164029
0.00158974
0.00189538
0.002614
0.00443743
0.00884219
0.0178927
0.034545
0.0691191
0.0537782
0.0780551
0.0493444
-0.186
-0.586997
-1.36511
0.563696
33.0859
12.4821
6.17436
3.62575
1.77052
-0.655485
-6.20741
-0.509897
-8.17701
0.51649
24.2851
22.3704
2.37425
-0.530466
-1.65675
-0.372387
)
;

boundaryField
{
    inlet
    {
        type            fixedFluxPressure;
        gradient        nonuniform List<scalar> 10(-0.0152338 0.00847025 0.0228019 0.009178 0.0159375 0.0250973 0.0223041 0.000506321 -0.000721607 -1.0255e-07);
        value           nonuniform List<scalar> 10(2542.44 2533.35 2528.89 2524.69 2522.24 2522.23 2524.67 2528.86 2533.32 2542.4);
    }
    inletWall
    {
        type            fixedFluxPressure;
        gradient        uniform 0;
        value           nonuniform List<scalar> 
30
(
2568.07
2558.83
2549.15
2544.08
2542.44
2103.44
2292.93
2416.55
2516.69
2588.4
1925.5
1952.9
1930.69
1770.91
1636.54
2568.01
2558.77
2549.1
2544.04
2542.4
2101.89
2292.35
2416.29
2516.57
2588.33
1909.31
1941.08
1922.86
1764.36
1631.84
)
;
    }
    bottleWall
    {
        type            fixedFluxPressure;
        gradient        uniform 0;
        value           nonuniform List<scalar> 
290
(
1872.32
1872.36
1872.35
1872.35
1872.43
1872.7
1873.11
1872.93
1858.09
1867.59
1877.85
1878.23
1876.91
1872.91
1873.04
1877.78
1878.72
1878.79
1879.01
1879.4
1879.99
1880.75
1881.7
1882.86
1884.28
1886.06
1888.32
1891.08
1894.37
1897.95
1902.46
1907.01
1910.9
1914.38
1918.44
1922.54
1926.49
1931.54
1937.8
1947.7
1953.75
1956.54
1957.22
1956.98
1954.72
1949.15
1939.2
1927.42
1914.44
1900.51
1885.82
1871
1853.73
1833.87
1822.73
1816.43
1809.72
1804.02
1799.14
1794.39
1789.56
1784.15
1778.43
1774
1767.58
1750.57
1747.58
1750.76
1751.09
1747.14
1749.18
1750.44
1750.47
1751.47
1731.39
1708.81
1724.97
1738.85
1741.26
1745.56
1744.31
1737.45
1738.27
1744.39
1760.37
1769.79
1771.58
1773.58
1771.44
1746.63
1717.08
1707.78
1703.36
1688.06
1665.29
1628.34
1561.82
1452.53
1153.66
828.935
1862.2
1862.69
1863.18
1863.68
1864.18
1864.69
1865.2
1865.71
1866.23
1866.74
1867.25
1867.76
1868.25
1868.74
1869.21
1869.66
1870.08
1870.49
1870.86
1871.19
1871.49
1871.74
1871.95
1872.11
1872.23
1872.3
1872.34
1872.34
1872.32
1872.28
1872.24
1872.21
1872.18
1872.18
1872.18
1872.2
1872.23
1872.26
1872.28
1872.32
1858.14
1858.51
1858.89
1859.28
1859.67
1860.07
1860.48
1860.89
1861.31
1861.74
1851.65
1851.64
1851.62
1851.6
1851.58
1851.56
1851.54
1851.53
1851.52
1851.52
1851.53
1851.55
1851.59
1851.63
1851.69
1851.76
1851.84
1851.94
1852.05
1852.18
1852.33
1852.49
1852.66
1852.85
1853.06
1853.27
1853.51
1853.76
1854.02
1854.29
1854.58
1854.88
1855.2
1855.53
1855.87
1856.22
1856.59
1856.96
1857.35
1857.75
1851.65
1851.71
1851.84
1851.94
1852
1851.98
1851.88
1851.73
1851.51
1851.23
1850.88
1850.47
1849.99
1849.44
1848.83
1848.14
1847.37
1846.51
1845.54
1844.42
1843.14
1841.64
1823.8
1760.17
1757.68
1755.41
1784.64
1839.07
1837.79
1836.05
1834.46
1832.9
1831.36
1829.78
1828.16
1826.47
1824.73
1822.95
1821.12
1819.24
1817.3
1815.29
1813.21
1811.13
1809.17
1807.35
1805.64
1804.12
1802.68
1801.53
1800.51
1799.12
1798.2
1797.73
1797.25
1796.74
1796.16
1795.74
1795.49
1795.38
1795.56
1796.01
1796.88
1798.06
1799.29
1800.47
1800.94
1802.45
1804.44
1806.34
1804.44
1735
1749.48
1806.73
1820.37
1821.25
1814.58
1737.38
1679.77
1712.2
1785.15
1803.43
1806.73
1809.72
1784.18
1610.26
1611.33
1705.22
1878.48
1886.04
1887.5
1889.02
1855.03
1848.03
1879.66
1889.55
1583.49
125.905
-0.0291335
0.0193821
)
;
    }
    atmosphere
    {
        type            totalPressure;
        rho             rho;
        psi             none;
        gamma           1;
        p0              uniform 0;
        value           nonuniform List<scalar> 
80
(
-0.598123
-0.43815
-0.321839
-0.194582
-0.0969464
-0.0352898
-0.00391408
0
0
0
0
0
0
0
0
0
0
0
0
0
0
0
0
-0.00652429
-0.0288954
-0.0689139
-0.105561
-0.0621634
-0.00223991
0
0
0
0
0
0
0
0
0
0
0
-2.23642e-05
-0.00101645
-0.000496727
-0.000148205
-2.88882e-05
0
0
0
0
0
0
0
0
0
0
0
0
0
0
-0.000234211
-0.00103742
-0.00146219
-0.000114288
0
0
0
0
0
0
0
-0.000348381
0
-0.00105334
0
0
0
0
0
-0.00178032
-0.465163
)
;
    }
    frontAndBack
    {
        type            empty;
    }
}


// ************************************************************************* //
