/*--------------------------------*- C++ -*----------------------------------*\
  =========                 |
  \\      /  F ield         | OpenFOAM: The Open Source CFD Toolbox
   \\    /   O peration     | Website:  https://openfoam.org
    \\  /    A nd           | Version:  8
     \\/     M anipulation  |
\*---------------------------------------------------------------------------*/
FoamFile
{
    version     2.0;
    format      ascii;
    class       volScalarField;
    location    "6.75";
    object      p_rgh;
}
// * * * * * * * * * * * * * * * * * * * * * * * * * * * * * * * * * * * * * //

dimensions      [1 -1 -2 0 0 0 0];

internalField   nonuniform List<scalar> 
9150
(
1963.75
1962.75
1962.1
1961.63
1961.4
1961.41
1961.64
1962.1
1962.73
1963.75
1963.31
1962.8
1962.37
1962.06
1961.89
1961.85
1962.03
1962.37
1962.79
1963.31
1963.04
1962.76
1962.5
1962.28
1962.17
1962.17
1962.29
1962.5
1962.76
1963.04
1962.92
1962.75
1962.58
1962.42
1962.34
1962.34
1962.42
1962.58
1962.75
1962.92
1962.92
1962.74
1962.6
1962.47
1962.41
1962.42
1962.48
1962.6
1962.74
1962.92
1951.81
1951.11
1951.48
1951.86
1952.04
1952.03
1951.84
1951.46
1951.11
1951.82
1955.99
1955.27
1955.15
1955.09
1955.19
1955.2
1955.11
1955.16
1955.3
1956.02
1959.15
1958.39
1958.09
1957.72
1957.65
1957.67
1957.73
1958.09
1958.39
1959.14
1961.91
1960.74
1960.26
1959.66
1959.46
1959.46
1959.62
1960.24
1960.71
1961.88
1964.4
1962.38
1961.6
1960.93
1960.64
1960.65
1960.92
1961.59
1962.37
1964.39
1947.43
1945.76
1943.69
1942.6
1942.06
1942.05
1942.53
1943.53
1945.6
1947.17
1946.53
1946.18
1945.17
1944.78
1944.25
1944.23
1944.71
1945.12
1946.13
1946.44
1945.9
1946.09
1945.03
1945.4
1944.96
1944.97
1945.44
1945.02
1946.04
1945.84
1942.71
1945.62
1944.67
1946.18
1946.04
1946.04
1946.15
1944.64
1945.6
1942.68
1937.1
1946.33
1946.93
1948.21
1948.65
1948.68
1948.24
1946.96
1946.35
1937.11
1295.01
1297.51
1300.17
1302.92
1305.8
1308.3
1309.98
1315.77
1316.16
1318.16
1292.09
1294.72
1297.71
1301.38
1304.47
1307.31
1309.63
1311.84
1314.64
1315.4
1288.41
1291.76
1295.13
1297.98
1301.19
1304.31
1304.33
1307.25
1309.06
1312.1
1285.35
1287.45
1290.29
1293.53
1297.28
1297.35
1299.75
1302.18
1304.76
1311.48
1284.53
1285.59
1287.24
1288.86
1288.74
1292.37
1295.3
1301.86
1307.74
1308.52
1286.86
1288.16
1286.19
1284.47
1288.03
1291.43
1299.45
1303.31
1305.31
1306.84
1266.54
1279.85
1287.18
1289.63
1291.85
1297.16
1300.51
1302.36
1304.09
1305.87
1268.03
1269.22
1286.85
1294.11
1296.74
1298.46
1299.43
1300.56
1302.06
1303.69
1289.1
1274.87
1270.87
1277.17
1298.19
1297.34
1282.08
1278.87
1286.64
1300.49
1290.53
1284.27
1268.46
1270.03
1272.18
1272.82
1274.21
1276.16
1277.21
1284.16
1292.52
1294.15
1286.68
1270.17
1271.95
1273.22
1274.6
1276.51
1285.7
1303
1297.35
1298.96
1299.27
1293.15
1287.41
1288.64
1293.91
1301.35
1307.54
1308.55
1301.08
1301.53
1302.02
1303.02
1304.62
1306.45
1307.9
1308.36
1309
1309.47
1303.07
1300.71
1298.16
1281.84
1276.3
1298.35
1304.61
1301.14
1300.21
1305.85
1308.07
1280.53
1256.91
1257.59
1258.16
1258.23
1259.86
1259.39
1259.65
1262
1313.69
1314.43
1305.51
1261.16
1260.06
1260.44
1260.87
1261.46
1262.02
1262.73
1317.27
1318.17
1318.99
1315.59
1303.63
1290.78
1283.25
1280.82
1278.88
1276.87
1314.3
1315.68
1320.78
1322.78
1323.75
1324.64
1325.22
1325.62
1325.8
1325.86
1316.61
1319.01
1324.09
1325.45
1326.28
1327.01
1327.69
1328.26
1328.71
1329.09
1320.25
1325.27
1327.09
1327.92
1328.57
1329.06
1329.45
1329.83
1330.18
1330.49
1327.11
1328.1
1329.16
1330.05
1330.69
1330.38
1331.26
1331.39
1331.55
1331.71
1328.53
1329.49
1330.37
1331.05
1330.13
1329.91
1330.91
1332.01
1332.05
1331.98
1329.45
1330.53
1331.24
1331.68
1325.2
1320.87
1320.96
1323.29
1323.02
1321.03
1330.92
1331.4
1332.15
1332.45
1323.26
1321.31
1321.33
1321.34
1321.39
1321.33
1332.56
1333.21
1333.72
1334.08
1331.81
1325.33
1330.34
1331.76
1326.84
1332.43
1333.93
1334.71
1335.34
1335.73
1336.1
1336.14
1336
1335.73
1332.34
1328.34
1334.63
1335.33
1335.72
1335.93
1336.26
1336.43
1336.42
1336.12
1335.67
1334.35
1333.97
1334.58
1335.07
1335.39
1335.55
1335.3
1335.36
1335.36
1335.71
1335.5
1330.76
1333.85
1334.42
1334.8
1335.04
1335.13
1335.09
1335.01
1334.94
1332.26
1283.9
1320.17
1334.61
1334.89
1334.96
1334.73
1333.2
1333.94
1334.47
1334.58
1249.2
1260.38
1301.18
1325.42
1335.48
1333.81
1325.52
1322.53
1325.58
1331.91
1250.36
1250.07
1249.54
1309.86
1335.27
1332.06
1327.14
1314.11
1302.29
1304.33
1253.6
1257.34
1278.71
1307.74
1334.08
1334.61
1334.97
1321.22
1305
1297.37
1340.69
1338.97
1340.12
1338.56
1334.62
1332.32
1335.12
1334.79
1334.2
1333.52
1343.83
1341.37
1339
1337.02
1335.62
1331.12
1332.88
1334.37
1331.02
1325.52
1344.48
1341.22
1337.98
1331.21
1321.78
1316.11
1317.83
1315.25
1314.9
1313.72
1346.31
1342.7
1335.29
1299.4
1298.65
1298.4
1317.3
1335.84
1335.58
1334.66
1343.8
1333.41
1325.77
1336.84
1335.44
1335.56
1336.01
1336.42
1336.59
1336.7
1319.02
1318.61
1307.35
1264.66
1250.75
1296.62
1320.8
1333.94
1337.44
1337.72
1098.64
1078.49
1075.18
1074.19
1074.07
1074
1126.65
1320.21
1326.45
1308.83
1337.85
1336.04
1216.09
1070.05
1094.61
1282.03
1329.86
1324.1
1183.47
1118.7
1328.46
1327.2
1327.31
1329.38
1331.75
1333.48
1335.81
1337.7
1338.75
1339.85
1277.85
1244.26
1226.61
1230.43
1260.85
1294
1316.82
1336.88
1338.38
1338.17
882.469
850.95
852.244
855.386
862.284
976.874
1304.53
1335.06
1335.75
1319.06
845.6
845.993
847.68
850.775
851.958
852.222
1010.52
1311.83
1325.93
1322.83
844.207
845.17
845.791
850.104
841.451
839.375
845.711
943.348
1223.67
1224.01
840.048
841.638
843.068
854.89
848.404
843.921
854.821
873.416
877.469
878.509
860.711
841.959
1091.63
1320.62
1091.5
895.117
1225.27
1333.57
1131.69
897.773
1228.7
1293.98
1309.99
1318.55
1322.61
1324.86
1323.91
1326.26
1326.59
1327.45
808.999
812.9
898.38
1125.11
1139.9
1160.67
1227.88
1255.81
1313.77
1320.96
812.207
827.384
872.723
881.785
885.475
880.621
876.94
873.354
1030.16
1125.4
1154.55
1148.87
1168.35
1187.3
1192.78
1197.97
1178.08
1006.69
869.381
864.845
997.885
849.989
832.814
918.125
1135.95
1203.19
1206.84
1209.91
1211.43
1198.33
916.531
586.386
555.99
556.299
612.43
868.741
1060.08
1076.62
1052.25
1114.89
1322.41
1088.45
619.573
553.975
554.886
552.42
723.194
813.674
858.431
974.627
1362.59
1370.96
1283.36
696.386
553.871
553.557
789.566
1338.53
1384.97
1222.81
1372.44
1378.12
1383.78
1373.17
796.91
557.172
683.609
1234.03
1396.12
1399.41
1378.6
1382.38
1388.09
1393.97
1399.68
775.247
663.338
860.025
1382.05
1405.99
1386
1385.57
1386.79
1390.89
1391.65
1241.86
665.08
941.244
1395.39
1408.31
1389.9
1361.85
1283.39
1261.75
1305.83
788.017
710.662
1240.05
1393.45
1400.83
1209.24
867.403
592.792
469.714
470.301
475.693
581.158
859.122
1083.67
1347.69
476.533
464.886
467.704
471.793
476.181
485.243
494.752
502.169
654.453
1240.76
466.752
466.941
467.477
469.064
473.049
496.74
673.433
848.179
1165.02
1347.75
467.658
466.98
466.592
466.271
481.94
1068.35
1372.64
1330.54
1292.91
1215.54
461.899
461.265
460.853
462.825
1136.39
1404.54
1381.46
1219.76
1214.2
1027.11
454.536
453.77
453.942
904.881
1422.64
1408.24
1163.63
904.612
934.764
1235.6
447.943
446.518
753.646
1446.07
1409.89
1402.91
693.682
923.301
1391.53
1417.33
479.784
679.45
1404.01
1487.09
1322.72
1347.87
600.876
1389.61
1442.28
1435.81
1189.58
1385.43
1484.11
1486.34
1327.81
1335.1
570.709
1461.96
1458.55
1452.46
1475.19
1474.1
1478.71
1481.49
1323.04
1333.59
534.614
1365.77
1470.42
1464.16
1466.9
1466.49
1460.24
1233.79
1324.55
1326.62
460.406
1204.99
1471.11
1472.05
1460.1
1456.8
1151.66
421.806
1336.84
1321.92
443.925
971.046
1397.55
1440.79
1456.78
916.96
359.05
387.467
1344.92
1340.21
422.492
1075.5
1395.46
1406.41
911.723
327.706
329.597
338.813
1357.27
1325.04
391.258
706.476
1174.15
1362.7
316.484
312.666
313.896
317.124
1352.47
1339.16
364.624
369.515
931.384
980.165
312.061
308.714
304.654
318.325
1367.69
1361.63
343.086
337.668
814.173
527.321
363.778
364.071
354.86
309.859
1391.4
1363.91
325.269
322.038
404.775
55.9553
342.499
369.805
274.858
314.317
1420.27
1416.61
324.43
369.058
114.768
0.775662
85.3204
142.225
242.628
319.547
1452.93
1438.76
344.756
393.062
82.426
0.674072
0.322203
0.309948
48.4986
313.043
1487.03
1449.85
353.034
398.73
76.1768
0.429994
0.225238
0.224367
0.242804
352.001
1513.48
1515.53
358.995
275.431
47.4542
2.26347
0.218295
0.221839
0.207767
397.101
1541.18
1547.8
402.246
16.8614
9.61863
7.10855
0.224418
0.302386
0.193407
452.675
1581.48
1570.55
443.984
0.365626
0.304978
1.12172
0.289517
0.287624
0.188902
507.18
1610.65
1600.19
498.815
0.182769
0.860344
0.156746
0.277834
0.19326
0.197764
559.501
1623.79
1644.42
581.116
0.104159
0.755163
0.0513341
0.150741
0.159454
0.168057
628.649
1651.95
1667.7
643.057
0.107293
0.380895
0.0621505
0.125358
0.135879
0.143066
721.562
1681.76
1691.49
727.601
0.129287
1.04798
0.0675193
0.125291
0.134419
0.141899
803.663
1707.85
1714.37
811.318
0.181452
1.52551
0.28149
0.130657
0.132771
0.129074
936.603
1738.21
1729.6
930.189
0.274714
3.25899
0.630576
0.132055
0.13348
0.128605
1049.86
1760.86
1752.64
1041.41
0.31824
4.33021
1.4777
0.138041
0.141439
0.147263
1205.75
1777.11
1776
1204.36
0.453464
4.37939
1.64333
0.132421
0.135142
0.147837
1336.03
1795.65
1798.51
1339.28
1.25599
3.24944
1.78024
0.113512
0.119045
46.177
1495.59
1816.37
1815.66
1494.61
48.7381
-0.0279007
0.168033
0.0925085
0.101498
188.985
1617.62
1835.59
1835.44
1617.73
189.597
-0.0404179
-0.0399261
0.085015
0.0549536
399.297
1754.79
1854.5
1853.91
1754.22
396.007
-0.0334804
-0.0312862
0.0324448
0.0242544
726.551
1839
1874.07
1874.04
1839.59
709.651
-0.0273012
-0.0239345
0.0412055
0.0392982
1249.87
1891.77
1892.57
1892.54
1891.52
1202.47
0.0054074
-0.0165094
0.0278967
143.019
1658.66
1910.33
1911.75
1911.71
1910.22
1640.01
126.622
-0.00773934
-0.0184811
1069.14
1924.6
1926.75
1926.72
1926.69
1926.77
1924.99
1071.97
-0.00480689
587.04
1867.08
1939.27
1937.35
1936.47
1936.51
1937.46
1939.42
1875.64
602.9
1320.17
1322.23
1323.37
1323.81
1323.4
1322.63
1321.54
1320.71
1320.08
1319.8
1319.77
1319.66
1319.59
1319.56
1319.66
1319.74
1319.93
1320.02
1320.27
1320.4
1320.53
1320.63
1320.63
1320.65
1320.71
1320.57
1320.39
1320.2
1320.16
1319.81
1320.07
1320.25
1320.59
1320.92
1320.74
1321.38
1321.78
1321.75
1322.56
1322.8
1317.66
1320.43
1322.32
1322.45
1321.81
1321.03
1320.29
1319.55
1319.55
1318.98
1319.34
1319.09
1319.24
1319.22
1319.46
1319.74
1319.88
1320.19
1320.19
1320.4
1320.54
1320.57
1320.72
1320.47
1320.43
1320.25
1319.87
1319.59
1319.47
1319.1
1319.61
1319.79
1320.11
1320.63
1320.72
1321.38
1321.62
1321.85
1322.07
1322.22
1316.3
1315.22
1317.3
1318.38
1318.44
1318.28
1317.88
1317.23
1318.44
1317.35
1318.81
1318.65
1319.04
1319.18
1319.25
1319.58
1319.88
1319.99
1320.16
1320.45
1320.96
1320.94
1320.79
1320.36
1320.09
1319.66
1319.76
1319.89
1319.45
1320.01
1321.39
1322.2
1322.46
1322.27
1322.01
1322.07
1322.05
1322.03
1322.43
1322.52
1311.72
1306.97
1308.49
1311.92
1315.06
1315.57
1315.85
1316.24
1316.48
1317.41
1314.27
1315.95
1316
1318.86
1319.59
1319.6
1320.02
1320.16
1320.23
1320.37
1321.32
1321.18
1320.94
1320.65
1319.63
1318.2
1317.23
1318.72
1319.78
1319.13
1318.57
1320.17
1321.46
1322.3
1321.79
1320.93
1321.35
1321.38
1322.62
1322.81
1301.82
1298.45
1300.38
1300.84
1308.52
1314.06
1314.87
1315.52
1316.23
1316.64
1316.65
1315.7
1315.49
1316.41
1319.8
1320.56
1320.91
1320.9
1320.38
1320.49
1320.61
1321.37
1321.23
1321.02
1320.73
1313.78
1311.04
1309.22
1315.68
1314.86
1317.15
1317.86
1318.2
1320.87
1322.16
1320.64
1321.19
1322.03
1322.84
1323.02
1296.82
1295.68
1297.65
1298.86
1304.27
1314.39
1315.2
1315.88
1316.57
1316.5
1317.84
1318.65
1317.8
1313.22
1316.86
1321.01
1321.43
1321.72
1321.18
1320.75
1320.66
1321.75
1322.04
1321.94
1321.92
1321.69
1310.62
1306.19
1306.61
1306.87
1316.21
1319.91
1318.57
1318.91
1322.26
1323.06
1322.22
1323.18
1323.31
1323.36
1304.84
1298.68
1296.68
1301.04
1311.64
1314.66
1315.42
1316.16
1317
1316.57
1318.5
1319.33
1317.58
1310.53
1312.48
1321.39
1322.01
1322.3
1322.59
1321.55
1321.22
1321.25
1322.56
1322.98
1323.04
1323.01
1318.85
1307.04
1307.18
1306.68
1308.51
1321.19
1321.87
1319.63
1320.68
1323.46
1323.42
1323.46
1323.74
1323.76
1305.72
1307.42
1308.23
1311.08
1313.01
1314.18
1315.29
1316.3
1317.12
1316.67
1318.84
1320.37
1318.44
1307.29
1307.52
1318.96
1322.43
1322.86
1323.26
1323.16
1321.74
1321.98
1322.6
1324.17
1324.47
1323.8
1310.98
1307.53
1307.72
1307.85
1311.13
1322.69
1323.22
1319.9
1322.68
1323.86
1323.81
1323.89
1323.88
1320.63
1304.13
1306.66
1308.95
1310.89
1312.53
1314
1315.26
1316.42
1316.2
1316.65
1319.22
1321.37
1316.53
1304.24
1305.27
1313.56
1323.02
1323.55
1323.94
1323.84
1322.31
1322.55
1323.32
1324.96
1325.19
1325.31
1314.65
1308.01
1307.88
1318.72
1325.5
1323.98
1322.7
1322.67
1324.52
1324.82
1324.58
1324.49
1324.08
1315.75
1304.8
1307.52
1309.2
1310.74
1312.15
1313.57
1315.09
1315.37
1315.59
1316.67
1320.66
1322.17
1315.28
1302.06
1302.99
1310.26
1324.21
1324.56
1324.74
1324.22
1322.97
1323.05
1325.32
1325.87
1326.04
1326.17
1321.82
1322.6
1325.56
1327.81
1325.64
1323.87
1325.47
1326.32
1326.04
1325.67
1325.19
1325.84
1319.89
1312.85
1307.73
1308.23
1309.16
1310.63
1312.2
1313.78
1315.31
1313.99
1315.68
1318.62
1321.8
1323.06
1320.62
1300.18
1300.95
1303.59
1324.12
1325.33
1325.5
1325.05
1323.51
1323.89
1326.53
1326.78
1326.96
1326.66
1326.61
1327.47
1327.77
1327.9
1325.74
1326.3
1326.16
1325.31
1323.64
1320.88
1311
1314.25
1310.81
1312.02
1308.73
1309.1
1309.66
1310.5
1311.78
1313.4
1315.28
1316.45
1318.15
1320.62
1321
1323.68
1324.44
1304.24
1299.38
1299.28
1313.28
1326.03
1326.32
1325.7
1323.98
1324.16
1327.17
1327.59
1327.77
1327.52
1328.07
1328.24
1328.44
1328.64
1328.09
1326.66
1322.38
1311.41
1304.93
1304.58
1304.67
1305.01
1305.26
1329.14
1309.61
1309.52
1309.85
1310.58
1311.59
1312.89
1314.5
1316.26
1318.79
1320.07
1318.86
1324.26
1325.13
1301.7
1298.22
1298.39
1304.75
1326.49
1327.49
1325.15
1324.38
1324.59
1327.72
1328.35
1328.57
1328.57
1328.55
1328.08
1325.63
1322.38
1328.38
1322.63
1307.39
1304.02
1304.14
1304.41
1304.67
1310.39
1323.87
1328.59
1308.67
1308.73
1306.89
1306.28
1306.15
1305.59
1305.17
1304.65
1299.51
1295.31
1316.27
1323.38
1324.1
1296.34
1297.13
1297.18
1316.21
1327.36
1327.26
1324.39
1324.78
1325.58
1328.72
1329.06
1329.29
1329.25
1329.23
1327.99
1314.82
1313.42
1313.1
1311.79
1309.97
1309.85
1303.49
1312.07
1325.44
1330.13
1329.89
1329.75
1264.09
1264.26
1264.08
1266.57
1268.74
1271.04
1273.21
1275.71
1277.89
1284.23
1319.75
1324.09
1325.29
1301.03
1299.32
1316.62
1328.73
1328.31
1324.76
1324.93
1325.15
1328.2
1329.34
1329.66
1329.81
1329.44
1329.15
1328.49
1318.05
1313.65
1316.8
1328.87
1320.75
1321.32
1325.16
1329.67
1329.93
1329.99
1330.12
1330.21
1263.66
1264.93
1266.39
1267.65
1280.72
1290.03
1293.18
1293.28
1290.49
1308.18
1325.98
1326.75
1322.83
1321.45
1324.85
1328.56
1328.91
1329.03
1325.59
1325.51
1327.71
1329.52
1329.69
1329.92
1330.02
1329.43
1328.74
1328.16
1326.09
1321.42
1327.37
1327.57
1326.74
1320.54
1324.47
1329.86
1330.18
1330.27
1330.42
1330.3
1277.51
1286.59
1296.31
1311.39
1323.23
1328.6
1330.48
1330.66
1329.56
1330.02
1329.13
1327.94
1327.26
1328.7
1328.91
1328.95
1329.11
1329.24
1328.98
1328.94
1329.63
1329.69
1329.69
1329.66
1329.56
1328.29
1326.47
1327.32
1327.87
1325.87
1325.21
1325.22
1326.3
1319.63
1320.09
1327.53
1330.44
1330.78
1330.45
1330.53
1326.09
1327.45
1328.88
1329.49
1330.18
1330.82
1331.3
1331.5
1331.37
1330.79
1330.25
1329.86
1329.6
1329.16
1327.22
1329.12
1329.14
1329.38
1329.57
1329.52
1329.38
1329.35
1329.34
1329.34
1329.34
1327.06
1326.83
1327.17
1328.55
1328.06
1303.45
1308.24
1326.8
1328.59
1320.91
1327.66
1331.26
1331.64
1331.35
1331.38
1329.46
1329.54
1330.22
1330.6
1331
1331.33
1331.59
1331.68
1331.59
1331.29
1330.9
1330.58
1330.32
1324.16
1322.22
1322.72
1327.93
1329.12
1328.91
1328.71
1328.5
1328.4
1328.22
1328.21
1328.52
1327.92
1327.67
1330.26
1330.52
1328.39
1287.01
1290.96
1325.7
1332.12
1324.61
1330.07
1332.62
1332.91
1333.1
1332.59
1330.77
1330.94
1331.29
1331.52
1331.71
1331.87
1332.01
1332.05
1331.98
1331.82
1331.58
1330.62
1324.3
1322.61
1322.38
1322
1323.21
1329.21
1324.09
1323.44
1324.35
1326.46
1326.04
1326.38
1327.68
1329.32
1330.65
1331.61
1332.16
1291.92
1284.4
1286.03
1327.58
1333.79
1333.67
1333.48
1334.37
1334.53
1334.65
1334.08
1331.88
1332.08
1332.21
1332.24
1332.21
1332.27
1332.4
1332.49
1332.52
1332.49
1332.39
1332.26
1324.3
1323.27
1323.08
1322.65
1330.2
1328.88
1293.59
1290.74
1326.84
1327.13
1326.87
1327.26
1328.84
1330.73
1332.1
1319.73
1289.04
1282.38
1282.84
1300.94
1333.99
1335.68
1335.93
1336.04
1336.14
1336.25
1336.1
1335.68
1332.3
1332.46
1332.57
1332.66
1329.65
1330.09
1332.7
1332.92
1333.06
1333.14
1333.2
1333.28
1330.86
1324.04
1324.13
1328.82
1333.24
1306.71
1282.47
1283.77
1307.11
1306.86
1306.53
1292.54
1293.05
1293.11
1287.56
1281.98
1282.29
1282.76
1294.58
1331.29
1335.08
1337.53
1337.59
1337.66
1337.76
1337.84
1337.79
1337.19
1323.16
1324.24
1324.59
1325.25
1325.16
1325.3
1325.28
1332.4
1333.58
1333.66
1333.79
1333.99
1328.99
1324.64
1324.9
1329.33
1335.19
1318.27
1283.95
1284.38
1284.32
1284.64
1284.87
1307.01
1302.83
1298.73
1294.26
1289.33
1290.75
1310.28
1336.9
1339.11
1336.7
1338.78
1338.87
1338.91
1339.02
1339.15
1339.17
1338.44
1327.64
1332.05
1331.88
1329.94
1330.08
1329.7
1331.96
1333.9
1334.02
1334.14
1334.05
1327.39
1324.99
1325.15
1325.12
1326.23
1336.25
1335.91
1310.8
1285.96
1299.47
1316.81
1323.42
1335.93
1336.36
1335.94
1335.29
1334.02
1335.68
1339.81
1340.26
1340.08
1339.85
1339.69
1339.67
1339.71
1339.83
1339.99
1339.85
1339.77
1332.38
1332.35
1332.2
1329.08
1332.18
1332.25
1332.31
1332.34
1332.95
1334.69
1334.05
1333.56
1325.34
1325.24
1326.24
1333.72
1336.51
1337.23
1337.29
1330.79
1335.41
1337.98
1337.65
1337.8
1338.28
1338.61
1339
1339.37
1339.63
1340.25
1340.38
1340.34
1340.23
1340.14
1340.12
1340.17
1339.05
1331.96
1338.21
1340.34
1328.09
1327.94
1327.84
1327.73
1327.66
1327.59
1329.18
1334.24
1334.42
1334.69
1334.96
1335.25
1335.15
1332.4
1331
1335.74
1336.59
1337.24
1337.74
1338.15
1338.34
1338.41
1338.37
1338.52
1338.85
1339.16
1339.48
1339.12
1339.07
1339.32
1340.54
1340.58
1340.53
1340.49
1340.58
1337.81
1330.03
1329.99
1334.83
1341
1333.67
1334.48
1329.63
1327.76
1327.62
1327.38
1331.33
1333.94
1334.05
1333.96
1334.38
1334.47
1334.11
1325.86
1304.34
1313.65
1336.51
1337.14
1337.68
1338.19
1338.55
1338.79
1338.93
1339.1
1339.41
1339.66
1339.19
1338.93
1339.17
1339.37
1340.2
1340.9
1340.85
1336.6
1332.41
1329.55
1329.74
1329.9
1335.45
1341.69
1335.18
1334.91
1334.43
1333.66
1332.27
1332.32
1333.28
1333.3
1333.32
1333.11
1332.71
1334.04
1335.21
1327.07
1303.71
1304.82
1306.7
1327.64
1338.23
1338.7
1339.04
1339.28
1339.48
1339.64
1339.84
1340.07
1340.17
1339.15
1339.35
1339.53
1340.64
1341.16
1341.26
1332.98
1329.67
1329.89
1330.1
1330.24
1339.78
1342.22
1331.63
1331.5
1331.37
1332.27
1333.94
1333.43
1332.87
1332.62
1332.87
1333.68
1330.98
1320.96
1327.46
1335.04
1330.1
1314.08
1307.32
1307.51
1312.15
1336.82
1339.69
1339.9
1340.03
1340.09
1340.21
1340.34
1340.43
1340.3
1339.4
1339.56
1341.05
1341.25
1341.49
1338.87
1334.47
1331.37
1332.04
1338.67
1342.98
1342.51
1332.79
1331.01
1330.62
1333.13
1333.46
1333.05
1332.52
1332.65
1333.97
1334.76
1335.55
1324.67
1290.63
1326.94
1336.64
1337.19
1326.72
1307.54
1307.56
1307.4
1322.46
1340.42
1340.55
1340.56
1340.49
1340.49
1340.52
1340.6
1339.88
1340.18
1341.03
1341.21
1341.41
1341.85
1342.31
1342.33
1342.61
1343.45
1343.59
1343.05
1332.83
1332.18
1332.66
1332.94
1333.25
1333.57
1334.03
1334.59
1335.22
1335.61
1332.73
1288.61
1286.74
1287.46
1302.98
1337.3
1337.9
1333.8
1311.72
1307.32
1307.24
1314.95
1339.45
1340.86
1340.8
1340.69
1340.59
1340.57
1340.64
1340.83
1341.07
1341.35
1341.49
1342.09
1342.7
1343.29
1343.79
1344.21
1344.4
1343.94
1315.17
1311.53
1312
1313.87
1307.53
1286.37
1283.46
1299.71
1300.25
1283.58
1283.94
1284.89
1285.78
1292.45
1325.48
1329.02
1326.06
1339.21
1340.54
1316.76
1306.9
1307.02
1322.9
1340.87
1340.86
1340.74
1340.59
1340.48
1340.46
1340.8
1341.26
1341.74
1342.01
1342.52
1343.21
1344.09
1344.69
1345.22
1345.43
1345.55
1291.66
1290.94
1281.9
1281.82
1281.79
1282.04
1282.35
1282.67
1283.08
1295.64
1329.32
1332.46
1333.4
1337.17
1335.59
1323.45
1323.7
1328.96
1339.47
1339.73
1318.36
1306.68
1325.36
1340.64
1340.67
1340.65
1340.47
1340.28
1340.25
1340.7
1341.49
1342.31
1342.85
1343.4
1344.14
1344.86
1345.71
1346.33
1346.67
1346.82
1332.85
1331.58
1326.86
1320.7
1319.07
1316.51
1320.26
1328.34
1329.3
1334.89
1336.28
1336.26
1336.98
1337.42
1329.27
1328.9
1332.06
1337.35
1338.96
1339.49
1339.11
1335.15
1338.06
1338.49
1339.73
1334.25
1310.18
1307.32
1325.16
1341.44
1342.49
1343.43
1344.11
1344.79
1345.46
1346.02
1346.65
1347.5
1347.86
1348
1319.54
1316.26
1315.3
1306.63
1306.8
1307.31
1321.13
1333.05
1333.32
1334.85
1335.81
1335.82
1333.4
1339.12
1338.97
1340.17
1339.95
1339.8
1339.96
1340.33
1340.56
1340.62
1340.61
1327.34
1297.47
1290.66
1290.4
1290.93
1291.12
1315.11
1344.62
1345.24
1345.7
1346.23
1346.82
1347.2
1347.93
1348.53
1348.84
1348.96
1312.13
1310.39
1323.68
1330.35
1330.77
1331.58
1331.52
1304.56
1252.6
1252.75
1253.16
1267.85
1330.98
1339.66
1340.26
1335.75
1325.3
1330.68
1340.98
1341.89
1342.1
1342.14
1342.13
1331.09
1315.9
1290.74
1291.54
1292.49
1292.97
1315.57
1347.19
1347.24
1347.29
1347.55
1347.95
1348.46
1349
1349.33
1349.75
1336.92
1333.32
1332.24
1328.15
1271.02
1249.24
1250.02
1250.95
1250.55
1251.94
1253.74
1255.3
1256.31
1258.98
1323.93
1342.3
1317.55
1312.43
1312.88
1312.97
1312.74
1341.29
1335.3
1337.16
1336.78
1337.98
1334.66
1298.87
1293.61
1310.03
1344.99
1349.35
1348.66
1348.39
1348.45
1348.82
1349.34
1349.78
1350.27
1347.56
1334.75
1336.27
1331.26
1261.57
1247.45
1249.11
1251.17
1278.83
1320.28
1321.52
1316.66
1271.75
1298.02
1339.8
1341.7
1341.62
1340.72
1340.54
1340.27
1336.24
1339.21
1306.51
1305.06
1305.39
1323.77
1337.57
1341.17
1341.79
1336.73
1349.7
1351.16
1350.31
1349.3
1348.75
1348.71
1348.97
1349.77
1350.09
1350.4
1342.23
1334.99
1334.19
1314.47
1300.23
1291.32
1294.29
1308.45
1311.63
1281.04
1311.44
1330.36
1331.4
1332.07
1331.22
1337.49
1339.81
1336.71
1338.86
1339.86
1339.63
1338.6
1313.61
1303.54
1304.74
1325.92
1316.57
1323.72
1349.33
1351.28
1352.09
1351.44
1349.85
1347.82
1346.7
1347.47
1348.73
1349.12
1349.54
1349.54
1348.23
1337.68
1316.39
1197.45
1113.14
1112.69
1153.37
1300.57
1282.8
1270.05
1270.57
1269.77
1295.12
1302.82
1282.13
1281.02
1311.7
1289.16
1259.47
1222.5
1326.17
1339.63
1339.81
1329.77
1339.13
1328.99
1211.77
1300.31
1348.28
1350.23
1350.69
1349.12
1346.1
1314.64
1298.05
1346.79
1347.84
1348.7
1349.34
1348.37
1346.14
1327.19
1118.25
1118.04
1113.83
1114.42
1144.4
1187.22
1264.95
1310.34
1317.43
1343.69
1343.18
1306.19
1299.36
1280.85
1292.78
1292.44
1126.87
1089.06
1235.78
1340.6
1340.98
1339.8
1339.13
1290.44
1199.1
1252.76
1347.34
1349.19
1349.78
1348.45
1314.8
1237.31
1238.84
1319.15
1350.29
1351.23
1351.58
1350.24
1275.64
1281.13
1340.83
1342.7
1335.17
1320.09
1346.04
1346.72
1347.13
1347.33
1346.86
1344.24
1344.02
1342.71
1341.1
1335.95
1171
1072.14
1080.23
1082.63
1256.16
1342.29
1340.74
1339.43
1306.41
1188.23
1191.29
1193.92
1327.51
1346.6
1342.02
1350
1316.77
1237.93
1238.94
1239.99
1297.27
1316.23
1328.71
1320.32
1241.68
1273.69
1337.79
1342.36
1345.62
1347.8
1349.23
1350.15
1350.36
1344.34
1337.27
1335.52
1343
1344.12
1340.59
1265.34
1084.84
1070.01
1225.45
1352.06
1348.33
1345.28
1342.87
1329.99
1211.19
1188.53
1190.77
1192.34
1198.81
1199.98
1237.69
1339.96
1345.91
1321.4
1241.55
1242.52
1242.7
1243.53
1243.18
1244.13
1244.42
1279.69
1320.07
1333.92
1344.65
1346.41
1343.68
1338.18
1339.63
1339.16
1337.78
1343.71
1344.6
1345.24
1226.34
1061.51
1062.64
1062.76
1238.48
1353.84
1351.55
1348.92
1346.83
1296.76
1189.2
1190.91
1193.43
1194.89
1194.92
1195.57
1196.62
1213.74
1339.44
1361.39
1339.81
1288.31
1258.33
1245.96
1246.1
1257.56
1270.76
1305.53
1329.58
1336.53
1341.13
1335.35
1332.89
1344.5
1347.66
1347.38
1345.78
1344.49
1344.63
1346.66
1224.05
1062.17
1064.75
1156.57
1359.31
1358.27
1356.53
1354.64
1353.34
1300.25
1193.43
1195.6
1197.49
1198.31
1198.22
1198.26
1198.7
1199.07
1292.82
1363.4
1364.75
1363.91
1355.36
1328.68
1303.42
1351.31
1360.67
1312.28
1188.8
1253.97
1266.78
1082.04
1042.86
1243.69
1320.65
1342.94
1342.97
1342.85
1344.41
1348.41
1235.11
1064.78
1165.65
1362.07
1362.76
1354.49
1348.44
1362.35
1356.54
1256.08
1200.43
1201.25
1201.48
1201.08
1200.66
1200.37
1200.8
1200.64
1329.27
1366.05
1367.03
1367.57
1367.83
1368.03
1368.18
1368.69
1368.79
1311.16
881.438
883.791
1051.43
942
943.785
944.182
1002.24
1298.01
1338.81
1344.52
1348.1
1347.56
1295.74
1305.79
1361.91
1365.04
1343.4
1253.49
1297.54
1371.26
1326.41
1204.09
1204.32
1206.28
1289.53
1290.81
1284.47
1282.24
1287.51
1312.69
1366.04
1369.42
1369.58
1369.81
1369.95
1370.07
1370.18
1370.4
1370.5
1312.78
892.551
1071.1
1111.05
938.856
937.616
938.972
940.749
949.352
1273.16
1349.29
1354.5
1359.22
1309.65
1273.75
1343.55
1355.8
1322.67
1212.63
1335.27
1369.33
1366.95
1351.08
1273.29
1211.82
1271.33
1314.14
1323.79
1349.81
1370.71
1375.95
1373.94
1372.2
1371.45
1371.83
1371.81
1371.83
1371.89
1372.1
1372.27
1350.12
1328.51
1332.64
1336.03
1330.08
1055.34
943.49
938.963
979.801
1229.22
1351.62
1357.35
1363.01
1266.13
1203.67
1206.95
1207.23
1308.35
1199.44
1248.72
1356.91
1371.85
1241.28
1128.97
1129.5
1128.79
1127.81
1129.03
1203.72
1286.91
1330.47
1311.12
1222.24
1221
1251.23
1267.94
1314.29
1354.19
1373.83
1374.12
1374.45
1323.2
1325.56
1328.29
1331.51
1335.31
1338.59
1340.37
1280.62
1194.94
1347.68
1355.3
1363.55
1370.79
1375.01
1289.61
1212.29
1168.69
1164.73
1159.96
1158.07
1253.46
1350.53
1348.9
1227.61
1102.74
1143.06
1178.76
1174.47
1180.18
1329.05
1329.6
1327.86
1217.61
1214.74
1214.25
1213.43
1213.9
1247.1
1351.36
1377.11
1198.65
1287.04
1321.71
1327.04
1333.78
1324.09
1289.53
1131.07
1026.07
1177.39
1345.15
1360.35
1368.43
1374.07
1379.17
1383.37
1384.79
1374.53
1324.63
1322.39
1314.09
1164.04
1016.2
1017.74
1018.52
1016.62
1015.21
1013.71
1010.15
1146.67
1301.89
1353.7
1375.82
1374.88
1368.89
1262.28
1216.28
1217.36
1283.95
1380.32
863.983
959.18
1292.2
1336.3
1332.11
1287.09
971.096
656.069
588.53
631.832
959.084
1298.38
1365.84
1372.53
1378.96
1382.92
1377.86
1386.41
1386.31
1385.62
1387.39
1360.79
1020.12
1019.19
1017.14
1015.22
1018.03
1050.53
1013.59
1008.39
1028.03
1251.71
1380.33
1379.73
1379.03
1374.28
1365.73
1356.31
1309.29
1374.65
875.869
925.621
1188.92
1320.52
1333.18
1314.27
741.872
574.149
575.991
574.965
574.303
837.261
1263.23
1360.91
1382.22
1382.24
1275.27
1269.76
1389.77
1396.43
1395.65
1374.42
1113.59
1026.53
1165.61
1278.02
1299.54
1292.68
1282.8
1197.19
1249.02
1349.62
1378.37
1375.93
1374.38
1375.32
1373.36
1350.1
1364.41
1376.41
1110.75
1089.93
952.833
764.685
921.254
1101.98
658.071
562.015
563.541
562.399
560.345
686.395
1055.2
1155.72
1288.75
1385.61
1260.15
1165.92
1164.17
1398.95
1409.72
1405.86
1396.72
1400.75
1397.38
1391.96
1366.43
1105.71
819.356
804.117
830.893
926.802
988.807
1015.88
943.622
1098.08
959.355
957.515
1298.42
1377.36
888.959
641.016
553.979
554.051
553.021
632.833
594.787
552.944
552.471
550.296
546.467
870.005
1070.52
1092.86
1107.27
1170.46
1285.43
1213.95
1105.25
1156.86
1426.81
1419.24
1412.43
1406.39
1400.92
1393.36
1174.15
809.9
806.409
804.362
802.943
818.586
794.648
791.832
789.861
786.408
786.762
786.768
964.942
1387.27
787.754
557.478
555.094
554.697
554.34
553.522
552.139
551.146
549.346
546.885
544.287
655.826
1280.11
1383.47
1207.43
1150.23
1175.41
1321.16
1171.66
1135.19
1415.67
1428.16
1417.71
1410.15
1403.02
1396.78
1391.13
1228.59
848.075
808.942
1106.34
1111.98
1024.62
788.843
785.893
784.647
783.907
782.504
783.012
933.657
1371.93
946.088
587.927
555.361
554.81
554.594
554.016
551.703
548.671
546.361
545.732
664.534
1263.6
1394.86
1405.25
1388.22
1233.77
1209.54
1279.1
1279.87
1195.46
1215.77
1404.06
1411.99
1403.45
1399.03
1396.18
1394.72
1394.21
1320.99
1086.04
999.262
1198.36
1204.2
1188.78
825.751
801.376
1041.35
1012.63
976.73
1408.11
1410.15
1230.94
985.988
803.091
685.905
672.713
804.494
1029.15
970.655
910.57
1108.63
1381.15
1400.43
1405.79
1417.11
1429.5
1276.14
1224.33
1275.01
1129.88
1100.45
1085.9
1140.15
1257.73
1403.33
1399.16
1394.53
1389.89
1342
984.044
950.422
950.251
1032.53
1279.69
1313.13
1350.56
1359.69
1363.16
1351.07
1408.66
1410.98
1413.19
1412.96
1412.18
1410.89
1408.61
1405.5
1397.97
1388.98
1382.53
1380.37
1380.12
1381.98
1377.89
1387.06
1402.85
1413.71
1421.66
1348.63
1168.28
1077.02
1072.94
1070.98
1119.59
1363.76
1357.39
1383.38
1383.68
1381.38
1296.02
972.629
947.289
976.761
955.151
958.992
971.341
1269.19
1378.09
1379.92
1404.42
1406.48
1406.58
1403.11
1397.43
1391.28
1383.95
1376.25
1366.86
1357.33
1348.49
1341.85
1283.41
1212.99
1296.1
1348.14
1365.8
1376.37
1384.87
1389.09
1242.9
1050.81
1050.24
1050.23
1158.1
1344.27
1332.06
1320.14
1144.32
1032.24
1115.62
1217.68
1235.44
1243.23
1196.47
1026.57
941.648
943.591
1272.43
1378
1402.59
1398.89
1393.38
1385.21
1375.06
1363.87
1352.03
1339.24
1327
1315.74
1302.65
1184.52
694.513
880.018
1245.94
1266.12
1188.72
1282.53
1341.32
1328.81
999.62
830.741
1134.21
1197.35
1296.66
1288.34
1080.7
874.296
491.904
395.087
392.104
613.048
943.8
1196.89
1342.49
1352.07
1128.35
947.762
1224.31
1383.94
1394.1
1385.25
1370.23
1337.66
1317.62
1320.92
1314.24
1299.44
1193.31
1178.3
1174.17
715.964
280.449
638.077
931.409
846.766
866.37
1213.27
1304.57
1282.98
779.132
786.298
1052.44
1264.75
1271.66
1272.84
1075.75
481.676
381.921
382.879
384.187
385.5
387.555
442.058
1153.37
1350.52
1361.57
1330.39
1346.16
1384.34
1346.8
1326.8
1276.56
996.552
919.698
1148.78
1267.31
1082.79
485.182
423.75
470.328
258.239
194.781
216.24
502.167
808.072
1098.45
1267.47
1290.99
1299.89
948.308
751.16
791.97
1216.15
1259.34
1215.91
681.522
448.148
663.405
1109.07
724.632
381.859
385.274
390.788
891.255
1354.78
1341.66
1379.83
1382.7
1385.9
1119.26
1034.1
827.035
746.687
699.614
696.919
506.859
198.503
270.998
233.073
190.124
190.313
192.007
193.812
194.648
201.804
351.412
1025.84
1279.72
1285.04
1278.1
837.006
426.489
781.325
1047.75
684.67
433.699
434.993
695.653
1161.28
1175.26
1052.89
414.083
552.68
1124.24
1155.55
837.015
1248.63
1379.07
1382.25
1008.99
987.956
1029.24
880.016
569.088
299.185
192.143
187.439
187.373
188.381
189.268
190.063
191.295
192.701
193.51
194.084
194.482
355.096
1145.18
1274
1175.29
639.607
390.948
405.641
427.79
420.388
426.028
431.833
743.249
1176.31
1190.56
1142.83
499.739
1138.8
1191.83
727.262
654.986
1090.12
1341.48
1329.31
1257.03
1297.61
1340.24
1045.07
638.722
338.116
248.127
195.144
185.943
186.457
187.305
188.28
189.934
191.212
192.521
193.45
194.39
329.555
1181.15
1296.05
876.14
379.479
388.916
402.197
412.236
418.264
425.67
508.507
1122.02
1190.93
1198.15
730.561
967.741
1441.29
1100.01
662.361
664.171
660.254
678.207
733.913
1404.66
1393.28
1370.3
1172.69
1123.47
1101.7
954.305
840.737
694.349
430.867
239.566
188.902
190.086
191.215
191.99
192.565
193.092
193.26
749.525
1302.82
1043.02
390.999
398.625
406.783
414.603
420.435
667.302
1162.2
1198.93
1205.27
806.46
630.366
1102.56
1447.03
1353.54
809.853
667.543
741.039
1125.04
1229.44
1426.72
1415.48
1398.09
1389.9
1379.14
1372.05
1366.18
1361.94
1360.48
1359.95
1051.81
477.425
244.813
192.951
193.11
193.113
193.423
193.603
265.685
931.772
1059.83
436.011
428.617
575.854
748.405
1003.63
1179.84
1185.04
1013.75
682.821
600.912
793.206
1389.73
1451.36
1407.57
1186.34
1168.39
1278.39
1304.72
1305.18
1444.43
1434.5
1422.54
1410.79
1401.57
1394.4
1388.53
1384.21
1381.15
1377.84
1374.48
1373.79
1355.44
727.449
234.139
195.874
196.407
197.177
199.471
225.384
594.335
1022.46
1079.49
1075.95
1059.16
966.041
777.468
642.4
557.419
576.479
628.864
1319.86
1411.55
1463.95
1464.16
1464.54
1296.39
1206.09
1186.67
1273.61
1455.38
1445.77
1435.47
1426.13
1417.55
1409.91
1403.67
1399.28
1396.16
1393.6
1387.84
1357.51
1339.05
1339.49
1348.43
1176.37
529.894
317.772
272.509
374.568
883.769
1127.72
1141.42
988.496
588.755
521.364
529.547
537.791
544.458
840.68
1336.66
1439.38
1450.81
1471.37
1468.44
1451.38
1075.09
906.091
904.606
918.878
1463.6
1454.09
1444.29
1435.08
1426.87
1420.06
1414.94
1411.11
1408.18
1405.98
1345.33
1215.47
1211.27
1277.43
1368
1369.27
1368.62
1310.69
1241.14
1236.8
1355.76
1051.56
559.821
513.461
516.82
522.171
526.268
701.808
1164.18
1459.65
1475.78
1476.34
1476.18
1474.52
1454.63
1102.25
905.904
907.968
909.118
1005.74
1444.95
1430.3
1445.8
1435.26
1427.71
1422.31
1419.28
1417.74
1417.13
1417.23
1387.3
1223.68
1223.39
1224.04
1225.44
1350.64
1407.28
1409
1412.21
1415.6
1412.18
1071.6
550.003
532.741
767.921
1007.99
1219.39
1418.68
1473.46
1475.13
1475.62
1475.52
1475.78
1476.41
1474.48
1416.11
982.287
910.263
909.979
1250.27
1215.4
1195.45
1180.33
1212.88
1237.02
1347.22
1416.28
1421.56
1423.69
1424.24
1426
1429.14
1309.97
1238.62
1240.22
1239.1
1327.15
1432.77
1437.06
1440.29
1440.14
1324.88
1183.81
1211.06
1375.93
1437.15
1448.32
1453.05
1455.44
1394.49
1417.07
1435.29
1427.74
1432.27
1467.88
1475.18
1441.32
1217.37
1115.87
1382.35
1343.39
1329.93
948.426
383.43
112.814
396.772
824.233
1145.43
1344.52
1430.75
1434.96
1434.77
1435.66
1439.65
1373.02
1251.83
1258.12
1261.56
1315.32
1455.61
1458.58
1460.19
1459.92
1455.4
1373.08
1241.73
1274.05
1317.25
1248.45
1252.9
1260.15
1261.61
1264.12
1333.29
1475.35
1477.62
1480.27
1394.79
1344.81
1381.51
1276.78
1337.3
904.731
75.2812
2.19912
0.534526
0.198023
0.681167
283.184
837.341
1195.56
1384.42
1443.88
1449.32
1454.73
1459.69
1462.56
1348.72
1279.09
1281.86
1345.41
1468.03
1377.63
1240.83
1222.19
1223.76
1224.3
1224.82
1236.29
1402.62
1489.09
1478.96
1485.52
1475.65
1282.06
1016.04
1034.53
1021.11
1283.78
1377.31
600.146
127.495
180.807
0.563972
0.206626
0.212749
0.192124
0.190937
0.0707496
0.0219517
0.863297
432.41
1103.87
1357.56
1454.28
1467.11
1471.15
1475.89
1480.41
1476.78
1312.99
1179.78
1186.43
1211.03
1225.85
1294.97
1373.91
1433.99
1490.27
1499.32
1496.49
1493.64
1490.81
1317.25
973.716
975.732
978.419
982.467
1277.26
1401.36
12.3894
5.64795
1.36457
0.610941
0.362896
0.394117
0.157978
0.124379
0.10955
0.122062
0.128124
-0.0639386
0.0747782
55.9627
738.974
1246.33
1413.01
1448.45
1467.51
1475.08
1347.31
1103.06
1420.16
1485.49
1489.57
1493.82
1506.22
1505.72
1504.98
1504.63
1502.85
1501.17
1498.99
1360.57
977.196
980.244
983.407
1124.22
1508.89
1509.09
0.58897
0.682312
0.893659
1.54407
1.25339
1.25822
0.510792
0.0924701
0.0746616
0.0629371
0.046776
0.0395933
0.060933
0.0720683
-0.110524
0.0450835
105.268
404.678
678.181
949.003
1096.99
1097.05
1094.33
1104.41
1157.88
1244.92
1265.98
1263.7
1250.83
1254.17
1281.26
1345.36
1393.1
1398.16
1401.17
1359.43
1436.08
1500.48
1521.61
1520.96
0.45115
0.392375
0.673608
1.46658
1.43871
1.41473
1.16321
0.190897
0.0272822
0.0232977
0.0137639
0.0050292
-0.00735374
-0.0183414
-0.0019313
0.0680049
0.0924303
0.0573754
-0.00511719
0.00596059
31.9742
117.573
167.96
204.55
232.903
243.917
247.858
224.155
166.283
125.151
108.437
150.25
256.765
439.218
613.087
873.222
1031.97
1227.72
1240.04
1278.64
0.387145
0.317138
0.323552
1.35013
0.822497
0.129288
0.342954
0.580014
0.393746
-0.00861807
-0.00739578
-0.0101135
-0.0159489
0.118595
0.872349
0.920043
0.559856
0.0173703
-0.0113889
-0.0101616
-0.0106147
-0.0109246
-0.00814372
0.00110843
0.0144571
1.13442
1.39287
0.503747
0.355605
0.151386
0.105046
0.103887
0.0879739
0.105871
0.123869
0.14814
0.116214
0.0656096
8.46802
19.0614
0.329328
0.28777
0.207981
0.370686
0.476913
0.0735453
-0.0903083
0.00382947
0.534576
0.303714
-0.0161357
-0.0162515
-0.0191031
0.219122
0.923199
0.919539
0.916733
0.910842
0.153695
-0.0183286
-0.0152406
-0.0063363
0.314473
0.391581
0.340782
0.0734321
0.174709
0.245207
0.349874
0.48707
0.482639
0.206097
0.0786957
0.291175
0.579816
0.586044
0.546513
0.068033
0.0179236
0.0180481
4.35745
1.66841
0.154408
0.0101529
-0.0500887
-0.064455
-0.0649098
-0.048076
0.0834889
0.356057
0.222801
-0.019866
-0.0259086
-0.0311183
0.385931
0.914209
0.913327
0.725893
-0.00192784
-0.0239162
0.0119692
-0.0174299
-0.017798
-0.0151335
-0.0107764
-0.000677845
0.052009
0.0496416
0.0213714
-0.0100172
-0.00725522
0.0556957
-0.00923501
-0.0255655
-0.0258605
0.232809
0.787582
0.790774
0.59374
0.0233817
1.20205
2.2656
2.45258
2.48614
1.01949
-0.0309615
-0.0410829
-0.0315671
-0.0237709
0.352462
0.246129
-0.0160282
-0.0321726
-0.0436716
-0.014258
0.651996
0.750831
0.0216891
0.0111362
0.0632472
0.289424
0.2974
0.0098714
-0.0188082
-0.0147941
0.00933526
-0.00397235
-0.0103199
-0.0121696
-0.0146109
0.000246911
0.0884958
0.162953
0.0564049
-0.0309993
-0.0302923
0.283354
0.817041
0.354329
0.0107534
0.0996364
1.29644
2.50071
2.50688
2.51992
1.24712
-0.0254359
-0.0243265
-0.0188647
0.267283
0.279519
0.00998491
-0.0440214
-0.0553298
-0.022974
0.565542
0.0162009
0.00944826
0.0119505
0.0205291
0.193444
0.547437
0.553232
0.00267444
-0.0244196
-0.000801064
-0.00658916
-0.0172688
-0.0117691
0.113785
0.382912
0.370854
0.355681
0.169532
-0.0380181
-0.0356876
0.00910504
0.818519
0.27447
0.00103977
0.0628402
0.419705
2.52519
2.52509
2.54887
0.985975
-0.00399879
-0.0276589
-0.0260817
0.0471736
0.165597
-0.0124297
-0.0518388
-0.06141
0.165161
1.01794
0.481588
0.0371104
0.0213627
0.0735157
0.100786
0.476102
0.838737
0.164429
-0.0327421
-0.0294629
-0.027852
-0.0279369
0.256076
0.430739
0.418034
0.334304
0.0431352
-0.0541329
-0.050923
-0.0457202
0.173886
0.78952
0.120787
-0.0099656
0.065264
0.0616174
0.816501
1.87568
1.31969
0.187732
-0.03757
-0.0362596
-0.0341643
-0.0363564
-0.0382943
-0.0427404
-0.0534186
-0.0604425
0.886883
1.02604
1.02007
0.726114
0.397314
0.781805
0.65768
0.939407
0.862113
0.144623
-0.0332947
-0.0300982
-0.0290355
0.0406755
0.457263
0.447274
0.0696985
-0.0550249
-0.0580717
-0.0556893
0.0586651
0.418461
0.438668
0.319235
0.0309039
0.0340934
0.0953667
0.177574
0.0846489
0.0626869
-0.00751228
-0.0259083
-0.0276766
-0.0344912
-0.0374147
-0.03947
-0.0419936
-0.0463686
-0.0507827
-0.0575133
0.858551
1.03838
1.0335
1.03157
1.02993
1.03177
1.03947
0.940285
0.465804
-0.00279702
-0.0307672
-0.026545
-0.0245399
0.245039
0.474392
0.114502
-0.0411287
-0.0446524
-0.0476072
0.0369957
0.237941
0.29009
0.0785878
-0.00903472
0.114616
0.133221
1.23657
1.33447
1.05982
1.05861
0.774716
0.0541858
0.203402
1.22749
1.43908
0.438367
-0.0366886
-0.0403391
-0.0437724
-0.0447752
-0.0257616
0.722558
1.04756
1.04505
1.04629
1.05327
0.409863
-0.049721
-0.027344
-0.00710567
-0.021103
-0.0173304
-0.0152035
0.294425
0.493871
-0.001795
-0.0280463
-0.030557
-0.0262181
-0.00827415
-0.00721324
-0.0211529
-0.0152566
-0.0034302
0.135634
0.13483
1.2025
1.35724
1.30091
1.00417
0.887098
1.36829
1.47155
1.48717
1.48981
1.35661
0.0696401
-0.0288503
-0.0307478
-0.0320266
-0.0336995
-0.035035
0.619896
1.10338
0.243085
-0.0410698
-0.0432456
-0.0358292
-0.0270645
-0.0145648
-0.0104005
-0.00798202
-0.00618371
0.271867
0.509901
0.116358
-0.0174863
-0.0198418
-0.0219172
-0.0226451
-0.0217504
-0.0198025
0.088346
0.239521
0.314222
0.220397
1.05364
0.428306
-0.0394464
-0.0375447
0.561651
1.21074
1.36882
1.5012
1.50481
0.910368
0.0159777
-0.0029019
0.0301797
0.0257496
0.0162945
0.107774
0.890355
1.08212
0.846433
0.0523015
-0.0258865
-0.0218754
-0.016303
-0.0111096
-0.00667419
0.00286363
0.000887144
0.485138
0.519777
0.133204
-0.0132943
-0.0156345
-0.0174421
-0.0148275
0.197482
0.34335
0.342755
0.341971
0.341317
0.341064
0.297425
0.16046
-0.0381324
-0.0450562
-0.0316699
0.125917
0.243822
0.589172
0.453835
0.119087
0.251808
0.451379
0.453972
0.421092
0.39158
0.901444
0.987499
1.00101
0.267608
-0.0201757
-0.0187547
-0.0156805
-0.0108326
-0.00598403
-0.00291623
0.00810472
0.171706
0.543671
0.524311
0.0155728
-0.0101601
-0.013179
0.0251259
0.330977
0.35038
0.349785
0.348226
0.346909
0.297403
0.202148
0.0493997
-0.0422645
-0.0415392
-0.0402343
-0.0366731
-0.0322859
-0.0119181
-0.0233803
-0.0126577
0.011764
0.133989
0.212211
0.249243
0.323402
0.312177
0.187854
0.0312911
-0.0152464
-0.0163939
-0.0169759
-0.0159436
-0.014073
-0.011133
-0.0082553
-0.00291133
0.0628739
0.114375
0.551778
0.240557
-0.00852462
-0.0102261
-0.0123439
0.126668
0.352459
0.355787
0.272097
0.193364
0.116617
0.0352824
0.0434991
0.107078
-0.0320831
-0.0359056
-0.0331619
-0.0301371
-0.0273974
-0.0246252
-0.0207884
-0.0170435
-0.0124347
-0.0103636
-0.0105571
-0.00708433
-0.00182328
0.00182074
0.00736551
0.00816809
0.00858702
0.0412141
0.0202919
-0.0127608
0.00811639
0.0772657
0.078463
0.0577079
0.0140465
0.0295644
0.0891689
0.0737895
-0.00880921
-0.00961558
-0.00849879
0.00920361
0.108447
0.0817936
-0.0161871
-0.0162646
0.000212613
0.0380735
0.0653371
-0.0308434
-0.0354687
-0.0324548
-0.0288979
-0.0257885
-0.0231757
-0.0204528
-0.017376
-0.014257
-0.0115829
-0.009543
-0.00781542
-0.00704376
0.150058
0.186327
0.18409
0.0657969
0.0502224
0.100019
0.0837941
0.0813357
0.0820138
0.082724
0.0411683
0.00500044
-0.00684914
-0.00576983
0.0102999
0.0832097
0.0898046
0.0896179
0.0890606
0.0683545
0.0033212
-0.0136659
-0.0137321
-0.0137979
0.0034742
0.020357
0.0750362
-0.0299532
-0.0281323
-0.0261306
-0.0238856
-0.0215114
-0.019134
-0.0168556
-0.0144132
-0.0113061
0.0736278
0.197606
0.204368
0.204366
0.203697
0.052825
0.0826856
0.108438
0.107994
0.107885
0.072424
0.040975
0.0298954
0.00532317
-0.0077395
-0.00691155
-0.00633007
-0.00644617
-0.00700887
-0.00652174
0.00315329
0.0881325
0.0880265
-0.0092665
-0.0113424
-0.0115466
-0.0112512
-0.010904
-0.0112349
-0.011383
0.0505649
-0.0223713
-0.0214402
-0.0201444
-0.0187102
-0.0171671
-0.0155944
-0.0139203
0.018019
0.184076
0.206622
0.206652
0.206564
0.0642955
0.00432186
0.0212731
0.111651
0.1116
0.1047
-0.00233424
-0.00747661
-0.00805874
-0.00784702
-0.00715351
-0.00543196
-0.00415266
-0.00415099
-0.004428
-0.00465173
0.00295173
0.00995037
0.0602685
0.0201303
-0.00746079
-0.00929942
-0.00952574
-0.0090853
-0.00874579
-0.00912027
-0.0088416
0.00737457
-0.0150515
-0.0150116
-0.0146105
-0.0140468
-0.0132486
-0.0123163
-0.0112367
0.0810695
0.209313
0.210206
0.164963
0.000879942
0.00139812
0.00219119
0.069814
0.115938
0.115048
0.0133089
-0.00688726
-0.0062714
-0.00556384
-0.00499918
-0.00445561
-0.00387339
0.0124051
0.0588495
0.065892
0.0652849
0.0645229
0.0635196
0.0301416
0.0112029
-0.00339003
-0.00719007
-0.00758194
-0.00768589
-0.0076768
-0.00775284
-0.00643053
0.0278752
-0.0152204
-0.0122258
-0.0115523
-0.0106866
-0.00987692
-0.00916721
-0.00840178
0.0134678
0.089674
0.12351
0.0292398
0.00224575
0.00257032
0.011966
0.114353
0.118734
0.0434152
-0.00546159
-0.00485726
-0.00332857
0.0421549
0.0641517
0.0646364
0.0646836
0.0645306
0.0642086
0.0596358
0.0492364
0.0285636
0.000417947
-0.00507196
-0.00535706
-0.0053281
-0.00535926
-0.00568963
-0.00578779
-0.00581574
-0.00580108
-0.00573967
0.030425
-0.00573173
-0.00627448
-0.00607087
-0.00588866
-0.00568083
-0.0054159
-0.00508202
-0.00479801
-0.00446274
-0.00202307
0.00401681
0.00585575
0.00532463
0.0624735
0.11382
0.0326312
-0.00456022
-0.00304471
-0.0025433
-0.000703998
0.0218397
0.028764
0.00561161
-0.000681431
-0.00145308
-0.00201901
-0.00250533
-0.00280396
-0.00307311
-0.00328431
-0.00346607
-0.00363766
-0.00377985
-0.00388076
-0.00394428
-0.00398913
-0.00401028
-0.0040185
-0.00394887
0.0127259
-0.00787195
-0.00578835
-0.00437881
-0.00361975
-0.00299786
-0.00256017
-0.00227491
-0.00209329
-0.00197392
-0.0018273
-0.00177004
0.000775145
0.0048136
0.0330399
0.0412959
-0.0109566
-0.00660831
-0.00315749
-0.00178631
-0.00144439
-0.0012778
-0.00111472
-0.000996625
-0.000972077
-0.00104234
-0.00117128
-0.00132794
-0.00148548
-0.00163752
-0.00178452
-0.00191508
-0.0020306
-0.00212416
-0.00219273
-0.00223851
-0.00226645
-0.00227823
-0.00228697
-0.00223467
0.00024628
1304.91
1304.44
1299.75
1300.77
1299
1298.05
1297.53
1297.49
1297.69
1298.2
1298.87
1299.68
1300.67
1301.94
1303.47
1305.28
1307.63
1310.42
1313.67
1317.55
1320.17
1320.71
1319.4
1317.65
1316.13
1314.54
1312.81
1310.94
1309.13
1307.06
1304.76
1302.19
1299.43
1296.19
1294.54
1290.35
1288.89
1288.82
1290.37
1292.6
1302.46
1298.78
1295.81
1293.39
1294.02
1294.93
1295.14
1295.32
1295.82
1296.53
1297.4
1298.28
1299.21
1300.39
1301.82
1303.52
1305.47
1307.51
1309.62
1312.09
1314.31
1314.58
1313.4
1312.8
1312.35
1311.91
1310.97
1309.54
1307.3
1305.43
1302.94
1300.44
1298.24
1295.39
1292.22
1288.98
1287.17
1287.33
1288.09
1289.29
1294.63
1291.46
1289.96
1288.86
1294.44
1294.77
1294.87
1295.06
1295.26
1295.62
1296.03
1296.5
1297.27
1298.27
1299.17
1300.33
1301.54
1302.04
1301.57
1301.03
1303.54
1306.96
1306.97
1308.59
1308.92
1308.33
1308.57
1307.92
1306.11
1303.58
1300.9
1297.85
1294.43
1290.61
1286.36
1282.35
1280.07
1280.57
1283.8
1285.82
1288.32
1286.45
1285.03
1289.97
1294.16
1292.91
1291.44
1292.31
1292.62
1293.07
1293.56
1293.97
1294.61
1295.03
1295.4
1296.52
1297.84
1296.79
1291.65
1289.91
1290.37
1293.47
1300.22
1305.32
1305.71
1305.69
1304.7
1304.04
1302.91
1299.86
1296.36
1292.7
1288.99
1284.78
1280.3
1273.65
1265.99
1268.7
1272.4
1283.04
1286.91
1282.06
1280.73
1292.4
1293.11
1288.79
1289.05
1288.99
1291.67
1292.12
1292.07
1292.24
1292.55
1293
1294.46
1297.46
1299.64
1300.44
1287.76
1283.48
1282.66
1282.22
1292.84
1305.06
1306.58
1302.12
1300.81
1299.27
1298.14
1294.82
1291.16
1287.75
1285.1
1281.81
1274.17
1262.47
1262.8
1264.44
1275.54
1283.33
1287.79
1278.87
1276.19
1289.4
1287.8
1287.05
1285.45
1284.54
1286
1286.48
1288.65
1290.47
1291.82
1293.62
1295.59
1297.49
1299.66
1301.72
1303.46
1281.59
1280.41
1279.89
1286.55
1301.29
1301.07
1299.53
1297.25
1294.39
1291.3
1287.83
1283.25
1280.08
1280.7
1280.61
1275.09
1261.49
1262.05
1263.11
1263.97
1278.91
1290.53
1277.99
1276.34
1285.86
1282.5
1279.08
1277
1269.78
1263.17
1264.84
1267.56
1273
1282.63
1293.95
1296.77
1298.48
1300.1
1301.77
1303.42
1282.67
1278.93
1279.51
1298.84
1301.24
1298.98
1295.79
1292.11
1287.05
1278.27
1271.72
1259.73
1256.48
1263.49
1277.51
1279.68
1281.82
1282.98
1263.66
1263.6
1265.54
1296.07
1293.34
1290.21
1290.06
1285.69
1272.56
1262.04
1253.97
1259.13
1262.72
1265.04
1266.91
1268.54
1293.23
1298.37
1299.53
1300.38
1296.5
1284.26
1281.7
1282.95
1303.05
1304.07
1301.51
1297.96
1293.26
1280.91
1261.96
1253.39
1250.88
1248.64
1248
1249.04
1250.54
1272.54
1281.19
1282.7
1280.39
1281.94
1280.23
1301.9
1303.33
1300.96
1297.6
1275.44
1260.71
1259.12
1258.61
1260.43
1263.22
1265.09
1266.06
1286.37
1299.66
1300.67
1298.37
1281.92
1262.44
1265.41
1289.29
1306.49
1306.45
1305.16
1302.33
1298.01
1281.64
1257.9
1254.47
1252.04
1249.83
1247.2
1246.25
1247.1
1248.77
1250.34
1267.84
1282.02
1284.22
1286.08
1287.8
1293.68
1296.71
1289.42
1269.93
1267.71
1265.36
1273
1271.13
1262.85
1264.01
1265.19
1295.67
1303.11
1303.38
1300.76
1266.73
1257.57
1257.07
1291.97
1306.84
1307.2
1306.86
1305.93
1304.26
1300.45
1264.74
1259.01
1256.64
1254.42
1252.21
1250.22
1248.97
1252.75
1262.16
1261.79
1261.99
1278.3
1284.43
1286.29
1288.43
1274.71
1267.56
1266.43
1277.99
1277.82
1276.2
1273.36
1255.9
1263.22
1292
1308.75
1307.2
1306.34
1306.45
1292.9
1253.93
1254.27
1258.32
1307.16
1309.67
1309.32
1308.53
1307.75
1306.09
1302.6
1280.63
1260.79
1259.18
1257.42
1255.85
1254.44
1257.69
1294.1
1293.06
1291.06
1289.23
1287.23
1286.99
1288.08
1290.2
1270.34
1265.98
1264.26
1261.62
1271.5
1276.91
1269.62
1238.27
1255.87
1288.03
1297.19
1302.55
1304.94
1306.43
1303.05
1256.79
1253.13
1262.58
1309.62
1312.78
1311.38
1310.61
1309.51
1307.78
1305.97
1300.91
1275.23
1266.95
1286.06
1259.71
1259.12
1271.13
1297.58
1296.59
1295.46
1294.21
1292.85
1292.65
1293.73
1294.98
1298.62
1290.93
1282.36
1279.05
1254.12
1232.51
1230.89
1230.02
1227.95
1226.19
1226.98
1250.05
1300.22
1306.37
1309.28
1307.11
1256.57
1276.22
1304.05
1295.4
1305.38
1309.25
1311.12
1306.95
1300.45
1307.56
1307.47
1306.68
1306.18
1298.95
1275.03
1287.51
1301.27
1300.9
1299.34
1297.99
1297.88
1298.26
1299.92
1300.56
1281.75
1258.59
1252.5
1276.05
1284.63
1272.89
1229.06
1227.21
1225.27
1224.4
1223.96
1224.47
1288.93
1308.91
1312.3
1314.79
1317.5
1294.53
1259.64
1275.37
1285.13
1292.06
1312.52
1308.29
1298.95
1308.88
1310.32
1309.84
1308.76
1307.68
1307.36
1306.79
1305.28
1304.2
1303.1
1302.79
1303.83
1303.83
1303.9
1303.8
1249.49
1247.63
1245.92
1244.35
1258.05
1294.57
1295.41
1292.94
1295.81
1262.44
1261.47
1295.06
1309.87
1310.57
1312.34
1314.73
1316.36
1260.34
1242.33
1268.83
1272.26
1282.55
1306.55
1309.9
1298.93
1303.31
1309.86
1299.37
1308.59
1310.44
1309.97
1309.6
1308.29
1307.37
1307.02
1307.96
1308.04
1308.09
1308.15
1308.2
1282.17
1282.93
1285.85
1257.5
1253.04
1251.72
1281.38
1290.14
1289.36
1288.04
1289.06
1301.86
1310.85
1310.63
1310.41
1311.21
1285.35
1204.74
1205.86
1245.09
1304.92
1287.82
1289.23
1305.37
1298.67
1299.33
1298.01
1284.81
1300.84
1313.36
1312.85
1312.38
1311.79
1310.56
1310.29
1311.48
1311.86
1312.03
1312.47
1313.15
1319.38
1318.01
1316.06
1313.32
1310.25
1304.28
1199.65
1183.08
1185.1
1187.9
1189.94
1246.38
1305.14
1307.29
1305.12
1231.19
1191.46
1194.37
1196.58
1216.38
1314.26
1295.23
1285.66
1305.64
1299.51
1296.26
1290.76
1284.13
1287.43
1316.55
1315.74
1315.03
1314.46
1313.97
1313.28
1314.95
1314.09
1310.97
1312.02
1316.71
1319.28
1317.79
1316.16
1313.83
1310.28
1275.98
1174.97
1177.23
1180.3
1184.36
1214.62
1211.45
1201.04
1191.29
1184.4
1185.11
1189.18
1192.4
1194.05
1246.72
1324
1299.03
1288.05
1311.41
1312.37
1305.24
1284.39
1283.1
1282.64
1286.78
1317.62
1317.41
1317.11
1315.22
1315.25
1316.33
1315.44
1312.17
1312.71
1314.12
1322.2
1320.76
1319.17
1316.99
1314.09
1307.89
1233.43
1179.99
1181.74
1182.83
1182.68
1183.06
1184.67
1189.09
1194.99
1188.67
1191.42
1193.51
1227.29
1324.59
1327.56
1300.74
1290.27
1316.31
1316.38
1312.48
1286.55
1283.91
1283.27
1291.69
1320.25
1319.95
1319.38
1317.81
1318.37
1320.3
1318.13
1314.42
1314.94
1315.68
1323.51
1324.59
1323.33
1321.16
1319.21
1317.28
1316.92
1277.92
1218.67
1206.91
1247.28
1270.63
1296.06
1308.11
1312.7
1310.2
1311.18
1313.69
1326.05
1327.57
1303.8
1290.75
1308.17
1318.29
1317.62
1316.97
1292.72
1284.91
1299.57
1323.13
1322.54
1322.27
1322.22
1322.22
1322.46
1322.57
1320.91
1316.37
1317.03
1317.86
1315.35
1328.78
1327.39
1324.43
1323.06
1320.9
1319.26
1316.2
1317.02
1317.41
1316.01
1319.27
1319.19
1319.51
1320.41
1321.46
1322.74
1323.71
1297.88
1285.61
1287.76
1295.35
1319.17
1318.51
1315.54
1317.78
1313.95
1314.8
1324.35
1324.17
1323.96
1323.86
1323.9
1324.05
1324.29
1324.55
1321.29
1318.27
1318.76
1324.46
1318.56
1333.63
1332.19
1328.76
1326.15
1314.34
1299.22
1298.89
1307.72
1320.32
1319.3
1317.87
1316.43
1314.85
1313.97
1297.04
1275.94
1277.5
1279.64
1286.21
1319.56
1320.21
1317.68
1318.46
1325.71
1325.56
1325.36
1325.27
1325.13
1324.49
1324.34
1324.45
1323.83
1322.65
1323.06
1322.96
1318.98
1319.54
1325.95
1327.59
1322.85
1339.11
1337.61
1331.72
1280.48
1265.27
1289.54
1324.51
1322.48
1320.91
1319.27
1317.31
1315.66
1285.91
1271.26
1271.97
1273.32
1275.65
1315.09
1314
1314.73
1322.41
1324.42
1324.65
1324.73
1325.18
1325.36
1325.37
1325.33
1325.36
1325.23
1322.95
1318.2
1318.46
1318.71
1319.17
1319.83
1320.81
1322.43
1326.32
1327
1342.32
1340.74
1319.65
1254.96
1268.24
1324.09
1323.5
1321.41
1318.64
1317.01
1315.29
1313.5
1313.3
1313.24
1306.88
1272.5
1287.49
1319.64
1320.32
1321.37
1321.47
1322.04
1322.89
1323.6
1324.3
1324.95
1325.37
1325.52
1325.71
1325.97
1322.59
1318.63
1319
1319.39
1321.9
1327.38
1329.5
1330.05
1330.66
1327.93
1341.59
1340
1336.67
1244.51
1193.14
1185.81
1252.84
1199.34
1176.19
1236.15
1246.56
1279.22
1304.4
1304.83
1258.13
1258.21
1258.77
1289.3
1319.06
1318.35
1318.45
1319.4
1320.71
1322.09
1323.27
1324.25
1325.04
1325.38
1325.64
1325.84
1326.4
1327.08
1327.75
1327.94
1326.44
1327.28
1328.97
1330.31
1331.7
1318.12
1340.6
1339.68
1338.73
1338.04
1286.78
1203.71
1046.68
1044.8
1042.16
1039.7
1037.94
1034.61
1122.14
1233.01
1254.95
1257.46
1258.06
1260.78
1286.5
1303.61
1313.37
1316.86
1318.18
1320.07
1321.48
1323.2
1324.75
1325.16
1322.97
1318.37
1316.93
1322.88
1326.34
1316.63
1298.24
1296.75
1312.67
1326.24
1332.74
1288.48
1339.57
1339.11
1338
1337.04
1336.79
1322.66
1218.12
1164.84
1072.1
1033.86
1030.83
1028.05
1025.43
1025.74
1025.29
1034.07
1207.13
1232.98
1245.95
1274.34
1292.3
1312.09
1316.45
1318.25
1321.02
1317.93
1319.28
1315.75
1295.36
1272.66
1273.14
1281.13
1291.5
1288.41
1285.24
1284.96
1300.21
1326.7
1333.6
1283.6
1326.66
1338.99
1336.17
1334.82
1333.41
1333.43
1335.57
1329.11
1326.16
1317.66
1306.38
1136.92
1022.17
1021.53
1018.25
1014.73
1011.3
1009.14
1007.33
1021.85
1060.87
1127.92
1230.11
1285.21
1323.12
1321.26
1261.05
1228.87
1257.4
1270.78
1271.46
1273.74
1279.13
1281.98
1285.38
1306.27
1329.2
1333.01
1333.4
1299.23
1325.71
1339.57
1335.29
1331.22
1310.9
1286.13
1306.49
1330.46
1336.3
1340.22
1342.55
1340.65
1245.98
1222.71
1147.99
1027.95
1008.67
1005.53
1002.3
1000.74
1001.28
1001.75
1001.09
1072.4
1291.15
1328.36
1235.86
1205.66
1206.74
1274.31
1300.91
1317.08
1321.58
1322.37
1321.96
1307.17
1310.7
1311.4
1320.68
1336.17
1332.76
1323.17
1280.76
1165.73
1150.41
1147.99
1148.14
1225.29
1301.73
1342.32
1347.45
1348.16
1323.05
1297.88
1298.31
1299.3
1297.36
1065.15
995.167
996.162
997.152
997.671
997.809
997.899
1187.35
1280.91
1205.98
1205.33
1204.53
1274.84
1323.56
1323.74
1323.64
1320.53
1263.72
1251
1250.58
1249.87
1253.04
1337.82
1337.17
1334.64
1270.17
1157.07
1154.57
1152.13
1151.96
1152.72
1175.36
1333.17
1328.29
1313.36
1132.97
1126.52
1259.71
1295
1293.29
1292.49
1135.24
990.701
992.962
994.578
996.304
1169.64
1249.7
1210.99
1208.11
1206.93
1237.11
1319.57
1325.68
1327
1326.96
1302.72
1252.22
1251.54
1250.8
1249.86
1249.43
1334.21
1334.27
1334.27
1325.49
1325.2
1324.8
1327.06
1327
1169.26
1261.23
1311.19
1142.54
1050.6
1057.46
1100.43
1182.78
1212.59
1256.19
1287.8
1272.96
1030.9
990.764
1044.65
1223.11
1217.43
1209.81
1208.27
1269.05
1323.79
1322.61
1298.58
1275.09
1287.26
1315.41
1326.8
1314.14
1277.38
1252.25
1251.29
1250.77
1228.88
1287.27
1330.71
1331.76
1332.69
1334.64
1328.62
1303.78
1306.54
1271.36
1048.27
1046.81
1046.9
1234.6
1258.48
1220.48
1225.15
1208.63
1205.23
1319.98
1223.86
1214.65
1306
1288.93
1252.73
1341.34
1324.31
1339.72
1338.53
1313.04
1267.11
1268.23
1269.34
1270.65
1328.96
1346.59
1345.74
1324.52
1288.89
1265.58
1146.83
1147.84
1270.81
1324.83
1336.71
1338.92
1338.82
1175.46
1049.15
1047.69
1047.09
1046.61
1142.76
1315.62
1260.26
1326.62
1347.03
1330.77
1318.16
1335.31
1339.2
1342.36
1336.43
1309.85
1335.72
1340.92
1338
1334.66
1332.6
1311.32
1264.22
1266.84
1268.79
1271.2
1276.28
1333.73
1348.71
1347.39
1345.84
1344.96
1150.29
1146.77
1146.05
1261.96
1326.39
1341.4
1326.49
1292.31
1336.77
1302.94
1182.55
1255.79
1363.48
1319.8
1256.28
1348.91
1347.24
1345.76
1339.03
1280.67
1299.28
1350.54
1348.82
1345.77
1342.5
1338.38
1333.95
1330.46
1328.58
1329.13
1310.68
1261.32
1312.36
1330.47
1282.29
1277.89
1317.57
1350.42
1348.63
1346.52
1146.55
1143.47
1305.28
1355.44
1354.89
1354.95
1355.35
1355.53
1355.53
1355.51
1356.71
1359.07
1360.06
1325.35
1251.74
1301.51
1329.86
1280.53
1280.8
1281.38
1281.93
1304.68
1337.29
1346.47
1340.61
1332.06
1313.09
1317.48
1319.2
1318.28
1318.09
1282.51
1309.65
1319.92
1326.4
1326.22
1341.14
1343.1
1350.19
1349.34
1141.75
1265.95
1356.65
1354.38
1353.11
1350.93
1349.89
1348.8
1349.25
1350.82
1352.48
1355.01
1356.43
1247.52
1243.79
1304.83
1330.8
1281.51
1345.94
1352.23
1352.57
1350.97
1347
1339.68
1330.44
1316.91
1259.81
1248.75
1261.6
1259.66
1252.7
1289.09
1300.31
1306.2
1316.26
1325.42
1334.4
1349.54
1352.49
1349.63
1145.16
1334.61
1358.33
1352.9
1347.85
1341.79
1337.29
1334
1333.22
1337.64
1343.31
1322.32
1229.64
1232.72
1233.33
1332.93
1333.52
1348.68
1348.04
1347.74
1317.75
1317.58
1312.2
1316.24
1282.8
1204.31
1095.63
1004.14
952.411
928.322
1031.29
1233.11
1272.05
1285.9
1276.51
1229.19
1304.03
1352.9
1350.22
1346.71
1223.77
1364.7
1362.33
1354.21
1305.34
1301.77
1326.58
1328.33
1328.82
1285.79
1221
1225.98
1227.69
1280.61
1322.77
1285.55
1283.34
1301.51
1347.38
1309.12
1240.86
1241.66
1252.84
1183.34
1020.12
932.599
925.189
917.478
911.259
908.296
1115.81
1145.25
975.036
966.023
1124.48
1293.45
1342.89
1343.18
1342.43
1330.53
1250.59
1369.12
1372.51
1332.74
1243.33
1139.86
1327.6
1333.11
1228.2
1229.09
1231.93
1320.86
1356.36
1362.26
1335.66
1287.06
1285.05
1288.29
1320.7
1237.42
1237.92
1220.34
1190.22
962.332
941.65
937.727
933.949
930.657
927.688
924.63
924.768
927.21
936.044
962.49
1261.02
1338.07
1340.88
1343.14
1343.04
1301.62
1203.94
1346.39
1299.57
1232.84
1209.2
1091.84
1336.14
1359.75
1310.65
1280.26
1352.98
1361.98
1365.25
1366.21
1365.42
1363.39
1362.26
1354.02
1254.74
1241.47
1271.95
1259.67
1003.37
948.816
944.549
957.15
972.409
934.197
933.465
983.172
1197.41
1142.02
977.192
1189.39
1302.33
1305.37
1264.07
1266.92
1338.84
1337.89
1164.27
1243.47
1236.25
1154.63
1177.04
1088.19
1173.87
1360.1
1354.86
1352.82
1354.63
1359.23
1362.89
1364.86
1365.54
1365.85
1346.02
1256.36
1238.58
1266.07
1275.17
1115.96
954.028
948.686
1041.21
1348.09
1350.35
1343.66
1293.33
1264.03
1263.83
1262.14
1215.48
1173.65
1188.13
1238.37
1325.02
1336.44
1333.25
1330.47
1155.13
1149.5
1148.06
1129.42
1214.93
1199.91
987.901
1154.49
1346.22
1349.89
1351.43
1355.67
1359.99
1362.95
1364.32
1316.66
1231.04
1231.69
1245.83
1280.84
1246.72
962.484
951.489
1100.76
1355.74
1354.13
1351.43
1348.97
1346.63
1343.98
1261.6
1124.76
1153.05
1312.25
1346.52
1341.93
1336.43
1329.34
1322.17
1307.29
1308.65
1176.51
1133.11
1130.9
1289.18
1246.65
958.574
901.831
967.654
1021.1
1214.92
1348.29
1359.81
1363.68
1344.89
1229.76
1230.52
1236.36
1278.05
1267.29
986.988
962.607
1002.58
1347.51
1357.69
1353.44
1349.93
1306.7
1023.6
938.6
949.729
1143.39
1349.36
1347.85
1343.36
1335.85
1325.67
1263.58
1135.91
1009.44
1361.7
1227.23
1219.91
1135.35
1346.78
1227.29
895.702
894.599
892.367
889.482
893.404
1184.26
1364.05
1369.18
1350.7
1232.52
1232.8
1269.06
1274.3
1051.45
965.922
967.394
1284.38
1365.28
1359.13
1304.39
1007.93
924.795
923.983
925.786
931.916
1203.89
1346.56
1344.8
1339.45
1328.98
1172.2
861.933
846.517
845.268
1362.96
1328.03
1289.78
1310.85
1342.04
1054.75
892.562
893.194
892.122
889.851
888.624
928.698
1373.46
1377.68
1379.58
1301.93
1248.46
1253.42
1197.55
979.892
969.905
1260.5
1377.56
1370.78
1268.04
936.909
922.257
919.964
917.323
916.131
953.075
1298.06
1345.18
1345.12
1339.8
1272.14
899.617
842.638
842.459
843.295
1367.64
1352.75
1287.93
1385.2
1259.06
892.945
893.34
894.109
893.55
892.417
892.204
1039.85
1383.62
1387.31
1387.8
1329.63
1265.34
1257.36
1125.2
991.818
1072.74
1385.46
1380.11
1373.37
1191.63
921.514
918.347
914.102
909.351
906.34
1022.1
1343.79
1344.06
1343.71
1337.94
1274.61
927.684
839.456
837.783
838.366
1371.83
1361.71
1290.82
1387.6
1344.25
955.497
892.875
893.653
893.492
915.252
1068.14
1372
1395.53
1394.79
1394.46
1381.41
1312.28
1244.91
1028.84
993.407
1154.42
1385.36
1382.93
1378.82
1328.69
980.317
911.26
906.518
900.681
895.74
1022.8
1338.59
1338.66
1336.71
1293.83
1019.2
941.992
1175.03
1182.71
1180.31
1327.33
1357.79
1169.12
1377.91
1381.81
1328.19
1091.64
1039.27
1182.44
1287.16
1319.01
1351.59
1383.21
1397.73
1397.56
1397.57
1330.36
1260.91
1069.28
998.764
1047.17
1382.8
1386.27
1383.93
1380.32
1289.05
926.86
898.127
892.495
886.674
936.588
1317.4
1333.27
1329.32
1294.94
998.825
908.554
886.578
1050.95
1213.33
1067.42
1160.54
1039.78
1186.92
1367.08
1382.65
1385.93
1335.57
1268.44
1268.07
1321.92
1357.15
1365.67
1397.72
1399.4
1399.72
1370.34
1291.6
1184.94
1000.17
1048.42
1366.68
1388.72
1384.71
1380.33
1375.11
1194.26
889.551
885.95
881.255
976.11
1338.17
1331.96
1327.51
1324.64
1317.11
1199.5
849.561
806.156
807.287
1044.9
1040.89
1035.99
1030.18
1059.66
1291.49
1388.76
1391.76
1363.59
1265.78
1266.46
1267.93
1348.47
1375.41
1400.32
1400.87
1395.12
1322.33
1308.33
1153.41
1068.09
1392.73
1386.78
1382.23
1377.44
1373
1362.45
1115.3
883.276
915.847
1288.27
1338.58
1331.39
1324.8
1266.16
1166.84
1153.95
1070.69
874.752
809.076
1204.66
1046.42
1042.85
1035.31
1030.04
1028.98
1265.04
1394.36
1396.44
1384.13
1289.63
1268.45
1287.09
1373.15
1315.83
1400.15
1400.73
1362.05
1311.34
1218.82
1023.74
1384.41
1380.75
1377.45
1373.84
1370.06
1365.77
1334.13
1231.8
1246.01
1336.82
1333.52
1253.44
1040.17
1040.7
1039.38
1147.43
1250.14
1253.06
1239.88
1387.16
1316.92
1216.36
1189.93
1033.13
1032.63
1033.55
1324.69
1400.6
1401.21
1401.51
1333.13
1288.37
1329.85
1277.28
1388.18
1397.17
1372.32
1221.46
1055.48
878.277
1355.98
1374.84
1372.78
1370.17
1367.65
1365.31
1361.41
1347.37
1151.17
971.895
1013
1164.01
1224.39
1240.36
1242.45
1244.11
1238.58
1170.74
1122.77
1398.26
1395.55
1389.17
1377.34
1357.47
1148.49
1096.49
1321.05
1404.62
1404.67
1404.35
1403.91
1376.25
1358.46
1274.9
1370.8
1395.32
1323.54
949.819
822.309
816.341
980.01
1279.1
1367.65
1365.4
1365.01
1364.28
1361.36
1267.12
898.151
847.508
838.237
840.438
946.603
1164.13
1236.37
1163.23
1051.26
1058.59
1067.93
1380.14
1375.32
1366.93
1354.68
1263.84
1331.03
1374.11
1385.83
1407.78
1407.9
1406.91
1405.24
1403.43
1389.56
1270.77
1358.52
1398.39
1244.73
809.16
807.298
802.3
795.994
838.359
905.119
990.983
1138.24
1289.55
1350.03
1301.41
1000.72
848.652
842.384
836.1
830.427
842.671
843.303
846.388
1047.24
1327.76
1338.66
1363.15
1358.17
1347.07
1167.33
966.717
1297.93
1400.7
1405.46
1407.75
1408.28
1407.61
1406.18
1404.32
1400.16
1266.95
1275.18
1404.52
1237.06
804.422
801.641
800.621
795.135
790.118
786.019
783.273
782.203
800.924
853.921
905.705
855.501
850.35
847.331
858.195
991.878
905.56
918.002
1114.53
1339.73
1348.13
1355.02
1358.93
1356.07
1231.26
954.285
955.445
1051.9
1397.98
1402.83
1405.15
1406.06
1406.2
1406.05
1405.9
1405.45
1267.65
1267.88
1395.81
1297.97
883.311
802.536
801.091
797.905
794.146
789.815
786.34
783.342
781.752
781.819
782.822
863.105
1002.94
1123.18
1261.46
1276.06
1206.2
1203.28
1283.4
1315.81
1358.01
1367.28
1363.13
1356.16
1263.98
1170.46
958.707
949.03
1044.48
1368.19
1404.28
1404.28
1405.06
1406.34
1408.02
1409.02
1360.56
1272.01
1380.74
1333.92
1124.29
896.076
802.29
800.268
796.945
793.801
790.443
786.323
853.293
1015.22
1169.64
1305.62
1336.07
1335.66
1332.67
1330.05
1179.54
1104.65
1107.52
1136.16
1353.98
1377.2
1365.48
1358.33
1352.82
1274.18
1141.56
945.294
941.899
946.422
1124.06
1369.39
1404.73
1405.49
1408.4
1411.14
1413.76
1333.8
1397.72
1384.9
1369.44
1286.31
1058.62
994.228
1028.6
1071.35
1097.29
1202.5
1320.32
1382.36
1388.56
1384.36
1298.1
1066.8
1066.13
1066.26
1077.11
1107.1
1185.84
1352.19
1386.57
1386.94
1131.12
1360.43
1359.08
1230.98
942.569
937.298
934.519
934.668
933.646
956.989
1065.52
1207.51
1352.27
1415.33
1417.67
1417.96
1417.76
1417.09
1416.03
1364.86
1334.53
1375.91
1402.78
1407.88
1405.65
1402.87
1398.93
1394.68
1390.3
1373.51
1111.05
1068.4
1064.96
1190.71
1392.94
1395.05
1395.36
1395.07
1394.08
1392.6
967.541
1236.96
1359.64
1214.34
1102.36
1266.13
1014.14
1023.54
1043.45
958.405
963.401
965.676
988.569
1215.36
1417.52
1420.06
1420.01
1420.7
1419.89
1318.26
1313.64
1372.88
1417.77
1415.86
1412.48
1408.27
1403.71
1398.7
1320.81
1225.95
1221.42
1363.18
1389.31
1393.19
1396.63
1399.37
1400.97
1400.88
1399.64
1397.89
917.803
920.846
1162.02
1127.2
1363.09
1424.38
1311.18
1108.02
1087.03
959.701
959.892
962.178
965.949
1054.21
1406.7
1424.02
1373.97
1384.04
1407.23
1309.1
1309.72
1372.63
1424.76
1422.69
1419.35
1414.86
1409.53
1363.87
1302.48
1305.56
1313.48
1294.27
1221.08
1208.42
1311.58
1396.62
1406.77
1411.01
1412.27
1136.77
921.298
920.789
1109.26
1128.43
1275.71
1435.63
1275.53
1002.24
965.938
956.519
958.002
961.006
965.054
1181.98
1405.11
1400.41
1329.3
1369.89
1381.01
1372.1
1383.81
1422.29
1431.58
1429.67
1426.6
1422.47
1336.93
1157.52
1194.75
1318.57
1310.04
868.579
788.455
788.494
880.52
1307.35
1419.62
1427.03
1429.48
645.683
953.395
925.008
1136.31
1237.14
1405.33
1437.93
1382.41
1130.78
1077.66
1253.33
1214.88
1230.73
1243.99
1284.54
1346.72
1322.54
1328.18
1409.1
1418.99
1439.41
1440.29
1439.67
1438.1
1435.84
1433.69
1431.23
1426.14
1300.34
833.921
790.778
788.12
789.304
790.495
791.862
793.967
1113.8
1434.99
1445.54
1372.51
586.439
1413.88
1247.75
1065.44
1248.55
1335.88
1452.52
1448.09
1427.49
1416.39
1438.03
1437.31
1436.52
1414.41
1330
1326.4
1326.88
1363.08
1439.66
1441.18
1443.71
1447.33
1449.59
1448.84
1442.81
1429.73
1437.73
1436.65
1251.05
829.27
801.225
859.713
789.793
791.64
794.457
902.354
1382.89
1455.5
1461.97
1220.64
493.133
1467.96
1467.32
1335.3
1056.15
1417.13
1455.17
1453.06
1451.15
1449.38
1447.77
1446.73
1445.68
1444.56
1385.93
1356.95
1405.97
1439.22
1440.98
1441.95
1365.88
1274.52
1277.8
1278.12
1269.71
1262.52
1298.12
1425.89
1412.38
1226.92
1119.69
1114.08
808.693
934.033
1166.39
1435.42
1453.83
1463.09
1467.67
965.092
455.29
1472.25
1466.46
1257.73
970.074
1052.66
1355.77
1458.77
1456.41
1454.78
1454.01
1454.23
1453.52
1451.86
1450.14
1449.75
1448.1
1444.03
1438.68
1394.31
1043.24
1279.86
1398.52
1401.11
1397.4
1389.03
1364.14
1260.95
1206.87
1151.19
1151.34
1086.49
761.537
782.644
1014.28
1428.47
1454.67
1461.6
1163.1
453.969
447.503
1478.61
1479.07
1466.03
975.074
956.46
950.451
1104.81
1294.33
1456.81
1453.08
1455.63
1456.12
1455.8
1453.33
1449.06
1416.43
1350.28
1216
778.056
893.562
1348.73
1389.6
1393.16
1242.02
1152.54
843.63
753.612
752.648
750.345
749.228
749.304
747.987
1254.75
1436.58
1447.87
1454.5
1461.67
1199.64
451.503
461.233
1484.45
1480.65
1470.67
1471.9
1270.87
1159.25
869.984
854.751
841.317
1021.79
1443.83
1456.47
1457.72
1454.77
1219.28
821.625
694.125
657.925
648.188
675.705
1239.09
1402.93
1114.47
627.846
635.642
725.956
815.367
1054.15
1089.11
1123.49
1057.51
1221.51
1440.51
1446.03
1448.38
1452.79
1457.98
1407.83
788.424
1108.43
1489.53
1459.13
1432.02
1452.76
1468.62
1489.36
1443.77
845.268
767.463
750.531
756.447
1078.6
1367.94
1152.39
687.148
651.998
650.248
648.853
647.073
680.055
1258.29
1058.18
613.415
621.335
1185.91
1419.03
1417.75
1413.63
1410.17
1406.48
1403.96
1344.42
1409.31
1442.66
1446.65
1443.54
1443
1439.29
1435.85
1467.98
1494.22
1457.13
1435.01
1434.18
1472.18
1489.63
1483.32
1280.13
1119.24
738.997
672.31
658.267
681.093
653.968
650.185
649.255
648.554
647.902
647.385
914.574
1254.72
780.825
606.816
771.497
1424.96
1422.81
1417.88
1412.2
1404.88
1398.46
1401.73
1417.23
1439.2
1439.23
1418.15
1420.36
1425.16
1452.33
1463.75
1465
1499.21
1476.27
1449.45
1458.65
1474.82
1494.03
1491.93
1490.75
1489.07
1383.71
730.935
650.753
649.9
649.027
648.676
648.05
646.801
644.188
640.552
1183.1
1042.67
606.752
604.919
1292.16
1434.14
1428.06
1420.7
1397.66
1364.48
1360.64
1413.25
1442.42
1443.75
1428.84
1419.46
1423.45
1438.23
1460.67
1461.73
1461.15
1504.34
1490.29
1501.83
1500.46
1498.89
1497.42
1495.86
1494.03
1492.08
1490.28
1084.02
646.884
647.93
648.647
648.818
648.262
647.427
645.066
1217.38
1343.2
910.061
607.633
629.524
1370.03
1441.55
1427.86
1164.89
1119.53
1440.46
1450.23
1450.45
1451.39
1452.91
1450.99
1427.13
1434.25
1463.07
1463.44
1462.71
1460.39
1507.28
1505.63
1503.43
1501.39
1499.61
1498.11
1496.01
1462.01
1495.33
1451.65
1308.37
877.763
649.037
649.955
649.379
762.104
1180.12
1433.71
1436.01
1292.56
919.256
1130.48
1335.84
1409
1407.11
957.397
653.67
975.253
1238.85
1421.59
1451.9
1456.43
1460.17
1462.93
1447.13
1463.51
1470.25
1469.06
1467.17
1463.53
1510.21
1509.16
1507.36
1505.86
1491.28
1449.54
1352.93
1354.65
1359.49
1469.56
1440.59
1437.15
1168.92
1006.48
1123.28
1415.56
1495.98
1490.08
1431.26
989.775
769.318
936.517
798.894
747.158
461.583
94.0806
9.48503
0.785272
2.52076
598.932
1174.41
1375.53
1438.65
1453.4
1465.61
1472.82
1474.09
1472.61
1470.57
1198.93
1518.21
1517.33
1516.3
1495.09
1319.05
1256.43
1258.24
1472.93
1486.23
1511.36
1513.52
1511.99
1509.69
1504.52
1504.76
1502.25
1498.83
1494.88
1415.32
942.424
504.282
220.724
46.8688
29.7708
5.63348
2.19596
0.409305
0.366571
0.38796
0.260649
0.526395
294.346
660.12
871.519
1117.38
1392.05
1468.36
1485
1197.16
537.119
1526.82
1526.79
1527.93
1474.36
1292.42
1263.94
1336.01
1376.68
1488.77
1511.29
1523.13
1521.3
1517.62
1513.64
1510.33
1507.14
1505.15
1503.26
1499.88
1169.42
310.299
16.6709
5.38304
2.42486
1.61175
0.814269
0.335984
0.306846
0.284167
0.270337
0.286025
0.299737
1.55003
223.408
345.455
436.295
762.53
934.578
600.749
343.344
1533.86
1534.21
1535.39
1531.56
1528.72
1465.1
1453.88
1398.32
910.145
1089
1503.97
1536.57
1501.71
1443.1
1396.81
1370.69
1392.62
1340.65
1264.33
861.381
135.255
4.77789
2.07141
1.31617
0.739974
0.42519
0.331331
0.295933
0.29641
0.304608
0.319288
0.341076
0.353499
0.392016
0.559781
74.5146
242.575
318.227
300.629
323.414
1468.46
1452.76
1410.14
1382.51
1282.83
1202.18
1092.3
868.675
757.342
828.448
1085.92
1033.21
750.236
442.342
314.234
222.561
199.214
132.007
114.443
22.8462
29.223
5.53927
2.68731
2.09262
0.682151
0.537535
0.347847
0.335255
0.329004
0.324372
0.323898
0.328956
0.54055
0.471037
0.475101
0.38874
0.379563
33.9031
39.6881
68.9737
457.371
411.186
329.035
262.56
161.412
43.7899
0.0311415
-0.0877808
0.179772
43.8785
135.851
132.771
61.4965
12.3506
3.68579
1.15154
1.08947
0.811674
0.619146
0.696393
3.68594
2.97067
1.82281
1.93905
1.95265
1.9785
1.83057
3.23911
3.11097
1.02096
0.337015
0.338999
0.759888
1.06914
0.667292
0.402511
0.418579
0.427114
0.431725
0.574234
0.0018116
0.00524188
-0.0256241
-0.0497591
-0.051038
-0.0564966
-0.0850891
-0.0947032
1.9067
3.95979
2.50753
2.09542
1.46981
0.992556
0.935871
1.08402
2.45854
1.53566
0.581054
0.510035
0.47174
0.361189
0.255484
0.712494
1.57291
1.06026
2.76768
3.37982
3.42297
3.46732
3.07731
0.444572
0.42171
1.02559
1.17257
1.16669
1.1624
0.831324
0.347475
0.301607
0.0281004
0.0371967
0.372638
0.46507
0.130236
-0.0183857
-0.03253
0.0220445
2.44574
4.37524
0.729013
0.766537
0.95433
0.888144
0.892855
2.08672
2.72184
2.7405
2.75352
1.65648
0.351705
0.276709
0.218893
0.183272
0.176038
0.135761
0.559107
3.25671
3.41336
3.47276
3.51347
2.38636
0.416248
0.825954
1.17432
1.16859
1.1628
1.15901
0.903293
0.365069
0.0815666
0.860259
1.63221
1.61718
1.12809
0.0557437
0.0607542
0.176329
2.51717
3.65601
0.56039
0.669932
1.23818
0.949236
0.884098
1.27259
1.00323
2.2136
2.76516
2.75796
1.77047
0.270061
0.22792
0.201461
0.179067
0.162722
0.156535
0.427537
3.31435
3.48957
3.51923
2.30082
0.343978
0.63783
1.16538
1.15637
1.14585
1.13682
0.806089
0.355385
0.149303
1.38671
1.70638
1.67497
1.6128
0.14054
0.177031
0.897995
1.83427
0.406735
0.411784
0.439727
0.7082
0.988202
0.601915
0.405506
0.316016
0.151024
0.39359
1.12666
1.23676
0.470329
0.386647
0.496498
0.332529
0.168256
0.156146
0.153362
1.95222
3.49011
3.4333
0.933497
0.247673
0.393067
1.15468
1.14512
1.13242
0.654633
0.228043
0.264633
0.124361
0.500603
1.33133
0.285182
0.335454
0.866801
1.05736
1.06254
1.01157
0.466329
0.422467
0.666297
0.649632
0.112404
0.0825258
0.042074
0.090613
0.142359
0.130135
0.27998
0.60294
0.793454
0.84838
0.849633
0.828913
0.583349
0.118051
0.114231
0.961992
3.42469
1.8108
0.233783
0.182199
0.195635
0.63363
1.1262
0.882891
0.159344
0.170289
0.26897
0.110071
0.31389
0.812124
0.0597183
0.00252701
0.0764894
0.623372
0.830306
0.00719807
0.02358
0.0946528
0.0712956
0.0196921
0.0172941
0.0267108
0.0344489
0.0404856
0.045878
0.0509458
0.0551905
0.0588494
0.158042
0.759655
0.798032
0.784467
0.768603
0.160743
0.0621342
0.224791
1.13142
0.44068
0.120692
0.13269
0.139114
0.151734
0.284292
0.680244
0.12974
0.135199
0.155127
0.106895
0.337641
0.86005
0.239588
0.000865247
0.0332166
0.129294
-0.0158788
-0.0130182
-0.0103377
-0.00674648
-0.00118047
0.0115061
0.0376766
0.055821
0.0473323
0.0319405
0.0331319
0.0349207
0.0352169
0.0334642
0.0291955
0.121658
0.783388
0.603682
0.200411
0.0270806
0.0287651
0.0451118
0.0704135
0.077433
0.0832584
0.129243
0.181678
1.29195
1.13775
0.379558
0.112627
0.113735
0.116558
0.107217
0.696131
0.860774
0.462957
-0.000297983
0.014012
0.0334718
-0.0104801
-0.0102054
-0.00946863
-0.00757699
-0.00411164
0.0318747
0.0801788
0.0850612
0.0889611
0.062957
0.0233322
0.0186212
0.0209577
0.0148236
0.00610278
0.346264
0.780324
0.334664
-0.0110895
-0.00511798
0.00831496
0.0223361
0.0406689
0.0558666
0.0669834
0.25972
1.35413
1.76524
1.78093
1.7894
1.19921
0.146181
0.11777
0.286407
0.894803
0.788493
0.0572592
0.00157556
-0.00288932
-0.00667684
-0.00822806
-0.00862813
-0.00878145
-0.0113073
-0.00965731
0.007042
0.0595053
0.0758384
0.0785029
0.0798521
0.0568838
0.00580335
0.0101633
0.0191033
-0.0110672
0.646606
0.770414
0.491653
-0.0204862
-0.0104224
0.0048826
0.0127704
0.0324407
0.0511093
0.0681242
0.324729
1.78204
1.79891
1.80914
1.81834
1.82959
1.27242
0.151393
0.14218
0.905396
0.525893
0.0105728
0.00736856
0.0061406
-0.00652067
-0.00912699
-0.00857171
-0.0107753
-0.0154814
-0.0148203
-0.012908
-0.0102811
0.0121684
0.0527911
0.0717804
0.0709661
0.0276791
0.00147278
0.00957393
0.0425885
0.312897
0.776487
0.179675
-0.0335926
-0.0219212
-0.00467231
0.0158579
0.0353146
0.0565707
0.0751364
0.0875302
1.5436
1.821
1.82906
1.83771
1.85115
1.13886
0.135505
0.0756511
0.0734129
0.496674
0.145777
0.0114241
0.0287222
-0.00480635
-0.0100753
-0.0109165
-0.0132207
-0.0181091
-0.0185423
-0.0166236
-0.013819
-0.0106087
-0.00771479
0.0358755
0.0700835
0.0624436
0.00267634
-0.00337325
0.0886598
0.16189
0.0720764
-0.0233746
-0.0173781
-0.00602433
0.0089856
0.0314861
0.0466368
0.0638346
0.0792083
0.0907954
0.689693
1.8344
1.19649
0.439204
0.413438
0.215013
0.132067
0.0790591
0.0953553
0.485685
0.868026
0.0928451
0.0271593
-0.00532966
-0.0131557
-0.0127732
-0.0153199
-0.0187658
-0.0194157
-0.016712
-0.0131062
-0.00914899
-0.0049136
-0.00162739
0.0633634
0.0699794
0.0105968
0.00659266
0.0258892
0.016826
0.0154152
0.00501125
0.00911546
0.0167344
0.0273579
0.0457043
0.0601508
0.0713816
0.139981
0.517638
1.12074
1.37635
1.21744
3.15143
1.86889
0.123611
0.125159
0.71607
1.4196
1.42472
1.42717
0.659441
0.0110553
-0.00771533
-0.0121434
-0.0140468
-0.0153078
-0.0174421
-0.0165635
-0.0132734
0.0567961
0.0448179
0.0059357
0.00375704
0.0115291
0.0782416
0.0357432
0.0176914
0.0165225
0.0455973
0.0435703
0.0272954
0.0308122
0.0356906
0.0414795
0.0480601
0.10542
0.534234
1.08394
1.26794
2.43276
3.1905
3.21217
3.21646
3.21687
2.26734
0.224936
1.44028
1.43781
1.43993
1.43719
1.43245
0.266768
-0.00812314
-0.00915346
-0.0103042
-0.010725
-0.0099235
-0.00892515
0.0390854
0.407447
0.364715
0.0537045
0.00901647
0.0126549
0.0805142
0.0949787
0.0269595
0.0480283
0.0696671
0.0550244
0.0409287
0.0428659
0.0453184
0.0478885
0.0544115
0.276602
0.530845
0.485507
0.388596
2.04181
3.20473
3.21145
3.21385
3.21753
3.22075
0.921396
1.44756
1.44567
1.44675
1.3996
0.948981
0.0454137
-0.00675659
-0.00430249
-0.0029518
-0.00219195
0.00432586
0.0393149
0.406318
0.41168
0.4145
0.14607
0.0106575
0.0143132
0.0352941
0.104643
0.0301712
0.0426126
0.0733635
0.0749872
0.0582495
0.0460137
0.074431
0.1283
0.191612
0.242072
0.152032
0.104164
0.121109
0.201669
2.79066
3.21238
3.20982
3.21023
3.16007
0.587477
0.722503
0.611574
0.430402
0.14679
0.576486
0.533728
0.239656
-3.14525e-05
0.00156886
0.00230636
0.305028
0.413096
0.413684
0.415605
0.289673
0.018157
0.00832299
0.0115735
0.0164657
0.10372
0.0463469
0.021721
0.0277655
0.0586488
0.0582855
0.0439494
0.114964
0.13897
0.139624
0.0899999
0.0627298
0.090437
0.168094
0.193276
0.745657
1.96176
2.64998
2.34697
1.03901
0.145992
0.0698952
0.0572119
0.0262777
0.0315707
0.00467818
0.242468
0.24833
0.0164419
0.184656
0.407587
0.410887
0.414635
0.351588
0.0581519
0.00135329
0.00282443
0.00436164
0.0065668
0.0129942
0.0991664
0.0724262
0.0161524
0.0172648
0.0225859
0.0337608
0.0320464
0.0554315
0.0972478
0.0553805
0.0223859
0.0551695
0.0865892
0.0694077
0.0252103
0.015545
0.0609913
0.131405
0.107666
0.0629281
0.129748
0.0290286
-0.00313332
0.00574042
0.0259827
0.00472498
-0.00341291
0.0213133
0.0115251
0.0116928
0.100932
0.284332
0.0435091
-0.000971317
-0.00121778
-0.000813993
0.00616625
0.0214484
0.00368855
0.0638575
0.0938311
0.0311207
0.00965387
0.0109006
0.0118841
0.0127419
0.0141241
0.0134046
0.0139151
0.0125279
0.01264
0.0215474
0.0148702
0.00853901
0.00644563
0.00432394
0.00299256
0.00383589
0.00619113
0.00568872
0.0426162
-0.00525251
-0.00516016
-0.00497286
-0.00495933
-0.00405641
-0.00339866
0.148117
0.162812
0.0655092
0.000377277
-0.000450549
-0.000772545
-0.000845653
-0.000246512
0.00159762
0.0287239
0.0409002
0.0417714
0.0335658
0.0291102
0.00385423
0.00506882
0.00599713
0.00666056
0.00710055
0.00735042
0.0074236
0.00736048
0.00720792
0.00689768
0.00636368
0.00563974
0.0047735
0.00387746
0.00305298
0.00235609
0.00229049
0.00364847
-0.00111503
-0.00297826
-0.00373653
-0.00410163
-0.00441274
-0.00488273
-0.00523031
0.00321529
0.0219446
-0.00442176
-0.00318891
-0.00227586
-0.00174107
-0.00138763
-0.000921519
0.00164247
0.00371002
-0.000277177
0.000648139
0.00187825
0.00177096
0.00144003
0.00155973
0.00173316
0.00192894
0.00211129
0.00225113
0.00234446
0.00237622
0.00234776
0.00228839
0.00217049
0.00196564
0.00173712
0.00149272
0.00108921
0.000408058
-0.000567892
0.000220546
0.00128109
-0.0065795
-0.00213297
)
;

boundaryField
{
    inlet
    {
        type            fixedFluxPressure;
        gradient        nonuniform List<scalar> 10(-0.0179145 -0.0167596 -0.0123552 -0.0111475 -0.0162664 -0.0135874 -0.00887467 -0.00128777 0.00411275 -3.1554e-06);
        value           nonuniform List<scalar> 10(1962.92 1962.74 1962.6 1962.47 1962.41 1962.42 1962.48 1962.6 1962.74 1962.92);
    }
    inletWall
    {
        type            zeroGradient;
    }
    bottleWall
    {
        type            zeroGradient;
    }
    atmosphere
    {
        type            totalPressure;
        rho             rho;
        psi             none;
        gamma           1;
        p0              uniform 0;
        value           nonuniform List<scalar> 
80
(
-0.00501874
-0.000122185
0
0
0
0
0
0
0
0
0
0
0
0
0
-0.00051008
-0.00197929
-0.00146439
-0.000814355
-0.000793867
-0.000906167
-0.000842335
-0.000681007
-0.000576328
-0.000560384
-0.000596003
-0.000678558
-0.000821395
-0.000974526
-0.00110434
-0.00120428
-0.00128545
-0.00134286
-0.00138153
-0.00141151
-0.00143251
-0.00141696
-0.00127638
-0.000759537
0
-0.00157286
-0.0032288
-0.00377214
-0.00364074
-0.00194207
0
0
-0.000901124
-0.00109826
-0.00151554
-0.00200429
-0.00236191
-0.00235737
-0.000865964
0
-0.00060959
-0.000577868
-3.62805e-05
0
0
0
0
0
0
0
0
0
0
0
0
0
0
0
0
0
0
0
0
0
0
)
;
    }
    frontAndBack
    {
        type            empty;
    }
}


// ************************************************************************* //
