/*--------------------------------*- C++ -*----------------------------------*\
  =========                 |
  \\      /  F ield         | OpenFOAM: The Open Source CFD Toolbox
   \\    /   O peration     | Website:  https://openfoam.org
    \\  /    A nd           | Version:  8
     \\/     M anipulation  |
\*---------------------------------------------------------------------------*/
FoamFile
{
    version     2.0;
    format      ascii;
    class       volScalarField;
    location    "8.9";
    object      p_rgh;
}
// * * * * * * * * * * * * * * * * * * * * * * * * * * * * * * * * * * * * * //

dimensions      [1 -1 -2 0 0 0 0];

internalField   nonuniform List<scalar> 
9150
(
1963.98
1962.97
1962.34
1961.88
1961.65
1961.64
1961.87
1962.34
1962.97
1963.98
1963.54
1963.03
1962.6
1962.27
1962.1
1962.12
1962.29
1962.61
1963.03
1963.54
1963.27
1962.99
1962.74
1962.52
1962.41
1962.4
1962.51
1962.73
1962.99
1963.27
1963.15
1962.98
1962.81
1962.66
1962.57
1962.57
1962.65
1962.81
1962.98
1963.15
1963.15
1962.97
1962.84
1962.71
1962.65
1962.65
1962.7
1962.83
1962.97
1963.15
1952.15
1951.42
1951.77
1952.11
1952.28
1952.26
1952.05
1951.62
1951.29
1952.04
1956.29
1955.57
1955.45
1955.36
1955.45
1955.43
1955.31
1955.38
1955.5
1956.2
1959.41
1958.65
1958.36
1958
1957.91
1957.89
1957.94
1958.32
1958.62
1959.38
1962.14
1960.97
1960.5
1959.88
1959.71
1959.69
1959.88
1960.49
1960.96
1962.13
1964.65
1962.61
1961.84
1961.16
1960.89
1960.88
1961.18
1961.85
1962.62
1964.65
1949.18
1947.16
1944.89
1943.39
1942.35
1941.91
1942.32
1943.2
1944.92
1945.67
1947.78
1947.19
1945.77
1945.22
1944.56
1944.25
1944.74
1944.9
1945.52
1945.68
1946.76
1946.82
1945.64
1945.85
1945.37
1944.92
1945.53
1944.76
1945.76
1945.45
1943.32
1946.06
1945.23
1946.39
1946.38
1946.1
1946.33
1944.43
1945.62
1942.53
1937.52
1946.7
1947.31
1948.43
1948.9
1948.84
1948.41
1946.9
1946.38
1936.92
1744.83
1745.06
1745.16
1745.08
1745.1
1745.08
1744.98
1744.94
1744.7
1744.69
1744.52
1744.78
1744.87
1744.94
1745.16
1745.15
1744.89
1744.85
1744.63
1744.63
1744.51
1744.69
1744.93
1745.08
1745.61
1745.42
1745.09
1745.03
1744.84
1744.78
1744.62
1744.73
1745.02
1745.19
1745.88
1745.41
1745.2
1744.98
1745
1744.78
1744.66
1744.78
1745.09
1745.42
1746.13
1745.63
1745.46
1745.31
1745.46
1745.15
1744.52
1744.88
1745.27
1746.26
1746.54
1745.84
1745.77
1746.03
1746.06
1745.65
1744.42
1744.95
1745.63
1746.28
1746.1
1745.81
1745.97
1746.55
1746.46
1745.93
1744.44
1745.06
1745.99
1746.18
1745.47
1745.62
1746.21
1746.65
1746.64
1746.23
1744.88
1745.81
1746.08
1745.69
1745.34
1745.49
1746.68
1746.75
1746.78
1746.54
1745.85
1746.07
1745.92
1745.03
1745.22
1745.65
1746.77
1746.9
1746.88
1746.57
1746.27
1745.64
1745.03
1745.14
1745.21
1746.12
1746.91
1747.04
1746.62
1746.71
1745.08
1745.19
1745.21
1745.29
1745.39
1746.77
1746.98
1747.07
1747.01
1746.75
1745.88
1746.59
1746.18
1746.33
1746.61
1746.83
1746.88
1746.96
1747.04
1746.79
1746.65
1746.71
1746.69
1746.64
1746.62
1746.61
1746.65
1746.75
1746.84
1746.93
1746.02
1746.04
1746.02
1746.05
1746.1
1745.98
1746
1746.11
1746.52
1746.65
1745.36
1745.32
1745.16
1745.31
1745.4
1745.59
1745.8
1745.38
1745.54
1745.65
1744.8
1744.78
1742.63
1741.51
1743.37
1745.1
1745.31
1745.52
1745.76
1745.88
1744.25
1744.21
1741.12
1737.52
1737.47
1739.25
1741.63
1741.9
1743.41
1744.18
1743.3
1743.22
1743.15
1741.18
1735.7
1734.73
1734.89
1735.18
1735.39
1737.07
1742.16
1742.09
1742.05
1742.09
1742.17
1735.42
1733.75
1734.25
1734.71
1735.42
1740.86
1740.9
1741
1741.11
1741.23
1738.29
1732.48
1733.2
1733.84
1735.21
1739.46
1737.93
1739.91
1740.35
1740.53
1740.61
1733.73
1732.44
1737.44
1742.08
1739.32
1729.12
1725.68
1739.57
1739.86
1739.99
1737.82
1735.64
1739.44
1739.89
1739.51
1719.42
1710.28
1723.53
1739.29
1739.29
1735.88
1733.69
1737.15
1737.27
1739.41
1721.35
1706.65
1706.47
1706.19
1731.19
1736.01
1735.19
1736.12
1732.59
1730.91
1728.64
1729.83
1730.11
1704.16
1692.63
1692.3
1713.05
1712.59
1700.82
1658.36
1660.86
1700.11
1719.22
1723.8
1724.27
1705.45
1707.47
1699.32
1695.34
1644.59
1643.07
1641.83
1642.32
1692.33
1717.18
1738.86
1742.51
1743.29
1738.76
1673.18
1642.97
1642.4
1641.89
1641.89
1642.31
1662.18
1736.99
1745.1
1745.99
1745.45
1689.27
1642.69
1642.6
1642.75
1642.88
1643.05
1668.97
1744.37
1748.81
1748.07
1749.52
1739.01
1647.49
1642.79
1643.3
1643.78
1644.08
1722.67
1752.26
1751.05
1752.48
1753.47
1734.24
1643.86
1643.44
1643.89
1644.36
1708.58
1755.7
1741.59
1756.11
1757.12
1750.34
1648.91
1643.27
1643.75
1644.36
1730.91
1758.61
1723.68
1759.26
1760.76
1741.09
1644.04
1643.84
1644.05
1690.87
1761.1
1761.49
1756.31
1761.47
1762.24
1709.24
1646.72
1645.91
1709.76
1764.19
1764.45
1763.78
1761.3
1762.48
1762.12
1689.81
1684.97
1738.64
1766.09
1766.58
1766.32
1742.8
1754.27
1739.26
1730.73
1720.26
1730.36
1754.42
1742.47
1738.32
1736.47
1739.41
1756.71
1744.52
1744.31
1745.5
1735.72
1733.59
1733.74
1733.83
1736.55
1761.96
1760.39
1760.04
1746.23
1732.64
1733.17
1733.27
1750.1
1768.72
1768.55
1765.38
1739.46
1740.42
1741.38
1743.32
1768.54
1769.08
1769
1768.61
1759.38
1703.94
1765.24
1764.32
1763.35
1767.1
1768.14
1768.34
1767.89
1740.77
1685.47
1685.9
1765.04
1765.74
1766.38
1767.04
1767.59
1768.02
1766.65
1711.8
1686.42
1685.93
1764.62
1765.23
1765.92
1766.72
1767.65
1763.31
1758.14
1756.85
1757.4
1738.15
1763.38
1764.05
1764.87
1766.43
1767.7
1768.63
1757.87
1743.14
1745.31
1760.19
1765.51
1766.2
1766.93
1767.74
1768.57
1769.28
1769.8
1770
1769.75
1768.9
1764.78
1768.13
1768.38
1768.7
1769
1768.66
1744.34
1760.17
1759.87
1708.77
1770.06
1770.33
1769.11
1732.45
1756.48
1717.82
1721.5
1738.43
1736.94
1686.16
1772.4
1758.58
1715.42
1687.01
1687.77
1686.9
1729.2
1711.31
1713.93
1754.14
1761.31
1687.5
1688.04
1704.39
1736.88
1737.01
1732.34
1698.91
1699.08
1699.61
1688.06
1695.51
1754.93
1749.46
1727.35
1727.05
1757.62
1777.1
1729.56
1701.07
1731.53
1771.48
1748.37
1727.91
1738.83
1774.04
1774.54
1775.17
1775.75
1776.43
1774.69
1770.52
1735.49
1726.08
1769.92
1771.14
1772.12
1773.22
1774.27
1775.31
1774.88
1771.24
1732.82
1724.51
1741.06
1765.37
1771.48
1772.47
1773.62
1774.67
1775.71
1775.17
1762.62
1750.85
1754.36
1768.19
1773.13
1773.68
1774.4
1774.93
1778.61
1778.76
1778.08
1777.34
1776.84
1776.47
1776.24
1776.19
1776.35
1776.27
1783.33
1782.84
1782.31
1781.71
1781.2
1780.72
1780.3
1779.86
1779.38
1774.76
1786.99
1786.38
1785.76
1785.18
1784.64
1784.15
1783.61
1783.2
1782.85
1741.89
1790.87
1789.79
1788.74
1787.96
1787.38
1786.97
1786.52
1786.03
1781.77
1737.81
1794.01
1792.44
1791.03
1790.16
1789.71
1789.56
1789.42
1786.48
1772.68
1747.61
1796.41
1794.08
1792.07
1791.24
1790.99
1791.08
1791.6
1776.38
1775.04
1788.96
1776.65
1735.27
1662.21
1678.15
1713.19
1697.58
1716.3
1786.68
1786.57
1788.44
1738.08
1558.27
1543.49
1541.18
1530.99
1470.39
1472.06
1713.46
1787.66
1786.07
1771.01
1644
1606.82
1661.32
1599.26
1454.7
1455.42
1463.09
1659.43
1720.36
1758.67
1746.66
1759.96
1756.47
1752.01
1543.46
1445.98
1449.5
1449.91
1454.08
1646.78
1653.59
1761.73
1758.73
1754.9
1599.26
1447.88
1451.89
1454.78
1456.79
1641.52
1636.99
1679.92
1761.57
1759.74
1760.73
1578
1456.09
1458.66
1460.46
1765.37
1634.35
1617.99
1689.71
1762.27
1764.99
1769.06
1753.46
1497.27
1460.11
1783.36
1776.33
1609.91
1595.93
1620.74
1762.16
1765.84
1765.92
1699.46
1602.3
1779.97
1788.12
1783.78
1602.5
1565.91
1565.45
1581.56
1734.15
1585.03
1579.76
1783.75
1786.93
1789.3
1780.09
1595.09
1567.01
1568.08
1609.41
1764.83
1681.61
1782.66
1786.68
1789.98
1792.19
1782.82
1659.51
1663.44
1791.15
1789.83
1784.59
1782.2
1787.19
1791.71
1795.01
1795.89
1793.57
1790.76
1789.22
1786.86
1715.9
1781.66
1770.65
1783.22
1796.12
1798.29
1797.16
1793.36
1789.88
1788.62
1725.49
1649.46
1654.94
1763.06
1792.28
1795.66
1796.32
1793.79
1790.89
1789.06
1787.14
1339.5
1530.8
1760.72
1786.71
1788.8
1788.92
1779.96
1722.21
1732.1
1780.48
1310.01
1326.47
1684.09
1781.9
1783.73
1776.43
1661.13
1631.84
1630.9
1692.87
1304.29
1304.35
1600.86
1776.62
1769.56
1635.22
1625.68
1625.05
1623.47
1622.01
1300.3
1427.6
1722
1761.6
1637.14
1622.14
1620.02
1617.69
1615.68
1628.33
1543.89
1758.39
1780.85
1676.29
1622.44
1616.58
1615.17
1643.93
1686.36
1682.94
1784.98
1784.09
1776.9
1755.21
1682.56
1659.52
1717.78
1705.18
1649.34
1649.51
1776.55
1781.36
1777.48
1773.59
1769.2
1759.08
1723.85
1611.01
1592.67
1620.06
1771.33
1779.7
1773.82
1768.36
1727.91
1450.33
1218.86
1345.45
1626.77
1729.3
1784.87
1783.16
1776.33
1755.76
1153.6
889.978
1012.07
1666.72
1759.5
1755.32
1795.34
1788.2
1779.79
1311.22
867.833
868.289
1401.11
1766.99
1763.88
1760.26
1802.09
1793.69
1742.45
967.212
860.449
861.788
1521.09
1774.77
1771.22
1767.18
1809.66
1791.13
1495.55
853.817
855.831
856.794
1259.53
1783.35
1780.05
1776.05
1817.06
1762.09
1129.34
854.672
856.035
857.09
1150.99
1793.82
1791.27
1787.39
1823
1721.45
963.688
857.617
857.719
858.413
1342.49
1805.18
1803.19
1795.56
1826.76
1765.07
1051.92
859.206
860.07
918.833
1709.06
1815.06
1813.84
1811.5
1828.79
1823.45
1479.13
862.24
868.113
1312.67
1822.44
1823.08
1822.85
1822.51
1818.31
1805.51
1792.2
1288.41
911.653
1594.53
1829.03
1830.62
1830.25
1829.21
1469.93
1738.31
1771.8
1791.81
1686.64
1616.93
1815.02
1715.13
1670.73
1793.89
259.475
726.171
1370.11
1821.43
1838.56
1847.11
1674.27
1589.49
1499.52
1501.88
135.848
58.3927
107.211
1562.37
1842.85
1849.05
1851.57
1839.29
1678.12
1375.62
43.656
57.3745
20.6133
1023.74
1850.96
1857.56
1858.61
1857.08
1800.24
1169.08
0.63723
11.5465
13.2007
1019.32
1867.58
1871.68
1871.63
1869.23
1325.61
48.8334
0.583424
0.601866
108.328
1585
1889.88
1890.89
1890.16
1878.58
934.927
-0.0189261
0.521955
0.76274
977.659
1905.27
1910.14
1910.06
1909.45
1896.02
862.951
-0.00993768
0.664698
422.036
1759.69
1926.43
1926.28
1926.01
1925.93
1925.05
1412.08
1.95153
307.131
1689.21
1939.52
1937.59
1936.69
1936.61
1937.18
1938.57
1933.8
933.125
1744.64
1744.57
1744.5
1744.47
1744.5
1744.61
1744.77
1744.97
1745.15
1745.31
1745.38
1745.34
1745.25
1745.04
1744.74
1744.57
1744.3
1744.01
1743.88
1743.71
1743.71
1743.65
1743.5
1743.63
1743.62
1743.6
1743.68
1743.82
1744.02
1744.22
1744.39
1744.56
1744.72
1744.88
1744.94
1744.98
1745.04
1745.07
1745.14
1745.17
1744.49
1744.33
1744.19
1744.13
1744.22
1744.41
1744.64
1744.93
1745.39
1745.46
1745.39
1745.39
1745.32
1745.29
1744.83
1744.54
1744.33
1743.97
1743.6
1743.55
1743.57
1743.47
1743.25
1743.11
1743.15
1743.16
1743.32
1743.65
1743.91
1744.09
1744.27
1744.43
1744.54
1744.83
1744.89
1744.96
1745.04
1745.08
1745.13
1745.13
1744.54
1744.27
1744.03
1743.86
1743.97
1744.24
1744.3
1744.67
1745.37
1746.25
1746.08
1746.33
1745.95
1745.49
1744.86
1744.37
1743.95
1743.43
1743.43
1743.6
1744.06
1742.85
1742.24
1742.45
1742.27
1743.56
1743.71
1743.79
1743.97
1744.1
1744.24
1744.11
1744.32
1744.63
1744.94
1745.11
1745.17
1745.21
1745.23
1745.27
1744.28
1743.66
1742.96
1742.61
1742.69
1743.7
1744.45
1745.11
1745.89
1745.85
1746
1745.63
1745.34
1744.68
1743.76
1743.11
1743.17
1743.6
1742.42
1741.8
1742.13
1741.85
1741.42
1741.85
1744.32
1744.25
1744.06
1744
1744.15
1744.2
1744.32
1744.41
1744.5
1744.73
1744.99
1745.08
1745.16
1745.24
1745.31
1745.37
1744.19
1743.27
1742.23
1741.59
1741.49
1741.31
1741.89
1743.75
1744.18
1744.65
1744.9
1744.94
1744.46
1743.82
1743.2
1739.56
1738.9
1739.68
1740.31
1745.39
1745.55
1745.07
1742.22
1741.86
1742.13
1741.88
1742.66
1742.6
1742.86
1742.57
1743.12
1742.5
1742.91
1744.75
1744.52
1744.15
1744.66
1745.35
1745.41
1745.45
1744.82
1743.89
1741.94
1734.72
1734.13
1740.97
1742.78
1742.78
1742.66
1742.89
1743.1
1743.21
1743.28
1743.34
1743.16
1741.7
1739.38
1742.04
1743.58
1744.05
1744.33
1744.51
1744.71
1743.42
1742.69
1744.04
1744.2
1744.18
1741.54
1740.95
1741.59
1741.99
1742.33
1742.82
1743.02
1743.06
1744
1745.92
1746.01
1746
1745.44
1743.92
1733.79
1732.31
1730.87
1737.96
1742.75
1742.4
1741.46
1740.81
1740.92
1741.39
1741.67
1742.12
1740.45
1737.78
1740.39
1741.38
1742
1742.7
1743.16
1743.53
1743.78
1743.78
1743.62
1743.49
1743.37
1743.3
1743.69
1743.57
1743.36
1744.16
1745.22
1746.24
1745.96
1745.9
1746.45
1746.18
1745.98
1745.76
1745.66
1745.03
1734.77
1730.33
1728.54
1726.61
1735.73
1741.97
1729.52
1726.51
1736.74
1739.19
1740.22
1740.99
1735.98
1732.12
1731
1740.23
1741.22
1741.5
1742.04
1742.54
1742.96
1743.2
1743.28
1743.17
1741.03
1739.42
1740.72
1742.89
1741.06
1743.16
1745.93
1746.16
1746.41
1746.92
1746.75
1746.39
1745.91
1745.82
1745.68
1745.33
1744.05
1732.92
1727.21
1725.75
1724.47
1723.94
1722.81
1721.59
1721.71
1737.35
1740.29
1741.34
1740.71
1730.61
1728.97
1728.02
1727.9
1736.34
1741.48
1741.4
1742.46
1742.96
1743.3
1743.23
1739.48
1739.36
1739.82
1740.35
1741.04
1741.5
1741.81
1742.53
1745.78
1747.07
1744.19
1742.99
1742.98
1743.91
1746.12
1746.22
1746.66
1745.98
1735.8
1725.69
1724.06
1723.19
1722.32
1721.67
1720.97
1730.89
1741.9
1742.54
1743.02
1741.68
1729.27
1728.42
1727.85
1727.55
1727.41
1733.16
1742.68
1743.1
1743.52
1743.96
1744.53
1741.73
1739.76
1740.28
1740.79
1744.52
1746.94
1747.37
1747.54
1745.7
1742.81
1742.36
1742.38
1742.29
1747.02
1747.33
1747.3
1747.14
1746.68
1741.63
1727.78
1722.5
1721.86
1721.49
1721.21
1740.49
1743.38
1743.43
1743.43
1743.68
1743.92
1734.6
1727.44
1727.42
1727.26
1727.2
1727.19
1738.12
1743.76
1743.95
1744.48
1744.95
1745.31
1745.36
1746.1
1746.47
1746.79
1747.01
1747.49
1747.73
1747.92
1745.05
1743.43
1742.06
1746.76
1747.37
1747.38
1747.34
1747.23
1746.92
1744.24
1732.26
1721.72
1721.33
1729.6
1743.61
1743.46
1743.26
1743.13
1743.03
1743.12
1743.6
1744.37
1741.22
1727.86
1727.04
1727.09
1727.07
1733.5
1744.07
1743.71
1744.59
1744.88
1745.15
1745.49
1745.74
1745.16
1745.52
1746.42
1747.32
1747.67
1748.02
1748.14
1746.43
1746.65
1746.75
1747.25
1747.27
1747.18
1746.92
1746.3
1744.18
1736.73
1730.52
1737.63
1743.22
1742.78
1742.45
1742.28
1742.36
1742.94
1743.6
1744.21
1744.77
1745.13
1745.31
1741.21
1730.57
1730.96
1736.2
1741.52
1742.87
1744.58
1744.75
1744.93
1744.75
1744.4
1744.72
1745.08
1745.76
1747.16
1747.59
1747.86
1748.03
1746.41
1746.47
1746.71
1747.08
1747.07
1746.9
1746.44
1745.32
1744.64
1743.27
1738.71
1739.6
1741.11
1743.57
1743.32
1740.48
1740.29
1741.1
1744.02
1744.73
1745.25
1745.37
1745.26
1745.28
1745.2
1745.16
1741.85
1741.97
1743.04
1744.7
1744.67
1744.75
1744.69
1744.09
1744.35
1744.81
1746.36
1747.14
1747.64
1748.1
1746.74
1746.41
1746.35
1746.64
1747.08
1747.08
1746.98
1746.75
1746.48
1745.71
1741.28
1740.72
1740.49
1740.29
1741.71
1741.38
1741.18
1741.31
1741.51
1741.75
1742.09
1745.36
1745.97
1745.93
1745.66
1745.41
1745.17
1745.01
1744.95
1744.76
1744.39
1744.21
1744.71
1744.96
1744.95
1744.88
1745.64
1746.56
1747.22
1747.68
1745.79
1745.96
1746.11
1746.77
1747.14
1747.29
1747.36
1747.26
1746.81
1746.68
1746.61
1744.38
1741.48
1741.3
1743.97
1745.57
1745.48
1745.74
1744.28
1741.93
1742.09
1742.16
1743.47
1746.18
1746.12
1745.87
1745.56
1745.32
1745.24
1745.14
1744.59
1744.57
1744.92
1745.3
1745.38
1744.3
1744.33
1746.17
1746.88
1747.24
1746.03
1745.74
1746.58
1747.04
1747.31
1747.49
1747.49
1747.26
1747.18
1747.41
1747.23
1746.93
1745.94
1745.74
1746.19
1746.24
1746.19
1746.19
1746.22
1746.34
1743.77
1742.31
1742.47
1743.59
1746.29
1746.1
1745.84
1745.63
1745.52
1745.42
1745.37
1745.12
1745.98
1746.34
1745.44
1736.73
1737.3
1744.97
1747.58
1747.92
1744.62
1745.4
1746.29
1746.67
1744.33
1746.32
1748.1
1748.1
1747.94
1747.7
1747.42
1747.14
1746.88
1746.66
1746.53
1746.46
1746.43
1746.44
1746.47
1746.52
1746.59
1744.24
1742.48
1742.45
1745.39
1746.43
1746.29
1746.06
1746.05
1746.23
1746.48
1746.66
1747.03
1747.54
1740.31
1734.9
1735.25
1737.17
1747.83
1749.45
1738.98
1741.3
1742.1
1741.97
1742.98
1743.15
1747.48
1748.79
1748.38
1747.94
1747.58
1747.27
1747.03
1746.87
1746.77
1746.7
1746.7
1746.71
1746.67
1746.62
1746.54
1746.48
1744.29
1743.31
1746.12
1746.78
1746.94
1747.03
1747.31
1747.57
1747.44
1746.23
1747.42
1749.44
1738.39
1735.39
1735.78
1736.09
1746.53
1751.19
1736.5
1737.91
1744.6
1746.54
1746.91
1748.55
1749.2
1748.7
1747.8
1745.68
1745.93
1747.03
1746.95
1746.78
1746.7
1746.7
1746.72
1746.73
1746.69
1746.58
1746.4
1746.19
1746.07
1746.13
1746.6
1747.11
1747.5
1747.86
1748.27
1748.5
1748.68
1734.83
1735.25
1750.16
1744.99
1736.17
1736.52
1736.81
1747.21
1752.79
1743.83
1745.34
1746.41
1747.32
1747.72
1748.19
1748.06
1748.39
1747.77
1741.71
1739.68
1739.25
1738.79
1738.1
1738.04
1740.16
1746.5
1746.87
1746.66
1746.73
1746.47
1746.09
1745.66
1745.86
1745.78
1744.83
1747.61
1748.59
1749.13
1749.58
1737.99
1731.51
1732.17
1737.88
1746.88
1742.06
1737.25
1737.45
1749.06
1754.25
1742.86
1743.77
1744.66
1745.55
1746.33
1743.43
1739.13
1740.28
1744.08
1746.5
1745.83
1745.35
1740.8
1737.26
1737.53
1737.87
1738.24
1738.55
1743.77
1747.35
1747.05
1746.68
1746.34
1745.93
1740.83
1741.73
1743.82
1749.6
1746.23
1731.25
1730.78
1731.5
1732.15
1732.78
1745.62
1750.33
1738.07
1738.39
1752.22
1755.41
1740.54
1741.2
1741.79
1742.47
1743.42
1736.66
1733.99
1735.02
1737.51
1744.51
1744.3
1744.18
1741.41
1736.27
1736.87
1737.53
1738.12
1738.73
1747.01
1747.91
1747.76
1747.54
1747.34
1747.47
1744.02
1745.35
1743.87
1730.86
1730.16
1730.46
1731.06
1731.78
1732.48
1733.11
1742.51
1753.81
1739.89
1739.81
1753.41
1756.39
1737.74
1738.33
1738.69
1738.9
1739.32
1737.07
1730.56
1735.56
1737.76
1739.56
1742.96
1743.27
1738.42
1735.42
1736.18
1742.16
1745.48
1748.01
1748.54
1748.56
1748.53
1748.58
1748.67
1748.93
1749.44
1750.07
1748.91
1748.28
1737.25
1730.16
1730.83
1731.68
1732.38
1732.88
1743.22
1754.22
1740.43
1743.87
1756.36
1757.17
1726.41
1727.43
1723.18
1713.85
1711.94
1725.26
1737.32
1738.25
1715.6
1722.97
1738.44
1742.24
1742.54
1743.35
1745.03
1746.41
1747.23
1746.83
1747
1748.69
1749.03
1749.21
1749.38
1749.66
1750.09
1750.49
1750.91
1751.33
1751.93
1746.81
1730.25
1731.11
1731.85
1732.48
1748.07
1754.44
1740.54
1743.95
1756.95
1757.95
1691.25
1691
1690.84
1690.43
1690
1689.54
1732.69
1738.73
1670.07
1704.01
1741.64
1741.13
1733.79
1734.38
1737.79
1742
1741.52
1741.93
1744.26
1748.84
1749.28
1748.78
1749.32
1749.67
1749.94
1748.67
1749.69
1751.14
1751.83
1752.69
1737.55
1730.97
1731.7
1739.45
1756.27
1753.73
1741.21
1749.59
1758.02
1758.04
1693.1
1697.99
1724.2
1709.57
1690.21
1688.83
1715.13
1736.37
1641.17
1692.66
1741.9
1734.26
1732.04
1736.38
1746.13
1746.07
1746.26
1746.61
1747.89
1748.9
1749
1748.08
1740.48
1744.06
1749.14
1747.89
1747.78
1750.79
1751.83
1752.74
1751.46
1733.07
1738.29
1755.15
1756.28
1745.56
1743.13
1756.31
1757.85
1757.92
1726.52
1742.33
1746.45
1746.48
1693.04
1692.86
1737.75
1706.65
1624.61
1622.66
1698.89
1743.64
1744.24
1744.69
1745.29
1745.7
1745.97
1746.69
1747.45
1747.92
1748.27
1748.44
1732.16
1724.36
1738.47
1747.6
1746.18
1748.89
1751.64
1752.74
1753.68
1752.2
1755.04
1756.17
1746.68
1744.7
1754.75
1757.78
1757.86
1757.88
1746.77
1747.62
1748.24
1731.89
1710.82
1743.62
1749.81
1700.06
1620.28
1619.11
1616.73
1669.05
1745.73
1741.84
1743.47
1740.25
1734.45
1741.2
1745.1
1746.79
1748.04
1748.87
1737.93
1723.33
1723.56
1725.23
1744.73
1747.84
1751.25
1752.83
1753.74
1754.67
1755.55
1749.72
1744.98
1750.57
1757.73
1757.82
1757.93
1757.93
1749.48
1750.07
1746.27
1720.01
1738.4
1752.14
1752.24
1731.5
1619.89
1619.54
1617.99
1616.34
1614.8
1616.13
1684.5
1662.5
1655.75
1718.9
1744.53
1746.94
1748.62
1749.65
1750.24
1741.85
1722.59
1722.96
1731.16
1748.05
1751.64
1752.65
1753.49
1754.33
1751.09
1748.14
1749.21
1757.32
1757.34
1757.45
1757.99
1758.03
1752.89
1753.38
1748.96
1721.36
1722.12
1752.44
1754.63
1754.91
1712.78
1621.77
1619.91
1620.43
1618.54
1617.4
1616.8
1616.42
1615.6
1707.1
1746.1
1747.07
1748.02
1748.69
1749.12
1749.37
1729.55
1721.52
1732.8
1748.93
1750.73
1751.97
1752.8
1753.11
1746.73
1747.44
1756.4
1756.9
1756.83
1757.4
1757.82
1758.02
1756.08
1756.33
1755.03
1733.85
1723.43
1738.24
1755.43
1756.47
1757.1
1754.67
1736.21
1700.82
1701.52
1686.15
1671.51
1696.43
1747.76
1746.73
1745.28
1745.18
1745.6
1745.49
1746.67
1746.93
1737.65
1721.75
1741.6
1748.48
1749.51
1750.7
1751.7
1752.44
1745.35
1752.51
1754.29
1754.83
1755.22
1755.86
1756.78
1757.53
1758.54
1758.45
1758.35
1758.52
1741.13
1739.55
1747.85
1749.21
1755.7
1760.07
1759.29
1758.24
1756.83
1755.06
1752.92
1750.63
1747.82
1743.66
1729.36
1711.49
1697.81
1714.33
1738.52
1744.18
1744.16
1743.23
1745.79
1746.63
1743.75
1739.87
1738.49
1741.05
1748.74
1750.96
1750.7
1748.52
1746.26
1741.51
1747.52
1753.26
1761.06
1759.7
1752.99
1758.54
1759.94
1759.75
1747.58
1747.42
1747.15
1758.43
1759.04
1757.94
1756.45
1754.6
1752.36
1742.03
1713.74
1676.26
1639.96
1640.1
1640.92
1722.09
1742.8
1742.72
1743.14
1743.79
1744.55
1739.72
1722.2
1723.2
1724
1726.08
1749.39
1748.41
1746.79
1743.4
1701.98
1676.72
1686.89
1706.2
1763.5
1746.61
1744.24
1757.11
1761.54
1761.45
1752.15
1748.83
1752.97
1760.75
1760.06
1758.73
1756.65
1750.76
1706.53
1650.32
1641.51
1639.92
1639.44
1640.49
1722.66
1745.91
1744.98
1744.43
1744.29
1744.51
1734.73
1720.02
1721.33
1722.52
1723.36
1724.39
1749.6
1749.2
1748.35
1748.29
1740.62
1676.63
1677.07
1677.88
1742.14
1741.54
1745.23
1762.65
1763.05
1757.66
1753.83
1755.86
1763.61
1762.97
1762.06
1760.38
1752.6
1676.52
1644.53
1643.41
1642.18
1641.3
1641.3
1728.83
1750.89
1749.56
1748.24
1747.31
1747.01
1743.81
1720.87
1721.7
1722.73
1723.81
1724.84
1739.98
1753.01
1753.31
1753.55
1753.93
1738.6
1678.59
1678.59
1678.5
1756.66
1764.57
1764.11
1763.15
1758.85
1757.13
1758.85
1766.14
1766.08
1765.12
1763.99
1762.3
1728.93
1646.8
1645.78
1644.96
1643.64
1642.42
1671.53
1755.11
1753.78
1752.18
1751.02
1750.08
1749.44
1748.86
1733.91
1723.04
1723.95
1726.51
1748.16
1756.06
1756.51
1756.73
1757.29
1733.77
1710.82
1696.37
1708.48
1715.56
1764.51
1763.6
1754.12
1748.21
1749.15
1761.44
1765.36
1765.69
1765.93
1765.5
1764.87
1764.06
1747.63
1655.12
1646.94
1646.33
1645.18
1643.83
1642.62
1713.68
1755.65
1754.27
1752.28
1751.15
1750.78
1750.69
1749.83
1741.58
1740.75
1752.35
1755.79
1757.96
1759.46
1726.45
1705.76
1700.83
1700.55
1747.4
1747.32
1747.18
1755.01
1715.84
1709
1733.75
1752.57
1752.32
1760.37
1764.33
1762.43
1763.75
1764.96
1765.36
1765.74
1754.81
1664.05
1647.64
1646.5
1646.81
1646.4
1690.63
1751.08
1757.77
1737.59
1648.54
1658.31
1752.85
1752.56
1752.32
1752.66
1731.83
1667.67
1682.95
1742.25
1733.13
1706.93
1705.34
1698.5
1740.83
1746.91
1747.2
1687.93
1688.21
1720.12
1742.01
1731.42
1708.21
1707.59
1706.89
1726.34
1765.09
1766.17
1766.27
1764.31
1765.41
1765.85
1756.35
1745.63
1751.04
1741.49
1720.77
1742.65
1705.71
1570.71
1568.18
1565.26
1569.35
1682.84
1736.06
1696.39
1640.43
1644.09
1645.59
1699.38
1734.63
1674.54
1635.25
1627.67
1647.89
1736.95
1749.23
1686.11
1685.99
1722.53
1742.38
1731.53
1708.41
1708.05
1707.67
1716.28
1756.5
1767.99
1763.19
1759.36
1760.99
1767.64
1768.58
1770.5
1768.58
1766.95
1765.96
1764.8
1755.57
1621.67
1567.25
1563.66
1560.68
1557.72
1555.73
1564.23
1680.96
1724.1
1711.36
1727.99
1728.14
1696.8
1688.88
1627.94
1628.29
1723.81
1751.35
1685.58
1685.21
1685.07
1741.54
1769.57
1769.51
1769.12
1768.55
1768.29
1768.29
1766.85
1762.62
1759.54
1759.61
1764.99
1751.78
1751.62
1750.95
1755.8
1768.19
1767.63
1766.75
1752.81
1606.58
1560.41
1557.32
1554.37
1551.22
1613.09
1703.15
1752.98
1756.24
1757.58
1759.23
1760.58
1761.79
1695.96
1636.52
1749.71
1750.48
1684.96
1692.24
1765.65
1769.38
1769.56
1769.51
1769.26
1769.04
1768.95
1769.08
1769.12
1757.44
1738.78
1717.53
1738.71
1760.32
1761.95
1760.67
1755.32
1761.74
1766.96
1766.53
1766.45
1752.82
1698.71
1567.18
1552.3
1550.11
1547.92
1561.07
1721.18
1757.71
1759.25
1760.34
1761.09
1761.29
1759.91
1720.64
1750.91
1751.92
1766.89
1764.59
1754.74
1765.67
1769.22
1769.76
1769.83
1769.85
1769.92
1769.93
1749.91
1708.51
1706.44
1706.95
1707.12
1724.71
1758.25
1759.01
1757.92
1744.56
1746.67
1760.97
1765.5
1765.63
1765.44
1762.15
1645.78
1550.66
1549.95
1549.92
1550.48
1676.79
1761.58
1761.77
1762.2
1746.88
1704.42
1705.49
1753.61
1753.04
1769.24
1692.59
1677.3
1714.11
1766.65
1770.61
1771
1771.17
1771.37
1769.54
1705.96
1705.63
1707.02
1739.46
1748.95
1741.2
1735.86
1727.76
1723.99
1723.12
1722.95
1736.26
1763.17
1763.6
1763.82
1764.02
1669.72
1649.58
1709.54
1586.79
1549.87
1551.4
1634.18
1759.1
1765.43
1724.62
1704.26
1749.16
1750.44
1750.78
1675.44
1675.89
1676.05
1677.82
1761.95
1772.25
1772.56
1772.68
1772.59
1731.37
1706.3
1706.79
1765.72
1769.62
1768.66
1767.31
1765.66
1763.74
1761.3
1756.81
1752.44
1757.23
1760.53
1761.76
1763.05
1744.73
1719.73
1754.54
1761.44
1732.78
1562.68
1551.58
1553.02
1673.47
1767.53
1742.83
1704.13
1750.45
1699.01
1685.23
1675.63
1676.87
1677.52
1732.91
1774.04
1774.22
1774.62
1774.25
1754.66
1706.48
1706.47
1742.91
1770.92
1770.25
1769.08
1767.3
1764.62
1757.75
1727.35
1660.21
1635.36
1673.26
1716.97
1758.33
1763.7
1757.99
1759.37
1760.49
1761.53
1762.04
1593.94
1552.93
1554.94
1611.19
1760.08
1749.04
1739.91
1754.36
1620.13
1640.74
1755.64
1756.88
1768.54
1767.39
1753.11
1760.82
1748.07
1735.99
1715.54
1706.49
1735.87
1759.36
1764.28
1769.01
1771.25
1769.91
1766.64
1712.59
1455.76
1359.08
1358.92
1360.47
1364.87
1532.53
1733.24
1760.54
1761.92
1756.11
1748.71
1750.44
1646.84
1555.05
1560.03
1703.53
1768.95
1751.75
1769.68
1769.7
1629.79
1739.91
1700.04
1706.13
1770.87
1730.25
1704.2
1703.81
1703.36
1702.91
1702.39
1767.21
1771.91
1763.86
1741.45
1743.57
1774.75
1774.43
1771.64
1605.65
1361.06
1359.15
1358.95
1359.77
1361.15
1381.93
1714.54
1764.06
1762.25
1742.15
1742.42
1745.79
1741.72
1715.73
1732.7
1767.06
1770.31
1771.42
1772.37
1773.23
1557.72
1743.3
1711.18
1743.02
1739.99
1716.62
1709.55
1723.14
1706.85
1703.44
1706.73
1756.65
1772.44
1772.88
1757.74
1744.53
1747.46
1779.13
1760.21
1755.84
1657.28
1366.25
1359.63
1360.98
1361.23
1365.66
1568.14
1712.04
1727.88
1743.12
1749.46
1709.1
1751.28
1770.4
1769.76
1769.42
1769.93
1771.04
1760.68
1717.16
1570.41
1743.27
1777.26
1778.03
1776.53
1777
1777.3
1777.66
1775.41
1722.1
1704.71
1705.1
1715.35
1763.39
1776.3
1776.93
1766.56
1756.44
1754.44
1757.57
1759.77
1772.35
1776.69
1776.79
1775
1772.38
1772.12
1773.19
1774.19
1773.88
1772.54
1671.58
1725.93
1770.99
1770.43
1769.32
1769.93
1585.38
1377.09
1449.82
1748.47
1750.22
1776.29
1771.89
1770.41
1772.34
1776.46
1776.38
1776.19
1776.08
1761.7
1707.56
1703.29
1703.57
1705.78
1772.19
1777.12
1777.54
1776.81
1760.8
1754.93
1753.62
1753.24
1772.24
1772.8
1773.08
1775.88
1776.38
1776.7
1776.06
1772.88
1615.34
1370.99
1517.18
1575.29
1490.92
1378
1349.01
1352.94
1383.6
1717.84
1752.42
1775.45
1764.72
1764.09
1764.17
1769.26
1773.48
1773.2
1773.06
1773.19
1773.53
1773.27
1774.47
1763.74
1733.32
1734.12
1734.7
1765.1
1780.07
1780.23
1780.49
1768.02
1754.57
1754.25
1758.86
1779.49
1781.05
1782.31
1783.66
1771.71
1450.7
1348.62
1347.75
1346.25
1346.92
1348.62
1350.08
1399.16
1753.75
1752.8
1734.16
1775.2
1763.24
1761.97
1761.54
1770.51
1770.4
1769.91
1769.8
1770.09
1770.56
1770.72
1772.24
1774.41
1776.07
1736.09
1757.39
1781.24
1781.4
1781.45
1781.68
1782.25
1767.65
1756.11
1770.51
1780.63
1781.86
1785.3
1789.16
1787.93
1663.27
1371.06
1344.93
1344.65
1476.04
1467.72
1516.11
1753.73
1759.12
1707.14
1699.63
1762.54
1761.65
1764.66
1770.76
1769.09
1767.26
1766.43
1766.69
1767.15
1768.84
1749.68
1748.06
1751.26
1776.83
1779.79
1781.8
1782.47
1781.78
1782.92
1784.51
1784.19
1757.42
1755.62
1766.37
1767.23
1761.08
1702.07
1552.13
1598.49
1328.8
1553.16
1731.96
1678.16
1746.44
1756.96
1760.14
1783.12
1752.6
1700.57
1700.84
1740.48
1764.07
1773.83
1771.32
1758.42
1751.81
1731.64
1715.41
1731.55
1761.85
1768.77
1770.84
1774.92
1780.84
1782.98
1783.92
1774.5
1674.86
1654.57
1654.92
1688.79
1724.66
1775.81
1771.9
1739.69
1470.21
1270.67
1261.08
1263.62
1264.77
1378.72
1779.81
1784.38
1764.62
1762.38
1780.86
1783.31
1718.58
1700.94
1700.91
1742.02
1776.55
1775.74
1772.63
1742.84
1645.13
1464.37
1474.42
1754.27
1772.48
1704.03
1673.71
1677.64
1681.01
1682.75
1683.28
1682.66
1681.91
1700.66
1769.19
1781.68
1779.78
1778.01
1773.77
1759.11
1446.62
1254.8
1256.15
1257.73
1258.98
1516.06
1779.99
1786.2
1786.31
1784.76
1786.38
1786.27
1773.34
1761.15
1745.09
1766.16
1781.03
1778.47
1750.13
1509.22
1415.38
1415.57
1416.36
1643.42
1770.92
1773.36
1772.46
1769.07
1771.26
1772.38
1772.74
1767.25
1768.32
1781.99
1781.53
1780.51
1778.81
1746.96
1601.29
1748.09
1659.49
1253.33
1255.1
1255.96
1293.38
1771.73
1786.54
1784.94
1783.56
1782.36
1781.13
1778.05
1778.24
1779.81
1781.29
1785.25
1783.76
1781.92
1607.71
1413.9
1412.99
1411.02
1408.8
1552.06
1768.48
1771.84
1772.99
1763.88
1763.55
1770.49
1772.55
1759.82
1748.13
1752.92
1777.41
1780.64
1761.31
1686.32
1523.6
1661.33
1785.45
1605.81
1399.37
1518.06
1652.7
1784.75
1784.55
1782.43
1780.34
1778.1
1766.51
1709.53
1647.38
1757
1769.66
1787.03
1785.9
1784.23
1597.2
1411
1409.14
1406.78
1455.19
1759.07
1771.79
1773.17
1748.96
1747.8
1750.6
1752.32
1760.02
1731.17
1727.1
1727.58
1760.9
1784.4
1744.98
1680.22
1523.25
1545.27
1786.75
1787.79
1779.05
1788.93
1788.6
1784.28
1783.9
1781.84
1781.51
1778.02
1776.32
1670.7
1475.73
1613.51
1757.81
1787.16
1785.72
1771.61
1510.63
1408.36
1407.52
1419.66
1743.59
1776.58
1774.68
1773.03
1767.88
1769.18
1769
1771.24
1760.21
1760.34
1732.28
1743.88
1780.02
1784.63
1758.23
1753.59
1617.22
1525.21
1596.98
1793.76
1793.97
1791.44
1789.99
1787.15
1784.27
1782.07
1781.98
1746.88
1535.49
1474.01
1474.47
1529.27
1762.3
1786.38
1786.56
1727.16
1420.98
1406.71
1406.03
1405.14
1440.6
1670.43
1777.31
1776.33
1777.14
1779.08
1781.15
1782.92
1706.19
1685.76
1730.84
1731.78
1734.08
1765.06
1775.39
1771.35
1734.74
1575.79
1542.45
1571
1618.15
1701.79
1791.9
1789.22
1745.45
1757.22
1781.7
1747.04
1471.95
1472.55
1473.38
1515.81
1767.55
1770.14
1780.41
1774.96
1775.15
1758.49
1680.21
1641.59
1681.43
1751.7
1779.35
1774.26
1775.36
1779.32
1782.13
1775.43
1681.2
1649.96
1643.72
1546.89
1517.27
1585.52
1620.92
1532.03
1694.1
1791.1
1660.56
1725.05
1718.33
1761.69
1718.98
1692.92
1688.53
1684.38
1733.3
1761.28
1616.95
1475.45
1475.93
1506.17
1777.03
1460.98
1450.53
1492.48
1613.88
1659.93
1704.83
1757.08
1764.63
1761.7
1701.79
1586.65
1606.4
1717.17
1783.65
1771.04
1766.88
1715.88
1513.46
1513.6
1513.96
1515.26
1517.99
1520.5
1652.83
1794.53
1796.9
1795.25
1794.43
1793.62
1792.21
1738.73
1689.92
1689.11
1763.16
1765.69
1593.38
1476.62
1478.7
1579.54
1794.57
1457.65
1458.24
1458.84
1459.5
1460.54
1461.27
1520.29
1737.93
1771.42
1557.43
1505.28
1504.42
1566.42
1770.51
1788.67
1798.8
1799.78
1555.05
1514.78
1513.9
1673.87
1650.82
1674.06
1766.46
1790.54
1793.88
1793.79
1792.97
1792.36
1791.76
1791.11
1776.31
1775.48
1776.08
1707.93
1472.49
1474.55
1476.4
1700.46
1798.71
1460.91
1462.42
1493.13
1483.22
1521.44
1562.55
1571.73
1706.71
1630.08
1516.59
1508.99
1506.55
1620.5
1776.04
1798.39
1801.19
1801.92
1609.18
1513.37
1578.15
1800.07
1800.83
1800.98
1799.85
1786.65
1781.05
1780.2
1781.78
1791.53
1791.26
1790.81
1790.5
1778.08
1595.23
1465.15
1467.37
1470.33
1491.4
1785.29
1798.72
1487.75
1723.79
1755.29
1758.61
1805.65
1806.59
1805.5
1804.99
1802.57
1790.13
1667.99
1740.62
1798.51
1794.5
1792.87
1799.75
1800.95
1574.9
1506.22
1503.6
1735.46
1798.96
1799.14
1798.57
1797.79
1797.06
1791.81
1779.03
1787.73
1791.35
1791.43
1742.55
1486.19
1460.52
1462.54
1465.04
1467.4
1746.54
1805.93
1797.03
1722.7
1739
1744.68
1695.24
1664.83
1679.36
1732.72
1784.38
1803.61
1802.24
1800.49
1799.57
1799.68
1799.22
1800.04
1800.73
1795.63
1535.41
1501.81
1499.05
1735.02
1796.52
1797.48
1793.37
1796.56
1796.18
1795.88
1784.35
1766.83
1787.6
1756.84
1565.37
1459.56
1460.83
1461.93
1503.16
1716.05
1807.56
1808.73
1795.15
1571
1562.58
1554.31
1530.98
1530.65
1530.17
1529.62
1586.3
1732.12
1802.3
1803.06
1802.82
1802.75
1802.81
1802.6
1802.05
1607.56
1500.49
1499.17
1497.29
1698.06
1722.57
1726.72
1772.73
1794.78
1794.75
1795.16
1772.4
1738.47
1738.81
1736.17
1680.02
1616.71
1613.54
1688.88
1777.71
1805.38
1805.48
1764.46
1764.7
1640.36
1682.69
1666.12
1562.63
1527.22
1527.56
1527.95
1529.04
1563.15
1734.75
1805.55
1806.1
1806.04
1805.97
1805.66
1748.06
1505.29
1501.29
1653.4
1660.58
1637.99
1544.8
1660.59
1796.36
1794.92
1794.48
1794.11
1755.3
1745.53
1795.27
1796.3
1801.32
1803.2
1804.53
1802.62
1802.8
1802.62
1623.11
1551.52
1761.77
1784.88
1781.82
1776.83
1764.77
1638.94
1534.04
1581.49
1604.51
1583.11
1627.11
1749.36
1809.16
1809.74
1809.83
1809.39
1750.28
1619.79
1634.18
1652.08
1547.06
1492.43
1618.83
1797.46
1796.59
1796.06
1796.17
1796.47
1790.65
1794.19
1798.7
1800.08
1801.78
1803.81
1806.2
1805.52
1619
1502.88
1508.64
1518.59
1764.8
1667.13
1639.8
1665.16
1760.14
1779.51
1785.34
1797.66
1799.64
1790.58
1660.83
1655.87
1757.54
1814.36
1815.32
1809.48
1711.2
1665.18
1629.59
1493.04
1490.54
1489.12
1487.06
1541.43
1750.39
1764.85
1755.01
1791.86
1797.08
1798.11
1799.15
1800.39
1801.77
1803.11
1679.91
1488.97
1493.54
1497.74
1650.11
1794.45
1803.76
1624.07
1624.05
1623.65
1635.36
1751.36
1790.96
1795.19
1797.61
1799.6
1773.05
1658.08
1667.88
1784
1821.21
1818.98
1721.4
1684.68
1773.99
1590.07
1494.5
1703.16
1576.07
1499.91
1500.12
1501.01
1503.14
1512.21
1619.71
1689.51
1780.68
1799.49
1800.63
1780.11
1513.99
1485.34
1503.21
1772.69
1811.28
1808.77
1808.51
1768.6
1639.37
1615.06
1614.58
1615.99
1680.52
1733.57
1771.59
1796.46
1799.4
1766.87
1668.63
1679.39
1808.52
1821.9
1759.04
1685.61
1774.63
1726.32
1532.06
1781.74
1780.91
1738.11
1751.02
1774.32
1775.99
1773.13
1769.8
1725.79
1701
1700.53
1722.06
1788.3
1673.78
1578.46
1801.5
1804
1804.42
1803.84
1803.63
1781.36
1781.49
1665.07
1607.85
1606.58
1608.02
1612.05
1615.93
1742.17
1796.13
1801.61
1769.09
1676.97
1696.46
1811.03
1810.84
1717.92
1708.82
1754.23
1611.22
1633.22
1794.63
1791.95
1789.68
1789.1
1789.95
1792.11
1794.59
1795.55
1773.19
1720.87
1710.07
1779.97
1780.67
1776.98
1788.37
1793.93
1794.91
1795.47
1791.65
1774.82
1775.77
1747.75
1600.83
1598.31
1599.01
1600.69
1604.15
1632.84
1783.69
1793.86
1797.79
1747.28
1688.28
1735.6
1803.95
1712.32
1692.42
1751.78
1671.48
1542.45
1578.93
1776.17
1784.79
1783.96
1784.42
1786.46
1788.44
1789.6
1788.93
1783.49
1752.57
1669.59
1565.05
1723.52
1751.57
1781.86
1784.61
1785.33
1783.06
1739.04
1767.7
1659.14
1587.91
1586.19
1585.62
1587.02
1589.5
1683.06
1772.14
1776.59
1780.59
1783.69
1682.69
1738.05
1790.65
1743.42
1683.74
1746.92
1747.13
1536.18
1534.36
1710.62
1781.65
1780.93
1780.88
1781.86
1783.1
1754.43
1757.49
1775.33
1678.29
1289.64
1280.29
1356.47
1769.67
1774.83
1778.05
1779.54
1777.28
1733.08
1679.79
1582.28
1576
1569.76
1579.33
1676.73
1676.4
1676.76
1668.13
1721.07
1757.52
1762.78
1767.58
1628.81
1748.79
1764.14
1673.2
1707.19
1741.15
1618.98
1577.14
1728.67
1781.61
1780.16
1779.41
1779.31
1711.91
1692.08
1755.67
1751.72
1393.25
1269.85
1268.84
1373.1
1767.99
1771.89
1774.92
1776.39
1774.54
1635.27
1624.7
1626.2
1621.8
1621.74
1625.49
1634.96
1647.07
1462.75
1434.74
1559.59
1731.5
1738.73
1744.08
1581.61
1711.37
1755.57
1665.32
1669.17
1733.96
1779.83
1774.07
1776.16
1781.18
1779.58
1777.51
1749.76
1551.39
1705.14
1754.97
1659.63
1266.8
1266.82
1264.11
1699.09
1768.68
1753.53
1765.83
1773.77
1775.16
1718.71
1699.63
1654.06
1566.55
1424.21
1351.4
1154.22
1174.59
1197.2
1405.93
1559.36
1641.85
1720.54
1668.19
1559.52
1622.1
1746.75
1713.13
1664.47
1736.36
1782.49
1783.61
1783.38
1781.92
1778.61
1706.81
1272.52
1319.78
1750.02
1755.42
1397.19
1266.5
1267.5
1412.47
1773.41
1703.5
1594.82
1645.5
1746.31
1771.36
1734.33
1661.67
1390.67
1044.3
1040.44
1037.69
1051.88
1635.45
1402.71
1138.59
1225.73
1638.36
1705.85
1539.51
1551.69
1560.61
1740.14
1770.26
1742.58
1765.46
1781.18
1783.51
1783.76
1781.92
1703.05
1217.1
1145.85
1233.15
1756.7
1767.24
1520.94
1425.85
1694.33
1775.65
1773.28
1656.98
1588.06
1586.71
1610.05
1762.66
1736.79
1545.43
1187.9
1055.05
1047.43
1043.84
1456.63
1648.31
1358.18
1145.61
1145.82
1610.84
1731.55
1547.86
1555.1
1582.75
1751.76
1770.24
1774.23
1777.86
1781.67
1784.1
1784.68
1779.53
1403.88
1135.84
1134.9
1145.33
1680.05
1759.73
1759.42
1760.14
1765.05
1765.58
1765.31
1720.62
1611.48
1582.8
1583.71
1734.47
1741.45
1700.22
1699.26
1500.46
1316.95
1162.1
1525.94
1638.9
1638.29
1577.77
1156.82
1330.21
1753.14
1673.94
1598.87
1715.28
1766.65
1771.83
1775.03
1777.94
1782.1
1785.13
1785.71
1751.89
1305.79
1132.35
1129.53
1124.05
1206.47
1654.7
1749.53
1750.53
1752.58
1754.8
1756.98
1761.02
1761.51
1608.02
1585.25
1723.31
1755.45
1750.72
1747.7
1743.66
1740.05
1737.94
1560.96
1589.21
1361.54
1150.47
1151.53
1435.19
1756.18
1760.9
1758.07
1768.19
1771.42
1774.05
1774.69
1693.64
1612.83
1727.73
1686.99
1694.73
1307.19
1127.99
1125.73
1121.12
1114.71
1118.52
1219.51
1399.81
1708.07
1753.95
1753.65
1764.69
1770.45
1724.16
1592.73
1747.68
1762.01
1728.12
1699.45
1752.38
1748.98
1746.6
1448.38
1158.83
1158.04
1158.73
1415.33
1756.01
1761.62
1765.75
1769.85
1773.11
1775.37
1777.17
1676.44
1512.65
1515.83
1518.01
1520.8
1580.48
1425.03
1127.19
1127.1
1125.48
1122.56
1118.99
1116.38
1116.1
1405.38
1765.82
1750.33
1765.59
1775.3
1739.87
1673.41
1782.09
1744.47
1471.87
1409.86
1764.23
1760.36
1757.54
1602.03
1283.81
1499.8
1712.01
1753.37
1768.55
1771.09
1774.43
1777.47
1779.74
1764.02
1594.52
1510.95
1513.59
1516.9
1519.73
1520.63
1643.11
1751.14
1262.9
1130.02
1129.42
1144.26
1126.81
1126.13
1428.94
1773.84
1780
1762.02
1777.51
1769.44
1725.87
1786.3
1795.64
1610.26
1379.65
1376.72
1614.28
1776.19
1773.73
1771.83
1765.76
1762.83
1767.76
1766.87
1780.47
1784.27
1786.38
1787.91
1739.86
1537.68
1514.77
1515.27
1516.08
1517.92
1518.96
1646.33
1786.45
1798.89
1757.25
1608.29
1578.01
1694.99
1699.17
1731.68
1781
1793.53
1793.45
1777.76
1797.34
1793.61
1733.01
1774.54
1800.66
1509.98
1387.29
1385.38
1464.94
1794.86
1793.64
1792.56
1791.86
1791.53
1788.91
1782.86
1783.82
1791.85
1799.01
1799.47
1737.46
1524.05
1522.59
1519.28
1664.83
1713.3
1751.53
1794.51
1796.5
1799.06
1801.85
1803.44
1803.65
1802.03
1800.87
1800.45
1799.81
1799.46
1800.02
1801.54
1803.52
1801.87
1736.15
1797.65
1804
1591.18
1395.88
1394.52
1392.69
1588.37
1811.53
1810.22
1809.02
1807.98
1807.22
1806.35
1798.43
1803.59
1810.1
1810.19
1800.95
1728.62
1635.6
1583.72
1452.53
1516.04
1637.25
1651.93
1697.2
1785.83
1796.76
1799.89
1801.27
1801.7
1801.89
1801.87
1801.72
1801.77
1802.23
1803.38
1805.25
1737.96
1795.75
1806.03
1805.68
1801.12
1469.91
1402.96
1403.04
1403.36
1432.38
1785
1823.99
1821.83
1820.36
1819.32
1818.65
1820.96
1821.6
1817.07
1814.3
1814.14
1803.42
1601.41
1452.01
1444.1
1434.09
1426.47
1435.17
1723.74
1795.79
1798.99
1800.49
1801.48
1802.59
1803.24
1802.6
1801.72
1801.27
1801.91
1799.71
1732.51
1787.98
1805.06
1804.68
1828.05
1819.38
1510.26
1413.01
1470.09
1622.79
1618.9
1517.7
1516.38
1519.59
1717.51
1829.63
1828.25
1824.89
1823.19
1821.48
1819.12
1816.71
1765.92
1486.75
1447.27
1439.53
1433.44
1510.51
1749.68
1796.82
1801.48
1804.42
1781.45
1727
1792.97
1801.34
1800.34
1800.28
1801.7
1788.38
1734.5
1801.53
1802.01
1801.56
1834.25
1834
1833.67
1770.23
1666.62
1626.27
1718.48
1821.46
1685.77
1516.28
1514.68
1538.07
1767.67
1829.28
1827.8
1824.48
1821.19
1818.62
1816.77
1780.12
1692.74
1658.57
1669.68
1602
1126.81
969.052
1004.04
1000.78
971.773
1055.1
1325.4
1479.84
1630.46
1768.4
1795.48
1778.61
1772.56
1795.55
1751.12
1584.87
1816.1
1819.5
1820.84
1813.51
1809.79
1736.93
1820.96
1818.62
1817.3
1812
1775.22
1774.06
1827.45
1834.85
1830.6
1825.14
1820.27
1793.11
1685.16
1490.52
1307.58
1031.88
645.299
305.576
172.814
115.795
81.2452
68.8629
56.0162
58.6312
45.5238
105.36
302.797
643.039
895.076
1023.55
924.298
1076.48
943.861
684.679
1251.21
1472.04
1592.41
1679.23
1764.35
1529.63
1386.11
1471.76
1624.52
1658.07
1640.04
1616.47
1578.6
1592.42
1473.62
1186.06
903.363
484.886
266.852
119.618
56.8602
0.286501
0.203746
0.179561
0.176306
0.44904
2.14955
2.3512
1.60891
0.481794
-0.157317
-0.121646
-0.0835104
-0.0625677
-0.0321277
0.0131641
0.0584138
0.170512
75.2992
534.197
552.656
417.24
449.874
512.441
652.51
1005.23
1292.59
1434.86
1456.89
1452.86
1473.56
1495.07
1484.4
1405.39
1113.87
571.81
82.0857
0.918773
2.01923
0.568544
0.178787
0.0982175
0.105756
0.0961138
0.0851355
0.063928
0.266532
0.271954
0.330162
0.253853
-0.0358095
-0.0809853
-0.0567466
-0.0321774
-0.00925631
0.0102892
0.0145484
0.00806874
-0.0480814
81.222
0.08081
-0.0338341
-0.00676768
0.0320876
0.0435099
0.0582008
30.6243
172.768
314.698
440.042
430.249
356.817
224.206
61.8051
-0.0380397
-0.0601742
0.0126529
0.412387
5.11145
5.50671
2.6492
-0.0231522
-0.00232925
0.0304965
0.0348499
0.0337418
0.0594861
0.056613
0.05515
0.038072
-0.000934266
-0.0172407
-0.0135471
-0.0078473
-0.00192603
0.0123809
0.021939
0.00394698
-0.00141318
0.0414176
-0.0449907
-0.0158818
0.0005996
0.00921862
0.0108325
0.00395457
-0.0104835
-0.0134725
-0.0147185
-0.017759
-0.0204143
-0.0351771
-0.0399437
-0.0411491
-0.0507841
-0.0602026
-0.0614674
-0.0572469
-0.0888151
0.393162
0.157525
-0.057638
-0.0501314
-0.0138685
0.00600967
0.020427
0.0372152
0.042403
0.0396091
0.0284408
0.0168527
0.0107394
0.0068648
0.00526806
0.00317344
0.143052
0.0460384
0.00437844
0.0606587
-0.01784
0.00711975
0.0114235
0.0150071
0.0136097
0.00420827
-0.000578315
-0.00640718
-0.0106711
0.115548
0.193657
0.396494
0.387918
0.00229963
-0.0442696
-0.0450209
-0.0313541
0.0678109
0.0843485
0.0466992
-0.0573737
-0.060895
-0.045245
-0.0310735
-0.0129035
0.00109836
0.0127528
0.0232075
0.0288314
0.0294479
0.0260235
0.0214152
0.0171581
0.0130944
0.0377392
0.155519
0.153377
0.0133703
0.000806994
-0.00229928
-0.00354776
0.00930855
0.00732163
0.00785817
0.00574573
0.000778525
-0.00522407
-0.00645946
-0.00805551
-0.0120201
-0.014679
-0.0177923
-0.0190797
-0.0212439
-0.0235843
-0.0232935
-0.0211701
-0.0200553
-0.0176552
-0.0238006
-0.0248948
-0.0224882
-0.0176755
-0.0104835
-0.00390397
0.00209227
0.00772878
0.0128424
0.0162536
0.0176274
0.0170045
0.0150191
0.012109
0.00844609
0.0213398
0.151673
0.0796755
0.0018565
9.4029e-05
-0.00121773
-0.00135808
-0.0385611
-0.0256956
-0.017152
-0.0128981
-0.010495
-0.00916974
-0.00827041
-0.00872735
-0.0101436
-0.0115837
-0.0122496
-0.0114928
-0.0107328
-0.00958379
-0.00778004
-0.00591168
-0.0047465
-0.00464585
-0.00509819
-0.00495629
-0.00383069
-0.002753
-0.00143196
-0.000110406
0.001326
0.00281337
0.00427505
0.00539901
0.00601296
0.00602325
0.00543452
0.004206
0.00225939
0.000983681
0.0151822
0.000995398
-6.76983e-05
0.000170899
0.00014882
-0.000112977
1745.79
1745.77
1745.75
1745.7
1745.71
1745.55
1745.57
1745.56
1745.43
1745.41
1745.2
1744.99
1744.8
1744.73
1744.43
1744.21
1744.17
1744.1
1744.01
1743.91
1743.76
1743.61
1743.4
1743.09
1742.74
1742.42
1742.08
1741.76
1741.51
1741.28
1741.27
1741.48
1741.47
1741.93
1742.34
1742.76
1743.36
1743.7
1744.04
1744.41
1745.98
1745.89
1745.84
1745.85
1745.63
1745.58
1745.64
1745.68
1745.69
1745.61
1745.04
1744.88
1744.48
1744.43
1744.31
1744.07
1743.85
1743.82
1743.81
1743.74
1743.69
1743.54
1743.27
1742.86
1742.51
1742.25
1741.98
1741.8
1741.22
1740.18
1738.94
1739.94
1740.74
1741.37
1742.14
1742.71
1743.12
1743.59
1744
1744.34
1745.82
1745.82
1745.6
1745.5
1745.54
1745.29
1745.2
1745.24
1745.63
1745.69
1745.65
1745.47
1744.49
1744.26
1743.87
1743.9
1743.75
1743.72
1743.73
1743.73
1743.5
1743.43
1743.16
1742.95
1742.86
1742.61
1742.37
1742.12
1741.1
1737.53
1736.93
1737.14
1739.46
1741.4
1741.93
1742.68
1743.39
1743.8
1744.09
1744.37
1745.68
1744.83
1744.95
1745.08
1745.18
1745.24
1745.17
1745.11
1745.89
1745.86
1745.76
1745.56
1743.94
1743.85
1743.55
1744.06
1743.62
1743.25
1742.95
1742.75
1742.76
1742.77
1742.65
1742.7
1742.77
1742.75
1742.44
1742.14
1741.78
1736.31
1735.25
1734.59
1735.28
1740.62
1742.56
1743.31
1743.76
1744.06
1744.32
1744.54
1744.36
1744.39
1745.01
1746
1745.72
1745.82
1746.42
1746.4
1746.26
1746.13
1746.02
1745.89
1744.38
1744.08
1743.75
1743.69
1743.48
1740.94
1738.51
1737.78
1739.55
1742.05
1742.59
1742.32
1741.93
1742.45
1742.55
1738.22
1735.17
1735.22
1735.19
1735.25
1735.91
1741.44
1742.69
1743.08
1743.6
1743.97
1744.29
1744.57
1744.58
1745.88
1746.91
1746.87
1746.78
1746.7
1746.65
1746.57
1746.44
1746.28
1745.92
1746.14
1744.14
1744.23
1744.31
1745.01
1744.16
1734.33
1732.52
1733.21
1733.83
1733.81
1734.82
1734.76
1734.95
1741.38
1739.9
1736.3
1736.03
1739.78
1741.25
1740.98
1739.45
1740.08
1742.15
1742.72
1743.2
1743.69
1744.12
1744.51
1745.15
1744.87
1745.83
1746.95
1746.86
1746.76
1746.73
1746.63
1745.72
1744.32
1743.55
1743.62
1745.47
1745.63
1746.53
1744.83
1742.51
1738.73
1733.34
1733.85
1733.56
1735.42
1743.55
1745.18
1744.65
1743.89
1743.25
1741.95
1741.66
1741.61
1739.8
1738.47
1738.43
1739.3
1740.94
1741.44
1742.19
1742.98
1743.7
1744.41
1744.04
1744
1743.99
1746.79
1747.07
1746.48
1746.04
1743.37
1742.38
1742.62
1742.97
1746.75
1747.05
1746.72
1746.4
1745.96
1745.66
1745.51
1745.01
1745.83
1745.78
1745.55
1745.07
1744.62
1744.15
1742.52
1741.52
1739.01
1738.49
1738.05
1737.52
1737.78
1739.75
1740.38
1740.8
1741.32
1742.02
1742.92
1743.66
1743.91
1743.85
1743.81
1743.9
1745.03
1745.53
1743.03
1741.47
1741.68
1741.82
1746.99
1747.64
1747.32
1747.03
1746.7
1746.34
1746.01
1745.74
1745.53
1745.54
1745.55
1745.45
1745.14
1744.72
1744.02
1741.63
1739.84
1739.53
1739
1740.62
1741.25
1740.83
1740.12
1739.83
1740.05
1741.23
1741.84
1742.58
1743.4
1743.91
1744.34
1743.69
1743.76
1745.79
1741.68
1741.71
1741.72
1741.68
1746.79
1747.4
1747.41
1747.49
1747.18
1746.84
1746.49
1746.19
1745.92
1745.6
1745.41
1745.42
1745.39
1745.3
1745.08
1744.54
1740.71
1740.02
1739.77
1741.6
1743.52
1742.73
1741.09
1740.71
1740.61
1741.03
1742.23
1742.67
1743.22
1743.83
1744.42
1744.91
1745.35
1744.89
1746.77
1747.96
1746.72
1743.57
1745.96
1747.66
1747.68
1747.2
1745.02
1745.23
1746.84
1746.57
1746.23
1746
1745.79
1745.53
1745.24
1745.28
1745.25
1745.24
1745.03
1742.67
1740.14
1740.24
1741.88
1744.5
1744.25
1742.58
1742.26
1742.1
1742.57
1743.42
1743.65
1743.96
1744.38
1744.85
1745.31
1745.74
1746.07
1745.87
1747.6
1747.57
1747.39
1747.52
1747.44
1747.41
1747.27
1745.6
1743.57
1743.88
1746.73
1746.52
1744.62
1743.91
1745.76
1745.71
1745.53
1744.87
1744.94
1745.7
1745.31
1740.91
1740.12
1740.05
1743.42
1745
1744.76
1744.39
1743.48
1743.51
1744.18
1744.28
1744.46
1744.7
1745.04
1745.45
1745.84
1746.15
1745.19
1744.35
1746.78
1747.57
1747.24
1747.11
1747.09
1746.95
1746.46
1742.66
1742.71
1745.17
1746.57
1744.77
1741.08
1741.16
1743.71
1746.21
1745.8
1745.34
1745.37
1746.36
1746.3
1744.02
1740.51
1740.36
1740.3
1745.04
1745.19
1744.99
1744.85
1744.78
1744.77
1744.81
1744.91
1745.07
1745.31
1745.66
1746.05
1745.9
1745.39
1743.74
1746.14
1746.82
1740.37
1740.03
1746.97
1746.74
1742.94
1741.54
1743.17
1746.18
1746.06
1742.72
1740.38
1740.6
1741.06
1746.78
1746.83
1746.16
1746.26
1747.2
1747.15
1747
1746.39
1741.97
1740.78
1742.04
1745.54
1745.32
1745.16
1745.06
1745.01
1745.01
1745.08
1745.14
1745.22
1745.33
1745.85
1746.28
1746.51
1743.66
1745.78
1740.27
1736.47
1735.9
1735.49
1736.37
1741.43
1744.72
1744.7
1744.79
1744.98
1744.84
1740.23
1740.1
1740.58
1743.49
1747.38
1747.54
1746.98
1747.63
1747.89
1747.61
1747.18
1746.56
1744.95
1744.38
1745.51
1745.46
1745.29
1745.15
1745.04
1744.98
1744.95
1744.38
1742.82
1743.01
1745
1745.68
1745.91
1746.88
1744.64
1735.99
1735.58
1734.85
1733.97
1732.95
1736.41
1743.28
1743.31
1743.21
1743.33
1743.97
1744.9
1742.08
1740.46
1742.28
1747.7
1748.19
1748.19
1748.13
1748.34
1747.97
1747.42
1746.95
1746.7
1746.26
1745.89
1745.59
1745.35
1745.13
1744.94
1744.86
1741.47
1739.1
1739.22
1739.42
1739.97
1745.23
1745.33
1748.24
1746.26
1735.32
1734.91
1734.2
1733.17
1731.93
1737.99
1742.56
1742.44
1740.98
1738.34
1740.86
1743.61
1745.4
1746.93
1747.47
1746.3
1746.64
1749.36
1749.22
1746.69
1745.18
1745.11
1747.44
1746.87
1746.34
1745.9
1745.5
1745.12
1744.74
1740.93
1738.49
1738.49
1738.59
1738.75
1738.9
1740.43
1744.84
1744.84
1748.38
1748.13
1744.16
1737.36
1738.35
1738.55
1741.29
1743.26
1743.89
1730.87
1714.11
1713.74
1719.84
1735.01
1745.32
1747.65
1749.6
1748.88
1745.6
1749.48
1750.63
1746.43
1745.64
1744.83
1744.91
1746.98
1746.35
1745.85
1745.44
1745.02
1744.53
1739.37
1737.75
1737.74
1737.82
1737.92
1741.88
1744.43
1744.33
1744.26
1748.85
1748.77
1748.8
1748.64
1746.29
1745.53
1744.36
1737.84
1718.93
1715.12
1714.05
1713.37
1713.77
1718.96
1745.87
1749.25
1750.8
1752.04
1748.25
1746.8
1750.7
1749.32
1745.9
1744.95
1744.08
1747.03
1746.31
1745.69
1745.09
1744.44
1743.92
1742.25
1736.66
1736.59
1736.83
1743.4
1743.68
1743.59
1743.48
1743.38
1749.28
1749.24
1748.2
1736.87
1728.48
1723.82
1718.79
1718.24
1717.51
1716.92
1716.34
1716.08
1716.25
1728.78
1749
1750.53
1751.63
1752.77
1753.38
1748.17
1747.58
1750.08
1748.49
1744.94
1745.14
1746.72
1745.8
1744.98
1744.19
1741.5
1739.92
1742.02
1741.85
1739.59
1737.15
1742.05
1742.12
1742.2
1742.24
1742.22
1741.2
1741.15
1727.72
1724.06
1724.17
1725.82
1736.2
1740.95
1743.42
1745.57
1744.79
1739.37
1739.45
1745
1746.95
1747.82
1751.08
1752.27
1752.96
1753.01
1748.97
1747.58
1746.19
1746.26
1747.14
1746.12
1744.94
1743.91
1741.74
1737
1736.13
1736.29
1740.22
1740.14
1734.31
1730.29
1736.33
1740.55
1740.79
1740.9
1740.65
1741.11
1740.75
1741.59
1743.25
1748.6
1750.68
1750.47
1750.19
1749.9
1749.43
1749.01
1743.62
1733.17
1733.54
1740.48
1750.22
1749.25
1737.85
1746.39
1747.31
1746.32
1746.04
1747.5
1746.36
1744.83
1743.36
1742.22
1740.85
1739.13
1735.18
1733.77
1734.87
1733.55
1727.98
1728.11
1728.14
1732.15
1739.82
1739.96
1746.72
1746.87
1746.51
1739.52
1739.2
1748.35
1749.81
1749.41
1748.92
1748.47
1748
1747.66
1747.51
1746.55
1732.56
1732.59
1744.42
1734.1
1731.62
1731.53
1732.36
1744.48
1747.36
1746.03
1744.48
1743.27
1742.11
1740.84
1739.76
1734.56
1733.32
1732.44
1731.59
1733.56
1736.79
1728.57
1727.46
1727.65
1738.92
1739.72
1742.2
1739.41
1739.25
1738.78
1742.86
1748.43
1747.79
1747.03
1746.06
1745.2
1744.62
1743.86
1744.87
1745.16
1745.52
1745.7
1732.55
1727.49
1735.16
1735.38
1724.82
1723.84
1722.42
1735.62
1743.63
1742.43
1740.86
1740.27
1739.41
1735.8
1720.57
1718.79
1731.22
1736.84
1738.37
1738.71
1732.95
1727.86
1733.94
1740.07
1736.62
1736.52
1743.19
1750.21
1748.81
1747.12
1745.39
1742.96
1730.49
1722.71
1710.27
1723.07
1742.11
1741.74
1741.96
1737.38
1723.84
1725.09
1730.57
1746.34
1743.59
1721.84
1720.72
1719.26
1717.84
1733.09
1741.43
1740.4
1739.61
1738.96
1718.48
1717.57
1717.37
1728.26
1738.24
1738.35
1738.53
1732.88
1725.97
1731.63
1746.31
1751.94
1750.82
1749.08
1747.32
1740.34
1716.54
1685.9
1685.35
1683.59
1686.54
1728.59
1738.51
1721.71
1719.56
1721.23
1722.76
1723.6
1741.49
1744.93
1744.65
1744.16
1728.42
1717.24
1716.09
1714.64
1727.57
1740.02
1739.68
1739.45
1730.7
1717.1
1716.76
1716.63
1724.46
1737.89
1738.11
1738.43
1725.43
1717.18
1751.46
1750.71
1749.22
1747.63
1725.61
1664.84
1659.86
1659.16
1715.21
1746.44
1740.22
1730.96
1730.9
1735.54
1738.01
1739.05
1740.11
1744.5
1745.26
1744.24
1743.54
1743.06
1742.39
1736.39
1738.13
1706.54
1706.76
1720.04
1739.68
1739.65
1739.54
1726.68
1716.64
1716.47
1716.3
1726.66
1738.16
1737.91
1737.5
1730.54
1749.68
1748.85
1747.04
1719.4
1648.51
1648.03
1723.63
1746.33
1746.17
1746.24
1746.09
1740.35
1733.23
1742.19
1746.42
1747.07
1744.92
1738.68
1722.22
1708.3
1717.36
1740.52
1740.62
1739.69
1738.93
1704.38
1704.55
1730.6
1739.82
1739.97
1739.99
1740.04
1721.23
1716.69
1716.62
1716.32
1732.1
1740.1
1740.17
1713.68
1749.23
1748.72
1738.82
1645.7
1643.03
1642.44
1689.56
1746.23
1746.09
1746.18
1746.06
1745.9
1745.72
1745.36
1745.69
1745.9
1745.83
1726.8
1706.51
1704.15
1695.61
1692.12
1704.01
1714.75
1684.85
1674.37
1703.77
1740.13
1740.3
1740.45
1740.62
1740.76
1735.34
1717.09
1717.22
1717.35
1723.71
1741.16
1741.74
1742.23
1731.14
1750.98
1705.22
1640.36
1639.69
1638.55
1641.38
1735.04
1745.77
1746.24
1746.29
1746.05
1745.71
1745.08
1743.13
1744.02
1744.74
1744.81
1744.5
1743.52
1731.09
1712.55
1672.85
1670.57
1671.46
1672.23
1676.34
1736.8
1741.07
1741.31
1741.44
1741.55
1741.77
1724.08
1718.06
1718.31
1726.3
1742.84
1743.43
1744.31
1654.22
1696.26
1674.04
1638.44
1637.37
1635.22
1693.93
1746.06
1746.78
1747.17
1747.06
1745.79
1745.31
1745.01
1737.96
1721.06
1727.79
1743.19
1743.24
1742.93
1742.55
1742.01
1732.06
1705.66
1717.32
1672.8
1672.14
1671.78
1727.07
1741.67
1741.63
1741.74
1742.22
1742.76
1720.55
1719.9
1739.75
1744.77
1745.63
1746.63
1640.63
1639.72
1640.37
1637.29
1717.57
1722.41
1738.57
1744.74
1747.48
1748.09
1747.82
1747.32
1746.86
1746.62
1745.37
1715.11
1666.93
1719.67
1742.17
1743.22
1743.45
1743.32
1742.84
1731.56
1731.79
1710.95
1670.37
1670.3
1670.45
1680.15
1731.08
1741.74
1742.61
1743.45
1741.55
1742.92
1745.76
1745.87
1736.88
1744.11
1663.43
1686.12
1692.8
1669.99
1643.63
1624.02
1622.06
1658.98
1682.71
1723.69
1741.06
1747.09
1748.12
1746.49
1728.85
1723.46
1662.47
1662.78
1743.46
1745.38
1744.71
1744.07
1743.51
1740.99
1730.06
1729.12
1714.3
1668.43
1668.59
1667.98
1668.05
1688.23
1740.35
1743.52
1744.66
1745.67
1747.13
1732.29
1692.88
1698.08
1738.07
1756.96
1756.98
1708.04
1700.73
1652.45
1622.62
1622.4
1622.7
1632.53
1710.66
1749.19
1749.27
1701.59
1631.45
1630.83
1633.54
1670.92
1743.05
1739.9
1724.42
1741.85
1744.63
1743.57
1742.57
1741.69
1732.92
1708.14
1694.23
1665.01
1665.96
1666.35
1677.05
1734.53
1744.07
1744.27
1710.76
1689.73
1692.69
1695.21
1756.24
1756.4
1756.55
1756.57
1756.58
1756.43
1693.36
1619.76
1620.32
1620.39
1674.7
1750.95
1700.76
1635.09
1634.44
1646.3
1720.95
1752.76
1738.85
1707.77
1705.4
1740.88
1746.16
1744.82
1742.85
1739.28
1740.74
1740.24
1739.41
1707.81
1673.92
1668.35
1669.85
1672.89
1678.45
1682.98
1686.31
1689.81
1692.81
1722.78
1755.09
1755.13
1755.18
1755.01
1754.91
1754.45
1739.6
1622.54
1648.81
1756.72
1755.96
1730.25
1637.14
1635.2
1717.47
1757.52
1756.79
1743.41
1704.12
1703.45
1702.82
1741.29
1748.27
1746.7
1734.44
1720.97
1725.64
1742.27
1721.71
1709.29
1724.61
1732.81
1707.31
1700.44
1698.91
1699.49
1716.52
1729.48
1748.13
1759.09
1753.84
1753.77
1753.6
1753.45
1753.22
1738.09
1735.99
1658.13
1753.52
1754.22
1748.26
1710.89
1714.26
1756.18
1756.09
1755.46
1753.66
1716.76
1702.84
1702.29
1701.72
1718.63
1749.7
1748.61
1731.57
1722.19
1721.72
1721.34
1727.66
1746.23
1746.52
1747.04
1747.5
1748.36
1748.23
1737.8
1733.09
1756.54
1758.84
1760.08
1752.93
1752.64
1752.12
1751.41
1719.11
1652.96
1731.1
1751.81
1751.95
1751.92
1739.47
1712.98
1750.24
1751.81
1751.72
1751.47
1750.42
1736.69
1701.04
1700.99
1700.94
1700.77
1720.62
1749.69
1749.16
1736.11
1724.03
1724.34
1725.15
1748.38
1750.14
1750.61
1751.29
1736.03
1728.21
1730.16
1732.3
1735.66
1754.24
1761.52
1752.79
1752.29
1751.37
1750
1655.48
1535.89
1667.39
1749.02
1749.68
1749.85
1749.89
1748.77
1750.56
1750.03
1750.5
1734.6
1709.48
1738.52
1743.7
1717.11
1699.95
1700.74
1701.38
1719.03
1750.93
1751.1
1751.32
1747.76
1731.63
1732.17
1744.71
1754.24
1747
1729.45
1730.82
1732.23
1733.63
1739.84
1758.51
1759.95
1754.39
1753.73
1752.48
1749.17
1610.22
1523.89
1525.07
1662.02
1699.9
1678.91
1716.29
1749.09
1750.37
1750.08
1749.3
1725.22
1695.35
1685.26
1739.73
1743.15
1738.42
1700.97
1702.69
1704.17
1731.09
1753.46
1753.03
1752.95
1748.68
1735.76
1738.16
1756.68
1757.95
1753
1743.54
1747.22
1758.7
1751.13
1737.39
1738.48
1758.13
1757.54
1756.44
1752.56
1605.46
1519.8
1519.43
1517.73
1518.16
1518.1
1521.46
1538.72
1579.24
1583.62
1600.02
1557.63
1601.72
1535.22
1583.05
1743.27
1746.69
1748.78
1740.39
1742.77
1724.59
1715.93
1716.49
1755.04
1756.96
1755.95
1747.84
1756.67
1759.83
1760.12
1760.61
1761.42
1762.17
1754.24
1737.87
1741.07
1760.95
1761.87
1761.29
1760.53
1749.77
1567.15
1521.3
1520.68
1519.67
1518.99
1518.62
1518.57
1535.91
1598.3
1536.23
1536.01
1536.4
1535.98
1534.7
1677.94
1748.25
1751.11
1751.73
1752.54
1751.02
1724.52
1716.99
1716.84
1716.6
1742.31
1761.64
1761.02
1760.65
1761.01
1761.5
1762.06
1762.55
1761.12
1760.4
1763.11
1762.19
1765.27
1764.84
1764.59
1764.77
1752.63
1607.75
1540.52
1541.32
1559.22
1616.25
1696.22
1729.62
1738.87
1700.06
1654.66
1656.12
1538.97
1622.76
1742.64
1735.95
1735.97
1747.27
1743.92
1738.11
1745.49
1751.59
1751.4
1740.58
1724.54
1724.24
1729.72
1757.78
1761.98
1761.94
1762.37
1762.8
1763.24
1763.52
1763.68
1764.59
1767.34
1767.17
1766.78
1766.51
1766.11
1759.61
1745.04
1744.81
1751.71
1761.08
1761.53
1760.36
1760.34
1760.15
1758.79
1685.8
1675.69
1739.63
1751.53
1750.96
1692.88
1638.86
1692
1749.23
1751.97
1752.3
1750.6
1750.39
1750.9
1734.07
1721.4
1721.2
1724.53
1727.79
1760.56
1762.17
1762.79
1762.99
1763.44
1766.32
1769.37
1768.88
1768.1
1767.57
1766.64
1765.34
1763.91
1762.65
1762.04
1761.33
1760.62
1760.16
1760.19
1757.58
1740.45
1732.78
1752.84
1755.25
1754.81
1738.58
1541.36
1543.35
1557.69
1691.66
1751.63
1711
1672.91
1692.07
1733.71
1744.43
1743.5
1724.68
1725.19
1736.97
1710.54
1706.48
1709.95
1721.51
1759.39
1772.14
1771.6
1770.5
1769.41
1768.29
1766.98
1756.51
1750.18
1751.27
1758.99
1758.74
1757.96
1755.64
1753.26
1745.78
1735.02
1752.97
1757.11
1754.98
1617.1
1520.21
1521.47
1620.5
1650.4
1597.99
1588.77
1586.27
1583.66
1582.83
1583.54
1612.89
1743.41
1740.29
1747.87
1755.5
1753.39
1704.72
1697.49
1697.48
1713.06
1773.63
1768.16
1767.15
1769.39
1767.29
1765.39
1763.13
1728.48
1722.19
1725.14
1741.93
1747.09
1750.5
1745.59
1723.27
1718.92
1743.41
1759.2
1676.18
1518.89
1520.17
1582.25
1763.11
1765.26
1738.34
1643
1590.42
1583.1
1583.16
1583.33
1583.62
1585.7
1704.66
1758.3
1756.88
1758.65
1746.52
1698.68
1699.47
1727.81
1748.74
1733.76
1706.09
1724.79
1739.83
1733.68
1705.12
1701.9
1721.69
1725.33
1700.68
1525.4
1511.8
1590.37
1717.93
1719.52
1747.35
1761.59
1765.4
1554.59
1523.28
1725.36
1766.96
1767.1
1765.09
1763.7
1704.56
1581.45
1582
1582.36
1582.96
1583.2
1653.55
1760.65
1758.49
1759.51
1759.64
1722.13
1726.96
1769.55
1689
1705.24
1638.46
1544.45
1545.34
1544.89
1655.33
1716.92
1722.97
1608.35
1506.47
1506.41
1506.45
1507.34
1509.21
1565.48
1751.71
1763.64
1766.93
1731.46
1527.38
1736.74
1769.03
1768.21
1767.2
1766.24
1765.71
1744.21
1712.26
1712.71
1732.56
1705.47
1737.67
1761.9
1762.19
1732.08
1770.4
1771.6
1772.19
1772.29
1300.96
1325.76
1535.61
1599.34
1603.46
1603.48
1465.93
1436.24
1433.41
1433.8
1657.66
1541.83
1501.88
1503.9
1505.91
1687.47
1758.83
1762.03
1764.96
1767.25
1622.64
1721.08
1769.9
1767.99
1766.44
1765.18
1762.54
1686.43
1652.29
1745.97
1762.25
1761.62
1761.34
1761.87
1752.35
1690.93
1766.7
1772.31
1767.17
1689.67
1189.95
1187.14
1236.52
1498.09
1556.44
1604.3
1555.93
1432.07
1432.21
1486.63
1707.27
1715.33
1695.27
1702.07
1691.17
1671.11
1673.5
1725.86
1763.71
1765.29
1722.26
1708.88
1736.68
1765.42
1764.22
1761.93
1640.07
1568.03
1567.32
1567.33
1688.74
1760.99
1761.76
1762.41
1736.61
1687.62
1701.6
1768.98
1767.25
1700.8
1320.94
1183.64
1185.97
1184.85
1341.34
1382.67
1420.87
1428.2
1422.37
1419.9
1651.6
1708.12
1709.73
1712.21
1714.56
1710.09
1668.71
1670.85
1752.21
1761.98
1762.71
1702.5
1703.57
1746.35
1756.72
1752.51
1601.42
1563.09
1562.74
1562.94
1564.21
1623.37
1738.67
1763.52
1757.98
1688.13
1683.58
1684.31
1710.4
1766.55
1716.48
1197.4
1184.29
1320.16
1626.9
1699.86
1641.85
1682.02
1722.81
1478.29
1315.6
1316.76
1652.28
1702.15
1707.46
1710.83
1701.7
1614.15
1706.03
1756.1
1756.96
1727.79
1698.53
1724.82
1728.09
1747.13
1717.83
1577.62
1628.76
1728.84
1676.51
1573.39
1573.17
1679.18
1762
1722.14
1683
1682.91
1682.49
1750.17
1741.03
1607.59
1484.72
1755.37
1764.46
1759.53
1752.89
1745.6
1735.74
1722.54
1292.47
1148.79
1312.37
1678.04
1698.65
1702.4
1705.36
1600.35
1582.09
1739.22
1751.46
1751.67
1748.66
1748.03
1743.92
1746.72
1747.97
1740
1722.31
1726.32
1727.46
1703.52
1574.96
1582.65
1765.28
1761.21
1683.56
1683.14
1682.82
1696.44
1739.04
1767.38
1766.27
1763.92
1758.5
1752.79
1744.6
1736.92
1726.59
1454.15
1121.11
1131.63
1137.56
1607.52
1694.94
1697.84
1699.77
1638.66
1570.41
1571.38
1737.91
1746.2
1746.3
1737.02
1741.23
1743.55
1746.78
1750.46
1753.85
1742.81
1728.44
1728.47
1640.85
1567.59
1697.55
1769.76
1728.74
1684.53
1684.57
1683.87
1753.85
1757.51
1763.34
1760.39
1754.1
1742.14
1729.48
1733.11
1654.15
1183.36
1130.57
1132.81
1134.65
1255.17
1687.28
1697.05
1697.93
1699.37
1564.3
1546.23
1558.02
1709.27
1711.69
1548.18
1530.61
1673.55
1746.49
1751.78
1756.09
1689.84
1718.84
1727.99
1651.22
1566.8
1667.99
1772.28
1745.38
1686.67
1687.05
1690.66
1695.27
1706.68
1702.46
1755.97
1749.96
1726.96
1584.68
1571.24
1608.92
1385.83
1144.49
1135.05
1136.06
1136.01
1147.93
1387.16
1696.22
1698.07
1698.74
1545.87
1514.52
1511.1
1509.81
1508.57
1511.48
1514.39
1692.64
1758
1761.81
1643.41
1457.39
1690.24
1599.74
1565.47
1690.94
1775.2
1743.57
1689.82
1689.99
1742.85
1636.84
1630.2
1627.4
1725.18
1743.19
1722.08
1524.48
1510.33
1510.44
1606.66
1689.1
1615.47
1601.12
1344.21
1146.73
1152.69
1282.6
1698.55
1700.23
1701.35
1603.93
1502.78
1505.68
1509.08
1512.74
1522.42
1733.36
1764.32
1768.97
1494.5
1444.89
1591.11
1658.14
1613.32
1767.63
1779.32
1737.79
1693.29
1703.84
1792.35
1673.44
1349.63
1570.56
1277.13
1722.29
1736.22
1679.88
1509.83
1511.03
1521.49
1718.39
1753.39
1751.79
1736.48
1298.88
1149.36
1152.33
1248.17
1514.28
1696.88
1695.04
1513.12
1505.64
1509.86
1552.5
1727.32
1764.17
1768.89
1621.53
1437.47
1442.73
1603.42
1661.62
1749.97
1784.35
1784.6
1728.93
1697.86
1773.67
1795.66
1671.33
1225.8
1221.38
1001.75
1425.95
1741.2
1751.86
1660.01
1512.2
1512.9
1512.48
1741.38
1750.96
1749.58
1747.06
1399.16
1270.88
1239.38
1238.32
1374.77
1523.57
1674.73
1652.54
1680.09
1746.66
1760.65
1765.23
1633.19
1432.62
1436.02
1470.31
1672.5
1705.9
1787.94
1788.74
1771.9
1734.14
1768.95
1801.47
1798.81
1668.21
1170.35
1004.03
1006.28
1191.27
1734.15
1757.32
1757.67
1629.69
1518.27
1590.68
1717.61
1749.15
1747.96
1746.26
1696.2
1593.76
1425.9
1236.3
1244.1
1304.91
1705.11
1739.48
1743.25
1745.75
1708.22
1523.18
1424.4
1429.03
1433.23
1720.29
1777.76
1781.55
1781.3
1771.19
1771.83
1785
1807.27
1805.68
1795.05
1678.26
1179.58
1013.78
1015.05
1333.95
1754.83
1762.42
1759.74
1756.51
1730.76
1750.56
1747.8
1745.28
1742.92
1741.15
1713.9
1556.23
1538.1
1476.67
1332.84
1492.07
1726.05
1730.96
1623.43
1492.4
1413.74
1415.47
1420.76
1425.31
1710.61
1781.93
1783.76
1784.05
1773.42
1773.72
1786.74
1793.7
1785.1
1792.13
1789.38
1689.78
1166.45
1018.33
1203.61
1746.05
1772.63
1767.34
1763.02
1758.32
1753.9
1750.08
1746.35
1742.62
1739.01
1736.05
1661.51
1602.11
1718.78
1715.19
1701.28
1693.93
1564.18
1426.3
1398.17
1404.41
1411
1414.39
1459.91
1738.89
1775.18
1778.99
1745.9
1775.66
1790.18
1791.72
1790.06
1700.79
1687.55
1773.38
1787.17
1695.22
1207.95
1282.49
1791.98
1787.54
1781.47
1775.03
1768.98
1763.26
1758.21
1753.41
1748.74
1744.63
1741.21
1735.48
1721.78
1722.74
1722.1
1723.81
1552.39
1378.33
1380.58
1387.16
1394.4
1401.09
1406.55
1606.56
1744.52
1754.35
1758.77
1736.97
1738.85
1779.88
1786.08
1786.35
1707.61
1674.86
1674.39
1759.74
1783.26
1707.86
1261.36
1357.22
1798.03
1792.97
1787.63
1782.04
1776.01
1770.02
1764.29
1758.66
1753.28
1748.52
1744.44
1741.42
1739.63
1739.36
1621.82
1374.01
1371.46
1376.16
1381.24
1386.24
1391.68
1458.17
1702.75
1743.05
1741.61
1727.9
1723.33
1727.92
1765.57
1770.28
1723.26
1664.8
1665.15
1665.35
1732.38
1789.74
1759.61
1712.77
1317.41
1274.83
1804.17
1800.25
1795.38
1790.03
1775.12
1759.06
1764.53
1766.29
1760
1754.62
1750.76
1747.97
1618.95
1377.63
1368.77
1371.73
1375.55
1379.05
1382.23
1551.1
1667.04
1743.68
1747.77
1740.96
1712.99
1714.72
1715.43
1728.8
1750.68
1674.8
1655.65
1656.86
1657.99
1746.13
1787.32
1788.19
1769.78
1724.3
1306.98
1249.73
1788.33
1806.84
1800.55
1751.9
1675.86
1661.84
1768.12
1777.69
1771.31
1760.05
1535.97
1380.85
1378.06
1378.13
1377.18
1375.87
1489.35
1682.79
1715.07
1764.77
1767.59
1765.76
1728.07
1708.68
1709.09
1723.9
1708.79
1646.2
1645.22
1646.41
1647.55
1653.3
1763.88
1782.51
1784.2
1785.82
1787.47
1714.32
1466.87
1362.4
1819
1815.86
1711.23
1666.66
1662.51
1658.24
1763.12
1790.09
1610.72
1397.03
1393.55
1390.87
1387.86
1385.09
1434.83
1744.7
1763.73
1767.75
1767.6
1767.62
1767.45
1766.47
1719.67
1704.99
1704.28
1759.82
1749.96
1640.75
1636.65
1636.64
1664.86
1770.79
1773.52
1776.58
1779.21
1781.53
1782.39
1596.09
1309.65
1492.82
1833.07
1772.87
1678.44
1673.5
1669.5
1765.5
1745.06
1539.24
1407.02
1403.35
1399.7
1396.17
1400.58
1712.58
1756.83
1772.94
1772.02
1771.09
1769.93
1768.63
1767.55
1766.32
1756.72
1726.54
1746.13
1760.84
1759.21
1734.6
1704.64
1741.97
1759.78
1763.57
1767.6
1771.24
1774.45
1770.48
1773.85
1641.59
1323.95
1737.8
1841.4
1730.09
1686.66
1684.39
1796.31
1802.05
1688
1417.48
1410.81
1420.64
1663.78
1664.86
1724.69
1779.1
1777.83
1775.41
1774.17
1773.08
1771.95
1770.25
1767.69
1764.81
1763.02
1760.85
1758.36
1755.79
1753.27
1752.13
1752.07
1753.34
1756.55
1761.03
1760.34
1734.21
1746.89
1768.82
1776.86
1647.13
1328.39
1807.7
1842.66
1720.69
1693.12
1764.44
1825.52
1816.4
1644.2
1462.62
1756.22
1790.26
1789.99
1783.02
1774.75
1735.62
1552.05
1628.96
1774.06
1773.37
1772.18
1769.74
1759.51
1659.05
1752.59
1757.43
1755.97
1657.06
1592.15
1713.97
1753.87
1756.62
1759.18
1761.33
1665.58
1413.49
1569.63
1772.25
1777.73
1639.24
1425.72
1854.24
1804.9
1707.27
1702.56
1825.83
1829.97
1803.09
1736.78
1785.04
1803.07
1797.32
1791.8
1774.99
1540.36
1425.39
1424.08
1422.52
1495.52
1705.49
1757.83
1647.87
1449.99
1435.14
1475.52
1575.57
1510.42
1512.06
1526.82
1744.95
1755.95
1758.7
1749.16
1672.5
1424.01
1366.42
1368
1702.35
1776.25
1674.5
1614.22
1858.4
1802.98
1708.78
1729.79
1836.6
1829.69
1822.27
1816.44
1811.05
1805.41
1799.89
1793.97
1737.06
1428.96
1422.53
1421.35
1420.25
1420.01
1422.85
1429.86
1438.25
1438.66
1435.92
1433.57
1432.39
1537.23
1693.82
1737.64
1748.47
1737.46
1650.9
1458.09
1359.69
1360.39
1360.03
1396.7
1538.1
1776.18
1779.65
1847.89
1855.99
1826.76
1709.17
1772.33
1833.84
1827.26
1821.51
1815.87
1810.42
1804.86
1776.81
1760.56
1751.55
1610.14
1420.12
1419.55
1418.49
1418.16
1615.96
1660.68
1637.46
1634.08
1622.59
1571.89
1683.65
1754.89
1754.52
1753.99
1724.1
1422
1358.8
1359.71
1360.54
1360.68
1457.79
1604.89
1613.07
1678.19
1784.75
1845.61
1849.18
1842.68
1822.85
1834.75
1829.19
1822.92
1817.36
1811.67
1804.9
1732.13
1703.84
1716.9
1780.77
1715.73
1447.98
1446.46
1736.01
1759.72
1775.65
1773.7
1772.05
1769.29
1763.86
1757.38
1754.12
1755.74
1748.62
1406.85
1358.11
1357.32
1357.02
1368.53
1464.49
1584.42
1603.4
1606.32
1584.37
1383.56
1767.48
1641.35
1839.5
1836.83
1834.45
1828.65
1821.84
1816.07
1810.85
1804.99
1750.45
1697.13
1693.67
1713.21
1777.33
1750.53
1684.74
1741.58
1771.73
1770.36
1767.65
1765.09
1763.07
1760.64
1752.47
1470.25
1269.87
1359.46
1549.77
1548.37
1536.05
1502.93
1545.76
1550.04
1552.13
1476.39
1504.73
1485.65
1332.13
1310.13
1780.66
1492.28
1829.76
1826.69
1792.31
1676.86
1806.43
1807.04
1802.22
1784.79
1692.85
1688.1
1683.8
1726.88
1768.35
1767.56
1766.49
1765.7
1764.92
1763.94
1762.24
1759.43
1705.88
1327.25
1244.82
1246.12
1248.53
1281.28
1541.56
1531.96
1451.87
1255.37
1281.4
1489.47
1544.72
1393.61
1399.5
1367.83
1306.06
1304.71
1801.22
1479.03
1811.75
1817.39
1753.09
1640.89
1679.81
1797.73
1793.08
1781.39
1687.87
1679.27
1675.21
1672.69
1730.97
1760.94
1759.66
1758.09
1757.44
1757.35
1690.22
1310.67
1237.49
1236.96
1236.79
1236.43
1236.09
1236.01
1237.48
1310.39
1239.1
1240.84
1241.79
1243.17
1288.97
1760.78
1767
1766.32
1589.73
1301.75
1797.23
1466.81
1767.28
1807.84
1783.13
1639.14
1646.74
1761.92
1781.58
1778.63
1762.02
1685.88
1667.44
1665.69
1684.83
1755.47
1754.25
1753.71
1753.87
1754.15
1595.64
1229.8
1228.14
1227.1
1227.72
1228.82
1229.97
1231.34
1233.13
1233.72
1234
1233.96
1233.7
1235
1394.3
1750.39
1764.63
1769.77
1774.68
1582.04
1790.67
1600.63
1784.42
1800.93
1793.09
1777.29
1645.99
1697.48
1773.03
1767.01
1763.49
1758.77
1729.67
1709.8
1730.73
1749.82
1748.69
1701.01
1592.77
1581.66
1411.88
1222.22
1222.07
1221.71
1222.83
1224.36
1333.91
1322.73
1323.74
1262.06
1231.16
1230.84
1230.6
1231.27
1425.36
1749.76
1761.8
1769.25
1777.91
1785.05
1776.07
1799.21
1794.19
1788.44
1758.01
1661.88
1606.35
1606.11
1714.23
1748.09
1758.29
1756.19
1754.72
1753.59
1752.03
1680.86
1326.27
1230.32
1224.14
1219.81
1218.79
1220.21
1221.46
1221.35
1341.55
1487.54
1519.52
1521.28
1524.17
1526.76
1292.22
1231.32
1231.19
1231.52
1548.02
1761.9
1763.08
1759.56
1714.82
1746.46
1733.58
1625.69
1658.29
1585.44
1116.31
869.386
1131.26
1481.95
1471.15
1562.02
1719.79
1713.35
1688.9
1746.51
1746.46
1722.14
1345.25
1227.48
1224.64
1294.17
1446.64
1390.31
1454.56
1495.79
1494.26
1500.43
1512.42
1519.33
1522.32
1526.25
1469.96
1232.54
1232.21
1310.29
1744.44
1770.46
1768.46
1684.39
1583.59
1630.5
1698.89
1314.58
905.088
830.852
763.105
757.514
755.823
867.601
1288.48
1521.54
1447.19
1327.08
1318.31
1490.83
1711.12
1724.4
1693.98
1597.12
1615.92
1708.55
1756.25
1760.45
1759.08
1658.71
1443.28
1405.72
1407.73
1408.85
1457.84
1456.93
1255.64
1237.32
1238.56
1713.74
1786.46
1783.09
1685.32
1585.53
1586.07
1644.31
1690.04
1332.93
781.669
771.108
765.117
760.252
757.879
758.079
966.384
1425.94
1406.36
1312.77
1305.15
1296.92
1351.2
1662.22
1737.65
1741
1741.99
1745.55
1749.96
1754.44
1758.9
1763.62
1728.81
1589.53
1549.35
1648.95
1558.29
1271.69
1252.01
1242.63
1681.42
1796.97
1797.32
1729.07
1591.61
1590.86
1588.99
1785.28
1737.99
1662.28
887.232
785.333
780.439
774.405
768.728
764.846
918.254
1419.1
1398.18
1317.04
1307.22
1305.14
1297.06
1427.39
1741.33
1744.08
1742.94
1743.97
1747.09
1751.09
1755.27
1760.41
1766.47
1772.34
1777.84
1783.06
1786.92
1716.36
1374.54
1624.15
1802.2
1805.31
1807.37
1612.29
1600.61
1598.84
1732.04
1810.24
1821.07
1826.75
1609.54
1245.1
874.119
783.412
944.86
1404.43
1419.19
1337.92
1329.87
1321.62
1318.06
1311.82
1304.87
1297.36
1617.66
1752.46
1751.35
1750.93
1752.42
1755.67
1759.63
1764.35
1770.23
1776.46
1782.42
1787.93
1792.8
1797.09
1801.39
1806.18
1811.25
1815.3
1734.38
1607.63
1609.66
1627.18
1829.33
1820.34
1789.03
1835.69
1837.53
1817.17
1667.21
1581.19
1704.84
1819.06
1703.9
1340.78
1334.1
1330.1
1324.83
1319.57
1313.96
1307.9
1302.74
1421.64
1636.49
1766.59
1768.02
1769.22
1772.14
1775.79
1780.1
1784.71
1789.41
1787.66
1799.69
1804.6
1809.3
1814.04
1819.22
1823.98
1611.74
1614.27
1688.67
1724.04
1839.67
1829.03
1680.18
1839.87
1840.23
1839.8
1837.37
1833.72
1830.05
1826.02
1819.99
1612.61
1345.49
1336.68
1333.69
1329.69
1325.92
1322.52
1318.26
1316.01
1314.94
1314.91
1373.93
1713.97
1785.34
1787.9
1790.88
1793.65
1737.43
1777.48
1806.8
1811.71
1816.09
1820.57
1825.28
1658.05
1529.08
1634.47
1686.36
1750.43
1831.76
1835.54
1680.63
1753.57
1817.87
1843.23
1842.59
1840.99
1838.16
1835.45
1832.45
1825.11
1771.57
1655.57
1474.56
1340.71
1338.41
1335.15
1331.52
1329.21
1328.12
1326.88
1325.7
1591.9
1799.01
1801.07
1784.61
1557.03
1606
1799.83
1814.53
1819.51
1823
1826.29
1780.76
1455.91
1522.31
1638.09
1509.8
1586.45
1633.64
1838.98
1732.29
1674.98
1697.13
1816.9
1847.7
1846.68
1845.29
1842.93
1839.39
1741.57
1442.33
1583.1
1582.74
1578.07
1478.76
1433.56
1388.88
1340.59
1339.08
1337.18
1525.73
1802.69
1809.15
1814.82
1437.06
1288.44
1498.45
1816.86
1824.07
1797.57
1766.41
1786.91
1512.81
1444.66
1516.48
1636.72
1477.24
1445.73
1438.14
1713.45
1733.59
1671.06
1662.74
1804.13
1849.6
1848.58
1847.45
1846.15
1779.25
1379.58
1320.72
1317.01
1366.71
1564.5
1783.39
1794.22
1801.63
1727.11
1624.62
1690.02
1819.51
1820.49
1769.45
1303.33
1283.66
1287.83
1534.18
1822.5
1833.13
1761.51
1720.64
1719.93
1574.09
1444.7
1443.82
1445.82
1693.56
1774.89
1418.35
1236.19
1309.01
1225.38
1537.76
1718.59
1824.13
1849.39
1849.08
1848.88
1492.51
1323.67
1321.66
1320.25
1318.96
1318.25
1491.44
1826.98
1840.71
1842.06
1840.54
1839.08
1836.68
1791.03
1312.72
1284.85
1287.88
1414.67
1810.77
1821.81
1795.12
1795.49
1831.34
1829.81
1745.06
1447.03
1526.2
1514.46
1793.63
1796.89
1685.02
957.829
1152.69
1152.5
1533.05
1726.81
1819.67
1855.96
1856.77
1857.25
1630.65
1327.76
1327.57
1327.04
1326.15
1325.2
1324.43
1751.92
1853.36
1852.5
1850.65
1848.8
1832.29
1347.9
1287.03
1289.13
1347.35
1799.4
1840.53
1830.42
1807.43
1838.33
1840.61
1830.33
1746.92
1681.07
1796.77
1800.96
1801.78
1792.54
1779.96
927.153
1151.02
1150.45
1245.45
1802.56
1856.96
1869.92
1871.17
1872.76
1868.83
1723.67
1604.35
1337.01
1334.29
1332.71
1566.49
1857.88
1863.15
1861.24
1859.05
1783.36
1322.07
1290.66
1291.63
1345.24
1795.88
1849.54
1851.83
1847.98
1851.91
1851.93
1848.83
1844.75
1839.75
1834.94
1828.8
1816.29
1716.03
1428.31
967.521
644.138
1151.02
1150.42
1149.91
1420.08
1602.71
1867.42
1881.14
1883.51
1885.62
1886.34
1881.45
1820.43
1707.51
1753.51
1866.67
1874.15
1872.37
1867.79
1501.44
1302.19
1301.63
1295.64
1658.01
1812.42
1843.01
1863.52
1863.66
1861.98
1859.44
1856.2
1851.71
1847.01
1842.34
1807.06
1651.59
1434.77
983.853
424.59
74.4684
1.32693
1290.01
1152.2
1152.42
1154.11
1159.28
1292.85
1550.81
1778.24
1886.43
1889.82
1889.91
1889.11
1885.43
1881.95
1881.07
1881.35
1759.83
1487.57
1434.85
1473.3
1716.25
1757.29
1794.91
1806.11
1784.39
1838.66
1873.24
1868.17
1864.22
1860.57
1821.84
1691.54
1372.64
867.16
503.872
323.144
159.05
44.1537
0.871705
0.632474
1449.9
1483
1451.71
1416.97
1448.78
1500.45
1614.05
1682.53
1748.47
1802.33
1799.56
1779.09
1725.88
1636.88
1497.21
1496.8
1576.79
1626.71
1623.08
1620.53
1394.01
668.849
600.192
1304.92
1788.33
1664.3
1626.72
1585.57
1488.98
1259.85
882.391
441.301
118.639
8.1527
1.01934
0.362923
0.067786
0.0861837
0.364089
0.497403
1489.98
1498.6
1503.46
1505.62
1583.35
1590.63
1589.16
1651.74
1645.98
1668.61
1652.22
1610.85
1571.34
1539.56
1471.73
1258.86
924.544
613.517
352.6
32.6879
0.110873
1.01108
3.92802
213.087
1110.15
976.105
630.07
355.513
202.672
77.6558
0.0168965
-0.0165008
-0.00109931
0.0396012
0.0616709
0.0193505
0.0215568
0.0314687
0.256688
0.618675
1386.48
552.315
861.105
726.772
505.316
1407.79
652.725
862.348
823.199
792.411
856.81
673.216
498.787
230.89
14.8794
0.0430322
0.018148
0.0120832
0.00463289
0.0220942
0.0165029
-0.0205078
0.0444209
0.944546
46.443
59.8838
62.4222
31.0706
0.00208242
-0.00585362
-0.0104643
-0.0210895
-0.0339742
-0.0173671
-0.0037338
0.00238462
0.00640726
0.00798387
0.204516
0.647768
152.185
-0.633551
-0.503301
-0.488231
-0.448779
122.075
-0.27834
-0.252041
-0.23928
-0.247391
2.50496
-0.173599
0.0388271
-0.0541322
-0.0248967
-0.0169128
-0.0162706
-0.0225782
-0.0299039
-0.023519
-0.0334698
-0.0704889
-0.159215
-0.20509
0.662357
3.62179
0.759875
-0.0200442
-0.0363004
-0.0300223
-0.0206277
-0.0125487
-0.00723317
-0.00539586
-0.00364818
-0.00303786
-0.00481021
-0.0100031
0.00516505
-0.00779061
)
;

boundaryField
{
    inlet
    {
        type            fixedFluxPressure;
        gradient        nonuniform List<scalar> 10(-0.132885 -0.139561 -0.241733 -0.179273 -0.00289829 0.0338776 -0.00795834 -0.133995 -0.219226 -1.37427e-05);
        value           nonuniform List<scalar> 10(1963.15 1962.97 1962.84 1962.71 1962.65 1962.65 1962.7 1962.83 1962.97 1963.15);
    }
    inletWall
    {
        type            zeroGradient;
    }
    bottleWall
    {
        type            zeroGradient;
    }
    atmosphere
    {
        type            totalPressure;
        rho             rho;
        psi             none;
        gamma           1;
        p0              uniform 0;
        value           nonuniform List<scalar> 
80
(
-0.0179957
-0.0218036
-0.0166392
-0.0133177
-0.0105058
-0.00871215
-0.00760813
-0.0070951
-0.00782811
-0.00810177
-0.00851208
-0.0092073
-0.00837317
-0.0071533
-0.0051177
-0.00260353
-0.000702125
-6.24955e-07
0
0
0
0
0
0
0
0
0
0
0
0
0
0
0
0
0
0
0
0
0
0
0
-0.0623715
-0.0395927
-0.0361831
-0.0416751
0
-0.0359331
-0.012218
-0.0132262
-0.00867146
0
-0.00578184
0
-0.000189497
-0.000743644
-0.00356996
-0.00671386
-0.00967732
-0.0122908
-0.0183889
-0.0376657
-0.0437283
-0.0107821
0
0
0
0
0
-0.000138781
-1.80364e-06
0
0
-0.000128839
0
0
0
0
0
0
0
)
;
    }
    frontAndBack
    {
        type            empty;
    }
}


// ************************************************************************* //
