/*--------------------------------*- C++ -*----------------------------------*\
  =========                 |
  \\      /  F ield         | OpenFOAM: The Open Source CFD Toolbox
   \\    /   O peration     | Website:  https://openfoam.org
    \\  /    A nd           | Version:  8
     \\/     M anipulation  |
\*---------------------------------------------------------------------------*/
FoamFile
{
    version     2.0;
    format      ascii;
    class       volScalarField;
    location    "2.45";
    object      p_rgh;
}
// * * * * * * * * * * * * * * * * * * * * * * * * * * * * * * * * * * * * * //

dimensions      [1 -1 -2 0 0 0 0];

internalField   nonuniform List<scalar> 
9150
(
2577.41
2550.43
2524.87
2507.67
2499.37
2499.38
2507.7
2524.91
2550.48
2577.46
2568.14
2548.62
2532.92
2521.13
2515.14
2515.15
2521.15
2532.96
2548.67
2568.19
2558.48
2544.95
2536.37
2528.62
2524.51
2524.52
2528.64
2536.4
2544.99
2558.52
2553.37
2543.42
2537.9
2532.56
2529.58
2529.59
2532.57
2537.92
2543.45
2553.41
2551.68
2542.87
2538.22
2534.06
2531.62
2531.63
2534.08
2538.24
2542.9
2551.72
2112.43
2108.29
2133.63
2148.11
2154.88
2155.02
2148.51
2134.23
2109.17
2113.67
2302.5
2278.2
2272.84
2271.71
2271.9
2271.97
2271.92
2273.17
2278.63
2302.93
2426.78
2395.17
2379.17
2369.33
2364.69
2364.74
2369.45
2379.34
2395.38
2426.96
2526.93
2484.54
2456.6
2439.29
2430.81
2430.83
2439.36
2456.7
2484.64
2527.01
2596.53
2544.16
2505.51
2483.49
2473.37
2473.38
2483.54
2505.58
2544.22
2596.57
1924.54
1960.59
1951.21
1962.34
1959.18
1960.82
1963.1
1954.65
1961.94
1935.14
1954.45
1971.83
1952.88
1962
1958.84
1959.86
1962.17
1957.46
1975.36
1963.21
1930.56
1962.95
1932.59
1939.96
1943.83
1944.11
1940.61
1936.25
1966.23
1936.76
1771.51
1897.84
1916.57
1935.11
1951.66
1951.9
1936.38
1919.19
1899.79
1776.89
1650.52
1886.86
1984.2
2014.57
2030.34
2030.57
2015.35
1985.41
1888.3
1654.39
1822.67
1822.78
1822.89
1822.99
1823.1
1823.21
1823.31
1823.42
1823.52
1823.63
1822.29
1822.4
1822.52
1822.63
1822.75
1822.87
1823
1823.12
1823.25
1823.39
1821.97
1822.08
1822.19
1822.31
1822.44
1822.57
1822.7
1822.85
1822.99
1823.14
1821.77
1821.87
1821.98
1822.09
1822.22
1822.35
1822.49
1822.64
1822.79
1822.95
1821.64
1821.73
1821.83
1821.94
1822.05
1822.18
1822.32
1822.46
1822.61
1822.77
1821.54
1821.62
1821.71
1821.81
1821.92
1822.04
1822.17
1822.3
1822.45
1822.6
1821.48
1821.54
1821.62
1821.71
1821.8
1821.91
1822.02
1822.15
1822.28
1822.42
1821.43
1821.48
1821.55
1821.62
1821.7
1821.79
1821.88
1821.99
1822.1
1822.22
1821.4
1821.44
1821.48
1821.54
1821.6
1821.67
1821.74
1821.82
1821.91
1822
1821.38
1821.41
1821.44
1821.47
1821.51
1821.55
1821.6
1821.65
1821.7
1821.76
1821.4
1821.41
1821.42
1821.43
1821.45
1821.46
1821.47
1821.48
1821.49
1821.5
1821.44
1821.44
1821.44
1821.43
1821.42
1821.4
1821.38
1821.34
1821.3
1821.25
1821.54
1821.53
1821.51
1821.49
1821.46
1821.41
1821.35
1821.27
1821.18
1821.06
1821.69
1821.68
1821.66
1821.63
1821.58
1821.52
1821.44
1821.33
1821.19
1821.01
1821.9
1821.9
1821.89
1821.86
1821.82
1821.76
1821.67
1821.55
1821.4
1821.19
1822.19
1822.21
1822.21
1822.21
1822.2
1822.16
1822.11
1822.02
1821.9
1821.73
1822.53
1822.58
1822.62
1822.66
1822.68
1822.7
1822.69
1822.67
1822.61
1822.51
1822.91
1823
1823.09
1823.19
1823.29
1823.39
1823.49
1823.61
1823.73
1823.88
1823.3
1823.43
1823.58
1823.73
1823.89
1824.07
1824.26
1824.47
1824.7
1824.97
1823.66
1823.84
1824.04
1824.25
1824.48
1824.72
1824.99
1825.28
1825.61
1825.97
1823.97
1824.21
1824.46
1824.72
1825
1825.31
1825.63
1825.99
1826.38
1826.81
1824.21
1824.5
1824.81
1825.13
1825.46
1825.82
1826.19
1826.59
1827.02
1827.48
1824.37
1824.73
1825.09
1825.47
1825.85
1826.25
1826.66
1827.09
1827.55
1828.03
1824.45
1824.89
1825.33
1825.76
1826.2
1826.63
1827.07
1827.53
1827.99
1828.48
1824.5
1825.04
1825.56
1826.05
1826.53
1827
1827.46
1827.92
1828.39
1828.87
1824.66
1825.28
1825.87
1826.41
1826.92
1827.4
1827.87
1828.32
1828.78
1829.24
1824.9
1825.65
1826.3
1826.88
1827.39
1827.87
1828.32
1828.75
1829.18
1829.6
1825.58
1826.37
1827.01
1827.55
1828.03
1828.45
1828.85
1829.24
1829.61
1829.98
1827.74
1828.06
1828.36
1828.65
1828.94
1829.23
1829.51
1829.8
1830.09
1830.38
1829.37
1829.43
1829.54
1829.67
1829.82
1829.98
1830.15
1830.34
1830.55
1830.76
1830.73
1830.65
1830.61
1830.62
1830.64
1830.69
1830.75
1830.84
1830.96
1831.09
1831.86
1831.68
1831.55
1831.45
1831.37
1831.31
1831.28
1831.27
1831.29
1831.33
1832.62
1832.54
1832.35
1832.16
1831.98
1831.83
1831.71
1831.6
1831.53
1831.47
1833.19
1833.33
1833.04
1832.76
1832.5
1832.26
1832.04
1831.84
1831.66
1831.5
1833.92
1833.97
1833.61
1833.26
1832.92
1832.59
1832.28
1831.98
1831.69
1831.42
1834.93
1834.5
1834.09
1833.68
1833.27
1832.86
1832.45
1832.04
1831.64
1831.23
1835.4
1834.96
1834.52
1834.07
1833.6
1833.11
1832.6
1832.07
1831.53
1830.98
1835.83
1835.41
1834.95
1834.46
1833.94
1833.38
1832.77
1832.12
1831.42
1830.7
1836.3
1835.89
1835.44
1834.94
1834.38
1833.75
1833.05
1832.27
1831.42
1830.51
1836.83
1836.48
1836.06
1835.58
1835.01
1834.34
1833.57
1832.66
1831.62
1830.43
1837.46
1837.19
1836.85
1836.43
1835.9
1835.24
1834.41
1833.37
1832.07
1830.43
1838.19
1838.05
1837.86
1837.59
1837.23
1836.74
1836.09
1835.23
1834.07
1832.46
1838.96
1839
1839.01
1838.99
1838.93
1838.81
1838.61
1838.34
1837.93
1837.18
1839.65
1839.87
1840.11
1840.35
1840.6
1840.89
1841.22
1841.64
1842.18
1842.8
1840.09
1840.43
1840.85
1841.4
1842.01
1838.61
1831.9
1838.64
1844.75
1846.15
1840.21
1840.21
1831.23
1823.91
1838.32
1840.06
1803.43
1792.64
1832.26
1847.46
1840.37
1830.08
1787.63
1788.3
1792.14
1831.37
1800.12
1791.19
1792.02
1792.98
1835.4
1825.76
1786.39
1787.1
1787.63
1788.14
1789
1790.16
1791.19
1792.42
1831.44
1841.48
1815.09
1785.84
1786.96
1787.65
1788.23
1824.47
1843.99
1805.05
1777.09
1840.84
1842.46
1830.35
1791.87
1788.09
1825.34
1847.34
1847.77
1844.4
1739.69
1834.76
1841.48
1841.73
1835.7
1834.43
1844.32
1846.87
1848
1849.06
1775.27
1838.92
1840.25
1841.54
1842.85
1844.17
1845.49
1846.83
1848.17
1849.49
1831.72
1838.7
1839.9
1841.2
1842.57
1844.01
1845.49
1847.02
1848.58
1850.14
1836.51
1837.71
1839.1
1840.6
1842.19
1843.83
1845.51
1847.16
1848.99
1850.88
1834.39
1836.17
1837.94
1839.84
1841.73
1843.64
1845.45
1847.38
1849.38
1851.41
1832.63
1834.78
1836.93
1839.09
1841.32
1843.49
1845.66
1847.79
1849.88
1852.09
1831.09
1833.42
1836.21
1838.68
1841.11
1843.49
1845.85
1848.17
1850.46
1852.72
1829.64
1832.92
1835.65
1838.41
1841.14
1843.77
1846.32
1848.78
1851.16
1853.41
1827.33
1831.84
1835.19
1838.31
1841.42
1844.49
1847.37
1849.93
1851.7
1853.59
1828.67
1832.89
1836.23
1839.42
1842.63
1845.91
1848.94
1850.17
1851.41
1855.06
1831.92
1834.76
1837.77
1841.03
1844.57
1848.27
1849.48
1849.57
1855.1
1847.39
1833.92
1835.81
1838.42
1841.67
1845.1
1848.95
1852.55
1840.81
1672.94
1369.42
1832.36
1829.85
1814.25
1836.3
1841.61
1848.25
1781.43
1335.18
1025.88
1017.59
1819.95
1788.43
1788.56
1812.02
1832.1
1658.5
1009.35
939.089
949.131
1031.53
1779.96
1762.12
1776.29
1789.72
1442.76
787.22
821.858
978.653
1351.89
1806.4
1751.58
1743.99
1751.32
1258.83
629.49
640.268
1013.47
1760.06
1881.41
1880.27
1768.65
1760.39
1255.41
541.874
532.592
544.842
1460.74
1874.12
1878.59
1870.65
1787.21
1420.53
558.757
503.864
511.602
619.946
1550.04
1862.56
1862.34
1849.84
1632.67
713.428
483.384
486.214
491.388
761.924
1683.47
1845.65
1838.96
1823.53
1112.42
468.21
470.791
472.668
477.019
1217.5
1807.35
1825.43
1811.33
1794.5
492.429
455.735
458.195
461.806
577.015
1587.92
1810.34
1802.21
1785.61
1767.04
440.044
443.472
446.303
450.434
1347.19
1799.75
1796.41
1781.82
1763.9
1743.75
425.022
427.776
432.508
755.913
1669.87
1795.54
1783.68
1766.57
1747.07
1725.38
411.173
414.336
414.822
1527.38
1798.49
1788.89
1773.29
1755.02
1734.55
1711.89
393.891
399.014
939.413
1747.74
1795.28
1782.56
1766.08
1747.29
1726.43
1703.52
377.708
372.648
1562.88
1801.72
1792.35
1778.15
1761.77
1743.37
1722.93
1700.27
363.744
765.797
1732.58
1799.65
1790.39
1776.77
1760.92
1743.34
1724.28
1704.41
345.33
1346.07
1818.7
1807.98
1794.52
1779.67
1763.26
1745.37
1725.85
1705.68
333.005
1595.05
1823.44
1811.12
1797.44
1783.08
1767.71
1751.2
1733.41
1716.52
655.761
1742.72
1819.68
1810.58
1799.45
1787.01
1773.57
1759.23
1744.23
1731.62
849.257
1802.07
1823.3
1813.87
1803.46
1792.18
1780.12
1767.48
1754.82
1745
1046.19
1822.71
1824.65
1816.43
1807.26
1797.22
1786.31
1774.83
1763.39
1754.09
1221.24
1827.51
1825.05
1819.1
1811.53
1802.79
1792.94
1782.58
1772.35
1739.22
1360.73
1831.74
1830.18
1824.92
1817.77
1809.04
1798.86
1788.27
1778.11
1538.19
1522.96
1846.51
1842.56
1836.2
1828.1
1817.98
1805.71
1791.96
1776.54
1381.17
1693.78
1866.03
1859.6
1852.05
1843.29
1832.75
1820.28
1806.86
1793.52
1250.07
1826.61
1883.29
1876.12
1868.22
1859.65
1849.84
1838.86
1828.15
1820.27
1213.13
1888.89
1898.11
1890.28
1882.07
1873.6
1864.33
1854.57
1845.85
1838.28
1226.51
1914.54
1908.42
1900.25
1891.93
1883.43
1874.29
1864.88
1856.47
1830.08
1215.4
1919.49
1913.32
1905.71
1898.05
1890.01
1881.27
1871.88
1863.14
1827.99
1023.04
1918.86
1914.72
1908.74
1902.56
1895.59
1887.71
1879.13
1870.18
1831.82
854.626
1920.61
1917.44
1912.57
1907.73
1902.22
1896.02
1889.23
1881.14
1855.12
828.674
1925.62
1921.53
1916.35
1912.47
1908.96
1905.24
1901.42
1895.77
1885.52
1164.97
1915.97
1918.23
1916.04
1914.77
1914.6
1914.08
1913.71
1911.46
1906.08
1590.4
1897.92
1910.1
1914.19
1916.75
1920.42
1923.43
1926.88
1930.04
1927.91
1815.96
1819.7
1905.05
1914.82
1920.63
1927.28
1933.32
1940.02
1947.89
1950.65
1931.17
1764.76
1906.21
1918.12
1925.91
1934.19
1942.4
1951.57
1961.8
1970.3
1983.44
1760.62
1912.64
1923.47
1931.58
1939.34
1947.95
1958.35
1969.21
1986.04
1988.52
1777.81
1928.4
1934.01
1939.56
1943.4
1949.24
1956.92
1961.82
1981.74
1966.98
1858.22
1955.73
1947.02
1951.39
1950.23
1952.64
1955.69
1948.86
1957.96
1919.19
1823.75
1823.88
1824.01
1824.16
1824.3
1824.46
1824.62
1824.78
1824.95
1825.13
1825.31
1825.49
1825.67
1825.86
1826.04
1826.22
1826.39
1826.55
1826.7
1826.84
1826.95
1827.05
1827.12
1827.16
1827.17
1827.15
1827.1
1827.02
1826.91
1826.78
1826.64
1826.49
1826.36
1826.26
1826.18
1826.15
1826.14
1826.15
1826.16
1826.29
1823.53
1823.69
1823.86
1824.02
1824.19
1824.36
1824.53
1824.7
1824.88
1825.05
1825.21
1825.38
1825.54
1825.69
1825.84
1825.99
1826.12
1826.24
1826.35
1826.45
1826.53
1826.59
1826.63
1826.64
1826.64
1826.62
1826.57
1826.51
1826.43
1826.34
1826.26
1826.18
1826.12
1826.08
1826.08
1826.1
1826.14
1826.18
1826.21
1826.38
1823.31
1823.49
1823.67
1823.86
1824.04
1824.22
1824.4
1824.58
1824.75
1824.92
1825.08
1825.23
1825.37
1825.51
1825.63
1825.75
1825.86
1825.95
1826.04
1826.11
1826.16
1826.21
1826.23
1826.25
1826.24
1826.23
1826.2
1826.16
1826.12
1826.08
1826.04
1826.01
1825.99
1825.98
1825.99
1826
1826
1826.01
1826.06
1826.19
1823.12
1823.31
1823.5
1823.69
1823.88
1824.07
1824.25
1824.43
1824.6
1824.77
1824.93
1825.08
1825.22
1825.35
1825.47
1825.58
1825.68
1825.78
1825.86
1825.93
1825.99
1826.03
1826.07
1826.09
1826.1
1826.11
1826.1
1826.08
1826.05
1826.03
1825.99
1825.96
1825.93
1825.9
1825.86
1825.83
1825.8
1825.8
1825.85
1825.96
1822.94
1823.13
1823.32
1823.51
1823.71
1823.9
1824.08
1824.27
1824.44
1824.61
1824.78
1824.93
1825.08
1825.22
1825.35
1825.47
1825.58
1825.69
1825.78
1825.87
1825.95
1826.01
1826.07
1826.12
1826.15
1826.18
1826.19
1826.19
1826.17
1826.15
1826.1
1826.04
1825.97
1825.87
1825.76
1825.65
1825.56
1825.53
1825.56
1825.63
1822.76
1822.94
1823.13
1823.32
1823.51
1823.7
1823.89
1824.08
1824.27
1824.45
1824.62
1824.79
1824.95
1825.11
1825.26
1825.4
1825.53
1825.66
1825.78
1825.9
1826
1826.1
1826.19
1826.27
1826.34
1826.39
1826.43
1826.45
1826.45
1826.42
1826.36
1826.27
1826.13
1825.94
1825.69
1825.44
1825.23
1825.19
1825.25
1825.29
1822.57
1822.74
1822.92
1823.1
1823.29
1823.48
1823.67
1823.86
1824.06
1824.25
1824.44
1824.63
1824.82
1825
1825.18
1825.35
1825.52
1825.68
1825.84
1825.99
1826.13
1826.27
1826.4
1826.52
1826.63
1826.73
1826.8
1826.86
1826.88
1826.87
1826.82
1826.7
1826.5
1826.2
1825.75
1824.92
1824.35
1824.5
1824.8
1824.93
1822.36
1822.51
1822.67
1822.83
1823.01
1823.2
1823.39
1823.6
1823.81
1824.02
1824.23
1824.45
1824.67
1824.88
1825.1
1825.31
1825.52
1825.72
1825.92
1826.12
1826.31
1826.5
1826.68
1826.85
1827.01
1827.16
1827.29
1827.41
1827.49
1827.53
1827.51
1827.42
1827.22
1826.88
1826.31
1822.56
1809.14
1807.04
1809.7
1812.47
1822.11
1822.23
1822.36
1822.51
1822.67
1822.84
1823.04
1823.25
1823.48
1823.72
1823.97
1824.22
1824.48
1824.74
1825
1825.26
1825.51
1825.77
1826.02
1826.27
1826.52
1826.76
1827
1827.23
1827.45
1827.67
1827.88
1828.08
1828.26
1828.42
1828.57
1828.69
1828.77
1828.82
1828.82
1823.32
1801.57
1799.61
1798.83
1798.61
1821.83
1821.9
1821.98
1822.09
1822.22
1822.37
1822.56
1822.79
1823.05
1823.34
1823.63
1823.93
1824.24
1824.55
1824.87
1825.18
1825.5
1825.81
1826.12
1826.42
1826.73
1827.03
1827.33
1827.62
1827.91
1828.19
1828.47
1828.75
1829.03
1829.31
1829.58
1829.87
1830.17
1830.48
1830.82
1831.19
1826.5
1801.12
1798.35
1797.93
1821.51
1821.52
1821.49
1821.48
1821.58
1821.72
1821.93
1822.2
1822.5
1822.83
1823.18
1823.55
1823.93
1824.31
1824.69
1825.08
1825.45
1825.83
1826.2
1826.56
1826.93
1827.29
1827.64
1827.99
1828.34
1828.68
1829.03
1829.37
1829.72
1830.07
1830.43
1830.8
1831.2
1831.63
1832.09
1832.58
1833.07
1833.43
1827.08
1817.75
1821.18
1821.1
1820.95
1820.3
1820.16
1820.85
1821.04
1821.35
1821.7
1822.05
1822.52
1823.07
1823.54
1824.01
1824.48
1824.94
1825.39
1825.83
1826.26
1826.69
1827.11
1827.53
1827.94
1828.34
1828.73
1829.12
1829.51
1829.89
1830.27
1830.65
1831.03
1831.42
1831.8
1832.18
1832.56
1832.9
1833.15
1833.15
1832.79
1832.14
1820.9
1820.7
1820.46
1819.51
1813.8
1814
1819.85
1820.2
1820.36
1820.97
1821.66
1822.51
1823.09
1823.67
1824.23
1824.77
1825.3
1825.81
1826.32
1826.81
1827.29
1827.75
1828.21
1828.66
1829.09
1829.52
1829.93
1830.34
1830.73
1831.11
1831.48
1831.84
1832.17
1832.47
1832.72
1832.9
1832.96
1832.79
1832.35
1831.76
1820.78
1820.46
1820.08
1819.61
1810.06
1800.64
1817.99
1818.57
1819.1
1819.92
1820.96
1821.87
1822.6
1823.3
1823.97
1824.6
1825.21
1825.78
1826.35
1826.92
1827.46
1827.98
1828.48
1828.96
1829.43
1829.88
1830.31
1830.73
1831.12
1831.5
1831.84
1832.16
1832.43
1832.65
1832.81
1832.87
1832.81
1832.55
1832.08
1831.55
1820.92
1820.52
1820.03
1819.47
1809.44
1771.16
1794
1816.02
1817.47
1818.67
1820.19
1821.25
1822.16
1822.98
1823.76
1824.48
1825.15
1825.76
1826.39
1827.02
1827.65
1828.22
1828.76
1829.28
1829.77
1830.24
1830.69
1831.11
1831.51
1831.86
1832.19
1832.46
1832.68
1832.85
1832.93
1832.92
1832.78
1832.48
1832.01
1831.52
1821.49
1821.14
1820.68
1820.15
1818.94
1743.41
1680.77
1803.2
1815.79
1818.03
1819.58
1820.82
1821.86
1822.79
1823.64
1824.44
1825.18
1825.84
1826.52
1827.18
1827.86
1828.49
1829.07
1829.62
1830.14
1830.63
1831.09
1831.52
1831.91
1832.26
1832.56
1832.81
1832.99
1833.11
1833.15
1833.09
1832.91
1832.58
1832.11
1831.65
1822.33
1822.03
1821.58
1820.87
1819.39
1733.78
1610.15
1633.2
1809.86
1820.2
1820.8
1821.4
1822.14
1822.93
1823.75
1824.58
1825.36
1826.1
1826.77
1827.45
1828.16
1828.83
1829.45
1830.03
1830.58
1831.09
1831.55
1831.98
1832.38
1832.72
1833
1833.23
1833.39
1833.48
1833.48
1833.39
1833.18
1832.84
1832.37
1831.94
1824.06
1824.34
1824.77
1825.47
1826.28
1763.92
1587.2
1581.74
1596.06
1767.45
1821.33
1821.43
1822.25
1823.06
1823.88
1824.71
1825.58
1826.38
1827.14
1827.86
1828.5
1829.17
1829.89
1830.52
1831.09
1831.62
1832.1
1832.54
1832.94
1833.27
1833.55
1833.76
1833.91
1833.97
1833.95
1833.83
1833.61
1833.25
1832.79
1832.37
1825.3
1825.73
1826.27
1826.99
1827.99
1828.84
1761.5
1581.27
1562.87
1562.62
1672.53
1810.24
1821.94
1823.2
1824.04
1824.93
1825.82
1826.74
1827.57
1828.35
1828.53
1828.66
1829.9
1831.01
1831.72
1832.26
1832.75
1833.2
1833.61
1833.94
1834.22
1834.42
1834.55
1834.6
1834.56
1834.43
1834.18
1833.8
1833.33
1832.91
1826.42
1826.96
1827.61
1828.38
1829.32
1830.54
1832.2
1808.03
1639.89
1539.09
1537.14
1577.81
1777.63
1822.95
1824.33
1825.33
1826.26
1827.23
1828.14
1828.93
1828.78
1829.24
1829.92
1830.56
1831.84
1832.71
1833.55
1834.01
1834.41
1834.74
1835.01
1835.21
1835.33
1835.37
1835.32
1835.16
1834.89
1834.5
1833.99
1833.34
1827.31
1827.91
1828.6
1829.39
1830.3
1831.33
1832.47
1833.72
1828.47
1672.54
1523.86
1521.32
1529.61
1726.21
1825.01
1826.33
1827.26
1828.08
1828.93
1829.76
1830.34
1830.08
1830.72
1831.39
1832.02
1832.6
1834.14
1834.94
1835.34
1835.68
1835.95
1836.14
1836.26
1836.28
1836.22
1836.04
1835.76
1835.32
1834.47
1833.5
1828.01
1828.63
1829.31
1830.07
1830.91
1831.83
1832.81
1833.82
1835.03
1835.04
1727.72
1528.13
1507.78
1503.78
1621.44
1809.65
1827.71
1828.95
1829.81
1830.66
1831.51
1832.32
1832.21
1832.33
1833
1833.61
1834.5
1836.01
1836.42
1836.76
1837.02
1837.21
1837.31
1837.32
1837.24
1837.05
1836.73
1836.24
1834.9
1834.3
1828.57
1829.17
1829.82
1830.53
1831.29
1832.11
1832.96
1833.83
1834.73
1835.72
1836.78
1801.58
1641.9
1517.12
1517.13
1553.75
1783.36
1829.33
1830.74
1831.68
1832.55
1833.38
1834.18
1834.91
1834.57
1834.79
1836.31
1837.21
1837.62
1837.95
1838.21
1838.38
1838.47
1838.46
1838.35
1838.13
1837.79
1837.24
1835.83
1835.16
1829.01
1829.59
1830.21
1830.87
1831.56
1832.29
1833.05
1833.84
1834.65
1835.45
1836.2
1837.09
1835.61
1743.87
1535.49
1513.13
1534.76
1785.26
1832.04
1833.19
1833.92
1834.53
1835.3
1836.1
1836.81
1837.45
1838.03
1838.53
1838.93
1839.25
1839.49
1839.64
1839.7
1839.66
1839.52
1839.27
1838.87
1838.31
1837.47
1836.15
1829.38
1829.94
1830.51
1831.12
1831.75
1832.4
1833.09
1833.8
1834.53
1835.29
1836.06
1836.86
1837.81
1838.63
1744.9
1516.47
1505.51
1537.7
1798.73
1834.27
1835.34
1835.35
1834.75
1834.75
1838.2
1838.95
1839.49
1839.95
1840.33
1840.62
1840.82
1840.94
1840.97
1840.89
1840.71
1840.41
1839.96
1839.32
1838.59
1837.83
1829.72
1830.23
1830.76
1831.31
1831.87
1832.46
1833.07
1833.71
1834.37
1835.08
1835.85
1836.69
1837.67
1838.89
1839.68
1687.62
1496.63
1497.11
1596.78
1834.63
1836.81
1837.26
1817.54
1808.01
1837.1
1840.5
1841.02
1841.43
1841.76
1842.01
1842.17
1842.24
1842.22
1842.1
1841.86
1841.51
1841
1840.22
1839.25
1838.42
1830.04
1830.5
1830.97
1831.46
1831.95
1832.46
1832.98
1833.52
1834.07
1834.64
1835.23
1835.85
1836.53
1837.31
1838.24
1813.39
1557.87
1490.09
1506.26
1783.78
1842.06
1831.93
1805.85
1807.07
1825.19
1842.05
1842.54
1842.9
1843.17
1843.35
1843.45
1843.47
1843.39
1843.22
1842.94
1842.53
1841.98
1841.15
1838.99
1837.28
1830.37
1830.77
1831.17
1831.58
1832.01
1832.44
1832.88
1833.32
1833.76
1834.2
1834.61
1834.99
1835.3
1835.54
1835.66
1833.43
1637.33
1484.24
1488.13
1741.28
1845.94
1833.24
1806.77
1807.7
1828.22
1843.69
1844.07
1844.33
1844.5
1844.6
1844.63
1844.58
1844.44
1844.21
1843.88
1843.43
1842.84
1841.99
1839.27
1837.82
1830.69
1831.02
1831.35
1831.7
1832.05
1832.42
1832.8
1833.18
1833.56
1833.93
1834.27
1834.57
1834.76
1834.77
1834.52
1833.67
1695.49
1477.62
1491.65
1741.2
1847.73
1837.06
1807.76
1807.63
1837.92
1845.55
1845.6
1845.66
1845.69
1845.69
1845.63
1845.51
1845.31
1845.03
1844.65
1844.15
1843.52
1842.51
1839.69
1838.33
1830.99
1831.24
1831.5
1831.77
1832.07
1832.38
1832.71
1833.06
1833.42
1833.79
1834.15
1834.47
1834.71
1834.79
1834.62
1833.83
1691.51
1475.28
1488.92
1743.96
1848.22
1839.69
1807.82
1810.67
1843.56
1846.65
1846.64
1846.6
1846.55
1846.5
1846.4
1846.22
1845.98
1845.64
1845.22
1844.69
1844.03
1842.63
1839.5
1838.71
1831.23
1831.39
1831.58
1831.79
1832.02
1832.29
1832.58
1832.92
1833.29
1833.69
1834.13
1834.58
1835.04
1835.45
1835.76
1831.71
1620.06
1471.06
1490.94
1775.4
1847.62
1836.97
1807.89
1818.41
1847.16
1847.21
1847.21
1847.17
1847.11
1847.02
1846.9
1846.71
1846.43
1846.06
1845.61
1845.06
1844.38
1842.85
1839.78
1838.99
1831.39
1831.46
1831.56
1831.7
1831.87
1832.09
1832.36
1832.7
1833.11
1833.61
1834.23
1834.96
1835.84
1836.89
1838.12
1809.01
1534.76
1464.47
1528.05
1837.15
1845.5
1833.61
1809.1
1834.29
1847.18
1847.35
1847.41
1847.41
1847.38
1847.29
1847.17
1846.97
1846.68
1846.3
1845.84
1845.28
1844.59
1843.52
1841.77
1839.39
1831.43
1831.41
1831.41
1831.46
1831.56
1831.72
1831.94
1832.26
1832.69
1833.25
1833.98
1834.91
1836.07
1837.53
1839.35
1758.48
1481.02
1459.4
1666.53
1840.52
1842.97
1834.47
1817.39
1846.41
1846.91
1847.21
1847.37
1847.41
1847.4
1847.37
1847.25
1847.04
1846.76
1846.39
1845.94
1845.38
1844.68
1843.84
1842.9
1841.98
1831.35
1831.21
1831.1
1831.05
1831.04
1831.11
1831.25
1831.49
1831.83
1832.3
1832.9
1833.59
1834.32
1835.09
1815.3
1543.28
1459.84
1456.65
1721.62
1844.14
1843.45
1828.32
1834.12
1846.88
1847.06
1847.2
1847.27
1847.3
1847.28
1847.25
1847.14
1846.94
1846.67
1846.32
1845.9
1845.37
1844.7
1843.86
1842.9
1842.1
1831.14
1830.87
1830.64
1830.45
1830.33
1830.29
1830.34
1830.5
1830.78
1831.2
1831.8
1832.55
1833.55
1832.53
1628.02
1448.13
1449.46
1542.96
1840.76
1842.65
1820.01
1817.58
1833.65
1846.37
1846.66
1846.8
1846.85
1846.86
1846.87
1846.9
1846.84
1846.65
1846.37
1846.05
1845.7
1845.25
1844.63
1843.81
1842.84
1841.98
1830.82
1830.4
1830.01
1829.68
1829.41
1829.24
1829.18
1829.23
1829.35
1829.58
1829.94
1830.41
1831.11
1771.21
1466.31
1439.43
1500.01
1824.99
1825.96
1815.45
1805.63
1821.28
1845.62
1845.97
1846.18
1846.21
1846.09
1845.99
1846.1
1846.3
1846.36
1846.1
1845.74
1845.46
1845.25
1844.93
1844.42
1843.68
1842.71
1841.8
1830.4
1829.8
1829.22
1828.69
1828.24
1827.92
1827.76
1827.66
1827.44
1827.04
1826.42
1825.51
1823.64
1613.41
1329.62
1599.93
1842.38
1840.38
1805
1801.19
1803.93
1843.8
1845.24
1845.55
1845.66
1845.53
1844.28
1836.08
1827.46
1840.59
1846.17
1844.52
1836.2
1835.08
1841.97
1844.18
1844.03
1843.46
1842.53
1841.61
1829.93
1829.11
1828.29
1827.59
1827.08
1826.84
1826.94
1827.12
1826.94
1826.14
1824.54
1822.99
1725.93
1311.6
1281.05
1758.36
1839.6
1841.02
1829.24
1812.37
1837.68
1843.87
1844.69
1845.16
1845.31
1844.17
1815.51
1771.88
1764.16
1782.33
1812.99
1801.66
1770.23
1766.49
1789.43
1808.58
1833.35
1842.97
1842.35
1841.48
1829.51
1828.5
1827.35
1825.74
1825.66
1824.27
1824.63
1827.54
1827.39
1823.53
1774.06
1354.6
1190.24
1201.52
1216.9
1633.99
1840.87
1841.59
1841.66
1842.18
1842.7
1842.28
1843.04
1844.13
1840.19
1797.63
1761.24
1761.84
1762.23
1762.67
1762.93
1762.95
1762.78
1762.5
1762.23
1761.72
1775.64
1820.28
1842.22
1841.38
1829.06
1827.64
1826.35
1823.76
1773.42
1564.46
1503.21
1667.61
1690.67
1327.23
1135.83
1116.14
1130.5
1280.19
1766.07
1837.19
1837.42
1836.09
1835.96
1840.66
1838.92
1838.64
1840.17
1843.42
1819
1759.74
1759.98
1760.22
1777.97
1787.02
1761.87
1761.87
1761.59
1761.94
1761.15
1760.86
1760.89
1778.25
1840.99
1841.17
1828.24
1825.22
1805.43
1421.25
1096.85
1072.54
1089.85
1127.34
1124.64
1077.51
1080.98
1089.91
1269.88
1772.59
1838.56
1839.86
1806.11
1738.16
1721.12
1802.92
1836.11
1842.04
1843.8
1844.99
1827.57
1760.24
1759.26
1799.9
1849.7
1849.86
1832.57
1812.52
1828
1831.5
1804.67
1777.84
1766.84
1783.31
1827.32
1840.66
1829.93
1808.81
1371.8
1062.02
1061.98
1061.8
1061.78
1061.62
1062.62
1064.81
1068.3
1162.95
1696.85
1840.22
1840.96
1757.61
1701.95
1703.3
1704.03
1731.95
1841.96
1842.43
1842.97
1843.64
1844.24
1830.17
1810.23
1845.51
1846.39
1846.89
1847.02
1847.04
1847.02
1846.8
1846.1
1845.06
1843.44
1841.17
1815.9
1838.44
1835.63
1780.41
1254.93
1060.21
1060.69
1060.57
1060.58
1060.83
1060.73
1061.38
1078.08
1538.82
1839.7
1841.19
1740.47
1701.1
1700.83
1700.69
1747.39
1836.61
1840.77
1840.96
1841.27
1841.67
1842.12
1842.57
1842.99
1843.44
1844.04
1844.53
1844.85
1845.04
1845.1
1844.94
1844.51
1843.78
1842.78
1840.28
1814.12
1821.19
1843.53
1844.21
1716.31
1190.69
1057.87
1058.59
1058.61
1058.44
1058.84
1060.69
1453.8
1855.5
1837.01
1752.64
1702.2
1700.22
1717.22
1831.35
1841.37
1840.14
1839.61
1839.41
1839.39
1839.51
1839.75
1840.07
1840.47
1840.97
1841.51
1842.03
1842.49
1842.86
1843.1
1843.17
1843
1842.56
1841.78
1837.15
1812.76
1810.05
1847.84
1850.12
1849.77
1783.54
1493.69
1177.61
1085.83
1102.44
1391.95
1732.82
1850.05
1855.12
1818.4
1709.31
1703.88
1814.75
1842.53
1840.76
1839.48
1838.5
1837.78
1837.29
1837.02
1836.92
1836.99
1837.2
1837.56
1838.04
1838.61
1839.23
1839.86
1840.45
1840.94
1841.26
1841.36
1841.17
1840.6
1837.81
1831.12
1808.56
1846.76
1825.33
1810.64
1813.92
1817.29
1773.3
1743.17
1760.4
1836.06
1855.45
1852.91
1850.41
1847.34
1845.27
1843.34
1841.28
1839.69
1838.38
1837.22
1836.2
1835.35
1834.68
1834.2
1833.91
1833.8
1833.9
1834.2
1834.68
1835.33
1836.11
1836.96
1837.83
1838.63
1839.29
1839.7
1839.8
1839.47
1838.43
1834.56
1807.04
1794.59
1811.72
1849.01
1837.25
1811.73
1845.51
1852.66
1853.56
1852.85
1851.13
1847.07
1844.73
1845.72
1843.17
1840.73
1838.7
1837.15
1835.89
1834.72
1833.65
1832.7
1831.85
1831.11
1830.55
1830.2
1830.13
1830.35
1830.82
1831.55
1832.51
1833.66
1834.91
1836.13
1837.22
1838.05
1838.52
1838.49
1837.74
1832.23
1806.11
1793.57
1835.01
1852.37
1824.29
1812.4
1821.74
1845.52
1852.83
1851.85
1847.11
1844.48
1842.13
1840.71
1840.52
1837.58
1835.31
1834.06
1832.81
1832.05
1829.88
1828.42
1829.15
1828.08
1827.03
1826.26
1825.95
1826.07
1826.47
1827.23
1828.4
1829.92
1831.64
1833.41
1835.08
1836.49
1837.47
1837.84
1837.37
1831.88
1816.83
1799.83
1850.08
1851.64
1843.36
1817.19
1830.92
1852.71
1852.26
1851.25
1847.73
1843.68
1841.1
1839.11
1834.82
1821.35
1800.3
1806.75
1830.28
1830.04
1813.01
1809.8
1824.07
1822.68
1822.62
1821.56
1820.62
1820.58
1820.42
1820.84
1822.38
1824.81
1827.63
1830.43
1833.04
1835.29
1836.95
1837.89
1837.77
1834.41
1825.63
1844.4
1849.89
1851.6
1851.89
1851.6
1852.18
1853.26
1852.93
1852.11
1850.77
1848.9
1846.49
1843.12
1829.22
1573.14
1367.14
1638.59
1830.57
1826.7
1808.84
1807.64
1812.12
1808.67
1740.92
1728.17
1700.63
1724.51
1679.43
1658.54
1679.58
1725.72
1779.43
1815.57
1829.48
1834.37
1837.47
1839.15
1839.49
1837.6
1827.52
1850.17
1851.29
1852.35
1853.28
1854.07
1854.68
1855.05
1855.07
1854.71
1853.93
1852.77
1851.15
1847.06
1642.02
1218.76
1224.5
1475.05
1833.03
1828.5
1812.5
1810.81
1816.98
1812.88
1670.79
1331.13
1180.43
1217.57
1152.33
1116.17
1136.51
1192.71
1302.54
1458.8
1633.25
1785.75
1837.75
1841.96
1843.03
1842.12
1833.36
1850.85
1852.25
1853.59
1854.84
1855.98
1856.97
1857.75
1858.26
1858.46
1858.33
1857.32
1850.83
1733.34
1221.3
1012.15
1261.07
1770.19
1838.16
1831.93
1838.52
1835.82
1834.75
1832.77
1729.33
1241.33
1024.49
1010.6
1016.4
1025.77
1033.71
1042.33
1051.44
1103.92
1199.76
1410.97
1699.81
1841.2
1847.37
1848.79
1850.29
1851.77
1853.47
1855.13
1856.75
1858.3
1859.76
1861.06
1862.16
1862.92
1863.5
1863.95
1812.74
1364.86
975.58
984.249
1464.84
1848.46
1848
1847.86
1848.1
1848.43
1844.42
1795.45
1742.64
1371.11
1124.68
982.868
1025.26
1107.47
1094.02
1088.28
1107.72
1119.71
1141.88
1156.82
1322.25
1717.82
1844.23
1857.69
1860.84
1852.78
1854.79
1856.77
1858.68
1860.81
1862.8
1864.73
1866.42
1868.1
1870.2
1870.84
1813.98
1219.68
908.339
892.244
1438.8
1855.94
1857.94
1858.04
1858.27
1855.55
1492.95
1134.88
1090.95
1190.79
1152.1
905.176
1113.84
1417.01
1506.66
1521.36
1520.64
1448.15
1286.6
1189.76
1204.54
1414.03
1812
1867.23
1874.13
1853.71
1856.06
1857.92
1858.72
1857.4
1858.28
1857.6
1861.7
1870.83
1878.27
1881.75
1882.57
1571.6
922.737
831.843
1062.08
1637.98
1844.49
1870.39
1871.07
1561.56
912.093
799.419
798.655
797.93
814.359
818.878
898.337
1203.26
1512.87
1611.61
1623.84
1626.81
1624.3
1422.84
1221.05
1254.94
1684.06
1877.05
1889.68
1854.57
1857.11
1858.8
1860.66
1843.43
1832.45
1836.09
1839.86
1861.03
1885.92
1892.48
1898.33
1780.52
999.659
814.673
812.521
870.918
1191.32
1396.03
1259.9
880.559
796.641
796.95
797.301
797.567
797.826
798.16
798.659
805.471
875.906
1082.87
1392.82
1619.71
1638.99
1635.01
1387.62
1272.89
1518.1
1881.57
1902.77
1855.1
1857.62
1860.23
1863.02
1856.31
1840.43
1840.7
1849.6
1866.54
1892.69
1903.97
1911.39
1491.82
849.196
810.39
810.355
814.123
816.35
810.998
802.08
796.656
796.265
796.688
797.341
798.016
798.652
799.386
800.406
801.334
802.07
803.039
804.46
1023.05
1552.9
1648.19
1638.89
1292.53
1472.02
1884.34
1917.34
1855.59
1857.67
1859.55
1861.43
1864.07
1868.02
1872.68
1866.14
1854.81
1859.96
1877.01
1758.05
1106.6
856.379
815.497
832.002
848.082
871.367
926.459
975.354
974.271
942.677
879.947
832.733
816.999
811.78
809.591
805.081
803.266
804.047
804.55
805.055
805.422
918.775
1592.68
1647.63
1340.33
1492.25
1888.13
1932.55
1856.21
1857.49
1858.2
1858.85
1859.98
1849
1817.77
1797.43
1720.6
1718.06
1727.16
1612.42
1328.43
1356.8
1481.62
1576.37
1622.96
1696.1
1788.86
1806.52
1788.93
1726.84
1586.98
1449.8
1402.99
1353.97
1211.24
998.079
840.323
805.25
805.701
806.012
806.506
806.688
1045.17
1631.68
1583.53
1582.41
1893.47
1949.53
1860.13
1859.7
1806.64
1686.2
1519.99
1457.6
1630.64
1737.6
1748.57
1717.23
1712.36
1719.09
1866.43
1865.92
1868.15
1870.97
1873.71
1877.39
1881.27
1884.37
1887.1
1890.21
1894.59
1901.78
1911.95
1922.76
1932.25
1934.63
1685.15
964.824
806.748
808.088
808.537
809.099
809.447
1336.54
1690.72
1713.47
1906.29
1967.62
1750.53
1503.61
1248.41
1087.26
1103.96
1288.75
1815.06
1906.62
1900.78
1890.63
1852.81
1875.47
1872.9
1869.14
1867.99
1868.3
1869.42
1871.2
1873.41
1875.83
1878.6
1882
1886.33
1892.1
1899.39
1907.82
1917.01
1923.31
1923.34
1925.21
1868.26
1238.69
813.664
813.883
817
996.13
1642.92
1798.33
1927.8
1984.68
1152.53
1066.1
1070.36
1076.92
1162.83
1712.86
1923.07
1911.95
1898.38
1887.28
1878.25
1870.79
1864.79
1860.43
1857.83
1856.62
1856.4
1857.05
1858.45
1860.57
1863.41
1867.1
1871.78
1877.63
1884.81
1893.35
1903.27
1914.75
1928.6
1945.13
1964
1974.67
1697.59
912.334
829.314
899.843
1505.27
1830.81
1944.96
2002.18
1023.8
1042.98
1125.85
1321.76
1846.04
1921.71
1909.83
1895.25
1882.26
1870.98
1860.94
1852.33
1845.18
1839.73
1835.99
1833.84
1833.06
1833.39
1834.8
1837.23
1840.61
1844.91
1850.22
1856.63
1864.28
1873.35
1883.94
1896.23
1910.5
1927.11
1946.15
1968.55
1995.28
1811.93
973.959
921.506
1331.8
1826.2
1947.78
2017.85
1269.66
1573.17
1905.65
1908.54
1901.78
1893.17
1881.71
1868.81
1855.32
1843.19
1831.75
1821.68
1813.23
1806.57
1801.76
1798.89
1798.02
1798.68
1800.55
1803.2
1807.5
1813.47
1820.55
1827.88
1836.38
1846.54
1858.57
1871.63
1886.37
1902.95
1921.37
1941.72
1965.28
1994.21
1493.34
934.891
1246.52
1798.35
1936.02
2029.03
1898.36
1893.5
1888.04
1881.87
1874.16
1863.62
1850.44
1835.27
1818.6
1803.71
1789.44
1776.44
1765.73
1757.3
1750.58
1746.6
1745.68
1737.3
1733.77
1742.76
1752.99
1765.22
1774.75
1783.37
1794.43
1811.98
1826.66
1841.09
1856.82
1874
1892.64
1912.73
1934.69
1961.1
1934.6
1161.69
1254.53
1745.36
1907.02
2026.81
1877.43
1873.21
1866.44
1856.56
1843.8
1828.3
1810.33
1790.61
1770.02
1749.33
1729.73
1703.6
1663.47
1617.59
1468.81
1444.68
1461.81
1339.94
1263.59
1434.28
1568.4
1459.11
1458.29
1628.83
1751.1
1770.89
1788.48
1805.22
1822.49
1840.63
1859.76
1879.82
1900.96
1924.17
1950.64
1777.79
1777.91
1757.58
1850.95
1994.54
1861.97
1851.92
1839.05
1823.29
1804.89
1783.99
1760.69
1734.28
1707.78
1580.92
1494.99
1331.3
1112.45
1050.27
1054.41
1067.46
1071.43
1068.52
1068.16
1064.88
1071.55
1074.73
1076.37
1112.75
1511.55
1724.47
1745.88
1765.93
1785.27
1804.65
1824.23
1844.06
1864.13
1884.57
1905.7
1923.88
1936.35
1849.67
1824.56
1941.85
1836.99
1821.81
1803.8
1782.86
1759.26
1732.47
1701.94
1558.31
1508.2
975.092
965.408
1000.81
1010.52
1012.38
1019.29
1023.54
1169.67
1207.71
1032.54
1012.65
1031.6
1038.81
1045.07
1056.56
1062.64
1097.19
1517.64
1724.59
1746.46
1768.08
1788.72
1808.66
1828.12
1847.15
1865.75
1883.59
1901.27
1848.89
1789.66
1900.97
1807.07
1787.34
1764.78
1739.42
1709.66
1674.07
1506.43
1006.02
863.106
899.779
930.116
967.38
995.367
1029.41
1260.83
1357.01
1361.49
1366.34
1248.64
1273.96
1109.92
1002.61
1017.98
1029.74
1037.58
1046.77
1051.08
1493.38
1711.52
1735.07
1756.68
1776.58
1795.51
1813.71
1831.31
1848.41
1865.87
1837.77
1750.05
1856.82
1775.05
1751.67
1725.46
1694.91
1654.63
1399.93
804.596
779.007
795.943
864.476
1054.73
1345.56
1333.3
1325.02
1320.72
1319.73
1320.57
1323.3
1330.15
1315.77
1327.29
1339.73
1257.8
998.304
1008.8
1021.96
1029.27
1074.06
1578.18
1707.13
1729.06
1748.77
1766.99
1784.29
1800.93
1817.13
1833.48
1843.36
1709.97
1789.79
1744.88
1718.55
1689.32
1648.46
1320.45
759.128
735.492
745.904
852.497
1333.56
1327.06
1316.2
1305.6
1294.72
1282.69
1210.07
1174.89
1136.43
1184.15
1264.06
1277.89
1298.33
1319.54
1223.32
964.261
995.932
1008.48
1017.89
1386.34
1687.44
1707.53
1726.09
1743.04
1759.03
1774.28
1789.01
1803.49
1818.47
1732.98
1768.35
1719.75
1692.02
1658.88
1384.67
880.163
719.007
701.677
708.484
1272.52
1311.87
1302.28
1294.33
1192.52
973.589
552.167
237.897
207.469
224.528
254.17
553.913
1240.1
1265.45
1290.05
1315.36
995.002
972.303
984.847
993.979
1442.03
1675
1692.4
1708.76
1723.99
1738.33
1751.96
1764.91
1777.35
1789.56
1796.49
1799.58
1699.97
1671.38
1421.88
949.173
913.554
826.944
661.601
712.894
1285.64
1293.08
1285.03
955.62
207.686
121.232
119.924
119.673
119.505
119.336
119.265
119.568
532.497
1241.78
1278.26
1300.03
1209.16
954.978
966.176
1022.13
1306.34
1588.84
1679.75
1695.26
1709.28
1722.21
1734.25
1745.46
1755.92
1765.69
1774.43
1781.22
1685.53
1656.91
845.717
843.201
1015.3
993.065
619.338
641.724
1202.66
1287.86
818.809
125.048
120.086
119.301
119.1
119.043
119.035
119.029
119.057
119.15
129.687
970.415
1278.86
1298.14
1315.88
1263.71
1078.68
990.811
1001.49
1120.86
1569.5
1685.79
1699.24
1711.03
1721.56
1731.09
1738.17
1746.37
1754.1
1759.55
1678.68
1402.86
745.565
767.03
1040.95
917.184
576.812
800.146
1283.44
1106.69
171.272
122.249
120.34
119.904
119.537
121.563
119.909
119.077
119.104
119.146
174.052
1031.75
1291.67
1308.11
1300.68
1123.52
1000.18
987.786
996.648
1007.71
1410.54
1683.49
1695.88
1705.7
1714.27
1719.71
1721.78
1731.73
1739.58
1743.54
1676.92
736.702
678.871
1186.35
1030.46
524.313
548.006
1238.43
1294.17
564.59
125.182
136.457
137.347
126.635
125.816
124.183
120.561
118.877
118.967
119.375
297.543
1194
1314.3
1269.82
979.947
978.102
984.041
991.245
997.746
1005.29
1442.62
1685.25
1697.79
1704.96
1710.54
1710.12
1714.96
1723.21
1730
1732.26
1688.24
608.954
644.19
1336.66
626.508
512.393
610.944
1330.3
1307.28
311.424
122.694
138.178
138.135
126.129
119.859
119.786
118.439
118.525
118.68
120.02
298.678
988.551
1157.28
1023.77
1017.9
1040.18
989.332
995.404
1006.02
1219.07
1569.59
1693.7
1702.19
1706.78
1705.24
1708.3
1711.85
1719.39
1724.56
1723.3
1276.08
442.151
992.229
1371.66
508.241
516.932
1243.78
1336.99
1062.58
138.055
122.397
138.014
135.541
118.156
118.174
118.236
118.186
118.214
118.426
122.378
188.171
250.888
459.707
1189.78
1564.37
1575.72
1427.41
1349.53
1502.36
1642.74
1683.96
1701.7
1707.19
1709.93
1706.52
1709.43
1711.88
1719.52
1722.82
1720.41
1021.97
423.174
1007.18
1383.41
517.24
670.106
1374.48
1351.8
390.658
119.359
118.833
129.055
130.411
117.926
118.048
118.057
118.067
118.035
118.256
118.959
121.316
135.316
768.217
1621.76
1689.36
1690.01
1688.52
1689.21
1695.72
1701.98
1707.17
1710.62
1713.75
1715.52
1711.17
1713.18
1715.27
1722.8
1724.11
1721.19
892.848
410.925
990.126
1419.39
524.138
709.691
1392.96
1257.76
244.543
118.644
118.39
120.17
123.641
117.759
117.769
117.94
117.889
117.861
118.052
119.12
125.095
646.131
1579.37
1704.83
1706.39
1706.46
1707.16
1708.84
1711.3
1714.61
1717.66
1720.15
1722.38
1723.71
1721.01
1719.43
1725.71
1728.37
1728.22
1725.15
740.24
400.551
829.747
1500.51
641.19
579.289
1398.16
1210.84
215.581
118.026
117.916
117.728
118.008
117.904
117.673
117.687
117.674
117.764
118.774
144.759
932.073
1655.15
1717.34
1719.57
1720.27
1721.24
1722.4
1723.7
1725.09
1726.7
1728.28
1730.73
1732.61
1734.01
1734.54
1733.67
1735.92
1735.74
1734.85
1734.05
585.972
388.167
651.715
1526.3
1343.02
561.634
963.923
1228.02
214.5
117.51
117.492
117.371
117.311
117.335
117.373
117.448
117.702
118.79
274
1284.51
1725.78
1730.8
1732.67
1733.78
1734.84
1736
1737.03
1735.89
1735.54
1736.39
1737.13
1739.11
1743.2
1745.17
1745.65
1745.81
1745.68
1744.97
1743.54
1738.78
459.878
376.789
580.532
1555.04
1581.83
572.756
279.51
901.177
211.632
116.784
117.019
116.968
116.935
116.869
117.034
117.607
120.648
373.684
1440.7
1742.34
1745.34
1746.7
1747.73
1748.74
1749.74
1749.88
1747.03
1747.28
1748.24
1749.1
1750.04
1750.86
1754.49
1757.15
1757.34
1757.23
1756.76
1755.74
1753.63
1746.4
358.153
367.802
879.302
1591.8
1582.74
865.726
161.44
137.504
214.807
115.654
116.287
116.334
116.304
116.362
116.883
120.623
305.893
1391.47
1759.16
1760.83
1761.45
1762.02
1762.7
1763.44
1764.14
1762.17
1760.29
1760.97
1761.68
1762.38
1762.98
1764.28
1768.79
1769.6
1769.61
1769.35
1768.73
1767.55
1764.24
1757.27
299.321
583.693
1474.28
1596.66
1595.49
991.571
152.798
116.217
126.362
114.993
115.453
115.649
115.719
115.823
117.98
171.191
1113.51
1776.2
1776.87
1776.54
1776.38
1776.52
1776.85
1777.29
1777.76
1777.26
1773.72
1774.04
1774.6
1775.11
1777.25
1780.85
1781.92
1782.09
1782.06
1781.76
1781.08
1779.76
1775.85
1773.04
283.386
1367.02
1600.23
1601.99
1538.59
647.2
156.014
115.018
115.042
115.09
114.957
115.171
115.346
116.127
123.663
693.427
1724.83
1792.66
1791.44
1790.48
1789.97
1789.81
1789.87
1790.08
1790.4
1790.77
1790.02
1786.96
1786.9
1790.93
1793.18
1793.8
1794.14
1794.34
1794.34
1794.08
1793.42
1792.11
1787.72
1780.27
280.923
1543.78
1622.71
1370.53
641.922
238.716
134.279
114.35
115.047
116.727
114.994
115.022
115.71
119.772
480.572
1603.44
1806.86
1805.31
1803.8
1802.75
1802.12
1801.79
1801.7
1801.8
1802.04
1802.37
1802.28
1802.3
1803.29
1804.43
1804.98
1805.47
1805.86
1806.08
1806.16
1806.03
1805.46
1804.24
1799.4
1785.03
265.767
1301.56
1630.49
392.11
139.459
144.139
118.032
113.789
114.505
114.817
114.582
115.152
124.708
784.587
1741.67
1819.64
1817.9
1816.17
1814.77
1813.74
1813.06
1812.67
1812.52
1812.58
1812.48
1812.2
1812.67
1813.99
1814.77
1815.39
1815.99
1816.55
1816.98
1817.31
1817.48
1817.4
1816.94
1815.82
1810.55
1796.45
243.299
876.092
1268.36
136.737
135.653
128.445
112.794
112.919
113.516
115.058
146.966
1006.57
1787.62
1827.62
1830.38
1829.84
1827.93
1826.23
1824.86
1823.83
1823.13
1822.72
1822.37
1821.71
1821.91
1822.32
1822.84
1823.59
1825.02
1825.77
1826.43
1827.04
1827.55
1827.93
1828.17
1828.2
1827.78
1826.12
1818.17
1813.23
221.851
695.386
829.575
135.522
135.102
133.619
117.8
127.472
803.963
1676.98
1798.12
1815.87
1843.15
1842.7
1840.93
1838.97
1837.14
1835.54
1834.23
1833.22
1832.47
1831.34
1831.01
1831.13
1831.45
1831.93
1832.53
1833.21
1834.82
1835.66
1836.36
1837
1837.55
1837.97
1838.23
1838.23
1837.83
1832.21
1823.68
1822.75
206.793
649.907
601.248
135.592
139.489
406.491
1469.69
1853.09
1851.59
1863.54
1860.98
1857.95
1855.23
1852.71
1850.3
1848.09
1846.12
1844.49
1843.29
1842.23
1841.1
1840.11
1840
1840.16
1840.53
1841.08
1841.75
1843.35
1844.3
1845.08
1845.79
1846.43
1846.96
1847.35
1847.55
1847.5
1847.09
1842.22
1833
1807.53
205.547
580.996
520.796
212.61
1181.31
1894.19
1891.48
1886
1881.02
1876.43
1872.28
1868.5
1864.95
1861.93
1859.25
1856.91
1854.99
1853.38
1851.98
1850.9
1850.01
1848.73
1848.56
1848.71
1849.18
1850.61
1851.36
1852.27
1853.1
1853.91
1854.63
1855.24
1855.7
1856
1856.09
1855.94
1855.47
1854.29
1838.1
1782.63
220.7
503.82
923.723
1397.45
1910.93
1905.43
1899.47
1894.13
1889.28
1884.78
1880.61
1876.79
1873.22
1870.04
1867.54
1865.29
1863.31
1861.63
1860.23
1859.13
1858.32
1857.55
1857.11
1857.45
1858.03
1858.59
1859.29
1860.1
1860.96
1861.78
1862.5
1863.08
1863.48
1863.68
1863.64
1863.32
1862.68
1853.8
1795.24
1788.08
247.235
651.605
1557.66
1896.15
1918.61
1911.44
1905.1
1899.7
1894.97
1890.71
1886.84
1883.3
1880.02
1877.08
1874.62
1872.67
1870.94
1869.33
1867.92
1866.79
1865.92
1865.33
1865.03
1865
1865.19
1865.56
1866.11
1866.82
1867.59
1868.3
1868.92
1869.39
1869.69
1869.79
1869.62
1866.16
1832.68
1799.16
1796.6
1793.61
287.507
1011.58
1925.46
1934.16
1923.51
1914.57
1907.48
1902.22
1898.01
1894.16
1890.93
1888.02
1884.81
1853
1808.1
1816.7
1856.33
1876.27
1874.92
1873.77
1872.85
1872.14
1871.7
1871.42
1871.17
1858.89
1848.1
1862.23
1873.12
1873.6
1873.9
1874.09
1874.15
1874.03
1867.87
1842.72
1832.29
1831.8
1826.02
1838.41
341.718
1309.22
1951.43
1932.57
1920.11
1885.83
1853.6
1858.67
1897.84
1880.82
1803.45
1800.97
1798.95
1796.78
1809.49
1883.02
1883.17
1882.34
1881.15
1880.05
1879.05
1874.05
1852.18
1851.54
1851.44
1851.34
1851.3
1860.3
1876.79
1876.67
1876.26
1874.81
1874.09
1873.94
1873.07
1871.62
1869.25
1866.62
1863.1
1858.2
380.243
1402.82
1934.89
1913.05
1881.39
1841.08
1837.26
1837.49
1863.44
1880.45
1870.15
1803.3
1862.43
1886.83
1886.52
1886.74
1887.68
1887.87
1887.04
1885.77
1884.41
1882.95
1881.88
1881.1
1880.49
1879.9
1879.47
1878.69
1878.07
1877.58
1876.71
1875.82
1875.96
1877.87
1880.65
1648.27
1311.4
938.321
554.257
288.068
378.456
1512.17
1887.06
1861.32
1849.06
1843.8
1852.68
1871.67
1883.27
1870.29
1807.63
1756.58
1691.57
1639.03
1612.22
1607.36
1632.93
1688.39
1726.07
1737.49
1716.9
1638.24
1599.95
1623.97
1690.76
1713.98
1670.94
1559.89
1494.64
1435.27
1290.26
1072.36
834.984
581.949
337.567
149.893
46.9861
3.09867
-0.200735
-0.102051
184.958
1234.61
1692.02
1664.48
1764.34
863.087
199.031
194.309
267.712
419.193
542.359
419.211
121.002
55.3631
71.2308
151.865
210.104
222.257
205.361
189.148
188.166
200.137
214.297
229.362
241.133
242.093
193.506
145.827
112.979
80.4602
43.801
14.4658
1.87208
0.17407
0.0398805
-0.0168276
0.000573683
-0.00270328
-0.0112054
-0.0348027
32.1752
66.6198
1006.72
842.201
63.7885
-9.37993
-13.4691
-7.40874
-3.70504
-1.61644
-0.697844
-0.866004
-0.783614
-0.283893
0.260444
0.560803
0.396979
0.0677161
-0.219686
-0.42715
-0.639074
-0.11341
2.4299
2.1311
1.20481
0.797002
-0.586114
-2.17005
-2.95088
-2.11465
-1.53215
-0.921864
-0.323132
0.12639
0.375064
0.420123
0.238233
-0.0820709
-0.160631
-0.0070865
1822.05
1822
1821.92
1821.81
1821.68
1821.54
1821.39
1821.25
1821.13
1821.02
1820.92
1820.84
1820.78
1820.73
1820.69
1820.67
1820.65
1820.65
1820.65
1820.67
1820.69
1820.72
1820.76
1820.81
1820.87
1820.93
1821.01
1821.09
1821.18
1821.28
1821.39
1821.5
1821.63
1821.76
1821.89
1822.02
1822.15
1822.29
1822.42
1822.55
1822.3
1822.15
1822.1
1822.04
1821.95
1821.84
1821.71
1821.57
1821.45
1821.34
1821.25
1821.17
1821.11
1821.06
1821.03
1821
1820.98
1820.96
1820.95
1820.95
1820.95
1820.95
1820.96
1820.98
1821
1821.02
1821.05
1821.09
1821.14
1821.2
1821.27
1821.35
1821.43
1821.52
1821.62
1821.72
1821.83
1821.94
1822.06
1822.18
1822.65
1822.37
1822.19
1822.09
1822.02
1821.93
1821.84
1821.74
1821.64
1821.56
1821.49
1821.42
1821.38
1821.34
1821.31
1821.28
1821.26
1821.25
1821.23
1821.22
1821.21
1821.19
1821.18
1821.17
1821.16
1821.16
1821.16
1821.16
1821.17
1821.19
1821.22
1821.26
1821.3
1821.36
1821.42
1821.49
1821.57
1821.66
1821.76
1821.87
1822.93
1822.55
1822.25
1822.07
1821.97
1821.89
1821.81
1821.74
1821.68
1821.62
1821.58
1821.54
1821.51
1821.48
1821.47
1821.45
1821.44
1821.42
1821.41
1821.39
1821.37
1821.35
1821.33
1821.3
1821.28
1821.26
1821.24
1821.22
1821.21
1821.21
1821.21
1821.22
1821.24
1821.27
1821.31
1821.36
1821.42
1821.5
1821.58
1821.67
1823.07
1822.62
1822.23
1821.99
1821.85
1821.77
1821.71
1821.67
1821.64
1821.61
1821.59
1821.58
1821.57
1821.57
1821.56
1821.56
1821.55
1821.54
1821.53
1821.51
1821.49
1821.46
1821.44
1821.4
1821.37
1821.34
1821.31
1821.28
1821.25
1821.23
1821.22
1821.21
1821.22
1821.23
1821.26
1821.29
1821.34
1821.4
1821.47
1821.55
1822.99
1822.49
1822.05
1821.78
1821.66
1821.6
1821.57
1821.56
1821.57
1821.58
1821.59
1821.61
1821.62
1821.63
1821.64
1821.64
1821.64
1821.64
1821.62
1821.61
1821.58
1821.56
1821.52
1821.49
1821.45
1821.41
1821.37
1821.33
1821.3
1821.27
1821.24
1821.23
1821.22
1821.22
1821.23
1821.26
1821.29
1821.34
1821.4
1821.47
1822.67
1822.13
1821.69
1821.45
1821.37
1821.38
1821.42
1821.47
1821.52
1821.56
1821.61
1821.64
1821.67
1821.7
1821.71
1821.72
1821.73
1821.72
1821.71
1821.69
1821.66
1821.63
1821.59
1821.55
1821.51
1821.46
1821.42
1821.38
1821.34
1821.3
1821.27
1821.25
1821.24
1821.23
1821.23
1821.25
1821.27
1821.31
1821.35
1821.41
1822.04
1821.47
1821.08
1820.97
1821.04
1821.17
1821.32
1821.43
1821.53
1821.61
1821.68
1821.73
1821.77
1821.8
1821.81
1821.82
1821.82
1821.81
1821.79
1821.76
1821.73
1821.69
1821.65
1821.61
1821.56
1821.51
1821.46
1821.42
1821.38
1821.34
1821.3
1821.28
1821.26
1821.25
1821.24
1821.25
1821.27
1821.29
1821.33
1821.38
1820.98
1819.78
1820.11
1820.44
1820.8
1821.1
1821.35
1821.54
1821.68
1821.77
1821.85
1821.89
1821.92
1821.94
1821.94
1821.94
1821.92
1821.9
1821.87
1821.83
1821.79
1821.74
1821.69
1821.64
1821.59
1821.54
1821.49
1821.45
1821.41
1821.37
1821.34
1821.31
1821.29
1821.27
1821.27
1821.27
1821.28
1821.3
1821.32
1821.36
1795.72
1791.82
1809.74
1820.6
1821.17
1821.53
1821.71
1821.83
1822.05
1822.11
1822.14
1822.15
1822.15
1822.13
1822.11
1822.08
1822.04
1821.99
1821.94
1821.89
1821.83
1821.77
1821.7
1821.65
1821.6
1821.55
1821.51
1821.46
1821.42
1821.39
1821.36
1821.34
1821.32
1821.31
1821.3
1821.3
1821.31
1821.32
1821.34
1821.36
1786.97
1786.51
1792.56
1821.85
1822.9
1822.86
1822.73
1822.59
1822.57
1822.62
1822.56
1822.5
1822.43
1822.37
1822.3
1822.22
1822.15
1822.08
1822
1821.92
1821.85
1821.77
1821.68
1821.48
1821.42
1821.53
1821.49
1821.46
1821.43
1821.4
1821.38
1821.37
1821.36
1821.35
1821.34
1821.35
1821.35
1821.36
1821.37
1821.38
1785.18
1785.16
1802.69
1824.37
1824.48
1824.09
1823.78
1823.41
1823.1
1822.93
1822.98
1822.85
1822.71
1822.59
1822.47
1822.36
1822.24
1822.13
1822.02
1821.91
1821.82
1821.73
1821.63
1821.32
1821.24
1821.37
1821.44
1821.42
1821.41
1821.4
1821.4
1821.39
1821.4
1821.4
1821.4
1821.41
1821.42
1821.42
1821.43
1821.44
1796.18
1803.96
1823.59
1825.66
1825.22
1824.77
1824.39
1824.07
1823.61
1823.18
1822.97
1823.12
1822.94
1822.77
1822.6
1822.44
1822.28
1822.13
1821.98
1821.83
1821.68
1821.59
1821.5
1821.2
1821.06
1821.11
1821.35
1821.36
1821.37
1821.39
1821.41
1821.42
1821.44
1821.46
1821.48
1821.49
1821.51
1821.52
1821.53
1821.54
1822.93
1824.7
1825.82
1825.62
1825.3
1824.96
1824.64
1824.35
1824.07
1823.38
1823.11
1822.92
1823.05
1822.84
1822.66
1822.46
1822.26
1822.06
1821.86
1821.66
1821.4
1821.11
1821.21
1821.1
1820.89
1820.79
1821.17
1821.24
1821.3
1821.36
1821.42
1821.46
1821.51
1821.55
1821.58
1821.61
1821.64
1821.66
1821.68
1821.69
1819.76
1819.37
1820.76
1824.03
1825.01
1824.85
1824.65
1824.42
1824.18
1823.79
1823.18
1822.94
1822.88
1822.87
1822.63
1822.41
1822.17
1821.91
1821.66
1821.39
1821.05
1820.53
1820.51
1820.66
1820.63
1819.94
1820.94
1821.12
1821.24
1821.35
1821.45
1821.53
1821.6
1821.66
1821.71
1821.76
1821.8
1821.84
1821.87
1821.89
1816.67
1817.08
1817.39
1822.82
1824.92
1824.81
1824.64
1824.44
1824.21
1823.97
1823.33
1822.94
1822.84
1822.85
1822.56
1822.29
1822.02
1821.71
1821.37
1821.01
1820.6
1819.78
1818.6
1819.73
1818.62
1820.31
1820.77
1821.03
1821.23
1821.4
1821.53
1821.64
1821.73
1821.81
1821.89
1821.95
1822.01
1822.06
1822.11
1822.15
1816.19
1818.42
1821.61
1824.06
1824.88
1824.78
1824.62
1824.43
1824.2
1823.95
1823.66
1822.93
1822.82
1822.76
1822.47
1822.14
1821.84
1821.47
1821.06
1820.58
1819.98
1819.21
1808.32
1775.7
1794.53
1820.15
1820.68
1821.06
1821.34
1821.55
1821.71
1821.83
1821.93
1822.02
1822.1
1822.18
1822.25
1822.33
1822.4
1822.47
1817.41
1818.14
1821.8
1824.73
1824.8
1824.71
1824.56
1824.37
1824.14
1823.89
1823.61
1823.21
1822.68
1822.58
1822.35
1822.02
1821.7
1821.35
1820.94
1820.46
1819.84
1819.27
1783.02
1705.7
1764.99
1821.75
1821.62
1821.76
1821.9
1822
1822.07
1822.15
1822.22
1822.29
1822.36
1822.44
1822.53
1822.62
1822.71
1822.81
1820.54
1818.62
1820.81
1824.48
1824.63
1824.57
1824.45
1824.27
1824.05
1823.78
1823.49
1823.16
1822.49
1822.43
1822.16
1821.86
1821.58
1821.29
1820.94
1820.5
1819.94
1819.33
1747.36
1694.1
1716.99
1823.68
1822.86
1822.66
1822.59
1822.53
1822.5
1822.5
1822.52
1822.56
1822.62
1822.7
1822.8
1822.9
1823.03
1823.16
1823.75
1823.34
1823.1
1824.25
1824.5
1824.45
1824.34
1824.16
1823.94
1823.66
1823.34
1822.97
1822.39
1822.18
1821.86
1821.63
1821.48
1821.33
1821.15
1820.89
1820.59
1818.97
1725.74
1684.04
1694.73
1824.54
1823.53
1823.22
1823.05
1822.92
1822.82
1822.77
1822.76
1822.78
1822.84
1822.92
1823.02
1823.15
1823.31
1823.48
1823.69
1823.98
1824.23
1824.27
1824.38
1824.35
1824.23
1824.06
1823.82
1823.53
1823.17
1822.72
1822.12
1818.9
1819.77
1821.19
1821.3
1821.38
1821.41
1821.38
1821.33
1819.45
1720.13
1676.87
1694.01
1824.61
1823.71
1823.43
1823.25
1823.1
1822.98
1822.91
1822.88
1822.89
1822.94
1823.03
1823.16
1823.33
1823.52
1823.74
1823.68
1823.93
1824.15
1824.26
1824.3
1824.26
1824.14
1823.97
1823.74
1823.44
1823.05
1822.57
1821.95
1769.24
1761.16
1820.88
1821.17
1821.5
1821.77
1821.97
1822.2
1820.16
1715.63
1670.83
1705.47
1823.96
1823.42
1823.28
1823.17
1823.05
1822.94
1822.87
1822.84
1822.84
1822.9
1823.01
1823.17
1823.39
1823.64
1823.92
1823.78
1823.99
1824.16
1824.26
1824.28
1824.23
1824.12
1823.98
1823.81
1823.61
1823.39
1823.2
1822.19
1735.35
1729.88
1808.37
1821.24
1821.73
1822.17
1822.59
1823.14
1820.48
1709.04
1664.02
1722.41
1823.02
1822.93
1822.97
1822.94
1822.85
1822.75
1822.66
1822.6
1822.59
1822.65
1822.78
1822.99
1823.29
1823.63
1824
1824
1824.15
1824.28
1824.33
1824.32
1824.25
1824.13
1823.98
1823.82
1823.64
1823.45
1823.32
1822.74
1746.35
1723.75
1756.1
1822.5
1822.56
1822.8
1823.11
1823.65
1813.35
1678.26
1657.98
1745.12
1822.31
1822.52
1822.68
1822.68
1822.57
1822.43
1822.28
1822.16
1822.09
1822.11
1822.25
1822.55
1822.97
1823.46
1823.96
1824.32
1824.41
1824.47
1824.47
1824.42
1824.31
1824.16
1823.98
1823.77
1823.53
1823.23
1822.88
1822.49
1773.29
1718.42
1717.93
1822.28
1823.14
1822.65
1822.15
1821.53
1763.87
1654.2
1652.04
1809.72
1825.21
1824.15
1823.53
1823.02
1822.57
1822.17
1821.83
1821.53
1821.29
1821.15
1821.25
1821.73
1822.48
1823.07
1823.8
1824.75
1824.77
1824.77
1824.71
1824.6
1824.45
1824.26
1824.05
1823.82
1823.54
1823.2
1822.79
1822.33
1770.42
1713.21
1711.77
1791.33
1823.47
1823.13
1823.06
1818.82
1692.04
1649.34
1687.97
1825.87
1824.44
1823.71
1823.14
1822.62
1822.1
1821.58
1821.05
1820.5
1819.87
1819.21
1819.04
1820.18
1816.89
1818.29
1823.97
1825.28
1825.24
1825.16
1825.03
1824.87
1824.67
1824.47
1824.25
1824.03
1823.81
1823.61
1823.46
1822.98
1757.63
1706.46
1706.76
1720.55
1820.89
1822.49
1822.91
1818.61
1698.16
1646.53
1797.18
1823.54
1823.12
1822.84
1822.48
1822.03
1821.5
1820.88
1820.13
1819.15
1817.85
1816.42
1782.09
1700
1751.99
1823
1824.03
1825.93
1825.82
1825.65
1825.45
1825.22
1824.97
1824.71
1824.45
1824.2
1823.96
1823.74
1823.58
1819.94
1730.12
1701.93
1702.02
1701.38
1809.98
1821.94
1822.28
1814.28
1777.45
1781.94
1822.25
1822.21
1822.25
1822.19
1822.01
1821.69
1821.24
1820.65
1819.85
1818.8
1817.87
1786.79
1565.46
1542.77
1754.09
1823.34
1824.56
1826.7
1826.5
1826.24
1825.94
1825.63
1825.31
1824.99
1824.67
1824.35
1824.04
1823.76
1823.54
1818.04
1718.45
1698.31
1698.3
1708.57
1819.81
1821.28
1820.93
1819.18
1821.45
1819.57
1818.9
1821.6
1821.73
1821.86
1821.84
1821.68
1821.31
1820.71
1819.87
1819.23
1774.88
1516.29
1484.71
1522
1808.83
1827.12
1827.38
1827.58
1827.29
1826.91
1826.51
1826.1
1825.69
1825.28
1824.86
1824.44
1824.01
1823.56
1823.09
1819.66
1730.2
1695.88
1694.47
1785.29
1821.27
1820.19
1819.58
1819.72
1820.44
1810.73
1819.88
1820.53
1821.22
1820.9
1822.15
1822.08
1821.73
1821.08
1820.55
1760.12
1486.45
1464.89
1468.22
1659.61
1829.82
1829.39
1829.34
1828.61
1828.19
1827.66
1827.13
1826.61
1826.11
1825.6
1825.08
1824.54
1823.97
1823.35
1822.64
1821.33
1784.33
1727.31
1773.39
1820.89
1819.18
1817.45
1815.34
1811.31
1774.54
1817
1818.86
1783.52
1752.48
1821.9
1822.97
1823.07
1822.81
1822.61
1743.69
1461.77
1450.95
1453.75
1530.48
1832.29
1831.4
1831.04
1830.85
1829.78
1829.2
1828.49
1827.81
1827.18
1826.57
1825.98
1825.39
1824.78
1824.14
1823.47
1822.76
1822.05
1821.39
1818.81
1819.87
1817.58
1815.99
1810.39
1662.91
1474.66
1667.81
1825.09
1777.4
1509.52
1517.97
1802.21
1825.01
1825.29
1825.34
1724.13
1439.72
1438.98
1441.6
1472.95
1796.49
1833.22
1832.74
1832.41
1832.1
1831.06
1830.29
1829.38
1828.53
1827.78
1827.08
1826.41
1825.75
1825.06
1824.31
1823.47
1822.5
1821.34
1820.22
1819.2
1769.33
1699.67
1570.23
1480.5
1406.86
1408.3
1449.23
1655.68
1523.84
1426.16
1447.46
1768.41
1831.77
1830.42
1711.95
1425.72
1428.66
1430.73
1451.8
1776.79
1834.84
1834.24
1833.87
1833.48
1833.01
1832.41
1831.42
1830.27
1829.25
1828.39
1827.64
1826.93
1826.25
1825.53
1824.7
1823.72
1822.6
1807.66
1659.76
1598.01
1589.39
1516.43
1457.07
1400.95
1401.16
1400.66
1399.73
1400.93
1405.22
1410.93
1494.92
1821.56
1837.24
1723.57
1416.84
1419.36
1421.09
1503.78
1817.31
1837.01
1835.98
1835.45
1834.95
1834.33
1833.35
1833.71
1832.49
1831.1
1829.93
1829
1828.23
1827.57
1826.97
1826.36
1825.68
1824.97
1741.96
1564.18
1563.97
1568.54
1608.01
1789.48
1699.8
1428.19
1395.67
1395.73
1395.92
1396.68
1398.68
1423.63
1738.74
1819.43
1744.99
1419.55
1413.44
1412.73
1668.64
1827.61
1839
1837.89
1837.14
1836.45
1835.74
1834.45
1833.96
1834.76
1833.35
1831.76
1830.47
1829.52
1828.81
1828.28
1827.9
1827.63
1827.57
1756.63
1548.79
1552.28
1554.64
1685.08
1800.98
1839.89
1839
1651.32
1390.74
1390.52
1390.65
1390.94
1405.6
1720.34
1800
1708.14
1467.42
1426.33
1517.56
1792.18
1842.16
1840.32
1839.21
1838.41
1837.69
1836.96
1835.55
1834.9
1834.63
1835.36
1833.83
1832.12
1830.78
1829.84
1829.19
1828.79
1828.66
1828.92
1742.33
1536.56
1539.84
1580.98
1785.15
1832.97
1835.72
1838.43
1841.08
1836.39
1647.97
1416.43
1384.56
1384.94
1669.12
1811.76
1802.87
1597.96
1535.19
1731.27
1820.17
1840.22
1839.9
1839.47
1838.94
1838.39
1837.72
1836.3
1835.78
1835.48
1835.85
1835.29
1833.78
1832.08
1830.74
1829.8
1829.13
1828.76
1828.95
1737.53
1509.29
1514.93
1629.8
1820.48
1831.77
1833.5
1835.31
1837.25
1839.33
1841.54
1839.86
1772.8
1658.01
1570.2
1649.85
1805.92
1823.37
1786.56
1817.13
1838.97
1839.09
1839.26
1839.24
1839.02
1838.68
1837.94
1836.82
1836.43
1836.46
1836.69
1836.26
1834.49
1833.19
1831.65
1830.36
1829.36
1828.54
1828.12
1765.81
1487.36
1493.49
1575.47
1830.17
1830.9
1832.12
1833.37
1834.65
1836.03
1837.51
1839.18
1841.13
1806.26
1714.27
1629.37
1742.57
1831.81
1840.48
1840.16
1839.49
1839.16
1839.14
1839.11
1838.98
1838.78
1838.01
1837.14
1836.87
1837.06
1837.39
1837.05
1836.68
1832.99
1832.06
1830.77
1829.48
1828.23
1827.02
1826.03
1644.49
1477.04
1500.43
1813.52
1832.64
1832.3
1832.61
1833.14
1833.81
1834.55
1835.27
1818.64
1724.21
1699.37
1702.41
1719.98
1833.87
1839.1
1839.39
1839.36
1839.18
1839.03
1838.93
1838.83
1838.72
1838.14
1837.24
1837.09
1837.23
1837.91
1837.68
1837.43
1837.15
1830.99
1830.51
1829.64
1828.58
1827.49
1826.65
1817.17
1567.78
1468.91
1588.93
1831.52
1830.82
1831.14
1831.64
1832.19
1832.78
1833.31
1779.32
1691.79
1693.9
1695.39
1704.96
1831.79
1838.69
1838.75
1838.81
1838.8
1838.73
1838.66
1838.6
1838.54
1838.22
1837.2
1837.14
1837.08
1838.13
1838.13
1838.01
1837.86
1837.68
1828.5
1828.54
1827.95
1826.69
1824.89
1822.95
1772.32
1408.93
1508.88
1820.77
1831.21
1830.49
1830.6
1830.95
1831.47
1831.97
1786.97
1687.51
1688.61
1689.78
1710.16
1828.88
1838.05
1838.13
1838.2
1838.24
1838.26
1838.26
1838.25
1838.25
1838.25
1837.93
1837.04
1837.06
1837.5
1838.35
1838.36
1838.35
1838.33
1838.29
1825.82
1826.49
1826.5
1825.62
1824.2
1823.77
1670.61
1322.01
1631.42
1828.29
1827.36
1828
1828.76
1829.52
1830.37
1828.1
1716.91
1685.32
1686.13
1696.99
1831.6
1837.35
1837.46
1837.55
1837.62
1837.69
1837.74
1837.77
1837.81
1837.86
1837.93
1837.91
1837.62
1837.62
1837.8
1837.99
1838.46
1838.69
1838.8
1838.89
1823.06
1824.41
1825.18
1824.84
1823.57
1796.26
1482.44
1298.76
1764.34
1821.01
1822.85
1824.95
1826.56
1827.89
1827.45
1782.72
1716.69
1689.78
1727.85
1806.62
1836.1
1836.47
1836.72
1836.89
1837.02
1837.12
1837.2
1837.27
1837.34
1837.24
1837.07
1837.65
1837.82
1838.01
1837.94
1837.95
1838.35
1838.95
1839.18
1839.42
1820.2
1822.11
1823.3
1821.93
1779.11
1549.38
1125.77
1272.59
1820.37
1820.86
1822.63
1824.55
1826.07
1816.85
1754.64
1753.51
1782.65
1828.31
1828.56
1835.09
1835.6
1835.97
1836.23
1836.4
1836.52
1836.6
1836.67
1836.74
1836.42
1835.06
1836.54
1837.24
1837.43
1837.69
1835.4
1838.19
1838.58
1839.02
1839.4
1839.76
1818.4
1820.4
1821.09
1740.89
1383.48
1074.11
935.308
1163.83
1731.11
1819.97
1823.38
1825.41
1819.46
1753.77
1749.34
1750.83
1820.04
1833.79
1834.51
1835.06
1835.47
1835.76
1835.96
1836.07
1836.12
1836.12
1836.12
1836.16
1835.67
1834.43
1835.86
1836.19
1812.73
1805.11
1837.67
1838.08
1838.46
1838.86
1839.32
1839.84
1819.63
1820.26
1748.59
1247.11
948.168
906.964
907.267
966.411
1345.51
1777.71
1827.33
1829.31
1801.23
1746.88
1748.71
1767.01
1833.35
1834.25
1834.89
1835.35
1835.66
1835.85
1835.93
1835.92
1835.81
1835.63
1835.47
1835.38
1829.65
1834.85
1835.27
1818.06
1784.45
1791.48
1837.73
1837.94
1838.34
1838.76
1839.28
1839.87
1826.04
1822.13
1447.71
909.196
900.454
900.09
900.432
902.279
1012.71
1639.7
1831.8
1830.62
1745.85
1747.29
1748.4
1817.28
1835.08
1835.58
1835.93
1836.16
1836.26
1836.25
1836.14
1835.92
1835.59
1835.03
1811.89
1762.96
1833.01
1833.95
1832.4
1787.26
1781.67
1795.23
1837.18
1837.45
1837.82
1837.88
1830.86
1824.3
1837.17
1801.31
1178.43
898.13
898.138
898.272
898.541
898.791
946.891
1595.36
1838.47
1809.61
1749.26
1750.32
1782.38
1836.89
1837.16
1837.3
1837.35
1837.3
1837.17
1836.96
1836.68
1836.31
1835.89
1808.69
1618.14
1618.87
1817.38
1834.34
1817.27
1778.23
1779.22
1801.68
1836.59
1836.96
1837.36
1831.83
1764.12
1747.53
1850.47
1802.45
1144.73
895.438
896.058
896.446
896.401
896.49
999.895
1667.75
1841.16
1756.37
1753.79
1768.99
1835.17
1840.22
1839.82
1839.44
1839.05
1838.66
1838.25
1837.82
1837.35
1836.89
1821.23
1621.29
1588.82
1591.82
1816.68
1835.81
1811.92
1776.95
1777.49
1797.61
1836.24
1836.81
1837.45
1799.94
1739.59
1740.99
1863.91
1839.8
1301.73
892.574
894.35
894.508
894.482
895.4
1353.37
1767.04
1776.48
1759.97
1762.97
1828.71
1844.54
1843.34
1842.35
1841.48
1840.68
1839.95
1839.25
1838.56
1837.91
1826.85
1662.16
1580.28
1582.19
1615.95
1835.64
1835.28
1820.17
1775.23
1775.55
1793.39
1835.81
1836.39
1832.53
1803.84
1735.62
1736.87
1873.49
1862.64
1705.28
1058.06
890.688
891.884
911.185
1226.48
1769.81
1773.01
1765.76
1763.28
1822.08
1849.33
1847.4
1845.75
1844.34
1843.09
1841.97
1840.94
1839.97
1839.03
1838.2
1735.38
1575.33
1575.55
1575.28
1682.51
1835.75
1834.74
1832.6
1800.1
1775.13
1818
1823.52
1719.33
1664.62
1783.11
1792.17
1740.26
1874.33
1869.29
1863.33
1629.11
1081.34
1013.08
1399.18
1771.97
1793.15
1771.35
1766.7
1805.12
1852.76
1851.09
1849.01
1847.2
1845.58
1844.13
1842.82
1841.61
1840.48
1839.4
1834.68
1650.91
1571.75
1571.44
1570.1
1811.94
1835.4
1834.2
1833.27
1831.41
1826.93
1826.65
1738.36
1651.84
1653.04
1669.89
1822.21
1835.75
1870.25
1868.53
1866.57
1829.51
1560.56
1661.11
1815.2
1823.43
1790.74
1767.48
1779.79
1852.66
1853.73
1851.58
1849.62
1847.82
1846.16
1844.63
1843.22
1841.91
1840.68
1839.52
1836.82
1687.48
1569.52
1568.94
1665.09
1835.58
1833.72
1832.37
1831.43
1830.83
1830.42
1828.17
1709.42
1646.76
1647.42
1647.8
1739.39
1835.48
1866.48
1865.99
1865.14
1827.01
1705.42
1820.68
1822.13
1820.41
1767.08
1764.58
1841.91
1855.63
1853.48
1851.51
1849.65
1847.89
1846.24
1844.68
1843.2
1841.79
1840.42
1839.08
1836.94
1793.97
1660.31
1653.26
1818.88
1832.79
1830.88
1829.31
1828.17
1827.54
1827.47
1827.4
1780.67
1652.4
1643.17
1643.34
1759.61
1832.65
1863.36
1863.14
1862.44
1816.29
1559.66
1746.47
1819.92
1818.81
1763.93
1797.49
1855.82
1854.12
1852.45
1850.78
1849.13
1847.52
1845.95
1844.42
1842.92
1841.46
1840.02
1838.57
1836.83
1834.84
1828.75
1825.33
1831.47
1829.35
1827.2
1825.23
1823.68
1822.95
1823.31
1824.29
1824.48
1795.22
1744.54
1765.79
1824.08
1830.42
1860.68
1860.17
1855.54
1702.48
1545.14
1597.21
1817.29
1793.79
1761.51
1853.12
1854.21
1852.84
1851.42
1849.94
1848.45
1846.96
1845.48
1844
1842.52
1841.03
1839.52
1837.98
1836.37
1834.66
1832.88
1830.87
1828.54
1825.95
1823.19
1819.92
1815.6
1813.01
1815.99
1819.92
1821.83
1822.17
1820.93
1822.46
1824.51
1828.01
1858.62
1857.69
1822.58
1529.62
1533.33
1639.58
1813.31
1790.32
1821.87
1854.16
1852.96
1851.73
1850.43
1849.08
1847.71
1846.33
1844.94
1843.53
1842.1
1840.64
1839.11
1837.5
1835.77
1833.84
1831.66
1829.09
1826.04
1822.47
1817.81
1768.49
1466.73
1303.7
1522.71
1755.57
1777.89
1728.38
1666
1631.19
1630.59
1752.1
1855.95
1854.74
1770.76
1524.43
1531.33
1777.67
1800.85
1788.41
1854.71
1853.34
1852.05
1850.79
1849.52
1848.24
1846.96
1845.68
1844.4
1843.1
1841.77
1840.4
1838.97
1837.43
1835.76
1833.87
1831.68
1829.11
1826.04
1821.92
1774.55
1254.06
756.704
711.643
801.272
993.575
1019.08
943.649
862.875
822.804
883.209
1393.77
1853.9
1853.01
1734.38
1518.61
1548.56
1829.3
1796.42
1798.64
1853.65
1852.25
1850.97
1849.73
1848.52
1847.33
1846.16
1845
1843.84
1842.68
1841.5
1840.3
1839.06
1837.76
1836.37
1834.85
1833.15
1831.24
1829.06
1825.73
1574.55
778.289
697.876
696.879
696.727
697.549
699.042
701.52
704.06
713.123
727.91
1392.88
1853.08
1852.58
1723.36
1511.81
1537.19
1828.84
1793.89
1831.71
1852.18
1850.86
1849.66
1848.51
1847.4
1846.32
1845.26
1844.23
1843.22
1842.21
1841.22
1840.22
1839.24
1838.25
1837.25
1836.26
1835.26
1834.28
1833.37
1832.04
1589.99
792.361
696.023
695.695
695.538
695.583
696.26
698.186
700.295
700.88
1080.78
1722.27
1852.76
1852.2
1712.28
1504.41
1532.15
1830.56
1790.32
1851.52
1850.28
1849.16
1848.11
1847.09
1846.11
1845.16
1844.23
1843.34
1842.47
1841.62
1840.8
1840
1839.25
1838.54
1837.9
1837.35
1836.92
1836.68
1836.62
1835.37
1781.03
1276.9
755.86
693.187
693.411
693.416
693.316
693.231
847.802
1242.84
1733.76
1833.41
1852.62
1848.87
1664.46
1496.85
1612.19
1841.87
1834.81
1848.83
1848.01
1847.18
1846.33
1845.49
1844.66
1843.85
1843.06
1842.29
1841.55
1840.84
1840.15
1839.51
1838.92
1838.39
1837.95
1837.61
1837.42
1837.42
1837.59
1837.44
1837.12
1799.4
1474.99
1146.31
1042.55
1036.56
1130.24
1368.14
1636.76
1816.54
1834.1
1832.21
1852.2
1829.55
1514.2
1490
1790.02
1841.59
1846.85
1846.45
1845.89
1845.24
1844.55
1843.85
1843.14
1842.45
1841.77
1841.11
1840.47
1839.86
1839.28
1838.74
1838.25
1837.82
1837.46
1837.18
1837
1836.95
1837.05
1837.32
1837.61
1836.51
1833.79
1812.38
1795.05
1793.53
1813.75
1835.63
1833.93
1830.87
1828.07
1826.28
1849.47
1785.85
1504.05
1501.78
1846.69
1832.34
1845.98
1845.15
1844.37
1843.64
1842.94
1842.27
1841.62
1841
1840.39
1839.81
1839.26
1838.72
1838.21
1837.74
1837.3
1836.9
1836.56
1836.27
1836.03
1835.85
1835.74
1835.72
1835.73
1835.6
1834.54
1833.89
1834.52
1833.39
1831.59
1829.24
1826.48
1823.42
1820.07
1813.53
1848.1
1744.35
1499.74
1594.31
1845.81
1820.74
1843.64
1843.49
1842.69
1841.96
1841.28
1840.65
1840.05
1839.48
1838.94
1838.42
1837.93
1837.45
1836.99
1836.55
1836.13
1835.74
1835.36
1835.02
1834.69
1834.37
1834.03
1833.68
1833.29
1832.71
1831.23
1829.89
1829.88
1828.08
1825.76
1822.93
1819.61
1815.83
1811.53
1791.16
1846.94
1741.5
1494.68
1711.66
1843.64
1818.61
1840.87
1841.61
1840.87
1840.19
1839.55
1838.96
1838.41
1837.9
1837.41
1836.95
1836.51
1836.09
1835.67
1835.26
1834.85
1834.44
1834.02
1833.61
1833.17
1832.7
1832.17
1831.56
1830.83
1829.58
1827.63
1826.27
1825.7
1823.54
1820.91
1817.82
1814.28
1810.25
1805.48
1787.75
1844.93
1748.99
1489.06
1710.38
1842.44
1816.33
1840.11
1839.87
1839.12
1838.44
1837.82
1837.26
1836.75
1836.28
1835.84
1835.44
1835.05
1834.68
1834.3
1833.93
1833.53
1833.12
1832.68
1832.2
1831.68
1831.09
1830.41
1829.61
1828.67
1827.28
1825.29
1824.03
1822.56
1820.23
1817.53
1814.21
1810.14
1806.43
1801.59
1794.31
1842.8
1758.51
1483.32
1648.42
1841.64
1816.34
1839.09
1838.14
1837.34
1836.64
1836.04
1835.51
1835.04
1834.62
1834.24
1833.9
1833.57
1833.26
1832.94
1832.61
1832.25
1831.86
1831.42
1830.92
1830.35
1829.69
1828.92
1828.02
1826.95
1825.66
1824.22
1822.51
1820.51
1818.21
1815.59
1811.87
1808.1
1804.35
1800.44
1795.01
1841.53
1753.32
1477.12
1614.3
1840.14
1835.91
1837.2
1836.21
1835.4
1834.72
1834.16
1833.68
1833.27
1832.93
1832.62
1832.35
1832.1
1831.86
1831.61
1831.34
1831.04
1830.69
1830.28
1829.79
1829.22
1828.55
1827.76
1826.83
1825.74
1824.47
1822.99
1821.31
1819.4
1817.26
1814.87
1811.62
1808.11
1804.87
1801.36
1778.72
1841.4
1725.54
1471.24
1675.87
1836.86
1835.57
1834.61
1833.81
1833.14
1832.58
1832.13
1831.75
1831.44
1831.13
1830.94
1830.81
1830.66
1830.5
1830.34
1830.15
1829.92
1829.64
1829.29
1828.85
1828.32
1827.68
1826.91
1826.01
1824.95
1823.73
1822.33
1820.76
1819.01
1817.09
1814.99
1812.59
1809.92
1807.15
1803.82
1555.72
1841.85
1672.03
1465.36
1807.38
1832.65
1832.07
1831.57
1831.09
1830.66
1830.29
1829.99
1829.75
1829.52
1829.33
1829.24
1829.28
1829.25
1829.2
1829.14
1829.06
1828.92
1828.73
1828.46
1828.1
1827.64
1827.06
1826.36
1825.52
1824.54
1823.4
1822.12
1820.71
1819.17
1817.52
1815.77
1813.96
1812.03
1809.93
1768.08
996.311
1838.3
1618.1
1493.28
1829.26
1829.05
1828.92
1828.73
1828.5
1828.26
1828.04
1827.87
1827.76
1827.63
1827.6
1827.64
1827.8
1827.89
1827.97
1828.04
1828.08
1828.07
1827.99
1827.82
1827.56
1827.19
1826.7
1826.08
1825.33
1824.45
1823.43
1822.28
1821.03
1819.68
1818.26
1816.8
1815.29
1813.67
1811.81
1501.87
442.205
1832.08
1593.82
1549.86
1826.86
1826.66
1826.59
1826.48
1826.32
1826.15
1825.99
1825.87
1825.84
1825.89
1825.96
1826.17
1826.43
1826.63
1826.85
1827.07
1827.26
1827.38
1827.43
1827.39
1827.25
1826.99
1826.6
1826.09
1825.44
1824.66
1823.76
1822.74
1821.62
1820.45
1819.25
1818.06
1816.91
1815.84
1741.96
828.025
407.729
1830
1604.93
1535.42
1825.24
1825.08
1825
1824.85
1824.66
1824.43
1824.2
1824.01
1823.99
1824.22
1824.56
1824.87
1825.13
1825.44
1825.82
1826.23
1826.59
1826.88
1827.09
1827.19
1827.18
1827.05
1826.79
1826.39
1825.85
1825.16
1824.35
1823.44
1822.44
1821.39
1820.31
1819.27
1818.27
1811.53
1281.21
391.75
392.832
1829.19
1670.96
1526.92
1808.93
1824.59
1824.31
1823.95
1823.56
1823.15
1822.65
1822.09
1821.8
1822.33
1823.38
1823.81
1823.78
1824.13
1824.86
1825.53
1826.09
1826.57
1826.95
1827.22
1827.37
1827.38
1827.25
1826.97
1826.54
1825.96
1825.22
1823.99
1822.97
1822.01
1821.28
1820.12
1817.79
1522.28
506.08
387.424
405.761
1826.75
1748.47
1521.91
1706.6
1825.56
1824.66
1823.77
1823.08
1822.42
1821.17
1781.78
1601.27
1597.71
1773.32
1787.92
1719.86
1701.52
1804.92
1824.89
1825.81
1826.49
1827.05
1827.49
1827.81
1827.99
1828.01
1827.88
1827.57
1827.09
1826.44
1825.15
1820.8
1820.91
1822.48
1821.19
1674.65
902.888
394.705
402.292
475.901
1823.87
1740.5
1585.42
1586.19
1826.82
1791.44
1820.18
1823.01
1817.41
1809.45
1590.62
1531.08
1525.72
1533.89
1531.47
1521.33
1521.56
1534.69
1657.94
1803.97
1826.6
1827.41
1828.03
1828.52
1828.88
1829.09
1829.12
1828.95
1828.57
1827.98
1826.17
1822.12
1821.92
1822.69
1819.28
1397.58
426.24
369.809
440.72
436.042
1823.66
1655.75
1556.11
1619.4
1829.91
1599.56
1671.71
1810.67
1814.01
1801.32
1590
1523.96
1522.35
1520.73
1519.62
1519.24
1518.85
1516.62
1514.77
1549.12
1764.53
1827.84
1828.75
1829.46
1830.04
1830.49
1830.78
1830.86
1821.3
1794.94
1820.72
1828.06
1826.71
1825.22
1820.24
1146.67
356.945
356.284
423.582
310.699
1824.94
1597.7
1538.69
1745.52
1709.45
1582.21
1583.21
1676.9
1817.84
1804.35
1749.83
1740.62
1648.64
1582.18
1599.42
1669.74
1615.5
1511.45
1511.33
1511.16
1531.54
1784.36
1829.67
1830.61
1831.46
1832.22
1832.87
1819.56
1791.46
1792.2
1804.29
1832.41
1831.63
1830.53
1785.93
892.146
343.933
346.034
295.208
297.78
1824.35
1643.97
1534.96
1777.64
1578.22
1578.5
1578.4
1580.05
1818.35
1817.75
1823.25
1823.87
1819.64
1809.52
1815.06
1826.66
1814.4
1705.66
1539.55
1508.46
1508.33
1594.66
1830.59
1831.7
1832.86
1833.99
1825.69
1793.12
1794.11
1794.86
1821.77
1837.78
1837.89
1837.57
1627.65
630.149
330.93
334.214
272.828
272.151
1822.41
1740.49
1533.22
1779.12
1576.04
1575.86
1575.77
1611.08
1818.52
1823.17
1823.58
1824.06
1824.5
1824.97
1825.73
1826.62
1827.23
1825.93
1753.6
1528
1505.39
1506.69
1799.58
1832.65
1834.15
1835.32
1809.67
1795.44
1797.09
1807.53
1842.61
1844.04
1845.66
1846.37
1295.55
342.429
281.81
279.017
264.418
259.602
1821.13
1779.85
1531.67
1778.78
1582.26
1573.67
1573.53
1692.11
1820.69
1823.25
1823.37
1823.59
1823.91
1824.33
1824.9
1825.56
1826.17
1826.9
1826.41
1703.03
1503.41
1503.88
1707.84
1832.79
1834.76
1833.29
1796.37
1797.22
1799.56
1834.14
1847.71
1850.72
1853.96
1762.27
664.817
263.912
266.136
268.046
276.358
243.669
1820.7
1776.84
1528.42
1781.29
1739.92
1572.71
1573.11
1719.34
1820.61
1823.1
1823.1
1823.17
1823.33
1823.6
1823.99
1824.49
1824.87
1825.81
1826.68
1807.5
1556.6
1499.93
1596.12
1833.05
1835.29
1823.33
1795.35
1798.27
1810.81
1847.57
1851.64
1855.75
1770.63
836.423
258.043
258.923
259.917
300.761
530.841
313.149
1815.28
1726.29
1528.77
1786.57
1791.22
1684.62
1620.66
1753.03
1814.47
1822.03
1823.11
1822.99
1822.96
1823.02
1823.19
1823.46
1823.5
1824.3
1824.9
1819.39
1694.75
1495.81
1499.81
1817.53
1835.28
1819.85
1795.03
1798.16
1820.35
1848.74
1853.73
1731.29
791.023
284.514
273.409
279.809
425.577
1335.15
604.048
348.091
1813.8
1562.8
1523.65
1712.35
1799.86
1820.13
1811.64
1813.12
1810.86
1812.35
1820.76
1823.08
1822.78
1822.58
1822.48
1822.5
1822.31
1823.05
1823.81
1823.92
1787.71
1497.64
1491.55
1643.96
1832.83
1823.33
1792.93
1796.37
1829.49
1846.68
1849.64
1373.95
688.036
665.699
1142.54
1326.69
1498.91
1590.71
486.757
471.888
1820.84
1522.11
1521.54
1526.98
1784.13
1826.23
1826.69
1826.03
1816.67
1812.77
1816.59
1823.18
1822.62
1822.11
1821.68
1821.3
1820.89
1820.91
1821.56
1822.8
1814.77
1656.11
1485.81
1489.37
1813.84
1818.32
1791.28
1796.08
1844.04
1845.49
1702.17
1124.05
1121.09
1790.99
1872.9
1876.37
1877.69
1647.52
464.099
595.614
1826.9
1638.35
1544.01
1601.16
1792.65
1828.24
1827.91
1826.96
1825.28
1818.06
1819.71
1823.17
1822.36
1821.51
1820.68
1819.77
1818.45
1811.57
1816.76
1819.75
1815.85
1785.15
1479.2
1481.32
1577.64
1803.62
1792.8
1810.47
1843.34
1846.15
1545.26
1137.39
1336.93
1869.41
1872.66
1876.64
1880.87
1719.03
417.757
761.617
1825.02
1820.84
1802.73
1812.95
1821.54
1829.55
1828.64
1827.58
1826.48
1825.4
1824.26
1823.18
1821.96
1820.67
1819.24
1817.25
1813.3
1627.03
1068.14
1574.78
1811.07
1803.09
1547.73
1476.16
1477.97
1741.4
1815.87
1833.73
1843.48
1846.2
1612.73
1149.46
1449.29
1866.2
1870.86
1876.06
1881.69
1637.13
325.206
913.913
1824.69
1825.65
1827.9
1830.75
1830.71
1829.89
1828.87
1827.75
1826.64
1825.53
1824.35
1823.13
1821.89
1820.66
1819.82
1809.94
1685.19
874.73
218.878
566.661
1565.97
1800.54
1724.55
1472.45
1476.42
1619.51
1828.47
1839.19
1843.18
1846.49
1780.43
1496.52
1738.33
1863.64
1868.49
1874.06
1881.04
1420.27
276.799
997.002
1583.32
1627.99
1628.96
1649.64
1671.31
1669.41
1654.74
1629.44
1595.66
1547.04
1478.93
1391.32
1289.54
1159.38
996.057
837.758
641.573
212.259
184.602
182.626
810.191
1743.62
1748.35
1492.11
1473.42
1539.37
1824.36
1840.19
1844.01
1847.56
1850.44
1805.61
1843.27
1858.56
1865.26
1869.78
1875.83
1314.17
228.985
1005.87
431.44
463.669
465.988
480.831
492.466
486.418
465.257
427.888
378.514
333.801
293.94
262.466
231.233
211.27
193.307
185.175
177.87
177.099
176.083
176.534
331.837
1559.96
1747.48
1503.14
1473.87
1548.67
1827.04
1842.42
1845.72
1848.59
1850.85
1686.47
1252.91
1775.23
1860.39
1863.48
1867.66
1337.39
180.251
863.655
337.141
325.473
314.41
302.534
290.271
278.029
266.117
254.707
243.849
233.538
223.579
214.056
204.663
193.787
183.44
176.456
174.655
173.573
173.3
172.619
356.508
1461.08
1746.8
1480.69
1477.13
1638.32
1839.06
1846.42
1849.76
1852.88
1856.25
1138.93
867.529
1467.61
1857.99
1858.46
1860.04
1350.61
138.559
685.34
646.282
471.259
414.43
429.614
449.162
464.312
474.927
484.989
473.961
447.13
403.082
342.183
260.31
181.236
176.087
174.254
171.622
170.526
170.857
190.988
697.896
1493.3
1601.22
1488.3
1527.19
1798.35
1847.54
1851.15
1854.45
1818
1501.81
852.651
855.048
1410.55
1861.44
1860.05
1850.29
457.892
80.486
471.503
1774.42
1649.32
1603.9
1614.87
1627.66
1631.76
1639.58
1655.36
1658.25
1645.63
1612.61
1551.6
1447.19
1264.06
998.598
698.686
364.853
194.11
293.064
843.082
1228.61
1407.16
1402.77
1525.08
1764.78
1847.97
1851.36
1851.5
1826.96
1647.33
1120.1
933.9
1256.93
1813.74
1869.63
1819.21
1106.35
119.599
30.8757
230.163
1831.7
1833.28
1826.76
1834.94
1848.4
1864.64
1870.94
1868.92
1866.49
1864.4
1861.86
1858.58
1854.15
1848.6
1836.54
1782.81
1555.49
1285.89
1347.8
1511.76
1401.4
1394.76
1497.81
1734.27
1841.62
1846.84
1851.61
1803.72
1751.58
1660.73
1517.05
1533.74
1559.99
1596.37
1260.69
611.04
101.809
8.356
8.09548
83.838
1322.73
1474.8
1639.9
1756.25
1840.89
1873.25
1869.51
1864.58
1859.59
1854.86
1850.86
1847.33
1841.76
1832.59
1822.59
1812.73
1798.99
1783.33
1747.83
1548.02
1473.07
1527.5
1757.83
1819.85
1830.06
1839.27
1847.35
1763.52
1590.85
1472.44
1235.3
1011.35
713.429
331.075
87.6863
5.04002
2.17038
1.84852
1.80405
24.7319
52.5101
119.032
238.217
379.361
529.842
703.114
871.065
1018.89
1176.2
1331.75
1526.99
1848.67
1827.36
1800.81
1779.17
1761.97
1738.61
1710.08
1656.39
1428.35
1678.16
1735.88
1759.72
1780.91
1811.01
1845.98
1496.41
889.804
526.996
340.894
159.451
54.3481
5.72367
0.729176
0.947647
0.970301
0.951007
0.986468
0.918018
3.73497
-0.0384459
-0.0416724
-0.0647433
0.0284881
0.0995631
0.242539
2.84622
10.8921
30.1338
62.3456
111.995
248.458
424.111
615.214
1362.37
1726.98
1590.58
1469.22
1410.67
1311.3
1439.8
1550.85
1708.6
1375.64
709.645
340.562
95.0202
9.63552
-0.151601
0.106674
0.0920774
0.238597
0.300674
0.31067
0.385208
0.577936
0.760117
0.820115
0.722527
0.467216
0.0593452
0.0885384
0.189877
0.141552
-0.2668
-0.2911
0.38212
0.880796
-0.589416
-2.43074
-4.56789
-8.50588
-16.9101
-33.648
-10.0703
22.9969
220.128
962.586
1119.54
1069.89
817.735
214.714
80.3092
-10.1749
-25.4892
-9.20182
-2.90549
-0.224986
0.469716
0.240532
0.0888922
0.0791556
0.0644185
0.0349033
0.0230263
0.113673
0.376996
0.393408
0.0291793
-2.15306
)
;

boundaryField
{
    inlet
    {
        type            fixedFluxPressure;
        gradient        nonuniform List<scalar> 10(0.0611505 0.0179856 -0.0427135 0.0028363 0.098677 0.00767958 0.0416491 0.0757894 -0.00717886 -0.000120975);
        value           nonuniform List<scalar> 10(2551.68 2542.87 2538.22 2534.06 2531.62 2531.63 2534.08 2538.24 2542.9 2551.72);
    }
    inletWall
    {
        type            fixedFluxPressure;
        gradient        uniform 0;
        value           nonuniform List<scalar> 
30
(
2577.41
2568.14
2558.48
2553.37
2551.68
2112.43
2302.5
2426.78
2526.93
2596.53
1924.54
1954.45
1930.56
1771.51
1650.52
2577.46
2568.19
2558.52
2553.41
2551.72
2113.67
2302.93
2426.96
2527.01
2596.57
1935.14
1963.21
1936.76
1776.89
1654.39
)
;
    }
    bottleWall
    {
        type            fixedFluxPressure;
        gradient        uniform 0;
        value           nonuniform List<scalar> 
290
(
1826.29
1826.38
1826.19
1825.96
1825.63
1825.29
1824.93
1812.47
1798.61
1797.93
1817.75
1832.14
1831.76
1831.55
1831.52
1831.65
1831.94
1832.37
1832.91
1833.34
1833.5
1834.3
1835.16
1836.15
1837.83
1838.42
1837.28
1837.82
1838.33
1838.71
1838.99
1839.39
1841.98
1842.1
1841.98
1841.8
1841.61
1841.48
1841.38
1841.17
1840.66
1838.44
1821.19
1810.05
1808.56
1807.04
1806.11
1816.83
1825.63
1827.52
1833.36
1850.29
1860.84
1874.13
1889.68
1902.77
1917.34
1932.55
1949.53
1967.62
1984.68
2002.18
2017.85
2029.03
2026.81
1994.54
1941.85
1900.97
1856.82
1789.79
1768.35
1799.58
1781.22
1759.55
1743.54
1732.26
1723.3
1720.41
1721.19
1725.15
1734.05
1738.78
1746.4
1757.27
1773.04
1780.27
1785.03
1796.45
1813.23
1822.75
1807.53
1782.63
1788.08
1793.61
1838.41
1858.2
288.068
-0.102051
-0.0348027
-0.0070865
1823.75
1823.88
1824.01
1824.16
1824.3
1824.46
1824.62
1824.78
1824.95
1825.13
1825.31
1825.49
1825.67
1825.86
1826.04
1826.22
1826.39
1826.55
1826.7
1826.84
1826.95
1827.05
1827.12
1827.16
1827.17
1827.15
1827.1
1827.02
1826.91
1826.78
1826.64
1826.49
1826.36
1826.26
1826.18
1826.15
1826.14
1826.15
1826.16
1826.29
1822.67
1822.78
1822.89
1822.99
1823.1
1823.21
1823.31
1823.42
1823.52
1823.63
1822.05
1822
1821.92
1821.81
1821.68
1821.54
1821.39
1821.25
1821.13
1821.02
1820.92
1820.84
1820.78
1820.73
1820.69
1820.67
1820.65
1820.65
1820.65
1820.67
1820.69
1820.72
1820.76
1820.81
1820.87
1820.93
1821.01
1821.09
1821.18
1821.28
1821.39
1821.5
1821.63
1821.76
1821.89
1822.02
1822.15
1822.29
1822.42
1822.55
1822.05
1822.3
1822.65
1822.93
1823.07
1822.99
1822.67
1822.04
1820.98
1795.72
1786.97
1785.18
1796.18
1822.93
1819.76
1816.67
1816.19
1817.41
1820.54
1823.75
1823.69
1823.68
1823.78
1824
1824.32
1824.75
1825.28
1825.93
1826.7
1827.58
1828.61
1829.78
1831.06
1832.41
1833.71
1834.76
1835.36
1835.29
1834.49
1832.99
1830.99
1828.5
1825.82
1823.06
1820.2
1818.4
1819.63
1826.04
1837.17
1850.47
1863.91
1873.49
1874.33
1870.25
1866.48
1863.36
1860.68
1858.62
1855.95
1853.9
1853.08
1852.76
1852.62
1852.2
1849.47
1848.1
1846.94
1844.93
1842.8
1841.53
1841.4
1841.85
1838.3
1832.08
1830
1829.19
1826.75
1823.87
1823.66
1824.94
1824.35
1822.41
1821.13
1820.7
1815.28
1813.8
1820.84
1826.9
1825.02
1824.69
1583.32
431.44
337.141
646.282
1774.42
1831.7
1322.73
52.5101
-0.0384459
0.0593452
)
;
    }
    atmosphere
    {
        type            totalPressure;
        rho             rho;
        psi             none;
        gamma           1;
        p0              uniform 0;
        value           nonuniform List<scalar> 
80
(
-0.0987625
0
0
0
0
0
-0.034096
-0.0197216
-0.00195988
-2.10021e-05
-3.49078e-05
-0.000131039
-0.000338586
-0.00036418
-0.000204844
-0.000161272
-0.000190126
-0.000206083
-0.0001997
-0.000175078
-0.000105395
-2.13028e-05
-6.78387e-05
0
0
0
0
0
-0.000130862
-0.000103586
-1.96522e-05
-0.000136882
-0.000778686
-0.000975297
-0.00145631
-0.00355335
-0.00951405
-0.0207184
-0.0262747
-1.23389e-05
-0.000217432
-0.0101693
-0.00596327
-0.00239104
-0.000629029
0
0
0
-0.000581119
-0.000832774
-0.000781639
-0.000483626
-0.00131758
-0.00219735
0
0
0
0
0
0
0
0
0
0
-0.00381279
-2.24936e-06
-0.00846523
-0.0305766
0
0
0
0
0
0
0
-0.000303362
-0.0962123
-0.204338
-0.298885
-0.543554
)
;
    }
    frontAndBack
    {
        type            empty;
    }
}


// ************************************************************************* //
