/*--------------------------------*- C++ -*----------------------------------*\
  =========                 |
  \\      /  F ield         | OpenFOAM: The Open Source CFD Toolbox
   \\    /   O peration     | Website:  https://openfoam.org
    \\  /    A nd           | Version:  8
     \\/     M anipulation  |
\*---------------------------------------------------------------------------*/
FoamFile
{
    version     2.0;
    format      ascii;
    class       volScalarField;
    location    "1.4";
    object      epsilon;
}
// * * * * * * * * * * * * * * * * * * * * * * * * * * * * * * * * * * * * * //

dimensions      [0 2 -3 0 0 0 0];

internalField   nonuniform List<scalar> 
9150
(
0.0313345
0.0124818
0.00314729
0.00101784
0.000574739
0.000574737
0.00101783
0.00314727
0.0124818
0.0313345
0.0302421
0.00878793
0.00177168
0.000668106
0.000440552
0.000440552
0.000668104
0.00177167
0.00878791
0.0302421
0.0284456
0.0069862
0.00115319
0.000554543
0.000397422
0.000397421
0.000554542
0.00115319
0.0069862
0.0284456
0.0265124
0.00604835
0.000870809
0.000520755
0.000384638
0.000384638
0.000520755
0.000870808
0.00604835
0.0265124
0.0245088
0.00564748
0.000729891
0.000513665
0.000383043
0.000383043
0.000513665
0.000729893
0.00564749
0.0245088
0.124531
0.0534925
0.0242447
0.015873
0.0125842
0.0125847
0.0158744
0.0242474
0.0534985
0.124533
0.0763049
0.0232256
0.0138691
0.00999119
0.00785092
0.00785111
0.00999172
0.0138701
0.0232264
0.076305
0.0554207
0.0179569
0.00791702
0.00514489
0.00385737
0.00385742
0.00514505
0.00791728
0.0179571
0.0554207
0.0425493
0.0152742
0.00491593
0.00255506
0.00174586
0.00174587
0.00255509
0.00491598
0.0152742
0.0425493
0.0356466
0.0137485
0.00358303
0.00142456
0.000877612
0.000877611
0.00142456
0.00358302
0.0137485
0.0356466
1.66839
0.184532
0.0518882
0.0234169
0.0155509
0.0155466
0.0234109
0.051997
0.185236
1.68862
0.282342
0.118741
0.0479007
0.0231552
0.0156845
0.0156819
0.0231467
0.0478816
0.11859
0.282473
0.23716
0.104731
0.0472953
0.0229895
0.0158271
0.0158265
0.0229869
0.0472889
0.104676
0.237186
0.198475
0.0932888
0.046667
0.0227614
0.0159679
0.0159683
0.0227619
0.0466674
0.093287
0.198485
0.157387
0.0881077
0.0429074
0.0214985
0.0155848
0.0155855
0.0215002
0.042911
0.0881188
0.157391
142.415
143.009
143.293
143.325
143.194
142.962
142.556
141.888
140.917
139.614
60.0926
60.3619
60.5255
60.5912
60.5671
60.4572
60.2579
59.9612
59.5597
59.0476
45.8466
46.0536
46.1869
46.2483
46.2391
46.1597
46.01
45.7884
45.4932
45.1225
41.3292
41.5058
41.6216
41.6773
41.6733
41.6093
41.4854
41.3009
41.0546
40.7454
40.0238
40.1779
40.2799
40.3304
40.3297
40.2774
40.1732
40.0161
39.8049
39.538
40.3168
40.45
40.5392
40.5853
40.5883
40.5477
40.4628
40.3323
40.1543
39.9267
41.6142
41.7254
41.8019
41.8443
41.8526
41.8262
41.7639
41.664
41.524
41.3408
43.6392
43.7265
43.7899
43.83
43.8467
43.8391
43.8056
43.7442
43.6517
43.5244
46.2356
46.297
46.3477
46.3881
46.4178
46.4357
46.4398
46.4276
46.396
46.3408
49.2974
49.3323
49.3722
49.4172
49.4664
49.5182
49.5704
49.6204
49.6648
49.6999
52.741
52.7512
52.7847
52.8407
52.9177
53.0136
53.1259
53.2516
53.3874
53.5297
56.494
56.4847
56.5189
56.595
56.7106
56.863
57.0487
57.2643
57.5059
57.7698
60.4906
60.4711
60.517
60.6255
60.7934
61.017
61.2922
61.6143
61.9782
62.3784
64.6729
64.6569
64.7286
64.8846
65.1212
65.4343
65.8189
66.2693
66.779
67.3396
68.9953
68.9982
69.1111
69.3308
69.6542
70.0774
70.5955
71.2024
71.8902
72.6487
73.4287
73.4631
73.6296
73.9271
74.3541
74.9082
75.5856
76.3813
77.2881
78.2954
77.9597
78.0286
78.2539
78.6373
79.1799
79.8821
80.7425
81.7586
82.9257
84.2362
82.5811
82.6748
82.9535
83.4221
84.0847
84.9449
86.0048
87.266
88.7286
90.391
87.2772
87.3745
87.6915
88.2354
89.0131
90.0314
91.2965
92.815
94.5929
96.6369
92.014
92.0875
92.4211
93.023
93.9021
95.0684
96.532
98.3045
100.399
102.83
96.7396
96.7616
97.0876
97.7257
98.6861
99.9809
101.624
103.632
106.025
108.826
101.39
101.34
101.636
102.287
103.304
104.7
106.493
108.705
111.36
114.49
105.91
105.772
106.02
106.661
107.706
109.172
111.078
113.448
116.313
119.712
110.266
110.029
110.211
110.818
111.863
113.364
115.339
117.818
120.833
124.428
114.444
114.101
114.201
114.752
115.769
117.267
119.269
121.804
124.906
128.62
118.469
118.005
118.005
118.477
119.436
120.898
122.887
125.429
128.56
132.321
122.39
121.782
121.657
122.024
122.896
124.291
126.231
128.74
131.854
135.61
126.249
125.467
125.191
125.428
126.189
127.49
129.352
131.799
134.864
138.583
130.064
129.084
128.636
128.723
129.352
130.538
132.298
134.659
137.653
141.317
133.835
132.649
132.019
131.942
132.424
133.474
135.112
137.361
140.257
143.843
137.566
136.182
135.37
135.125
135.448
136.347
137.836
139.939
142.686
146.117
141.304
139.735
138.747
138.331
138.489
139.224
140.548
142.477
145.032
148.239
145.141
143.391
142.227
141.641
141.631
142.199
143.353
145.105
147.471
150.47
149.185
147.247
145.903
145.142
144.962
145.363
146.35
147.936
150.136
152.976
153.531
151.394
149.862
148.922
148.569
148.8
149.62
151.038
153.072
155.747
158.258
155.92
154.195
153.07
152.539
152.596
153.243
154.486
156.338
158.821
163.49
160.934
159.002
157.684
156.969
156.849
157.321
158.385
160.042
162.298
169.363
166.552
164.389
162.861
161.956
161.663
161.973
162.878
164.367
166.426
175.985
172.872
170.445
168.686
167.583
167.126
167.302
168.099
169.501
171.482
183.412
179.966
177.237
175.217
173.898
173.278
173.348
174.1
175.519
177.583
191.809
187.955
184.845
182.492
180.906
180.093
180.059
180.804
182.327
184.62
201.486
197.016
193.351
190.525
188.56
187.475
187.286
188.008
189.658
192.252
212.669
207.246
202.763
199.253
196.742
195.252
194.805
195.424
197.137
199.98
225.254
218.521
212.93
208.502
205.253
203.198
202.354
202.742
204.394
207.352
238.891
230.518
223.552
217.987
213.817
211.039
209.658
209.685
211.142
214.061
252.991
242.739
234.2
227.331
222.096
218.471
216.439
216.002
217.174
219.984
266.859
254.609
244.388
236.117
229.729
225.169
222.402
221.413
222.209
224.825
279.86
265.573
253.64
243.94
236.365
230.829
227.27
225.649
225.962
228.232
291.379
275.1
261.516
250.438
241.711
235.211
230.844
228.545
228.283
230.061
300.601
282.615
267.596
255.304
245.545
238.162
233.031
230.062
229.198
230.41
306.998
287.774
271.644
258.371
247.754
239.621
233.829
230.266
228.848
229.517
310.835
290.691
273.694
259.641
248.337
239.606
233.293
229.266
227.42
227.675
312.789
291.689
273.892
259.176
247.327
238.15
231.471
227.145
225.048
225.084
312.799
290.698
272.179
256.929
244.688
235.23
228.362
223.92
221.767
221.794
309.818
287.234
268.305
252.754
240.323
230.776
223.91
219.551
217.555
217.804
304.596
281.508
262.278
246.585
234.142
224.692
218.019
213.941
212.313
213.022
296.595
273.173
253.85
238.233
225.988
216.835
210.542
206.926
205.847
207.208
284.869
261.688
242.696
227.487
215.709
207.068
201.332
198.321
197.913
200.037
269.423
246.995
228.769
214.319
203.28
195.356
190.317
187.999
188.3
191.179
250.439
229.268
212.244
198.899
188.854
181.817
177.57
175.971
176.944
180.481
227.973
208.804
193.492
181.598
172.771
166.744
163.328
162.41
163.947
167.973
203.191
186.52
173.269
163.054
155.572
150.599
147.981
147.635
149.55
153.786
177.44
163.527
152.494
144.038
137.918
133.958
132.043
132.115
134.177
138.294
152.146
140.962
132.099
125.334
120.492
117.442
116.102
116.435
118.449
122.201
128.472
119.772
112.874
107.626
103.906
101.626
100.728
101.191
103.025
106.27
107.199
100.613
95.3859
91.4194
88.6341
86.9718
86.3962
86.8933
88.471
91.1576
88.7124
83.8364
79.9609
77.0261
74.9834
73.7964
73.4426
73.913
75.2119
77.3562
73.0912
69.5391
66.7111
64.5737
63.0985
62.2642
62.0568
62.4704
63.5059
65.1717
60.1937
57.6288
55.584
54.0417
52.9865
52.4062
52.2924
52.6407
53.4499
54.7227
49.7409
47.8908
46.4147
45.3043
44.5518
44.1504
44.0952
44.3824
45.0101
45.9775
41.3936
40.0495
38.9771
38.1732
37.6344
37.357
37.3379
37.5741
38.0633
38.8032
34.8056
33.8136
33.023
32.4333
32.0431
31.8506
31.8539
32.0505
32.4379
33.0133
29.6578
28.9082
28.3119
27.8698
27.5817
27.4471
27.4645
27.6319
27.9468
28.4063
25.6765
25.0915
24.6272
24.2854
24.0668
23.9714
23.9982
24.1455
24.4108
24.7909
22.6382
22.1621
21.7849
21.5093
21.3368
21.2679
21.3021
21.4374
21.6713
22
20.3676
19.9584
19.6345
19.3995
19.256
19.205
19.2461
19.3774
19.5957
19.8963
18.7329
18.3558
18.0568
17.8414
17.7132
17.674
17.7235
17.8594
18.0775
18.3719
17.6383
17.2597
16.9586
16.7428
16.6175
16.5856
16.6467
16.798
17.0337
17.346
17.016
16.5983
16.2649
16.0268
15.8916
15.8633
15.9416
16.1226
16.3987
16.759
16.8164
16.3117
15.9086
15.622
15.462
15.4341
15.538
15.7686
16.1156
16.5646
16.9928
16.3384
15.8178
15.4499
15.2475
15.217
15.3582
15.6644
16.1232
16.7159
17.4793
16.5954
15.8989
15.411
15.1456
15.1098
15.303
15.7173
16.3384
17.1454
18.1629
16.9581
16.0214
15.3722
15.0228
14.9796
15.2413
15.7992
16.6395
17.7421
18.8676
17.2526
16.0159
15.1684
14.7169
14.6655
15.0118
15.7473
16.8612
18.34
19.3802
17.287
15.706
14.634
14.0684
14.0098
14.4543
15.3939
16.8242
18.743
19.5233
16.9206
14.974
13.6656
12.9821
12.9185
13.4695
14.6283
16.3986
18.79
19.2287
16.1236
13.8168
12.2773
11.4805
11.4148
12.0726
13.4498
15.5584
18.4192
18.5336
14.9726
12.3435
10.5999
9.70556
9.63995
10.393
11.965
14.3774
17.6644
17.5195
13.5889
10.7155
8.82159
7.85782
7.79403
8.6173
10.3333
12.9747
16.6049
16.2459
12.0859
9.08068
7.11201
6.11695
6.05664
6.91517
8.70319
11.4659
15.306
14.7169
10.534
7.5331
5.57564
4.59107
4.53644
5.39278
7.17208
9.92718
13.7811
13.0133
8.98559
6.11567
4.25114
3.31655
3.27026
4.09059
5.78669
8.41681
12.117
11.1728
7.45336
4.82973
3.13399
2.28533
2.24982
3.00391
4.54929
6.95005
10.3564
9.24717
5.95224
3.67077
2.20923
1.47666
1.45316
2.11466
3.45135
5.53771
8.54698
7.27485
4.51012
2.64716
1.46784
0.872563
0.860378
1.40852
2.49339
4.19859
6.7197
5.29828
3.18469
1.78545
0.905177
0.455877
0.452223
0.875116
1.69214
2.97789
4.90681
3.5404
2.07784
1.11213
0.506377
0.200663
0.201553
0.49608
1.06554
1.95893
3.29584
2.1393
1.25387
0.633367
0.247129
0.0718338
0.0733796
0.246558
0.616526
1.1981
2.01189
1.18429
0.723863
0.3223
0.0981362
0.0252959
0.0257977
0.099615
0.319798
0.705301
1.13627
0.791925
0.432828
0.134172
0.0345674
0.0161255
0.0161496
0.0349451
0.135089
0.430989
0.78588
137.812
135.546
132.839
129.688
126.102
122.098
117.707
112.969
107.935
102.666
97.2214
91.6589
86.0565
80.7477
75.6938
70.787
65.9983
61.3303
56.7964
52.4125
48.1924
44.1472
40.2845
36.6092
33.1234
29.8272
26.719
23.7959
21.054
18.4883
16.0931
13.8616
11.7856
9.85419
8.04696
6.2859
4.65841
3.18774
1.96683
1.05741
58.3807
57.5388
56.5535
55.4258
54.1592
52.7603
51.2382
49.605
47.8749
46.0639
44.1891
42.2715
40.3434
38.4689
36.6297
34.8022
32.9752
31.1467
29.3201
27.5021
25.701
23.9255
22.1841
20.4847
18.8342
17.2385
15.7021
14.2288
12.821
11.4803
10.2075
9.00299
7.86686
6.80002
5.80551
4.89292
4.09921
3.49221
3.24016
5.05378
44.6471
44.0486
43.3529
42.5613
41.6768
40.7041
39.6499
38.5227
37.3323
36.0895
34.8056
33.4923
32.1634
30.8347
29.5077
28.1778
26.8423
25.5006
24.1545
22.8074
21.464
20.1298
18.8106
17.5123
16.2409
15.0017
13.7997
12.6392
11.5242
10.4582
9.4448
8.48776
7.59223
6.76604
6.0224
5.38582
4.90714
4.70823
5.23496
10.4803
40.3487
39.8478
39.2642
38.5981
37.8512
37.0265
36.1291
35.166
34.1455
33.0771
31.9704
30.8346
29.6787
28.5109
27.3341
26.1489
24.9562
23.7581
22.557
21.3563
20.16
18.9726
17.7989
16.6439
15.5123
14.4092
13.3391
12.3065
11.3158
10.3714
9.4783
8.64239
7.87171
7.17805
6.58049
6.11296
5.8452
5.95772
7.16168
15.8477
39.1934
38.7543
38.2379
37.6426
36.9677
36.2139
35.3841
34.4836
33.52
32.5027
31.4419
30.3472
29.2272
28.0895
26.9376
25.775
24.6054
23.4325
22.2603
21.0929
19.9343
18.7889
17.6612
16.5556
15.4766
14.4285
13.4157
12.4424
11.5132
10.6329
9.8071
9.04296
8.35024
7.74345
7.24613
6.90083
6.79705
7.17277
8.9783
20.6903
39.6291
39.2441
38.7841
38.2446
37.6213
36.9116
36.1148
35.2336
34.2746
33.2482
32.167
31.0436
29.8894
28.7119
27.5171
26.311
25.0996
23.8888
22.6839
21.4897
20.3109
19.1519
18.0171
16.9108
15.837
14.7998
13.803
12.8509
11.9476
11.0982
10.3086
9.58668
8.94331
8.3952
7.96995
7.71844
7.74958
8.35636
10.7107
25.1868
41.0962
40.7721
40.3751
39.8966
39.3278
38.66
37.8864
37.0039
36.016
34.938
33.7896
32.5887
31.3501
30.0824
28.7951
27.4976
26.1985
24.9052
23.6242
22.3615
21.1221
19.9109
18.7324
17.5905
16.489
15.4317
14.4221
13.4639
12.5612
11.7188
10.9429
10.2416
9.62693
9.11751
8.74483
8.56791
8.71457
9.53012
12.3933
29.4229
43.3472
43.1021
42.7888
42.3945
41.9034
41.2966
40.5555
39.6658
38.6221
37.4516
36.1903
34.8682
33.5001
32.1008
30.6787
29.2466
27.818
26.4024
25.0073
23.6396
22.3049
21.0087
19.7552
18.5485
17.392
16.2889
15.2424
14.2558
13.3328
12.478
11.6975
10.9998
10.3977
9.91183
9.57739
9.46142
9.70995
10.7182
14.0591
33.4757
46.2517
46.1126
45.9164
45.6463
45.2783
44.7828
44.1243
43.2647
42.1497
40.7971
39.3382
37.8363
36.3071
34.7532
33.1661
31.556
29.953
28.3709
26.8198
25.308
23.8422
22.4276
21.0688
19.7691
18.5316
17.359
16.2537
15.2185
14.2566
13.3723
12.5715
11.8629
11.2603
10.7859
10.4787
10.4135
10.754
11.943
15.738
37.4173
49.7221
49.7201
49.681
49.5882
49.4198
49.1435
48.6964
47.8085
46.4428
44.8853
43.2011
41.4937
39.7907
38.0694
36.28
34.4543
32.6258
30.8255
29.0702
27.3706
25.7342
24.1661
22.6701
21.2489
19.9047
18.6391
17.4539
16.351
15.3329
14.4034
13.5682
12.8362
12.2218
11.7489
11.4604
11.4383
11.8637
13.2256
17.4603
41.3381
53.6839
53.8452
53.9975
54.1363
54.26
54.3478
53.9755
52.6919
51.0696
49.3834
47.6469
45.8548
44.0267
42.1518
40.1317
38
35.8653
33.7808
31.7657
29.8307
27.9821
26.2239
24.5584
22.9869
21.5102
20.1287
18.843
17.6539
16.5633
15.5741
14.6917
13.9249
13.289
12.8096
12.533
12.5489
13.0553
14.587
19.2568
45.3199
58.0697
58.4059
58.7609
59.1484
59.5988
59.873
59.1867
57.8618
56.3581
54.7438
53.0293
51.1679
49.1435
46.9727
44.6758
42.1889
39.6599
37.2235
34.8935
32.6762
30.575
28.591
26.7245
24.9749
23.3409
21.8216
20.416
19.1238
17.9455
16.8835
15.9426
15.1317
14.4664
13.9743
13.7053
13.7573
14.3464
16.0563
21.1885
49.5467
62.8355
63.3487
63.8885
64.46
65.0434
65.2127
64.6691
63.7066
62.4219
60.8638
59.0677
57.1986
55.2777
52.9136
50.0221
46.9534
43.9522
41.1081
38.4173
35.878
33.4886
31.2472
29.1514
27.1981
25.3844
23.7071
22.1638
20.7526
19.473
18.3263
17.3167
16.453
15.7516
15.2418
14.9778
15.0663
15.7433
17.6472
23.2874
54.094
67.9789
68.695
69.4417
70.2077
70.7967
70.9488
70.6496
69.8407
68.6817
67.2037
65.4667
63.6282
61.7656
59.3584
55.7519
52.0937
48.6317
45.3635
42.2855
39.3948
36.6886
34.163
31.8132
29.6342
27.6208
25.768
24.0714
22.5275
21.1345
19.8926
18.8053
17.8814
17.1379
16.6061
16.3446
16.4695
17.2378
19.3446
25.516
58.9155
73.5154
74.4864
75.488
76.4582
77.2055
77.5939
77.6371
77.276
76.4165
75.011
73.1695
71.0758
68.7888
65.7272
61.7772
57.6187
53.6742
49.9528
46.4569
43.1858
40.1361
37.3022
34.6772
32.2537
30.024
27.9809
26.118
24.4301
22.9137
21.5679
20.3956
19.4053
18.6147
18.0574
17.7965
17.9578
18.8205
21.1391
27.8683
64.0448
79.459
80.7821
82.1639
83.4757
84.5492
85.4137
86.0486
86.3343
85.983
84.6062
82.45
79.8913
76.8442
73.0168
68.2947
63.5672
59.0749
54.8464
50.8903
47.2055
43.7858
40.6219
37.7037
35.0204
32.5613
30.3167
28.2777
26.437
24.7896
23.3334
22.0704
21.009
20.1678
19.5824
19.3209
19.5194
20.4804
23.0213
30.3396
69.497
85.7712
87.5499
89.4305
91.2489
92.93
94.5426
96.0131
97.2018
97.6899
96.1852
93.2036
89.9238
85.8825
81.4825
75.5457
69.9829
64.8017
59.9864
55.5214
51.391
47.5788
44.0687
40.8446
37.8912
35.1944
32.741
30.5195
28.5207
26.7376
25.1667
23.8094
22.674
21.7797
21.1648
20.9025
21.1398
22.2036
24.9779
32.9183
75.2454
92.3674
94.7021
97.1709
99.6363
102.169
104.768
107.346
109.74
111.379
109.555
104.906
100.113
95.3954
89.8912
82.9199
76.5225
70.6386
65.2218
60.2359
55.6506
51.4391
47.5775
44.0434
40.8169
37.8796
35.215
32.8091
30.6501
28.7294
27.0423
25.5893
24.3787
23.4306
22.786
22.5234
22.8013
23.9723
26.9894
35.5766
81.2621
99.0992
102.052
105.208
108.475
112.019
115.839
119.858
123.907
127.171
124.35
117.344
110.823
105.239
97.7608
90.0039
82.8949
76.3754
70.3952
64.9111
59.8854
55.2846
51.0787
47.2403
43.7449
40.5705
37.6977
35.1095
32.7921
30.7352
28.9329
27.385
26.0998
25.0988
24.4253
24.1639
24.4847
25.7672
29.0363
38.2953
87.4192
105.79
109.374
113.288
117.478
122.145
127.387
133.247
139.76
142.702
136.304
128.256
121.419
114.064
105.094
96.697
88.9762
81.8906
75.3959
69.4491
64.0095
59.0398
54.5058
50.3763
46.623
43.2207
40.1471
37.383
34.9126
32.7239
30.8101
29.1703
27.8132
26.7612
26.0609
25.8025
26.1686
27.5657
31.0921
41.0348
93.6847
112.266
116.456
121.101
126.217
131.996
138.577
146.002
153.347
153.547
145.786
137.459
130.634
121.982
112.134
103.068
94.752
87.1315
80.1562
73.7784
67.9532
62.6394
57.7987
53.3965
49.4013
45.7848
42.5223
39.5924
36.9775
34.6644
32.6452
30.9187
29.4939
28.3946
27.6703
27.4175
27.8308
29.3442
33.1296
43.7594
99.9954
118.36
123.091
128.387
134.369
141.232
149.158
158.257
165.029
162.195
153.934
145.718
138.811
129.319
118.746
109.044
100.162
92.0368
84.6125
77.8348
71.6539
66.0236
60.9016
56.2494
52.0324
48.2195
44.7837
41.7016
38.954
36.5265
34.4103
32.6043
31.1177
29.9758
29.2313
28.9866
29.4488
31.0789
35.1218
46.4349
106.215
123.936
129.117
134.968
141.663
149.406
158.364
168.51
174.78
170.468
161.678
153.42
146.343
136.151
124.876
114.557
105.134
96.5347
88.6946
81.5514
75.0484
69.1337
63.76
58.8851
54.4708
50.4835
46.8936
43.6761
40.8103
38.281
36.0786
34.2021
32.661
31.4825
30.7222
30.4886
31.0007
32.746
37.0402
49.0167
112.304
128.911
134.434
140.723
147.987
156.435
166.254
177.301
183.399
178.013
168.793
160.508
153.301
142.426
130.424
119.498
109.562
100.528
92.315
84.8498
78.0669
71.9074
66.3188
61.2543
56.6724
52.5368
48.8161
45.4834
42.517
39.9009
37.6252
35.6887
34.1021
32.8939
32.1228
31.9034
32.4661
34.3236
38.859
51.4685
118.085
133.264
138.998
145.576
153.223
162.142
172.539
184.238
190.452
184.433
174.851
166.605
159.334
147.812
135.13
123.658
113.279
103.879
95.3605
87.6363
80.6312
74.2789
68.5215
63.3082
58.5947
54.3424
50.518
47.0939
44.0473
41.3617
39.0274
37.0434
35.4212
34.1911
33.415
33.2131
33.8267
35.7927
40.5584
53.7687
123.415
137.028
142.845
149.564
157.375
166.459
177.024
189.077
195.529
188.875
179.07
171.019
163.819
151.809
138.609
126.745
116.062
106.419
97.7013
89.8096
82.6607
76.1829
70.3145
65.0022
60.1997
55.8672
51.9707
48.4819
45.3781
42.6426
40.2661
38.2482
36.6015
35.3581
34.5831
34.4018
35.0661
37.135
42.1146
55.8768
128.357
140.31
146.106
152.821
160.597
169.571
179.947
191.737
197.408
190.284
180.702
173.017
165.918
153.731
140.4
128.443
117.689
107.988
99.2192
91.2807
84.0871
77.566
71.6551
66.301
61.4578
57.086
53.152
49.628
46.4919
43.7275
41.3264
39.2891
37.6297
36.3821
35.6144
35.457
36.1711
38.3357
43.5097
57.771
132.936
143.239
148.961
155.571
163.147
171.799
181.708
192.384
195.904
188.643
179.659
172.27
165.104
153.188
140.242
128.572
118.034
108.497
99.8505
92.0027
84.8752
78.4005
72.5209
67.1863
62.3534
57.9851
54.0496
50.5208
47.3779
44.6063
42.1986
40.1569
38.4966
37.254
36.4998
36.3694
37.1323
39.3856
44.7358
59.447
136.946
145.941
151.636
158.088
165.357
173.628
183.042
191.278
191.105
184.225
176.058
168.828
161.545
150.362
138.243
127.203
117.147
107.981
99.6208
91.9947
85.0388
78.6967
72.9191
67.6626
62.889
58.5653
54.663
51.1587
48.0338
45.2758
42.8789
40.8472
39.1978
37.9689
37.2342
37.1333
37.9433
40.2769
45.7814
60.8795
140.402
148.423
154.092
160.345
167.374
175.416
183.257
186.932
184.427
177.894
170.359
163.295
156.048
145.82
134.819
124.639
115.249
106.603
98.6511
91.3472
84.646
78.506
72.8887
67.7595
63.087
58.8435
55.0048
51.5508
48.4661
45.7404
43.3703
41.3616
39.7334
38.5262
37.8163
37.7469
38.6017
41.0064
46.6425
62.0649
143.272
150.534
156.086
162.304
169.002
175.625
180.164
180.574
176.84
170.525
163.506
156.756
149.759
140.491
130.63
121.356
112.689
104.621
97.1346
90.2057
83.8079
77.9136
72.4959
67.5287
62.9879
58.8513
55.0997
51.7166
48.6899
46.012
43.6817
41.707
40.109
38.93
38.2489
38.2123
39.109
41.5756
47.3203
63.003
145.547
152.35
157.544
163.582
169.916
174.446
175.807
173.99
169.467
163.344
156.814
150.433
143.753
135.273
126.343
117.856
109.847
102.327
95.2958
88.7447
82.6603
77.026
71.8241
67.0359
62.6436
58.6303
54.981
51.6831
48.7271
46.1083
43.8277
41.8952
40.3339
39.1882
38.5389
38.5354
39.4709
41.9904
47.8238
63.7131
147.28
154.346
159.3
165.114
171.047
173.884
172.829
169.22
163.867
157.644
151.302
145.104
138.609
130.667
122.403
114.516
107.036
99.9762
93.3425
87.1325
81.3396
75.9538
70.963
66.354
62.1136
58.2289
54.6884
51.4823
48.6041
46.0509
43.8261
41.9412
40.4211
39.3116
38.6954
38.7241
39.6941
42.2564
48.1557
64.1906
148.461
156.706
161.564
167.415
172.772
173.742
171.295
166.5
160.358
153.751
147.272
141.019
134.528
126.883
119.044
111.566
104.467
97.7573
91.4384
85.5092
79.9646
74.7968
69.9966
65.5535
61.4569
57.6965
54.2631
51.1492
48.35
45.8647
43.698
41.8629
40.3856
39.3133
38.73
38.7886
39.7877
42.3818
48.3238
64.443
149.097
159.308
163.997
169.685
174.546
174.462
171.121
165.499
158.619
151.479
144.675
138.219
131.564
123.988
116.369
109.125
102.265
95.7901
89.6958
83.977
78.6266
73.636
68.9956
64.6957
60.7266
57.0789
53.7447
50.7178
47.9945
45.5751
43.4653
41.6794
40.2444
39.2083
38.656
38.7412
39.7635
42.3784
48.3414
64.4894
149.244
162.165
166.617
172.094
176.442
175.611
171.823
165.737
158.27
150.594
143.4
136.686
129.752
121.997
114.398
107.231
100.482
94.135
88.1787
82.6003
77.3879
72.5297
68.014
63.8299
59.9669
56.4157
53.1684
50.2192
47.5649
45.2063
43.1498
41.4101
40.0147
39.0123
38.4879
38.5957
39.6348
42.2601
48.2241
64.3518
148.957
165.345
169.377
174.252
177.697
176.746
173.164
166.774
158.859
150.795
143.333
136.453
128.84
120.704
113.037
105.844
99.1074
92.8032
86.9106
81.4101
76.2836
71.5147
67.0885
62.9914
59.2115
55.7383
52.5633
49.6801
47.0856
44.7806
42.7716
41.0733
39.7136
38.741
38.2406
38.3661
39.4156
42.0413
47.9883
64.0518
148.291
169.202
172.813
177.035
179.266
177.323
174.277
168.428
160.009
151.594
143.981
136.878
128.652
120.14
112.245
104.917
98.1067
91.7744
85.8858
80.4116
75.3268
70.6095
66.2407
62.2037
58.4843
55.0704
51.952
49.1222
46.5772
44.3172
42.3485
40.6858
39.3566
38.4092
37.9282
38.0663
39.1198
41.7364
47.6496
63.6089
147.28
174.166
177.635
181.627
183.194
179.988
175.929
170.106
161.65
152.961
145.229
137.79
128.893
119.981
111.823
104.321
97.3987
90.999
85.076
79.5919
74.5152
69.8191
65.4806
61.48
57.8005
54.4281
51.3514
48.5622
46.0557
43.8317
41.8959
40.2622
38.9579
38.0305
37.5639
37.7094
38.7606
41.3594
47.2241
63.0442
145.972
180.422
184.129
188.413
189.601
184.872
179.385
172.983
164.287
155.093
147.031
138.635
128.962
119.883
111.568
103.931
96.9034
90.4256
84.4489
78.932
73.8395
69.1412
64.811
60.8266
57.1689
53.8219
50.7728
48.0121
45.5338
43.3368
41.426
39.8148
38.5294
37.6168
37.1597
37.3074
38.3504
40.9238
46.7274
62.38
144.428
187.858
192.2
197.372
198.389
191.879
185.005
177.202
167.44
157.576
148.709
139.077
129.099
119.918
111.482
103.727
96.5948
90.0302
83.9853
78.4178
73.2904
68.5708
64.2306
60.2452
56.5935
53.2578
50.2237
47.4802
45.0204
42.8418
40.9486
39.3533
38.0812
37.1782
36.7256
36.8708
37.9004
40.4417
46.1736
61.6348
142.683
196.029
201.274
207.792
209.037
200.511
191.55
182.007
171.129
160.332
150.312
139.77
129.58
120.223
111.629
103.733
96.4774
89.8078
83.6766
78.0404
72.8605
68.1025
63.736
59.7346
56.0753
52.7385
49.7081
46.9718
44.5213
42.3533
40.4707
38.8851
37.6208
36.7226
36.2701
36.4084
37.4201
39.9239
45.5764
60.8301
140.798
204.253
210.355
218.155
220.987
211.05
199.305
187.592
175.201
163.315
152.011
140.786
130.397
120.83
112.038
103.965
96.5547
89.7547
83.5151
77.7907
72.5409
67.7289
63.322
59.2915
55.6123
52.2632
49.2266
46.4885
44.0395
41.875
39.9967
38.4152
37.1537
36.2557
35.7991
35.9266
36.9162
39.3775
44.9435
59.9742
138.779
211.945
218.651
227.394
233.8
224.084
209.021
194.483
180.082
166.895
154.359
142.546
131.72
121.806
112.73
104.423
96.8181
89.8573
83.4863
77.6552
72.3195
67.4393
62.9792
58.9081
55.1989
51.8284
48.7771
46.0297
43.5754
41.4082
39.5288
37.9466
36.6836
35.7818
35.3175
35.4305
36.3942
38.8087
44.2815
59.0757
136.657
218.755
225.68
234.589
245.107
239.188
219.723
201.906
185.593
171.01
157.265
144.764
133.401
123.06
113.641
105.056
97.2267
90.0829
83.5625
77.6099
72.1758
67.2167
62.6939
58.5737
54.8266
51.4274
48.3549
45.5923
43.1272
40.9524
39.0675
37.4806
36.2124
35.3036
34.8284
34.9239
35.8586
38.2225
43.597
58.1439
134.453
224.76
232.026
241.589
253.504
250.274
228.497
208.583
191.014
175.07
160.353
147.13
135.205
124.421
114.647
105.775
97.7124
90.3781
83.7016
77.6213
72.0832
67.0395
62.4487
58.2742
54.4843
51.0517
47.9536
45.1715
42.6917
40.5057
38.6119
37.0171
35.7409
34.8223
34.3338
34.4093
35.3126
37.6229
42.895
57.1862
132.189
229.604
237.18
247.486
260.83
259.151
235.512
214.203
195.391
178.298
162.97
149.218
136.846
125.687
115.602
106.472
98.1944
90.6811
83.8558
77.652
72.0117
66.8841
62.2247
57.9945
54.1598
50.6917
47.5655
44.7614
42.2644
40.0649
38.1598
36.555
35.2687
34.3385
33.8348
33.8886
34.7584
37.0131
42.1795
56.2089
129.881
232.787
240.309
250.767
264.505
264.054
239.794
217.765
198.161
180.61
164.906
150.816
138.141
126.713
116.393
107.058
98.6031
90.9374
83.9819
77.6675
71.9338
66.728
62.0034
57.7196
53.841
50.3373
47.1826
44.3557
41.8405
39.6261
37.7086
36.0925
34.7948
33.8518
33.3316
33.3625
34.1976
36.395
41.4536
55.2169
127.541
234.156
241.227
251.221
264.389
264.361
240.787
218.999
199.414
181.839
166.047
151.83
139.009
127.429
116.959
107.482
98.8961
91.1117
84.0504
77.643
71.8286
66.5535
61.7701
57.4369
53.5174
49.9799
46.7977
43.9485
41.415
39.1856
37.2552
35.6273
34.3178
33.3612
32.824
32.8312
33.6309
35.7701
40.7196
54.214
125.181
233.909
240.304
249.517
261.747
262.112
239.732
218.61
199.474
182.166
166.506
152.33
139.489
127.853
117.306
107.741
99.0657
91.1936
84.0498
77.5669
71.6848
66.3501
61.5151
57.1377
53.181
49.6125
46.4047
43.5344
40.9837
38.7398
36.7969
35.1574
33.8359
32.8658
32.3114
32.2948
33.0587
35.1393
39.979
53.203
122.809
232.411
238.062
246.327
257.249
258.359
237.778
217.504
198.954
182.021
166.583
152.522
139.723
128.081
117.496
107.877
99.1368
91.1974
83.9871
77.4412
71.5013
66.1146
61.234
56.8172
52.827
49.2303
45.9991
43.1096
40.5429
38.2856
36.3309
34.6804
33.3476
32.3643
31.7929
31.7528
32.481
34.5032
39.2329
52.1862
120.431
230.11
235.205
242.773
252.748
255
236.244
216.67
198.584
181.94
166.668
152.687
139.911
128.254
117.63
107.957
99.1566
91.1543
83.8824
77.2782
71.2848
65.8501
60.9273
56.4742
52.453
48.8306
45.578
42.6709
40.0898
37.8204
35.8551
34.1946
32.8512
31.8555
31.2679
31.2047
31.8978
33.8619
38.482
51.1649
118.053
227.306
232.186
239.568
249.493
253.552
236.295
217.055
199.076
182.443
167.136
153.097
140.252
128.517
117.812
108.059
99.1797
91.1031
83.7623
77.0956
71.0465
65.5632
60.5984
56.1097
52.0589
48.412
45.1395
42.2164
39.6223
37.3422
35.3676
33.6983
32.3455
31.3383
30.7354
30.65
31.3088
33.2155
37.7268
50.1402
115.676
224.038
228.953
236.322
246.056
254.314
240.035
219.716
201.014
183.891
168.237
153.939
140.887
128.981
118.128
108.246
99.2541
91.0786
83.6517
76.9107
70.7979
65.2608
60.2512
55.7255
51.6446
47.9737
44.6823
41.7444
39.1387
36.8494
34.8669
33.1902
31.8293
30.8119
30.1948
30.0883
30.7137
32.564
36.9675
49.1128
113.303
220.348
225.643
233.435
243.587
255.686
246.445
224.022
204.048
186.128
169.929
155.227
141.858
129.694
118.625
108.56
99.4124
91.1059
83.5688
76.7359
70.5472
64.9479
59.8881
55.3224
51.2101
47.5149
44.205
41.2533
38.6373
36.3403
34.3516
32.669
31.3015
30.2754
29.6455
29.519
30.1123
31.9072
36.204
48.0826
110.933
216.166
222.252
231.038
242.472
256.515
249.394
227.15
206.919
188.609
171.993
156.892
143.16
130.673
119.326
109.021
99.6722
91.1975
83.5219
76.5762
70.2966
64.6251
59.5085
54.8989
50.7533
47.0333
43.7055
40.7411
38.1164
35.8133
33.8202
32.1336
30.7613
29.7281
29.0869
28.942
29.5044
31.2452
35.4363
47.0494
108.565
211.179
218.34
228.442
241.459
257.298
252.517
230.57
210.292
191.675
174.626
159.054
144.865
131.964
120.255
109.643
100.038
91.3537
83.5084
76.4272
70.0413
64.2871
59.1075
54.4506
50.2702
46.5255
43.1807
40.2053
37.5738
35.2668
33.2714
31.5828
30.2077
29.1694
28.5186
28.3568
28.8898
30.5778
34.6646
46.0134
106.192
204.955
213.352
225.032
240.164
259.046
257.935
236.078
215.392
196.099
178.284
161.965
147.103
133.622
121.428
110.419
100.494
91.5549
83.5093
76.2725
69.7669
63.9223
58.6754
53.9695
49.7546
45.9865
42.6267
39.6426
37.007
34.6988
32.7037
31.0157
29.6401
28.5987
27.9404
27.7635
28.2687
29.9052
33.8887
44.9739
103.814
196.987
206.483
219.46
236.077
256.438
264.727
245.667
223.687
202.719
183.383
165.798
149.918
135.629
122.801
111.297
100.989
91.7555
83.4854
76.0793
69.4474
63.5101
58.1963
53.4438
49.1975
45.4096
42.0387
39.0497
36.4136
34.1075
32.1159
30.4314
29.058
28.0159
27.3522
27.1621
27.6411
29.2278
33.1092
43.9313
101.43
187.019
197.383
211.388
229.225
250.944
275.778
262.288
237.145
211.828
189.756
170.299
153.068
137.783
124.209
112.147
101.421
91.8758
83.3758
75.8014
69.0482
63.0247
57.6514
52.8593
48.5883
44.7869
41.4106
38.422
35.7901
33.4906
31.5063
29.8288
28.4606
27.4207
26.754
26.5529
27.0077
28.546
32.3266
42.8865
99.0391
175.004
185.963
200.814
220.07
244.411
274.688
268.619
245.194
219.171
195.461
174.454
155.954
139.688
125.376
112.768
101.642
91.8084
83.1021
75.3828
68.5297
62.4389
57.0217
52.2027
47.9177
44.1116
40.7376
37.756
35.134
32.846
30.8735
29.2068
27.8474
26.8126
26.1456
25.936
26.3687
27.8607
31.5425
41.8415
96.6469
160.897
171.834
186.666
206.153
231.487
264.692
281.307
252.469
227.885
201.221
178.159
158.251
141.012
126.024
112.945
101.492
91.4357
82.5812
74.7669
67.8555
61.7304
56.293
51.4645
47.1788
43.379
40.0162
37.0492
34.4438
32.1728
30.2169
28.5653
27.2181
26.1916
25.527
25.3111
25.7239
27.1716
30.7563
40.796
94.246
144.985
155.079
168.565
185.939
207.784
234.65
265.427
256.312
230.378
205.36
180.253
159.175
141.228
125.794
112.429
100.799
90.6387
81.7333
73.9039
67.0006
60.8927
55.4624
50.6413
46.3688
42.587
39.2454
36.3013
33.7192
31.4712
29.5368
27.9043
26.5731
25.5579
24.8985
24.6787
25.0737
26.4787
29.9678
39.749
91.8396
128.136
136.935
148.518
163.206
181.342
203.215
228.923
239.158
218.953
198.876
178.038
157.509
139.714
124.331
111
99.4164
89.3211
80.4948
72.7549
65.9485
59.9393
54.5451
49.7423
45.4939
41.7403
38.4289
35.5153
32.963
30.7433
28.8348
27.2253
25.9132
24.9123
24.2606
24.0392
24.4184
25.7828
29.1782
38.7035
89.4412
111.298
118.645
128.214
140.254
155.084
173.129
195.054
214.263
206.672
187.475
170.272
153.33
136.606
121.635
108.609
97.3007
87.4514
78.8451
71.3028
64.677
58.7741
53.5342
48.7848
44.5712
40.8531
37.5775
34.6992
32.1808
29.9928
28.1136
26.53
25.2398
24.2556
23.6138
23.3931
23.7585
25.0845
28.389
37.663
87.0666
95.2435
101.13
108.702
118.111
129.527
143.13
159.066
177.303
185.473
173.109
157.354
143.033
129.796
117.058
105.154
94.4693
85.0743
76.8385
69.5969
63.1748
57.4016
52.2797
47.7297
43.6133
39.9395
36.7021
33.8603
31.3771
29.2227
27.3747
25.8192
24.553
23.5878
22.9581
22.7401
23.094
24.3839
27.6006
36.6294
84.7274
80.5636
85.1205
90.9079
98.0001
106.468
116.372
127.746
140.568
151.668
151.396
141.808
129.877
118.468
108.083
98.531
89.6626
81.5258
74.1296
67.4121
61.3082
55.7873
50.8654
46.5105
42.5924
39.012
35.8092
33.0005
30.5515
28.4311
26.6158
25.0905
23.8508
22.9069
22.2917
22.0787
22.4234
23.6798
26.8122
35.6026
82.4273
67.6261
71.0665
75.3801
80.5914
86.7156
93.7547
101.684
110.451
119.964
126.145
122.374
114.551
105.787
97.299
89.4403
82.2314
75.592
69.4319
63.6916
58.3425
53.4042
48.9228
44.8991
41.2778
37.976
34.8816
32.1059
29.6912
27.6072
25.8281
24.337
23.1276
22.2087
21.6113
21.4063
21.7445
22.9702
26.0214
34.5801
80.1636
56.5725
59.1325
62.3018
66.0799
70.4539
75.3911
80.8318
86.6749
92.7455
98.5444
100.805
97.4246
91.8325
85.6175
79.4904
73.7172
68.3468
63.336
58.629
54.1936
50.0375
46.1931
42.6775
39.4738
36.5359
33.7873
31.1402
28.7683
26.7298
24.996
23.547
22.3749
21.4867
20.9119
20.7188
21.0538
22.2516
25.2249
33.5571
77.926
47.3658
49.2646
51.5891
54.3304
57.4648
60.955
64.752
68.7865
72.9767
77.2402
80.7026
80.7273
77.9223
73.8899
69.4725
65.0733
60.8536
56.8537
53.0653
49.4742
46.0811
42.9006
39.9455
37.2121
34.6741
32.2812
29.9663
27.7335
25.7692
24.0996
22.707
21.5829
20.7338
20.188
20.0119
20.3477
21.5206
24.4186
32.5276
75.6987
39.8527
41.2731
42.9956
45.0081
47.2879
49.8034
52.5159
55.3765
58.3299
61.3154
64.2347
66.0344
65.3309
63.1325
60.1986
56.9931
53.7643
50.6223
47.605
44.7225
41.9801
39.386
36.9478
34.6652
32.5244
30.4982
28.5461
26.5664
24.7094
23.1268
21.8077
20.7448
19.9448
19.4356
19.2821
19.6228
20.7739
23.5982
31.4849
73.4622
33.8206
34.9029
36.2043
37.7136
39.4146
41.2798
43.2785
45.3836
47.5631
49.7937
52.0667
53.9872
54.6544
53.8461
52.0687
49.8188
47.3946
44.9499
42.556
40.2438
38.0275
35.9159
33.9144
32.0234
30.2354
28.5321
26.8808
25.221
23.5484
22.0751
20.8464
19.8582
19.1176
18.6528
18.5276
18.8772
20.0088
22.7601
30.4225
71.196
29.0439
29.8911
30.902
32.0668
33.3728
34.7985
36.3196
37.9172
39.5712
41.2649
42.9937
44.7523
46.1057
46.0818
45.1055
43.5888
41.8067
39.9229
38.0278
36.169
34.3706
32.6449
30.9981
29.4312
27.9395
26.5099
25.1195
23.7337
22.2795
20.9446
19.8255
18.9252
18.2538
17.8405
17.7486
18.1102
19.2237
21.9011
29.3333
68.875
25.3123
25.9982
26.8098
27.7381
28.7725
29.8997
31.0951
32.3381
33.6206
34.9275
36.2485
37.5773
38.8463
39.612
39.2894
38.3228
37.018
35.5566
34.0432
32.536
31.065
29.6447
28.2813
26.9762
25.7264
24.5233
23.3521
22.1864
20.9516
19.7668
18.7629
17.9567
17.3601
17.0027
16.9473
17.3226
18.4179
21.0183
28.2097
66.4666
22.4452
23.0239
23.7015
24.469
25.3172
26.2352
27.2016
28.1934
29.2069
30.234
31.2693
32.3262
33.4345
34.2717
34.3847
33.8469
32.9135
31.7766
30.5577
29.3251
28.1129
26.9359
25.7997
24.7054
23.6511
22.6292
21.6251
20.6154
19.5758
18.5573
17.673
16.9638
16.4445
16.145
16.127
16.516
17.5911
20.1087
27.0427
63.9292
20.2975
20.8111
21.4038
22.0655
22.786
23.5557
24.3602
25.169
25.9671
26.759
27.5433
28.3246
29.1137
29.8894
30.3076
30.0464
29.3848
28.4978
27.5095
26.4951
25.4901
24.5077
23.552
22.6236
21.7216
20.8406
19.9689
19.0893
18.198
17.33
16.568
15.9574
15.5156
15.2735
15.2921
15.6927
16.7436
19.1701
25.8242
61.2212
18.7582
19.2436
19.7928
20.3929
21.0319
21.6993
22.3845
23.0549
23.669
24.2461
24.8059
25.3556
25.9168
26.5234
26.8627
26.7874
26.3534
25.6665
24.8558
24.0084
23.1651
22.3351
21.5198
20.7197
19.9353
19.1649
18.404
17.6417
16.8581
16.111
15.467
14.9514
14.5836
14.3957
14.4476
14.8559
15.8769
18.2015
24.548
58.3053
17.7486
18.2438
18.7905
19.371
19.9689
20.5703
21.1641
21.7218
22.1696
22.5205
22.8386
23.1426
23.4435
23.7551
24.0732
24.1516
23.7919
23.2156
22.5272
21.809
21.0913
20.3786
19.6711
18.9698
18.2773
17.5962
16.9242
16.254
15.5726
14.9339
14.3916
13.9604
13.6591
13.5195
13.5995
14.0101
14.9939
17.2045
23.2124
55.1577
17.2166
17.7683
18.362
18.9718
19.5735
20.1463
20.6758
21.1314
21.3976
21.4771
21.5124
21.5468
21.5908
21.6534
21.7403
21.829
21.6853
21.1392
20.5066
19.8686
19.2348
18.6005
17.9696
17.3451
16.73
16.13
15.5417
14.9312
14.3351
13.8023
13.3512
12.9945
12.7513
12.6529
12.7547
13.1611
14.1001
16.1843
21.8224
51.7791
17.1299
17.8026
18.513
19.2219
19.8905
20.4837
20.9738
21.3182
21.3398
21.0597
20.7416
20.4603
20.2274
20.0437
19.9116
19.8413
19.8225
19.4867
18.8706
18.2515
17.6343
17.0271
16.4455
15.8838
15.3319
14.7872
14.2351
13.6821
13.1776
12.7332
12.358
12.0638
11.8692
11.8045
11.9212
12.317
13.2039
15.1509
20.3932
48.2112
17.4621
18.3488
19.2806
20.1981
21.0369
21.7316
22.2248
22.4356
22.0287
21.2239
20.4576
19.8025
19.2564
18.8075
18.4409
18.1417
17.8921
17.6554
17.2446
16.684
16.1139
15.5535
15.0157
14.4958
13.9902
13.4877
12.9893
12.525
12.1039
11.7327
11.4196
11.1766
11.0217
10.983
11.1082
11.4877
12.3168
14.119
18.9493
44.5362
18.1698
19.4006
20.7103
22.0124
23.201
24.1607
24.7669
24.7386
23.483
21.9166
20.5987
19.514
18.6255
17.9001
17.3036
16.8015
16.362
15.9523
15.5282
15.0795
14.6154
14.1409
13.6583
13.181
12.7213
12.281
11.862
11.4722
11.1176
10.8047
10.5418
10.3403
10.2169
10.1974
10.3255
10.684
11.4516
13.106
17.5206
40.8616
19.1624
20.9056
22.8143
24.7788
26.6548
28.2508
29.3028
28.1063
25.3597
22.9895
21.0707
19.525
18.2798
17.274
16.4542
15.7738
15.1923
14.6755
14.1963
13.7387
13.2937
12.8561
12.4253
12.0056
11.6022
11.2189
10.8582
10.5238
10.2203
9.95329
9.73043
9.56192
9.46271
9.45626
9.58252
9.91664
10.6209
12.1287
16.137
37.296
20.2787
22.7221
25.5059
28.5539
31.7286
34.6835
35.9634
31.8644
27.6606
24.3514
21.7678
19.7399
18.1374
16.8607
15.8316
14.9887
14.2837
13.6781
13.1426
12.6562
12.2049
11.7801
11.3773
10.9947
10.6322
10.291
9.97262
9.67944
9.4148
9.18332
8.9913
8.84768
8.76583
8.7669
8.88702
9.19416
9.83496
11.2008
14.8225
33.9251
21.2986
24.6022
28.5497
33.2237
38.7044
44.4948
41.6737
35.2342
29.7538
25.6027
22.4361
19.9904
18.08
16.5712
15.3642
14.3842
13.5745
12.8919
12.3039
11.7862
11.3214
10.8976
10.5068
10.1443
9.80708
9.49399
9.20493
8.9409
8.70423
8.49833
8.32833
8.20194
8.13095
8.13431
8.24452
8.5228
9.10121
10.332
13.5924
30.7941
22.007
26.2509
31.5022
37.9622
45.4917
49.7018
42.7594
36.6111
30.827
26.3272
22.8399
20.1288
18.0054
16.3276
14.9875
13.9032
13.0128
12.2694
11.6378
11.0914
10.6109
10.1819
9.79437
9.44141
9.11835
8.82234
8.55196
8.30707
8.08876
7.89947
7.74337
7.62702
7.56082
7.56165
7.65867
7.9069
8.42505
9.52955
12.4572
27.9072
22.3022
27.5174
34.0807
42.0946
49.6466
49.2078
42.5112
37.0984
31.2714
26.6336
22.9909
20.1288
17.875
16.0888
14.6602
13.505
12.5588
11.7727
11.1096
10.5415
10.0474
9.61189
9.22349
8.87399
8.55759
8.2704
8.01007
7.77557
7.56719
7.38658
7.23706
7.12424
7.05727
7.05123
7.13233
7.35023
7.81224
8.80471
11.4461
25.3365
22.1807
28.359
36.1683
44.6743
49.9076
47.4774
41.4107
36.6646
31.4334
26.6628
22.9285
19.9957
17.6785
15.8353
14.3579
13.1635
12.1863
11.3763
10.6953
10.1146
9.6125
9.17254
8.78255
8.4336
8.11923
7.83494
7.57786
7.34647
7.14055
6.96125
6.81129
6.69556
6.62215
6.60461
6.66655
6.85279
7.26032
8.1482
10.527
23.0186
21.6513
28.6132
37.198
45.4899
48.1979
44.7675
39.3392
34.9615
30.7327
26.2335
22.5915
19.6937
17.3872
15.5437
14.0616
12.8609
11.8781
11.0639
10.3803
9.79866
9.29656
8.85707
8.46759
8.11883
7.80406
7.51856
7.2593
7.02464
6.81422
6.62902
6.47147
6.34602
6.26001
6.22568
6.26427
6.41604
6.76812
7.55246
9.67255
20.8954
20.7298
28.3526
37.1783
43.6551
44.568
41.2889
36.6745
32.635
29.3842
25.6227
22.0735
19.2449
16.9945
15.1959
13.749
12.5764
11.6171
10.823
10.1569
9.58973
9.09926
8.66834
8.28423
7.93783
7.62224
7.33286
7.06685
6.82286
6.60083
6.40198
6.2289
6.08595
5.98008
5.92252
5.93235
6.04545
6.33982
7.02285
8.90366
18.8646
19.2665
27.0215
35.4887
40.0909
40.0546
37.2309
33.4313
29.8791
26.9443
24.2476
21.2588
18.592
16.4626
14.7627
13.3978
12.293
11.3908
10.6455
10.0212
9.48927
9.02759
8.61892
8.25019
7.91174
7.59718
7.30258
7.02566
6.76583
6.52395
6.30212
6.1037
5.93358
5.79873
5.70945
5.68288
5.75091
5.98249
6.56163
8.20048
16.9117
17.4214
24.9821
32.6053
35.4782
35.0515
32.8333
29.8699
26.9282
24.3428
22.082
19.9181
17.6841
15.7598
14.2195
12.9879
11.9971
11.1923
10.5311
9.9798
9.51095
9.10231
8.73616
8.39873
8.07978
7.77222
7.47276
7.18076
6.89712
6.62452
6.36702
6.12986
5.91951
5.7435
5.61119
5.53787
5.55171
5.71385
6.18782
7.59787
14.8857
15.2837
22.316
28.6958
30.5297
30.1023
28.5002
26.2968
23.9666
21.7875
19.8466
18.1008
16.4544
14.8799
13.5627
12.5146
11.6847
11.0237
10.4904
10.0527
9.68479
9.36416
9.07166
8.7915
8.51151
8.22325
7.92228
7.61072
7.29217
6.97288
6.66082
6.36503
6.09539
5.86109
5.67024
5.53642
5.48629
5.57366
5.93468
7.07673
12.898
12.9806
19.2348
24.0414
25.4179
25.2612
24.2668
22.7509
21.014
19.2822
17.6799
16.2474
14.9722
13.8239
12.8085
11.9972
11.3748
10.905
10.5516
10.2818
10.068
9.88712
9.71687
9.53694
9.33015
9.0838
8.7909
8.45453
8.08415
7.69308
7.29706
6.9123
6.55402
6.2345
5.9639
5.75715
5.64144
5.6676
5.95942
6.94528
11.7053
10.5523
15.6311
18.7509
20.0886
20.3465
19.9241
19.0867
17.9548
16.7211
15.5201
14.4272
13.4734
12.6633
11.9944
11.4772
11.1284
10.8992
10.7797
10.7467
10.7667
10.8061
10.8361
10.8284
10.7558
10.595
10.3308
9.96471
9.51621
9.01308
8.48713
7.96746
7.47663
7.03139
6.64823
6.35201
6.18989
6.26782
6.90865
9.45101
23.2807
7.9018
11.7857
13.9577
15.0934
15.5988
15.6499
15.3619
14.7913
14.0648
13.3096
12.6112
12.0161
11.5458
11.2107
11.0179
10.9992
11.1363
11.3261
11.6162
11.9821
12.3724
12.732
13.017
13.186
13.1941
13.004
12.6081
12.0429
11.3675
10.6493
9.94008
9.26494
8.63401
8.07228
7.63996
7.43598
7.59648
8.48753
10.2072
12.7242
5.41502
8.14382
9.55043
10.5024
11.1946
11.6173
11.7539
11.6652
11.4002
11.0831
10.802
10.6078
10.5262
10.5729
10.7629
11.117
11.687
12.4521
13.2831
14.1848
15.1107
15.9838
16.7479
17.3337
17.6596
17.6376
17.2339
16.5115
15.6019
14.6656
13.8019
13.0053
12.19
11.3363
10.5603
10.1128
9.93142
10.0623
10.6084
14.3823
3.2629
4.85684
5.69105
6.47264
7.23891
7.90471
8.39977
8.72361
8.88635
8.98506
9.10275
9.29649
9.60358
10.0525
10.6784
11.5473
12.7943
14.5513
16.7044
18.7404
20.4404
21.822
23.1494
24.34
25.1838
25.4789
25.1632
24.3249
23.2408
22.3728
22.1071
22.4978
22.4886
20.8102
18.3193
16.0537
14.0448
12.532
12.346
16.741
1.53549
2.11929
2.51392
2.95615
3.48708
4.14577
4.98267
5.94557
6.67991
7.23816
7.71595
8.19429
8.73077
9.36981
10.1718
11.2755
13.1454
17.0007
24.0328
29.2412
32.2369
32.9753
34.0295
35.6747
37.1894
37.9473
38.0667
37.4057
36.179
36.4367
40.7471
51.8651
64.0411
48.4094
31.4478
23.2649
18.7762
16.5639
16.1938
19.73
0.376049
0.41198
0.448906
0.475105
0.511462
0.603914
0.992795
3.37747
5.03243
6.08751
6.82762
7.41303
7.91436
8.32822
8.58446
8.48886
7.47263
2.82135
3.59279
9.65531
47.4435
51.2168
48.13
46.8921
46.5929
46.8251
47.4853
48.3189
48.4043
47.8646
46.2101
8.95271
7.14751
3.21846
1.88352
4.8166
6.98601
9.06424
11.3718
16.2916
1.18467
2.10398
3.45944
5.0785
6.84163
8.7502
10.6946
12.7623
14.9772
17.3546
19.9073
22.647
25.5847
28.7304
32.0929
35.6791
39.4935
43.5377
47.8088
52.2994
56.9961
61.88
66.9272
72.1127
77.4203
82.8644
88.5425
94.5757
100.502
106.211
111.639
116.725
121.418
125.677
129.476
132.8
135.645
138.017
139.924
141.387
5.58772
3.52285
3.77808
4.42986
5.27843
6.25351
7.31569
8.45541
9.67089
10.9627
12.332
13.7794
15.305
16.9072
18.5832
20.3281
22.1353
23.9961
25.9
27.8349
29.7882
31.747
33.7005
35.6416
37.5706
39.4986
41.4524
43.4656
45.4557
47.3811
49.2166
50.9438
52.5475
54.0156
55.3392
56.5127
57.5333
58.4011
59.1177
59.6868
11.4036
5.66946
5.08528
5.28926
5.79522
6.47108
7.26241
8.14346
9.10083
10.1269
11.2168
12.3667
13.5728
14.831
16.1363
17.4829
18.8639
20.2717
21.698
23.1344
24.5726
26.0057
27.4279
28.8364
30.2308
31.6144
32.9926
34.3657
35.7136
37.0189
38.2672
39.446
40.5451
41.5557
42.4716
43.2887
44.0047
44.6191
45.1325
45.5465
17.0965
7.73979
6.43375
6.30242
6.58044
7.07324
7.70601
8.44268
9.26333
10.1557
11.1116
12.1248
13.1899
14.3018
15.4553
16.645
17.8648
19.1085
20.3696
21.6416
22.9183
24.1938
25.4634
26.7229
27.9694
29.201
30.416
31.6107
32.7738
33.8935
34.9588
35.96
36.8887
37.7388
38.5063
39.1891
39.7865
40.2991
40.7283
41.0758
22.3406
9.70865
7.75302
7.3374
7.43762
7.79714
8.31975
8.95994
9.69273
10.5029
11.3801
12.317
13.3075
14.3464
15.4288
16.5498
17.7044
18.8876
20.0943
21.3191
22.5568
23.8019
25.049
26.2927
27.5269
28.7456
29.9417
31.1081
32.2329
33.3038
34.3097
35.2421
36.0948
36.8651
37.5521
38.1568
38.6816
39.129
39.5021
39.8038
27.2247
11.6004
9.04739
8.37927
8.33115
8.58657
9.02794
9.60052
10.2748
11.033
11.8635
12.7582
13.7109
14.7165
15.7706
16.8691
18.0081
19.1838
20.3921
21.6291
22.8903
24.171
25.4654
26.7668
28.0669
29.3548
30.6174
31.8398
33.0053
34.0957
35.0976
36.0039
36.8132
37.5277
38.1523
38.6927
39.1551
39.545
39.8677
40.1274
31.8532
13.4491
10.3385
9.43966
9.26219
9.43235
9.81174
10.3365
10.9726
11.7001
12.5061
13.3822
14.3219
15.3206
16.3745
17.4803
18.6351
19.8364
21.0814
22.3677
23.6922
25.0514
26.4406
27.8534
29.2805
30.7081
32.115
33.4706
34.7423
35.901
36.9268
37.8172
38.5816
39.234
39.7881
40.2561
40.6489
40.9754
41.243
41.4575
36.2942
15.2864
11.6502
10.5362
10.2423
10.3401
10.671
11.1621
11.7752
12.488
13.2865
14.1618
15.1075
16.1193
17.1939
18.3289
19.5224
20.7731
22.0799
23.4418
24.858
26.3274
27.848
29.4168
31.0281
32.67
34.3177
35.9145
37.3688
38.6322
39.6771
40.5269
41.216
41.775
42.2304
42.6026
42.9073
43.156
43.3578
43.5196
40.6268
17.1429
13.0046
11.6865
11.2851
11.3196
11.6118
12.0801
12.6818
13.3925
14.1971
15.0861
16.0533
17.0944
18.2069
19.3889
20.6397
21.959
23.3474
24.8058
26.3359
27.9402
29.6218
31.3843
33.23
35.1566
37.1446
39.1176
40.9706
42.4216
43.3687
44.0673
44.6062
45.0227
45.3419
45.5884
45.7815
45.9346
46.0577
46.1579
44.9445
19.049
14.4223
12.907
12.4038
12.3811
12.6417
13.0953
13.6948
14.4136
15.2356
16.1506
17.1524
18.237
19.4021
20.6467
21.9707
23.3751
24.8617
26.4329
28.093
29.8479
31.7061
33.6791
35.783
38.0387
40.349
42.5715
44.713
46.6322
47.8924
48.3484
48.6398
48.8572
49.006
49.1007
49.1606
49.2015
49.234
49.2651
49.3312
21.0363
15.9239
14.2124
13.6096
13.5331
13.7668
14.2117
14.8164
15.5518
16.4007
17.3523
18.4003
19.5408
20.7717
22.0925
23.5038
25.0069
26.6045
28.3002
30.0989
32.0076
34.0353
36.1936
38.4959
40.908
43.2727
45.6185
47.9985
50.3428
52.2473
52.9931
53.1433
53.1665
53.1244
53.045
52.9523
52.866
52.7981
52.7551
54.0093
23.1796
17.541
15.6196
14.9121
14.7811
14.9897
15.4295
16.0445
16.803
17.6864
18.6835
19.7874
20.9945
22.3028
23.712
25.223
26.8375
28.5581
30.3885
32.3329
34.3967
36.5866
38.91
41.3751
43.9344
46.4601
49.0276
51.75
54.589
57.0804
58.2542
58.2679
57.9709
57.6523
57.3477
57.0743
56.8456
56.6702
56.5516
58.9855
25.4755
19.2721
17.1259
16.3076
16.1203
16.3047
16.7422
17.3716
18.1586
19.0831
20.1331
21.3015
22.5845
23.9804
25.489
27.1113
28.8492
30.7051
32.682
34.7831
37.0114
39.3694
41.8591
44.4807
47.2238
49.9608
52.7091
55.6779
58.8911
62.0386
64.0485
63.9494
63.1725
62.4856
61.9075
61.4319
61.0538
60.772
60.5837
64.2249
27.8888
21.0985
18.7185
17.7853
17.5404
17.7011
18.1385
18.7857
19.6056
20.5765
21.6856
22.9255
24.2923
25.7844
27.402
29.1462
31.0192
33.0235
35.1618
37.4369
39.8504
42.4029
45.0924
47.9133
50.8509
53.7861
56.6917
59.7943
63.1261
66.5248
69.1652
69.6127
68.5123
67.4356
66.5819
65.9136
65.4017
65.0296
64.7871
69.7448
30.4084
23.0056
20.3827
19.3307
19.0268
19.1643
19.603
20.2705
21.1266
22.1479
23.3207
24.6374
26.094
27.6891
29.4232
31.2981
33.3164
35.4814
37.7967
40.266
42.8922
45.6771
48.6204
51.7177
54.9547
58.1277
61.0661
64.1012
67.2521
70.4671
73.3362
74.6257
73.6172
72.2665
71.221
70.4201
69.8173
69.3859
69.1125
75.5417
33.02
24.9772
22.1016
20.9267
20.5623
20.6763
21.1171
21.8063
22.7006
23.7747
25.0142
26.4109
27.9609
29.6631
31.5186
33.5296
35.7
38.0342
40.5379
43.2171
46.0784
49.1287
52.3747
55.8221
59.4674
62.8483
65.6223
68.4472
71.4474
74.5103
77.1978
78.3944
78.0101
76.8443
75.7619
74.9159
74.2742
73.8166
73.534
81.5622
35.704
26.9934
23.8558
22.5536
22.1268
22.2167
22.6596
23.3711
24.3042
25.4321
26.7393
28.2171
29.8616
31.6721
33.6498
35.7982
38.122
40.6272
43.3217
46.2146
49.3171
52.6431
56.2097
60.0389
64.1437
67.5119
70.0911
72.8288
75.7757
78.7657
80.8296
81.6447
81.931
81.3123
80.309
79.4685
78.8112
78.3376
78.0504
87.7714
38.4233
29.0284
25.6224
24.19
23.6991
23.764
24.2085
24.9417
25.9134
27.0947
28.4688
30.0267
31.7645
33.6812
35.7788
38.0611
40.5337
43.2039
46.0809
49.1762
52.5043
56.0835
59.9376
64.0973
68.5564
71.7651
74.251
77.0609
80.0476
82.765
84.5097
85.5461
86.1464
86.0047
85.1143
84.2239
83.5083
82.987
82.6724
94.0219
41.1489
31.0575
27.3788
25.8141
25.2578
25.2967
25.7419
26.496
27.505
28.738
30.1772
31.8128
33.6406
35.6597
37.8721
40.2818
42.8946
45.7182
48.762
52.0382
55.5617
59.3516
63.4329
67.8381
72.5229
75.746
78.3307
81.3538
84.6094
87.3069
88.9391
90.1089
90.9565
91.1724
90.3452
89.2769
88.4157
87.7853
87.3993
100.257
43.8448
33.0541
29.1019
27.4045
26.7824
26.7947
27.2397
28.0134
29.0581
30.3408
31.8424
33.5527
35.4668
37.5837
39.9052
42.4352
45.1792
48.1443
51.3389
54.7736
58.4607
62.4158
66.6591
71.2173
76.0304
79.5117
82.4174
85.8263
89.6146
92.6963
94.3123
95.4876
96.5049
96.8428
95.9209
94.6084
93.5194
92.7129
92.2038
106.424
46.4729
34.9912
30.7695
28.9413
28.2542
28.2399
28.684
29.4761
30.5549
31.8853
33.447
35.2291
37.2263
39.4376
41.8643
44.5102
47.3802
50.4804
53.8177
57.3994
61.2334
65.3274
69.6888
74.3244
79.1594
83.0925
86.506
90.407
94.7698
98.7884
100.844
101.814
102.391
102.379
101.69
100.206
98.7725
97.7158
97.0328
112.458
48.9988
36.845
32.3618
30.4068
29.6567
29.6164
30.0596
30.8693
31.9811
33.3576
34.9778
36.83
38.9088
41.213
43.7443
46.5064
49.5041
52.7432
56.2295
59.9686
63.9643
68.2184
72.7273
77.4786
82.3746
86.7301
90.7261
95.1452
99.9168
104.407
107.426
108.63
108.622
108.122
107.409
105.797
104.011
102.686
101.808
118.228
51.4016
38.5971
33.8626
31.7864
30.9762
30.9115
31.3541
32.1813
33.3252
34.7472
36.4249
38.3466
40.5071
42.9055
45.5443
48.4278
51.5619
54.9535
58.6095
62.5367
66.7401
71.2223
75.9814
81.0073
86.2009
90.9635
95.3935
100.172
105.282
110.186
113.946
115.384
114.926
114.026
113.007
111.183
109.113
107.538
106.464
123.712
53.6354
40.2254
35.2566
33.0673
32.2013
32.1143
32.5573
33.4022
34.5782
36.045
37.7801
39.7717
42.0151
44.5104
47.2613
50.2742
53.5571
57.1197
60.9727
65.1273
69.5946
74.3855
79.5091
84.9718
90.6729
95.9097
100.694
105.765
111.259
116.687
120.97
122.617
121.874
120.345
118.559
116.377
114.071
112.237
110.962
128.655
55.7012
41.7223
36.5344
34.2402
33.3231
33.2164
33.661
34.5239
35.7317
37.2432
39.0354
41.097
43.4243
46.0188
48.8864
52.0359
55.4788
59.2291
63.303
67.7188
72.4968
77.66
83.2335
89.2451
95.5768
101.348
106.497
111.908
117.835
123.755
128.359
130.126
129.185
126.748
123.954
121.265
118.762
116.73
115.28
133.138
57.5666
43.0725
37.6861
35.297
34.3342
34.2105
34.658
35.5391
36.7782
38.3334
40.1816
42.3123
44.7229
47.4169
50.4024
53.6915
57.2999
61.2464
65.5539
70.2487
75.3618
80.929
86.9926
93.6016
100.668
107.09
112.512
118.116
124.369
130.817
136.079
137.956
135.733
132.153
128.841
125.898
123.257
121.067
119.449
137.182
59.2238
44.2684
38.7047
36.2315
35.2287
35.0909
35.5421
36.4409
37.71
39.3067
41.2083
43.4049
45.8954
48.6851
51.7848
55.2097
58.9795
63.1184
67.6554
72.6251
78.0682
84.0331
90.5767
97.7656
105.577
112.695
118.221
123.809
130.317
137.47
143.668
144.952
141.504
137.528
133.889
130.637
127.767
125.369
123.545
140.786
60.6651
45.3042
39.5858
37.0395
36.0021
35.8526
36.3079
37.2232
38.5198
40.1543
42.1045
44.3611
46.9244
49.8014
53.005
56.5533
60.4696
64.7824
69.5259
74.7412
80.4774
86.7933
93.7591
101.46
109.922
117.618
123.167
128.731
135.491
143.31
150.368
151.653
147.734
143.336
139.249
135.584
132.386
129.701
127.616
143.853
61.8874
46.1773
40.3267
37.7181
36.6514
36.4922
36.9511
37.8807
39.2008
40.868
42.8597
45.1677
47.7929
50.7438
54.035
57.6866
61.7241
66.1786
71.0877
76.4958
82.4563
89.0326
96.3014
104.357
113.281
121.44
127.071
132.772
139.787
148.037
155.756
158.418
154.795
149.718
144.96
140.744
137.114
134.068
131.675
146.367
62.885
46.8864
40.9261
38.2659
37.1749
37.0072
37.4688
38.4095
39.7483
41.4412
43.4658
45.814
48.4875
51.4954
54.8531
58.5816
62.7073
67.2623
72.2844
77.8183
83.9159
90.6373
98.052
106.239
115.276
123.792
129.802
135.709
142.815
151.122
159.079
163.525
162.02
156.56
150.839
145.937
141.824
138.403
135.697
148.327
63.6601
47.4321
41.3846
38.6832
37.5725
37.3974
37.8599
38.8081
40.1598
41.8706
43.9181
46.2941
49.0003
52.0461
55.4468
59.2235
63.4021
68.014
73.0957
78.6894
84.8429
91.6105
99.052
107.232
116.211
124.963
131.476
137.528
144.511
152.672
160.814
166.519
167.477
162.58
156.209
150.828
146.35
142.634
139.659
149.739
64.2121
47.816
41.7043
38.9721
37.8459
37.6642
38.1259
39.0775
40.4361
42.1567
44.2167
46.6075
49.3307
52.3953
55.8161
59.6132
63.8114
68.4402
73.5335
79.13
85.273
92.0109
99.3983
107.497
116.376
125.393
132.429
138.566
145.306
153.165
161.423
168.274
171.354
167.485
161.016
155.431
150.714
146.784
143.6
150.604
64.5422
48.0406
41.8882
39.1359
37.9989
37.8115
38.2706
39.2218
40.5814
42.3041
44.3668
46.7606
49.4864
52.5525
55.9729
59.7663
63.9557
68.5682
73.6345
79.1888
85.2686
91.9143
99.1687
107.075
115.673
124.895
132.874
139.139
145.688
153.274
161.606
169.364
174.244
172.004
165.756
160.036
155.125
151.011
147.632
150.949
64.6607
48.1136
41.9431
39.181
38.0377
37.8457
38.3009
39.2482
40.6039
42.322
44.3789
46.7655
49.482
52.5356
55.9394
59.7105
63.87
68.4426
73.4557
78.9396
84.927
91.4524
98.5511
106.259
114.608
123.619
132.26
139.112
145.763
153.194
161.503
169.688
175.59
175.786
170.79
164.932
159.776
155.476
151.888
150.813
64.5837
48.046
41.8783
39.1162
37.9711
37.7757
38.2261
39.1672
40.5149
42.2232
44.2681
46.6398
49.338
52.3692
55.7452
59.4819
63.5987
68.1178
73.0643
78.4653
84.3498
90.7486
97.6939
105.22
113.366
122.177
131.187
138.722
145.572
152.954
161.248
169.732
176.503
178.903
175.85
170.056
164.685
160.239
156.46
150.249
64.3329
47.853
41.7063
38.9527
37.8098
37.6125
38.0578
38.9912
40.3286
42.0237
44.0525
46.4047
49.0796
52.0829
55.4255
59.1223
63.1914
67.6536
72.5319
77.8508
83.6367
89.9163
96.7168
104.064
111.983
120.489
129.572
138.085
145.275
152.739
161.079
169.905
177.685
182.038
180.697
175.253
169.854
165.345
161.41
149.311
63.9309
47.5493
41.4394
38.7022
37.5656
37.3684
37.8094
38.7346
40.0606
41.7412
43.7523
46.0834
48.7334
51.7079
55.0172
58.6755
62.7003
67.1115
71.9312
77.183
82.8921
89.0835
95.7824
103.013
110.797
119.154
128.095
137.175
145.21
152.987
161.461
170.647
179.393
185.414
185.815
180.939
175.535
170.983
166.881
148.055
63.3949
47.1492
41.0909
38.3776
37.2515
37.0568
37.4948
38.4129
39.728
41.3945
43.3885
45.6996
48.3269
51.2756
54.5563
58.1833
62.174
66.5487
71.3299
76.5417
82.21
88.3614
95.0229
102.221
109.98
118.321
127.261
136.802
146.05
154.312
163.079
172.733
182.424
189.945
191.82
187.453
182.011
177.376
173.047
146.526
62.7473
46.6691
40.6752
37.9925
36.881
36.6917
37.1289
38.0415
39.3476
41.0023
42.9819
45.2766
47.8857
50.8152
54.0759
57.6831
61.6551
66.0136
70.7827
75.9894
81.6625
87.8331
94.5339
101.798
109.661
118.153
127.302
137.128
147.418
157.02
166.433
176.814
187.638
196.518
199.38
195.249
189.626
184.737
180.03
144.772
62.0109
46.1253
40.2063
37.5603
36.4675
36.2867
36.7258
37.6357
38.9359
40.5822
42.5517
44.8354
47.4333
50.3521
53.6041
57.2055
61.1769
65.542
70.3285
75.5671
81.2924
87.5427
94.3602
101.791
109.887
118.702
128.297
138.74
150.1
161.565
171.897
183.042
195.021
205.092
207.874
203.961
198.582
193.147
187.831
142.857
61.2048
45.5331
39.6981
37.094
36.0239
35.8549
36.2991
37.2098
38.5079
40.1503
42.1152
44.3944
46.9891
49.9074
53.1627
56.7735
60.7627
65.1572
69.9886
75.2932
81.1123
87.4933
94.4904
102.166
110.591
119.847
130.03
141.243
153.593
167.09
179.636
191.192
204.004
214.849
217.182
213.857
208.708
202.558
196.665
140.823
60.3498
44.9074
39.1635
36.6059
35.562
35.4082
35.861
36.7764
38.0767
39.7204
41.6868
43.9689
46.5691
49.497
52.7681
56.4028
60.4269
64.8709
69.7706
75.1679
81.1114
87.6576
94.8728
102.835
111.637
121.392
132.239
144.356
157.979
173.434
188.86
200.819
214.069
225.926
228.691
226.62
221.111
213.788
207.042
138.708
59.4634
44.2614
38.614
36.1068
35.0926
34.9573
35.4224
36.3465
37.6538
39.3043
41.2785
43.5709
46.1854
49.1331
52.4315
56.1035
60.1774
64.6873
69.6732
75.1818
81.268
87.9956
95.44
103.69
112.852
123.056
134.458
147.259
161.713
178.157
197.009
212.75
224.814
238.905
243.416
242.726
236.55
227.547
219.383
136.549
58.5608
43.6066
38.0597
35.6061
34.6246
34.5112
34.9922
35.9291
37.2482
38.911
40.8996
43.2097
45.8469
48.8241
52.1607
55.8818
60.0185
64.6078
69.6933
75.3258
81.5644
88.4779
96.1464
104.663
114.138
124.699
136.497
149.708
164.531
181.184
199.865
219.756
233.328
249.467
259.248
261.709
255.071
243.763
233.59
134.376
57.6545
42.9525
37.5089
35.1115
34.1654
34.077
34.5774
35.5313
36.867
38.5476
40.5568
42.8919
45.5601
48.5759
51.9607
55.7419
59.953
64.6337
69.8305
75.5971
81.9959
89.0981
96.9859
105.753
115.507
126.369
138.477
151.987
167.073
183.93
202.796
223.978
242.318
258.397
274.628
282.503
276.293
262.074
249.287
132.213
56.755
42.3067
36.9682
34.6291
33.7208
33.6602
34.1834
35.1582
36.515
38.2188
40.2548
42.6218
45.3287
48.392
51.8348
55.6867
59.9836
64.7675
70.0876
76.0001
82.5697
89.8696
97.9825
107.002
117.031
128.184
140.585
154.366
169.658
186.587
205.247
225.652
247.356
265.505
286.084
302.453
298.803
281.555
265.753
130.078
55.8701
41.6749
36.4424
34.163
33.2947
33.2644
33.8136
34.8129
36.1953
37.9272
39.9958
42.4015
45.1548
48.274
51.7844
55.7176
60.1118
65.0117
70.4687
76.542
83.2986
90.8138
99.1723
108.468
118.804
130.294
143.057
157.217
172.902
190.23
209.306
230.208
252.969
275.006
298.42
321.98
321.59
301.076
282.123
127.985
55.0053
41.0611
35.9347
33.716
32.8893
32.8916
33.4695
34.4968
35.9087
37.6736
39.7803
42.2309
45.0379
48.2213
51.8086
55.8337
60.3373
65.3666
70.9761
77.2278
84.1919
91.9473
100.582
110.194
120.891
132.791
146.023
160.722
177.034
195.111
215.108
237.184
261.501
287.361
313.607
343.203
344.603
319.861
297.684
125.944
54.164
40.4671
35.4463
33.289
32.5052
32.5419
33.151
34.2094
35.6545
37.4566
39.6064
42.1079
44.9752
48.2307
51.904
56.0314
60.6563
65.829
71.6071
78.0563
85.2506
93.2735
102.218
112.189
123.302
135.685
149.482
164.851
181.97
201.037
222.281
245.961
272.382
301.761
331.897
366.528
367.334
337.398
311.772
123.959
53.3476
39.8935
34.9772
32.8816
32.1416
32.2143
32.8566
33.9485
35.4298
37.2729
39.4703
42.0278
44.9618
48.2966
52.0643
56.304
61.0619
66.3915
72.3541
79.0195
86.4662
94.7828
104.069
114.435
126.007
138.924
153.345
169.448
187.44
207.561
230.099
255.413
283.961
316.334
349.185
387.132
385.606
351.716
323.174
122.032
52.5554
39.3392
34.526
32.4918
31.7962
31.9059
32.583
33.7105
35.2305
37.1177
39.3663
41.9844
44.9902
48.4107
52.2805
56.6415
61.5431
67.0424
73.2048
80.1042
87.8241
96.4586
106.113
116.906
128.968
142.45
157.519
174.362
193.198
214.274
237.883
264.377
294.197
327.906
361.867
400.576
396.591
361.132
331
120.159
51.7852
38.8017
34.09
32.1168
31.4656
31.613
32.3257
33.4901
35.0507
36.9841
39.2868
41.9689
45.051
48.5625
52.5408
57.031
62.0861
67.767
74.1434
81.294
89.3078
98.2842
108.335
119.584
132.171
146.249
161.992
179.588
199.251
221.209
245.711
273.016
303.373
336.993
370.796
408.022
402.073
366.654
335.783
118.334
51.0332
38.2775
33.6655
31.7524
31.1454
31.3304
32.0791
33.2811
34.8831
36.8641
39.2226
41.971
45.1323
48.7387
52.8306
57.4567
62.6736
68.5469
75.151
82.5702
90.8993
100.244
110.724
122.469
135.627
150.358
166.842
185.273
205.863
228.837
254.419
282.823
314.206
348.567
382.358
419.154
408.142
371.264
338.932
116.547
50.294
37.7619
33.2478
31.3938
30.8303
31.0525
31.8368
33.076
34.7194
36.7481
39.1628
41.9783
45.2202
48.9237
53.1325
57.899
63.2846
69.3596
76.2042
83.9092
92.5767
102.321
113.269
125.563
139.359
154.831
172.171
191.589
213.316
237.607
264.742
295.025
328.773
366.253
401.657
440.721
417.803
375.584
340.49
114.781
49.5614
37.2498
32.832
31.0358
30.5147
30.7728
31.5915
32.8667
34.5503
36.6254
39.0952
41.9768
45.2988
49.0992
53.4257
58.3349
63.8931
70.1765
77.2723
85.2791
94.3082
104.484
115.947
128.852
143.37
159.693
178.03
198.617
221.716
247.627
276.703
309.388
346.296
388.357
427.074
457.583
413.466
373.057
337.972
113.017
48.8297
36.7366
32.4132
30.6731
30.1924
30.4846
31.3356
32.6446
34.3657
36.4846
39.0065
41.9513
45.3502
49.2447
53.6864
58.7367
64.4676
70.962
78.3151
86.6355
96.0457
106.684
118.706
132.286
147.616
164.912
184.411
206.376
231.095
258.883
290.08
325.039
364.088
407.41
444.427
462.345
412.854
370.058
333.575
111.277
48.1029
36.2202
31.9873
30.3004
29.8576
30.181
31.0614
32.4007
34.1556
36.3138
38.883
41.8855
45.3553
49.3375
53.8877
59.0724
64.9697
71.6702
79.2785
87.9144
97.715
108.836
121.453
135.766
151.997
170.399
191.249
214.859
241.572
271.765
305.836
344.159
386.912
432.75
471.882
466.123
410.28
364.379
326.319
109.505
47.3619
35.6902
31.5464
29.9106
29.5029
29.8543
30.7601
32.1253
33.9086
36.1001
38.7095
41.7614
45.2928
49.3521
53.9989
59.3049
65.3545
72.2465
80.0958
89.0351
99.2179
110.82
124.045
139.123
156.318
175.93
198.3
223.814
252.919
286.148
324.196
368.124
419.873
462.806
506.184
450.45
397.391
352.256
314.419
107.669
46.593
35.1373
31.0828
29.4964
29.1211
29.4969
30.4236
31.8089
33.6142
35.831
38.4713
41.5618
45.1421
49.2634
53.9894
59.3964
65.5749
72.6317
80.692
89.9023
100.434
112.485
126.289
142.115
160.273
181.123
205.074
232.591
264.186
300.397
341.707
388.307
439.321
476.185
489.918
431.358
379.541
335.255
298.203
105.745
45.7868
34.5545
30.5903
29.0518
28.706
29.1019
30.0442
31.4433
33.2625
35.4954
38.1554
41.2712
44.8844
49.049
53.8314
59.312
65.5863
72.7679
80.9913
90.416
101.231
113.658
127.96
144.448
163.484
185.498
210.989
240.54
274.836
314.692
361.135
415.562
461.847
514.446
482.225
413.185
358.345
313.969
277.93
103.718
44.9366
33.9367
30.0641
28.5721
28.2525
28.6641
29.616
31.0215
32.8459
35.0842
37.7512
40.8772
44.5052
48.6911
53.5034
59.0248
65.3539
72.608
80.9282
90.485
101.483
114.165
128.824
145.808
165.532
188.488
215.26
246.528
283.073
325.758
375.463
432.28
475.826
501.7
434.098
375.385
326.296
285.893
252.99
101.576
44.0389
33.281
29.5013
28.0541
27.7573
28.1795
29.1348
30.5389
32.359
34.5912
37.2516
40.3715
43.995
48.179
52.9931
58.5206
64.8602
72.1275
80.4611
90.0413
101.088
113.862
128.679
145.92
166.043
189.605
217.278
249.864
288.309
333.66
386.673
430.94
479.405
453.529
386.797
333.11
289.43
253.857
225.03
99.327
43.0939
32.5867
28.9009
27.4965
27.2187
27.6465
28.5985
29.9933
31.7993
34.0138
36.6537
39.7509
43.3503
47.5095
52.2985
57.8012
64.1142
71.3393
79.5792
89.046
99.9771
112.644
127.373
144.563
164.704
188.396
216.389
249.621
289.275
336.739
382.373
428.998
439.228
379.935
328.323
285.053
249.177
219.685
195.671
96.9882
42.106
31.8553
28.2633
26.8995
26.637
27.0653
28.0078
29.3855
31.1681
33.354
35.9605
39.0201
42.5783
46.6938
51.4385
56.8966
63.1593
70.2724
78.2767
87.4771
98.1192
110.465
124.836
141.627
161.326
184.523
211.936
244.443
282.162
318.84
354.893
387.406
359.292
311.652
271.469
237.656
209.388
185.965
166.775
94.5894
41.0819
31.09
27.5906
26.2646
26.0136
26.4376
27.3647
28.7185
30.4698
32.6178
35.1801
38.1898
41.6934
45.7517
50.4407
55.8464
61.9503
68.7273
76.5071
85.3382
95.5463
107.376
121.13
137.183
156.001
178.147
204.03
232.939
261.737
292.052
325.094
320.614
282.927
248.861
219.306
193.998
172.568
154.63
139.821
92.1569
40.0282
30.2938
26.8848
25.5935
25.3502
25.7654
26.672
27.9957
29.7089
31.811
34.3202
37.2691
40.7035
44.6826
49.2694
54.4369
60.1842
66.7436
74.2445
82.7244
92.4005
103.538
116.427
131.365
148.564
167.84
188.512
210.162
233.918
258.418
269.7
248.32
220.34
195.842
174.482
156.013
140.214
126.867
115.761
89.7116
38.9498
29.4691
26.1473
24.8874
24.6479
25.0498
25.9306
27.2184
28.887
30.9366
33.3854
36.2661
39.6229
43.5057
47.8852
52.7055
58.168
64.4236
71.5389
79.5419
88.4949
98.5149
109.731
122.218
135.928
150.823
167.076
184.708
202.466
215.091
206.84
187.277
168.9
152.208
137.314
124.216
112.859
103.163
95.0264
87.2625
37.8484
28.6166
25.3786
24.1465
23.9064
24.2897
25.1386
26.3837
28
29.989
32.3704
35.1779
38.4533
42.1524
46.1466
50.5883
55.6065
61.2887
67.6567
74.68
82.3404
90.6675
99.716
109.562
120.287
131.902
144.173
156.116
165.061
165.147
154.4
141.398
129.172
117.884
107.641
98.4987
90.4682
83.5374
77.6725
84.8071
36.7229
27.7358
24.5782
23.3696
23.1238
23.4822
24.2912
25.4837
27.036
28.951
31.2507
33.971
37.0638
40.3486
43.9147
47.8564
52.2459
57.1214
62.475
68.268
74.4738
81.1009
88.1834
95.7567
103.798
112.11
120.116
126.571
129.201
124.198
115.742
107.32
99.221
91.6066
84.5884
78.2393
72.5991
67.6833
63.4897
82.334
35.5702
26.8252
23.7451
22.556
22.2987
22.6244
23.3833
24.5095
25.9793
27.7951
29.9755
32.5173
35.2481
38.1296
41.2263
44.5992
48.2879
52.3043
56.6329
61.2453
66.1187
71.2444
76.616
82.1976
87.863
93.2975
97.8361
100.231
98.8169
93.9785
88.237
82.5688
77.0818
71.8714
67.0192
62.5818
58.6036
55.1111
52.1113
79.8281
34.3864
25.8836
22.879
21.7056
21.4313
21.7165
22.4146
23.4597
24.8265
26.5136
28.5311
30.8049
33.1415
35.5989
38.2182
41.0334
44.0616
47.302
50.739
54.3498
58.1103
61.9948
65.9609
69.9211
73.6988
76.965
79.1361
79.2824
76.4297
72.5212
68.5681
64.6529
60.8406
57.1966
53.779
50.631
47.7892
45.2794
43.1126
77.2652
33.1665
24.91
21.9806
20.8203
20.5244
20.7626
21.3913
22.3446
23.5964
25.1426
26.9829
28.9442
30.8802
32.923
35.0975
37.4131
39.8711
42.4637
45.1756
47.9864
50.8699
53.7896
56.6843
59.4438
61.8739
63.6307
64.1378
62.6667
60.0928
57.3025
54.4845
51.6868
48.9549
46.3353
43.8633
41.5757
39.5038
37.666
36.0728
74.6147
31.9047
23.9034
21.0513
19.903
19.5823
19.7684
20.3207
21.1739
22.3009
23.6939
25.302
26.9236
28.5561
30.2593
32.0539
33.9446
35.9285
37.9965
40.1347
42.3237
44.536
46.7288
48.8303
50.7196
52.1954
52.9326
52.4722
50.7069
48.5685
46.4515
44.349
42.2718
40.2466
38.3023
36.4609
34.7509
33.1982
31.8164
30.6152
71.8428
30.5947
22.8632
20.093
18.9574
18.6103
18.741
19.2115
19.9562
20.9448
22.1626
23.5332
24.889
26.266
27.6906
29.1741
30.7188
32.3217
33.9753
35.6682
37.3835
39.0946
40.7564
42.2907
43.566
44.3779
44.437
43.371
41.7962
40.1881
38.5822
36.9821
35.4011
33.8584
32.3668
30.9487
29.6314
28.431
27.3587
26.4234
68.9075
29.2299
21.7892
19.1083
17.9886
17.6163
17.6914
18.0794
18.7149
19.5653
20.6113
21.7698
22.9058
24.0658
25.2626
26.4977
27.7692
29.0735
30.4049
31.7548
33.1102
34.4487
35.7273
36.8617
37.7032
38.0378
37.6774
36.663
35.3572
34.0972
32.8531
31.6129
30.3855
29.1817
28.0046
26.8782
25.8283
24.8666
24.0027
23.2454
65.7668
27.8042
20.6816
18.1007
17.0023
16.6085
16.6314
16.9408
17.4719
18.1913
19.0772
20.0536
21.0204
22.0048
23.0154
24.0513
25.1079
26.1802
27.262
28.3461
29.4226
30.4742
31.465
32.3193
32.9033
33.0286
32.399
31.4688
30.5335
29.6023
28.6644
27.7167
26.763
25.804
24.8491
23.9294
23.0631
22.2605
21.532
20.8877
62.387
26.3141
19.5422
17.0743
16.0052
15.596
15.5725
15.81
16.245
16.8438
17.5855
18.4098
19.2404
20.0845
20.947
21.8265
22.7188
23.6167
24.5129
25.4007
26.2736
27.1187
27.9088
28.5801
28.9815
28.7891
28.2369
27.6044
26.9669
26.3182
25.6501
24.9609
24.2386
23.4635
22.6688
21.8924
21.147
20.443
19.7928
19.2092
58.7481
24.7608
18.3754
16.0351
15.0045
14.5876
14.5257
14.7001
15.0488
15.5371
16.1434
16.8445
17.5795
18.3037
19.0432
19.7992
20.5658
21.3335
22.0939
22.8405
23.5684
24.2734
24.9297
25.4749
25.7926
25.6309
25.168
24.756
24.3665
23.9772
23.5754
23.1447
22.627
21.996
21.3233
20.6433
19.967
19.3084
18.6842
18.1123
54.8614
23.1537
17.1891
14.9908
14.0085
13.5927
13.5016
13.6239
13.9004
14.2973
14.7939
15.3753
16.0112
16.6605
17.2967
17.9438
18.6038
19.2669
19.9238
20.5693
21.206
21.8389
22.4625
22.9984
23.135
22.9205
22.7378
22.5946
22.4786
22.3781
22.2807
22.1487
21.8453
21.3439
20.7621
20.1348
19.4759
18.806
18.15
17.5346
50.785
21.5128
15.9966
13.9524
13.0271
12.6208
12.5098
12.5908
12.8088
13.1313
13.5381
14.016
14.5543
15.1374
15.7158
16.2861
16.8636
17.4468
18.0374
18.6363
19.2412
19.8441
20.3979
20.6469
20.6902
20.7425
20.8375
20.9772
21.1655
21.4026
21.6773
21.9307
21.9105
21.5492
21.0315
20.4043
19.6941
18.9365
18.1714
17.4398
46.6202
19.8676
14.8153
12.9332
12.0716
11.682
11.5595
11.6091
11.7803
12.0429
12.3777
12.7714
13.2147
13.6992
14.2156
14.7303
15.2402
15.7604
16.2954
16.8466
17.4046
17.9016
18.2314
18.4947
18.754
19.0464
19.3959
19.8237
20.3473
20.9789
21.7206
22.5158
22.9608
22.7821
22.2908
21.5795
20.7075
19.7431
18.754
17.8032
42.4896
18.2522
13.6648
11.9475
11.1538
10.7865
10.6595
10.6862
10.8207
11.0356
11.3132
11.6409
12.0095
12.4115
12.8397
13.2846
13.7417
14.2082
14.6784
15.144
15.5968
16.0262
16.4285
16.8317
17.2666
17.7632
18.3543
19.0755
19.9617
21.0459
22.3625
23.9277
25.2626
25.4252
24.8501
23.8811
22.6521
21.2873
19.9007
18.5857
38.5106
16.6985
12.5629
11.0085
10.2847
9.9438
9.81796
9.8292
9.93591
10.1135
10.346
10.6224
10.9345
11.2758
11.6409
12.0254
12.426
12.8393
13.261
13.6892
14.1245
14.5722
15.0423
15.5539
16.1341
16.8177
17.6459
18.667
19.9366
21.5183
23.486
25.9193
28.7876
30.2432
29.2522
27.63
25.6728
23.5976
21.5658
19.6976
34.7706
15.2316
11.5239
10.1265
9.47249
9.16091
9.04121
9.04348
9.13041
9.28001
9.47826
9.71562
9.98527
10.2822
10.6026
10.9434
11.3032
11.6811
12.0778
12.4958
12.9406
13.4219
13.9547
14.5618
15.2739
16.1315
17.1857
18.5021
20.1646
22.2805
24.9894
28.4714
32.917
37.4323
36.3126
33.2238
29.8488
26.5877
23.5989
20.9669
31.3075
13.8674
10.558
9.30894
8.72306
8.44254
8.33305
8.33214
8.40657
8.53687
8.71083
8.92025
9.15961
9.4252
9.71463
10.0267
10.3616
10.7208
11.1075
11.5275
11.9893
12.5063
13.0971
13.7877
14.6131
15.6197
16.8692
18.4437
20.4535
23.0483
26.4369
30.9177
36.9044
43.7999
47.2501
40.9876
35.0524
29.9934
25.7245
22.1513
28.1849
12.6363
9.67799
8.5626
8.0405
7.79146
7.69528
7.6962
7.7646
7.88328
8.04156
8.23263
8.45213
8.69748
8.96751
9.26237
9.58361
9.93435
10.3197
10.7472
11.2279
11.7772
12.416
13.1731
14.0867
15.2081
16.6055
18.3702
20.6236
23.5269
27.2943
32.2073
38.5812
45.2294
53.1039
48.593
40.3444
33.3065
27.6078
23.0107
25.3705
11.5297
8.88262
7.88775
7.42529
7.20789
7.12778
7.13504
7.20327
7.31726
7.46775
7.64902
7.85767
8.092
8.35174
8.63798
8.95323
9.30166
9.68953
10.1257
10.6224
11.1965
11.8705
12.6749
13.6502
14.8504
16.3472
18.2353
20.639
23.7192
27.6824
32.7696
39.2381
45.0654
52.33
53.066
44.909
36.1931
29.0765
23.4319
22.8632
10.5268
8.16312
7.28048
6.8757
6.69113
6.63027
6.64853
6.72239
6.83838
6.98842
7.16764
7.37333
7.60437
7.86104
8.14495
8.45916
8.80843
9.19963
9.64231
10.1495
10.7388
11.4338
12.2659
13.2768
14.5218
16.0737
18.0291
20.513
23.684
27.7558
32.9955
38.8041
43.8503
50.4539
53.3648
47.8111
38.5655
30.0996
23.4172
20.6106
9.59179
7.50956
6.73801
6.3915
6.24229
6.20463
6.23899
6.32459
6.44945
6.60636
6.79104
7.00112
7.23573
7.4953
7.78158
8.09777
8.4488
8.84177
9.28651
9.79644
10.3895
11.0897
11.9289
12.9496
14.2064
15.7701
17.733
20.2116
23.3524
27.3313
32.3195
37.0522
41.6362
47.5538
51.5387
48.807
39.8289
30.5108
22.9765
18.4648
8.76094
6.92855
6.263
5.97601
5.86566
5.85618
5.91276
6.01711
6.15851
6.33035
6.52851
6.75057
6.99547
7.26335
7.55565
7.87529
8.22702
8.61782
9.05754
9.55974
10.1427
10.8297
11.6526
12.6528
13.8842
15.4159
17.3368
19.7627
22.8422
26.7507
30.9751
34.467
38.7525
43.8083
47.5885
46.8627
39.9388
30.3658
22.114
16.4384
8.00583
6.41889
5.85907
5.63548
5.56963
5.59528
5.68206
5.81391
5.98129
6.17786
6.39916
6.64214
6.90487
7.18661
7.48788
7.81089
8.15984
8.54152
8.96518
9.44411
9.99644
10.6459
11.4234
12.369
13.5335
14.9821
16.7996
19.0952
21.999
25.3163
28.2959
31.4412
35.2631
39.465
42.7474
43.0458
38.2281
29.0696
20.6628
14.3961
7.34788
5.994
5.53922
5.38348
5.37016
5.44058
5.56831
5.73932
5.94522
6.17973
6.43728
6.7131
7.0034
7.30546
7.6181
7.94218
8.28112
8.64019
9.02951
9.46291
9.95866
10.5403
11.2376
12.088
13.138
14.4485
16.0968
18.1733
20.6251
23.0243
25.4867
28.2818
31.4987
34.8278
37.4427
38.1537
35.2379
27.0037
18.7819
12.3996
6.76712
5.67907
5.33547
5.25128
5.29794
5.42533
5.60872
5.83511
6.09761
6.38947
6.70265
7.02896
7.36082
7.69167
8.01711
8.33591
8.64906
8.96375
9.29141
9.64739
10.051
10.5258
11.1
11.8082
12.6953
13.8167
15.233
16.9447
18.7584
20.6715
22.7894
25.1788
27.7763
30.3035
32.2345
32.9114
31.1017
24.2253
16.5521
10.8808
6.50868
5.60853
5.33672
5.31002
5.41709
5.61171
5.86953
6.1763
6.5234
6.90228
7.30124
7.70596
8.10123
8.47275
8.81
9.10724
9.36689
9.60019
9.82302
10.0546
10.3163
10.6319
11.0295
11.5461
12.2245
13.1053
14.203
15.4581
16.8565
18.4284
20.195
22.1279
24.1098
25.8986
27.1409
27.4729
26.1097
20.9494
14.1061
15.5569
8.07374
6.30219
5.76932
5.69726
5.84537
6.12238
6.4845
6.90884
7.38248
7.89406
8.42688
8.95608
9.45079
9.87993
10.2207
10.4617
10.6141
10.7011
10.7498
10.7863
10.8344
10.921
11.0805
11.3499
11.7601
12.3318
13.0687
13.9597
15.0097
16.2191
17.5633
18.9721
20.3069
21.3542
21.9315
21.7583
20.3802
17.0446
11.486
11.0822
8.63192
7.34648
6.69679
6.6116
6.82303
7.23094
7.75851
8.359
9.01096
9.71158
10.4465
11.174
11.8289
12.3396
12.6557
12.7635
12.7015
12.5264
12.2899
12.0268
11.7691
11.5482
11.3909
11.3174
11.3774
11.6081
11.9887
12.5137
13.1779
13.9644
14.8311
15.6933
16.415
16.8288
16.8713
16.3984
15.2082
12.858
8.5913
12.5495
9.06455
8.55657
8.47466
8.69453
9.13437
9.86217
10.6546
11.4418
12.2172
13.0803
14.0603
15.0861
16.0035
16.6274
16.8412
16.6445
16.1476
15.4966
14.809
14.1518
13.5318
12.8997
12.2031
11.6333
11.2772
11.0843
11.0463
11.1492
11.3786
11.7115
12.0998
12.4539
12.6384
12.5697
12.1787
11.465
10.4377
8.89182
5.87536
14.8
10.7455
10.7588
11.8147
13.3558
15.3915
17.672
19.2828
19.656
19.2296
19.4586
20.4496
21.8432
23.1792
23.9395
23.8787
23.0365
21.6708
20.1937
18.9631
18.0539
17.1404
15.4904
13.8145
12.495
11.4989
10.7784
10.2715
9.93276
9.72764
9.6176
9.54498
9.42234
9.13593
8.65429
7.96029
7.12303
6.24586
5.30235
3.52146
18.2117
14.9037
15.0672
16.6059
19.793
25.079
36.8633
54.2357
47.9563
35.3247
30.5208
30.371
32.6
34.9644
35.8215
35.1593
33.0589
29.9211
27.0502
25.5759
25.5223
25.8256
19.9262
14.6956
12.3888
11.143
10.2514
9.52975
8.92836
8.40149
7.88971
7.30578
6.54213
5.53112
4.6231
3.8856
3.27316
2.75435
2.29381
1.63168
16.21
11.6842
9.81848
7.74686
5.08572
1.53596
2.19356
5.03313
5.7255
5.994
25.0227
34.299
40.0774
43.0437
43.7927
43.0145
41.0858
37.9258
33.2129
26.377
6.63475
4.03303
2.64459
2.46569
7.18307
8.61237
8.86894
8.62063
8.14386
7.52416
6.72795
5.58748
3.77311
1.07532
0.644275
0.542421
0.500486
0.469121
0.42597
0.383003
)
;

boundaryField
{
    inlet
    {
        type            epsilonWallFunction;
        value           nonuniform List<scalar> 10(0.0245088 0.00564748 0.000729891 0.000513665 0.000383043 0.000383043 0.000513665 0.000729893 0.00564749 0.0245088);
    }
    inletWall
    {
        type            epsilonWallFunction;
        value           nonuniform List<scalar> 
30
(
0.0313345
0.0302421
0.0284456
0.0265124
0.0245088
0.124531
0.0763049
0.0554207
0.0425493
0.0356466
1.66839
0.282342
0.23716
0.198475
0.157387
0.0313345
0.0302421
0.0284456
0.0265124
0.0245088
0.124533
0.076305
0.0554207
0.0425493
0.0356466
1.68862
0.282473
0.237186
0.198485
0.157391
)
;
    }
    bottleWall
    {
        type            epsilonWallFunction;
        value           nonuniform List<scalar> 
290
(
1.05741
5.05378
10.4803
15.8477
20.6903
25.1868
29.4229
33.4757
37.4173
41.3381
45.3199
49.5467
54.094
58.9155
64.0448
69.497
75.2454
81.2621
87.4192
93.6847
99.9954
106.215
112.304
118.085
123.415
128.357
132.936
136.946
140.402
143.272
145.547
147.28
148.461
149.097
149.244
148.957
148.291
147.28
145.972
144.428
142.683
140.798
138.779
136.657
134.453
132.189
129.881
127.541
125.181
122.809
120.431
118.053
115.676
113.303
110.933
108.565
106.192
103.814
101.43
99.0391
96.6469
94.246
91.8396
89.4412
87.0666
84.7274
82.4273
80.1636
77.926
75.6987
73.4622
71.196
68.875
66.4666
63.9292
61.2212
58.3053
55.1577
51.7791
48.2112
44.5362
40.8616
37.296
33.9251
30.7941
27.9072
25.3365
23.0186
20.8954
18.8646
16.9117
14.8857
12.898
11.7053
23.2807
12.7242
14.3823
16.741
19.73
16.2916
137.812
135.546
132.839
129.688
126.102
122.098
117.707
112.969
107.935
102.666
97.2214
91.6589
86.0565
80.7477
75.6938
70.787
65.9983
61.3303
56.7964
52.4125
48.1924
44.1472
40.2845
36.6092
33.1234
29.8272
26.719
23.7959
21.054
18.4883
16.0931
13.8616
11.7856
9.85419
8.04696
6.2859
4.65841
3.18774
1.96683
1.05741
142.415
143.009
143.293
143.325
143.194
142.962
142.556
141.888
140.917
139.614
1.18467
2.10398
3.45944
5.0785
6.84163
8.7502
10.6946
12.7623
14.9772
17.3546
19.9073
22.647
25.5847
28.7304
32.0929
35.6791
39.4935
43.5377
47.8088
52.2994
56.9961
61.88
66.9272
72.1127
77.4203
82.8644
88.5425
94.5757
100.502
106.211
111.639
116.725
121.418
125.677
129.476
132.8
135.645
138.017
139.924
141.387
1.18467
5.58772
11.4036
17.0965
22.3406
27.2247
31.8532
36.2942
40.6268
44.9445
49.3312
54.0093
58.9855
64.2249
69.7448
75.5417
81.5622
87.7714
94.0219
100.257
106.424
112.458
118.228
123.712
128.655
133.138
137.182
140.786
143.853
146.367
148.327
149.739
150.604
150.949
150.813
150.249
149.311
148.055
146.526
144.772
142.857
140.823
138.708
136.549
134.376
132.213
130.078
127.985
125.944
123.959
122.032
120.159
118.334
116.547
114.781
113.017
111.277
109.505
107.669
105.745
103.718
101.576
99.327
96.9882
94.5894
92.1569
89.7116
87.2625
84.8071
82.334
79.8281
77.2652
74.6147
71.8428
68.9075
65.7668
62.387
58.7481
54.8614
50.785
46.6202
42.4896
38.5106
34.7706
31.3075
28.1849
25.3705
22.8632
20.6106
18.4648
16.4384
14.3961
12.3996
10.8808
15.5569
11.0822
12.5495
14.8
18.2117
16.21
)
;
    }
    atmosphere
    {
        type            inletOutlet;
        inletValue      uniform 0.1;
        value           nonuniform List<scalar> 
80
(
0.1
0.1
0.1
0.1
0.1
0.1
0.1
3.37747
5.03243
6.08751
6.82762
7.41303
7.91436
8.32822
8.58446
8.48886
7.47263
0.1
0.1
0.1
47.4435
51.2168
48.13
46.8921
46.5929
46.8251
47.4853
48.3189
48.4043
47.8646
46.2101
0.1
0.1
0.1
0.1
4.8166
6.98601
9.06424
11.3718
16.2916
16.21
11.6842
9.81848
7.74686
5.08572
0.1
0.1
0.1
0.1
0.1
25.0227
34.299
40.0774
43.0437
43.7927
43.0145
41.0858
37.9258
33.2129
26.377
0.1
0.1
0.1
0.1
7.18307
8.61237
8.86894
8.62063
8.14386
7.52416
6.72795
5.58748
3.77311
0.1
0.1
0.1
0.1
0.1
0.1
0.1
)
;
    }
    frontAndBack
    {
        type            empty;
    }
}


// ************************************************************************* //
