/*--------------------------------*- C++ -*----------------------------------*\
  =========                 |
  \\      /  F ield         | OpenFOAM: The Open Source CFD Toolbox
   \\    /   O peration     | Website:  https://openfoam.org
    \\  /    A nd           | Version:  8
     \\/     M anipulation  |
\*---------------------------------------------------------------------------*/
FoamFile
{
    version     2.0;
    format      ascii;
    class       volScalarField;
    location    "9.2";
    object      p;
}
// * * * * * * * * * * * * * * * * * * * * * * * * * * * * * * * * * * * * * //

dimensions      [1 -1 -2 0 0 0 0];

internalField   nonuniform List<scalar> 
9150
(
-230.58
-231.584
-232.211
-232.654
-232.874
-232.869
-232.626
-232.136
-231.487
-230.482
-250.626
-251.136
-251.557
-251.873
-252.042
-252.016
-251.819
-251.494
-251.06
-250.548
-270.51
-270.786
-271.034
-271.248
-271.355
-271.338
-271.217
-270.991
-270.727
-270.445
-290.243
-290.412
-290.576
-290.722
-290.796
-290.794
-290.706
-290.537
-290.363
-290.187
-309.862
-310.037
-310.17
-310.292
-310.343
-310.336
-310.268
-310.133
-309.99
-309.811
-145.11
-145.812
-145.411
-144.892
-144.54
-144.379
-144.408
-144.632
-144.918
-144.18
-160.295
-161.019
-161.135
-161.128
-160.948
-160.85
-160.848
-160.691
-160.518
-159.786
-176.64
-177.415
-177.715
-178.021
-178.027
-177.981
-177.859
-177.45
-177.119
-176.345
-193.431
-194.596
-195.08
-195.677
-195.823
-195.785
-195.542
-194.906
-194.411
-193.245
-210.502
-212.526
-213.301
-213.966
-214.212
-214.173
-213.868
-213.179
-212.398
-210.378
-64.839
-63.793
-60.7197
-57.6863
-54.835
-51.9389
-49.1637
-46.6729
-43.7276
-42.7111
-78.8124
-78.1149
-76.97
-75.1188
-73.4763
-71.6242
-69.7331
-68.0763
-66.2498
-65.7111
-95.6023
-94.8208
-94.8355
-93.4455
-92.6577
-91.4297
-90.1887
-89.7836
-88.2659
-88.1817
-116.54
-113.255
-113.819
-111.638
-111.136
-110.402
-110.054
-110.785
-109.825
-112.295
-140.78
-131.146
-130.478
-128.727
-128.076
-127.772
-128.014
-128.871
-129.355
-138.355
1773.87
1773.91
1773.99
1774.08
1774.11
1774.07
1773.99
1773.87
1773.78
1773.7
1754.11
1754.1
1754.16
1754.25
1754.34
1754.36
1754.3
1754.27
1754.22
1754.14
1734.27
1734.23
1734.23
1734.28
1734.35
1734.51
1734.72
1734.83
1734.81
1734.66
1715.12
1715.09
1715.13
1715.02
1715.3
1715.38
1715.37
1715.37
1715.25
1715.02
1696.22
1696.53
1696.22
1696.27
1696.27
1696.18
1695.99
1695.82
1695.51
1695.05
1676.94
1677.03
1677.18
1677.23
1677.34
1677.76
1677.16
1676.68
1676.07
1675.56
1657.9
1658.26
1658.46
1658.77
1659.65
1658.92
1658.53
1658.06
1657.44
1656.82
1638.56
1639.07
1639.74
1640.74
1639.65
1639.7
1639.36
1638.76
1638.56
1638.3
1618.82
1619.64
1620.14
1619.94
1620.03
1619.96
1619.75
1619.69
1619.61
1618.54
1600.24
1600.39
1600.13
1600.35
1600.4
1600.35
1600.17
1600.64
1600.33
1599.82
1581.5
1580.83
1580.85
1581.02
1581.05
1581.01
1580.95
1581
1580.88
1580.16
1561.9
1561.83
1561.78
1561.79
1561.75
1561.66
1561.54
1561.44
1561.4
1561.08
1542.74
1542.61
1542.5
1542.45
1542.42
1542.27
1542.12
1541.96
1541.96
1542
1523.2
1523.11
1523.03
1522.97
1522.91
1522.86
1522.66
1522.35
1522.09
1521.9
1503.63
1503.56
1503.51
1503.47
1503.4
1503.28
1503.21
1503
1502.73
1502.35
1484.03
1483.95
1483.9
1483.88
1483.84
1483.75
1483.58
1483.37
1483.08
1482.83
1464.3
1464.22
1464.17
1464.15
1464.15
1464.09
1463.94
1463.69
1463.54
1463.37
1444.58
1444.47
1444.4
1444.38
1444.52
1444.61
1444.53
1444.29
1444.3
1444.06
1424.51
1424.29
1424.38
1424.58
1425.49
1425.49
1425.24
1424.74
1424.4
1423.84
1404.61
1404.59
1404.55
1408.09
1407.25
1406.03
1405.15
1404.16
1403.33
1403.98
1385.51
1385.84
1385.13
1384.57
1385.33
1385.41
1385.14
1384.78
1384.6
1385.11
1366.25
1365.98
1365.27
1365.16
1365.42
1365.32
1365.1
1365.09
1365.32
1365.46
1347.29
1347.32
1346.98
1345.72
1345.68
1345.47
1344.82
1345.65
1345.22
1346.15
1326.5
1328.21
1328.38
1325.64
1325.49
1325.94
1325.06
1325.81
1326.08
1326.32
1304.55
1304.18
1304.47
1304.35
1304.32
1304.72
1305.76
1306.3
1306.77
1307.3
1281.5
1281.9
1281.88
1282.15
1282.64
1283.41
1284.47
1285.53
1286.76
1287.9
1261.76
1260.95
1261.07
1260.29
1260.89
1262.03
1263.41
1264.93
1266.39
1267.67
1243.65
1242.88
1242.16
1241.36
1241.16
1242.09
1243.12
1244.35
1245.62
1246.91
1225.4
1224.6
1223.76
1222.99
1222.81
1222.92
1223.29
1223.96
1224.87
1225.74
1207.64
1206.97
1205.15
1204.82
1204.38
1204.15
1204.24
1204.53
1204.8
1204.82
1188.42
1187.42
1186.67
1186.01
1185.27
1185.18
1185.3
1185.77
1186.13
1186.17
1170.48
1169.74
1168.8
1168.18
1167.74
1167.92
1167.93
1168.49
1169.1
1169.36
1152.97
1152.67
1152.37
1152.08
1151.84
1151.82
1151.67
1152.07
1152.56
1152.9
1136.14
1136.3
1136.18
1136
1135.82
1135.64
1135.6
1135.84
1136.22
1136.48
1119.45
1119.84
1119.91
1119.63
1119.21
1118.97
1118.89
1119
1119.37
1119.73
1102.32
1102.46
1102.83
1101.92
1101.66
1101.47
1101.25
1101.27
1101.54
1101.95
1085.15
1085.61
1085.1
1084.64
1084.1
1083.66
1083.19
1085.3
1083.43
1083.82
1068.59
1067.99
1067.63
1067.35
1066.6
1065.86
1066.09
1065.52
1064.84
1064.3
1050.79
1049.77
1049.23
1048.6
1047.34
1048.29
1045.8
1045.7
1045.56
1045.13
1032.08
1030.94
1030.77
1029.91
1028.39
1027.24
1026.84
1025.84
1025.56
1025.43
1013.83
1012.61
1011.59
1010.98
1009.92
1008.71
1007.77
1007.03
1005.88
1005.61
994.368
993.117
991.742
991.662
989.717
988.882
987.846
986.795
986.028
985.466
973.153
972.305
970.985
969.853
968.729
967.805
966.935
965.759
964.841
965.343
951.949
951.005
949.172
947.968
947.163
946.41
946.041
944.274
943.973
943.936
930.792
929.557
927.949
926.934
926.492
925.897
925.069
924.125
923.588
923.147
909.793
908.591
906.921
910.256
908.006
907
906.388
905.247
904.122
903.33
890.143
888.517
888.79
888.991
888.721
887.891
887.225
886.201
885.218
884.371
870.433
869.533
870.257
870.031
869.738
869.143
868.375
867.782
867.065
866.393
850.684
850.149
850.438
851.133
851.265
851.18
849.883
849.828
849.888
849.725
830.841
831.836
832.163
831.815
831.961
834.136
830.979
832.102
832.692
833.161
811.726
812.061
811.831
811.31
811.595
812.881
813.735
814.435
816.209
817.031
792.581
792.621
792.655
792.481
792.807
793.055
793.257
794.417
795.174
796.156
773.879
773.452
772.764
773.295
772.229
772.968
772.097
772.679
773.135
773.317
753.709
753.473
752.655
751.63
750.531
749.879
749.841
749.89
749.973
749.788
735.133
733.879
732.235
730.159
728.229
726.197
724.226
722.717
722.22
722.316
715.136
713.817
711.541
710.147
704.633
698.866
693.938
690.689
690.047
691.111
695.691
693.984
691.255
687.428
682.156
673.08
668.599
667.983
666.775
667.685
674.547
672.89
669.764
665.493
659.562
653.475
650.022
647.696
645.496
644.827
653.134
646.851
644.625
641.75
637.889
633.766
630.48
627.116
624.897
624.453
626.635
624.938
622.185
619.202
616.159
613.487
610.975
608.555
605.877
603.339
604.317
602.792
600.931
598.43
595.072
592.801
591.445
589.876
588.062
586.597
580.444
579.827
578.812
577.532
575.503
573.507
571.694
570.339
569.66
569.338
552.028
554.022
554.571
554.611
553.714
552.991
552.195
551.651
551.166
551.547
522.471
526.092
529.116
531.439
531.959
532.132
531.999
531.819
532.678
533.576
498.306
503.784
508.317
510.92
512.619
513.313
513.158
513.325
514.242
515.765
485.507
489.409
494.702
494.566
496.853
496.967
499.455
498.237
500.461
502.127
477.444
476.773
478.842
480.808
482.783
483.84
485.535
486.953
485.401
488.136
463.891
464.832
465.208
469.858
472.937
473.601
471.257
473.344
475.4
474.178
453.092
453.604
453.425
456.404
460.676
456.054
459.819
457.965
461.065
464.568
442.383
442.191
441.115
439.567
442.821
447.157
442.674
446.429
448.124
449.731
432.377
433.101
430.242
425.446
427.637
431.596
436.647
432.427
435.992
435.407
412.956
414.471
412.511
414.383
424.052
410.393
420.619
423.199
422.832
420.377
398.865
398.646
398.902
398.161
410.97
410.126
407.707
413.393
409.334
405.083
381.825
383.298
385.881
391.108
394.887
392.221
391.947
391.661
394.566
387.74
360.399
364.985
366.746
368.83
370.34
370.863
371.271
370.448
369.056
368.098
345.42
348.701
350.092
350.655
351.135
351.27
351.144
350.692
349.811
348.799
334.084
335.238
335.133
334.233
332.628
331.455
330.794
330.633
335.018
340.43
326.208
324.99
323.626
323.317
323.67
323.337
323.792
329.867
329.204
326.637
319.705
313.388
313.508
315.572
315.676
316.043
316.807
317.364
314.946
317.87
300.916
305.357
306.537
306.186
306.042
306.394
306.655
306.053
303.197
303.148
288.902
290.305
289.854
290.973
292.619
295.352
296.317
294.527
287.984
284.89
274.161
275.349
276.274
277.587
276.831
277.825
277.913
271.18
269.235
267.06
253.028
254.745
256.775
258.334
258.715
258.151
257.012
254.98
251.955
248.34
231.22
232.717
234.006
235.438
237.747
239.662
238.542
236.147
232.019
227.298
206.871
208.407
208.345
207.254
209.47
210.411
209.684
209.194
203.482
201.796
188.044
187.165
185.104
181.911
180.581
181.469
180.781
178.708
176.809
173.792
173.026
172.748
171.476
167.163
165.415
165.164
163.372
160.334
158.272
153.703
159.154
159.597
158.91
154.876
153.431
153.11
151.138
149.361
145.873
139.793
148.044
145.414
141.334
141.577
140.907
140.902
138.676
143.202
136.255
132.189
129.02
130.643
130.337
131.368
129.564
128.86
128.47
127.597
126.036
123.373
117.022
119.927
117.879
119.705
116.411
115.517
115.151
114.941
114.573
112.992
107.828
110.239
109.685
105.611
103.594
101.768
100.718
100.169
100.163
99.8938
96.4859
97.2947
95.6404
91.4479
88.8899
86.2588
84.0042
83.297
82.8395
83.0235
85.4022
88.7816
81.5727
76.8125
72.0704
67.6992
63.7478
72.2582
66.0807
64.158
69.3828
69.3754
63.8672
58.1332
51.8974
45.2774
38.5423
51.0897
44.6508
43.785
52.433
47.015
42.5913
37.336
32.8253
26.2479
17.9522
25.2761
25.2415
26.1223
30.6856
23.7046
23.0696
19.7907
16.8949
11.8315
9.04197
16.0868
6.53251
9.85362
8.20348
3.58581
3.72949
1.48234
1.28093
-0.73464
0.0924526
3.79099
3.19067
-1.89629
-21.3138
-27.7366
-20.9687
-19.6263
-17.4002
-15.5518
-12.9338
-9.57702
-12.6461
-14.7893
-52.4401
-54.7122
-44.1426
-40.0126
-36.3761
-32.882
-29.3627
-25.481
-19.7664
-10.2834
1773.61
1773.56
1773.53
1773.38
1773.37
1773.4
1773.42
1773.5
1773.63
1773.79
1773.98
1774.21
1774.47
1774.77
1775.04
1775.28
1775.47
1775.66
1775.86
1776.02
1776.19
1776.34
1776.41
1776.48
1776.64
1776.4
1776.34
1776.28
1776.23
1776.18
1776.14
1776.11
1776.07
1776.07
1776.07
1776.12
1776.2
1776.24
1776.24
1776.25
1754.06
1753.99
1753.86
1753.77
1753.7
1753.66
1753.61
1753.71
1753.86
1754.03
1754.23
1754.47
1754.77
1755.12
1755.45
1755.69
1755.89
1756.07
1756.25
1756.49
1756.66
1756.81
1756.91
1757.11
1757.1
1756.93
1756.85
1756.74
1756.64
1756.55
1756.48
1756.42
1756.36
1756.37
1756.41
1756.47
1756.55
1756.6
1756.62
1756.64
1734.51
1734.37
1734.18
1734.03
1733.94
1733.9
1733.91
1733.93
1734.02
1734.16
1734.34
1734.6
1735
1735.35
1735.75
1736
1736.1
1736.28
1736.54
1736.91
1737.3
1737.28
1737.51
1737.58
1737.57
1737.5
1737.36
1737.22
1737.1
1737.02
1736.92
1736.72
1736.69
1736.68
1736.7
1736.73
1736.85
1736.94
1736.99
1737.01
1714.83
1714.63
1714.44
1714.25
1714.11
1714.02
1713.99
1713.92
1714.01
1714.12
1714.29
1714.49
1714.95
1715.58
1716.09
1716.39
1716.56
1716.66
1716.86
1717.01
1717.32
1717.51
1717.56
1717.65
1717.71
1717.63
1717.55
1717.43
1717.25
1717.05
1716.83
1716.88
1717.07
1717.07
1717.17
1717.14
1717
1717.21
1717.37
1717.43
1694.62
1694.06
1693.74
1694.02
1693.91
1694.1
1694.06
1694.03
1693.73
1693.6
1693.52
1693.75
1694.54
1695.66
1695.97
1695.95
1696.07
1696.18
1696.63
1696.78
1697.19
1697.2
1697.5
1697.66
1697.65
1697.68
1697.59
1697.41
1697.2
1697.03
1697.2
1697.61
1697.92
1698.08
1698.08
1698.05
1697.88
1697.91
1697.93
1697.98
1675.18
1674.69
1674.39
1674.18
1673.96
1673.81
1673.77
1673.79
1673.67
1673.57
1673.43
1673.91
1675.12
1674.8
1675.23
1675.44
1675.61
1675.73
1675.98
1676.26
1676.37
1676.47
1676.68
1676.9
1676.99
1677.01
1677.05
1677.15
1677.3
1677.63
1678.3
1678.69
1678.95
1678.94
1678.78
1678.65
1678.45
1678.64
1678.61
1678.67
1656.22
1655.28
1655.11
1654.85
1654.57
1654.3
1654.03
1653.67
1653.45
1653.5
1653.9
1654.38
1654.87
1654.92
1654.89
1655.12
1654.89
1655.01
1655.15
1655.12
1655.27
1655.39
1655.46
1655.58
1655.76
1655.95
1656.2
1656.54
1656.94
1657.37
1657.87
1658.55
1658.96
1659.31
1659.16
1658.95
1658.71
1658.99
1659.2
1659.09
1636.98
1636.49
1635.86
1635.42
1635.22
1635.07
1634.65
1634.06
1633.92
1634.01
1634.29
1634.59
1634.84
1634.87
1634.8
1634.67
1634.3
1634.29
1634.04
1634.05
1634.02
1634.06
1634.12
1634.23
1634.46
1634.72
1635.09
1635.57
1636.13
1636.76
1637.42
1638
1638.56
1639.02
1639.19
1639.24
1639.37
1639.64
1639.8
1639.94
1618.27
1617.54
1617.1
1617.36
1616.69
1615.9
1615.64
1615.17
1615.21
1615.18
1615.13
1615.11
1615.05
1614.64
1614.62
1614.14
1614.02
1613.58
1613.14
1612.81
1612.53
1612.51
1612.68
1613.02
1613.48
1614.01
1614.55
1615.16
1615.79
1616.31
1617.04
1617.73
1618.35
1618.79
1619.29
1619.99
1620.22
1620.43
1620.49
1621.08
1600.04
1598.57
1598.59
1598.4
1597.82
1597.25
1596.85
1596.5
1596.29
1596.36
1596.25
1595.97
1595.31
1594.71
1594.26
1593.7
1593.19
1592.73
1592.14
1592.05
1591.25
1591.32
1591.56
1592.1
1592.71
1593.42
1594.24
1594.94
1595.67
1596.41
1597.1
1597.7
1598.41
1599
1599.68
1600.62
1600.81
1601.05
1601.1
1602.14
1580.33
1579.83
1579.78
1579.72
1579.18
1578.07
1577.72
1577.55
1577.25
1576.78
1576.6
1576.03
1575.17
1574.61
1574.03
1573.41
1572.75
1572.17
1571.69
1571.51
1571.06
1570.83
1571.16
1571.77
1572.41
1573.17
1574.01
1574.7
1575.76
1576.45
1577.28
1578.01
1578.57
1579.31
1579.98
1580.51
1580.83
1581.58
1581.73
1582.14
1560.55
1560.43
1560.06
1559.92
1559.81
1558.77
1558.61
1558.43
1558.02
1557.54
1557.09
1556.32
1555.41
1554.61
1553.82
1553.04
1552.32
1551.68
1551.23
1551.24
1551.18
1551.17
1551.35
1551.88
1552.27
1552.96
1553.82
1554.73
1555.66
1556.65
1557.51
1558.35
1559.22
1559.86
1560.12
1560.82
1561.23
1561.15
1562.84
1562.18
1540.95
1540.64
1540.4
1540.16
1539.8
1539.25
1538.82
1538.8
1538.93
1538.3
1537.02
1536.23
1535.51
1534.47
1533.5
1533.09
1532.5
1531.16
1530.17
1529.72
1530.17
1530.93
1531.77
1531.98
1532.3
1532.73
1533.53
1534.54
1535.61
1536.8
1537.84
1538.77
1539.53
1540.19
1540.85
1541.22
1541.61
1541.96
1542.28
1542.62
1521.47
1521.11
1520.83
1520.61
1520.24
1520.08
1520.33
1520.06
1519.91
1519.46
1518.5
1517.44
1516.83
1515.41
1513.66
1513.16
1513.07
1511.69
1509.45
1507.38
1508.39
1510.26
1511.17
1511.85
1512.09
1512.12
1512.66
1514.14
1515.68
1517.17
1518.42
1519.41
1520.25
1520.94
1521.44
1522.09
1522.37
1522.8
1523.03
1523.25
1501.99
1501.67
1501.43
1501.31
1501.29
1502.12
1502.29
1502.09
1501.79
1502.42
1501.66
1500.42
1499.54
1498.84
1497.6
1495.83
1496.15
1493.93
1494.06
1490.46
1491.36
1492.72
1493.38
1494.11
1494.31
1494.19
1493.76
1494.72
1496.49
1498.2
1499.57
1500.6
1501.38
1502.02
1502.53
1502.94
1503.42
1503.57
1503.84
1503.93
1482.57
1482.3
1482.12
1482.17
1483.1
1483.96
1482.82
1482.74
1483.2
1482.77
1482.35
1481.92
1481.9
1481.23
1480.27
1480.43
1478.27
1478.81
1477.31
1476.14
1474.83
1475.81
1476.9
1477.47
1477.5
1477.32
1477.41
1477.46
1478.53
1480.16
1481.33
1482.16
1482.76
1483.25
1483.67
1484.04
1484.49
1484.67
1484.73
1484.83
1463.22
1463.14
1463.73
1464.05
1463.77
1463.55
1463.7
1463.69
1463.72
1463.63
1463.39
1463.16
1462.69
1462.39
1461.63
1461.78
1461.53
1460.8
1460.8
1460.87
1460.42
1460.15
1460.46
1460.65
1460.73
1460.77
1461.24
1460.59
1460.95
1462.08
1463.01
1463.6
1464.01
1464.38
1464.73
1465.06
1465.36
1465.68
1465.66
1465.72
1443.86
1443.73
1444.22
1443.96
1444.03
1444.12
1444.18
1444.22
1444.23
1444.15
1444.03
1443.85
1443.53
1443.04
1442.62
1442.7
1443.04
1443.71
1444.51
1445.27
1444.77
1444.43
1444.64
1444.73
1444.59
1443.15
1443.01
1442.88
1443.07
1443.62
1444.13
1444.56
1444.83
1445.15
1445.53
1445.89
1446.21
1446.42
1446.78
1446.62
1424
1424.41
1424.66
1424.68
1424.69
1424.7
1424.73
1424.76
1424.75
1424.7
1424.66
1424.53
1424.3
1424.02
1423.76
1423.77
1424.2
1424.99
1426.33
1425.98
1425.89
1426.03
1426
1425.91
1425.4
1424.89
1424.39
1424.08
1423.98
1424.15
1424.47
1425.24
1425.29
1425.58
1425.99
1426.4
1426.75
1427.03
1427.68
1427.5
1404.77
1404.8
1404.78
1404.72
1404.89
1405.08
1405.25
1405.28
1405.28
1405.28
1405.17
1405.08
1404.92
1404.78
1404.71
1404.67
1404.58
1405.6
1405.97
1406.14
1406.3
1406.47
1406.48
1406.17
1405.72
1405.28
1404.97
1404.77
1404.77
1405.03
1405.25
1405.51
1405.72
1405.94
1406.36
1406.83
1407.15
1407.36
1408
1407.78
1385.32
1384.86
1384.31
1384.67
1385.19
1385.66
1385.9
1385.78
1385.8
1385.9
1385.81
1385.67
1385.49
1385.54
1385.69
1385.38
1388.01
1385.68
1385.88
1386.33
1386.25
1386.43
1386.46
1386.31
1386.16
1386
1385.95
1385.78
1385.65
1385.69
1385.75
1385.69
1385.82
1385.98
1386.24
1386.7
1387.18
1387.72
1388.08
1387.94
1365.06
1365.95
1366.16
1366.56
1366.66
1366.38
1366.7
1366.7
1366.75
1366.98
1367.36
1368.42
1369.22
1369.19
1369.09
1369.89
1369.4
1367.71
1367.01
1366.89
1366.72
1366.61
1366.58
1366.53
1366.39
1366.19
1366.33
1365.87
1365.72
1365.59
1365.48
1365.42
1365.42
1365.65
1365.99
1366.42
1366.84
1367.32
1367.38
1367.61
1345.47
1346.97
1347.45
1347.86
1348.16
1348.37
1348.51
1348.8
1349.3
1349.5
1350.13
1350.08
1349.89
1349.83
1349.58
1349.46
1349
1348.46
1348.06
1347.55
1347.25
1347.06
1346.99
1346.9
1346.78
1346.65
1346.56
1346.38
1346.18
1346.02
1345.88
1345.92
1345.92
1346.04
1346.14
1346.55
1346.89
1347.15
1347.03
1347.21
1327.33
1328.54
1329.07
1329.36
1329.05
1328.32
1329.73
1329.59
1328.27
1329.32
1329.97
1330.58
1330.83
1330.49
1330.17
1329.82
1329.33
1328.87
1328.55
1328.23
1327.77
1327.53
1327.4
1327.71
1327.02
1326.93
1326.91
1326.91
1326.85
1326.84
1327.06
1327.07
1327.1
1327.25
1327.35
1327.41
1327.43
1327.46
1327.29
1327.63
1308.09
1308.81
1310.15
1309.57
1308.82
1307.92
1307.37
1307.14
1306.62
1307.07
1307.94
1308.83
1309.3
1309.52
1309.85
1309.91
1309.78
1309.47
1309.04
1308.63
1308.79
1308.09
1308.01
1308.27
1307.15
1307.07
1307.18
1307.28
1307.42
1307.58
1307.86
1307.78
1307.79
1307.79
1307.83
1307.92
1307.96
1308.22
1308.98
1308.34
1288.89
1289.81
1290.45
1290.13
1288.61
1287.37
1285.95
1284.84
1284.3
1284.39
1285.13
1285.48
1286.83
1287.96
1288.83
1289.31
1289.42
1289.3
1289.07
1288.76
1288.7
1289.68
1289.44
1289.25
1288.36
1288.14
1287.96
1287.9
1288.09
1288.31
1288.44
1288.41
1288.33
1288.22
1288.11
1287.91
1288.14
1288.76
1289.61
1288.81
1268.71
1269.9
1270.48
1269.98
1268.97
1267.65
1266.24
1265.93
1265.83
1265.06
1266.83
1267.24
1267.94
1268.36
1268.85
1269.22
1269.36
1269.4
1269.18
1268.97
1268.98
1269.18
1270.14
1270.14
1269.91
1269.66
1269.16
1268.79
1269.02
1269.23
1269.12
1268.88
1268.58
1268.25
1268.05
1268.15
1269.56
1269.15
1268.94
1268.86
1248.09
1249.02
1249.59
1249.85
1249.22
1247.76
1248.79
1247.89
1248.34
1248.2
1247.36
1248.38
1249.69
1249.77
1249.78
1249.68
1249.45
1249.41
1249.44
1249.6
1249.83
1250.15
1250.41
1250.31
1250.8
1250.98
1251.34
1250.4
1250.35
1250.74
1250.51
1250.04
1249.53
1248.86
1248.66
1249.21
1249.52
1249.31
1249.1
1249.22
1226.46
1226.9
1226.81
1226.43
1226.58
1227.27
1228.21
1228.86
1229.17
1229.56
1230.1
1230.89
1231.48
1230.81
1230.42
1230.07
1229.57
1229.32
1229.1
1229.37
1229.73
1230.07
1230.04
1229.93
1229.92
1229.88
1230.92
1230.62
1231.11
1231.26
1231.07
1231.48
1231.21
1230.11
1229.92
1229.85
1229.82
1229.92
1229.8
1229.78
1204.44
1203.35
1202.39
1202.12
1204.49
1208.88
1209.1
1211.64
1210.52
1212.25
1212.27
1211.27
1210.61
1210.57
1210.52
1210.02
1209.28
1208.6
1207.94
1208.46
1208.61
1208.95
1208.89
1208.68
1208.65
1209.39
1210.24
1211.22
1211.53
1211.28
1211.48
1211.47
1210.93
1210.73
1210.31
1209.54
1209.8
1209.92
1209.98
1210.01
1185.81
1184.85
1186.17
1186.45
1185.13
1185.52
1185.79
1187.2
1190.05
1191.39
1190.83
1190.73
1189.78
1189.07
1189.17
1188.66
1188.28
1188.14
1189.89
1186.16
1187.26
1188
1188.08
1187.98
1188.07
1189.97
1189.94
1191.5
1191.8
1191.57
1191.65
1191.79
1191.5
1191.16
1190.68
1189.81
1190.1
1190.12
1190.51
1190.79
1169.18
1169.38
1169.16
1168.52
1166.59
1163.26
1162.68
1164.33
1166.65
1167.94
1167.29
1166.43
1165.8
1165.07
1165.87
1166.99
1166.97
1169.81
1170.02
1164.63
1166.6
1167.71
1167.79
1167.58
1167.81
1169.81
1170.72
1171.91
1172.5
1171.95
1172.18
1172.3
1172.24
1172.13
1171.64
1171.95
1172.16
1170.97
1171.92
1171.74
1153.1
1154.06
1153.94
1152.18
1149.6
1146.37
1144.23
1144.82
1145.62
1145.1
1146.06
1145.88
1145.4
1143.77
1145.08
1147.18
1147.31
1148.9
1147.33
1146.06
1147.17
1146.87
1146.62
1146.9
1147.16
1149.89
1150.91
1152.68
1152.63
1152.71
1153.3
1153.32
1153.14
1152.95
1153.39
1152.86
1152.33
1154.24
1152.17
1152.55
1136.52
1136.51
1136.37
1135.62
1134.6
1133.49
1131.35
1130.3
1129.91
1126.61
1130.23
1129.29
1129.84
1127.56
1127.56
1129.59
1130.75
1130.57
1129
1128.16
1126.2
1126.84
1125.45
1126.49
1127.89
1130.94
1132.05
1133.42
1133.22
1133.44
1134.54
1134.01
1134.83
1134.59
1134.04
1134.42
1134.61
1134.55
1134.59
1134.4
1120.08
1119.83
1118.94
1118.77
1118.25
1117.54
1115.94
1115.4
1114.24
1112.92
1112.61
1113.21
1111.67
1112.19
1113.53
1114.4
1114.7
1113.4
1113.17
1110.92
1116.25
1111.18
1108.49
1108.3
1109.83
1111.99
1113.49
1114.49
1114.79
1114.76
1114.39
1114.61
1114.97
1114.66
1114.4
1114.55
1114.93
1114.23
1117.42
1116.14
1102.03
1102.8
1102.63
1104.31
1098.54
1099.36
1099.12
1099.04
1098.35
1098.06
1097.98
1097.59
1096.41
1096.62
1097.14
1096.57
1097.01
1097.29
1096.89
1096.03
1101.54
1094.02
1093.11
1092.83
1093.19
1094.03
1094.83
1095.33
1095.44
1095.43
1095.23
1096.16
1095.17
1094.57
1096.02
1095.4
1095.79
1098.28
1098.89
1100.48
1082.36
1083.93
1085.01
1083.29
1081.87
1081.77
1081.6
1081.47
1081.5
1081.51
1082.36
1081.88
1080.76
1079.34
1078.57
1078.13
1077.42
1076.95
1076.85
1077.12
1086.83
1075.04
1074.05
1073.39
1073.05
1073.62
1074.55
1075.26
1075.9
1077.56
1078.42
1078.56
1078.51
1077.82
1078.47
1078.62
1078.09
1078.3
1077.72
1078.93
1063.25
1068.45
1064.54
1063.53
1063.66
1063.02
1062.87
1062.71
1062.23
1061.76
1064.36
1062.43
1061.28
1060.62
1059.38
1057.96
1056.47
1055.28
1054.37
1052.56
1059.84
1055.18
1054.23
1053.46
1051.99
1051.27
1053.11
1054.55
1056.21
1057.76
1058.65
1058.59
1059.59
1060.28
1060.68
1060.54
1059.45
1058.22
1057.42
1058.96
1044.8
1044.66
1044.61
1044.17
1044.26
1043.73
1043.17
1043.77
1043.53
1044.49
1043.14
1042.8
1042.3
1041.38
1039.77
1037.94
1036.4
1034.91
1034.04
1034.24
1036.43
1036.06
1033.85
1033.44
1032.46
1032.45
1031.89
1034.45
1034.77
1036.74
1038.16
1040.16
1040.44
1041.76
1042.01
1041.38
1042.63
1040.2
1040.49
1041.29
1025.35
1025.39
1025.04
1025.26
1025.14
1024.97
1024.67
1024.06
1024.66
1024.66
1024.86
1024.77
1024.61
1023.57
1021.81
1020.41
1018.91
1018.17
1017.54
1019.41
1020.21
1020.57
1020.29
1020.34
1019.96
1016.36
1016.42
1018.94
1017.26
1022.64
1022.18
1021.17
1022.78
1023.12
1022.14
1023.34
1024.73
1026.13
1026.26
1026.51
1005.42
1005.39
1005.32
1005.18
1005.4
1005.8
1005.83
1005.22
1005.28
1005.86
1006.1
1006.46
1006.68
1005.17
1004.27
1003.23
1002.86
1002.39
1002.3
1004.35
1005.61
1005.83
1005.36
1004.96
1002.41
999.486
999.112
1000.55
1001.36
1001.34
1000.34
1000.4
1001.26
1002.05
1002.65
1003.79
1005.83
1006.55
1007.98
1008.54
985.055
984.869
984.742
984.59
984.425
984.625
984.752
984.107
984.433
984.887
985.479
986.389
986.575
986.862
985.19
984.841
984.658
984.655
984.793
985.502
987.052
988.032
986.679
985.378
984.007
982.329
981.473
981.256
980.864
980.02
981.059
975.556
978.013
980.277
982.404
984.063
985.459
986.755
987.448
987.512
964.344
964.138
963.831
963.688
963.563
963.369
963.113
962.776
962.643
962.967
963.937
964.984
966.044
966.913
964.629
965.5
966.092
966.241
966.577
966.812
967.036
967.012
967.136
966.715
965.685
964.272
962.92
961.801
960.647
958.834
960.027
959.142
957.67
960.287
962.423
964.221
965.544
966.431
966.899
966.967
943.677
943.238
943.254
943.056
942.91
942.77
942.562
942.204
942.423
943.649
944.094
944.725
945.345
945.592
945.835
946.259
947.038
947.322
947.428
947.371
947.46
947.393
947.282
946.885
946.046
944.866
943.86
943.198
944.012
944.102
943.899
942.595
941.529
943.195
944.094
945.05
945.45
945.921
946.144
946.153
923.02
922.94
922.7
922.414
922.37
922.329
922.156
921.901
921.921
923.025
924.07
924.63
924.853
925.599
925.664
926.682
927.812
927.953
928.041
927.967
927.833
927.758
927.602
927.287
926.759
926.179
927.841
928.648
929.079
929.335
929.788
927.459
926.685
926.688
926.312
925.777
925.931
926.053
926.035
926.678
902.875
902.737
902.61
902.517
902.378
902.147
901.885
901.597
901.434
901.384
901.881
902.464
903.747
905.458
906.603
907.315
908.324
908.211
908.352
908.376
908.271
908.147
908.109
907.978
907.626
907.143
913.099
913.014
909.472
909.732
909.991
909.007
908.29
907.664
907.248
906.977
906.556
906.31
906.32
907.531
883.887
883.649
883.472
883.198
882.813
882.242
881.616
881.17
880.916
880.732
880.563
880.413
881.857
883.735
886.524
887.365
887.574
888.213
888.668
888.943
888.99
888.935
888.859
888.691
888.461
888.428
892.448
887.672
888.769
889.155
888.915
888.537
887.855
887.864
887.093
886.106
886.44
886.733
887.194
888.91
866.045
866.016
865.686
864.936
864.276
862.926
862.037
861.209
860.709
860.53
860.463
859.595
862.311
864.162
866.588
868.223
868.463
869.372
869.901
870.153
870.293
870.302
870.22
869.586
868.878
869.429
868.027
868.143
868.684
869.001
868.971
868.972
868.79
868.671
870.306
874.237
866.193
866.121
868.692
869.742
849.5
849.184
848.683
847.82
846.98
845.498
844.799
845.596
844.253
842.904
842.175
842.573
844.594
846.734
848.531
849.464
850.276
851.196
851.871
852.376
852.453
852.339
852.028
850.442
850.478
847.949
848.241
848.009
848.511
849.206
849.905
850.544
851.181
852.049
852.996
855.557
856.861
851.134
850.629
853.123
833.158
832.933
832.33
831.387
830.145
829.305
830.26
829.157
827.907
826.768
826.314
826.105
826.971
827.944
829.931
831.717
833.09
833.507
834.544
835.068
835.047
835.098
834.652
834.465
832.597
827.776
827.077
827.297
828.399
829.818
831.342
832.614
833.686
834.803
835.937
837.034
837.932
838.816
834.825
840.802
816.592
816.334
816.273
814.82
812.703
812.129
811.345
809.452
809.474
806.491
805.97
806.131
806.652
808.628
811.058
813.469
815.382
817.257
818.598
818.849
818.75
820.186
820.713
819.618
816.192
811.562
807.808
807.176
807.518
810.166
813.078
814.754
816.102
817.791
819.214
820.086
820.016
822.309
822.642
827.942
796.682
797.961
798.053
797.346
796.644
795.656
793.871
791.947
790.55
789.032
787.884
787.584
788.056
789.269
790.671
792.938
795.274
798.779
800.877
801.442
801.663
802.286
802.908
801.573
799.314
795.198
792.321
791.448
792.568
795.724
798.352
799.74
800.171
800.837
801.986
803.366
804.202
807.613
808.091
813.093
773.54
773.915
774.76
775.244
775.288
774.818
775.905
773.874
769.282
764.721
762.471
762.061
761.571
760.057
758.989
762.266
767.044
771.498
776.292
778.649
778.513
779.158
777.698
778.473
776.354
773.111
771.836
772.589
774.232
781.177
782.849
780.865
782.109
782.864
783.687
785.696
792.978
792.869
793.451
795.153
749.348
749.106
749.351
749.906
750.158
749.991
749.104
746.04
744.493
743.38
740.313
745.007
743.973
748.134
748.07
745.85
745.813
745.316
751.652
755.842
757.763
759.257
756.565
754.194
750.99
747.965
747.948
751.518
753.255
759.285
761.183
761.379
763.167
764.859
766.625
769.339
781.774
775.673
774.939
774.796
722.393
722.914
724.284
724.883
725.098
725.4
725.802
725.721
727.314
727.683
727.328
727.606
727.909
730.77
730.796
728.637
733.563
734.342
733.863
737.505
739.056
739.542
735.909
735.905
730.839
729.338
730.956
732.763
736.061
739.612
742.355
744.258
744.779
746.163
748.626
749.806
756.649
753.936
755.568
755.486
692.198
693.11
694.457
696.946
699.426
701.395
703.147
704.812
706.738
708.948
712.244
711.184
711.433
714.238
715.541
715.763
724.108
726.109
722.665
723.996
724.066
724.093
720.793
717.929
714.134
711.137
714.354
716.845
719.581
722.763
725.924
727.655
726.458
728.473
730.656
732.429
734.213
736.492
736.48
737.38
669.644
671.178
670.172
671.991
674.876
677.64
680.024
682.578
685.36
688.098
690.573
692.627
694.314
695.906
698.263
700.515
706.154
706.998
711.84
711.086
709.704
708.832
705.791
703.803
700.546
697.974
696.809
696.766
699.312
703.784
707.281
709.131
709.44
711.286
713.142
714.595
716.28
717.541
719.39
718.881
644.343
645
647.272
647.74
650.506
654.071
657.468
661.183
665.06
668.422
670.682
672.19
674.365
676.94
680.823
685.357
690.134
693.487
695.063
693.917
692.36
692.724
690.883
688.89
686.416
684.87
683.344
684.141
686.497
688.155
687.977
690.574
691.352
692.585
694.461
696.045
697.242
699.679
700.773
701.371
623.482
624.337
625.005
625.122
628.022
631.122
635.442
640.851
645.49
649.12
650.581
654.546
659.205
662.163
665.295
668.39
673.254
674.672
670.846
674.612
675.248
674.789
674.775
673.548
672.077
673.174
672.777
672.947
673.511
674.075
674.318
673.401
676.157
677.37
678.529
678.815
678.671
680.237
681.3
681.926
602.641
602.804
604.617
605.739
608.855
612.199
616.623
621.808
626.31
630.71
634.321
641.822
645.545
648.462
650.427
651.153
653.48
654.954
652.729
654.669
659.831
657.941
658.808
659.047
655.499
658.134
658.447
658.418
658.002
659.266
660.049
662.051
661.891
661.016
663.915
662.327
664.558
663.556
663.589
664.33
586.211
586.64
586.985
589.604
592.789
596.488
599.744
603.911
608.26
612.232
616.284
622.803
628.748
630.245
631.283
633.537
635.5
634.734
636.044
637.951
642.691
641.232
641.446
642.446
640.961
643.753
646.683
641.661
643.188
644.124
644.726
645.978
648.6
649.981
650.526
651.801
653.234
652.749
651.417
650.777
569.255
569.49
570.692
573.419
576.169
579.268
582.616
586.095
589.995
593.974
598.201
602.366
606.033
609.357
612.246
614.767
616.928
617.668
618.793
620.394
624.108
623.78
624.233
624.074
625.574
624.927
625.568
626.018
625.942
626.963
628.332
630.258
632.604
636.145
637.352
638.359
638.231
636.746
636.133
636.132
552.436
551.806
555.793
554.343
558.006
561.067
564.003
567.24
571.551
576.139
580.575
584.564
588.148
590.974
592.927
594.753
597.518
599.498
601.271
603.57
604.343
605.239
605.714
606.087
607.037
607.952
607.729
606.737
608.928
610.24
610.3
613.393
615.244
618.164
620.562
620.973
621.733
621.401
620.613
620.251
535.043
537.544
536.894
542.383
541.293
544.294
546.388
547.799
553.216
559.022
564.043
568.21
571.481
573.136
573.472
576.305
580.136
581.892
583.921
583.687
582.702
583.383
583.468
584.221
585.179
586.261
587.023
587.156
589.941
591.336
592.591
594.095
596.553
598.703
601.598
603.27
603.694
603.484
603.011
603.204
517.205
520.581
522.247
525.319
531.427
532.595
533.237
536.072
540.114
542.675
547.646
551.458
554.954
556.181
555.536
557.61
562.304
561.102
563.271
564.62
562.741
561.14
561.654
561.861
562.131
562.777
563.911
566.276
568.723
570.828
572.082
574.703
577.539
579.279
582.096
583.653
584.493
584.824
584.839
584.824
502.297
504.892
507.893
511.429
516.472
521.883
525.653
529.606
532.451
535.708
538.832
538.173
540.046
542.438
539.014
541.685
543.759
542.847
544.407
544.672
542.783
541.299
540.76
540.432
541.158
543.374
543.637
546.233
548.333
549.963
551.821
553.292
557.286
557.933
560.846
562.946
564.147
564.588
564.699
564.549
489.469
491.954
495.558
499.909
504.359
508.405
512.721
517.964
520.346
522.982
526.095
526.846
524.971
530.537
526.399
528.194
528.267
526.697
527.432
528.052
525.288
523.421
521.895
521.682
523.051
524.965
523.956
526.587
527.852
527.757
529.319
530.69
531.231
534.001
536.85
539.3
540.852
541.79
542.49
542.936
476.435
478.915
481.785
486.243
490.134
493.516
497.072
500.205
503.491
505.624
505.763
506.947
508.478
509.83
513.134
515.256
515.099
513.896
511.555
515.598
510.766
508.48
506.035
505.742
506.181
505.92
507.123
507.624
507.159
506.961
506.454
504.893
506.047
508.515
511.553
514.426
516.555
517.913
518.757
520.319
462.727
466.361
469.582
471.715
473.068
476.099
479.811
482.568
485.378
487.334
489.078
491.231
493.762
496.961
499.869
502.489
503.08
502.536
499.356
502.077
497.638
495.639
493.635
492.363
491.075
490.181
490.484
487.579
486.049
484.117
482.092
481.215
482.256
484.669
487.744
490.998
493.26
494.417
494.905
495.375
452.6
451.444
454.689
456.51
457.988
459.673
460.405
463.258
466.232
468.995
471.918
475.206
478.701
482.237
485.148
487.495
491.781
488.713
487.042
486.536
484.324
482.401
480.882
479.123
474.454
473.742
471.226
467.983
464.771
461.727
459.03
458.145
458.916
461.04
463.548
466.362
468.44
469.499
469.98
470.324
435.169
436.708
438.255
439.849
441.926
442.832
444.104
445.828
447.45
450.561
454.693
459.076
463.558
468.45
473.336
475.162
476.932
476.715
475.46
473.796
471.548
468.79
466.271
464.841
459.017
456.283
452.962
449.925
444.989
440.622
436.882
435.118
435.196
437.31
439.896
442.177
443.621
445.262
446.89
446.713
417.705
417.375
419.059
421.994
424.032
423.774
425.101
426.837
429.239
432.235
435.423
441.59
447.087
453.094
458.216
461.106
462.836
463.115
462.231
460.333
457.561
454.781
451.753
449.028
445.604
440.466
435.509
431.629
424.653
419.368
415.735
413.575
413.365
415.476
418.921
422.509
425.524
429.543
430.967
432.225
402.609
394.948
396.893
400.387
403.774
404.858
403.46
403.55
406.846
409.637
414.159
420.699
426.874
432.357
439.689
444.185
447.37
448.943
448.109
446.072
443.622
440.489
437.123
434.079
430.702
425.529
418.933
412.844
406.165
400.873
397.74
395.912
395.266
397.087
401.046
406.181
410.535
414.736
416.571
414.735
388.237
372.762
374.837
379.238
383.254
384.621
391.071
381.757
382.423
384.876
387.96
392.074
398.324
406.318
414.849
421.788
426.399
429.683
430.395
430.724
429.127
424.233
421.063
418.256
414.914
410.612
404.182
395.755
388.065
381.099
378.575
377.25
379.152
382.227
386.555
391.169
395.533
404.703
403.298
409.08
372.754
364.871
357.798
358.43
362.074
366.514
364.435
367.586
366.481
365.273
365.388
364.6
367.379
376.628
386.392
395.017
401.692
406.804
409.155
409.303
410.131
408.068
402.821
398.844
395.773
392.35
387.026
378.043
373.419
369.302
364.417
366.43
369.781
373.384
377.453
381.402
385.529
394.621
385.058
388.055
357.566
356.606
352.173
350.828
351.085
350.297
354.735
350.023
349.335
347.175
345.533
344.302
344.722
349.56
358.949
368.305
375.481
380.781
385.048
386.097
385.119
382.895
380.271
377.186
373.764
371.826
369.112
366.164
367.81
370.864
365.382
365.635
366.735
368.478
370.299
372.171
376.384
379.595
368.312
369.745
346.908
347.857
341.71
343.496
343.49
338.449
340.829
343.947
330.121
329.875
328.675
327.228
327.169
330.514
334.804
342.373
348.776
353.346
357.552
359.457
359.074
358.842
357.038
355.792
351.502
351.598
351.569
350.701
355.647
361.641
365.169
364.109
362.765
361.68
360.323
359.016
363.021
364.589
354.066
356.62
330.058
334.541
331.92
332.015
333.377
329.549
326.916
330.291
314.039
314.687
314.091
313.642
313.048
313.847
313.923
319.061
324.122
327.81
330.519
331.315
329.966
328.949
329.547
332.271
326.171
329.188
330.31
334.218
340.84
348.072
348.993
350.884
350.523
349.034
346.767
344.303
346.105
345.517
342.33
343.587
319.117
319.452
318.968
323.045
323.765
316.199
313.241
314.662
300.638
300.842
300.212
299.33
298.725
297.784
296.573
297.494
298.927
299.886
300.987
301.823
301.66
300.469
307.991
304.022
305.696
308.09
309.495
315.748
320.762
324.507
328.665
330.341
330.961
330.273
329.359
330.735
330.709
329.511
327.706
328.08
302.618
300.938
298.886
305.02
304.582
294.538
294.001
292.451
289.037
286.586
286.506
285.017
283.47
280.227
276.929
274.159
271.597
269.194
270.768
271.654
275.319
276.671
278.113
283.158
286.011
288.57
292.706
299.314
302.718
300.423
304.259
306.628
308.407
309.046
310.26
315.947
316.027
311.902
310.965
311.751
283.436
281.515
279.53
278.297
276.625
274.537
274.445
272.883
272.044
272.117
274.808
267.504
266.238
261.363
255.405
249.302
243.013
238.261
242.18
241.625
244.583
246.538
251.21
257.139
263.165
267.881
271.852
282.823
286.566
277.64
280.864
282.174
284.781
286.648
289.503
295.518
296.48
291.934
291.76
292.297
265.037
263.081
260.553
258.262
257.377
254.23
254.445
251.507
249.473
258.384
251.734
252.228
250.147
244.673
236.528
228.182
221.363
216.664
215.216
216.008
221.487
222.338
236.255
241.435
241.197
247.878
253.428
255.965
258.819
259.762
259.797
264.236
262.84
265.549
268.295
269.751
271.275
272.009
272.403
272.538
244.961
241.952
238.432
236.72
236.32
232.555
233.968
228.169
235.965
238.135
233.3
234.612
233.442
229.132
223.049
217.877
213.039
209.419
208.772
209.643
211.649
212.814
220.591
227.273
228.504
229.093
234.761
241.254
243.481
241.478
255.657
251.923
246.744
248.232
250.034
251.639
252.663
253.093
253.094
253.026
222.56
218.388
214.559
211.568
210
209.385
209.262
209.163
213.787
215.691
215.298
215.873
215.449
213.435
211.71
210.571
208.017
206.749
205.411
205.151
205.499
205.816
210.298
214.667
218.139
218.947
218.781
221.97
224.456
226.783
233.635
231.073
230.52
232.352
233.827
234.793
235.116
235.089
234.454
234.068
195.619
191.172
187.776
184.857
182.758
183.16
184.594
190.782
193.438
194.62
195.14
196.649
196.7
196.077
196.161
196.581
194.246
194.062
193.871
194.296
195.087
196.464
199.653
202.546
204.326
207.104
208.893
209.864
210.758
213.644
215.914
216.756
217.475
218.348
218.905
219.448
219.358
218.583
219.71
221.91
168.16
163.825
158.797
157.196
158.073
163.409
167.272
169.892
171.181
173.823
175.403
176.813
176.662
175.832
179.436
176.362
176.888
178.545
179.543
180.534
181.684
183.414
186.029
188.812
191.633
194.954
197.008
198.651
200.089
202.319
203.414
203.413
204.596
204.432
204.308
204.341
204.107
203.791
205.433
205.857
149.094
142.515
138.385
136.325
136.894
138.989
140.699
145.872
149.223
151.444
153.653
155.694
156.605
158.343
160.378
157.376
159.029
160.514
162.747
164.329
165.865
167.803
170.301
172.889
175.699
179.03
182.817
185.473
187.598
187.194
187.229
188.074
187.291
187.7
187.173
187.884
188.002
188.354
189.462
189.611
137.523
133.253
127.092
120.162
117.003
119.46
121.614
124.291
126.977
129.203
130.861
130.702
131.662
139.836
141.727
143.224
143.958
145.186
145.11
146.686
149.113
150.483
152.915
155.351
157.952
161.043
163.94
164.435
167.088
169.553
170.538
169.126
172.196
168.825
169.892
171.151
171.747
172.354
173.473
173.893
129.113
124.683
119.348
117.96
117.455
110.595
109.469
110.086
111.641
112.819
114.375
115.483
118.861
123.217
125.927
125.718
127.851
130.105
131.091
132.689
133.048
133.692
135.558
137.395
139.847
142.989
146.829
150.007
151.69
152.168
151.925
153.999
153.582
153.569
154.332
154.547
154.955
155.498
157.768
158.499
120.031
115.8
113.867
111.673
109.379
106.239
104.238
104.22
103.901
103.596
104.146
105.918
108.128
110.58
112.786
114.468
115.86
116.563
117.47
117.855
116.813
117.337
118.522
120.663
123.666
126.856
130.333
134.089
136.67
138.641
139.441
138.667
137.102
137.856
137.052
136.385
136.879
137.769
140.25
144.574
110.312
106.427
105.534
103.266
100.186
97.3453
95.7034
94.3016
93.4196
93.2641
94.0008
95.5124
97.3042
98.2641
98.8275
99.1487
100.314
100.166
100.48
100.917
102.338
102.531
103.103
104.604
107.17
110.004
113.998
115.319
117.691
119.341
121.995
121.4
118.045
121.738
124.343
122.493
119.438
121.623
122.251
122.182
98.2316
95.4518
93.3448
91.8736
90.2978
83.7223
82.4471
81.0989
80.1161
79.7915
80.1369
80.7458
81.2094
81.3641
81.1412
80.1588
80.6878
83.2535
85.1736
86.1374
85.9614
84.752
84.7004
85.4175
87.2953
89.0702
90.8685
93.4085
96.2251
99.653
101.891
101.365
104.994
107.674
109.368
109.743
106.624
105.604
105.597
105.794
82.2376
80.2886
77.887
77.5561
77.6716
75.1351
68.7173
66.2348
64.9325
64.4215
64.3524
64.3386
64.1008
63.5686
62.5885
65.1611
66.7305
64.4472
68.7106
66.264
66.9707
68.4033
69.0009
65.6312
66.3069
67.7227
69.2283
70.1752
70.8273
73.9516
78.1752
81.5021
84.8742
86.482
89.4902
89.4413
87.0708
87.575
88.1895
88.7172
63.5419
61.8963
59.665
57.1057
55.7176
58.4578
49.789
49.4974
49.0626
48.6204
48.2623
47.873
47.4552
46.8051
45.8789
46.7196
48.6096
49.7263
50.1069
51.2827
52.3788
53.3327
51.77
48.7047
47.5764
49.3339
52.3157
53.8387
54.1808
55.5986
57.4018
62.4538
66.1095
67.4712
67.7316
68.3787
69.2492
69.9215
70.4454
71.8317
43.2802
42.5322
41.0835
39.3686
38.2078
36.715
34.6299
33.4151
32.6288
32.2076
32.1658
32.1261
31.878
31.6349
30.8979
29.4945
31.6523
34.6426
36.8405
38.2976
39.2637
39.702
38.8614
37.6176
35.971
36.4296
37.3345
38.0602
38.8993
38.1659
41.2039
44.4475
46.267
47.6052
48.6746
49.7207
50.743
51.7164
52.316
54.324
25.2648
24.1788
22.5701
20.4075
18.3685
17.2093
16.6446
16.0149
15.1846
14.8251
15.314
16.513
17.7826
18.9136
20.1775
22.5154
24.7815
23.5922
24.1741
24.6145
25.5504
28.7682
29.1032
28.4289
26.2651
24.9974
24.9341
27.468
28.9245
27.7496
26.9194
27.8363
29.1943
29.4106
30.6898
31.4409
32.8891
34.68
35.4282
37.9068
9.01301
7.08447
5.62101
2.7119
-0.619427
0.520531
2.27892
2.42838
2.01772
1.89588
2.62978
4.08387
4.29363
5.68683
7.26467
9.5194
12.2075
13.0829
12.031
11.4862
12.139
13.4298
14.3224
14.8326
14.9771
14.4809
14.0717
13.1625
12.0824
10.6517
9.26905
8.20659
8.465
9.34135
10.503
10.8748
11.0863
15.8136
18.5697
20.683
-2.14354
-2.50219
-4.51476
-1.92883
-1.85312
-1.83436
-1.73048
-1.78793
-1.87436
-1.87613
-1.97141
-1.7748
-1.53132
-1.53783
-1.13938
0.301156
2.0717
1.97424
0.793304
0.293164
0.416042
0.850625
1.23219
2.18795
3.47915
4.19893
3.42909
2.42212
1.42201
0.146211
-0.60236
-0.962885
-0.891122
-0.529436
0.13515
-1.1433
-0.545393
0.658722
6.85004
12.7069
-4.53046
-2.16179
-1.91529
-1.89472
-1.90264
-1.92084
-1.93491
-1.95131
-1.97168
-1.96939
-1.95927
-1.94295
-1.94216
-1.95075
-1.95706
-1.9612
-2.0143
-2.00943
-1.96594
-1.93518
-1.9257
-1.92774
-1.92824
-1.93339
-1.932
-1.9418
-1.93915
-1.93606
-1.93331
-1.92993
-1.92864
-1.93332
-1.93751
-1.93754
-1.93458
-1.93038
-1.9236
-2.07849
-2.72378
2.37225
-2.06505
-2.00153
-1.9471
-1.95208
-1.95647
-1.95811
-1.96293
-1.96658
-1.96727
-1.97427
-1.97704
-1.97251
-1.96666
-1.97661
-2.005
-1.99013
-2.02134
-2.03206
-2.0067
-1.98564
-1.96855
-1.95859
-1.95465
-1.95572
-1.95317
-1.95145
-1.95381
-1.95593
-1.95395
-1.95122
-1.94986
-1.95264
-1.95979
-1.97428
-1.99524
-2.03301
-2.10308
-2.22975
-2.43048
-3.34397
1778.55
1778.57
1778.59
1778.66
1778.67
1778.62
1778.5
1778.37
1778.21
1778.04
1777.81
1777.56
1777.42
1777.13
1776.84
1776.66
1776.47
1776.23
1775.93
1775.6
1775.25
1774.99
1775.11
1775.07
1774.98
1774.8
1774.89
1774.75
1774.69
1774.64
1774.56
1774.45
1774.32
1774.18
1774.08
1774
1773.95
1773.94
1773.89
1773.85
1758.93
1758.96
1759.01
1759.11
1759.08
1758.9
1758.99
1758.93
1758.66
1758.48
1758.38
1758.14
1757.82
1757.77
1757.32
1756.79
1756.57
1756.32
1755.99
1755.64
1755.33
1755.1
1755
1754.96
1754.92
1755.24
1754.82
1754.92
1755.02
1754.91
1754.78
1754.66
1754.58
1754.51
1754.45
1754.41
1754.47
1754.53
1754.46
1754.21
1739.28
1739.19
1739.26
1739.15
1739.18
1739.17
1739.21
1739.25
1739.25
1739.02
1739.09
1739.01
1738.78
1738.52
1738.19
1737.63
1736.93
1736.46
1735.97
1735.49
1735.08
1734.81
1734.7
1734.66
1734.67
1734.66
1734.82
1734.84
1734.91
1734.96
1734.92
1734.83
1734.78
1734.74
1734.72
1734.8
1734.83
1734.78
1734.95
1734.6
1719.32
1719.23
1718.89
1718.81
1719.02
1719.23
1719.49
1719.58
1719.57
1719.54
1719.43
1719.24
1719.43
1719.2
1718.44
1717.83
1717.12
1716.4
1715.65
1714.91
1714.35
1714.1
1714.13
1714.19
1714.34
1714.42
1714.36
1714.59
1714.69
1714.77
1714.85
1714.9
1714.88
1714.93
1715.03
1715.12
1715.22
1715.31
1715.31
1715.23
1699.68
1699.62
1699.39
1699.92
1699.92
1699.72
1699.92
1699.97
1700.03
1699.87
1699.76
1699.55
1699.31
1699.01
1698.57
1697.92
1697.06
1695.91
1694.5
1693.3
1692.78
1693.08
1693.66
1694.13
1694.46
1694.27
1693.87
1694.12
1694.84
1695.16
1695.38
1695.35
1695.34
1695.39
1695.48
1695.6
1695.75
1695.87
1696
1696.05
1680.74
1680.96
1680.83
1680.92
1680.93
1680.77
1680.67
1680.61
1680.46
1680.27
1680.08
1679.87
1679.67
1679.42
1679.04
1678.47
1677.65
1676.51
1675.26
1675.68
1675.78
1676.18
1676.64
1676.79
1675.74
1675.43
1675.78
1675.77
1675.34
1675.74
1675.77
1675.76
1675.74
1675.78
1675.88
1676.04
1676.23
1676.43
1676.62
1676.81
1661.89
1661.57
1661.63
1661.76
1661.62
1661.43
1661.3
1661.31
1661.06
1660.75
1660.53
1660.4
1660.28
1659.99
1659.63
1659.17
1658.51
1657.69
1657.13
1657.81
1658.79
1659.11
1659.35
1659.24
1658.83
1658.89
1659.07
1659.51
1659.57
1658.53
1656.68
1656.25
1656.01
1655.94
1656.08
1656.33
1656.6
1657.08
1657.24
1657.56
1642.57
1641.76
1642.17
1642.18
1642.04
1642.13
1642.01
1641.84
1641.96
1641.54
1641.13
1641.45
1640.82
1640.57
1640.29
1639.89
1639.42
1638.91
1638.46
1638.23
1638.35
1638.73
1638.95
1638.99
1638.74
1638.45
1638.59
1638.5
1638.36
1637.81
1636.44
1635.85
1635.54
1635.54
1635.82
1636.31
1636.87
1637.4
1637.63
1638.11
1623.53
1623.04
1623.08
1623.09
1622.99
1622.9
1622.91
1622.76
1622.89
1622.13
1622.25
1621.87
1621.48
1621.2
1620.87
1620.5
1620.13
1619.77
1619.48
1619.35
1619.37
1619.46
1619.42
1619.28
1619.03
1618.79
1618.52
1618.08
1617.6
1616.74
1615.63
1614.62
1614.18
1614.56
1615.27
1616.23
1616.98
1617.42
1617.69
1618.03
1604.35
1604.07
1604.15
1604.12
1603.88
1603.75
1603.57
1603.79
1603.1
1603.29
1602.83
1602.39
1602.03
1601.74
1601.41
1601.09
1600.77
1600.48
1600.23
1600.07
1599.99
1599.93
1599.84
1599.69
1599.48
1599.21
1598.89
1598.46
1597.92
1597.04
1595.82
1594.55
1593.98
1594.32
1595.29
1596.29
1597.13
1597.64
1598.18
1599.11
1584.57
1584.47
1584.41
1585.18
1584.33
1584.12
1584.34
1584
1583.72
1583.71
1583
1582.73
1582.46
1582.16
1581.83
1581.53
1581.25
1581.02
1580.82
1580.67
1580.55
1580.45
1580.34
1580.21
1580.02
1579.76
1579.56
1579.19
1578.66
1578.3
1577.44
1576.75
1577.53
1577.58
1577.98
1578.57
1579.2
1579.77
1580.43
1581.21
1565.05
1565.18
1565.06
1565.02
1564.99
1564.38
1564.96
1564.4
1564.22
1564.02
1563.24
1563
1562.73
1562.43
1562.12
1561.84
1561.59
1561.4
1561.26
1561.16
1561.08
1561.01
1560.93
1560.84
1560.72
1560.57
1560.45
1560.23
1559.96
1559.69
1559.6
1559.39
1560.79
1560.98
1561.2
1561.48
1561.66
1561.63
1561.54
1561.73
1545.5
1545.57
1545.51
1545.47
1546
1544.86
1544.95
1544.23
1544.45
1544.11
1543.52
1543.16
1542.85
1542.54
1542.25
1542
1541.82
1541.7
1541.63
1541.6
1541.58
1541.59
1541.63
1541.65
1541.55
1541.44
1541.35
1541.24
1541.35
1541.44
1541.49
1541.79
1542
1542.23
1543.32
1542.27
1542.46
1542.61
1542.73
1542.78
1525.99
1526.02
1525.95
1525.88
1526.15
1525.21
1524.87
1524.4
1524.06
1523.88
1523.39
1523.15
1522.87
1522.56
1522.24
1522
1521.9
1521.86
1521.89
1521.97
1522.09
1522.23
1522.31
1522.34
1522.38
1522.34
1522.02
1522.08
1522.27
1522.56
1522.94
1523.28
1523.52
1523.79
1524.01
1523.53
1523.46
1523.44
1523.36
1523.28
1506.33
1506.37
1506.17
1506.45
1505.85
1505.55
1505.18
1504.65
1504.09
1503.54
1503.22
1502.96
1502.73
1502.42
1502.04
1501.77
1501.72
1501.8
1501.92
1502.13
1502.38
1502.64
1502.89
1502.98
1502.97
1502.98
1503.3
1502.6
1502.98
1503.49
1504.03
1504.43
1504.61
1504.66
1504.66
1504.39
1504.22
1503.98
1503.8
1503.7
1486.78
1486.75
1486.52
1487.13
1486.28
1485.94
1485.62
1484.92
1484.74
1485.43
1483.66
1483.32
1482.98
1482.87
1482.2
1481.56
1481.24
1481.52
1481.74
1482.12
1482.58
1483
1483.35
1483.6
1483.71
1483.61
1483.85
1483.16
1483.49
1484.14
1484.72
1485.14
1485.27
1485.21
1485.05
1484.82
1484.64
1484.56
1484.36
1484.14
1467.35
1467.52
1467.23
1467.3
1466.93
1466.47
1466.36
1465.97
1466.41
1466.09
1465.68
1465.17
1464.69
1465.27
1464.95
1464.11
1463.73
1463.47
1463.12
1462.93
1463.24
1463.81
1464.31
1464.5
1465.04
1465.04
1464.83
1464.36
1464.31
1464.96
1465.47
1465.71
1465.66
1465.47
1465.29
1465.09
1464.9
1464.81
1464.71
1464.41
1448.26
1448.39
1448.19
1448.07
1447.8
1447.17
1447.24
1447.53
1448.82
1446.41
1446.38
1446.14
1445.86
1445.55
1445.27
1445.3
1445.46
1445.88
1445.68
1445.27
1445.14
1444.61
1445.64
1445.8
1446.38
1446.49
1446.33
1446.07
1445.71
1446.11
1446.04
1445.84
1445.65
1445.56
1445.43
1445.32
1445.18
1445.05
1444.89
1444.69
1429.27
1429.01
1429.14
1428.8
1428.68
1428.15
1427.81
1427.39
1427
1426.4
1426.4
1426.18
1426.11
1426.14
1426.2
1426.13
1425.84
1425.97
1425.9
1426.72
1427.06
1426
1426.3
1427.22
1427.71
1427.73
1427.9
1427.75
1427.39
1427.16
1426.72
1426.47
1425.96
1425.83
1425.9
1425.68
1425.56
1425.41
1425.11
1424.74
1410.32
1410.28
1410.07
1409.92
1409.59
1409.08
1408.54
1407.96
1407.41
1406.79
1406.25
1406.12
1406.46
1406.96
1407.37
1406.89
1407.32
1407.18
1407.32
1407.55
1407.33
1408.48
1408.08
1408.64
1409.49
1409.99
1410.03
1409.76
1409.69
1409.39
1408.59
1407.47
1406.96
1406.66
1406.49
1406.17
1405.81
1405.55
1405.16
1404.84
1391.07
1390.91
1390.71
1390.37
1390.01
1389.77
1389.51
1389.18
1388.8
1388.48
1388.25
1388.23
1388.34
1388.52
1388.68
1388.22
1388.7
1388.66
1388.36
1388.47
1388.95
1389.37
1389.71
1390.39
1391.05
1391.71
1392.14
1392.11
1391.81
1391.26
1390.5
1389.65
1388.73
1387.89
1387.33
1386.78
1386.26
1385.64
1384.89
1384.39
1371.24
1370.92
1370.56
1370.41
1370.27
1370.51
1370.73
1370.7
1370.49
1370.21
1369.94
1369.77
1369.83
1369.8
1370.46
1370.62
1370.52
1370.3
1371.61
1370.18
1369.99
1370.28
1370.79
1371.42
1371.98
1372.59
1372.79
1372.69
1372.54
1372.09
1371.35
1370.58
1369.71
1368.8
1367.99
1367.26
1366.18
1365.04
1365.55
1366.24
1352.53
1352.31
1352.17
1352.03
1352.19
1352.29
1352.22
1352.24
1352.19
1352.32
1352.29
1353.01
1353.12
1353.01
1352.95
1352.56
1352.12
1351.71
1351.17
1350.58
1349.6
1350.3
1350.9
1351.7
1352.2
1352.52
1352.63
1352.61
1352.51
1352.14
1351.36
1350.66
1349.81
1348.91
1348.1
1347.22
1346.43
1345.56
1347.5
1347.57
1333.44
1333.35
1333.22
1333.45
1333.44
1333.26
1333.3
1333.42
1332.96
1334.67
1334.46
1333.37
1333.29
1333.08
1332.88
1332.73
1332.55
1332.21
1331.65
1330.91
1330.26
1330.29
1330.79
1331.46
1331.91
1332.18
1332.12
1332.02
1332.06
1331.7
1331.15
1330.41
1329.59
1328.69
1327.7
1326.81
1326.28
1326.37
1326.64
1326.45
1314.93
1314.77
1315.78
1314.15
1314.39
1313.97
1314
1313.96
1313.85
1313.94
1313.96
1313.86
1313.74
1313.63
1313.5
1313.36
1313.19
1312.96
1312.57
1311.99
1311.82
1311.95
1312.09
1312.19
1312.14
1312.05
1311.98
1311.71
1311.58
1311.07
1310.46
1309.8
1308.99
1308.08
1307.12
1306.39
1306.15
1306.04
1304.93
1304.43
1296.66
1296.73
1297.05
1296.58
1295.67
1295.58
1294.95
1294.54
1294.36
1294.09
1294.11
1294.12
1294.14
1294.15
1294.15
1294.15
1294.11
1294.03
1293.84
1293.48
1293.43
1293.87
1293.66
1293.03
1292.56
1292.19
1292.04
1291.56
1291.26
1290.81
1289.81
1289.28
1288.58
1287.83
1287.05
1286.25
1285.51
1284.71
1285.03
1283.43
1278.16
1278.01
1278.02
1277.51
1276.7
1276.32
1275.6
1274.75
1274.34
1274.3
1274.38
1274.52
1274.65
1274.76
1274.81
1274.92
1275.08
1275.25
1275.27
1275.11
1274.97
1275.58
1275.36
1273.42
1272.86
1272.22
1271.8
1271.41
1270.99
1270.41
1269.74
1269.08
1268.45
1267.75
1267.1
1266.46
1265.78
1265
1264.01
1263.18
1260.47
1260.16
1259.56
1259.06
1258.24
1257.45
1256.32
1254.64
1253.48
1253.41
1254.1
1254.52
1254.87
1255.17
1255.37
1255.66
1255.98
1256.31
1256.38
1256.18
1255.75
1255.14
1254.84
1253.4
1252.92
1252.14
1251.67
1251.22
1250.63
1250.22
1249.81
1249.31
1248.42
1247.75
1247.14
1246.69
1246.23
1245.65
1244.99
1244.38
1242.61
1242.17
1241.5
1240.95
1241.16
1240.45
1239.14
1237.96
1236.85
1234.43
1234.84
1235
1234.93
1234.77
1234.73
1234.81
1235.21
1235.55
1236.07
1236.89
1236.4
1235.78
1234.68
1233.54
1232.55
1231.69
1231.12
1230.59
1230.17
1229.84
1229.43
1229.1
1228.92
1228.33
1227.57
1227.19
1226.87
1226.58
1226.19
1226.08
1223.48
1223.31
1223.2
1224.21
1223.7
1222.77
1221.67
1220.14
1217.47
1215.18
1214.8
1214.44
1213.96
1213.44
1213.25
1213.18
1213.33
1213.84
1214.34
1215.25
1216.38
1215.22
1214.39
1212.99
1211.55
1210.64
1210.02
1209.68
1209.48
1209.32
1209.18
1208.99
1208.8
1208.87
1208.65
1208.11
1207.94
1207.66
1207.43
1207.45
1203.37
1203.36
1202.9
1201.93
1201.6
1200.88
1199.7
1198.08
1196.65
1195.55
1195.4
1193.9
1192.88
1191.77
1190.88
1190.27
1190.13
1190.39
1190.71
1190.95
1191.83
1193.18
1191.73
1190.94
1189.82
1188.91
1188.7
1188.39
1188.54
1188.56
1188.66
1189.06
1189.33
1189.52
1189.54
1189.56
1189.44
1189.21
1189.1
1188.84
1184.49
1183.36
1182.96
1182.39
1181.8
1181.21
1180.2
1178.56
1176.3
1176.4
1175.19
1174.34
1172.34
1170.61
1169.13
1167.93
1167.13
1166.82
1166.54
1166.07
1165.94
1165.87
1167.21
1166.71
1166.04
1166.28
1166.45
1166.91
1167.21
1167.79
1168.56
1169.04
1169.93
1170.52
1170.89
1171.2
1171.38
1171.06
1170.95
1170.79
1166.78
1166.07
1165.79
1164.21
1163.01
1161.58
1160.35
1158.99
1158.06
1157.68
1156.61
1155.08
1153.98
1152.21
1149.77
1148.64
1147.54
1145.42
1143.3
1141.73
1140.49
1140.9
1143.1
1146.05
1144.11
1143.99
1144.33
1144.91
1145.7
1147.19
1148.26
1149.18
1150.6
1151.72
1152.45
1152.87
1153.09
1153.2
1153.3
1153.23
1149.53
1148.01
1147.32
1146.52
1145.79
1143.79
1142.63
1141.56
1142.02
1141.36
1139.63
1137.65
1135.03
1132.61
1130.12
1127.65
1125.38
1122.59
1119.48
1117.16
1116.25
1116.97
1120.96
1123.85
1124.9
1125.45
1126.44
1127.51
1128.93
1130.36
1130.47
1131.78
1133.06
1134.06
1134.66
1135.2
1135.64
1135.96
1136.17
1136.15
1133.41
1131.19
1130.49
1129.36
1127.82
1126.57
1125.61
1125.17
1124.52
1122.58
1121.02
1119.26
1116.83
1114.15
1111.26
1108.15
1105.27
1102.42
1098.82
1096.83
1095.38
1098
1103.31
1107.07
1109.41
1110.64
1111.75
1112.91
1114.26
1115.65
1116.57
1115.76
1116
1116.84
1117.31
1117.82
1118.34
1118.91
1119.29
1119.41
1115.16
1114.34
1113.59
1111.89
1111.44
1110.45
1109.47
1108.04
1107.09
1105.43
1103.21
1100.86
1098.21
1095.35
1092.21
1088.9
1085.81
1083.4
1081.44
1080.27
1079.69
1082.56
1088.38
1091.96
1094.48
1095.98
1097.3
1098.68
1099.88
1100.79
1101.95
1100.47
1100.01
1100.15
1100.41
1101.19
1102.97
1102.31
1102.55
1102.44
1098.26
1097.87
1097.01
1095.68
1095.7
1094.52
1092.59
1091.26
1089.79
1087.5
1085.38
1082.92
1079.99
1077.28
1074.19
1071.11
1069.98
1068.16
1065.25
1065.13
1065.31
1067.74
1072.63
1076.6
1077.93
1079.46
1081.88
1083.7
1084.58
1084.15
1083.8
1083.13
1083.7
1083.45
1083.4
1084.96
1085.76
1085.77
1085.83
1085.63
1081.42
1080.6
1079.71
1078.21
1078.01
1079.7
1074.39
1072.75
1070.9
1069.26
1067.15
1064.84
1062.13
1059.46
1056.73
1054.1
1052.75
1051.8
1050.48
1050.33
1050.75
1052.13
1054.2
1056.18
1058.14
1060.61
1063.02
1064.43
1065
1065.51
1065.63
1065.78
1065.8
1066.03
1067.11
1068.02
1068.69
1069.25
1069.4
1068.44
1063.48
1062.47
1061.39
1060.08
1058.41
1056.8
1055.17
1053.42
1051.96
1050.11
1048.06
1046.11
1044.05
1041.75
1039.35
1037.17
1035.28
1035.25
1035.12
1034.71
1035.26
1036.12
1037.15
1038.34
1039.98
1042.09
1043.85
1045.16
1046.32
1047.05
1047.78
1047.88
1048.93
1049.41
1050.48
1051.7
1052.41
1052.61
1052
1051.16
1044.46
1043.25
1042.24
1040.67
1038.93
1037.07
1035.26
1033.47
1031.68
1029.92
1028.22
1026.7
1025.34
1023.73
1022.09
1020.33
1018.75
1020.82
1019.73
1019.51
1019.5
1020.06
1020.69
1021.39
1022.62
1024.1
1025.46
1026.5
1027.37
1028.63
1029.49
1030.18
1032
1032.88
1033.85
1035.36
1035.92
1034.66
1033.86
1032.93
1024.06
1022.76
1021.74
1020.14
1018.36
1016.46
1014.46
1012.5
1010.74
1009.3
1008.21
1007.25
1006.14
1005.21
1004.68
1004.04
1004.33
1004.25
1003.81
1003.36
1003.05
1003.17
1003.64
1004.39
1004.9
1006.52
1006.54
1007.5
1008.34
1009.44
1010.78
1012.28
1013.9
1015.11
1016.46
1017.57
1018.03
1017.8
1016.53
1014.54
1002.49
1001.37
1000.28
998.727
996.823
994.888
993.149
991.672
990.405
989.348
988.59
988.147
988.019
987.669
987.453
987.202
987.012
987.231
986.563
986.687
986.48
986.52
986.885
986.963
987.178
987.595
988.091
988.586
988.9
990.083
991.828
993.631
995.235
996.789
997.944
998.135
998.112
997.33
996.429
995.69
980.37
978.998
977.953
976.306
974.54
973.169
971.525
970.725
969.865
969.485
969.222
969.163
969.18
969.645
969.605
969.768
969.44
969.075
968.633
968.22
968.822
969.12
968.553
968.298
968.752
968.503
968.36
968.557
968.91
968.964
971.494
973.388
973.972
975.619
976.557
976.841
976.492
975.673
974.621
973.844
958.358
955.765
954.852
953.128
951.11
949.666
948.222
947.587
947.894
948.285
948.483
949.494
949.732
950.645
950.605
951.346
951.579
950.877
951.771
950.344
952.196
950.862
950.946
950.587
950.007
949.356
948.659
948.98
947.808
948.871
949.423
950.651
952.095
953.204
953.813
954.071
953.944
953.942
953.375
952.69
937.057
933.014
931.853
929.998
927.806
926.22
925.755
925.757
927.114
927.907
929.487
930.403
931.161
931.669
931.656
931.986
932.114
931.465
935.967
932.083
934.64
933.719
933.226
932.838
932.012
931.036
929.911
928.501
927.023
927.456
928.232
929.206
930.382
931.326
932.138
932.481
932.289
932.423
932.232
931.77
915.121
912.511
909.896
907
904.782
903.797
903.672
904.76
906.29
908.801
910.665
912.509
912.574
913.523
913.98
913.844
913.957
914.341
915.831
915.682
915.957
915.838
919.211
914.979
913.802
912.784
911.486
909.832
908.034
907.499
907.99
908.901
909.871
910.912
911.414
911.402
911.417
911.481
911.437
910.887
897.93
896.427
893.325
888.742
885.33
883.643
883.65
884.712
886.975
890.15
892.127
894.301
895.377
894.306
894.969
895.146
895.236
898.031
898.441
898.675
899.389
899.536
900.339
900.759
896.202
895.379
894.248
892.772
891.141
890.723
890.444
890.398
890.843
891.417
891.972
891.263
891.199
891.167
891.049
890.665
883.051
879.673
876.905
874.357
870.44
869.371
869.528
869.854
870.793
873.002
875.124
877.251
881.219
877.824
879.69
877.289
878.1
878.076
879.902
879.838
882.73
880.175
879.381
879.619
877.867
878.543
877.865
876.819
875.656
874.555
873.867
872.128
872.782
872.475
872.999
871.767
870.982
870.823
870.616
870.597
862.986
860.875
858.193
856.344
855.501
855.138
857.141
856.61
856.061
857.037
856.397
860.933
861.359
859.603
859.863
858.698
858.797
859.552
860.044
860.085
860.006
860.658
860.788
860.886
860.553
860.98
860.37
859.528
859.069
857.995
856.99
856.11
854.334
854.384
852.641
851.865
850.386
850.372
850.314
850.581
837.579
835.9
833.839
833.91
836.582
840.21
846.882
846.961
843.51
842.62
840.2
841.586
844.741
839.543
838.946
838.479
839.076
839.379
839.963
840.694
841.173
841.507
841.546
841.523
841.143
841.662
841.864
841.617
840.928
839.151
838.897
836.855
834.41
833.656
831.947
831.522
830.727
830.392
830.725
830.705
817.527
816.061
814.633
815.85
819.75
825.685
829.422
829.971
828.01
826.493
825.108
825.563
826.531
825.501
824.126
822.195
822.93
824.867
822.014
821.974
823.02
822.889
822.663
823.004
823.43
821.455
821.486
821.466
820.721
819.057
817.499
816.869
815.262
814.002
812.981
811.734
811.532
811.184
811.155
811.153
803.176
802.333
803.224
804.578
806.789
809.519
812.506
813.015
811.696
810.779
808.478
807.97
808.462
808.529
808.82
808.525
808.124
807.977
807.425
807.966
806.712
806.32
805.839
804.81
804.931
804.554
801.545
800.874
799.688
798.415
797.359
796.525
795.572
794.347
792.972
792.507
793.059
792.389
792.86
792.808
789.991
789.074
790.62
791.062
791.788
793.037
794.638
794.119
792.969
791.392
789.788
788.521
788.029
787.923
787.954
788.792
788.237
788.1
793.149
792.94
791.322
790.341
788.455
787.332
786.17
787.023
783.082
782.156
780.176
778.436
777.611
777.776
777.44
776.595
776.04
774.516
774.547
773.893
774.511
774.21
773.649
773.146
775.441
776.29
772.815
773.144
772.956
772.28
771.518
770.34
769.073
767.915
767.471
767.44
767.902
769.121
772.137
772.792
772.667
779.011
769.208
769.962
769.455
768.343
768.825
767.549
767.228
765.424
762.537
762.276
761.592
761.082
760.871
760.358
759.744
758.285
756.942
755.806
754.974
754.374
754.61
754.196
753.741
754.917
751.307
750.978
750.085
749.198
749.559
749.15
748.364
747.991
747.741
747.636
747.832
748.447
749.695
749.955
753.303
755.809
751.187
750.872
751.314
749.221
749.272
748.809
747.51
745.892
744.417
742.969
742.167
741.75
741.298
740.476
739.438
738.251
737.03
736.867
736.563
735.982
734.061
734.788
733.491
732.5
731.261
729.894
728.585
727.878
731.113
730.677
727.66
728.113
728.444
728.33
728.31
728.944
729.974
732.061
734.351
735.104
732.968
732.636
732.366
731.905
731.124
730.141
729.031
727.134
725.206
723.353
721.486
719.92
719.055
718.534
717.971
717.586
716.877
715.686
715.001
715.465
713.176
713.86
712.443
711.793
711.085
710.225
709.778
709.456
711.675
713.093
709.741
710.288
710.953
710.869
710.739
711.703
713.223
715.654
713.967
715.716
715.468
714.934
714.028
713.443
713.191
712.139
710.406
708.455
705.622
702.33
699.324
696.574
696.023
696.825
698.133
699.279
699.086
699.653
700.362
698.393
692.311
692.288
691.967
691.223
690.734
690.237
689.56
688.494
694.73
690.366
692.132
693.172
693.759
693.659
692.222
694.623
696.747
693.637
695.002
695.322
695.427
695.331
694.962
695.649
695.048
693.365
692.091
687.737
682.178
678.465
677.113
677.527
679.941
680.826
682.274
684.206
685.319
682.31
676.524
675.751
671.324
671.127
671.084
670.311
670.077
670.828
669.984
669.417
677.657
673.251
674.48
674.978
674.417
675.139
671.303
678.489
677.413
675.807
675.063
674.587
675.123
674.547
674.09
674.086
674.004
671.58
666.795
662.092
657.932
657.059
654.798
654.603
658.131
660.636
660.289
659.631
658.25
656.725
654.627
651.371
649.868
649.39
648.956
647.846
648.482
651.379
652.707
654.683
660.022
656.233
656.21
654.681
654.241
654.253
651.265
659.979
656.024
654.361
653.085
652.359
651.26
651.698
650.82
649.176
648.176
645.041
641.711
637.458
633.118
631.423
633.034
634.4
635.19
636.328
635.628
633.955
632.035
630.191
628.044
627.608
629.449
628.447
626.857
630.349
636.204
635.528
637.942
636.192
636.875
635.802
635.344
631.954
632.266
631.064
628.105
635.966
631.392
630.206
628.382
627.421
626
626.171
623.834
620.626
618.287
614.704
612.412
608.033
607.829
607.709
607.794
607.222
607.313
607.17
606.531
605.027
603.562
602.909
604.206
604.775
613.415
612.342
613.137
615.129
616.944
616.045
616.627
616.637
613.896
610.98
608.506
606.796
606.332
605.343
603.647
607.986
603.937
602.949
602.216
600.854
598.619
596.739
595.102
588.912
585.06
581.536
580.222
580.701
577.486
575.2
578.669
575.935
572.824
571.103
571.199
571.803
573.099
575.071
576.861
579.905
603.056
598.951
598.912
598.472
595.352
594.864
593.875
592.418
589.149
585.525
582.485
580.45
579.847
579.126
578.625
579.187
576.402
576.001
575.64
574.87
573.383
570.831
566.259
559.261
555.944
552.16
550.68
550.45
546.027
538.309
537.272
538.817
540.322
542.606
540.55
536.832
539.728
543.373
545.968
549.062
589.73
584.555
582.336
578.239
575.876
573.68
570.863
567.86
563.882
559.375
555.346
553.318
553.804
554.464
554.452
553.159
550.67
550.999
551.265
550.391
548.696
546.239
541.539
535.208
529.496
526.43
526.938
522.998
518.152
519.509
519.072
516.622
522.198
522.093
525.539
523.303
516.178
510.063
512.53
518.067
569.092
564.209
564.362
557.353
553.251
550.274
546.918
542.577
538.615
534.772
530.912
532.345
533.413
533.901
532.902
531.007
528.358
527.564
527.818
527.625
526.069
524.543
520.799
516.178
511.738
508.276
506.495
504.388
501.282
498.953
499.713
502.343
504.818
504.507
501.847
497.813
501.381
498.912
493.521
492.82
543.319
539.442
542.175
530.147
524.003
520.276
517.168
512.565
508.84
509.451
509.494
510.875
514.772
516.143
515.372
513.027
510.183
508.146
507.403
506.27
505.146
503.71
500.848
497.824
493.707
488.647
486.83
483.674
480.694
478.972
480.079
481.684
482.77
482.288
479.752
474.93
477.366
479.323
481.028
482.949
516.388
517.894
511.941
499.281
491.03
487.756
486.872
486.744
490.805
475.275
482.563
493.146
497.046
498.762
500.476
498.638
495.484
492.558
489.952
487.896
486.425
483.882
480.827
477.071
472.976
468.472
464.438
461.525
459.774
459.324
461.657
463.408
464.443
463.818
460.762
469.277
460.494
470.516
468.009
476.374
497.954
490.416
485.68
477.254
469.577
463.733
463.49
463.079
463.974
461.762
460.271
461.845
470.743
481.652
483.008
483.358
481.212
478.411
475.149
471.699
469.696
466.755
463.125
458.923
453.691
446.943
442.684
439.768
438.441
441.347
444.044
446.729
449.493
450.544
452.752
459.677
462.352
462.03
457.87
461.614
473.315
469.941
465.146
460.578
456.057
451.686
450.448
449.611
448.129
446.478
446.329
448.272
452.992
457.153
467.307
468.711
466.969
464.273
461.014
457.227
453.517
450.475
446.253
441.268
435.697
430.148
427.072
424.585
425.251
428.737
431.32
430.784
435.97
439.553
442.958
448.157
449.396
449.517
450.522
452.062
447.801
449.556
445.497
445.089
445.239
443.433
441.133
437.954
436.621
436.245
436.561
437.956
439.96
442.066
447.596
450.659
451.092
449.925
447.22
443.695
439.852
436.135
431.002
425.747
421.113
417.09
414.548
414.534
412.044
422.857
422.451
419.669
425.867
430.748
434.288
437.172
438.188
439.91
442.1
442.311
434.05
432.551
431.774
432.196
433.5
438.118
434.844
426.546
426.46
425.765
426.125
427.946
429.846
430.206
432.231
434.462
435.028
434.399
432.275
429.533
426.269
422.97
419.188
413.491
408.673
403.991
400.657
399.936
400.169
408.401
407.291
407.348
413.746
417.983
420.853
423.604
427.301
429.996
430.072
430.589
426.822
425.924
426.643
426.291
423.731
422.343
418.632
417.912
418.065
417.254
417.109
419.082
421.216
420.057
420.063
420.172
419.667
418.375
416.585
414.483
411.993
409.245
405.732
401.232
396.172
392.059
388.996
387.289
387.336
393.665
393.577
391.462
398.182
400.346
402.422
404.657
407.663
409.449
411.347
413.4
423.197
422.381
422.102
421.341
419.423
416.785
413.4
411.153
409.825
418.645
419.268
415.006
420.948
407.053
407.802
407.305
406.353
404.202
401.812
398.984
395.502
396.03
389.692
386.728
383.545
380.892
378.561
376.861
375.658
382.416
380.647
380.351
382.831
381.439
381.974
385.637
388.249
391.179
394.378
397.724
416.496
415.085
410.339
408.471
408.475
406.792
404.224
400.883
399.103
402.951
401.611
402.074
411.33
397.558
397.017
395.817
393.783
391.159
387.894
383.959
379.805
375.502
369.532
366.31
366.926
369.139
369.774
368.516
366.358
372.211
366.25
370.164
364.307
368.47
364.035
363.996
365.801
369.764
373.986
378.958
390.073
387.169
385.226
383.94
382.817
383.643
381.58
378.75
378.348
379.973
381.731
383.11
386.949
385.587
384.185
382.782
380.105
376.83
372.57
366.971
360.19
353.622
355.318
356.398
352.48
357.966
361.222
357.669
361.558
360.483
358.617
361.77
354.6
354.898
353.304
354.396
354.897
354.691
355.28
356.183
352.779
352.996
348.31
352.67
356.54
356.718
355.33
354.719
356.085
358.966
361.984
366.286
368.982
369.723
368.919
366.77
364.322
361.143
357.394
352.812
344.982
343.911
344.021
343.65
346.05
350.398
352.584
354.12
353.069
352.058
349.682
350.259
349.256
345.476
347.887
343.093
343.526
344.35
345.065
345.382
331.499
328.179
327.518
326.875
326.728
329.38
329.609
330.595
332.833
335.375
339.687
348.417
350.181
351.924
350.409
348.303
346.106
343.37
340.572
337.401
333.848
332.276
333.157
335.387
338.372
342.467
347.469
348.807
346.667
351.967
343.283
346.768
347.525
341.437
341.858
340.969
338.366
334.509
339.152
334.774
315.039
309.342
309.823
308.386
306.801
303.568
299.959
302.152
305.456
308.035
313.16
326.848
329.425
330.187
329.643
327.683
325.583
323.644
322.25
320.674
318.975
318.961
320.324
322.824
326.465
330.211
332.337
334.146
334.754
336.053
333.927
330.47
329.442
329.393
329.437
328.404
326.192
323.459
330.962
323.598
291.827
284.934
285.044
283.352
281.014
278.4
271.735
271.765
272.811
275.402
282.903
297.212
301.184
304.407
305.456
304.35
303.643
302.882
302.205
302.31
303.896
301.685
301.137
303.878
308.147
311.338
313.952
316.331
318.404
319.629
319.582
318.603
318.604
318.232
315.771
313.086
309.914
317.504
318.187
316.904
266.336
261.363
258.568
250.62
247.837
238.922
232.901
227.106
223.64
227.494
252.214
263.274
267.073
271.27
275.188
277.14
279.67
281.34
282.378
283.146
284.134
284.403
284.526
285.052
288.218
291.27
294.2
297.175
299.825
301.656
304.556
303.891
300.722
298.423
297.166
298.055
299.51
299.16
300.975
302.564
243.145
244.371
232.612
237.303
218.702
204.575
199.389
192.661
190.585
199.347
215.373
232.532
234.38
252.594
240.734
248.779
254.98
259.43
262.444
264.573
265.302
267.373
267.864
269.035
271.179
272.353
273.501
275.367
278.978
279.271
280.435
281.591
281.907
282.417
288.584
290.421
289.796
291.703
292.981
290.642
233.476
227.701
222.287
214.272
212.389
205.525
198.281
191.772
190.453
197.387
203.61
214.104
221.336
222.426
212.819
228.445
234.977
239.512
242.713
244.293
250.191
250.379
254.227
254.89
254.076
254.292
256.701
259.269
261.104
256.716
260.38
260.908
264.516
264.954
266.154
265.17
268.114
270.893
270.722
271.748
228.235
224.838
221.891
218.179
215.659
210.859
206.541
204.165
205.452
209.217
212.323
215.503
214.416
209.668
210.978
217.8
221.869
223.982
226.103
229.706
232.82
233.683
238.019
239.236
239.769
240.574
241.683
243.568
244.236
242.16
244.209
241.429
245.797
243.926
247.093
248.306
249.285
250.795
251.552
251.824
226.187
225.4
223.012
221.183
219.797
217.293
215.69
215.614
216.143
215.4
214.894
214.293
211.88
207.923
209.238
206.629
209.3
211.416
212.769
214.187
217.205
217.287
219.962
221.459
224.988
225.57
225.849
226.335
226.712
228.177
223.946
226.059
227.228
227.659
227.058
227.613
227.396
227.355
227.591
229.576
218.249
219.901
219.31
219.313
218.716
218.954
217.8
215.764
212.875
210.385
206.571
202.63
200.55
198.407
195.848
195.219
195.257
194.737
195.403
197.624
199.348
199.612
200.722
201.721
203.341
204.333
205.5
206.755
207.275
206.623
205.519
207.901
210.552
207.327
205.733
205.714
204.215
203.884
208.65
207.079
207.638
206.853
209.948
210.201
206.162
203.1
201.416
201.377
198.408
194.797
192.044
189.171
183.429
181.142
179.382
178.196
177.201
177.161
177.404
177.968
179.155
180.52
182.547
184.496
185.726
185.851
184.479
184.362
183.837
183.35
182.852
183.337
183.81
184.412
185.317
186.185
187.119
188.268
188.424
188.463
188.778
188.83
190.199
190.297
187.838
182.122
181.403
179.382
176.75
173.62
169.935
167.068
164.613
163.19
160.999
159.403
158.03
157.193
156.909
157.306
158.501
160.576
163.752
167.154
169.058
171.513
171.41
164.054
160.757
155.161
153.776
159.035
161.519
163.09
165.065
166.71
170.873
174.071
174.615
173.377
166.882
165.786
165.266
165.634
163.965
161.845
157.296
154.364
152.293
149.477
147.656
145.435
143.864
144.862
140.596
138.076
136.57
135.877
136.104
137.03
138.688
141.27
144.66
148.34
151.377
151.863
148.301
146.556
149.767
144.978
141.919
141.167
141.472
143.177
145.391
148.049
151.471
155.452
158.262
158.582
146.005
145.75
144.709
142.357
142.173
141.37
139.012
136.024
131.677
128.19
125.507
123.187
121.165
119.829
118.04
116.36
115.428
115.645
116.843
118.44
120.277
122.588
125.602
128.89
131.713
133.302
133.517
132.541
131.181
130.895
129.215
128.055
128.409
128.078
129.431
131.759
135.06
139.135
142.202
141.804
126.17
126.055
125.615
125.111
125.959
125.144
122.622
119.494
116.26
112.476
108.049
105.413
103.877
102.55
101.278
100.1
99.3799
99.6401
100.671
101.933
103.352
105.332
108.065
111.237
114.11
116.172
117.495
117.936
117.504
117.792
118.809
119.29
118.896
118.463
117.782
117.788
120.717
123.579
125.927
127.773
106.777
106.517
106.608
107.013
107.637
107.682
106.925
104.909
102.338
99.9761
97.1006
93.9232
91.0677
89.9296
88.9052
88.1138
87.5482
87.5003
88.1094
89.3112
90.7481
92.271
94.1305
96.8161
99.593
101.797
103.32
104.474
106.544
108.338
109.155
109.813
110.288
110.528
110.504
106.717
108.01
110.825
112.484
116.898
86.9798
86.7678
86.708
86.9686
87.0935
87.4198
88.4353
88.4772
88.7775
87.7049
86.1859
84.5364
82.6396
79.9786
78.8954
78.6605
78.6207
78.9048
79.8408
81.2331
82.482
83.6793
85.2511
86.2611
88.3511
90.0908
91.2778
92.0533
94.0098
99.971
100.46
100.977
101.515
101.243
101.61
96.5474
96.8563
100.348
102.075
108.548
66.3902
66.0844
65.7401
65.1055
64.2956
65.1947
66.3178
67.7452
69.6537
71.3852
73.1375
74.5256
74.4886
73.747
70.5664
69.5111
70.0011
70.8288
72.1751
73.7577
75.1383
76.4149
82.2792
81.4387
78.0966
79.0821
79.9756
80.8472
82.1967
84.4361
84.1186
90.3088
90.1352
83.5148
85.2288
85.1052
87.0794
90.5573
93.9883
95.7154
46.144
44.4327
44.0692
43.3977
40.1241
40.727
42.6433
46.1527
49.2687
52.0155
55.5684
57.2471
57.5482
65.1105
61.2769
58.6677
59.7155
61.233
62.9638
64.9374
67.2549
69.1788
71.8927
71.8842
68.6595
68.0362
67.689
67.5076
67.4149
67.1804
66.5335
65.8283
64.7238
65.3961
66.4266
68.1414
71.0528
75.46
79.8099
82.1901
32.361
30.1275
28.0776
25.0567
21.6629
21.7568
23.3586
24.9236
26.3514
29.9366
34.9694
39.9149
41.2161
40.9535
42.2268
42.7477
45.2687
47.7216
50.5546
54.1035
57.4391
58.4414
57.165
57.9388
56.55
55.1713
53.9189
52.4718
51.0154
49.7642
48.7564
45.7615
44.4759
43.5193
43.2096
45.3024
49.0952
56.0081
61.405
66.9777
13.2617
13.7108
13.0847
10.6889
8.7844
7.8347
5.6255
3.61247
4.11989
9.03159
14.1188
18.709
23.031
25.9024
27.9717
30.156
32.7579
35.5751
38.0424
42.5648
43.1187
41.4933
42.7694
42.5164
41.9914
41.2362
39.7963
37.0289
34.2011
31.8455
29.402
26.6066
22.4826
20.1537
17.1194
16.9559
24.6545
33.5214
38.4561
45.8243
1.57556
2.52266
1.8522
0.10985
-0.144969
-0.0689744
-1.08927
-1.47074
-1.39551
-1.05327
-0.191052
1.73212
6.43129
10.6795
14.6415
17.996
20.1157
21.5468
22.7584
24.542
27.4876
28.5032
27.9685
27.6368
27.6866
27.8697
26.643
22.981
19.5148
19.134
14.5601
12.0679
8.34159
5.93517
2.35416
2.55818
7.19933
11.974
16.4455
23.5395
-1.93325
-1.95569
-1.95396
-1.93553
-1.92439
-1.93525
-1.9002
-1.8735
-1.8694
-1.90078
-1.94541
-1.80783
-1.40922
0.0812038
2.67366
5.04788
6.64013
7.63917
7.64091
7.88107
9.35665
9.30599
8.33489
8.35867
9.03433
9.99212
8.02972
4.27529
5.05177
5.76712
0.83711
-1.25738
-2.46554
-0.698002
2.31402
3.44315
3.04146
2.97555
2.76747
4.53724
-2.01567
-2.0176
-2.01328
-2.00166
-1.98367
-1.97669
-1.97427
-1.97022
-1.95881
-1.94547
-1.93818
-1.9428
-1.96798
-1.94987
-1.95426
-2.04821
-2.42434
-2.84707
-2.92735
-3.05058
-3.35001
-3.37414
-4.32294
-3.82924
-7.14668
-2.7474
2.08398
-3.85936
-3.49473
-2.31909
-2.24755
-2.11805
-1.92144
-2.23534
-2.5123
-4.31637
-5.45597
-17.6622
-22.2182
-40.5419
-2.06572
-2.061
-2.05411
-2.04585
-2.02987
-2.00818
-1.98979
-1.97626
-1.96713
-1.96334
-1.96216
-1.96209
-1.98277
-1.97746
-1.98068
-1.98731
-1.99208
-2.05849
-1.98774
-2.00095
-1.99222
-1.99344
-2.00776
-2.02916
-2.0953
-2.2329
-4.0234
-2.73915
-2.32483
-2.13478
-2.08747
-2.07189
-2.09336
-2.14143
-2.22198
-2.40735
-2.6084
-4.55467
-19.3523
-103.609
)
;

boundaryField
{
    inlet
    {
        type            calculated;
        value           nonuniform List<scalar> 10(-319.672 -319.847 -319.98 -320.102 -320.153 -320.146 -320.078 -319.943 -319.8 -319.621);
    }
    inletWall
    {
        type            calculated;
        value           nonuniform List<scalar> 
30
(
-230.58
-250.626
-270.51
-290.243
-309.862
-144.812
-160.043
-176.422
-193.238
-210.33
-64.839
-78.8124
-95.6023
-116.54
-140.78
-230.482
-250.548
-270.445
-290.187
-309.811
-143.883
-159.535
-176.127
-193.053
-210.206
-42.7111
-65.7111
-88.1817
-112.295
-138.355
)
;
    }
    bottleWall
    {
        type            calculated;
        value           nonuniform List<scalar> 
290
(
1776.25
1756.64
1737.01
1717.43
1697.98
1678.67
1659.09
1639.94
1621.08
1602.14
1582.14
1562.18
1542.62
1523.25
1503.93
1484.83
1465.72
1446.62
1427.5
1407.78
1387.94
1367.61
1347.21
1327.63
1308.34
1288.81
1268.86
1249.22
1229.78
1210.01
1190.79
1171.74
1152.55
1134.4
1116.14
1100.48
1078.93
1058.96
1041.29
1026.51
1008.54
987.512
966.967
946.153
926.678
907.531
888.91
869.742
853.123
840.802
827.942
813.093
795.153
774.796
755.486
737.38
718.881
701.371
681.926
664.33
650.777
636.132
620.251
603.204
584.824
564.549
542.936
520.319
495.375
470.324
446.713
432.225
414.735
409.08
388.055
369.745
356.62
343.587
328.08
311.751
292.297
272.538
253.026
234.068
221.91
205.857
189.611
173.893
158.499
144.574
122.182
105.794
88.7172
71.8317
54.324
37.9068
20.683
12.7069
2.37225
-3.34397
1783.41
1783.31
1783.26
1783.11
1783.15
1783.19
1783.22
1783.3
1783.43
1783.59
1783.78
1784.01
1784.27
1784.57
1784.84
1785.07
1785.27
1785.46
1785.65
1785.8
1785.97
1786.12
1786.2
1786.23
1786.38
1786.18
1786.15
1786.08
1786.03
1785.98
1785.94
1785.91
1785.87
1785.87
1785.87
1785.9
1785.96
1786.01
1786.01
1786.02
1783.67
1783.71
1783.79
1783.88
1783.91
1783.87
1783.79
1783.67
1783.58
1783.5
1788.33
1788.35
1788.37
1788.45
1788.46
1788.32
1788.19
1788.05
1787.9
1787.73
1787.49
1787.34
1787.22
1786.93
1786.64
1786.46
1786.27
1786.03
1785.73
1785.4
1785.05
1784.73
1784.76
1784.72
1784.63
1784.52
1784.69
1784.55
1784.49
1784.44
1784.35
1784.24
1784.12
1783.98
1783.88
1783.8
1783.64
1783.63
1783.58
1783.58
1778.55
1758.93
1739.28
1719.32
1699.68
1680.74
1661.89
1642.57
1623.53
1604.35
1584.57
1565.05
1545.5
1525.99
1506.33
1486.78
1467.35
1448.26
1429.27
1410.32
1391.07
1371.24
1352.53
1333.44
1314.93
1296.66
1278.16
1260.47
1242.61
1223.48
1203.37
1184.49
1166.78
1149.53
1133.41
1115.16
1098.26
1081.42
1063.48
1044.46
1024.06
1002.49
980.37
958.358
937.057
915.121
897.93
883.051
862.986
837.579
817.527
803.176
789.991
773.649
754.61
734.061
713.176
692.311
671.324
649.868
629.449
613.415
603.056
589.73
569.092
543.319
516.388
497.954
473.315
447.801
434.05
426.822
423.197
416.496
390.073
352.779
331.499
315.039
291.827
266.336
243.145
233.476
228.235
226.187
218.249
207.638
188.778
166.882
146.005
126.17
106.777
86.9798
66.3902
46.144
32.361
13.2617
1.57556
-1.93325
-2.01567
-2.06572
)
;
    }
    atmosphere
    {
        type            calculated;
        value           nonuniform List<scalar> 
80
(
-2.01842
-2.0426
-1.96202
-1.96331
-1.96276
-1.96213
-1.96814
-1.97316
-1.96264
-1.97302
-1.97967
-1.97701
-1.98484
-1.99406
-2.05947
-1.96424
-2.12113
-2.20118
-1.96419
-1.964
-1.96563
-1.96534
-1.96372
-1.96384
-1.962
-1.9656
-1.962
-1.96367
-1.96393
-1.96339
-1.96382
-1.96521
-1.9679
-1.9732
-1.97651
-1.99133
-2.00741
-1.96237
-1.99107
-84.6626
-2.11259
-2.09522
-2.09522
-2.09522
-2.07985
-2.01014
-1.96321
-1.96461
-1.96615
-1.9675
-1.96581
-1.96577
-1.97211
-1.97113
-1.97114
-1.96237
-1.9633
-2.79495
-1.96201
-1.9655
-1.96204
-1.96427
-1.96204
-1.97286
-1.96341
-1.96255
-75.9922
-3.73054
-1.96243
-1.98872
-2.00522
-1.97419
-2.00282
-1.97397
-2.00119
-1.99545
-2.01283
-25.4052
-1.96743
-819.119
)
;
    }
    frontAndBack
    {
        type            empty;
    }
}


// ************************************************************************* //
