/*--------------------------------*- C++ -*----------------------------------*\
  =========                 |
  \\      /  F ield         | OpenFOAM: The Open Source CFD Toolbox
   \\    /   O peration     | Website:  https://openfoam.org
    \\  /    A nd           | Version:  8
     \\/     M anipulation  |
\*---------------------------------------------------------------------------*/
FoamFile
{
    version     2.0;
    format      ascii;
    class       volScalarField;
    location    "7.1";
    object      p;
}
// * * * * * * * * * * * * * * * * * * * * * * * * * * * * * * * * * * * * * //

dimensions      [1 -1 -2 0 0 0 0];

internalField   nonuniform List<scalar> 
9150
(
-204.413
-205.416
-206.068
-206.536
-206.769
-206.759
-206.518
-206.063
-205.423
-204.42
-224.476
-224.983
-225.416
-225.737
-225.902
-225.916
-225.744
-225.419
-224.988
-224.48
-244.369
-244.646
-244.906
-245.127
-245.233
-245.233
-245.119
-244.901
-244.646
-244.371
-264.108
-264.28
-264.45
-264.61
-264.692
-264.683
-264.602
-264.448
-264.279
-264.109
-283.732
-283.907
-284.046
-284.173
-284.236
-284.235
-284.172
-284.044
-283.906
-283.732
-118.616
-119.267
-118.852
-118.491
-118.312
-118.326
-118.528
-118.885
-119.277
-118.628
-133.949
-134.666
-134.782
-134.839
-134.745
-134.753
-134.846
-134.805
-134.672
-133.959
-150.376
-151.136
-151.446
-151.81
-151.877
-151.87
-151.795
-151.453
-151.134
-150.372
-167.212
-168.386
-168.878
-169.483
-169.681
-169.669
-169.481
-168.871
-168.379
-167.211
-184.348
-186.347
-187.13
-187.771
-188.075
-188.079
-187.811
-187.146
-186.361
-184.362
-24.3238
-26.0756
-28.1893
-29.2619
-29.7231
-29.6668
-29.047
-27.9148
-26.0576
-24.4428
-44.8812
-45.251
-46.2946
-46.7147
-47.2135
-47.2333
-46.7785
-46.403
-45.3393
-44.9804
-65.2517
-65.0618
-66.1407
-65.8304
-66.237
-66.2304
-65.7325
-66.1726
-65.1154
-65.3127
-88.0961
-85.192
-86.0932
-84.6649
-84.7507
-84.7681
-84.6879
-86.1556
-85.2181
-88.15
-113.126
-104.069
-103.411
-102.217
-101.748
-101.725
-102.18
-103.403
-104.066
-113.139
1358.05
1356.14
1353.97
1352.59
1352.28
1353.19
1354.6
1356.17
1357.79
1359.37
1338.47
1337.14
1336.83
1335.01
1333.69
1332.15
1333.06
1334.19
1335.64
1337.99
1320.06
1318.61
1318.83
1319.21
1317.89
1316.64
1315.92
1315.95
1314.59
1316.85
1304.66
1303.51
1303.05
1303.36
1299.03
1296.99
1295.04
1294.04
1295.4
1293.94
1286.94
1285.3
1286.93
1286.5
1281.17
1278.37
1275.67
1274.01
1272.67
1272.19
1268.1
1267.43
1266.75
1265.08
1262.43
1260.05
1257.58
1256.17
1255.69
1256.13
1248.94
1248.09
1246.97
1245.27
1243.35
1241.47
1239.75
1239.73
1240.47
1240.31
1230.12
1229.08
1227.78
1226.3
1224.49
1222.67
1221.26
1220.92
1220.62
1222.39
1211.17
1210.49
1209.66
1208.47
1206.8
1204.99
1203.37
1202.18
1201.36
1201.29
1194.35
1193.05
1192.35
1191.34
1190.11
1188.71
1187.15
1185.82
1184.99
1184.59
1174.83
1174.28
1174.36
1174.12
1173.54
1172.42
1171.08
1169.93
1169.08
1168.65
1155.98
1156.03
1156.12
1155.94
1155.62
1155.02
1154.19
1153.45
1152.9
1152.54
1136.43
1136.58
1136.59
1136.59
1136.65
1136.4
1136.01
1135.88
1135.72
1135.8
1118.29
1118.16
1118.11
1118.13
1118.24
1118.37
1118.24
1118.13
1118.1
1118.23
1100.82
1100.65
1100.45
1100.36
1100.43
1100.31
1100.2
1100.03
1099.86
1099.89
1082.48
1082.31
1082.21
1082.28
1082.32
1082.08
1081.86
1081.69
1081.52
1081.31
1063.74
1063.79
1063.87
1063.91
1063.79
1063.69
1063.51
1063.32
1063.06
1062.93
1045.63
1045.5
1045.21
1045.07
1044.82
1044.51
1044.16
1044.2
1044.3
1044.36
1026.85
1026.63
1026.33
1025.62
1025.67
1025.26
1025.06
1025.04
1025.15
1025.31
1007.77
1008.47
1008.37
1008.23
1008
1007.93
1007.6
1006.75
1006.73
1007.05
988.259
988.353
988.333
988.309
988.37
988.418
988.468
988.577
988.902
989.142
968.216
968.502
968.574
968.762
968.893
968.908
969.129
969.161
969.343
969.543
948.747
948.95
948.624
949.309
949.426
949.736
949.929
950.155
950.297
950.486
928.695
929.13
929.568
929.438
930.117
930.58
930.496
931.276
931.014
931.338
907.56
908.314
910.684
910.01
910.401
910.96
911.281
911.715
912.213
912.192
887.763
888.928
890.008
890.899
891.51
891.993
892.373
892.964
893.099
893.418
869.312
870.386
871.375
872.145
872.939
873.549
874.148
874.324
874.614
874.783
851.394
852.373
853.35
854.153
854.843
855.449
855.915
856.059
856.045
856.137
834.528
834.806
835.497
836.074
836.558
836.992
837.273
837.269
837.068
836.819
816.476
817.083
817.386
817.567
817.914
818.067
818.063
817.884
817.52
817.142
798.574
799.602
799.938
799.308
799.186
799.009
798.67
798.182
797.702
797.723
782.135
782.026
781.718
781.264
780.876
780.335
779.681
779.174
778.977
779.359
764.942
764.523
763.998
763.554
763.09
762.475
761.871
762.077
761.746
760.974
744.181
744.727
744.885
745.293
745.402
745.203
745.174
744.924
743.9
742.55
727.889
725.729
726.241
727.543
728.282
728.51
728.42
728.165
726.638
724.772
710.108
709.547
709.236
709.622
710.297
710.461
710.24
709.67
708.215
706.354
692.885
693.127
693.203
692.486
692.791
693.177
692.314
691.129
689.392
687.596
676.009
676.425
677.279
676.012
674.101
675.124
674.206
672.361
670.453
668.593
661.567
657.783
663.264
660.594
656.03
657.027
655.368
652.255
651.423
649.489
639.634
637.336
637.134
636.583
637.841
635.92
640.253
635.018
632.926
631.364
618.83
617.486
616.168
615.959
616.192
614.634
617.623
616.611
614.8
613.318
596.633
595.214
594.227
593.749
593.793
594.286
596.246
596.287
595.628
594.424
574.335
572.934
572.149
572.102
572.661
574.69
576.067
576.678
576.36
575.067
553.119
552.188
552.146
552.638
553.725
556.535
558.714
559.552
558.631
556.846
533.8
534.239
535.319
536.842
538.327
539.47
541.856
541.611
541.221
540.3
519.068
520.504
521.829
522.761
524.637
526.474
527.603
528.515
528.571
527.673
503.681
505.602
507.184
509.231
511.38
512.915
514.934
516.791
517.693
517.23
485.095
487.84
490.63
494.228
497.504
500.568
503.64
505.885
507.678
508.505
463.753
469.138
470.975
476.151
480.917
485.233
489.818
494.572
497.131
499.203
447.663
449.538
451.615
455.883
461.152
466.976
473.78
481.415
486.76
489.965
428.918
430.77
431.666
434.766
441.625
448.63
459.752
464.86
468.499
473.69
413.473
417.378
420.843
424.683
428.64
433.496
434.663
438.568
448.712
460.076
388.646
385.457
403.246
394.247
396.057
397.671
400.651
408.878
422.113
434.958
358.351
362.891
371.035
371.301
373.028
372.31
373.647
380.619
390.212
400.152
357.982
351.72
352.519
349.697
348.6
349.132
351.419
355.961
359.925
362.566
330.041
340.453
333.892
330.271
328.438
328.561
330.247
331.252
331.564
332.382
315.97
317.777
324.765
313.871
315.603
313.617
312.808
311.199
307.973
302.993
299.737
299.443
303.887
295.019
292.608
285.377
287.869
288.352
286.641
284.212
281.825
278.015
276.167
270.754
264.163
257.42
258.797
259.501
262.603
261.817
264.2
258.882
251.816
245.903
234.47
226.161
220.408
222.512
230.675
235.049
253.397
241.202
240.97
233.77
215.708
203.864
196.893
203.128
213.595
220.935
254.537
242.576
240.823
239.186
227.439
220.416
213.163
210.177
211.636
211.699
245.514
259.641
251.507
261.949
250.37
241.325
230.868
222.208
215.766
208.696
255.671
269.512
262.834
264.707
258.219
243.721
238.47
227.29
210.298
200.335
268.345
272.911
272.403
269.475
262.392
242.501
225.023
210.144
197.243
188.225
258.957
267.788
269.118
265.477
247.198
227.085
209.229
194.415
180.536
170.009
249.938
259.51
263.091
250.751
222.633
198.869
184.134
176.531
161.435
154.429
241.129
247.219
240.785
224.397
190.42
163.162
164.708
158.63
145.781
141.724
206.071
213.541
202.065
178.379
152.28
142.727
144.406
141.552
137.224
130.8
152.857
161.973
153.581
140.555
131.295
128.391
129.559
128.872
134.217
129.596
104.939
111.499
114.245
113.393
117.901
120.981
125.541
128.141
129.429
128.46
68.3459
70.1766
77.6816
89.8074
107.704
118.827
123.722
127.34
129.339
128.59
46.3914
46.4379
59.0861
77.6663
101.44
121.411
121.054
123.271
124.413
123.821
50.9758
60.2039
60.795
88.1309
100.899
122.259
127.073
115.721
117.075
114.586
52.3209
63.0659
56.5449
74.9253
103.033
115.21
145.99
113.911
111.848
106.534
54.3285
49.74
69.2729
65.5663
99.1258
102.135
142.355
107.64
108.511
101.107
46.7404
43.0146
57.4865
57.1494
85.8901
99.9905
99.1417
99.4337
89.162
85.7737
36.3633
36.3754
45.0656
51.9902
75.5928
73.7931
59.6108
67.8371
62.1481
57.0703
36.3649
44.6226
32.901
49.6315
52.2112
50.1867
43.5875
46.0609
45.0559
42.2885
25.7036
25.9457
25.9591
40.9811
46.7537
46.2165
39.4254
40.6367
38.8425
36.905
16.898
13.1165
39.9462
34.6691
51.5404
47.7426
31.8057
34.0194
33.3734
32.3388
12.7309
10.9465
18.4822
14.5626
49.4808
38.8633
30.2343
25.9357
26.875
27.8128
0.280409
-0.849264
-2.41738
3.90639
39.6338
32.5539
35.011
24.6785
26.7764
26.0718
-2.49135
-4.27197
-2.31848
-4.53977
31.0112
26.8052
25.9227
12.7948
16.3366
15.0081
-1.82194
-1.79296
-3.3679
-5.70777
21.9169
21.0441
3.05073
-3.96638
1.38809
2.42157
-1.71262
-1.64552
-1.63031
-3.09566
18.8241
15.801
-5.67386
-3.71882
-2.89337
-1.80387
-1.73238
-1.72388
-1.68043
-2.43622
20.4067
11.284
-5.1288
-1.53318
-1.6189
-1.70842
-1.77538
-1.77856
-1.77294
-1.84155
15.5389
14.4488
-3.03937
-1.71855
-1.73111
-1.74011
-1.77509
-1.77434
-1.77219
-1.80454
8.86044
18.634
-1.76444
-1.75031
-1.74197
-1.74664
-1.79497
-1.79531
-1.80038
-1.8741
11.8916
12.5992
-1.81118
-1.75528
-1.75034
-1.7511
-1.80845
-1.81224
-1.81839
-1.89138
12.8576
5.71487
-1.85987
-1.77504
-1.77714
-1.77783
-1.82234
-1.8258
-1.81716
-2.03248
7.69675
7.13587
-2.05853
-1.80141
-1.80835
-1.80763
-1.84062
-1.83969
-1.84574
-2.27144
6.10362
4.80749
-2.26593
-1.8219
-1.82575
-1.82725
-1.86091
-1.86005
-1.93557
-1.86789
2.76614
3.14455
-2.30769
-1.90711
-1.84008
-1.83948
-1.88077
-1.8816
-2.05395
-1.77655
0.535308
1.47224
-1.58622
-1.99178
-1.8476
-1.84818
-1.89723
-1.89738
-2.20671
-1.35078
-0.390305
0.190153
-1.48182
-2.2662
-1.85581
-1.85808
-1.91045
-1.90994
-3.22754
-2.04293
-0.917693
-0.760926
-1.54413
-3.13814
-1.86025
-1.87365
-1.92482
-2.25432
-4.27342
-2.22441
-1.54225
-1.95125
-3.07646
-4.58048
-2.43596
-1.908
-1.94668
-4.00401
-5.73391
-5.88141
-5.79427
-5.57317
-5.30768
-5.17643
-3.93963
-1.94043
-2.69752
-9.44411
-12.6514
-14.4433
-15.2636
-15.3734
-14.8922
-13.1495
-9.76544
-2.83005
1360.94
1362.26
1363.83
1365.83
1367.91
1369.88
1371.91
1373.81
1376.42
1377.71
1381.51
1381.93
1382.43
1382.64
1382.91
1383.04
1383.43
1383.76
1384.1
1384.43
1384.75
1385.02
1385.24
1385.28
1384.87
1384.78
1384.61
1384.52
1384.7
1385.06
1385.69
1386.32
1386.74
1387.02
1387.21
1387.3
1387.35
1387.45
1387.45
1387.61
1340.42
1341.79
1343.62
1345.47
1347.51
1349.73
1352.22
1353.44
1355.04
1356.27
1363.18
1361.1
1361.67
1362.28
1362.85
1363.26
1363.72
1364.11
1364.47
1364.83
1365.11
1365.25
1365.43
1365.39
1365.08
1364.79
1364.44
1364.07
1364.02
1364.39
1364.93
1365.46
1365.95
1366.56
1366.84
1367.16
1367.56
1367.84
1368.05
1368.12
1318.88
1321.05
1323.3
1325.12
1326.97
1329.12
1331.37
1333.29
1334.42
1335.62
1342.21
1341.47
1341.15
1342.2
1342.91
1343.87
1343.88
1344.21
1344.6
1344.94
1345.17
1345.18
1345.06
1345.05
1344.5
1344.41
1344.16
1343.8
1343.64
1343.74
1344.32
1345.02
1346.4
1347.43
1347.39
1347.76
1348.4
1348.63
1349.08
1349.16
1297.51
1299.63
1301.11
1303.61
1306.03
1308.59
1311.06
1313.17
1314.87
1317.1
1320.11
1320.88
1321.31
1322.43
1323.12
1324.25
1324.31
1324.43
1324.69
1324.93
1325.1
1325.18
1325.05
1324.76
1324.46
1324.25
1324.18
1323.99
1324
1324.16
1324.49
1325.2
1326.42
1327.01
1327.47
1328.11
1329.36
1329.4
1330.21
1330.25
1274.32
1278.15
1279.95
1282.63
1285.18
1287.9
1290.67
1293.11
1295.88
1299.31
1300.84
1301.6
1302.49
1303.43
1304.28
1304.61
1304.71
1304.65
1304.69
1304.77
1304.94
1305.08
1304.96
1304.73
1304.32
1304.91
1303.97
1304.24
1304.58
1304.75
1305
1305.62
1306.43
1307.46
1307.56
1307.44
1308.6
1309.42
1309.53
1310.14
1257.6
1260.11
1261.13
1262.88
1265.03
1267.54
1270.26
1273.24
1278.05
1281.67
1280.36
1281.92
1283.23
1284.36
1284.62
1285.04
1285.02
1284.73
1284.37
1284.02
1284.72
1285.29
1285.46
1285.44
1284.98
1285.7
1285.24
1284.41
1285.66
1285.8
1286.35
1286.75
1287.67
1288.54
1286.72
1287.57
1286.82
1288.25
1289.03
1289.43
1241.05
1242.46
1242.58
1244.02
1245.99
1248.34
1250.84
1253.36
1256.37
1258.41
1260.44
1262.08
1263.52
1264.38
1265.03
1265.45
1265.39
1264.88
1264.35
1265.65
1265.85
1265.74
1265.65
1265.73
1266.22
1265.93
1265.55
1265.19
1266.23
1267.04
1267.51
1267.89
1268.49
1268.35
1267.89
1269.62
1267.92
1269.38
1269.73
1269.94
1224.65
1221.4
1222.98
1225.01
1227.33
1229.78
1232.25
1234.73
1237.26
1239.16
1240.81
1242.57
1243.9
1245.01
1245.64
1245.95
1246.03
1246
1246.11
1247.44
1247.99
1248.15
1248.12
1248.12
1248.23
1247.95
1247.04
1247.13
1247.81
1248.4
1248.7
1248.76
1249.14
1249.96
1252.59
1252.03
1250.83
1250.94
1250.76
1250.81
1201.69
1202.51
1204.11
1206.14
1208.6
1211.23
1213.79
1216.12
1218.16
1220.41
1222.34
1223.91
1224.84
1225.52
1226.04
1226.34
1226.6
1226.87
1227.25
1227.87
1229.01
1229.07
1228.47
1228.75
1228.87
1228.88
1228.52
1228.84
1229.36
1229.98
1230.94
1231.43
1232.88
1233.84
1234.13
1234.19
1232.66
1232.02
1231.65
1231.56
1184.7
1185.45
1186.89
1188.76
1191.07
1193.46
1195.85
1198.62
1200.59
1202.14
1203.77
1204.93
1206.09
1206.03
1206.49
1206.79
1207.07
1207.35
1207.63
1207.94
1208.45
1208.58
1209.01
1209.29
1209.4
1209.41
1209.42
1209.79
1210.67
1211.56
1212.24
1212.4
1212.11
1212.99
1213.8
1213.41
1213
1212.59
1212.22
1212.26
1168.68
1169.47
1170.84
1172.45
1174.77
1177.11
1179.38
1181.5
1183.03
1184.52
1185.44
1185.95
1186.6
1186.69
1186.93
1187.19
1187.46
1187.71
1188.02
1188.4
1188.81
1188.78
1188.88
1188.93
1189.09
1188.94
1189.22
1189.96
1190.03
1190.99
1191.61
1190.19
1190.51
1190.83
1191.27
1191.26
1191.43
1191.68
1191.87
1192.05
1152.52
1153.76
1155.13
1156.64
1158.36
1160.39
1162.31
1163.85
1165.28
1166.33
1166.81
1167.02
1167.1
1167.2
1167.39
1167.44
1167.65
1167.88
1168.12
1168.45
1168.79
1168.83
1168.54
1168.17
1168.15
1168.39
1168.49
1168.19
1168.17
1169.34
1167.87
1168.2
1168.55
1168.88
1169.21
1170.39
1170.47
1170.24
1170.76
1171.01
1136.09
1136.75
1137.69
1139.39
1140.21
1141.91
1143.82
1145.61
1146.86
1147.69
1147.81
1147.82
1147.7
1147.65
1147.82
1147.87
1147.83
1147.97
1148.14
1148.28
1148.33
1148.07
1147.34
1146.46
1146.07
1148.11
1146.06
1146.02
1145.63
1145.03
1144.97
1145.44
1146.02
1146.64
1147.38
1148.71
1149.05
1149.31
1149.85
1150.07
1118.61
1119.1
1119.73
1120.51
1121.61
1122.79
1124.33
1125.89
1127.12
1127.66
1127.75
1127.71
1127.81
1128
1128.18
1128.46
1128.45
1128.48
1128.53
1128.6
1128.57
1128.21
1127.56
1126.7
1128.43
1129.21
1126.14
1124.82
1122.93
1121.57
1121
1121.44
1122.69
1124.23
1125.68
1127.75
1128.55
1129.15
1129.72
1129.98
1099.89
1100.01
1100.33
1100.81
1102.16
1102.07
1103.36
1104.59
1105.8
1106.35
1106.48
1107.37
1107.64
1108.14
1108.59
1108.8
1108.98
1109.02
1109.06
1109.23
1109.21
1108.9
1108.25
1107.91
1108.34
1108.2
1106.87
1105.54
1104.42
1102.87
1101.58
1100.82
1101.49
1104.32
1105.91
1108.41
1109.4
1109.86
1110.53
1110.87
1081.15
1081.16
1081.51
1081.96
1082.24
1082.7
1083.69
1084.93
1086.08
1087.05
1087.03
1088.38
1088.47
1088.78
1089.22
1089.4
1089.51
1089.55
1089.52
1089.97
1090.68
1090.72
1090.06
1090.07
1090.42
1091.05
1090.92
1090.26
1089.56
1089.17
1089.18
1089.16
1087.26
1088.24
1089.22
1090.93
1091.22
1091.62
1092.2
1092.46
1062.92
1062.58
1063.53
1063.78
1064.1
1064.54
1065.4
1066.53
1067.22
1068.02
1067.95
1068.86
1068.69
1069.11
1069.53
1069.83
1070.22
1070.46
1070.57
1071.57
1071.87
1072.63
1072.76
1073.21
1074.58
1075.23
1075.68
1075.93
1075.98
1076.19
1076.6
1075.98
1073.3
1073.55
1073.23
1073.88
1073.8
1074.15
1074.34
1074.42
1044.4
1044.56
1044.88
1045.17
1046.03
1046.44
1046.46
1047.63
1048.09
1048.1
1048.56
1047.57
1048.88
1049.7
1049.82
1051.07
1051.32
1051.96
1051.91
1052.6
1053.18
1053.62
1054.49
1055.44
1056.59
1057.65
1059.01
1059.37
1058.63
1058.52
1058.54
1058.51
1057.66
1056.98
1056.71
1056.26
1056.34
1056.45
1056.29
1056.3
1025.65
1025.93
1026.22
1026.52
1026.83
1027.17
1027.59
1028.08
1028.4
1028.65
1028.65
1028.92
1029.27
1030.08
1030.94
1031.4
1032.2
1032.79
1033.36
1033.7
1034.2
1034.63
1035.28
1036
1036.8
1037.43
1038.2
1038.95
1039.41
1040.03
1040.58
1040.57
1039.99
1039.38
1038.72
1038.31
1038.1
1038.21
1037.88
1037.92
1007.21
1007.46
1007.6
1007.85
1008.07
1008.32
1008.54
1008.87
1009.1
1009.22
1009.68
1010.4
1010.31
1010.26
1011.03
1011.73
1012.42
1012.88
1014.23
1014.36
1014.96
1015.45
1015.94
1016.44
1016.97
1017.54
1018.14
1018.74
1019.71
1020.52
1020.84
1020.83
1020.63
1020.2
1019.91
1019.72
1019.5
1019.47
1019.4
1019.49
989.293
989.117
988.917
989.032
989.141
989.362
989.452
989.372
989.291
989.173
989.213
989.159
989.359
989.862
990.444
991.306
992.169
992.982
994.786
994.591
995.342
995.946
996.519
997.128
997.696
998.026
998.109
998.117
998.31
998.444
998.779
999.547
1000.21
1000.65
1000.8
1000.84
1000.75
1000.66
1000.68
1000.79
969.615
969.799
969.896
969.943
969.934
969.919
969.815
969.387
969.135
968.872
968.674
968.6
968.676
969.512
969.663
970.456
971.476
972.437
974.434
974.915
975.76
976.463
977.246
978.148
978.954
979.122
978.72
978.851
979.391
980.105
980.45
980.793
981.428
981.902
982.198
982.34
982.255
982.925
982.361
982.363
950.657
950.777
950.828
950.776
950.61
950.307
949.847
949.326
948.749
948.359
948.316
947.976
947.521
947.677
948.079
949.067
950.675
952.522
954.44
955.903
956.83
957.527
958.243
959.234
960.43
961.036
961.421
962.097
962.978
963.787
964.265
964.104
964.126
964.412
964.332
964.432
964.474
964.772
965.002
964.274
931.58
931.771
931.825
931.659
931.465
931.207
930.658
930.122
929.68
929.004
928.249
927.581
926.642
926.238
926.856
928.414
930.722
933.169
935.195
937.185
938.428
938.907
940.056
941.007
942.088
943.41
945.109
946.722
947.447
948.358
948.933
947.915
947.512
947.33
946.82
946.646
946.644
947.044
946.257
946.255
912.526
912.741
912.802
912.824
912.779
912.936
912.272
911.74
911.37
910.564
909.962
908.726
908.866
908.578
909.6
911.625
913.221
915.869
917.52
919.463
918.95
920.401
920.689
921.839
923.741
925.882
927.94
929.757
930.756
931.238
930.82
930.217
929.618
929.014
928.773
928.996
929.127
928.279
928.126
928.158
893.61
893.67
894.095
894.32
893.975
895.989
894.024
893.169
892.644
892.166
891.502
891.958
891.818
892.214
893.202
894.852
896.614
898.502
899.831
898.954
901.284
900.602
903.16
904.389
905.777
907.4
908.964
910.33
910.804
911.593
911.773
911.241
910.968
910.569
910.344
910.034
909.892
909.318
909.083
909.086
874.914
875.043
875.664
876.224
875.73
878.465
873.925
873.238
873.051
872.738
872.492
872.531
873.25
874.079
874.638
875.04
876.652
877.095
877.747
878.68
880.012
881.063
884.163
885.875
887.179
888.356
888.731
890.332
890.925
891.151
891.299
891.197
891.045
890.82
890.669
890.446
890.181
889.863
889.632
889.584
856.066
856.025
856.557
856.68
856.358
859.17
853.404
853.213
853.123
852.83
852.718
852.785
852.948
853.111
853.705
854.375
855.081
855.824
856.695
857.749
858.838
860.005
861.678
863.845
865.126
866.569
868.06
869.263
869.927
870.299
870.448
870.432
870.431
870.437
870.419
870.35
870.213
870.191
870.136
870.092
836.589
836.432
836.231
835.789
835.74
835.732
833.487
833.152
832.607
832.406
832.426
832.492
832.515
832.615
832.882
833.268
833.758
834.295
835.031
835.99
837.121
838.435
839.867
841.318
842.802
844.342
845.757
846.86
847.649
848.204
848.64
849.027
849.341
849.551
849.703
849.9
850.272
850.531
850.654
850.714
816.736
816.312
815.867
815.588
815.883
815.065
813.962
812.98
811.553
811.378
811.648
811.765
811.719
811.74
811.731
811.801
812.028
812.359
812.935
813.751
814.84
815.956
817.3
818.707
820.099
821.47
822.756
823.877
824.878
825.815
826.667
827.337
827.868
828.388
828.999
829.674
830.232
830.683
831.035
831.403
797.464
796.837
796.182
796.102
796.355
795.656
794.762
793.824
792.037
791.597
791.339
791.049
790.738
790.442
790.136
789.925
789.914
790.105
790.535
791.218
792.129
793.197
794.492
795.949
797.415
798.884
800.332
801.689
803.001
804.281
805.465
806.333
807.011
807.61
808.129
808.786
809.674
810.525
811.136
811.764
777.843
777.569
777.147
776.702
776.426
776.907
776.113
773.87
771.712
770.889
770.259
769.683
769.079
768.56
768.041
767.684
767.517
767.567
767.795
768.273
769.106
770.206
771.555
773.078
774.702
776.4
778.034
779.751
781.522
783.03
784.325
785.145
785.712
786.318
787.131
788.155
789.2
790.29
791.072
791.502
759.568
758.527
757.52
756.608
755.533
754.691
753.589
751.928
750.801
749.739
748.691
747.63
746.861
746.093
745.381
744.729
744.251
744.078
744.248
744.593
745.31
746.238
747.612
749.427
751.304
753.349
755.785
758.929
760.57
761.593
762.798
763.513
763.836
764.404
765.653
767.373
768.942
770.404
771.165
771.18
741.048
739.377
737.655
736.361
735.021
733.62
732.164
730.626
729.042
727.925
726.556
725.173
723.994
722.705
721.519
720.725
719.955
719.333
719.056
719.153
719.574
720.639
722.662
724.65
726.663
729.548
732.458
735.14
737.71
739.213
741.131
741.879
742.11
743.867
746.146
747.452
749.288
751.426
752.53
753.004
722.787
720.771
718.429
716.153
714.46
712.721
710.919
708.955
706.968
705.059
703.275
701.679
700.069
698.593
696.995
695.715
694.3
693.144
692.288
691.824
691.896
692.622
694.291
696.455
698.532
701.931
705.046
709.046
712.26
715.575
717.654
719.331
723.016
726.836
729.483
731.377
731.62
732.49
733.953
735.694
704.303
701.899
699.134
696.533
694.336
691.95
689.491
686.774
684.186
681.586
679.114
676.955
674.839
672.316
670.317
668.263
666.258
664.138
661.91
660.176
659.099
659.329
660.617
663.342
666.093
669.145
676.962
677.967
683.994
689.509
693.993
698.898
704.189
708.214
711.215
713.292
714.508
715.526
717.459
718.68
685.644
682.668
679.903
676.961
673.965
670.916
667.538
664.005
660.566
657.291
653.931
650.558
647.136
644.037
640.714
637.945
633.296
629.525
625.808
622.1
619.349
619.153
621.207
625.912
630.797
636.073
643.323
648.152
654.494
661.172
669.263
676.716
683.622
690.288
694.379
695.761
698.846
700.29
700.355
701.22
668.473
663.818
660.409
657.09
653.562
649.654
645.373
641.045
636.614
632.172
627.576
622.536
617.061
611.719
607.691
603.391
597.669
592.475
587.47
582.758
577.834
580.589
580.327
583.42
591.92
598.1
607.016
615.854
624.501
633.738
643.474
654.285
664.159
671.229
677.423
682.88
683.226
685.166
687.107
687.982
647.453
645.346
641.13
637.6
633.481
628.78
623.248
617.335
611.431
605.485
599.335
592.597
586.082
581.448
571.868
565.907
559.997
553.986
547.896
540.711
534.462
535.11
537.431
536.353
543.581
552.954
564.773
576.679
590.67
603.587
616.293
628.366
640.289
653.962
662.01
666.817
674.242
675.029
675.203
677.184
629.051
626.202
622.641
618.513
613.385
607.41
600.315
593.026
586.377
579.573
572.074
564.091
558.984
548.264
537.873
530.736
524.647
517.492
508.981
500.67
497.848
496.505
493.511
494.589
499.258
505.655
516.288
533.649
555.234
572.408
589.876
604.983
618.414
630.455
644.829
652.348
656.626
663.903
663.767
668.92
611.113
608.094
604.159
599.028
592.435
588.047
577.118
568.977
561.375
554.024
546.161
538.399
532.25
520.198
506.623
500.804
495.696
489.213
486.402
484.735
481.81
478.457
477.605
480.334
485.276
490.497
494.717
504.993
526.209
547.062
564.529
582.069
597.174
610.845
625.384
636.198
641.878
646.522
652.667
650.959
592.17
588.842
584.685
579.46
573.473
566.549
554.834
545.002
536.381
529.568
522.823
515.383
506.343
495.259
483.227
477.324
476.299
477.041
476.873
477.014
476.345
475.498
476.021
477.54
479.536
481.707
484.344
490.043
502.765
522.97
540.658
557.294
573.304
586.372
597.219
607.676
616.639
623.823
628.406
631.206
572.87
569.365
564.751
559.432
553.269
544.257
534.16
523.363
512.523
504.402
499.149
493.992
487.146
477.193
470.397
467.437
466.199
466.436
466.308
466.654
467.348
468.135
468.944
470.673
472.969
475.508
478.228
482.065
487.962
504.608
519.684
533.405
546.473
556.09
570.558
576.568
581.033
592.353
594.144
601.11
554.742
551.112
546.793
541.856
535.956
526.95
516.965
505.554
494.913
487.1
482.323
476.645
470.025
464.731
461.973
459.209
456.727
455.762
456.487
457.975
459.783
461.107
462.844
465.076
467.391
469.696
472.017
475.557
480.039
491.078
502.4
512.123
520.998
528.028
538.937
548.407
543.156
558.117
559.272
565.936
538.928
536.34
532.095
526.626
519.88
511.504
502.339
491.479
480.278
473.37
468.709
461.303
459.696
460.963
457.613
453.748
450.722
450.859
452.069
452.774
457.943
461.499
458.537
461.558
463.961
465.963
467.562
470.531
474.443
480.019
486.028
489.208
491.59
493.663
501.701
508.407
511.68
526.265
524.793
532.587
526.152
523.654
519.979
515.158
508.543
499.499
488.233
478.406
464.101
456.479
453.836
449.792
453.252
455.483
452.845
451.026
450.287
450.795
451.446
450.824
467.11
468.661
459.271
460.452
462.502
464.211
465.302
466.914
469.494
470.65
470.941
468.195
466.041
466.703
469.269
476.353
481.737
493.685
494.332
500.286
515.971
513.824
510.347
505.562
499.682
491.638
480.737
468.651
456.373
445.535
439.73
438.283
448.605
442.593
444.359
442.81
440.482
437.377
438.064
442.482
449.521
456.369
457.14
459.203
461.864
464.258
466.463
469.811
473.787
473.408
470.386
463.709
461.004
456.09
453.173
453.193
464.821
464.585
481.045
481.53
507.69
505.776
502.345
497.635
492.4
485.851
477.304
467.465
456.77
446.489
441.375
443.385
435.995
435.392
433.116
429.093
426.817
424.657
423.933
427.144
434.445
444.848
452.792
457.358
461.207
464.975
468.99
476.034
483.692
485.127
484.175
477.981
465.914
461.188
457.977
458.445
452.661
463.94
468.435
479.117
499.714
498.331
495.571
491.047
485.3
478.454
470.804
462.228
452.471
442.495
435.209
430.796
426.206
423.52
419.609
414.489
409.926
406.419
407.032
413.799
425.104
437.164
448.386
456.075
461.129
464.866
468.879
479.454
490.492
495.732
501.78
493.275
485.691
477.82
469.66
466.532
467.241
469.6
469.923
474.466
491.488
491.847
489.98
485.133
477.997
470.179
461.824
452.977
443.444
434.285
426.523
420.756
416.452
412.644
409.751
407.746
404.772
409.148
415.042
411.709
422.827
436.095
444.578
454.315
465.071
464.099
469.068
477.688
481.165
496.457
497.333
498.999
489.279
482.248
473.582
472.043
471.696
471.044
472.532
470.481
482.169
487.419
484.285
478.737
469.829
460.263
450.638
441.225
431.747
422.52
414.554
409.119
406.662
403.32
403.139
403.713
404.456
406.912
410.637
410.711
417.444
428.325
438.305
448.893
472.608
457.474
471.403
478.046
481.33
482.049
477.154
483.811
473.665
469.202
466.342
467.057
464.1
461.79
461.867
460.299
471.482
478.771
477.307
471.516
462.006
451.16
440.647
430.114
419.283
408.57
396.684
396.869
394.844
394.563
394.789
395.565
396.012
395.988
397.447
402.692
410.517
419.26
427.595
435.83
446.068
454.622
462.712
464.802
495.601
474.289
474.999
464.376
461.327
457.784
454.256
452.464
452.029
450.209
450.252
449.239
444.117
448.431
447.996
443.214
434.083
425.999
417.735
407.925
402.75
396.8
392.419
387.015
382.977
381.172
377.057
376.374
377.141
379.322
383.269
389.048
396.984
406.864
416.511
425.572
434.664
442.322
448.583
458.992
469.439
451.497
457.642
451.504
447.822
445.301
442.872
440.86
440.087
438.902
436.769
437.064
405.133
403.865
400.652
396.236
394.06
386.502
380.433
379.222
376.853
370.973
362.852
358.384
355.747
357.422
356.548
355.248
355.307
356.695
359.997
365.151
372.903
382.891
393.977
406.173
415.321
420.858
423.1
437.931
439.338
437.751
437.412
433.203
430.8
432.015
430.001
427.563
425.474
423.311
420.565
420.431
363.461
362.315
360.426
360.359
360.368
358.124
352.987
344.3
345.946
336.017
338.717
339.145
332.609
332.656
331.034
329.124
328.454
329.537
331.559
332.436
338.199
349.142
360.931
372.432
386.911
395.344
398.752
410.906
413.618
413.818
412.413
410.632
409.582
418.053
414.005
410.858
408.771
405.125
403.906
403.235
330.822
329.939
330.481
331.332
330.701
328.695
325.013
320.313
315.942
313.453
314.154
315.569
312.565
310.502
306.69
298.997
297.937
300.451
302.982
301.333
308.688
315.035
324.698
337.356
352.465
366.305
374.667
385.35
389.424
385.509
386.808
387.023
388.248
397.574
392.749
390.328
388.061
385.5
384.228
382.894
299.772
301.928
305.786
306.336
308.186
306.661
302.39
296.154
298.674
288.352
290.503
286.299
282.86
287.704
284.573
283.165
283.051
283.835
283.427
282.671
285.192
290.259
297.702
306.597
324.392
335.492
349.388
363.45
353.083
357.735
361.067
363.382
365.967
368.013
367.467
367.229
364.801
361.39
358.914
359.665
283.853
282.402
283.795
279.608
274.189
270.789
268.666
267.297
267.101
267.118
269.286
270.773
268.265
263.874
263.101
265.419
266.643
265.733
263.296
265.779
266.457
266.492
269.999
279.445
287.992
302.175
318.928
327.964
331.101
333.192
335.473
337.957
338.723
336.683
336.628
335.589
332.491
326.793
325.161
330.201
263.015
258.43
253.431
245.363
233.384
222.552
219.165
239.767
247.626
247.434
241.711
241.359
242.592
243.753
243.44
239.353
241.106
244.261
243.602
242.095
241.579
241.852
241.035
248.459
254.847
278.028
288.419
294.154
299.31
303.512
306.927
308.062
307.736
305.559
304.04
303.698
302.38
305.51
308.001
307.353
237.565
233.561
225.206
216.089
200.987
200.917
214.142
205.889
203.049
211.63
214.469
214.594
216.06
218.31
221.925
222.991
221.275
217.859
216.391
214.465
213.925
213.879
214.765
219.848
236.793
242.17
255.442
263.179
268.771
273.964
279.141
281.814
283.158
282.824
283.033
284.269
287.183
288.834
289.492
285.924
217.33
209.989
203.693
191.073
182.912
184.409
185.881
182.895
177.668
172.624
178.653
184.422
188.552
192.748
197.856
199.303
199.365
195.617
190.713
187.814
185.907
183.335
185.533
206.845
211.038
216.671
225.662
234.841
241.539
248.471
254.113
258.136
262.036
264.008
265.067
267.017
270.625
273.779
274.727
273.929
207.827
198.687
188.386
174.409
168.463
168.32
167.361
164.131
155.447
142.063
137.141
154.966
162.948
170.904
174.635
180.912
177.119
175.441
168.395
163.537
160.342
158.229
165.683
176.97
181.354
191.37
199.751
208.183
213.643
219.818
224.805
230.504
236.776
241.236
241.632
245.717
247.56
255.721
256.854
259.25
201.541
189.724
178.768
167.125
156.233
155.674
154.749
153.231
148.791
144.227
143.284
147.334
152.707
156.612
158.488
162.753
164.985
163.603
157.349
150.952
147.977
147.937
155.384
161.549
164.39
168.262
177.651
182.764
183.233
184.49
188.054
194.11
204.34
204.888
210.478
215.826
220.829
228.705
234.079
244.243
190.408
178.769
169.273
160.444
149.55
149.086
149.813
150.618
150.555
151.314
151.52
152.353
153.896
154.175
152.23
156.355
159.108
167.834
159.964
152.594
152.023
153.143
157.31
159.751
159.06
157.756
166.148
164.279
157.594
150.118
152.954
161.507
168.921
176.875
185.26
191.744
196.413
202.412
205.483
207.425
176.577
168.497
158.961
152.335
143.92
145.419
147.97
148.691
150.513
153.055
154.085
153.764
154.191
155.228
153.674
151.59
160.715
173.105
158.229
156.87
156.843
158.751
160.571
160.109
156.601
158.053
150.288
147.906
143.233
134.669
131.099
140.255
149.133
158.284
165.779
171.546
175.521
180.191
182.555
184.048
167.557
158.168
151.117
146.431
141.302
139.119
143.835
147.404
149.582
152.001
152.049
151.356
150.573
149.592
147.034
151.927
161.331
154.867
152.356
152.837
153.79
155.303
156.996
157.171
151.336
144.148
144.741
143.654
140.835
136.799
128.904
134.64
142.204
146.327
151.178
157.133
158.634
161.437
163.285
164.474
150.758
141.058
136.549
131.466
128.857
128.821
132.069
134.659
141.991
144.626
144.602
144.049
147.036
145.987
145.383
134.968
137.808
142.893
144.52
145.521
145.825
146.907
148.307
147.132
141.233
142.974
143.244
143.508
143.629
139.259
133.87
134.255
134.757
136.954
138.998
140.619
141.876
143.679
145.065
145.937
132.943
128.146
116.741
105.705
105.322
106.194
104.974
114.467
132.911
124.705
132.774
135.858
134.595
126.438
128.942
130.995
134.051
135.107
136.395
138.225
139.318
139.161
141.376
138.096
139.528
141.083
143.182
144.843
143.301
138.666
133.856
129.094
127.633
126.173
124.988
126.036
126.944
128.149
129.094
129.243
131.584
121.054
111.794
111.53
108.875
99.984
100.145
103.051
106.373
112.489
117.251
117.602
119.356
125.001
126.675
127.115
124.81
129.561
130.997
131.06
132.711
134.551
133.896
133.699
135.748
138.123
137.262
137.591
136.113
132.319
125.941
118.218
114.098
113.961
113.11
111.799
111.885
112.397
113.38
114.27
132.708
119.056
117.571
115.106
111.334
108.003
106.581
106.203
106.613
107.426
108.109
107.336
115.175
118.304
110.012
113.391
117.832
120.546
121.218
121.367
124.264
129.645
129.678
125.588
127.998
129.168
129.882
128.566
125.79
118.163
111.915
107.159
102.905
98.4807
94.9092
94.4066
95.7079
95.8628
98.045
99.5221
125.282
128.132
123.091
117.945
114.169
110.817
108.27
106.431
105.151
104.083
102.943
101.809
102.739
103.708
104.547
105.143
105.851
106.491
107.443
107.732
108.848
108.861
111.372
116.845
113.66
117.579
116.03
117.09
115.121
105.286
99.1696
93.7711
89.4645
88.0614
93.6593
99.5995
86.5651
83.0725
84.6272
85.6123
128.149
125.726
120.126
117.504
111.907
107.075
103.398
100.056
97.8566
95.4808
92.6634
90.1261
90.094
90.9741
92.7009
93.8439
94.0355
93.2889
92.4559
91.7678
91.7741
91.9205
96.539
103.614
94.8913
97.0683
98.0466
95.8793
94.4084
90.2647
84.9627
82.4321
83.2164
83.9995
87.354
86.4719
75.6511
68.0937
68.3683
68.2706
123.762
119.954
114.529
110.568
105.094
99.787
95.2149
91.4065
87.864
84.1239
84.9006
88.9194
88.2744
82.1979
80.7487
80.1568
78.0619
76.2986
74.9581
72.782
70.5864
67.4041
71.4921
67.7013
70.0904
71.3669
71.9673
72.4879
72.9066
73.3247
74.1594
72.9226
73.7698
63.8858
61.9154
61.5923
56.8209
50.7685
50.3
49.4917
113.054
109.329
105.099
100.003
96.109
90.6218
85.4508
82.2556
80.0869
80.2862
82.2274
81.0939
78.8307
74.7652
70.3234
67.45
64.1671
62.0895
59.3768
54.2288
48.0251
43.1449
40.1605
39.983
42.3036
44.0781
47.5221
50.6177
57.5969
61.6537
64.6551
62.7216
41.6194
50.909
51.8224
47.3373
41.1342
38.0855
36.3378
35.175
101.48
96.9241
92.9159
89.1988
84.2537
81.1216
78.046
74.6623
74.0942
74.2401
72.7224
73.9124
71.8491
67.8741
63.5604
58.8538
50.5912
48.583
43.3107
36.7107
30.6469
23.7011
17.6774
15.693
18.4477
24.5776
29.6766
40.0485
41.7946
30.845
53.9932
43.9584
41.7539
35.724
29.933
23.9232
19.8167
17.1334
15.6448
15.7932
93.0071
84.169
80.2178
76.9678
73.5856
70.1029
68.9123
66.333
68.2125
67.965
64.7276
62.5399
60.3328
58.6059
54.7186
48.7599
41.263
33.1159
27.7357
24.8759
20.5431
15.9161
11.5172
7.88751
1.49475
9.32763
15.6954
23.7779
32.4409
25.9606
29.1197
18.4158
15.5959
5.77121
1.65847
2.44945
2.682
1.39391
1.24758
1.72836
78.2878
75.8583
70.671
65.5421
62.3106
66.3261
67.2163
59.9591
56.0924
57.0564
55.5107
53.0013
51.5809
51.7546
46.503
38.9444
31.4485
28.5004
23.2351
19.1723
15.3039
12.039
7.8147
2.99861
4.13471
-3.62665
-3.8476
-1.84917
4.37622
7.29914
7.14028
-3.21869
-0.7701
-1.58749
-0.984644
-0.994715
-0.983232
-0.922097
-0.850742
-0.815063
50.1289
43.2123
42.0016
48.5761
47.0087
52.1607
55.081
53.0915
54.3783
48.0717
47.8781
45.8129
43.468
40.4997
38.0327
36.1619
30.0262
20.6746
15.8706
13.2338
10.7218
14.0902
9.35146
1.45951
-2.78403
-1.01244
-0.977312
-0.620714
-0.30155
-0.329731
11.543
1.95563
-1.516
-1.03635
-1.03525
-1.05574
-1.07978
-1.02979
-0.953104
-0.877651
39.208
36.5181
34.6134
30.9165
32.5813
38.5421
43.7805
47.5365
44.1797
47.8675
38.0953
38.2289
36.7913
34.1522
28.4205
26.0546
20.1285
12.5695
6.34402
1.21636
4.77073
8.68121
5.56654
-0.267998
-1.30087
-1.31227
-1.30091
-1.30659
-1.35209
-1.43511
2.95385
0.431924
-1.40183
-1.22576
-1.22227
-1.26398
-1.2974
-1.10071
-0.909556
-0.901622
34.7509
32.2747
29.6873
26.7523
25.5853
24.6376
36.9506
43.444
36.8095
35.4631
33.2473
27.954
26.8203
21.7186
18.6667
13.6567
5.67532
0.385669
-0.859466
0.226021
-2.31183
-1.20149
-1.02615
-1.58245
-1.47329
-1.43341
-1.40457
-1.38538
-1.39419
-1.41908
-1.53063
-1.71851
-1.27182
-1.30062
-1.30723
-1.30316
-1.30325
-1.11368
-0.874265
-0.732973
31.2161
29.6602
27.6337
25.537
24.7725
24.9931
24.117
27.531
29.4865
28.0438
24.9941
22.637
20.6828
17.9199
14.7969
10.4246
4.40821
-0.436986
-2.29377
-1.32892
-1.1119
-1.37504
-1.40543
-1.33944
-1.49172
-1.47637
-1.46433
-1.45717
-1.4669
-1.49766
-1.53513
-1.5511
-1.53236
-1.33689
-1.3334
-1.23482
-1.20652
-1.06627
-0.793368
-0.824279
27.8114
27.7321
26.273
24.7846
23.4464
17.3142
20.8712
23.2102
21.2857
18.9374
16.9528
16.2113
16.2927
16.191
11.5902
3.15266
0.446044
-1.48224
-0.641358
-1.28663
-1.34507
-1.48664
-1.50284
-1.49572
-1.49391
-1.50488
-1.51304
-1.51903
-1.52713
-1.53501
-1.54055
-1.54067
-1.53958
-1.53372
-1.41416
-1.37917
-1.32715
-1.22121
-1.2804
-1.26517
24.1837
22.4018
20.538
24.6341
27.3637
18.4171
6.42096
2.97912
5.55338
5.70104
5.4224
5.50642
4.88587
3.39865
1.23342
-0.227002
-1.1703
-1.55958
-1.6382
-1.59587
-1.56054
-1.55585
-1.54838
-1.54407
-1.54758
-1.55712
-1.56267
-1.56605
-1.56864
-1.56949
-1.56994
-1.57146
-1.56635
-1.55009
-1.52261
-1.48506
-1.43438
-1.23491
-1.39189
-1.3635
11.5548
3.01738
-1.9429
7.47918
11.9556
14.3852
3.12304
-1.16268
-0.689875
-1.16544
-0.561165
-0.483021
-0.855968
-0.649396
-1.36717
-1.63411
-1.69168
-1.63356
-1.59657
-1.59939
-1.59309
-1.59007
-1.59084
-1.58712
-1.59279
-1.60227
-1.60566
-1.60696
-1.6082
-1.60824
-1.60685
-1.60395
-1.59759
-1.58791
-1.5684
-1.54943
-1.52705
-1.39696
-1.4269
-1.41115
-0.959329
-1.86936
-1.21917
-1.52502
-0.892208
-0.503786
-1.35195
-1.47563
-1.60843
-1.63342
-1.6196
-1.62649
-1.63717
-1.6445
-1.63889
-1.63123
-1.64812
-1.64824
-1.6326
-1.6273
-1.62471
-1.62647
-1.63194
-1.63839
-1.64556
-1.64985
-1.65125
-1.65178
-1.6512
-1.65036
-1.64761
-1.64277
-1.63526
-1.62094
-1.61304
-1.5964
-1.57261
-1.54431
-1.50691
-1.49889
-1.96763
-1.70174
-1.62553
-1.64235
-1.69146
-1.65627
-1.59553
-1.64076
-1.63792
-1.62726
-1.63156
-1.63742
-1.64204
-1.64932
-1.65597
-1.65379
-1.65392
-1.65753
-1.65365
-1.6556
-1.66166
-1.66941
-1.67951
-1.68416
-1.69014
-1.6955
-1.69981
-1.70267
-1.70341
-1.70158
-1.69678
-1.6893
-1.67937
-1.6619
-1.6535
-1.63743
-1.61779
-1.60249
-1.57391
-1.4746
-1.73203
-1.71781
-1.71278
-1.7207
-1.7152
-1.69564
-1.69449
-1.70059
-1.68246
-1.65794
-1.65548
-1.65822
-1.66004
-1.66222
-1.66773
-1.67062
-1.67312
-1.67519
-1.67465
-1.68219
-1.69555
-1.70507
-1.71419
-1.72286
-1.73132
-1.74016
-1.74791
-1.7538
-1.75664
-1.75528
-1.74893
-1.73797
-1.72407
-1.70927
-1.69409
-1.67837
-1.66086
-1.65225
-1.63146
-1.56028
-1.7368
-1.72291
-1.71225
-1.6971
-1.68785
-1.69805
-1.68366
-1.68396
-1.6832
-1.67974
-1.67952
-1.68062
-1.68172
-1.68442
-1.68857
-1.69129
-1.69388
-1.69562
-1.69751
-1.69398
-1.72192
-1.72845
-1.73801
-1.75192
-1.76297
-1.77633
-1.78752
-1.79721
-1.80267
-1.80285
-1.79574
-1.78231
-1.76509
-1.74775
-1.73136
-1.71571
-1.6982
-1.69117
-1.67921
-1.6445
-1.74501
-1.73789
-1.72838
-1.69337
-1.70087
-1.70676
-1.70618
-1.70625
-1.70464
-1.70391
-1.70425
-1.70551
-1.70634
-1.70896
-1.7107
-1.71256
-1.71462
-1.7168
-1.72094
-1.70623
-1.73536
-1.74036
-1.75801
-1.75615
-1.77117
-1.79973
-1.81539
-1.82931
-1.83994
-1.84413
-1.83743
-1.82179
-1.80046
-1.77983
-1.76152
-1.74324
-1.72512
-1.71539
-1.72403
-1.70694
-1.75306
-1.75358
-1.73716
-1.73821
-1.73942
-1.73633
-1.73384
-1.7327
-1.73095
-1.73023
-1.73006
-1.73017
-1.73105
-1.7322
-1.73313
-1.73428
-1.7357
-1.73786
-1.74234
-1.73458
-1.74218
-1.75277
-1.76529
-1.77633
-1.79141
-1.81035
-1.82644
-1.84207
-1.85746
-1.86595
-1.86007
-1.84586
-1.82516
-1.80097
-1.77788
-1.75582
-1.73629
-1.72718
-1.75477
-1.73975
-1.77789
-1.77866
-1.77652
-1.77168
-1.76769
-1.76434
-1.76234
-1.7603
-1.75859
-1.75478
-1.75035
-1.75616
-1.75575
-1.75574
-1.75575
-1.75595
-1.75636
-1.75723
-1.75881
-1.76219
-1.76503
-1.76815
-1.77237
-1.78293
-1.7947
-1.80812
-1.82167
-1.83378
-1.84382
-1.84907
-1.84484
-1.83395
-1.81833
-1.79889
-1.77729
-1.76275
-1.75505
-1.72331
-1.73015
-1.72657
-1.80788
-1.80537
-1.80198
-1.79849
-1.79513
-1.79243
-1.79009
-1.78739
-1.78559
-1.77844
-1.77824
-1.77995
-1.77958
-1.779
-1.77828
-1.77784
-1.77746
-1.77751
-1.77785
-1.77869
-1.77965
-1.78205
-1.78059
-1.78775
-1.79476
-1.80199
-1.81048
-1.82082
-1.82443
-1.82346
-1.81939
-1.81095
-1.80017
-1.78895
-1.76862
-1.73284
-1.71664
-1.76377
-1.7336
-1.72999
-1.82639
-1.82507
-1.82312
-1.82176
-1.82103
-1.81927
-1.81661
-1.81293
-1.80917
-1.80556
-1.8055
-1.80493
-1.80339
-1.80207
-1.80114
-1.80031
-1.7996
-1.79919
-1.79955
-1.79846
-1.79837
-1.80017
-1.79701
-1.80378
-1.8022
-1.80197
-1.81006
-1.81791
-1.82013
-1.81889
-1.81532
-1.80941
-1.80228
-1.78417
-1.76346
-1.80106
-1.80997
-1.809
-1.80116
-1.78967
-1.83824
-1.83793
-1.84011
-1.84174
-1.8459
-1.84516
-1.84311
-1.83968
-1.83216
-1.83414
-1.83091
-1.82857
-1.82666
-1.82523
-1.82433
-1.82348
-1.82286
-1.82216
-1.8222
-1.82211
-1.81913
-1.81814
-1.82144
-1.81946
-1.82279
-1.80982
-1.82575
-1.82735
-1.82953
-1.8291
-1.82595
-1.82361
-1.82219
-1.82343
-1.82439
-1.82217
-1.8201
-1.81656
-1.81329
-1.80936
-1.84832
-1.85086
-1.85705
-1.86163
-1.86602
-1.86551
-1.86537
-1.85519
-1.85669
-1.85473
-1.85273
-1.85089
-1.84924
-1.84798
-1.84688
-1.84587
-1.84504
-1.84435
-1.84377
-1.84351
-1.84295
-1.84193
-1.84028
-1.8449
-1.83828
-1.83909
-1.84026
-1.84239
-1.84579
-1.84717
-1.84721
-1.84547
-1.84301
-1.84104
-1.83957
-1.83793
-1.83611
-1.83275
-1.83112
-1.83036
-1.86174
-1.86657
-1.8738
-1.87765
-1.8811
-1.88127
-1.88149
-1.87431
-1.87861
-1.87604
-1.87396
-1.87227
-1.8709
-1.86977
-1.86882
-1.86792
-1.86705
-1.86654
-1.8661
-1.86578
-1.86553
-1.86549
-1.86376
-1.86206
-1.86184
-1.86166
-1.86301
-1.86406
-1.86554
-1.86646
-1.8661
-1.86466
-1.86269
-1.86127
-1.86006
-1.85827
-1.85676
-1.85565
-1.85503
-1.85502
-1.87254
-1.88945
-1.89194
-1.8952
-1.89667
-1.89862
-1.8883
-1.89719
-1.89641
-1.89514
-1.89419
-1.89304
-1.89201
-1.89112
-1.89034
-1.88966
-1.88905
-1.88846
-1.88809
-1.88778
-1.88761
-1.88756
-1.88742
-1.88838
-1.87906
-1.88116
-1.88599
-1.88579
-1.88612
-1.8868
-1.88568
-1.88506
-1.88438
-1.88338
-1.88248
-1.88151
-1.88096
-1.88029
-1.87965
-1.87953
-1.92144
-1.91562
-1.91649
-1.91625
-1.91511
-1.90936
-1.90876
-1.91482
-1.91468
-1.91434
-1.91389
-1.91329
-1.91275
-1.91223
-1.91171
-1.91122
-1.91075
-1.91033
-1.90995
-1.90974
-1.90948
-1.90925
-1.90924
-1.90939
-1.90883
-1.9073
-1.90461
-1.90749
-1.90729
-1.90799
-1.90738
-1.90736
-1.90746
-1.90689
-1.9062
-1.90562
-1.90488
-1.90423
-1.90384
-1.90385
-1.93241
-1.93931
-1.94081
-1.94107
-1.93076
-1.92696
-1.92914
-1.93151
-1.93277
-1.93352
-1.93384
-1.9339
-1.93377
-1.9335
-1.93316
-1.9328
-1.93242
-1.93206
-1.93174
-1.9314
-1.93115
-1.93084
-1.93055
-1.93018
-1.92958
-1.92899
-1.92889
-1.92916
-1.92929
-1.92957
-1.92955
-1.92941
-1.92906
-1.92877
-1.92849
-1.92816
-1.92783
-1.92753
-1.92733
-1.92732
-1.96216
-1.97204
-1.9668
-1.97497
-1.97242
-1.96322
-1.95812
-1.95597
-1.95555
-1.95544
-1.9554
-1.95533
-1.9552
-1.955
-1.95474
-1.95446
-1.95415
-1.95383
-1.95351
-1.95322
-1.95298
-1.95269
-1.95233
-1.95187
-1.95135
-1.95092
-1.95113
-1.95163
-1.95173
-1.95161
-1.95136
-1.95109
-1.95084
-1.95072
-1.95072
-1.95068
-1.9506
-1.95055
-1.95053
-1.95058
1374.28
1374.05
1374.17
1374.33
1374.54
1374.72
1374.7
1374.42
1373.04
1372.15
1370.53
1370.21
1369.52
1369.49
1369.38
1370.24
1371.52
1373.17
1374.77
1376.32
1377.87
1377.52
1376.11
1375
1373.75
1372.48
1371.1
1369.76
1368.61
1367.71
1366.91
1366.36
1366.12
1366.04
1365.69
1364.83
1363.58
1362.04
1360.84
1359.52
1354.5
1354.25
1354.47
1354.79
1355.26
1355.69
1355.51
1355.18
1353.44
1351.93
1350.58
1349.63
1348.63
1348.48
1349.21
1349.55
1351.43
1352.82
1354.14
1356.79
1359.03
1358.89
1356.08
1354.04
1352.46
1351.89
1350.49
1349.62
1349.35
1348.59
1347.96
1347.52
1346.35
1346.53
1346.05
1344.86
1343.53
1342.06
1340.89
1339.96
1334.2
1333.77
1333.73
1333.75
1333.9
1334.09
1334.13
1333.57
1331.96
1330.04
1329.09
1328.25
1328.18
1327.86
1327.84
1327.18
1328.04
1329.05
1330.3
1332.81
1334.54
1333.65
1330.97
1330.25
1329.89
1329.66
1329.27
1329.32
1329.34
1328.81
1328.32
1327.71
1327.28
1328.12
1326.69
1324.75
1322.49
1321.2
1320.99
1320.61
1313.72
1313.1
1312.82
1312.55
1312.42
1312.07
1311.58
1310.72
1309.48
1308.46
1307.31
1307
1304.93
1305.37
1304.56
1303.1
1303.64
1303.78
1305.19
1305.33
1307.43
1306.31
1305.41
1306.02
1306.2
1306.57
1306.95
1307.7
1309.17
1308.54
1307.03
1308.1
1309.64
1309.57
1307.4
1306.19
1303.77
1302.5
1304.97
1305.37
1293.55
1293.16
1292.73
1292.18
1291.67
1291.12
1290.52
1289.64
1288.48
1289.15
1289.57
1284.12
1284.36
1282.84
1281.56
1281.13
1282.08
1283.09
1285.19
1287.58
1286.9
1286.13
1288.01
1288.41
1288.5
1288.08
1287.99
1288.39
1289.84
1291.92
1289.28
1290.18
1290.84
1291.12
1289.17
1286.16
1285.75
1285.29
1283.55
1289.39
1274.09
1273.69
1273.07
1272.37
1271.66
1270.99
1270.18
1269.41
1268.37
1268.37
1267.15
1261.71
1261.8
1260.65
1260.49
1262.08
1264.29
1266.14
1268.23
1270
1271.31
1272.42
1272.86
1272.39
1272.57
1273.2
1274.3
1275.42
1274.62
1272.21
1272.64
1272.44
1271.21
1271.6
1269.64
1266.05
1265.81
1265.62
1267.27
1267.73
1254.77
1254.17
1253.58
1252.61
1251.74
1250.67
1249.48
1249.01
1248.29
1247.47
1245.67
1243.32
1242.75
1241.95
1242.18
1244.16
1247.07
1249.17
1251.4
1254.27
1256.55
1257.43
1257.27
1256.12
1255.53
1255.87
1256.34
1257.1
1256.15
1255.87
1255.48
1253.39
1252.91
1252.43
1248.09
1249.07
1249.35
1249.01
1248.35
1249.26
1235.39
1236.68
1233.25
1232.94
1232.68
1231.85
1231.01
1231.36
1230.92
1230.22
1229.02
1227.55
1226.29
1224.87
1224.49
1226.93
1229.74
1232.55
1235.18
1236.68
1238.7
1239.93
1239.09
1238.45
1237.93
1238.38
1238.94
1239.12
1238.03
1236.32
1236.51
1234.38
1234.1
1232.82
1231.35
1232.21
1231.63
1230.9
1229.78
1230.64
1216.46
1216.16
1216.83
1213.65
1213.59
1215.07
1213.58
1214.16
1213.99
1213.57
1212.55
1210.92
1208.49
1207.26
1208.43
1210.97
1213.43
1215.69
1217.42
1222.81
1223.46
1221.7
1220.95
1221.1
1219.58
1220.19
1220.16
1217.88
1219.22
1219.15
1216.52
1216.2
1215.52
1214.72
1213.87
1214.18
1214.1
1213.97
1213.74
1212.32
1197.49
1196.82
1197.55
1197.3
1197.33
1197.3
1197.07
1197.03
1196.21
1196.05
1194.97
1194.5
1193.64
1193.48
1194.29
1195.98
1197.98
1200.68
1202.92
1203.27
1205.23
1202.21
1202.49
1203.32
1200.35
1201.59
1202.32
1198.94
1200.59
1200.26
1198.72
1198.06
1197.06
1196.13
1195.62
1195.59
1196.22
1197.96
1198.13
1197.78
1178.76
1178.15
1179.55
1179.82
1178.91
1179.45
1179.81
1179.86
1179.19
1180.02
1178.3
1177.66
1177.42
1177.6
1178.17
1179.01
1179.72
1180.08
1186.97
1182.74
1188.66
1183.15
1185.54
1184.64
1183.64
1183.8
1184.05
1181.49
1184.31
1182.29
1180.54
1179.79
1178.18
1178.9
1177.05
1177.11
1177.51
1177.45
1176.66
1180.9
1160.13
1159.75
1160.39
1161.22
1162.28
1162.91
1163.27
1162.93
1161.42
1160.49
1161.78
1160.58
1160.95
1161.49
1162.07
1162.33
1161.98
1160.98
1166.36
1165.39
1173.21
1167.85
1168.46
1167.67
1165.82
1165.51
1165.23
1164
1164.84
1163.07
1162.57
1160.91
1160.41
1159.88
1158.58
1158.1
1157.64
1157.03
1156.39
1156.01
1140.59
1140.3
1140.55
1140.53
1140.79
1142.49
1143.77
1144.13
1143.93
1143.45
1143.33
1143.83
1144.89
1145.89
1146.53
1146.53
1146.1
1147.09
1148.57
1149.63
1154.34
1152.2
1152.46
1152.7
1147.87
1147.65
1147.45
1146.84
1146.15
1145.29
1144.26
1143.32
1142.44
1141.64
1140.74
1139.64
1138.47
1137.27
1136.65
1136.43
1119.56
1119.13
1117.59
1114.41
1113.76
1114.77
1118.7
1122.27
1123.5
1124.09
1124.78
1125.9
1127.45
1129.05
1130.38
1131.16
1131.2
1132.5
1133.2
1134.41
1135.77
1136.33
1136.1
1135.73
1130.34
1130.74
1129.93
1129.03
1128.01
1127.1
1126.07
1125.32
1124.54
1123.68
1122.72
1122
1120.96
1119.6
1119.16
1118.53
1102.35
1102.26
1102.68
1103.33
1102.76
1100.57
1100.11
1103.46
1104.73
1105.06
1105.72
1107.02
1108.63
1110.3
1111.54
1112.13
1111.7
1118.48
1118.14
1116.12
1117.21
1116.38
1116.96
1114.71
1114.2
1113.05
1112.89
1110.35
1109.44
1108.56
1107.61
1106.74
1106.02
1105.43
1104.64
1103.84
1103.02
1102.08
1101.76
1101
1090.87
1090.72
1091.4
1091.38
1089.33
1082.84
1082.82
1082.47
1082.97
1083.7
1084.92
1087.04
1089.26
1091.6
1093.22
1094.15
1095.21
1100.87
1097.28
1096.85
1097.09
1096.78
1096.09
1095.38
1093.83
1093.9
1093.19
1091.88
1090.64
1089.4
1088.39
1087.55
1086.87
1086.99
1086.32
1084.88
1084.71
1083.7
1083.2
1082.63
1074.69
1077.67
1070.27
1072.84
1071.04
1067.07
1065.31
1064.49
1064.1
1063.28
1064.76
1067.07
1069.22
1071.82
1073.41
1074.22
1077.97
1076.62
1076.63
1076.4
1076.2
1075.93
1075.59
1075.05
1074.64
1075.12
1073.75
1072.5
1071.02
1069.72
1068.59
1067.69
1067.06
1066.52
1067.24
1065.57
1065.44
1065.25
1064.67
1064.73
1056.5
1057.59
1052.72
1052.71
1048.46
1046.09
1043.69
1041.54
1040.75
1041.03
1043.03
1045.68
1048.86
1051.02
1052.46
1055.34
1055.95
1056.14
1056.13
1055.91
1055.31
1054.71
1054.18
1053.63
1053.36
1053.67
1052.17
1051.44
1049.97
1048.92
1047.94
1046.95
1046.44
1046.44
1046.47
1046.22
1045.99
1046.88
1047.03
1046.87
1040.09
1038.45
1036.29
1032.42
1027.76
1024.02
1020.33
1017.52
1016.03
1017.11
1020.16
1023.63
1026.42
1030.07
1033.17
1034.44
1035.14
1035.28
1035.21
1034.52
1033.64
1032.77
1032.14
1031.5
1030.78
1029.4
1028.17
1026.58
1026.42
1026.13
1025.46
1024.8
1024.7
1025.05
1025.93
1025.58
1026.29
1026.45
1026.97
1027.1
1024.06
1020.01
1018.73
1013.68
1011.06
1004.22
1000.23
997.845
996.873
997.754
999.672
1003.92
1008.19
1010.56
1011.41
1013.13
1014.09
1014.14
1013.79
1012.86
1011.73
1010.42
1009.17
1008.26
1007.76
1006.95
1006.87
1010.86
1002.12
1003.11
1003.57
1003.44
1003.86
1004.59
1005.78
1005.86
1006.64
1007.06
1007.67
1007.93
1003.88
1000.81
999.459
996.328
993.919
990.71
987.295
983.938
983.249
983.765
985.405
986.95
988.116
989.175
990.278
991.121
991.56
991.57
991.378
990.446
989.041
987.169
985.265
984.695
986.1
985.788
986.885
985.958
982.034
984.121
984.794
984.011
985.766
984.961
986.08
986.361
986.897
987.023
987.546
988.075
981.733
982.354
980.255
981.198
978.54
978.631
972.153
970.576
969.459
968.965
968.733
968.39
968.507
968.287
968.054
968.022
967.96
967.728
967.304
966.511
964.628
962.358
961.738
965.864
967.233
967.857
968.832
968.753
965.853
967.871
964.452
965.621
965.655
965.687
967.459
967.628
967.597
968.131
968.273
967.817
964.625
964.889
963.46
962.907
961.627
959.797
956.576
955.017
953.478
951.576
950.055
948.791
947.822
946.892
945.723
944.61
943.888
944.101
946.532
943.677
944.283
943.349
947.628
949.502
950.151
951.034
951.483
950.208
950.578
948.04
945.543
945.438
945.439
945.588
946.449
947.175
947.993
948.081
948.477
948.605
947.413
947.662
945.372
943.577
942.058
940.572
938.606
936.564
934.854
932.774
930.885
929.189
927.404
925.43
923.21
920.903
918.965
918.003
920.073
917.974
917.923
919.895
921.965
924.669
925.962
929.506
930.031
925.783
926.151
925.37
923.721
923.888
924.374
924.915
925.49
925.929
926.508
927.079
927.511
927.689
928.208
926.773
924.805
923.395
921.255
921.064
919.648
917.091
915.545
913.305
911.131
909.065
906.956
904.74
902.258
899.54
897.127
895.672
895.176
896.205
896.85
895.683
898.581
900.824
902.4
903.719
904.653
904.537
901.988
902.028
899.284
900.674
902.124
902.515
903.894
904.973
905.341
905.821
906.336
906.871
904.717
903.625
901.626
898.771
900.183
899.499
898.946
897.703
894.845
893.153
890.842
888.504
886.463
884.583
882.658
880.714
879.033
877.89
877.214
876.372
877.923
877.078
876.335
878.021
879.478
880.382
880.354
879.936
879.031
879.017
880.53
874.933
877.612
879.856
881.661
884.318
884.903
885.117
885.939
886.703
882.291
880.873
882.295
880.398
876.654
876.545
877.564
875.816
875.114
873.561
871.04
868.707
866.819
865.278
863.955
862.651
861.494
860.591
860.083
859.819
859.434
859.286
856.876
857.548
857.707
856.91
855.673
855.15
854.402
854.73
853.968
854.267
855.424
857.469
861.056
862.943
864.524
865.799
867.017
868.133
860.456
861.225
859.248
859.015
857.825
856.69
856.905
855.991
854.237
853.095
851.674
849.457
847.848
846.534
845.499
844.51
843.541
842.686
842.143
841.867
842.032
841.978
838.788
838.857
838.539
837.258
835.416
837.984
838.804
839.564
839.157
839.06
840.459
841.606
842.813
845.202
846.737
847.967
849.07
850.327
838.437
839.373
837.558
838.335
839.866
836.658
836.104
834.841
833.6
832.325
830.616
829.179
828.29
827.476
826.737
825.996
825.085
824.242
823.524
822.805
823.483
823.49
819.213
819.007
818.617
817.272
816.84
821.236
824.212
824.845
825.434
826.046
826.841
827.046
825.67
826.037
828.442
830.252
831.653
834.13
812.765
812.061
810.968
815.745
819.39
815.816
814.596
814.041
812.396
810.491
809.168
809.834
809.663
809.197
808.37
807.28
806.257
805.363
804.39
803.288
802.05
804.179
798.897
797.531
796.289
795.495
796.035
797.764
800.161
802.291
804.517
804.924
806.273
810.449
811.187
807.167
810.026
813.067
814.779
815.663
790.625
788.968
789.009
791.952
793.715
794.484
794.384
793.835
793.025
791.01
789.986
790.611
790.593
789.934
789.375
788.664
787.5
786.182
784.841
783.606
782.904
781.108
779.576
777.445
777.674
773.75
773.522
774.939
775.376
776.031
778.174
780.579
782.769
785.327
786.946
790.454
798.758
796.637
796.888
798.187
775.225
770.958
775.827
770.23
773.521
774.558
774.922
775.376
776.628
783.17
779.786
772.983
773.223
772.619
771.773
771.019
769.574
767.484
765.857
764.825
764.189
764.345
763.427
763.673
763.183
760.946
758.787
758.379
757.438
755.541
757.087
758.891
762.311
766.261
770.322
773.805
776.65
786.424
785.981
781.232
760.965
758.29
759.018
760.528
754.85
755.661
756.743
758.721
761.069
764.491
764.794
762.282
759.914
757.966
756.136
754.289
753.055
751.497
748.736
745.75
745.295
745.49
746.146
747.281
747.549
747.167
748.688
747.928
746.547
745.771
746.144
747.883
749.863
751.161
754.497
757.771
760.244
762.411
771.003
766.176
740.754
741.738
743.829
742.611
743.459
743.356
742.216
743.473
745.805
747.974
748.051
747.545
746.129
745.002
743.823
742.385
740.686
738.45
734.994
730.802
725.863
724.636
726.213
728.671
730.59
731.646
731.816
731.701
732.571
733.065
733.908
735.561
735.944
738.076
740.028
742.287
744.731
746.817
749.237
753.135
732.815
729.68
727.616
729.355
727.846
728.298
727.485
728.21
729.27
730.378
730.959
733.044
732.849
731.905
730.977
729.819
728.109
725.915
723.202
720.217
717.28
713.675
709.844
711.963
713.739
714.887
715.378
715.749
716.801
717.815
719.025
719.708
721.328
723.941
723.885
725.32
726.811
726.733
724.75
731.637
712.706
718.95
707.922
710.222
710.576
711.438
711.798
712.54
713.228
713.696
714.151
715.632
717.1
719.351
719.548
718.243
716.591
714.941
713.188
710.514
707.99
704.37
699.005
699.141
699.551
699.771
699.98
700.193
700.71
701.482
702.818
703.887
705.229
706.562
707.011
707.606
709.896
709.775
708.097
709.881
702.428
701.409
701.076
693.751
691.567
692.519
693.883
694.788
695.191
696.376
697.299
699.134
701.16
703.158
704.494
704.771
703.83
701.491
703.608
699.551
692.863
689.754
686.981
685.735
684.997
684.416
683.974
683.62
683.428
683.668
684.487
686.363
688.441
688.816
688.798
692.991
694.15
691.083
691.832
692.447
695
692.032
689.808
685.783
682.052
677.979
675.19
676.655
677.008
678.019
678.672
679.413
681.732
684.304
686.203
686.444
685.31
682.844
679.914
678.028
676.297
674.125
671.88
670.074
668.631
667.226
666.281
665.862
665.846
666.223
666.103
670.349
670.817
671.372
675.621
674.25
674.504
674.847
675.68
675.825
681.672
679.939
677.306
674.035
671.66
668.97
665.972
664.404
662.786
660.311
659.615
656.577
655.007
657.93
662.694
663.903
662.882
661.079
659.487
658.178
656.807
655.394
654.008
652.842
651.389
649.523
647.781
646.56
646.449
647.659
649.228
650.867
654.407
654.984
655.065
655.493
658.793
659.505
656.861
663.327
664.568
664.56
662.646
663.495
663.803
661.943
660.849
659.868
659.35
659.845
659.875
656.233
648.142
644.064
646.016
646.436
646.659
645.621
644.532
643.367
641.324
638.863
636.619
634.682
632.598
630.455
628.679
627.398
626.685
628.553
631.537
633.1
632.427
634
637.26
639.668
641.475
640.257
640.926
641.482
648.132
646.109
646.723
644.619
646.025
647.424
650.944
651.491
648.026
640.46
640.605
637.189
635.871
633.641
639.151
631.035
629.22
628.179
627.588
626.364
624.529
622.171
619.868
617.284
614.579
612.367
611.616
611.746
613.029
616.512
619.573
620.221
621.041
622.084
623.662
624.51
622.494
621.843
621.378
620.394
631.122
625.685
626.061
625.282
625.918
626.921
628.369
626.942
625.892
625.042
621.255
615.146
610.747
611.797
613.829
613.205
612.424
611.227
610.304
609.002
607.153
605.472
603.456
600.606
601.596
603.492
602.921
602.741
603.474
604.836
606.199
607.406
607.053
606.921
606.131
606.085
604.931
602.618
600.491
598.418
612.945
607.647
606.817
606.325
606.544
606.084
605.607
604.893
603.838
602.704
598.387
596.735
596.485
596.762
596.963
596.585
594.968
592.531
592.376
592.527
590.572
591.36
590.611
589.694
588.939
588.525
589.735
591.573
592.008
591.28
591.189
591.24
591.328
590.791
589.59
587.813
585.214
582.356
579.305
576.43
597.766
592.201
590.545
589.208
587.669
586.802
585.419
583.888
581.649
581.124
581.726
581.975
582.362
582.099
581.696
581.43
579.925
574.731
576.611
576.564
576.022
576.847
576.337
574.472
576.663
576.01
574.247
575.213
574.973
574.552
574.976
574.529
573.49
572.048
570.335
568.168
565.706
562.514
558.798
555.244
580.907
575.234
574.058
572.469
569.566
570.994
568.222
566.696
567.617
567.114
567.245
567.873
568.619
567.626
568.102
565.206
563.573
559.314
560.155
560.616
560.814
561.627
563.91
561.227
560.586
559.816
558.768
558.102
557.595
557.014
556.31
555.309
553.826
552.032
551.206
549.191
546.105
543.031
539.107
535.168
557.133
556.817
554.507
553.151
550.824
552.685
549.403
551.73
551.067
550.579
550.34
552.224
552.612
552.387
550.285
546.836
545.455
545.265
545.761
545.617
544.823
544.502
544.839
545.115
543.764
543.153
542.092
540.907
539.565
538.075
536.675
535.204
533.513
532.678
530.894
528.961
526.679
524.228
521.897
517.794
538.713
536.931
534.694
533.068
531.353
529.846
527.909
525.961
525.933
526.732
527.509
528.564
527.926
524.398
523.556
524.079
524.938
524.34
525.688
525.819
524.458
524.483
525.22
525.375
525.461
525.284
524.096
522.095
519.989
517.779
516.068
514.523
513.204
511.847
509.914
507.799
506.372
504.093
503.637
504.08
517.547
514.096
511.543
510.659
509.707
505.279
503.757
502.057
501.696
502.036
502.586
503.88
505.925
510.699
513.973
515.31
515.797
511.798
510.245
509.415
508.038
507.485
507.63
507.514
507.122
506.215
504.48
505.307
499.074
496.924
495.423
493.964
492.755
491.382
489.054
485.975
484.187
481.984
481.839
482.856
489.994
486.146
484.429
483.035
482.317
481.409
479.708
477.138
475.942
477.218
479.365
481.325
486.971
492.496
498.063
501.444
503.569
501.894
494.458
494.09
493.23
493.03
492.41
491.769
490.64
489.029
487.399
486.887
479.614
477.306
475.915
474.781
473.818
471.798
468.578
464.896
460.573
460.871
462.457
458.077
458.913
455.752
453.802
455.352
457.755
458.038
455.53
449.399
441.891
444.013
451.377
459.686
465.534
473.715
481.74
486.317
487.328
490.421
490.437
477.497
476.64
477.337
477.836
477.127
475.395
473.344
471.247
467.733
463.371
459.779
458.315
457.532
456.046
453.934
451.104
447.721
445.977
449.409
448.084
443.22
436.628
432.759
429.318
432.518
437.514
438.716
434.732
427.829
425.395
414.705
424.993
437.287
446.674
454.745
460.796
464.244
465
466.448
464.001
470.526
468.989
463.507
463.865
463.869
460.923
458.174
455.437
451.58
447.358
443.133
441.764
440.915
438.643
436.55
434.313
432.071
431.748
431.006
429.445
427.923
433.755
431.674
427.84
426.262
433.964
430.236
421.649
420.004
415.448
410.049
410.911
422.466
431.183
437.642
441.571
443.581
444.892
446.527
447.949
448.686
453.838
453.321
449.129
448.071
445.429
441.586
438.659
434.417
430.234
426.538
423.717
423.49
421.291
418.357
415.41
412.997
411.846
410.662
409.848
412.275
426.822
424.842
422.495
418.966
418.225
415.083
415.261
414.345
411.346
408.792
406.207
413.853
418.833
421.115
423.225
426.681
425.134
427.007
429.525
431.806
435.181
438.221
435.671
430.649
428.444
425.594
421.39
416.195
412.611
409.303
405.86
403.874
402.437
398.632
395.434
393.597
391.999
388.223
383.89
379.114
416.338
415.388
414.452
414.448
413.309
412.129
411.568
410.874
408.936
405.181
403.723
402.874
404.251
408.685
410.311
410.801
406.038
407.671
411.114
413.999
415.672
414.38
415.136
413.725
407.905
404.968
402.258
398.293
392.873
392.048
385.254
384.118
382.474
380.584
377.406
376.95
375.355
371.856
365.335
360.44
403.01
402.554
401.416
398.708
396.386
397.632
398.743
396.106
397.69
399.236
392.897
395.295
395.525
395.782
396.408
396.523
393.162
389.459
391.106
393.013
394.081
394.275
393.376
389.701
387.022
381.238
375.287
373.298
370.182
367.492
365.371
363.926
364.28
363.596
360.376
359.011
364.945
362.766
350.336
353.031
385.417
385.721
385.895
385.4
383.777
382.485
383.135
383.023
384.882
381.542
378.246
378.604
378.772
377.736
373.025
372.662
370.471
368.261
367.181
366.656
366.745
367.014
366.472
364.519
359.951
358.218
354.933
349.919
343.634
341.211
340.724
341.882
343.108
344.018
343.277
341.065
341.467
347.313
335.955
338.048
364.831
364.401
362.254
360.479
361.449
362.529
363.654
362.721
363.184
362.7
360.896
358.171
355.203
352.961
351.227
349.55
347.449
344.849
342.331
340.651
340.158
340.161
339.654
338.085
336.095
333.6
332.317
329.506
326.413
323.691
320.069
320.532
322.567
324.128
324.749
324.399
323.039
321.608
319.654
317.724
344.472
344.345
346.729
346.987
344.976
343.798
340.947
342.566
341.068
339.377
337.659
335.397
333.16
331.156
329.253
327.343
325.012
322.612
320.718
319.261
318.292
317.348
316.397
315.094
312.997
312.086
312.822
312.424
311.33
309.798
308.034
304.926
304.337
305.052
305.159
304.358
303.246
302.393
300.963
299.65
323.061
322.648
323.629
328.199
325.117
321.296
318.955
316.701
314.767
314.502
313.188
311.654
310.104
308.721
306.927
305.475
303.651
301.648
300.02
298.866
297.834
296.845
295.596
294.517
293.795
294.033
295.563
297.009
297.835
297.669
296.68
292.098
289.107
287.658
286.262
284.687
282.554
281.345
281.515
282.155
304.78
304.222
303.772
301.665
301.397
298.425
295.206
291.07
288.999
292.913
291.705
289.742
287.464
285.084
283.14
282.015
280.441
279.286
277.96
276.999
275.881
274.842
273.752
272.884
272.951
274.237
276.968
281.199
285.919
287.098
284.651
279.22
275.141
271.422
268.124
264.869
260.637
260.147
261.712
263.613
285.918
285.408
285.203
283.983
282.276
279.703
276.884
273.955
270.881
269.727
275.302
267.727
265.082
262.282
260.786
256.514
256.839
257.233
256.249
254.875
253.298
251.502
249.898
248.635
248.338
250.071
253.581
258.575
266.748
270.141
267.328
266.088
261.293
255.375
250.326
245.584
241.086
247.14
258.509
247.802
266.083
266.133
266.035
265.554
264.767
263.319
261.691
260.147
257.753
253.839
250.671
251.113
248.154
246.593
244.514
241.169
237.737
236.344
234.67
231.898
229.081
226.16
223.317
221.594
221.619
224.38
229.568
236.364
243.69
249.239
252.707
251.731
245.247
237.785
231.433
225.018
225.136
232.797
239.568
242.62
250.316
248.008
249.219
248.535
247.776
247.03
246.326
245.751
243.117
237.884
232.346
232
231.785
231.071
229.234
226.773
221.298
216.997
212.63
207.712
202.66
197.628
193.347
191.678
194.541
199.785
207.329
215.847
223.521
230.376
234.771
232.621
225.949
218.266
211.482
210.134
215.373
221.618
227.66
245.598
237.839
232.509
233.269
229.949
229.148
229.404
229.162
229.452
227.767
222.442
218.26
217.669
218.244
218.002
216.784
214.693
206.823
199.416
192.726
185.649
177.439
168.513
166.798
170.778
176.309
180.189
187.873
195.753
202.519
208.051
211.935
210.241
206.286
201.158
198.362
199.659
210.27
220.61
233.631
248.673
218.892
218.955
216.09
215.035
217.727
218.088
218.834
216.662
216.147
209.627
207.956
207.303
207.394
206.703
204.877
200.427
191.738
184.053
177.306
169.808
162.038
156.021
165.769
164.398
167.587
171.413
176.241
181.747
184.419
193.882
189.328
189.226
188.623
186.047
190.747
197.905
204.736
216.884
229.652
243.498
202.489
201.693
202.64
205.51
205.998
206.078
204.681
207.621
201.943
202.417
199.675
197.369
195.756
193.415
188.925
183.496
175.906
169.97
165.001
159.659
155.264
158.198
159.928
161.479
162.293
163.851
168.358
171.971
180.745
182.678
174.674
176.703
175.156
173.535
182.768
195.823
196.866
213.951
222.595
243.001
189.011
190.094
189.821
188.546
192.388
191.629
195.404
193.085
193.46
191.691
187.886
183.815
180.782
177.632
172.715
166.038
160.393
156.84
153.319
150.746
150.362
155.28
156.757
158.283
160.365
164.043
168.576
171.227
172.927
168.712
167.801
164.886
162.759
166.667
175.165
182.945
188.534
199.645
215.39
233.924
173.097
172.585
174.039
174.789
171.236
177.389
170.628
175.372
171.878
173.417
175.021
163.866
163.15
157.242
151.656
150.116
146.601
145.204
142.991
141.338
141.171
144.677
150.337
151.486
150.345
151.497
153.614
155.835
157.251
156.867
152.264
152.148
155.83
160.577
166.522
172.237
178.477
188.698
202.064
219.842
157.065
157.599
159.412
158.431
153.511
155.832
144.504
144.524
144.009
142.978
142.833
142.573
141.747
139.149
141.457
140.264
136.315
134.365
132.24
130.881
130.645
131.848
133.6
135.241
136.98
138.979
140.311
141.808
142.885
139.452
142.656
145.014
148.028
151.635
155.854
159.419
163.051
167.709
175.151
188.298
132.833
134.552
135.954
133.121
141.833
121.976
118.443
116.627
115.347
114.748
116.629
119.249
121.417
122.591
124.663
125.913
124.477
123.161
121.194
119.517
120.487
121.502
122.99
124.538
126.084
126.935
127.373
128.217
128.899
133.789
135.796
137.741
139.749
141.671
143.296
143.974
143.191
140.794
138.951
144.74
104.852
107.617
105.094
101.736
113.535
94.758
88.7312
86.8384
85.9016
85.2167
89.8937
97.5958
104.303
109.521
112.484
112.052
112.509
111.826
110.902
108.786
109.347
110.441
112.352
114.221
115.883
116.586
117.035
118.117
121.717
127.256
128.896
130.03
130.618
130.679
130.319
128.841
125.155
118.889
109.489
104.606
97.9327
94.6357
92.4164
82.7414
84.3146
80.0643
73.738
71.7962
71.6049
70.8812
77.1542
84.629
84.9601
86.2613
91.403
96.5412
98.9985
98.4631
100.675
95.684
97.9192
99.1541
101.033
103.409
105.445
106.553
107.11
108.71
112.193
120.466
122.564
122.453
121.885
121.154
120.078
117.384
110.119
99.995
92.6176
73.015
80.2739
71.8657
79.162
71.3006
74.71
72.5644
65.2094
65.9576
64.5922
68.6016
72.6763
76.173
80.8435
88.6911
77.5549
78.8239
81.5628
82.6706
89.6241
84.5118
85.8248
86.7358
88.2301
91.4332
93.7003
95.3331
96.2376
97.676
99.9373
104.019
107.399
108.25
109.045
107.977
105.423
101.981
97.1085
91.0134
69.5928
56.002
63.3345
64.2273
51.5692
55.9958
60.9231
57.8976
57.3697
57.9757
59.1149
63.4858
69.972
74.3152
75.4555
74.7013
66.5529
65.1864
65.9696
67.6371
68.124
72.8646
67.0083
69.8391
74.5661
77.4145
80.3135
82.383
82.7896
83.2671
86.3393
89.4251
91.7397
92.8883
92.7832
91.7837
88.7984
85.1963
80.1951
70.4804
55.4179
56.4613
47.3541
46.8913
45.52
36.8473
38.0093
40.7168
44.7587
49.575
53.1599
65.2868
67.1228
70.3087
60.9645
60.2257
54.6865
49.3611
45.5547
46.2899
48.4772
52.512
58.8626
55.3472
60.0638
61.6416
63.6972
66.3279
68.3955
68.8335
70.5145
72.8608
74.1175
72.8758
72.6089
73.4468
72.37
69.4637
64.9725
59.406
58.8559
61.7701
40.387
34.7264
34.5621
32.0388
31.2479
34.4184
37.5931
39.431
48.9423
51.3185
64.4426
56.0682
58.576
50.349
42.6662
34.7219
28.4726
30.8155
31.8814
32.7372
32.7993
33.6574
36.8876
42.3033
46.9785
51.6005
54.0518
56.1186
57.999
59.3983
59.2359
62.5592
71.041
59.8787
60.2688
59.1151
57.581
53.925
61.6983
56.4863
25.705
23.9175
18.0242
13.8175
12.4215
14.3744
20.547
26.735
35.2953
35.0171
42.7348
39.645
26.6439
17.9129
13.2062
12.5969
14.3139
15.5634
14.2421
14.0225
11.5565
9.08141
14.7877
22.089
31.9207
40.148
43.7932
46.4285
48.7399
48.2176
50.2237
53.676
55.0778
53.867
54.0355
54.467
54.4269
51.2914
48.8582
48.208
9.84252
5.16517
0.974164
-2.14248
-2.42671
1.42584
5.8878
11.5591
17.5893
10.5216
2.85659
-0.653533
-1.16643
-0.727985
-1.82464
-0.90121
2.01775
4.07468
6.15482
8.30162
7.26131
15.6223
20.8176
22.707
26.9646
35.5178
33.7143
35.9044
40.1892
43.8802
45.4187
47.4761
48.7657
48.9553
48.6895
47.4865
47.7344
47.7648
48.0936
42.9225
-1.04751
-1.0127
-0.986417
-1.09196
-1.00334
-1.0309
0.0935121
3.13666
3.37941
-0.419785
-0.934009
-1.18408
-1.28727
-1.36938
-1.5233
-1.20117
-2.35452
-4.0699
0.785804
4.38696
7.29679
11.8595
18.2284
21.2222
25.3821
27.3033
29.6953
32.5278
35.1258
36.4222
37.8119
39.5884
41.1747
42.2827
42.9973
43.9569
43.9712
42.7258
41.4166
40.2935
-1.22802
-1.26127
-1.22015
-1.19379
-1.29941
-1.36456
-1.22506
-1.33999
-1.51874
-1.56297
-1.58009
-1.57852
-1.55933
-1.54958
-1.53374
-1.5016
-1.52243
-2.0001
-0.589164
1.73975
8.24976
10.6117
14.4009
14.2628
18.7606
21.5517
23.5456
25.1
25.2122
29.9674
32.7073
32.3762
30.7192
33.8099
37.3016
32.6794
33.7295
32.5283
30.0785
27.9543
-1.31718
-1.38364
-1.39199
-1.40468
-1.44295
-1.49165
-1.52222
-1.52464
-1.42978
-1.48363
-1.53294
-1.57936
-1.58898
-1.57622
-1.55468
-1.55251
-1.58798
-1.6517
-1.49378
-0.805053
3.67208
9.98535
15.0968
21.0279
15.8869
17.3547
21.5981
24.6075
24.3491
25.065
25.3731
25.4753
25.2455
24.631
23.8516
25.4111
25.8879
25.4948
25.4934
22.2647
-1.26935
-1.42816
-1.4544
-1.47087
-1.47837
-1.50985
-1.52577
-1.53436
-1.54418
-1.52318
-1.55423
-1.58391
-1.59963
-1.59828
-1.59393
-1.59463
-1.59117
-1.58125
-1.56549
-1.64863
-1.97928
-1.58818
-1.11925
0.908206
3.53675
11.315
12.949
13.3004
13.5658
14.3018
14.0669
13.0265
11.5925
10.7269
10.0092
9.08899
8.78352
9.979
14.9847
18.1008
-1.35677
-1.49266
-1.50014
-1.50276
-1.50886
-1.52422
-1.53633
-1.55458
-1.56467
-1.57415
-1.58575
-1.60044
-1.60974
-1.59968
-1.61139
-1.61473
-1.61795
-1.62784
-1.64225
-1.6525
-1.65201
-1.4735
-1.28017
-1.23223
-1.08471
-0.966372
-1.24312
0.619787
3.06672
4.37419
4.21103
1.60815
-0.141171
-0.638829
-0.874151
-0.997747
-0.629086
-0.643709
2.16673
9.0329
-1.5116
-1.56509
-1.55646
-1.55064
-1.54958
-1.55544
-1.56396
-1.57765
-1.58826
-1.59893
-1.6073
-1.61665
-1.62126
-1.62282
-1.64244
-1.65012
-1.65558
-1.66486
-1.68336
-1.68308
-1.62852
-1.52742
-1.5327
-1.57349
-1.47855
-1.50828
-1.50353
-1.52849
-1.52215
-1.56413
-1.65193
-1.69949
-1.6964
-1.70506
-1.70767
-1.69405
-1.69121
-1.68699
-1.70589
-1.74228
-1.58096
-1.57597
-1.58497
-1.58755
-1.59264
-1.59378
-1.59932
-1.60436
-1.60996
-1.61599
-1.62464
-1.63854
-1.61674
-1.66179
-1.67533
-1.6859
-1.69427
-1.70396
-1.72032
-1.73175
-1.73752
-1.71377
-1.68409
-1.71019
-1.62409
-1.69578
-1.70991
-1.6661
-1.67055
-1.68694
-1.70045
-1.71412
-1.72606
-1.73108
-1.7251
-1.72033
-1.7205
-1.7307
-1.76092
-1.80889
-1.5975
-1.59929
-1.60258
-1.60967
-1.62016
-1.61684
-1.63065
-1.63213
-1.63368
-1.63618
-1.63882
-1.64894
-1.66166
-1.69662
-1.70533
-1.71309
-1.71868
-1.71983
-1.7183
-1.72442
-1.72248
-1.73583
-1.71516
-1.71468
-1.71265
-1.69196
-1.76645
-1.73663
-1.72525
-1.72701
-1.72904
-1.73146
-1.73427
-1.73595
-1.73416
-1.73048
-1.72912
-1.73119
-1.73701
-1.71484
-1.6301
-1.63229
-1.62604
-1.64361
-1.64356
-1.64946
-1.65494
-1.65744
-1.65944
-1.6629
-1.65475
-1.66417
-1.70533
-1.71511
-1.72268
-1.72925
-1.73267
-1.73395
-1.74229
-1.72115
-1.72202
-1.74453
-1.74198
-1.74527
-1.74751
-1.72872
-1.75072
-1.74891
-1.74781
-1.74754
-1.74684
-1.74636
-1.74667
-1.74714
-1.74568
-1.74305
-1.73914
-1.73458
-1.73095
-1.73125
-1.66399
-1.66467
-1.66717
-1.67049
-1.67465
-1.68015
-1.6842
-1.68627
-1.68953
-1.69522
-1.69431
-1.6926
-1.72528
-1.72923
-1.73309
-1.73655
-1.7391
-1.74234
-1.7373
-1.74829
-1.7521
-1.75226
-1.75559
-1.75774
-1.75081
-1.75784
-1.76331
-1.76689
-1.76964
-1.77054
-1.76906
-1.76596
-1.76375
-1.76319
-1.76204
-1.75911
-1.75883
-1.76053
-1.7668
-1.77211
-1.69641
-1.69698
-1.7001
-1.70281
-1.7043
-1.70775
-1.7117
-1.71593
-1.72072
-1.72713
-1.7339
-1.72011
-1.73816
-1.74347
-1.74413
-1.74613
-1.74919
-1.75201
-1.73798
-1.76266
-1.75571
-1.76105
-1.75968
-1.76839
-1.76679
-1.77049
-1.78137
-1.79118
-1.79983
-1.80387
-1.80125
-1.78951
-1.77731
-1.77343
-1.77385
-1.77601
-1.77426
-1.77434
-1.77381
-1.77489
-1.72606
-1.72741
-1.73039
-1.72889
-1.72883
-1.73357
-1.73764
-1.74085
-1.74333
-1.74619
-1.74949
-1.7536
-1.75726
-1.75925
-1.76379
-1.76251
-1.76484
-1.75373
-1.76314
-1.77218
-1.76699
-1.77327
-1.77033
-1.7756
-1.77482
-1.78217
-1.79691
-1.81442
-1.83083
-1.83876
-1.83599
-1.81799
-1.80633
-1.79951
-1.79506
-1.79169
-1.7903
-1.79332
-1.79332
-1.79405
-1.75293
-1.75231
-1.7543
-1.75596
-1.75768
-1.75999
-1.76115
-1.76223
-1.76236
-1.76403
-1.76713
-1.77223
-1.77734
-1.77871
-1.78093
-1.78101
-1.7808
-1.7702
-1.78149
-1.78727
-1.78397
-1.79138
-1.78883
-1.79028
-1.79106
-1.79778
-1.81124
-1.828
-1.84388
-1.85302
-1.85274
-1.83747
-1.82436
-1.8166
-1.81379
-1.81056
-1.80779
-1.80732
-1.80668
-1.80725
-1.78094
-1.78191
-1.78337
-1.78309
-1.78088
-1.77895
-1.77909
-1.78019
-1.78164
-1.78233
-1.78403
-1.79044
-1.79468
-1.79711
-1.79931
-1.80223
-1.80286
-1.80563
-1.80712
-1.80783
-1.80784
-1.80899
-1.80936
-1.80807
-1.80787
-1.81163
-1.8212
-1.8326
-1.8432
-1.85087
-1.85224
-1.84333
-1.83269
-1.835
-1.8329
-1.82865
-1.82312
-1.82152
-1.82146
-1.82194
-1.80537
-1.80605
-1.80548
-1.80583
-1.80644
-1.80471
-1.80236
-1.80216
-1.804
-1.80758
-1.80943
-1.81196
-1.81442
-1.81615
-1.818
-1.8201
-1.82236
-1.82422
-1.82551
-1.82619
-1.82688
-1.8275
-1.8281
-1.82774
-1.82685
-1.82804
-1.83424
-1.84207
-1.84795
-1.85317
-1.85539
-1.84965
-1.85008
-1.84593
-1.84477
-1.85403
-1.83569
-1.83226
-1.83732
-1.83959
-1.82732
-1.82756
-1.82757
-1.82793
-1.82862
-1.82932
-1.82882
-1.82937
-1.8309
-1.83111
-1.83168
-1.83279
-1.83388
-1.83508
-1.8365
-1.83823
-1.84007
-1.84168
-1.84294
-1.84393
-1.84517
-1.8464
-1.8476
-1.84771
-1.84816
-1.85023
-1.8529
-1.85767
-1.85962
-1.86154
-1.86312
-1.85983
-1.863
-1.85846
-1.8583
-1.85776
-1.84909
-1.83894
-1.86366
-1.86163
-1.84861
-1.84866
-1.84881
-1.84915
-1.84959
-1.85014
-1.85065
-1.85108
-1.85128
-1.85154
-1.85199
-1.85269
-1.85352
-1.85449
-1.85563
-1.85694
-1.85833
-1.85956
-1.86076
-1.86217
-1.86371
-1.86531
-1.86769
-1.86758
-1.86943
-1.87417
-1.87409
-1.87328
-1.87237
-1.8727
-1.87266
-1.87034
-1.87514
-1.87389
-1.87418
-1.87851
-1.86564
-1.87481
-1.88357
-1.88131
-1.86958
-1.86963
-1.8697
-1.86987
-1.8701
-1.87032
-1.87053
-1.87089
-1.87115
-1.87148
-1.87191
-1.87249
-1.87319
-1.87401
-1.87496
-1.87607
-1.87729
-1.87854
-1.87954
-1.88044
-1.88316
-1.88449
-1.8869
-1.88789
-1.89067
-1.892
-1.89009
-1.88813
-1.88745
-1.88544
-1.88619
-1.88945
-1.88915
-1.8891
-1.88609
-1.87898
-1.89646
-1.90131
-1.90033
-1.89843
-1.89032
-1.89036
-1.89039
-1.89048
-1.89066
-1.8908
-1.89094
-1.89109
-1.89129
-1.89155
-1.8919
-1.89236
-1.89293
-1.89362
-1.89443
-1.89537
-1.89641
-1.89735
-1.89703
-1.8986
-1.90182
-1.90206
-1.90408
-1.90464
-1.90722
-1.90754
-1.90588
-1.90489
-1.90385
-1.90431
-1.90506
-1.90565
-1.90682
-1.9051
-1.9086
-1.91518
-1.91575
-1.91546
-1.91392
-1.91204
-1.91092
-1.91093
-1.91093
-1.91098
-1.91107
-1.91116
-1.91123
-1.91133
-1.91146
-1.91163
-1.91187
-1.91219
-1.91261
-1.91315
-1.91384
-1.91469
-1.9157
-1.91686
-1.91745
-1.91851
-1.91943
-1.92126
-1.92196
-1.9224
-1.92296
-1.92301
-1.92238
-1.9218
-1.92161
-1.9218
-1.92227
-1.92279
-1.92341
-1.92501
-1.92663
-1.92784
-1.92834
-1.92875
-1.92818
-1.93186
-1.93145
-1.93141
-1.93139
-1.9314
-1.93145
-1.93151
-1.93157
-1.9316
-1.93163
-1.9317
-1.93183
-1.932
-1.93223
-1.93252
-1.93293
-1.93352
-1.93434
-1.93553
-1.93715
-1.93909
-1.93983
-1.93978
-1.93944
-1.93925
-1.93913
-1.93895
-1.93874
-1.93856
-1.93848
-1.93855
-1.93876
-1.9391
-1.93961
-1.94012
-1.94057
-1.94103
-1.94188
-1.9429
-1.9435
-1.94338
-1.95187
-1.95186
-1.95184
-1.95183
-1.95184
-1.95188
-1.95195
-1.95195
-1.9519
-1.95188
-1.9519
-1.95196
-1.95205
-1.95216
-1.95242
-1.95298
-1.95391
-1.9555
-1.95791
-1.95962
-1.96419
-1.9575
-1.95753
-1.95666
-1.95596
-1.95548
-1.95527
-1.95522
-1.95512
-1.95491
-1.95481
-1.9548
-1.95492
-1.95521
-1.95574
-1.95636
-1.95674
-1.95717
-1.95803
-1.9581
)
;

boundaryField
{
    inlet
    {
        type            calculated;
        value           nonuniform List<scalar> 10(-293.542 -293.717 -293.856 -293.983 -294.046 -294.045 -293.982 -293.854 -293.716 -293.542);
    }
    inletWall
    {
        type            calculated;
        value           nonuniform List<scalar> 
30
(
-204.413
-224.476
-244.369
-264.108
-283.732
-118.319
-133.698
-150.158
-167.019
-184.176
-24.3238
-44.8812
-65.2517
-88.0961
-113.126
-204.42
-224.48
-244.371
-264.109
-283.732
-118.331
-133.708
-150.154
-167.019
-184.19
-24.4428
-44.9804
-65.3127
-88.15
-113.139
)
;
    }
    bottleWall
    {
        type            calculated;
        value           nonuniform List<scalar> 
290
(
1387.61
1368.12
1349.16
1330.25
1310.14
1289.43
1269.94
1250.81
1231.56
1212.26
1192.05
1171.01
1150.07
1129.98
1110.87
1092.46
1074.42
1056.3
1037.92
1019.49
1000.79
982.363
964.274
946.255
928.158
909.086
889.584
870.092
850.714
831.403
811.764
791.502
771.18
753.004
735.694
718.68
701.22
687.982
677.184
668.92
650.959
631.206
601.11
565.936
532.587
500.286
481.53
479.117
474.466
470.481
460.299
449.239
437.064
420.431
403.235
382.894
359.665
330.201
307.353
285.924
273.929
259.25
244.243
207.425
184.048
164.474
145.937
129.243
114.27
99.5221
85.6123
68.2706
49.4917
35.175
15.7932
1.72836
-0.815063
-0.877651
-0.901622
-0.732973
-0.824279
-1.26517
-1.3635
-1.41115
-1.49889
-1.4746
-1.56028
-1.6445
-1.70694
-1.73975
-1.72657
-1.72999
-1.78967
-1.80936
-1.83036
-1.85502
-1.87953
-1.90385
-1.92732
-1.95058
1370.73
1372.05
1373.63
1375.47
1377.51
1379.48
1381.5
1383.41
1386.21
1387.38
1390.79
1391.57
1392.15
1392.36
1392.58
1392.74
1393.21
1393.54
1393.88
1394.22
1394.53
1394.78
1394.91
1394.95
1394.6
1394.56
1394.39
1394.28
1394.47
1394.83
1395.46
1396.09
1396.51
1396.79
1396.98
1397.07
1397.12
1397.22
1397.2
1397.33
1367.69
1365.8
1363.64
1362.27
1361.97
1362.95
1364.39
1365.96
1367.58
1369.16
1383.9
1383.77
1383.96
1384.11
1384.32
1384.51
1384.44
1384.09
1382.72
1381.93
1380.23
1379.72
1379.04
1379.07
1378.9
1379.71
1380.98
1382.63
1384.24
1385.81
1387.53
1387.18
1385.77
1384.71
1383.47
1382.2
1380.82
1379.48
1378.33
1377.43
1376.65
1376.12
1375.9
1375.83
1375.47
1374.62
1373.36
1371.76
1370.47
1369.15
1374.28
1354.5
1334.2
1313.72
1293.55
1274.09
1254.77
1235.39
1216.46
1197.49
1178.76
1160.13
1140.59
1119.56
1102.35
1090.87
1074.69
1056.5
1040.09
1024.06
1003.88
981.733
964.625
947.413
928.208
904.717
882.291
860.456
838.437
812.765
790.625
775.225
760.965
740.754
732.815
712.706
702.428
695
681.672
664.568
648.132
631.122
612.945
597.766
580.907
557.133
538.713
517.547
489.994
458.913
436.628
433.755
426.822
416.338
403.01
385.417
364.831
344.472
323.061
304.78
285.918
266.083
250.316
237.839
218.892
202.489
189.011
173.097
157.065
132.833
104.852
97.9327
80.2739
63.3345
47.3541
40.387
25.705
9.84252
-1.04751
-1.22802
-1.31718
-1.26935
-1.35677
-1.5116
-1.58096
-1.5975
-1.6301
-1.66399
-1.69641
-1.72606
-1.75293
-1.78094
-1.80537
-1.82732
-1.84861
-1.86958
-1.89032
-1.91092
-1.93145
-1.95187
)
;
    }
    atmosphere
    {
        type            calculated;
        value           nonuniform List<scalar> 
80
(
-1.96312
-1.96972
-1.98708
-2.0657
-2.04597
-1.96352
-1.96507
-1.96492
-1.96522
-1.96555
-1.9658
-1.96594
-1.96595
-1.96582
-1.96561
-1.96536
-1.96508
-1.96478
-1.96445
-1.96418
-1.96405
-1.96384
-1.96349
-1.96308
-1.96261
-1.96212
-1.96275
-1.96345
-1.96201
-1.96213
-1.96217
-1.96212
-1.96204
-1.962
-1.96204
-1.962
-1.962
-1.96201
-1.96201
-1.96234
-1.962
-1.962
-1.962
-1.962
-1.962
-1.962
-1.9624
-1.96228
-1.96205
-1.962
-1.962
-1.962
-1.962
-1.962
-1.96201
-1.96215
-1.96247
-1.96303
-1.96275
-1.97385
-2.02659
-1.9657
-1.96493
-1.9648
-1.96381
-1.96294
-1.96311
-1.9636
-1.9636
-1.96249
-1.96211
-1.96205
-1.96204
-1.96202
-1.96202
-1.96201
-1.96201
-1.96201
-1.96201
-1.96437
)
;
    }
    frontAndBack
    {
        type            empty;
    }
}


// ************************************************************************* //
