/*--------------------------------*- C++ -*----------------------------------*\
  =========                 |
  \\      /  F ield         | OpenFOAM: The Open Source CFD Toolbox
   \\    /   O peration     | Website:  https://openfoam.org
    \\  /    A nd           | Version:  8
     \\/     M anipulation  |
\*---------------------------------------------------------------------------*/
FoamFile
{
    version     2.0;
    format      ascii;
    class       volScalarField;
    location    "4.4";
    object      p_rgh;
}
// * * * * * * * * * * * * * * * * * * * * * * * * * * * * * * * * * * * * * //

dimensions      [1 -1 -2 0 0 0 0];

internalField   nonuniform List<scalar> 
9150
(
2563.54
2536.54
2511.04
2493.84
2485.53
2485.51
2493.79
2510.97
2536.46
2563.47
2554.3
2534.75
2519.09
2507.29
2501.3
2501.29
2507.25
2519.04
2534.69
2554.24
2544.65
2531.07
2522.53
2514.77
2510.66
2510.65
2514.75
2522.5
2531.02
2544.59
2539.56
2529.53
2524.07
2518.7
2515.73
2515.72
2518.68
2524.03
2529.49
2539.51
2537.89
2528.96
2524.38
2520.21
2517.76
2517.75
2520.19
2524.35
2528.92
2537.84
2099.24
2095.21
2120.21
2134.34
2140.85
2140.64
2133.75
2119.31
2093.96
2097.57
2288.6
2264.54
2259.12
2257.86
2257.92
2257.81
2257.53
2258.62
2263.9
2287.96
2412.5
2381.26
2365.35
2355.46
2350.78
2350.72
2355.28
2365.08
2380.94
2412.21
2512.64
2470.57
2442.8
2425.46
2416.95
2416.91
2425.35
2442.65
2470.4
2512.5
2583.09
2530.33
2491.72
2469.68
2459.53
2459.51
2469.61
2491.62
2530.22
2583.01
1926.74
1954.46
1942.26
1948.77
1945.43
1943.54
1947.99
1938.5
1947.65
1906.4
1950.77
1963.5
1944.71
1949.08
1945.67
1944.16
1948.34
1938.04
1957.03
1936.95
1924.81
1953.47
1922.22
1927.4
1930.14
1929.53
1926.3
1916.88
1948.36
1916.02
1764.47
1887.31
1904.42
1922.07
1937.67
1937.28
1920.34
1900.69
1884.46
1757.37
1637.22
1874.97
1970.95
2000.79
2016.19
2015.87
1999.68
1969.21
1872.95
1632.23
1826.7
1826.76
1826.83
1826.9
1826.97
1827.04
1827.12
1827.2
1827.28
1827.36
1826.75
1826.82
1826.89
1826.96
1827.04
1827.11
1827.19
1827.27
1827.35
1827.44
1826.81
1826.88
1826.95
1827.02
1827.1
1827.18
1827.26
1827.34
1827.42
1827.5
1826.83
1826.91
1826.98
1827.06
1827.14
1827.22
1827.3
1827.38
1827.47
1827.55
1826.84
1826.91
1826.99
1827.07
1827.15
1827.23
1827.32
1827.4
1827.49
1827.57
1826.82
1826.9
1826.98
1827.06
1827.14
1827.23
1827.31
1827.4
1827.49
1827.57
1826.78
1826.86
1826.94
1827.03
1827.11
1827.2
1827.29
1827.37
1827.46
1827.56
1826.72
1826.81
1826.89
1826.97
1827.06
1827.15
1827.24
1827.33
1827.42
1827.52
1826.65
1826.73
1826.82
1826.9
1826.99
1827.08
1827.17
1827.27
1827.36
1827.46
1826.57
1826.65
1826.73
1826.81
1826.9
1826.99
1827.09
1827.19
1827.29
1827.38
1826.48
1826.55
1826.62
1826.7
1826.79
1826.88
1826.98
1827.09
1827.2
1827.31
1826.39
1826.44
1826.49
1826.58
1826.67
1826.73
1826.56
1826.85
1826.8
1825.65
1826.34
1826.36
1826.35
1826.4
1826.47
1822.92
1823.2
1823.82
1827.03
1825.5
1826.45
1824.64
1815.95
1815.25
1815.45
1822.14
1826.91
1826.42
1826.73
1825.94
1814.75
1814.01
1814.3
1814.36
1821.92
1826.96
1826.95
1826.99
1826.97
1827
1821.12
1814.9
1820.85
1826.57
1827.08
1827.05
1827
1826.97
1826.93
1826.9
1827.45
1826.72
1826.96
1827.17
1827.12
1827.04
1826.96
1826.89
1826.79
1826.71
1827.4
1827.36
1827.3
1827.22
1827.14
1827.04
1826.93
1826.89
1825.37
1811.67
1827.51
1827.45
1827.37
1827.26
1827.14
1827.07
1823.69
1808.27
1807.76
1807.81
1827.54
1827.5
1827.51
1825.87
1810.91
1809.05
1809.01
1808.23
1814.16
1826.3
1827.4
1824.67
1808.83
1808.3
1808.49
1808.39
1825.28
1826.58
1826.06
1825.89
1820.86
1807.38
1807.53
1807.54
1825.63
1827.51
1827.24
1826.98
1826.73
1826.44
1822.06
1807.32
1812.12
1827.14
1826.96
1826.69
1826.79
1826.65
1816.29
1794.02
1823.52
1823.24
1822.35
1823.38
1806.49
1784.67
1815.66
1827.68
1827.68
1822.57
1822.91
1818.8
1724.58
1690.87
1694.81
1770.45
1827.77
1828.34
1829.19
1828.87
1722.43
1676.57
1679.88
1682.36
1701.64
1822.4
1826.82
1827.26
1827.92
1827.79
1669.55
1670.58
1671.18
1723.49
1827.12
1826.05
1825.7
1825.67
1825.79
1826.01
1664.77
1663.78
1745.99
1825.92
1824.65
1823.88
1823.34
1823.04
1822.9
1822.89
1663.49
1739.4
1822.12
1821.31
1820.22
1818.79
1819.49
1819.57
1819.25
1819.03
1770.26
1814.12
1817.19
1816.64
1815.26
1814.67
1815.26
1815.6
1815.17
1814.81
1816.42
1815.5
1813.16
1812.15
1811.42
1811.25
1812.11
1811.48
1810.92
1810.41
1813.47
1812.51
1810.39
1808.61
1808.35
1808.93
1808.1
1807.33
1806.61
1805.96
1810.78
1809.55
1808.18
1806.91
1806.08
1805.15
1804.18
1803.26
1802.39
1801.6
1808.22
1806.75
1805.34
1804.01
1802.75
1801.56
1800.43
1799.37
1798.37
1797.44
1805.68
1804
1802.41
1800.91
1799.49
1798.16
1796.91
1795.74
1794.63
1793.61
1803.21
1801.35
1799.62
1797.98
1796.45
1795.03
1793.69
1792.45
1791.28
1790.2
1800.59
1798.69
1796.91
1795.23
1793.66
1792.19
1790.83
1789.57
1788.4
1787.31
1798.08
1796.18
1794.38
1792.7
1791.17
1789.73
1788.4
1787.17
1786.05
1785.02
1795.71
1793.84
1792.08
1790.48
1789.03
1787.68
1786.44
1785.3
1784.28
1783.35
1793.57
1791.8
1790.15
1788.66
1787.29
1786.09
1784.98
1783.98
1783.09
1782.31
1791.72
1790.13
1788.63
1787.28
1786.08
1785.01
1784.05
1783.2
1782.45
1781.81
1790.31
1788.89
1787.59
1786.41
1785.37
1784.45
1783.65
1782.97
1782.39
1781.9
1789.34
1788.11
1786.99
1785.5
1784.06
1784.43
1783.82
1783.31
1782.89
1782.56
1788.79
1787.8
1786.62
1784.77
1784.14
1784.11
1784.55
1784.21
1783.98
1783.23
1788.62
1787.98
1787.3
1785.92
1785.2
1784.81
1783.52
1778.01
1776.39
1780.07
1788.97
1788.87
1788.66
1788.37
1788.11
1787.34
1772.22
1764.58
1764.68
1764.78
1767.08
1790.95
1791.12
1790.95
1790.86
1790.7
1777.99
1767.47
1770.39
1772.42
1489.85
1670.69
1765.81
1794.3
1794.05
1793.76
1790.46
1790.88
1793.39
1794.92
1420.61
1446.3
1686.6
1796.88
1796.93
1797.03
1797.33
1797.63
1798.07
1798.44
1493.47
1483.86
1713.01
1799.13
1799.68
1800.24
1800.73
1801.21
1801.71
1802.2
1623.46
1653.73
1791.78
1801.46
1804.55
1804.62
1804.77
1805.12
1805.6
1806.15
1438.03
1533.04
1597.56
1670.3
1807.41
1807.67
1807.93
1808.45
1809.09
1809.78
1092.98
1061.33
1134.39
1625.02
1810.16
1810.73
1811.07
1811.65
1812.35
1813.12
1015.43
1022.85
1160.06
1702.11
1809.38
1811.47
1812.68
1813.75
1814.79
1815.82
1001.99
1015.49
1511.76
1799.6
1813.46
1814.6
1815.49
1816.4
1817.37
1818.46
988.242
1325.33
1793.58
1816.39
1816.73
1817.24
1817.79
1818.44
1819.2
1820.09
1195.99
1745.71
1819.81
1819.51
1819.52
1819.62
1819.84
1820.18
1820.66
1821.26
1689.38
1823.96
1823.33
1822.81
1822.39
1822.1
1821.95
1821.93
1822.01
1822.17
1828.79
1828.18
1827.13
1826.25
1825.52
1824.93
1824.46
1824.11
1823.82
1823.56
1833.23
1831.92
1830.88
1829.87
1829.03
1828.31
1827.71
1827.18
1826.69
1826.19
1836.99
1835.7
1834.74
1833.87
1833.12
1832.48
1831.94
1831.47
1831.03
1830.55
1840.56
1839.69
1838.94
1838.35
1837.87
1837.5
1837.26
1837.1
1837.03
1836.92
1844.18
1843.8
1843.5
1843.3
1843.19
1843.23
1843.46
1843.93
1844.57
1845.31
1847.96
1848.38
1848.6
1848.73
1848.87
1849.24
1850.03
1851.35
1853.2
1855.57
1642.32
1792.75
1853.91
1854.82
1844.6
1825.44
1818.87
1810.07
1813.28
1843.65
1606.57
1616.42
1820.73
1861.61
1862.38
1763.87
1532.87
1535.04
1538.71
1670.97
1606.52
1691.08
1855.08
1864.14
1867.18
1724.57
1537.66
1535.95
1540.32
1593.35
1739.46
1844.08
1860.17
1862.21
1865.27
1804.42
1565.07
1724.02
1734.85
1740.12
1856.95
1857.61
1857.54
1712.69
1609.84
1654.16
1703.58
1714.04
1727.63
1589.61
1856.95
1855.98
1709.37
1599.89
1597.95
1648.62
1685.44
1558.83
1221.63
1299.73
1856.36
1725.29
1607.26
1594.29
1698.67
1636.81
1053.44
756.862
1113.89
1772.11
1858.2
1713.62
1708.66
1811.58
1717.89
849.806
630.335
658.876
1600.22
1891.65
1859.45
1844.38
1853.61
1849.87
887.54
591.845
608.102
992.032
1805.73
1880.38
1864.78
1862.3
1859.52
1194.24
570.101
575.914
579.756
1464.16
1871.52
1865.66
1871.11
1868.38
1625.81
596.403
561.308
563.93
901.882
1770.39
1862.37
1847.81
1861.59
1827.35
908.76
558.535
554.354
557.833
1535.72
1860.51
1851.43
1832.88
1837.16
1400.95
548.582
554.876
552.727
1311.46
1863.46
1857.43
1841.01
1820.83
1646.99
768.792
538.654
543.14
870.985
1748.67
1867.99
1853.33
1833.61
1811.78
1277.73
512.015
512.96
647.55
1679.81
1879.16
1865.89
1847.71
1826.87
1804.4
720.296
476.564
480.231
1587.21
1892.08
1878.8
1861.96
1842.62
1821.42
1798.98
433.411
448.796
1084.14
1862.05
1885.3
1872.53
1856.07
1837.15
1816.53
1794.73
434.026
476.911
1730.81
1893.77
1883.49
1868.7
1851.47
1832.35
1811.9
1790.83
409.976
1256.76
1891.7
1889.96
1879.31
1864.91
1847.61
1828.02
1806.67
1783.65
352.733
1679.59
1909.25
1895.06
1880.24
1864.54
1847.13
1828.17
1808.09
1787.13
670.089
1831.01
1899.17
1887.92
1875.01
1860.94
1845.33
1828.7
1811.8
1795.45
968.353
1883.2
1891.69
1880.79
1869.03
1855.95
1841.4
1826.21
1811.49
1798.53
1120.51
1886.17
1882.54
1872.52
1861.96
1849.79
1835.86
1820.72
1804.68
1787.28
1242.65
1878.43
1873.13
1864.94
1855.87
1845.26
1833.19
1820.14
1806.53
1792.24
1325.89
1870
1865.84
1858.86
1850.83
1841.69
1831.6
1821.18
1811.32
1801.48
1376.67
1862.8
1858.81
1852.64
1845.85
1838.37
1829.98
1821.22
1812.33
1797.74
1364.08
1846.72
1849.81
1847.51
1843.09
1837.49
1830.67
1823.42
1815.49
1660.19
1357.81
1851.8
1852.65
1850.25
1846
1840.82
1834.47
1827.62
1819.56
1588.26
1390.56
1861.36
1860.2
1856.84
1852.41
1847.45
1841.4
1834.86
1827.16
1542.44
1403.99
1869.98
1868.98
1864.92
1860.64
1856.21
1850.72
1844.82
1838.35
1520.82
1410.27
1879.84
1877.46
1872.58
1868.97
1865.81
1861.48
1856.72
1851.72
1524.87
1401.47
1878.22
1880.83
1878.74
1877.24
1876.1
1873.29
1869.96
1866.39
1564.78
1419.03
1880.58
1888.27
1889.17
1888.59
1888.24
1885.94
1883.57
1879.84
1619.36
1522.28
1902.65
1904.38
1904.88
1903.27
1902.25
1899.62
1898.43
1892.6
1680.16
1682.73
1924.74
1920.3
1921.06
1918.7
1917.48
1916.88
1919.21
1915.72
1750.51
1832.96
1949.04
1935.47
1936.65
1933.44
1932.07
1934.89
1939.15
1950.26
1827.52
1827.44
1827.54
1827.64
1827.73
1827.83
1827.93
1828.02
1828.12
1828.21
1828.31
1828.4
1828.49
1828.58
1828.66
1828.74
1828.83
1828.9
1828.98
1829.05
1829.11
1829.17
1829.23
1829.29
1829.33
1829.38
1829.43
1829.46
1829.5
1829.53
1829.57
1829.59
1829.61
1829.62
1829.64
1829.65
1829.67
1829.68
1829.69
1829.69
1829.69
1827.53
1827.62
1827.72
1827.81
1827.91
1828.01
1828.1
1828.2
1828.29
1828.38
1828.47
1828.56
1828.65
1828.73
1828.81
1828.89
1828.97
1829.04
1829.11
1829.17
1829.24
1829.3
1829.36
1829.41
1829.45
1829.49
1829.53
1829.57
1829.59
1829.62
1829.65
1829.67
1829.68
1829.69
1829.69
1829.69
1829.69
1829.69
1829.69
1829.69
1827.59
1827.69
1827.79
1827.88
1827.98
1828.08
1828.17
1828.27
1828.36
1828.45
1828.54
1828.63
1828.71
1828.79
1828.87
1828.95
1829.03
1829.1
1829.17
1829.23
1829.29
1829.35
1829.4
1829.45
1829.5
1829.54
1829.56
1829.6
1829.62
1829.65
1829.67
1829.69
1829.69
1829.7
1829.69
1829.69
1829.69
1829.69
1829.7
1829.71
1827.64
1827.74
1827.84
1827.93
1828.03
1828.13
1828.23
1828.32
1828.41
1828.51
1828.6
1828.68
1828.77
1828.85
1828.94
1829.01
1829.09
1829.16
1829.23
1829.29
1829.35
1829.41
1829.47
1829.52
1829.56
1829.6
1829.61
1829.64
1829.67
1829.7
1829.72
1829.72
1829.72
1829.71
1829.69
1829.68
1829.68
1829.7
1829.72
1829.74
1827.67
1827.77
1827.87
1827.96
1828.06
1828.16
1828.26
1828.36
1828.46
1828.55
1828.65
1828.74
1828.83
1828.91
1829
1829.08
1829.15
1829.23
1829.29
1829.36
1829.42
1829.48
1829.54
1829.59
1829.63
1829.66
1829.68
1829.71
1829.75
1829.78
1829.78
1829.78
1829.76
1829.74
1829.7
1829.56
1829.37
1829.7
1829.75
1829.77
1827.67
1827.77
1827.87
1827.98
1828.08
1828.19
1828.29
1828.39
1828.49
1828.59
1828.69
1828.79
1828.88
1828.97
1829.06
1829.15
1829.22
1829.3
1829.36
1829.43
1829.5
1829.56
1829.62
1829.67
1829.72
1829.73
1829.77
1829.82
1829.87
1829.89
1829.9
1829.9
1829.89
1829.87
1829.83
1828.24
1827.95
1828.66
1828.84
1828.41
1827.65
1827.76
1827.87
1827.98
1828.09
1828.2
1828.31
1828.41
1828.52
1828.63
1828.74
1828.84
1828.94
1829.04
1829.13
1829.22
1829.31
1829.37
1829.45
1829.52
1829.59
1829.66
1829.72
1829.77
1829.8
1829.83
1829.89
1829.96
1830
1830.04
1830.06
1830.07
1830.08
1829.87
1827.96
1827.69
1827.72
1827.67
1827.68
1827.73
1827.62
1827.73
1827.84
1827.96
1828.07
1828.19
1828.31
1828.43
1828.55
1828.66
1828.78
1828.89
1829
1829.11
1829.21
1829.31
1829.38
1829.47
1829.55
1829.64
1829.72
1829.78
1829.84
1829.87
1829.91
1829.96
1830.04
1830.1
1830.17
1830.22
1830.26
1830.29
1830.32
1829.41
1827.68
1827.63
1828.13
1827.66
1827.67
1827.75
1827.56
1827.68
1827.8
1827.92
1828.04
1828.17
1828.3
1828.43
1828.56
1828.68
1828.82
1828.94
1829.06
1829.18
1829.28
1829.38
1829.49
1829.59
1829.7
1829.79
1829.86
1829.93
1829.96
1830.01
1830.05
1830.1
1830.15
1830.24
1830.31
1830.45
1830.51
1830.56
1830.6
1830.07
1829.51
1829.81
1830.28
1829.68
1829.69
1830.68
1827.49
1827.6
1827.72
1827.85
1827.97
1828.13
1828.27
1828.41
1828.56
1828.7
1828.85
1828.99
1829.12
1829.23
1829.37
1829.49
1829.63
1829.75
1829.86
1829.96
1830.04
1830.09
1830.15
1830.21
1830.24
1830.21
1829.37
1828.6
1830.57
1830.73
1830.76
1830.81
1830.92
1830.9
1830.36
1829.46
1830.31
1831.01
1831.06
1831.01
1827.31
1826.72
1826.91
1827.72
1827.93
1828.07
1828.23
1828.38
1828.54
1828.7
1828.86
1829.02
1829.16
1829.31
1829.49
1829.64
1829.78
1829.92
1830.05
1830.15
1830.26
1830.36
1830.48
1830.58
1830.65
1825.48
1822.14
1824.17
1831.29
1831.46
1829.77
1828.1
1830.95
1831.56
1828.44
1826.38
1826.3
1828.33
1829.77
1830.65
1825.65
1825.8
1826.51
1827.74
1827.87
1828.01
1828.17
1828.33
1828.51
1828.69
1828.86
1829.04
1829.22
1829.41
1829.58
1829.75
1829.93
1830.09
1830.24
1830.38
1830.53
1830.68
1830.84
1829.33
1821.16
1820.9
1821.24
1821.96
1831.8
1830.66
1826.63
1826.9
1828.12
1832.48
1827.9
1826.12
1826.09
1826
1825.85
1829.09
1825.52
1825.96
1827.53
1827.64
1827.76
1827.9
1828.05
1828.23
1828.43
1828.63
1828.84
1829.05
1829.24
1829.43
1829.64
1829.86
1830.06
1830.26
1830.45
1830.64
1830.82
1830.98
1826.27
1820.13
1820.36
1820.6
1820.73
1825.26
1830.78
1828.07
1827.07
1828.44
1832.26
1832.35
1831.41
1828.57
1826.08
1826.07
1825.93
1829.58
1826.22
1827.29
1827.38
1827.46
1827.57
1827.7
1827.88
1828.08
1828.3
1828.52
1828.79
1828.97
1829.17
1829.38
1829.71
1829.94
1830.18
1830.43
1830.68
1830.94
1831.2
1828.91
1819.81
1820.06
1820.04
1825.09
1833.13
1830.66
1828.92
1828.76
1831.53
1832.63
1832.59
1832.55
1832.53
1832.54
1831.32
1829.4
1830.55
1831.78
1827.05
1827.09
1827.17
1827.26
1827.38
1827.47
1827.62
1827.74
1826.36
1825.83
1826.81
1829.03
1829.24
1829.45
1829.67
1829.85
1830.11
1830.45
1830.79
1831.07
1831.32
1830.56
1826.02
1826.12
1832.65
1832.92
1832.94
1832.64
1832.54
1832.92
1832.89
1832.85
1832.8
1832.75
1832.7
1832.67
1832.65
1832.62
1832.58
1832.53
1826.89
1826.94
1826.96
1827.1
1827.19
1820.46
1812.88
1813.58
1818.36
1828.57
1828.8
1829.02
1829.16
1829.2
1829.41
1829.67
1830.07
1830.54
1830.89
1831.22
1831.5
1831.78
1832.1
1832.43
1832.72
1832.94
1833.12
1833.17
1833.18
1833.16
1833.12
1833.06
1832.98
1832.82
1832.66
1832.61
1832.73
1832.71
1832.67
1832.6
1826.8
1826.86
1817.83
1810.92
1811.63
1811.56
1811.87
1816.57
1828.43
1828.66
1828.84
1828.83
1828.85
1828.89
1829.05
1829.44
1829.86
1830.33
1830.75
1831.22
1831.58
1831.88
1832.16
1832.47
1832.79
1833.07
1833.27
1833.37
1833.41
1833.39
1833.34
1833.26
1833.08
1832.87
1832.8
1832.73
1832.66
1832.77
1832.77
1832.68
1808.55
1808.8
1809.14
1809.65
1823.43
1823.96
1822.64
1827.89
1828.61
1828.77
1828.88
1828.84
1828.75
1828.5
1827.89
1827.3
1826.05
1826.37
1829.97
1831.32
1831.61
1831.85
1832.13
1832.47
1832.87
1833.22
1833.46
1833.6
1833.65
1833.63
1833.56
1833.47
1833.29
1833.05
1832.95
1832.91
1832.92
1832.96
1832.89
1832.77
1807.75
1809.42
1827.72
1827.63
1827.91
1827.81
1827.53
1827.6
1828.21
1829.06
1829.73
1829.74
1813.13
1787.19
1788.37
1787.74
1787.12
1819.75
1831.8
1831.87
1831.81
1831.71
1831.86
1832.3
1832.86
1833.36
1833.67
1833.83
1833.91
1833.91
1833.74
1833.61
1833.5
1833.4
1833.36
1833.35
1833.32
1833.24
1833.11
1832.85
1824.02
1825.04
1826.45
1826.71
1827.73
1827.18
1787.11
1769.6
1770.42
1772.73
1773.06
1775.05
1774.88
1803.86
1829.46
1828.44
1826.64
1828.22
1831.22
1832.14
1831.73
1830.36
1829.66
1831.4
1832.75
1833.65
1834.04
1834.05
1834.15
1834.24
1833.9
1833.22
1833.14
1833.35
1833.41
1833.54
1833.62
1833.57
1833.38
1832.99
1825.44
1813.39
1772.52
1771.66
1775.72
1768.62
1765
1766.01
1766.53
1789.46
1831.35
1830.8
1830.59
1830.17
1828.99
1815.63
1774.04
1756.97
1775.49
1801.62
1798.63
1734.86
1711.68
1743.49
1786.26
1806.13
1812.85
1800.44
1820.37
1832.74
1834.89
1830.66
1825.93
1826.32
1832.8
1833.32
1833.59
1833.62
1833.44
1833.09
1818.44
1767.7
1767.94
1768.04
1783.15
1794.41
1795.34
1796.05
1785.7
1740.1
1783.03
1831.26
1832.46
1832.56
1831.39
1730.1
1634.83
1634.95
1633.27
1632.68
1646.04
1638.04
1641.27
1643.11
1644.5
1703.39
1736.41
1719.39
1723.92
1761.25
1772.46
1777.21
1767.96
1759.51
1795.71
1833.16
1832.45
1832.23
1831.54
1830.69
1787.71
1792.78
1794.24
1796.31
1709.62
1642.96
1645.67
1648.64
1648.56
1707.49
1833.08
1833.34
1834.19
1835.45
1836.4
1744.18
1632.8
1631.44
1630.75
1631.08
1632.11
1632.44
1693.8
1785.34
1805.23
1759.08
1721
1719.37
1717.09
1703.12
1698.4
1694.56
1690.64
1686.62
1694.02
1740.16
1790.29
1807.99
1805.96
1801.52
1708.44
1632.98
1633.78
1634.21
1635.67
1637.2
1641.04
1793.15
1835.08
1834.79
1830.82
1807.6
1794.2
1815.64
1840.51
1844.97
1848.91
1819.16
1663.88
1626.7
1659.83
1818.28
1831.42
1831.4
1832.19
1829.95
1811.77
1794.98
1805.36
1798.92
1748.48
1740.31
1719.96
1665.69
1615
1605.03
1610.01
1614.01
1621.61
1617.43
1738.03
1629.08
1628.66
1628.8
1736.44
1838.21
1834.64
1833.68
1833.22
1826.62
1746.98
1721.88
1723.56
1737.84
1834.5
1842.64
1845.14
1847.23
1848.06
1838.52
1793.51
1776.27
1822.8
1832.94
1834.39
1805.79
1794.42
1794.27
1807.08
1807.97
1808.55
1809.18
1809.69
1809.11
1692.98
1571.42
1542.69
1541
1540.09
1540.55
1814.85
1801.67
1801.14
1819.66
1830.38
1832.26
1832.43
1832
1807.11
1716.11
1716.95
1717.7
1718.54
1719.37
1724.25
1824.72
1841.48
1843.32
1844.65
1811.71
1770.24
1772.16
1773.56
1799.89
1847.18
1807.23
1796.98
1793.6
1790.36
1791.31
1791.45
1807.12
1811.38
1810.06
1773.59
1708.65
1610.58
1557.12
1537.84
1538.07
1826.58
1827.2
1827.51
1827.78
1828.14
1828.66
1829.27
1829.88
1829.77
1766.49
1711.81
1712.15
1713.12
1713.45
1728.59
1822.67
1837.23
1838.85
1840.54
1840.19
1794.5
1769.62
1787.55
1840.16
1849.55
1851.05
1852.75
1854.5
1823.57
1810.71
1825.33
1810.92
1792.44
1787.44
1766.04
1739.35
1749.7
1745.61
1708.27
1667.96
1823.01
1823.2
1823.25
1823.47
1823.83
1824.47
1825.13
1825.94
1827.09
1828.73
1830.33
1811.41
1739.93
1746.55
1830.59
1831.07
1832.09
1833.41
1834.91
1836.53
1838.07
1838.52
1839.73
1842.65
1844.91
1847.14
1849.38
1851.6
1853.64
1855.76
1858.14
1860.26
1862.26
1864.2
1849.88
1827.96
1769.3
1724.24
1716.35
1723.82
1818.75
1818.68
1818.72
1818.85
1819.24
1819.53
1819.92
1820.45
1821.16
1822.05
1822.99
1823.68
1823.9
1823.99
1824.25
1824.97
1825.93
1826.99
1828.18
1829.74
1831.44
1833.13
1835.01
1837.16
1839.52
1842.01
1844.61
1847.28
1849.99
1852.79
1855.65
1858.47
1861.26
1864.04
1866.8
1868.93
1811.46
1713.98
1705.09
1703.85
1814.42
1814.09
1813.95
1814.02
1814.12
1814.21
1814.4
1814.67
1815.03
1815.47
1815.93
1816.32
1816.64
1816.97
1817.42
1818.05
1818.85
1819.64
1820.65
1822.01
1823.55
1825.56
1827.67
1829.9
1832.38
1835.08
1837.99
1841.07
1844.31
1847.67
1851.12
1854.59
1858.01
1861.29
1864.24
1866.56
1867.89
1842.45
1754.61
1726.02
1809.94
1809.53
1809.21
1808.98
1808.81
1808.7
1808.66
1808.69
1808.78
1808.91
1809.08
1809.25
1809.42
1809.65
1809.96
1810.41
1811
1811.77
1812.49
1813.48
1814.85
1816.62
1818.72
1820.9
1823.38
1826.16
1829.24
1832.59
1836.2
1840.01
1843.99
1848.06
1852.1
1855.97
1859.43
1861.8
1859.67
1860.5
1854.8
1837.11
1805.34
1804.77
1804.28
1803.85
1803.48
1803.17
1802.92
1802.71
1802.54
1802.41
1802.3
1802.21
1802.15
1802.13
1802.18
1802.32
1802.59
1803
1803.59
1804.37
1805.37
1806.67
1808.28
1810.23
1812.55
1815.26
1818.36
1821.83
1825.64
1829.77
1834.14
1838.69
1843.29
1847.77
1851.9
1855.32
1857.6
1857.87
1842.54
1825.05
1800.83
1800.1
1799.44
1798.84
1798.3
1797.8
1797.34
1796.91
1796.5
1796.11
1795.73
1795.35
1794.98
1794.63
1794.31
1794.04
1793.86
1793.79
1793.87
1794.15
1794.65
1795.44
1796.58
1798.11
1800.11
1802.6
1805.59
1809.04
1812.94
1817.22
1821.84
1826.69
1831.68
1836.64
1841.31
1845.39
1848.42
1849.57
1841.85
1816.04
1796.54
1795.68
1794.88
1794.13
1793.43
1792.76
1792.11
1791.47
1790.84
1790.21
1789.55
1788.86
1788.14
1787.4
1786.63
1785.86
1785.13
1784.46
1783.91
1783.52
1783.35
1783.46
1783.93
1784.87
1786.4
1788.57
1791.4
1794.8
1798.71
1803.06
1807.79
1812.8
1817.98
1823.19
1828.22
1832.76
1836.42
1838.2
1835.67
1823.74
1792.61
1791.65
1790.74
1789.88
1789.05
1788.23
1787.41
1786.55
1785.69
1784.83
1783.96
1782.98
1781.91
1780.73
1779.46
1778.12
1776.75
1775.4
1774.12
1772.94
1771.93
1771.15
1770.75
1770.87
1771.78
1773.64
1776.39
1779.82
1783.76
1788.2
1792.97
1798.03
1803.24
1808.48
1813.54
1818.22
1822.14
1824.37
1823.69
1819.82
1789.15
1788.13
1787.17
1786.23
1785.31
1784.36
1783.39
1782.4
1781.39
1780
1778.37
1777.52
1776.46
1774.97
1773.16
1771.17
1769.11
1767.03
1764.97
1762.95
1761
1759.06
1757.24
1756.45
1756.79
1758.68
1761.7
1765.29
1769.21
1773.34
1778.38
1783.62
1788.75
1793.82
1798.68
1803.11
1806.82
1809.14
1808.59
1805.34
1786.26
1785.24
1784.27
1783.31
1782.33
1781.28
1780.14
1778.96
1777.85
1776.74
1774.01
1771.82
1770.19
1768.14
1767.91
1765.36
1762.45
1759.62
1756.88
1754.09
1751.17
1748.14
1742.4
1737.06
1736.48
1741.5
1749.05
1753.14
1756.9
1759.65
1763.06
1770.44
1775.79
1780.61
1785.12
1789.13
1792.35
1794.19
1793.46
1791.22
1784.02
1783.07
1782.16
1781.08
1779.53
1778.16
1776.81
1776.23
1775.06
1773.98
1772.88
1771.56
1769.82
1755.16
1742.67
1749.77
1753.77
1753.26
1750.08
1746.96
1743.27
1738.45
1731.29
1617.15
1425.84
1422.97
1699.94
1744.95
1748.39
1750.43
1752.66
1758.96
1765.45
1769.98
1774.14
1777.72
1780.46
1781.87
1781.55
1779.9
1782.47
1781.65
1780.89
1780.14
1779.39
1776.11
1738.93
1710.25
1727.59
1756
1771.95
1769.81
1763.63
1759.96
1726.7
1613.84
1579.13
1660.65
1692.05
1735.5
1736.46
1711.72
1667
1340.51
1022.58
1005.65
1363.48
1742.63
1745.66
1747.09
1746.83
1752.21
1758.32
1762.61
1766.45
1769.68
1772.07
1773.32
1773.31
1772.35
1781.6
1780.97
1780.43
1779.99
1779.64
1779.32
1754.15
1638.42
1635.14
1632.69
1645.85
1655.53
1625.17
1616.42
1617.33
1579
1466
1456
1448.79
1525.1
1569.53
1492.38
1383.47
1099.62
983.902
985.81
1088.25
1687.39
1746.85
1743.75
1744.67
1747.64
1754.22
1758.91
1762.51
1765.34
1767.53
1768.78
1769.14
1768.55
1781.25
1780.76
1780.35
1780.01
1779.71
1779.47
1779.33
1779.16
1712.25
1639.02
1594.08
1591.5
1588.07
1585.52
1582.71
1579.08
1596.35
1485.83
1448.05
1443.36
1462.85
1456.83
1319.45
1028.25
976.058
976.166
1043.17
1629.99
1747.73
1735.05
1739.33
1734.47
1748.71
1759.03
1761.23
1764.83
1766.79
1767.98
1768.76
1768.37
1781.47
1781.11
1780.81
1780.53
1780.24
1779.9
1779.45
1778.78
1777.94
1776.89
1775.64
1774.89
1774.26
1759.84
1735.79
1755.8
1770.77
1767.23
1523.29
1558.22
1752.76
1757.09
1757.58
1267.54
974.178
967.905
1023.97
1614.83
1742.62
1732.3
1654.38
1393.46
1485.63
1726.95
1759.55
1767.55
1769.24
1770.38
1771.54
1771.13
1782.28
1782.06
1781.89
1781.74
1781.56
1781.31
1780.97
1780.46
1779.77
1778.92
1778.02
1777.14
1776.19
1775.14
1774.16
1773.18
1771.75
1769.68
1768.2
1739.1
1739.57
1765.46
1767.19
1752.52
1168.55
963.768
1076.52
1635.02
1745.95
1731.24
1357.55
1009.92
1072.03
1573.86
1756.56
1772.48
1774.16
1775.22
1776.62
1776.34
1783.49
1783.36
1783.25
1783.17
1783.45
1783.31
1783.06
1782.7
1782.22
1781.6
1780.86
1779.87
1778.7
1777.16
1775.93
1775.25
1774.47
1773
1771.68
1770.88
1770.14
1769.26
1768.99
1774.51
1187.57
961.457
1186.24
1708.53
1752.5
1694.67
1069.68
981.73
982.631
1298.36
1736.61
1777.72
1780.35
1781.51
1783.01
1782.57
1772.91
1770.07
1772.57
1783.76
1785.92
1785.84
1785.63
1785.32
1784.88
1784.29
1783.46
1781.77
1780.48
1779.36
1778.13
1777
1776.45
1775.11
1773.8
1772.75
1771.77
1770.13
1767.86
1766.11
1151.15
949.492
1287.96
1743.27
1770.36
1563
988.63
969.297
968.743
1070.62
1678.95
1782.05
1787.03
1788.69
1790.29
1789.57
1764.97
1765.13
1766.92
1785.85
1788.96
1788.86
1788.66
1788.34
1787.86
1787.15
1785.69
1784.16
1783.03
1781.76
1780.73
1779.94
1778.64
1777.57
1776.46
1775.17
1773.3
1769.87
1757.31
1516.46
974.247
911.161
1326.42
1752.34
1786.57
1516.74
981.566
959.939
959.574
975.603
1581.16
1786.03
1794.53
1796.86
1798.55
1797.61
1775.53
1781.29
1790.73
1792.07
1792.26
1792.23
1792.04
1791.69
1791.14
1790.09
1788.47
1786.79
1785.87
1784.44
1783.08
1782.26
1780.96
1778.98
1756.74
1687.4
1539.95
1243.3
1048.81
919.391
860.453
856.692
1218.67
1731.75
1800.44
1536.82
995.324
952.359
951.666
951.425
1433.29
1787.61
1803.15
1806.2
1807.98
1807.38
1795.18
1795.45
1795.69
1795.91
1796.01
1796
1795.81
1795.4
1794.71
1793.51
1791.99
1789.92
1788.72
1787.11
1785.39
1783.37
1743.92
1580.03
1281.54
895.206
849.559
837.556
832.092
831.702
832.757
834.1
969.011
1607.15
1808.37
1573.13
995.381
945.546
945.137
944.384
1242.7
1774.66
1812.59
1816.76
1818.77
1819.61
1798.84
1799.25
1799.65
1799.96
1800.12
1800.1
1799.94
1799.45
1798.58
1797.32
1795.45
1793.14
1791.74
1784.13
1696.59
1455.88
1134.3
829.43
829.566
830.615
830.776
830.215
830.362
830.48
830.638
830.52
847.1
1330.88
1816.97
1521.83
976.177
940.913
940.254
939.875
1074.21
1729.08
1822.81
1828.76
1831.15
1832.06
1802.72
1803.27
1803.8
1804.23
1804.51
1804.36
1804.2
1803.52
1802.21
1800.41
1796.19
1742
1597.63
1333.44
1024.3
827.946
829.18
829.373
829.43
829.562
829.758
829.966
830.15
830.286
830.325
830.222
830.166
1020.67
1783.22
1372.47
946.133
937.201
937.131
937.284
972.247
1631.51
1833.75
1842.29
1845.3
1845.84
1806.74
1807.38
1808.03
1808.56
1808.93
1808.73
1808.24
1807.03
1787.57
1652.37
1408.57
1121.1
926.135
826.136
828.029
828.406
828.603
828.908
829.194
829.459
829.704
829.913
830.078
830.186
830.269
830.284
830.179
863.946
1595.17
1322.41
937.508
934.576
934.491
935.696
936.891
1468.11
1843.05
1857.26
1861.35
1862.55
1810.53
1811.29
1811.98
1812.53
1812.85
1812.8
1806.79
1666.12
1301.05
984.291
839.21
823.857
826.166
826.813
827.173
827.7
828.206
828.678
829.1
829.569
829.722
829.936
830.082
830.214
830.367
830.592
830.781
832.37
1361.52
1554.79
1144.34
937.645
934.796
937.049
938.088
1284.89
1840.29
1874.02
1879.73
1882
1813.94
1814.76
1815.38
1815
1802.4
1718.41
1428.72
1000.95
818.851
822.316
823.753
824.477
825.132
825.805
826.428
827.005
827.232
827.923
828.832
829.855
830.451
830.616
830.686
831.057
832.172
832.856
834.335
838.73
1291.35
1851.69
1702.92
1229.97
947.841
942.557
943.146
1171.83
1825.64
1892.96
1900.78
1904.78
1816.93
1817.99
1818.69
1817.26
1656.51
1192.56
868.754
817.892
818.786
819.519
820.677
822.403
824.052
825.331
826.967
834.793
850.946
879.095
926.241
982.034
999.746
976.277
926.706
937.195
1049.19
1129.89
1026.51
1035.47
1560.85
1882.8
1891.45
1800.34
1329.29
956.26
956.404
1125.43
1818.75
1913.74
1924.91
1932.4
1819.75
1821.17
1822.55
1822.23
1490.79
958.19
828.308
829.122
831.9
840.698
872.237
922.523
1002.8
1111.22
1262.36
1395.78
1494.52
1580.3
1669.49
1743.22
1755.21
1717.25
1638.56
1661.57
1789.13
1845.6
1781.89
1777.44
1864.42
1906.13
1909.71
1913.18
1859.17
1297.82
981.974
1148.74
1842.92
1942.12
1955.51
1966.46
1821.22
1822.48
1823.91
1817.63
1533.49
1347.24
1455.98
1480.75
1477.05
1532.27
1611.04
1699.86
1781.07
1849.11
1856.48
1857.99
1861.52
1866.01
1870.67
1874.94
1878.69
1881.91
1885.28
1890.68
1898.75
1905.25
1910.15
1915.21
1920.46
1925.65
1931.06
1936.28
1942.18
1829.39
1225.39
1469.14
1931.81
1975.34
1992.44
2007.93
1822.03
1823.04
1824.23
1819.93
1802.77
1834.94
1841.46
1844.62
1843.6
1841.25
1839.44
1838.62
1839.71
1842.79
1848.43
1855.95
1860.56
1857.4
1856.45
1871.51
1889.56
1893.53
1893.54
1881.77
1887.65
1906.85
1923.43
1930.48
1937.64
1944.57
1951.56
1944.95
1957.14
1950.28
1909.44
1931.88
1992.69
2013.99
2033.58
2052.7
1822.43
1822.84
1823.35
1824.12
1825.32
1826.56
1827.14
1826.27
1823.91
1821.14
1819.25
1819.18
1821.62
1827.77
1837.98
1850.72
1834.45
1841.7
1851.9
1861.02
1886.67
1869.57
1873.06
1879
1885.46
1891.81
1922.97
1945.66
1953.64
1961.58
1943.07
1898.68
1905.9
1977.94
2010.7
2019.95
2030.74
2047.82
2070.94
2092.99
1823.31
1823.04
1822.64
1822.28
1821.73
1820.65
1818.56
1814.91
1809.26
1788.12
1737.05
1702.53
1704.99
1739.83
1797.07
1828.79
1843.12
1856.83
1870.3
1875.59
1871.58
1876.23
1882.15
1888.21
1894.75
1903.74
1945.64
1958.48
1966.53
1964.2
1901.53
1909.95
1919.54
1929.09
1994.52
2039.64
2054.79
2074.74
2100.32
2124.21
1825.6
1824.86
1823.8
1822.58
1821.13
1818.92
1815.56
1796.78
1594.83
1278.5
1055.7
986.514
995.494
1088.37
1365.18
1744.65
1850.41
1873.01
1888
1899.92
1909.9
1915.35
1897.12
1894.55
1933.32
1949.45
1957.33
1965.26
1973.7
1980.28
1936.85
1919.29
1928.91
1939.9
1951.46
2018.6
2069.65
2092.01
2119.84
2145.03
1829.91
1828
1826.56
1825.95
1824.27
1821.39
1708.72
1321.58
853.867
855.669
856.14
862.962
867.185
873.427
943.411
1577.34
1853.2
1877.12
1888.53
1898.39
1906.69
1914.29
1921.58
1929.35
1937.3
1945.46
1954.06
1962.57
1968.45
1978.93
1995.1
2006.95
1960.6
1942.62
1956.04
1983.1
2070.97
2099.02
2128.41
2154.69
1836.22
1827.17
1827.44
1832.32
1826.03
1650.92
986.991
846.656
848.566
851.516
854.092
852.722
860.678
868.606
1111.58
1653.88
1859.75
1873.18
1880.41
1885.94
1891.9
1898
1904.35
1911.4
1919.33
1928.08
1937.44
1946.55
1959.32
1971.67
1983.76
1995.99
2008.7
2018.31
1949.52
1987.18
2066.42
2094.3
2124.63
2151.96
1845.95
1842.84
1833.84
1778.98
1378.5
846.281
844.077
841.998
843.666
845.108
841.292
843.736
902.132
1152.12
1783.59
1850.92
1850.17
1853.05
1854.67
1857.84
1860.8
1865.09
1870.28
1876.7
1884.52
1894.14
1902.71
1914.27
1930.11
1943.31
1956.93
1970.81
1984.84
2000.2
1953.34
1970.46
2045.47
2075.75
2106.71
2134.88
1858.29
1860.09
1857.72
1327.56
847.977
840.974
842.003
841.586
834.14
832.508
895.744
995.886
1656.91
1837.31
1830.37
1820.74
1817.95
1815.5
1814.17
1813.92
1815.21
1817.05
1820.76
1825.65
1832.65
1841.55
1850.76
1861.29
1880.7
1897.59
1913.53
1929.95
1946.29
1963.31
1949.58
1941.52
2010.87
2043.72
2074.57
2102.79
1873.23
1876.95
1700.91
962.084
853.151
842.109
838.527
835.251
951.477
1076.2
1717.21
1831.7
1817.31
1804.14
1791.39
1780.01
1771.23
1766.15
1761.89
1757.67
1754.58
1753.14
1753.9
1756.41
1760.5
1763.63
1778.3
1794.45
1815.07
1836.09
1855.34
1875.07
1894.58
1914.11
1929.4
1921.82
1966.33
1999.89
2029.67
2056.93
1887.22
1892.88
1538.17
913.694
861.806
845.015
957.391
1131.13
1811.23
1833.44
1813.9
1796.66
1780.59
1764.94
1750.29
1736.3
1720.3
1710.21
1698.99
1686.19
1665.76
1626.8
1535.96
1435.81
1321.85
1362.32
1513.44
1696.32
1729.15
1757.67
1784.18
1809.29
1833.4
1856.24
1875.78
1894.07
1917.54
1947.26
1975.34
2000.65
1859.09
1892.33
1599.33
1026.63
985.706
1198.29
1814.53
1837.27
1817.25
1799.04
1780.62
1761.94
1743.54
1724.88
1705.91
1687.13
1666.73
1646.62
1520.57
1390.84
1133.53
858.963
515.115
543.71
591.903
577.549
517.3
638.956
1336.66
1673.87
1710.14
1742.81
1771.71
1795.13
1821.41
1845.63
1867.84
1891.65
1916.85
1939.36
1727.62
1654.87
1516.92
1570.02
1845.7
1834.98
1821.31
1805.55
1787.6
1768.22
1747.83
1726.03
1703.68
1681.11
1657.49
1610.57
1464.98
1280.51
607.883
493.688
491.09
489.548
491.932
578.9
504.768
421.828
422.362
423.554
530.772
1329.13
1659.18
1693.61
1723.19
1745.33
1769.15
1795.79
1817.76
1838.63
1860.14
1879.19
1569.68
1567.38
1777.63
1861.77
1841.1
1822.15
1803.42
1782.75
1760.46
1736.92
1712.4
1687.25
1660.8
1608.62
1465.83
1140.09
499.747
483.654
479.217
478.314
478.549
481.008
484.587
622.637
432.703
410.89
410.659
409.572
409.784
706.081
1546.52
1662.33
1689.36
1709.69
1730.65
1753.55
1774.64
1792.37
1809.85
1825.29
1560.99
1881.1
1871.57
1850.78
1828.63
1805.41
1781.2
1755.92
1729.79
1702.99
1674.04
1641.25
1461.51
1141.07
521.153
505.374
495.018
484.441
477.515
476.07
609.513
609.991
525.168
650.747
559.111
400.049
398.854
399.778
399.982
398.742
1225.47
1646.52
1667.52
1687.77
1702.9
1719.21
1740.03
1754.84
1768.37
1780.5
1891.37
1876.31
1856.47
1834.07
1809.06
1782.44
1754.76
1726.26
1696.19
1664.2
1489.36
1299.5
578.978
544.378
530.489
516.374
497.678
569.752
713.947
1069.25
1532
1641.44
1611.63
1433.85
728.421
387.792
388.875
389.46
386.269
386.739
842.356
1607.6
1656.26
1672.72
1683.63
1696.76
1712.31
1725.87
1736.13
1745.22
1882.09
1860.93
1838.22
1812.92
1785.42
1756.38
1726.27
1692.79
1637.49
1444.45
790.313
588.419
570.488
556.066
536.394
591.983
861.046
1533.94
1630.87
1630.73
1630.71
1630.6
1631.39
1634.37
1572.34
751.835
376.339
372.18
371.089
370.847
435.19
1462.62
1648.52
1661.82
1671.87
1681.17
1691.38
1704.24
1712.29
1718.52
1863.81
1841.15
1816.44
1789.21
1760.13
1729.81
1694.18
1558.17
1204.44
643.78
618.477
598.549
576.541
598.78
868.12
1521.03
1628
1628.38
1624.99
1622.01
1620.47
1620.53
1622.12
1625.64
1633.66
1243.81
408.607
351.898
350.873
354.344
351.535
1248.01
1645.08
1655.72
1665.59
1671.41
1678.71
1689.22
1695.53
1699.52
1845.11
1820.76
1794.27
1765.92
1736.01
1702.25
1528.85
997.462
684.637
659.18
633.214
610.933
843.265
1439.04
1607.57
1608.99
1612.05
1612.89
1610.26
1606.59
1611.51
1614.14
1617.04
1621.93
1630.39
1421.01
471.934
329.407
331.961
333.019
331.95
1008.29
1639.78
1653.26
1662.61
1665.86
1670.97
1679.08
1684.43
1687.05
1826.22
1801.06
1773.68
1744.66
1713.6
1566.95
917.79
737.11
707.715
672.9
839.193
1221.28
1561.39
1567.13
1582.96
1587.13
1453.4
1338.38
1413.18
1577.41
1606.68
1609.86
1614.28
1620.54
1630.31
1345.48
431.481
310.024
311.988
314.727
313.616
765.204
1614.24
1653.42
1660.64
1662.31
1666.51
1670.59
1677.69
1679.46
1810.27
1784.09
1756.22
1726.92
1683.46
909.994
723.463
730.194
723.662
1133.14
1499.1
1501.38
1526.66
1520.21
1354.98
980.85
389.429
481.025
1209.72
1600.02
1604.46
1609.28
1614.33
1620.48
1629.75
1272.49
341.537
294.677
296.854
297.806
298.102
522.356
1543.92
1654.81
1660.51
1660.94
1664.55
1667.28
1674.16
1675.64
1797.24
1770.3
1741.98
1712.6
1013.12
683.279
695.077
709.898
1277.94
1492.19
1484.3
1490.38
1266.21
739.757
240.311
199.008
201.869
419.377
1423.94
1610.06
1612.26
1615.18
1618.31
1621.75
1626.88
1340.85
317.559
284.681
286.036
287.326
286.686
354.851
1382.54
1658.01
1662.21
1661.68
1664.61
1667.01
1673.25
1674.64
1787.01
1759.32
1731.12
1576.53
685.231
644.721
683.03
1347.11
1522.54
1504.07
1469.62
948.668
235.656
187.014
188.504
189.967
217.966
1201.23
1600.88
1625.25
1624.94
1624.97
1625.22
1624.87
1623.45
1510.27
598.851
322.123
356.955
310.576
276.317
303.315
1276.53
1662.06
1666.03
1666.19
1666.43
1670.88
1674.56
1676.66
1779.18
1751.15
1725.15
759.153
570.176
583.876
1373.29
1546.88
1530.83
1455.65
596.549
180.929
181.245
182.055
183.409
218.336
1094.77
1646.34
1643.15
1641.52
1640.51
1639.7
1638.98
1638.08
1636.41
1631.37
1443.21
1081.1
625.863
268.179
259.785
297.43
1330.4
1665.35
1671.4
1673.86
1672.39
1676.9
1678.15
1680.82
1774.23
1748.74
1572.4
559.11
525.711
1133.76
1555.86
1545.56
1539.37
487.691
176.796
177.11
178.052
179.086
195.833
1002.27
1664.37
1661.87
1660.75
1660
1659.75
1659.85
1660
1660.15
1661.18
1664.11
1667.75
1273.56
481.66
242.943
243.487
356.94
1530
1673.27
1675.09
1680.72
1682.05
1683.54
1684.38
1686.21
1770.5
1746.96
762.806
421.149
562.908
1525.31
1564.24
1554.25
804.015
173.582
174.15
174.777
175.482
176.774
757.237
1660.46
1680.63
1680.16
1680.31
1681.31
1684
1687.77
1688.58
1684.81
1665.86
1601.4
1341.26
723.81
230.172
230.595
232.121
903.405
1679.48
1682.62
1683.73
1690.21
1691.61
1692.87
1693.52
1693.89
1769.02
1749.57
487.381
390.865
1205.9
1575.01
1568.36
1456.96
223.411
171.741
172.319
172.71
173.525
425.021
1524.9
1698.88
1697.83
1697.61
1698.4
1701.11
1706.04
1671.7
1137.95
774.365
720.008
603.014
369.802
238.613
231.262
224.409
666.342
1641.66
1696.43
1696.67
1697.83
1702.5
1703.85
1704.9
1704.82
1703.94
1758.01
1153.62
262.918
350.232
1456.21
1580.39
1567.64
1046.92
168.788
170.793
170.827
171.437
200.572
1113.35
1716.81
1714.42
1712.64
1711.73
1712.01
1713.7
1699.41
977.631
247.614
212.229
206.794
205.465
204.342
221.584
237.003
694.216
1579.65
1707.4
1711.46
1713.65
1715.46
1716.97
1718.07
1718.6
1717.3
1715.54
1766.19
670.062
218.95
630.566
1572.86
1579.14
1428.33
956.993
167.313
168.907
169.571
188.318
755.819
1643.67
1730.65
1727.26
1724.58
1722.59
1721.37
1719.32
1352.18
341.976
206.407
203.49
204.245
203.488
206.269
209.181
592.684
1636.22
1719.08
1724.92
1727.36
1729.45
1731.14
1732.35
1733.02
1732.8
1730.52
1727.13
1781.96
399.298
197.932
797.484
1597.72
1541.36
1409.44
1355.38
281.416
171.147
383.015
1078.24
1674.18
1746.22
1741.76
1737.9
1734.67
1731.79
1728.9
1719.96
984.922
203.722
203.709
205.103
204.203
203.785
202.967
320.964
1402.79
1731.61
1737.56
1740.47
1742.79
1744.75
1746.25
1747.17
1747.37
1746.51
1743.58
1731.25
1398.61
235.927
187.477
969.858
1612
1560.77
1636.95
1708.99
1019.46
545.374
1608.06
1759.05
1755.97
1752.35
1748.96
1746.06
1743.52
1740.68
1737.38
1726.7
961.389
200.786
203.412
201.44
203.009
201.402
203.451
713.8
1743.2
1749.26
1752.37
1754.74
1756.82
1758.56
1759.82
1760.46
1760.24
1758.83
1755.02
1738.4
1004.5
155.662
168.89
1219.05
1677.77
1697.45
1711.44
1750.43
1666.45
1582.76
1733.53
1760.39
1759.31
1757.66
1756.04
1754.32
1752.68
1750.57
1747.8
1743.84
1135.05
200.138
200.695
200.69
198.091
200.12
278.926
1298.39
1761.17
1763.6
1765.48
1767.29
1768.07
1770.02
1771.51
1771.87
1771.33
1768.93
1757.11
1752.56
712.57
112.715
201.477
1432.53
1751.24
1763.99
1758.77
1763.27
1762.77
1763.56
1718.08
1763.73
1765.68
1765.25
1764.51
1763.86
1763.05
1762.05
1759.22
1755.99
1472.25
353.238
198.55
195.692
196.521
194.686
473.456
1601.83
1775.04
1776.09
1777.23
1777.77
1778.46
1779.46
1781.26
1781.57
1780.85
1773.84
1761.71
1761.61
479.829
82.0672
236.752
1454
1773.45
1772.86
1772.74
1772.22
1771.99
1772.28
1767.41
1761.9
1773.35
1774.28
1774.24
1774.28
1774.51
1775
1759.38
1745.03
1682.19
702.384
191.361
190.998
191.282
189.349
490.626
1595.83
1786.37
1786.9
1787.53
1787.15
1787.76
1788.4
1788.97
1790.13
1789.31
1781.95
1770.22
1757.4
288.709
44.7256
54.3867
675.047
1664.3
1777.76
1779.8
1780.32
1780.76
1781.41
1782.13
1780.01
1782.79
1784.21
1784.48
1785.04
1786.15
1788.15
1760.45
1541.25
1478.69
958.335
182.253
184.519
185.576
185.737
388.062
1472.51
1796.8
1796.8
1796.87
1796.32
1796.16
1796.52
1797.16
1798.05
1797.32
1793.7
1785.78
1758.88
152.944
19.0389
29.3674
27.8163
666.432
1526.51
1787.57
1789.55
1790.4
1791.27
1792.24
1793.1
1791.84
1793.96
1794.38
1794.77
1796.05
1798.33
1781.81
1096.78
577.211
715.171
360.623
178.422
180.225
179.646
218.148
1075.05
1785.63
1805.92
1805.34
1804.98
1804.12
1804.34
1805.5
1805.7
1805.39
1804.5
1796.88
1767.74
68.1718
7.60801
9.1911
70.002
54.8373
198.738
1103.04
1634.93
1799.99
1801.59
1802.94
1804.31
1790.91
1776.37
1799.03
1802.94
1804.13
1806.65
1801.74
1052.59
260.827
240.553
482.947
256.728
174.697
175.106
174.939
546.423
1642.27
1813.76
1812.59
1811.97
1811.88
1812.21
1812.8
1813.26
1813.46
1810.91
1800.02
1780.63
21.9967
2.42067
2.42834
42.6547
57.0043
15.2381
14.3324
329.97
1299.67
1735.43
1814.49
1816.13
1811.69
1576.16
1327.52
1702.37
1810.64
1812.71
1815.21
1427.99
326.215
228.182
259.194
303.672
177.392
170.489
171.454
283.649
1417.41
1820.16
1818.07
1817.31
1817.44
1818.26
1819.55
1817.87
1791.56
1773.04
1782.43
1795.55
5.7549
1.02586
1.20082
2.00636
5.91173
15.2133
12.9716
3.67888
1.2947
528.773
1417.85
1757.11
1815.59
1513.54
1011.32
1000.05
1432.44
1821.76
1822.53
1815.17
1095.15
217.409
217.576
222.5
179.647
169.779
169.399
242.712
1308.33
1824.4
1820.75
1820.12
1820.98
1822.92
1803.4
1777.96
1778.65
1781.09
1800.78
1802.69
0.685433
0.738384
0.819396
0.801401
0.749744
2.42171
7.78449
4.74662
1.25367
0.886895
-0.0032246
551.178
1287.59
1540.02
1393.4
998.66
998.786
1170.44
1832.35
1827.6
1817.46
1079.45
209.462
169.767
162.087
156.644
165.801
214.768
1255.23
1823.72
1818
1818.1
1820.73
1787.28
1776.9
1782.76
1788
1798.39
1783.3
1781.78
0.479054
0.582135
0.602453
0.594526
0.558754
0.508367
0.486293
1.19251
1.17785
0.736605
0.428653
0.257162
-0.39981
262.157
851.953
1162.34
1245.64
1268.19
1352.03
1669.7
1828.09
1824.25
1219.18
283.67
152.013
151.795
148.446
142.576
1172.93
1815.09
1805.28
1806.65
1783.82
1768.53
1778.79
1788.98
1817.34
1844.59
1828.19
1796.43
0.307069
0.425298
0.431615
0.434759
0.423827
0.394527
0.354674
0.316925
0.3335
0.523956
0.349822
0.202254
0.188899
0.107089
-0.521766
-0.705675
628.996
1189.26
1301.83
1373.5
1809.94
1824.88
1824.87
1526.78
383.059
134.94
142.293
132.71
876.471
1780.62
1769.22
1764.2
1737.83
1757.08
1793.24
1830.4
1848.41
1858.31
1861.24
1857.02
0.125946
0.284073
0.301238
0.319738
0.326083
0.310531
0.278031
0.240498
0.208855
0.183805
0.214574
0.157362
0.0984478
0.0768556
0.0454105
0.0372363
-0.0367802
-0.729381
117.509
420.371
765.931
1464.47
1826.03
1784.58
1736.33
1248.15
151.326
103.872
180.169
1598.74
1707.91
1710.05
1728.04
1760.75
1794.5
1820.12
1851.34
1878.46
1179.52
623.433
-0.487089
-0.0292409
0.0807826
0.15859
0.208059
0.21899
0.197318
0.158953
0.13399
0.119977
0.109334
0.110551
0.0920054
0.0734894
0.0689676
0.0831463
0.108157
0.0874334
0.076942
-0.0536079
-0.786242
37.3277
187.586
406.181
1125.18
1174.81
1105.37
393.342
96.0346
1210.7
1488.84
1486.16
1572.51
1689.49
1787.66
1228.77
375.29
132.659
4.84836
0.755385
-3.17647
-0.682786
-0.280572
-0.0809899
0.0481704
0.0803088
0.0236129
0.00538482
0.0151398
0.0334832
0.0508098
0.0655523
0.078378
0.086947
0.0926384
0.0887971
0.0596995
0.0398416
0.161073
0.0653865
-0.437005
-1.94284
-5.9383
-14.9076
-24.1352
-31.2233
102.78
74.7593
61.1354
423.395
1202.52
1235.85
617.852
138.131
76.6255
9.11452
-11.0161
-3.88865
-1.17811
0.806486
1827.09
1827.07
1827.11
1827.14
1827.18
1827.22
1827.27
1827.3
1827.32
1827.32
1827.31
1827.27
1827.23
1827.17
1827.1
1827.02
1826.94
1826.86
1826.77
1826.69
1826.61
1826.54
1826.48
1826.42
1826.37
1826.33
1826.3
1826.28
1826.27
1826.27
1826.28
1826.29
1826.31
1826.34
1826.37
1826.41
1826.46
1826.51
1826.57
1826.63
1827.01
1827.03
1827.04
1827.05
1827.06
1827.07
1827.08
1827.09
1827.08
1827.07
1827.04
1827.01
1826.96
1826.9
1826.84
1826.78
1826.71
1826.64
1826.57
1826.51
1826.45
1826.39
1826.35
1826.31
1826.28
1826.25
1826.24
1826.23
1826.23
1826.24
1826.25
1826.28
1826.31
1826.34
1826.39
1826.44
1826.49
1826.55
1826.62
1826.69
1826.96
1827.02
1827.04
1827.05
1827.04
1827.02
1827
1826.98
1826.94
1826.91
1826.86
1826.81
1826.75
1826.69
1826.63
1826.57
1826.51
1826.45
1826.39
1826.34
1826.3
1826.26
1826.22
1826.2
1826.18
1826.17
1826.17
1826.18
1826.19
1826.21
1826.24
1826.27
1826.31
1826.36
1826.41
1826.47
1826.53
1826.59
1826.66
1826.74
1826.87
1826.96
1827
1827.01
1827
1826.97
1826.94
1826.9
1826.85
1826.79
1826.73
1826.67
1826.6
1826.54
1826.47
1826.41
1826.34
1826.29
1826.24
1826.19
1826.15
1826.12
1826.1
1826.09
1826.08
1826.08
1826.09
1826.11
1826.14
1826.17
1826.2
1826.25
1826.3
1826.35
1826.41
1826.47
1826.54
1826.61
1826.68
1826.76
1826.76
1826.87
1826.92
1826.94
1826.93
1826.9
1826.86
1826.81
1826.75
1826.69
1826.61
1826.54
1826.47
1826.39
1826.32
1826.25
1826.19
1826.13
1826.09
1826.05
1826.01
1825.99
1825.98
1825.97
1825.97
1825.99
1826.01
1826.03
1826.07
1826.11
1826.15
1826.2
1826.26
1826.32
1826.39
1826.45
1826.53
1826.6
1826.68
1826.76
1826.62
1826.75
1826.81
1826.83
1826.82
1826.8
1826.75
1826.69
1826.63
1826.55
1826.47
1826.39
1826.31
1826.23
1826.16
1826.09
1826.03
1825.97
1825.92
1825.89
1825.86
1825.84
1825.84
1825.84
1825.85
1825.87
1825.9
1825.94
1825.98
1826.03
1826.08
1826.14
1826.2
1826.27
1826.34
1826.42
1826.49
1826.57
1826.65
1826.74
1826.46
1826.6
1826.66
1826.69
1826.68
1826.66
1826.61
1826.55
1826.47
1826.39
1826.31
1826.22
1826.13
1826.05
1825.97
1825.9
1825.84
1825.79
1825.75
1825.71
1825.69
1825.68
1825.68
1825.69
1825.71
1825.74
1825.78
1825.82
1825.88
1825.93
1825.99
1826.06
1826.13
1826.2
1826.28
1826.36
1826.44
1826.52
1826.61
1826.7
1826.27
1826.43
1826.5
1826.52
1826.52
1826.49
1826.44
1826.37
1826.29
1826.2
1826.11
1826.02
1825.93
1825.85
1825.77
1825.7
1825.64
1825.59
1825.55
1825.52
1825.51
1825.5
1825.51
1825.53
1825.56
1825.6
1825.64
1825.7
1825.76
1825.82
1825.89
1825.96
1826.04
1826.12
1826.2
1826.29
1826.37
1826.46
1826.55
1826.64
1826.07
1826.25
1826.32
1826.34
1826.33
1826.3
1826.24
1826.17
1826.08
1825.99
1825.9
1825.81
1825.72
1825.63
1825.55
1825.48
1825.42
1825.38
1825.34
1825.32
1825.31
1825.31
1825.32
1825.35
1825.39
1825.44
1825.49
1825.56
1825.63
1825.7
1825.78
1825.86
1825.94
1826.03
1826.11
1826.2
1826.29
1826.38
1826.47
1826.56
1825.86
1826.06
1826.12
1826.14
1826.13
1826.1
1826.03
1825.96
1825.87
1825.78
1825.68
1825.58
1825.49
1825.4
1825.33
1825.26
1825.2
1825.15
1825.12
1825.1
1825.09
1825.1
1825.12
1825.16
1825.21
1825.27
1825.33
1825.41
1825.49
1825.57
1825.65
1825.74
1825.83
1825.92
1826.02
1826.11
1826.2
1826.3
1826.39
1826.48
1825.62
1825.92
1825.94
1825.95
1825.94
1825.89
1825.83
1825.74
1825.66
1825.56
1825.46
1825.36
1825.27
1825.18
1825.1
1825.03
1824.97
1824.92
1824.88
1824.86
1824.86
1824.87
1824.9
1824.95
1825.01
1825.08
1825.16
1825.25
1825.34
1825.43
1825.53
1825.62
1825.72
1825.82
1825.92
1826.02
1826.11
1826.21
1826.31
1826.4
1825.51
1825.73
1825.76
1825.77
1825.75
1825.7
1825.63
1825.55
1825.46
1825.36
1825.26
1825.16
1825.06
1824.97
1824.89
1824.81
1824.74
1824.69
1824.65
1824.62
1824.61
1824.62
1824.66
1824.71
1824.79
1824.89
1824.99
1825.09
1825.19
1825.3
1825.4
1825.51
1825.61
1825.71
1825.82
1825.92
1826.02
1826.13
1826.23
1826.32
1825.37
1825.62
1825.62
1825.62
1825.6
1825.54
1825.47
1825.38
1825.29
1825.19
1825.08
1824.99
1824.89
1824.79
1824.7
1824.62
1824.54
1824.48
1824.42
1824.38
1824.35
1824.34
1824.37
1824.44
1824.55
1824.69
1824.82
1824.93
1825.05
1825.17
1825.29
1825.39
1825.5
1825.61
1825.72
1825.83
1825.93
1826.06
1826.18
1826.28
1825.29
1825.56
1825.56
1825.53
1825.49
1825.43
1825.36
1825.26
1825.17
1825.07
1824.96
1824.86
1824.76
1824.66
1824.57
1824.47
1824.39
1824.3
1824.22
1824.13
1824.01
1823.96
1823.98
1824.03
1824.24
1824.5
1824.69
1824.8
1824.91
1825.06
1825.2
1825.3
1825.38
1825.51
1825.64
1825.73
1825.79
1825.97
1826.26
1826.42
1825.41
1825.5
1825.52
1825.5
1825.45
1825.39
1825.3
1825.21
1825.11
1825.01
1824.91
1824.81
1824.71
1824.61
1824.51
1824.42
1824.34
1824.25
1824.11
1823.47
1812.91
1808.23
1808.99
1806.02
1812.79
1823.42
1824.9
1824.73
1824.66
1824.92
1825.23
1825.27
1825.17
1825.27
1825.7
1825.67
1820.49
1819.36
1826.73
1826.65
1825.57
1825.58
1825.59
1825.55
1825.5
1825.42
1825.33
1825.24
1825.14
1825.04
1824.94
1824.84
1824.74
1824.65
1824.56
1824.48
1824.4
1824.3
1820.84
1804.08
1804.06
1804.07
1804.1
1804.16
1804.08
1812.59
1826.69
1813.13
1806.78
1819.72
1826.08
1825.15
1810.38
1807.5
1822
1820.25
1809.44
1809.94
1810.16
1815.54
1825.82
1825.79
1825.77
1825.71
1825.64
1825.55
1825.45
1825.36
1825.26
1825.15
1825.05
1824.96
1824.87
1824.8
1824.74
1824.69
1824.67
1824.68
1815.24
1803.45
1803.47
1803.47
1803.46
1803.45
1803.35
1811.1
1805.84
1804.45
1804.66
1806.16
1821.14
1803.51
1804.32
1804.8
1805.17
1805.17
1814.61
1809.7
1810.33
1826.7
1826.17
1826.11
1826.06
1825.98
1825.88
1825.77
1825.67
1825.56
1825.45
1825.35
1825.25
1825.16
1825.09
1825.02
1824.98
1824.99
1825.03
1825.13
1824.98
1820.14
1806.67
1803.05
1803.04
1821.91
1819.91
1803.62
1803.79
1803.68
1806.45
1807.33
1803.16
1803.22
1803.63
1804.25
1823.01
1824.64
1817.84
1810.9
1826.2
1827.41
1826.64
1826.55
1826.45
1826.34
1826.21
1826.09
1825.97
1825.85
1825.73
1825.62
1825.52
1825.43
1825.31
1824.78
1824.42
1825.01
1825.3
1825.39
1825.53
1825.63
1822.85
1818.72
1822.23
1827.07
1824.02
1804.96
1804.39
1818.87
1825.75
1802.44
1802.59
1802.47
1823.08
1826.45
1827.94
1827.82
1827
1826.65
1827.57
1827.54
1827.21
1827.08
1826.94
1826.79
1826.63
1826.48
1826.34
1826.21
1826.08
1825.96
1825.85
1825.62
1824.66
1824.31
1824.28
1824.75
1825.6
1825.65
1825.74
1825.84
1825.96
1826.15
1826.36
1826.5
1824.9
1820.16
1820.39
1827.75
1825.8
1809.28
1806.58
1826.25
1827.63
1827.66
1827.67
1827.67
1827.65
1827.62
1827.59
1827.58
1827.87
1827.7
1827.52
1827.32
1827.13
1826.96
1826.79
1826.63
1826.49
1826.35
1826.07
1824.84
1824.64
1824.58
1824.52
1824.6
1825.87
1825.9
1825.91
1825.95
1826.03
1826.16
1826.28
1826.34
1826.37
1826.6
1826.79
1826.96
1826.09
1825.44
1825.66
1827.14
1827.23
1827.29
1827.31
1827.32
1827.28
1827.22
1826.74
1826.64
1828.61
1828.4
1828.16
1827.92
1827.7
1827.49
1827.26
1827
1826.92
1826.8
1826.05
1825.08
1824.97
1824.88
1824.8
1824.74
1825.32
1826.14
1826.12
1826.09
1826.11
1826.18
1826.23
1826.28
1826.34
1826.4
1826.48
1826.54
1826.58
1826.69
1826.74
1826.79
1826.85
1826.89
1826.91
1826.93
1824.2
1814.35
1814.64
1825.62
1829.41
1829.16
1828.87
1828.58
1828.32
1828.07
1827.49
1827.02
1827.23
1827.29
1826.69
1825.47
1825.34
1825.73
1825.36
1825.05
1825.46
1826.39
1826.33
1826.26
1826.23
1826.23
1826.21
1826.19
1826.18
1826.17
1826.16
1826.16
1826.17
1826.2
1826.26
1826.31
1826.36
1826.4
1825.53
1814.05
1812.19
1812.34
1812.14
1821.55
1830.27
1829.97
1829.63
1829.29
1828.98
1828.51
1827.76
1827.53
1827.63
1827.79
1827.48
1827.22
1827.18
1826.55
1825.48
1825.34
1826.47
1826.66
1826.55
1826.46
1826.37
1826.28
1826.2
1826.11
1826.02
1825.92
1825.81
1825.7
1825.6
1825.56
1825.24
1824.35
1825.42
1822.64
1810.9
1811.15
1811.35
1811.4
1820.97
1823.56
1831.16
1830.82
1830.42
1830.03
1829.64
1828.75
1828.35
1828.14
1828.55
1828.31
1828.1
1827.91
1827.72
1827.22
1825.92
1826.45
1827.07
1826.92
1826.77
1826.63
1826.49
1826.35
1826.2
1826.03
1825.85
1825.65
1825.42
1825.12
1820.53
1812.61
1817.43
1824.41
1823.82
1811
1809.8
1809.71
1817.43
1822.7
1822.64
1822.63
1832.08
1831.69
1831.23
1830.78
1830.14
1829.29
1828.96
1829.18
1829.11
1828.84
1828.6
1828.36
1828.12
1827.84
1827.6
1827.48
1827.36
1827.18
1826.99
1826.81
1826.62
1826.43
1826.22
1825.99
1825.75
1825.48
1825.15
1805.39
1795.19
1799.4
1824.01
1823.74
1820.52
1808.92
1808.29
1819.08
1821.27
1821.09
1820.82
1820.16
1833.01
1832.57
1832.05
1831.54
1830.53
1829.95
1829.81
1830
1829.68
1829.35
1829.06
1828.79
1828.57
1828.34
1828.11
1827.88
1827.65
1827.42
1827.2
1826.98
1826.75
1826.51
1826.24
1825.95
1825.65
1820.83
1793.14
1791.67
1792.17
1813.63
1823.36
1822.91
1820.74
1815.91
1816.83
1818.09
1818.25
1819.87
1791.05
1691.37
1833.93
1833.45
1832.87
1832.16
1831.05
1830.6
1830.86
1830.6
1830.22
1829.87
1829.55
1829.27
1829.01
1828.74
1828.46
1828.19
1827.92
1827.64
1827.37
1827.12
1826.86
1826.56
1826.14
1825.83
1809.68
1789.05
1789.21
1789.23
1806.76
1823.21
1822.45
1821.71
1820.89
1819.8
1815.5
1748.67
1729.29
1811.16
1781.21
1664.43
1834.83
1834.3
1833.67
1832.54
1831.74
1831.57
1831.6
1831.18
1830.76
1830.39
1830.05
1829.76
1829.44
1829.12
1828.81
1828.48
1828.15
1827.8
1827.46
1827.17
1826.27
1825.59
1825.9
1802.8
1787.79
1787.69
1787.51
1804.84
1823.33
1822.43
1821.52
1820.53
1819.29
1806.27
1641.46
1595.52
1732.65
1823.26
1809.57
1687.35
1835.69
1835.12
1834.39
1833.07
1832.39
1832.48
1832.19
1831.74
1831.3
1830.9
1830.55
1830.2
1829.85
1829.5
1829.14
1828.76
1828.35
1827.84
1822.16
1814.5
1824.47
1825.93
1810.49
1786.47
1786.41
1786.22
1807.21
1823.68
1822.67
1821.62
1820.46
1819.03
1786.89
1577.12
1542.72
1574.96
1805.78
1820.33
1814.59
1775.7
1836.49
1835.88
1835.02
1833.55
1833.07
1833.28
1832.76
1832.28
1831.83
1831.4
1831.01
1830.62
1830.25
1829.89
1829.51
1829.1
1828.64
1813.13
1784.25
1798.94
1825.31
1823.99
1788.48
1785.5
1785.02
1807.27
1824.22
1823.15
1822.02
1820.75
1819.11
1772.13
1542.3
1515.66
1520.42
1665.99
1819.15
1818.24
1817.02
1816.82
1837.23
1836.6
1835.48
1834.12
1833.74
1833.84
1833.28
1832.76
1832.27
1831.82
1831.37
1831.02
1830.66
1830.3
1829.95
1829.58
1810.17
1780.65
1781.46
1801.87
1825.89
1810.97
1784.49
1784.5
1798.98
1824.73
1823.79
1822.73
1821.5
1819.9
1782.58
1540.36
1498
1501.45
1517.71
1785.99
1818.11
1816.7
1815.57
1814.49
1837.89
1837.24
1835.92
1834.66
1834.38
1834.31
1833.71
1833.16
1832.1
1830
1831.25
1831.35
1830.98
1830.62
1830.24
1806.32
1778.2
1778.76
1782.65
1823.12
1824.75
1790.66
1782.96
1788.61
1825.76
1824.8
1823.75
1822.55
1821.06
1809.03
1598.4
1485.15
1487.78
1487.66
1592.54
1819.59
1817.18
1815.29
1813.63
1812.1
1838.47
1837.81
1836.3
1835.12
1834.79
1834.71
1834.06
1833.36
1830.87
1830.06
1829.94
1831.61
1831.21
1830.78
1805.3
1776.54
1776.66
1776.6
1807.82
1822.33
1811.67
1781.95
1781.3
1814.21
1826.03
1824.95
1823.8
1822.47
1820.59
1728.63
1478.24
1478.53
1478.46
1478.54
1693.43
1818.99
1816.2
1813.79
1811.7
1809.42
1838.96
1838.3
1836.64
1835.53
1835.08
1835.01
1834.28
1833.6
1830.58
1830.13
1830.8
1831.75
1831.38
1810.13
1775.34
1775.4
1775.3
1788.41
1820.54
1821.92
1791.29
1779.47
1792.45
1826.93
1826
1825.08
1823.97
1821.46
1818.37
1723.77
1470.97
1471.68
1471.03
1499.05
1805.7
1818.48
1814.86
1803.25
1802.15
1807.57
1839.4
1838.74
1837.21
1835.88
1835.63
1835.15
1834.19
1828.25
1832.67
1831.89
1831.98
1831.73
1817.56
1774.24
1774.11
1773.92
1775.17
1819.51
1819.12
1809.27
1776.66
1776.59
1814.27
1827
1826.03
1824.66
1818.79
1815.04
1813.15
1778.96
1545.34
1467.03
1465.4
1639.13
1819.89
1816.6
1802.96
1792.66
1792.89
1805.32
1839.82
1839.15
1838.09
1836.6
1835.88
1820.59
1760.63
1820.11
1832.97
1832.66
1832.3
1826.87
1777.54
1772.95
1772.65
1772.33
1804.35
1819.63
1818.71
1789.11
1774.55
1781.4
1827.7
1826.69
1825.71
1820.03
1812.52
1810.08
1809.18
1809.3
1733.69
1573.4
1609.78
1804.76
1814.38
1806.87
1791.12
1788.96
1790.21
1802.72
1840.27
1839.59
1838.72
1837.79
1836.9
1784.94
1733.46
1783.07
1833.48
1833.03
1832.64
1809.31
1771.92
1771.79
1771.55
1785.56
1820.66
1819.75
1810.74
1771.07
1771.61
1792.5
1827.01
1826.08
1825.12
1817.82
1811.08
1809.64
1810.08
1819.32
1815.25
1807.15
1808.5
1814.34
1806.14
1790.22
1787.69
1785.24
1791.63
1800.2
1840.72
1840.01
1839.15
1838.34
1822.21
1726.69
1727.74
1768.6
1833.75
1833.43
1828.82
1778.28
1770.72
1770.49
1771.24
1821.1
1820.28
1819.38
1791.33
1769.44
1768.62
1808.12
1826.76
1825.63
1824.49
1821.3
1811.28
1808.74
1811.99
1817.95
1816.45
1814.88
1813.21
1811.12
1802.63
1786.71
1784.4
1782.05
1794.29
1797.77
1841.06
1840.34
1839.48
1838.72
1792.61
1724.12
1724.42
1777.64
1834.51
1834.41
1812.46
1769.71
1769.53
1769.14
1797.02
1820.97
1820.31
1813.22
1767.04
1766.76
1766.86
1819.99
1826.08
1824.87
1823.6
1822.21
1817.75
1812.97
1816.56
1815.99
1814.23
1812.39
1810.42
1808.28
1805.03
1789.55
1781.69
1780.93
1797.72
1795.52
1841.26
1840.56
1839.66
1837.17
1761.89
1722.16
1721.11
1807.09
1836.34
1835.83
1805.36
1769.11
1768.68
1775.09
1821.31
1820.64
1819.87
1802.01
1765.16
1764.61
1767.82
1825.33
1825.29
1824
1822.62
1821.14
1819.54
1817.73
1815.99
1814.1
1812.15
1810.14
1808.05
1805.89
1803.68
1799.29
1787.67
1788.09
1795.48
1793.5
1841.51
1840.9
1840.11
1833.93
1740.49
1719.19
1723.26
1837.16
1836.56
1835.69
1813.65
1768.57
1768.11
1784.03
1820.98
1820.25
1816.43
1763.81
1763.33
1762.32
1770.29
1825.95
1824.57
1823.14
1821.62
1819.78
1816.62
1815.08
1814.29
1812.26
1810.21
1808.15
1806
1803.39
1801.57
1799.7
1797.23
1793.73
1792.19
1791.93
1841.89
1841.35
1840.67
1827.58
1718.74
1716.41
1736.39
1837
1836.24
1835.52
1829.55
1778.12
1767.2
1774.2
1820.78
1820.19
1805.38
1762.37
1761.55
1760.62
1770.83
1825.41
1823.89
1822.33
1820.49
1817.7
1815.17
1808.98
1805.89
1810.46
1808.38
1806.37
1803.86
1800.68
1799.05
1798.2
1796.19
1793.2
1790.24
1789.63
1842.31
1841.8
1841.2
1823.99
1714.83
1714.36
1755.37
1836.52
1835.98
1835.47
1834.69
1815.71
1765.64
1765.28
1798.1
1819.73
1808.3
1760.73
1759.95
1758.92
1768.26
1824.95
1823.32
1821.61
1819.37
1817.05
1815.08
1810.07
1768.03
1760.87
1806.7
1804.89
1802.46
1799.35
1797.29
1796.48
1795.1
1793.11
1789.85
1788.64
1842.68
1842.19
1841.64
1825.29
1714.97
1712.55
1771.44
1836.19
1835.75
1835.29
1834.79
1833.28
1789.07
1764.21
1763.9
1816.18
1818.84
1772.15
1758.62
1757.56
1771.1
1824.59
1822.83
1820.98
1819.04
1817.19
1815.14
1812.19
1765.26
1652.17
1739.63
1804.21
1802.32
1798.65
1796.63
1794.58
1793.9
1792.6
1790.86
1789.36
1842.94
1842.47
1841.95
1827.45
1719.04
1710.94
1783.91
1836.06
1835.68
1835.29
1834.86
1834.39
1826.13
1766.38
1762.21
1769.11
1819.17
1819.51
1759.61
1757.42
1794.66
1824.19
1822.35
1820.45
1818.56
1816.74
1814.91
1812.73
1787.19
1634.79
1593.39
1802.89
1802.21
1799.93
1796.51
1794.44
1792.87
1792.01
1790.15
1789.12
1843.06
1842.61
1842.11
1830.8
1725.46
1709.51
1798.69
1836.08
1835.75
1835.36
1835.01
1834.59
1834.11
1804.54
1760.93
1760.21
1792.2
1830.73
1808.3
1782.24
1821.91
1823.89
1821.87
1819.72
1817.7
1816
1814.58
1813.1
1806.1
1660.12
1579.13
1686.82
1803.01
1801.07
1798.38
1795.59
1793.99
1791.17
1752.96
1607.98
1843.04
1842.62
1842.16
1834.89
1735.36
1708.23
1815.94
1836.22
1835.93
1835.55
1834.96
1834.8
1834.17
1823.35
1759.35
1758.71
1759.03
1830.21
1829
1826.76
1825.95
1823.99
1821.62
1814.88
1784.73
1814.47
1813.97
1812.91
1810.54
1713.31
1572.29
1568.64
1767.83
1802.97
1800.85
1798.66
1796.33
1787.69
1589.45
1427.92
1842.92
1842.54
1842.13
1838.82
1749.5
1706.96
1821
1836.61
1836.31
1835.95
1835.21
1834.09
1833.48
1820.25
1758.53
1758.09
1769.09
1830.9
1829.76
1828.39
1826.82
1824.03
1808.39
1618.95
1507.38
1775.22
1815.05
1814.52
1813.23
1771.84
1566.13
1564.03
1584.44
1772.21
1803.11
1801.47
1799.88
1794.09
1474.66
1420.5
1842.72
1842.41
1842.06
1841.08
1767.39
1705.68
1819.77
1837.25
1836.88
1836.45
1835.72
1833.79
1832.47
1803.56
1758.74
1758.02
1807.04
1832.32
1831.1
1829.84
1828.53
1818.04
1667.12
1462.25
1461.85
1537.93
1789.2
1812.22
1816
1807.06
1627.48
1561.33
1559.62
1579.99
1747.82
1803.88
1802.44
1801.32
1539.4
1416.95
1842.52
1842.29
1842.01
1841.49
1783.62
1704.21
1817.13
1838.16
1837.71
1837.22
1836.61
1835.09
1833.19
1793.99
1758.25
1759.04
1823.89
1833.47
1832.32
1831.19
1830.01
1811.66
1505.51
1456.41
1455.14
1453.38
1537.54
1779.87
1818.93
1818.23
1788.55
1567.84
1557.84
1556.21
1559.97
1676.12
1792.57
1803.31
1725.04
1482.83
1842.43
1842.28
1842.08
1841.64
1797.05
1702.47
1813.29
1839.28
1838.74
1838.18
1837.58
1836.8
1834.82
1801.5
1758.09
1757.76
1821.83
1834.44
1833.47
1832.53
1831.57
1816.52
1559.01
1452.27
1451.32
1450.09
1449.26
1737.59
1822.04
1820.67
1819
1721.43
1556.5
1555.2
1553.83
1552.82
1761.57
1802.85
1799.04
1749.66
1842.51
1842.47
1842.36
1842.08
1810.52
1700.06
1778.79
1840.56
1839.93
1839.3
1838.7
1838.12
1836.99
1822.76
1763.9
1757.96
1794.81
1835.05
1834.38
1833.69
1833
1825.74
1731.02
1473.07
1448.09
1447.19
1468.34
1752.87
1824.48
1822.87
1821.35
1818.73
1692.51
1554.63
1554.34
1569.48
1778.35
1805.87
1803.27
1758.17
1842.8
1842.87
1842.85
1842.65
1825.38
1697.22
1698.45
1840.04
1840.96
1840.27
1839.63
1839.03
1838.12
1836.28
1812.17
1757.77
1759.83
1835.43
1835.44
1834.65
1833.89
1832.08
1827.89
1706.73
1488.82
1469.18
1690.32
1799.54
1825.25
1823.86
1822.37
1820.96
1815.03
1712.91
1622.22
1743
1807.37
1808.52
1799.01
1453.88
1843.36
1843.5
1843.55
1843.48
1840.66
1702.73
1696.05
1838.82
1841.36
1840.82
1840.32
1839.8
1839.25
1838.83
1837.46
1788.43
1761.52
1819.97
1835.87
1835.15
1834.35
1833.47
1832.38
1829.41
1772.33
1761.27
1826.81
1826.8
1825.74
1824.51
1823.19
1821.81
1820.35
1818.11
1811.07
1811.61
1807.72
1772.55
1425.3
1009.63
1844.14
1844.28
1844.35
1844.33
1844.28
1786.72
1694.66
1796.18
1841.05
1841.39
1840.75
1840.53
1840.03
1839.55
1839.07
1834.33
1796.5
1806.72
1835.85
1835.99
1835.16
1834.24
1833.18
1831.93
1829.93
1828.49
1827.72
1826.5
1825.88
1825.22
1824.16
1822.82
1821.42
1820.02
1818.11
1812.67
1679.09
1278.51
989.791
986.295
1845.08
1845.21
1845.28
1845.28
1845.24
1843.38
1692.06
1697.34
1834.96
1842.01
1841.34
1841.2
1840.73
1840.27
1839.84
1839.39
1837.45
1808.59
1832.64
1837.06
1836.16
1835.29
1834.21
1832.93
1828.03
1825.54
1714.83
1736.45
1826.03
1826.62
1825.71
1824.15
1822.44
1820.85
1716.61
1418.96
1085.88
973.649
974.706
976.515
1846.13
1846.28
1846.4
1846.47
1846.52
1846.6
1691.49
1692.49
1821.82
1842.73
1842.29
1836.2
1841.42
1841.01
1840.68
1840.36
1839.97
1831.99
1832.45
1838.42
1837.23
1835.31
1835.95
1834.74
1812.75
1641.01
1347.83
1373.26
1785.48
1831.66
1830.47
1791.92
1617.88
1377.11
1105.06
966.238
964.016
965.364
967.214
1141.06
1847.21
1847.39
1847.54
1847.62
1847.63
1847.58
1752.89
1693.38
1820.1
1843.91
1843.4
1835.02
1842.02
1841.63
1841.55
1841.45
1841.25
1840.96
1837.54
1840.19
1839.38
1836.76
1837.25
1836.94
1780.9
1338.06
1321.64
1321.15
1464.26
1841.06
1842.07
1497.53
1018.41
959.022
957.408
957.603
958.363
959.6
1094.12
1655.01
1848.33
1848.5
1848.64
1848.7
1848.63
1848.41
1837.88
1691.95
1807.13
1844.05
1844.58
1839.82
1683.19
1774.74
1842.73
1842.83
1842.79
1842.66
1841.94
1842.19
1841.9
1840.05
1837.94
1836.62
1778.31
1326.29
1316.16
1315.02
1313.77
1683.66
1857.2
1167.96
954.088
953.167
953.466
954.365
953.835
1156
1650.18
1833.5
1849.56
1849.7
1849.86
1849.98
1850.06
1850.12
1850.28
1742.46
1694.43
1831.55
1845.7
1844.15
1629.19
1627.03
1842.01
1844.76
1844.71
1844.63
1842.96
1840.81
1842.27
1843.28
1843.01
1839.73
1799.19
1549.85
1310.48
1309.91
1308.36
1318.77
1608.32
1171.21
984.831
957.188
997.373
1135.86
1424.11
1739.67
1839.37
1838.31
1850.92
1851.01
1851.13
1851.25
1851.35
1851.43
1851.5
1762.28
1679.5
1819.68
1848.15
1848.37
1622.75
1622.52
1706.68
1846.79
1846.77
1846.74
1845.12
1839.13
1832.1
1845.68
1845.8
1845.67
1838.27
1817.01
1473.01
1306.85
1306.65
1305.6
1306.74
1366.87
1554.54
1564.62
1638.08
1766.62
1840.25
1844.36
1842.84
1841.58
1852.34
1852.41
1852.52
1852.63
1852.73
1852.8
1852.78
1720.51
1676.6
1821.86
1849.67
1849.53
1731.42
1620.39
1618.58
1804.53
1849.28
1849.04
1848.27
1844.46
1833.17
1821.98
1836.68
1847.61
1848.45
1849.08
1811.44
1583.26
1383.37
1304.61
1307.51
1363.17
1744.84
1820.01
1843.83
1848.09
1847.86
1846.61
1845.36
1844.65
1853.78
1853.88
1854.01
1854.16
1854.3
1854.44
1854.56
1674.09
1674.29
1773.78
1851.67
1852.03
1849.75
1625.04
1616.92
1623.58
1827.12
1850.94
1850.72
1850.45
1847.58
1764.35
1745.97
1795.28
1849.87
1850.04
1850.56
1846.17
1784.13
1675.17
1486
1582.68
1797.58
1852.97
1802.55
1762.59
1761.8
1739.03
1739.07
1799.2
1855.19
1855.32
1855.49
1855.65
1855.77
1855.85
1855.83
1702.05
1672.37
1671.85
1846.83
1854.59
1854.61
1781.49
1615.45
1615.37
1632.68
1823.78
1852.56
1852.62
1852.76
1802.86
1742.43
1740.31
1755.54
1819.65
1850.08
1849.39
1849.95
1850.22
1839.69
1844.61
1848.79
1853.8
1767.95
1619.2
1610.22
1606.32
1605.8
1605.1
1856.53
1856.72
1856.94
1857.15
1857.35
1857.56
1857.8
1818.27
1671.08
1671.8
1730.14
1845.95
1855.72
1855.86
1735.7
1614.59
1614.84
1623.17
1791.44
1854.51
1854.66
1854.1
1798.2
1739.24
1738.13
1736.93
1764.01
1827.3
1851.09
1851.87
1853.73
1854.21
1854.6
1854.82
1822.81
1693.08
1607.08
1606.26
1605.78
1605.92
1857.8
1858.04
1858.31
1858.56
1858.78
1858.99
1859.2
1859.39
1690.63
1671.12
1670.68
1806
1857.5
1857.32
1856.47
1738.37
1614.67
1614.59
1614.13
1724.63
1856.56
1856.41
1855.77
1822.47
1742.23
1736.66
1735.3
1734.29
1778.53
1854
1855.03
1855.14
1855.33
1855.65
1856.01
1846.32
1773.75
1670.48
1604.43
1605.73
1858.97
1859.26
1859.58
1859.86
1860.08
1860.25
1860.35
1860.31
1801.12
1671.56
1673.89
1813.59
1858.76
1858.64
1858.7
1857.45
1774.09
1626
1614.76
1614.61
1655.06
1797.64
1855.02
1853.12
1839.28
1762.28
1734.7
1734.19
1733.6
1747.65
1839.44
1855.56
1855.49
1855.58
1856.01
1856.78
1857.67
1852.23
1764.72
1679.17
1860.02
1860.37
1860.75
1861.09
1861.39
1861.69
1861.99
1862.36
1862.92
1684.42
1674.82
1826.58
1858.38
1859.29
1854.73
1854.99
1854.54
1818.49
1685.85
1616.86
1619.08
1619.91
1693.52
1827.68
1847.89
1847.96
1798.23
1733.92
1733.7
1733.09
1794.31
1853.53
1855.35
1854.98
1855.17
1855.88
1856.78
1857.58
1857.93
1854.92
1860.93
1861.31
1861.72
1862.08
1862.39
1862.69
1862.99
1863.31
1863.63
1694.04
1675.09
1795.29
1859.27
1859.56
1851.79
1852.09
1855.69
1858.22
1850.94
1748.82
1619.61
1621.32
1621.44
1626.44
1796.46
1856.99
1860
1828.16
1744.95
1741.29
1820.86
1855.13
1843.15
1852.89
1853.05
1854.78
1856.34
1857.29
1857.78
1857.6
1861.71
1862.11
1862.52
1862.87
1863.15
1863.39
1863.59
1863.76
1863.84
1734.9
1674.46
1680.33
1834.84
1858.94
1855.13
1853.19
1853.49
1859.53
1865.31
1864.96
1797.77
1625.81
1621.73
1622.18
1628.72
1834.12
1862.35
1862.81
1848.72
1846.32
1854.48
1856.75
1815.79
1481.34
1472.21
1718.78
1824.6
1852.37
1858.4
1858.01
1862.35
1862.78
1863.21
1863.57
1863.86
1864.1
1864.33
1864.57
1864.88
1845.19
1675.3
1676.78
1704.54
1848.17
1863.95
1855.08
1854.43
1859.82
1866.25
1866.78
1867.13
1826.11
1655.18
1622.99
1638.17
1840.29
1865.23
1864.89
1864.08
1863.17
1862.08
1860.55
1614.06
1112.33
1095.8
1130.78
1189.59
1426.73
1791.92
1860.6
1862.86
1863.31
1863.76
1864.12
1864.4
1864.63
1864.81
1864.97
1865.13
1865.35
1784.83
1677.57
1699.87
1846.39
1864.66
1864.14
1860.86
1864.35
1866.9
1867.3
1867.64
1867.77
1836.09
1747.13
1794.04
1856.62
1867.15
1867.25
1867.09
1866.84
1866.52
1866.08
1350.39
1090.75
1089.57
1087.7
1089.8
1094.52
1632.78
1860.68
1863.23
1863.68
1864.14
1864.51
1864.77
1864.95
1865.07
1865.11
1865.09
1865
1863.83
1824.8
1827.14
1850.46
1864.97
1866.06
1866.57
1867.13
1867.6
1868.03
1868.42
1868.73
1868.87
1868.74
1868.88
1867.34
1869.22
1870.02
1870.38
1870.78
1871.29
1871.96
1379.02
1087.67
1087.71
1089.56
1087.75
1088.94
1693.82
1866.52
1863.5
1863.94
1864.38
1864.73
1864.97
1865.11
1865.18
1865.15
1865.02
1864.78
1864.52
1864.57
1863.33
1863.08
1865.44
1866.42
1867.09
1867.21
1866.27
1868.72
1869.36
1869.8
1870.2
1870.58
1871.01
1871.5
1871.86
1872.68
1873.55
1874.56
1875.87
1877.64
1670.93
1082.64
1085.86
1086.13
1085.77
1370.95
1847.34
1873.39
1863.74
1864.13
1864.52
1864.82
1865.02
1865.13
1865.14
1865.02
1864.73
1864.1
1862.61
1690.64
1789.55
1863.8
1865.58
1866.76
1867.57
1865.32
1865.49
1866.35
1869.82
1870.86
1871.38
1871.93
1872.52
1873.18
1873.94
1874.83
1875.94
1877.28
1878.94
1881.1
1883.86
1346.95
1082.07
1085.9
1275.47
1819.99
1881.8
1880.35
1864.03
1864.35
1864.67
1864.93
1865.11
1865.24
1865.32
1865.33
1865.18
1858.94
1691.62
1364.06
1401.37
1808.39
1867.26
1868.3
1869.06
1866.04
1866.55
1867.05
1867.55
1871
1872.41
1873.01
1873.68
1874.43
1875.28
1876.23
1877.32
1878.55
1879.92
1881.57
1883.73
1818.1
1412.91
1459.88
1796.26
1885.65
1886.59
1886.34
1864.42
1864.68
1864.93
1865.15
1865.34
1865.54
1865.31
1866.03
1866.3
1678.33
1358.71
1354.36
1354.15
1450.05
1822.23
1870.27
1870.74
1869.67
1867.65
1868
1868.34
1870.79
1873.16
1873.78
1874.5
1875.3
1876.17
1877.1
1878.09
1879.13
1880.13
1881.01
1848.14
1843.82
1856.26
1880.2
1888.49
1890.14
1891.24
1771.5
1864.88
1865.1
1865.3
1865.49
1865.69
1865.97
1865.57
1866.88
1867.64
1653.01
1349.82
1349.88
1349.4
1348.57
1675.07
1872.1
1872.35
1872.35
1870.86
1868.78
1869.93
1872.52
1873.51
1874.18
1875.02
1875.92
1876.87
1877.85
1878.84
1879.81
1880.66
1828.82
1417.06
1642.08
1860.71
1890.73
1893.02
1895.06
1748.63
1512.12
1865.36
1865.56
1865.73
1865.88
1866.09
1866.43
1866.1
1867.58
1866.02
1795.97
1585.8
1347.67
1345.58
1344.65
1641.41
1873.83
1873.7
1873.44
1873.23
1872.66
1872.87
1872.85
1873.16
1874.05
1875.2
1876.38
1877.55
1878.77
1880.07
1881.44
1852.26
1456.28
1353.28
1355.24
1790.09
1894.2
1896.19
1670.25
1481.7
1482.08
1865.73
1865.96
1866.11
1866.21
1866.37
1866.68
1866.91
1867.9
1867.47
1868.78
1849.49
1696.47
1437.73
1342.92
1668.7
1873.35
1873.2
1871.87
1873.75
1873.45
1872.62
1745.01
1789.73
1873.24
1875.05
1876.59
1877.97
1879.4
1880.98
1882.85
1536.48
1343.82
1346.13
1348.46
1787.49
1883.26
1611.38
1499.93
1672.15
1277.6
1865.95
1866.19
1866.32
1866.34
1866.37
1866.55
1866.97
1867.66
1868.67
1868.81
1869.67
1872.23
1807.53
1675.07
1671.52
1764.85
1860.54
1873.42
1846.49
1784.24
1584.68
1454.81
1457.19
1646.83
1865.97
1877.25
1878.25
1879.6
1881.24
1883.4
1401.43
1338.74
1340.56
1356.01
1828.6
1855.81
1486.33
1491.5
1667.5
1247.22
1866.03
1866.25
1866.33
1866.2
1866.01
1865.97
1866.22
1866.88
1867.85
1868.57
1870.64
1872.11
1872.81
1783.25
1694.67
1718.07
1861.34
1876.67
1712.35
1459.19
1450.38
1451.08
1451.96
1461.41
1716.8
1780.99
1877.93
1878.85
1880.17
1881.98
1591.22
1334.12
1334.54
1615.55
1875.49
1858.54
1526.23
1630.76
1650.26
692.563
1866.09
1866.19
1866.15
1865.74
1865.07
1864.55
1864.43
1865.14
1866.69
1868.13
1869.53
1871.08
1872.65
1821.77
1750.37
1814.81
1871.77
1866.19
1735.29
1448.23
1448.68
1447.67
1680.14
1834.77
1596.21
1515.58
1607.53
1877.44
1877.91
1879.14
1854.64
1487.54
1511.04
1851.44
1880.13
1878.49
1847.98
1819.65
1433.67
343.53
1866.54
1866.24
1865.8
1837.68
1722.32
1647.48
1651.64
1551.27
1865.89
1867.42
1868.01
1869.85
1871.97
1870.5
1869.45
1875.85
1877.24
1865.39
1812.69
1692.27
1571.81
1724.01
1877.54
1884.4
1807.6
1503.54
1442.89
1494.21
1875.08
1875.22
1876.32
1853.05
1856.65
1874.12
1874.38
1875.11
1877.32
1804.64
994.109
282.316
1868.84
1867.6
1858.81
1435.94
943.346
880.357
882.428
876.973
1201.95
1264.56
1308.62
1678.36
1840.86
1873.82
1875.57
1876.83
1877.86
1876.06
1876.73
1879.37
1871.93
1876.2
1880.6
1882.25
1881.4
1804.11
1427.89
1319.08
1560.44
1868.71
1869.13
1869.97
1868.39
1866.69
1864.29
1702.51
1542.46
1622.49
454.857
244.046
1873.57
1871.59
1810.1
1053.65
861.732
862.642
863.3
863.844
865.096
867.298
876.971
975.416
1643.55
1865.5
1878.26
1878.81
1879.33
1879.82
1880.21
1880.62
1881.08
1878.87
1881.04
1881.73
1880.95
1879.91
1825.53
1351.11
868.212
1389.67
1838.12
1862.69
1862.52
1860.61
1854.59
1122.28
591.26
1044.36
208.33
195.053
1878.86
1876.22
1860.25
1296.8
857.063
858.995
860.149
860.998
861.845
863.161
947.384
1192.4
1628.43
1828.45
1879.8
1881.01
1880.88
1853.02
1881.04
1881.5
1881.9
1882.08
1882.22
1882.07
1881.29
1880.15
1878.48
1683.86
838.501
509.859
907.633
1477.18
1724.33
1751.57
1547.52
501.04
368.484
308.754
158.672
159.702
1881.52
1879.23
1876.87
1819.06
1351.71
1012.39
938.172
1006.14
1223.36
1460.46
1649.27
1812.86
1834.29
1853.77
1881.62
1883.79
1862.03
1756.61
1783.23
1881.47
1883.02
1883.09
1883
1882.97
1882.33
1881.11
1879.07
1876.3
985.567
453.635
420.528
483.217
658.331
679.584
564.44
395.142
385.051
479.301
183.757
139.155
1881.52
1879.85
1878.89
1879.43
1867.53
1784.91
1754.79
1779.96
1858.51
1890.01
1889.53
1888.1
1887.02
1885.66
1885.16
1885.34
1785.35
1755.15
1754.75
1773.68
1879.34
1884.22
1884.07
1882.95
1883.67
1882.87
1878.58
1879.68
1419.44
450.172
404.231
393.471
390.597
385.04
388.518
391.319
447.133
1150.91
244.986
122.303
1879.83
1878.91
1878.57
1879.29
1880.75
1882.47
1884.24
1885.92
1887.27
1888.04
1888.17
1887.86
1887.42
1887
1886.69
1886.48
1839.84
1754.6
1754.77
1754.46
1769.23
1879.51
1885.14
1884.09
1882.35
1884.18
1883.3
1881.97
1814.39
837.925
390.571
388.203
384.921
383.79
382.946
389.039
1001.05
1729.62
395.728
115.625
1877.35
1877.17
1877.6
1878.77
1880.32
1882
1883.66
1885.2
1886.47
1887.36
1887.82
1887.96
1887.91
1887.77
1887.62
1887.54
1886.77
1878.72
1780.4
1754.63
1755.24
1766.27
1877.37
1884.73
1881.17
1879.39
1855.29
1881.56
1872.27
1673.37
654.268
377.846
377.018
375.376
374.884
379.756
1323.54
1776.43
661.51
107.056
1874.71
1875.36
1876.68
1878.4
1880.22
1882.02
1883.68
1885.15
1886.37
1887.29
1887.92
1888.29
1888.46
1888.5
1888.48
1888.26
1888.2
1888.27
1883.26
1875.91
1764.11
1762.3
1767.16
1875.22
1881.23
1842.52
1796.67
1797.64
1863.44
1861.06
1582.13
635.044
364.628
363.313
361.212
358.218
1219.07
1766.97
584.57
99.0174
1872.44
1874.05
1876.37
1878.71
1880.88
1882.81
1884.45
1885.81
1886.9
1887.77
1888.43
1888.87
1889.1
1889.16
1889.09
1888.88
1888.54
1888.4
1888.15
1887.75
1887.38
1802.61
1768.23
1804.28
1879.13
1846.79
1791.14
1790.26
1821.91
1850.62
1849.19
1602.87
690.861
348.562
347.553
342.773
1247.8
1760.84
489.084
83.5089
1871.07
1873.65
1876.74
1879.61
1882.2
1884.34
1885.91
1887
1887.77
1888.45
1889.09
1889.54
1889.7
1889.61
1889.33
1888.94
1888.44
1887.87
1887.18
1886.28
1885.2
1884.14
1841.81
1802.97
1847.86
1870.95
1853.32
1780.02
1780.18
1823.68
1829.67
1830.08
1584.99
754.829
449.393
661.144
1648.88
1732.95
350.942
68.7101
1871.51
1874.7
1877.43
1880.44
1883.64
1885.55
1886.41
1886.64
1886.69
1887.3
1888.47
1889.44
1889.7
1889.37
1888.71
1887.93
1887.07
1886.07
1884.88
1883.51
1882.04
1880.48
1878.7
1867.2
1851.98
1861.21
1859.96
1847.85
1765.44
1761
1797.18
1798.34
1787.28
1604.97
1568.29
1681.63
1790.75
1664.95
60.2449
38.5062
308.746
509.649
801.909
1272.89
1837.14
1895.96
1892.04
1888.26
1884.12
1884.02
1886.96
1888.94
1888.41
1886.66
1884.79
1883.12
1881.59
1879.82
1877.55
1874.99
1872.98
1872.2
1871.64
1868.83
1861.64
1850.47
1839.19
1826.55
1778.02
1722.08
1734.28
1735.48
1716.36
1767.88
1783.64
1793.8
1795.97
1518.98
-1.8194
6.28912
-0.0910343
-0.108734
0.0460804
10.5767
52.9039
142.284
308.981
411.479
424.417
662.929
1421.42
1864.16
1862.04
1853.88
1856.36
1871.68
1888.22
1885.13
1879.98
1872.26
1864.38
1861.61
1863.12
1861.44
1849.83
1829.02
1806.96
1788.41
1767.06
1716.76
1698.49
1665.56
1693.68
1724.18
1753.48
1781.17
1808.45
583.779
2.14768
-3.55979
-0.0442408
-0.0294344
-0.0107484
0.0262632
0.052773
0.0507964
0.0211728
-0.055645
0.129157
4.82345
20.8105
36.8817
58.2553
84.9944
114.696
167.691
277.852
375.346
366.837
308.521
291.934
527.132
1226.37
1506.96
1291.21
938.832
1149.64
1764.48
1696.14
1555.65
1456.91
1436.68
1496.75
1602.56
1714.13
1533.91
408.101
3.28229
3.11697
2.63703
-0.0373329
-0.116955
-0.0939456
0.0395728
0.130887
0.153111
0.120936
0.0442447
-0.0853029
-0.256517
-0.407721
-0.532052
-0.728489
-1.02785
-1.43682
-1.98076
-2.69641
-3.62761
-4.83818
-6.30759
-7.92901
-10.1163
-12.5625
-17.0763
-23.8968
-35.8756
-47.1953
-25.8514
-23.3125
330.375
1144.67
1197.37
985.259
358.134
100.093
76.2394
-7.93097
-0.933357
0.316442
-1.39619
)
;

boundaryField
{
    inlet
    {
        type            fixedFluxPressure;
        gradient        nonuniform List<scalar> 10(-0.0595186 -0.0505111 -0.0602143 -0.0694562 -0.0601319 -0.0518739 -0.0501505 -0.039129 -0.0276271 -2.3816e-05);
        value           nonuniform List<scalar> 10(2537.89 2528.96 2524.38 2520.21 2517.76 2517.75 2520.19 2524.35 2528.92 2537.84);
    }
    inletWall
    {
        type            fixedFluxPressure;
        gradient        uniform 0;
        value           nonuniform List<scalar> 
30
(
2563.54
2554.3
2544.65
2539.56
2537.89
2099.24
2288.6
2412.5
2512.64
2583.09
1926.74
1950.77
1924.81
1764.47
1637.22
2563.47
2554.24
2544.59
2539.51
2537.84
2097.57
2287.96
2412.21
2512.5
2583.01
1906.4
1936.95
1916.02
1757.37
1632.23
)
;
    }
    bottleWall
    {
        type            fixedFluxPressure;
        gradient        uniform 0;
        value           nonuniform List<scalar> 
290
(
1829.69
1829.69
1829.71
1829.74
1829.77
1828.41
1827.73
1827.75
1830.68
1831.01
1830.65
1829.09
1829.58
1831.78
1832.53
1832.6
1832.68
1832.77
1832.85
1832.99
1833.09
1830.69
1801.52
1617.43
1540.55
1538.07
1667.96
1723.82
1703.85
1726.02
1837.11
1825.05
1816.04
1823.74
1819.82
1805.34
1791.22
1779.9
1772.35
1768.55
1768.37
1771.13
1776.34
1782.57
1789.57
1797.61
1807.38
1819.61
1832.06
1845.84
1862.55
1882
1904.78
1932.4
1966.46
2007.93
2052.7
2092.99
2124.21
2145.03
2154.69
2151.96
2134.88
2102.79
2056.93
2000.65
1939.36
1879.19
1825.29
1780.5
1745.22
1718.52
1699.52
1687.05
1679.46
1675.64
1674.64
1676.66
1680.82
1686.21
1693.89
1703.94
1715.54
1727.13
1731.25
1738.4
1752.56
1761.61
1757.4
1758.88
1767.74
1780.63
1795.55
1802.69
1781.78
1796.43
1857.02
623.433
0.755385
0.806486
1827.44
1827.54
1827.64
1827.73
1827.83
1827.93
1828.02
1828.12
1828.21
1828.31
1828.4
1828.49
1828.58
1828.66
1828.74
1828.83
1828.9
1828.98
1829.05
1829.11
1829.17
1829.23
1829.29
1829.33
1829.38
1829.43
1829.46
1829.5
1829.53
1829.57
1829.59
1829.61
1829.62
1829.64
1829.65
1829.67
1829.68
1829.69
1829.69
1829.69
1826.7
1826.76
1826.83
1826.9
1826.97
1827.04
1827.12
1827.2
1827.28
1827.36
1827.09
1827.07
1827.11
1827.14
1827.18
1827.22
1827.27
1827.3
1827.32
1827.32
1827.31
1827.27
1827.23
1827.17
1827.1
1827.02
1826.94
1826.86
1826.77
1826.69
1826.61
1826.54
1826.48
1826.42
1826.37
1826.33
1826.3
1826.28
1826.27
1826.27
1826.28
1826.29
1826.31
1826.34
1826.37
1826.41
1826.46
1826.51
1826.57
1826.63
1827.09
1827.01
1826.96
1826.87
1826.76
1826.62
1826.46
1826.27
1826.07
1825.86
1825.62
1825.51
1825.37
1825.29
1825.41
1825.57
1825.82
1826.17
1826.64
1827.21
1827.87
1828.61
1829.41
1830.27
1831.16
1832.08
1833.01
1833.93
1834.83
1835.69
1836.49
1837.23
1837.89
1838.47
1838.96
1839.4
1839.82
1840.27
1840.72
1841.06
1841.26
1841.51
1841.89
1842.31
1842.68
1842.94
1843.06
1843.04
1842.92
1842.72
1842.52
1842.43
1842.51
1842.8
1843.36
1844.14
1845.08
1846.13
1847.21
1848.33
1849.56
1850.92
1852.34
1853.78
1855.19
1856.53
1857.8
1858.97
1860.02
1860.93
1861.71
1862.35
1862.86
1863.23
1863.5
1863.74
1864.03
1864.42
1864.88
1865.36
1865.73
1865.95
1866.03
1866.09
1866.54
1868.84
1873.57
1878.86
1881.52
1881.52
1879.83
1877.35
1874.71
1872.44
1871.07
1871.51
308.746
-0.0910343
-0.0442408
-0.0373329
)
;
    }
    atmosphere
    {
        type            totalPressure;
        rho             rho;
        psi             none;
        gamma           1;
        p0              uniform 0;
        value           nonuniform List<scalar> 
80
(
-0.592046
-0.429906
-0.311406
-0.183449
-0.0873914
-0.0283987
-0.00186595
0
0
0
0
0
0
0
0
0
-0.000218814
-0.00804279
-0.0215911
-0.0440622
-0.0650314
-0.0320373
-0.00958581
-0.010716
-0.000392005
0
0
0
0
0
0
0
0
0
0
0
-0.000988926
-0.103975
-0.781041
-0.00679332
0
-0.00889747
-0.00648496
-0.00311063
-0.00127876
-0.000560814
-0.000372177
-0.000407539
-0.000478166
-0.000362765
-0.000166171
-0.000121997
-0.000119316
-0.00012801
-0.000145818
-0.000130612
-8.39475e-05
-7.3766e-05
-0.000138883
-0.000374465
-0.000744237
-0.000387399
-0.000105856
-0.000271639
-0.0015066
-0.0100087
-0.0147253
0
0
0
0
0
0
0
0
0
0
-0.425822
-0.436493
-0.459401
)
;
    }
    frontAndBack
    {
        type            empty;
    }
}


// ************************************************************************* //
