/*--------------------------------*- C++ -*----------------------------------*\
  =========                 |
  \\      /  F ield         | OpenFOAM: The Open Source CFD Toolbox
   \\    /   O peration     | Website:  https://openfoam.org
    \\  /    A nd           | Version:  8
     \\/     M anipulation  |
\*---------------------------------------------------------------------------*/
FoamFile
{
    version     2.0;
    format      ascii;
    class       volScalarField;
    location    "4.25";
    object      p;
}
// * * * * * * * * * * * * * * * * * * * * * * * * * * * * * * * * * * * * * //

dimensions      [1 -1 -2 0 0 0 0];

internalField   nonuniform List<scalar> 
9150
(
398.39
371.367
345.904
328.71
320.413
320.413
328.711
345.906
371.368
398.391
369.547
349.958
334.34
322.533
316.563
316.563
322.534
334.341
349.96
369.548
340.272
326.662
318.165
310.396
306.301
306.301
310.397
318.166
326.662
340.273
315.578
305.496
300.08
294.703
291.742
291.742
294.703
300.08
305.496
315.578
294.307
285.293
280.776
276.593
274.151
274.151
276.593
280.775
285.293
294.307
30.974
27.4264
52.5035
66.6656
73.3758
73.3845
66.6913
52.5413
27.4855
31.0712
201.328
177.357
171.991
170.771
170.944
170.948
170.783
172.011
177.386
201.358
305.666
274.583
258.75
248.878
244.264
244.267
248.884
258.76
274.595
305.676
386.271
344.364
316.693
299.345
290.868
290.87
299.349
316.698
344.368
386.274
437.762
384.652
346.046
323.998
313.868
313.868
324
346.048
384.654
437.762
-53.2099
-17.3871
-29.5271
-20.1744
-25.0823
-25.0017
-20.6424
-30.1312
-17.8707
-52.8589
-44.6307
-28.2754
-47.3938
-39.1605
-44.1095
-43.99
-39.4555
-47.2487
-28.3893
-44.1753
-86.5598
-56.6921
-89.4353
-80.6216
-78.1199
-78.111
-80.7489
-89.205
-56.6234
-86.187
-265.631
-140.883
-126.003
-106.67
-90.2499
-90.2488
-106.627
-125.807
-140.828
-265.222
-415.141
-172.937
-77.6857
-47.4909
-31.4808
-31.47
-47.4431
-77.6063
-172.866
-414.817
1863.57
1863.88
1864.19
1864.51
1864.83
1865.16
1865.49
1865.82
1866.15
1866.49
1843.96
1844.28
1844.6
1844.93
1845.26
1845.59
1845.93
1846.27
1846.61
1846.94
1824.36
1824.69
1825.02
1825.35
1825.69
1826.03
1826.37
1826.71
1827.05
1827.4
1804.73
1805.07
1805.4
1805.75
1806.09
1806.44
1806.79
1807.14
1807.49
1807.84
1785.08
1785.42
1785.77
1786.12
1786.48
1786.83
1787.19
1787.55
1787.9
1788.26
1765.4
1765.76
1766.12
1766.48
1766.84
1767.21
1767.58
1767.94
1768.31
1768.67
1745.71
1746.08
1746.45
1746.82
1747.2
1747.57
1747.95
1748.33
1748.7
1749.08
1726
1726.38
1726.77
1727.15
1727.54
1727.93
1728.32
1728.7
1729.09
1729.48
1706.28
1706.68
1707.08
1707.48
1707.88
1708.28
1708.67
1709.07
1709.47
1709.87
1686.55
1686.98
1687.4
1687.81
1688.22
1688.62
1689.02
1689.43
1689.84
1690.27
1666.84
1667.29
1667.73
1668.15
1668.57
1668.98
1669.37
1669.74
1670.19
1670.73
1647.14
1647.64
1648.11
1648.55
1648.98
1649.49
1649.93
1651.17
1651.11
1651.2
1627.51
1628.14
1628.61
1629.1
1629.4
1630.02
1631.04
1632.62
1632.03
1632.14
1608.06
1609.03
1609.15
1610.19
1611.22
1612.05
1612.69
1612.72
1612.68
1613.04
1589.6
1589.82
1590.79
1591.62
1592.12
1592.01
1592.5
1593.03
1593.38
1593.78
1570.5
1570.74
1571.85
1571.44
1572.01
1572.62
1573.12
1573.59
1574.04
1574.49
1550.37
1550.9
1551.33
1551.88
1552.47
1553.05
1553.61
1554.16
1554.69
1555.2
1530.39
1531.03
1531.64
1532.24
1532.86
1533.49
1534.11
1534.72
1535.32
1535.91
1510.43
1511.11
1511.81
1512.5
1513.16
1513.84
1514.52
1515.23
1515.93
1516.58
1490.54
1491.32
1491.91
1492.65
1493.35
1494.09
1494.81
1495.53
1496.52
1497.35
1470.49
1471.23
1472.09
1472.79
1473.46
1474.24
1475.26
1477.5
1478.16
1478.4
1450.52
1451.35
1452.3
1453.06
1455.01
1457.33
1457.09
1457.04
1458.28
1459.1
1430.28
1430.9
1433.18
1434.72
1435.93
1436.92
1436.55
1437.73
1438.78
1439.45
1410.9
1412.44
1413.8
1415.09
1415.86
1415.88
1417.08
1417.9
1419.23
1420.9
1391.15
1392.35
1392.56
1394.62
1395.13
1395.92
1396.87
1397.68
1400.03
1400.02
1369.71
1371.14
1372.32
1373.35
1373.88
1375.52
1376.21
1377.04
1378.31
1379.59
1348.62
1349.44
1350.33
1351.19
1352.96
1354.09
1354
1354.91
1355.96
1357.27
1326.47
1327.23
1328.26
1328.95
1329.74
1330.48
1331.16
1331.78
1332.56
1334.06
1304.14
1304.98
1305.67
1306.3
1306.94
1307.46
1307.9
1308.48
1309.86
1320.38
1281.15
1281.96
1282.66
1283.3
1283.89
1284.38
1285.12
1286.98
1294.45
1295.64
1257.51
1258.59
1259.5
1260.25
1260.93
1261.82
1263.58
1266.78
1269.18
1266.75
1235.86
1236.49
1237.06
1237.55
1238.17
1239.21
1241.34
1242.91
1243.78
1243.71
1214.39
1214.52
1214.67
1214.92
1215.43
1216.63
1218.91
1219.8
1220.02
1219.86
1192.68
1192.35
1192.12
1192.23
1193.32
1194.85
1196.02
1196.74
1196.2
1195.61
1170.3
1169.52
1168.97
1169.45
1172.49
1173.08
1173.7
1174.04
1172.33
1171.5
1147.34
1146.32
1145.57
1146.15
1150.3
1150.93
1149.45
1149.97
1149.09
1147.93
1123.91
1122.93
1122.21
1122.05
1121.22
1122.29
1121.52
1125.19
1125.18
1124.24
1099.67
1098.48
1097.25
1095.88
1093.81
1089.22
1099.13
1093.11
1105.56
1100.86
1075.28
1073.39
1072.53
1069.81
1069.85
1074.64
1079.26
1080.6
1083.39
1088.44
1048.59
1046.82
1049.5
1052.99
1056.14
1059.19
1061.86
1064.58
1061.14
1060.45
1032.82
1034.08
1035.68
1037.99
1040.72
1043.33
1043.81
1044.11
1044.04
1043.11
1020.77
1021.48
1022.72
1024.43
1025.55
1027.2
1027.27
1025.16
1022.48
1019.2
1009.41
1009.51
1010.43
1012.83
1013.58
1009.77
1004.85
1000.83
997.646
994.965
997.41
997.361
994.237
993.024
988.256
983.199
978.987
975.471
972.419
969.706
964.4
962.403
960.075
959.431
957.005
954.244
951.453
948.694
946.053
943.586
932.78
932.107
931.728
930.802
929.196
927.089
924.763
922.307
919.821
917.378
908.159
907.075
906.086
904.756
903.044
901.013
898.744
896.311
893.764
891.151
883.812
882.502
881.105
879.5
877.641
875.525
873.166
870.583
867.794
864.829
859.512
858.13
856.589
854.835
852.827
850.541
847.963
845.084
841.902
838.463
835.756
834.346
832.707
830.805
828.606
826.081
823.199
819.951
816.336
812.347
812.971
811.45
809.666
807.586
805.18
802.407
799.242
795.696
791.685
787.188
791.186
789.546
787.632
785.41
782.846
779.927
776.583
772.777
768.511
763.726
770.545
768.814
766.817
764.52
761.886
758.877
755.507
751.64
747.331
742.605
751.072
749.324
747.32
745.03
742.421
739.46
736.182
732.416
728.246
723.791
732.747
731.072
729.155
726.978
724.521
721.768
718.669
715.185
711.346
707.339
715.415
713.951
712.258
710.342
708.213
705.831
703.162
700.192
697.018
693.442
699.13
697.953
696.591
695.068
693.401
691.561
689.519
687.346
685.046
680.884
683.683
682.891
681.973
680.968
679.909
678.764
677.559
676.4
675.025
670.147
668.786
668.49
668.133
667.766
667.427
667.132
666.902
666.838
666.606
663.03
654.048
654.346
654.667
655.06
655.577
656.25
657.106
658.226
659.36
658.049
638.776
639.84
641.006
642.326
643.866
645.673
647.794
650.337
653.158
654.103
622.693
624.579
626.668
629.022
631.718
634.819
638.407
642.673
647.548
650.475
605.667
608.246
611.181
614.537
618.407
622.884
628.105
634.404
641.859
647.031
587.613
590.578
594.077
598.182
603.04
608.858
615.882
624.689
635.886
645.247
567.77
570.896
574.59
578.888
584.185
590.942
599.262
609.657
623.388
636.841
547.3
550.165
553.282
556.741
561.856
569.038
576.527
583.934
591.366
596.205
527.517
530.325
533.18
536.517
546.941
552.241
559.968
566.373
565.015
560.713
505.253
509.332
513.896
519.516
529.397
534.444
553.163
554.86
556.358
552.428
483.084
487.477
493.008
499.547
508.296
521.508
537.302
545.681
543.759
537.416
456.977
460.994
465.639
474.166
492.352
510.548
518.751
519.648
518.655
511.046
428.216
427.869
427.409
441.929
479.686
482.645
493.121
491.885
484.488
474.823
402.06
398.305
398.941
442.215
447.193
464.158
467.048
459.549
450.245
439.078
380.151
377.227
387.256
414.431
403.081
426.396
432.533
424.282
413.427
400.894
358.589
356.723
375.68
384.072
388.508
404.936
404.733
392.364
378.904
364.547
348.924
351.665
361.183
364.674
371.959
379.392
373.499
359.494
345.007
329.67
342.591
344.37
347.575
348.007
352.182
352.299
342.183
328.182
313.55
297.727
330.675
332.932
339.725
332.257
329.823
325.347
314.361
300.753
285.858
269.576
317.807
330.998
333.577
332.661
321.785
308.036
293.58
278.383
262.157
244.933
318.745
324.985
321.866
315.366
302.942
288.312
273.076
256.99
239.902
221.967
314.837
318.107
313.011
298.314
283.875
269.69
254.164
237.343
219.547
200.998
302.584
301.815
298.944
283.748
267.401
251.599
235.072
217.587
199.491
181.274
292.05
284.189
273.227
260.285
246.215
231.032
214.536
196.703
177.893
158.575
282.977
256.255
247.814
238.739
227.114
212.875
196.491
178.349
158.981
138.725
268.758
261.827
246.946
230.728
215.04
198.631
180.962
162.297
143.386
124.707
261.716
247.306
231.022
214.965
198.419
181.002
162.355
142.98
124.063
106.229
244.223
226.075
211.288
196.093
179.438
161.399
141.619
120.49
98.4119
74.1663
217.338
206.052
191.199
175.6
159.381
141.927
122.639
101.705
78.9458
54.1489
185.354
179.373
166.701
152.912
138.802
123.645
106.93
88.7127
69.3193
52.0658
153.254
150.282
140.489
129.503
118.288
106.361
93.5089
79.9158
67.1192
60.5108
123.108
121.716
114.483
106.157
97.5217
88.3878
78.8953
69.5893
62.7222
61.4395
95.6868
95.2795
90.0827
83.7841
76.895
69.4182
61.6111
53.9876
47.5691
40.2108
73.0245
72.4198
68.2245
63.2547
57.6587
51.3285
44.3514
36.815
27.8639
13.5169
48.6767
50.2875
48.593
45.2326
41.0532
35.899
29.7267
22.6307
13.5299
2.93947
33.0294
34.1902
33.5392
30.8695
27.8434
23.734
18.3126
12.1762
3.73372
-2.06671
19.7584
21.2756
21.6686
19.5264
17.6526
14.5607
10.0917
5.81352
-2.20179
-4.29003
7.36
11.331
13.4046
11.2731
9.81165
7.24817
3.69289
1.96944
-6.11831
-5.79164
11.8148
8.03294
7.49833
4.29291
2.63629
0.520711
-1.92055
-2.98344
-9.90918
-7.54519
-1.83852
-3.62942
-2.37119
-3.54067
-4.56522
-5.82251
-6.96601
-8.50955
-13.1167
-9.54622
-9.10231
-6.48882
-8.25312
-8.93558
-10.5932
-11.2385
-10.5318
-11.383
-10.2811
-11.6751
-23.6672
-0.543074
-13.1016
-13.2902
-16.6214
-16.8507
-13.9536
-14.8834
-2.37194
-23.5732
1866.84
1867.22
1867.6
1867.97
1868.34
1868.72
1869.09
1869.45
1869.81
1870.17
1870.53
1870.88
1871.22
1871.56
1871.89
1872.21
1872.53
1872.83
1873.13
1873.41
1873.69
1873.95
1874.2
1874.46
1874.68
1874.89
1875.09
1875.28
1875.46
1875.63
1875.8
1875.93
1876.03
1876.14
1876.24
1876.32
1876.4
1876.46
1876.49
1876.5
1847.31
1847.69
1848.07
1848.45
1848.82
1849.2
1849.57
1849.93
1850.3
1850.66
1851.01
1851.36
1851.71
1852.05
1852.38
1852.7
1853.02
1853.33
1853.62
1853.91
1854.19
1854.45
1854.71
1854.95
1855.18
1855.42
1855.63
1855.81
1855.98
1856.15
1856.3
1856.44
1856.56
1856.65
1856.73
1856.79
1856.85
1856.89
1856.92
1856.94
1827.76
1828.15
1828.53
1828.92
1829.3
1829.67
1830.04
1830.41
1830.78
1831.14
1831.5
1831.85
1832.2
1832.54
1832.87
1833.2
1833.52
1833.83
1834.13
1834.42
1834.69
1834.96
1835.22
1835.46
1835.69
1835.92
1836.12
1836.3
1836.47
1836.63
1836.77
1836.9
1837.02
1837.11
1837.19
1837.25
1837.31
1837.36
1837.41
1837.45
1808.21
1808.6
1808.99
1809.38
1809.76
1810.14
1810.52
1810.89
1811.26
1811.63
1811.99
1812.34
1812.69
1813.04
1813.37
1813.7
1814.03
1814.34
1814.64
1814.93
1815.21
1815.48
1815.74
1815.99
1816.22
1816.45
1816.66
1816.84
1817.01
1817.16
1817.3
1817.42
1817.52
1817.6
1817.66
1817.69
1817.79
1817.9
1817.96
1818.01
1788.64
1789.04
1789.43
1789.83
1790.22
1790.6
1790.99
1791.36
1791.74
1792.11
1792.47
1792.83
1793.19
1793.54
1793.88
1794.22
1794.54
1794.87
1795.17
1795.46
1795.75
1796.03
1796.29
1796.54
1796.78
1797.01
1797.21
1797.41
1797.58
1797.74
1797.88
1798
1798.1
1798.17
1798.29
1798.92
1798.48
1798.6
1798.64
1798.68
1769.06
1769.47
1769.87
1770.27
1770.67
1771.06
1771.45
1771.84
1772.22
1772.59
1772.97
1773.33
1773.7
1774.05
1774.4
1774.75
1775.08
1775.41
1775.72
1776.02
1776.31
1776.59
1776.86
1777.12
1777.38
1777.6
1777.81
1778.02
1778.21
1778.39
1778.55
1778.69
1778.81
1778.96
1779.27
1779.38
1779.34
1779.33
1779.34
1779.52
1749.48
1749.89
1750.3
1750.71
1751.12
1751.52
1751.92
1752.31
1752.7
1753.09
1753.47
1753.84
1754.21
1754.58
1754.94
1755.29
1755.64
1755.98
1756.3
1756.61
1756.91
1757.2
1757.47
1757.74
1757.99
1758.22
1758.44
1758.65
1758.87
1759.08
1759.27
1759.44
1759.6
1759.82
1760.24
1760.3
1760.29
1760.38
1760.47
1760.53
1729.88
1730.31
1730.73
1731.15
1731.57
1731.99
1732.39
1732.8
1733.19
1733.59
1733.98
1734.36
1734.74
1735.12
1735.5
1735.87
1736.23
1736.57
1736.91
1737.24
1737.55
1737.85
1738.13
1738.4
1738.64
1738.87
1739.07
1739.28
1739.54
1739.82
1740.05
1740.24
1740.42
1740.58
1740.98
1741.1
1741.55
1741.23
1741.51
1741.37
1710.29
1710.73
1711.16
1711.59
1712.03
1712.46
1712.88
1713.29
1713.7
1714.1
1714.5
1714.89
1715.29
1715.68
1716.07
1716.46
1716.83
1717.2
1717.56
1717.91
1718.24
1718.56
1718.86
1719.13
1719.38
1719.59
1719.72
1720.87
1720.37
1720.63
1720.92
1721.11
1721.33
1721.57
1721.8
1721.94
1722.08
1722.22
1722.3
1722.33
1690.71
1691.15
1691.6
1692.09
1692.5
1692.95
1693.38
1693.8
1694.21
1694.62
1695.02
1695.43
1695.84
1696.25
1696.66
1697.06
1697.47
1697.87
1698.25
1698.63
1699
1699.35
1699.69
1700
1700.31
1700.59
1700.92
1702.62
1701.87
1701.86
1702.1
1701.96
1702.1
1702.56
1702.64
1702.91
1703.37
1702.96
1703.21
1703.23
1671.23
1671.97
1672.56
1672.73
1673.09
1673.52
1673.94
1674.35
1674.76
1675.16
1675.56
1675.97
1676.38
1676.8
1677.24
1677.68
1678.12
1678.55
1678.98
1679.4
1679.8
1680.21
1680.59
1680.98
1681.36
1681.78
1682.32
1682.91
1683.09
1683.52
1683.64
1683.46
1683.67
1683.83
1683.83
1684.14
1684.24
1684.11
1684.01
1684.33
1651.88
1652.6
1652.96
1653.28
1653.7
1654.12
1654.53
1654.93
1655.32
1655.71
1656.1
1656.49
1656.9
1657.33
1657.8
1658.29
1658.78
1659.26
1659.73
1660.18
1660.64
1661.08
1661.52
1661.96
1662.39
1663.17
1663.6
1663.92
1664
1665.02
1664.25
1664.72
1664.96
1665.17
1665.24
1665.15
1665.34
1665.38
1665.34
1665.56
1632.65
1633.11
1633.54
1633.97
1634.38
1634.78
1635.17
1635.56
1635.92
1636.28
1636.64
1636.99
1637.36
1637.8
1638.31
1638.92
1639.44
1639.98
1640.5
1641
1641.5
1642
1642.49
1642.99
1643.55
1644.7
1645.17
1644.95
1645.89
1645.65
1645.97
1646.05
1646.09
1646.25
1646.42
1646.44
1646.52
1647.04
1646.97
1646.89
1613.48
1613.9
1614.31
1614.72
1615.11
1615.5
1615.87
1616.23
1616.57
1616.9
1617.22
1617.51
1617.72
1618.17
1618.9
1619.49
1620.15
1620.73
1621.29
1621.83
1622.36
1622.88
1623.4
1623.91
1624.44
1626.18
1626.55
1626.2
1626.75
1626.81
1626.78
1626.97
1627.17
1627.33
1627.46
1627.55
1627.59
1627.78
1627.74
1627.81
1594.21
1594.66
1595.08
1595.5
1595.9
1596.28
1596.65
1597.01
1597.36
1597.69
1598.1
1598.45
1600.06
1602.09
1600.06
1600.48
1601.05
1601.62
1602.18
1602.75
1603.3
1603.81
1604.35
1604.89
1605.44
1606.06
1606.62
1607.08
1607.5
1607.72
1607.96
1608.18
1608.37
1608.51
1608.62
1608.71
1608.78
1608.85
1608.9
1608.94
1574.96
1575.43
1575.89
1576.32
1576.74
1577.12
1577.5
1577.91
1578.35
1578.39
1579.93
1580.91
1581.9
1582.38
1581.23
1581.62
1582.08
1582.58
1583.13
1583.69
1584.24
1584.77
1585.32
1585.89
1586.5
1587.13
1587.73
1588.25
1588.67
1589
1589.25
1589.46
1589.63
1589.75
1589.84
1589.93
1589.97
1590.04
1590.1
1590.18
1555.72
1556.24
1556.73
1557.2
1557.64
1558.06
1558.39
1559.01
1560
1560.74
1561.34
1561.71
1561.44
1561.98
1562.17
1562.53
1562.95
1563.44
1564.03
1564.61
1565.21
1565.73
1566.24
1566.8
1567.49
1568.26
1568.98
1569.59
1570.04
1570.39
1570.65
1570.83
1570.96
1571.04
1571.1
1571.14
1571.18
1571.24
1571.32
1571.49
1536.5
1537.09
1537.64
1538.16
1538.73
1539.31
1539.6
1541.87
1542.62
1539.88
1540.87
1541.66
1542.23
1542.6
1542.92
1543.27
1543.64
1544.2
1544.87
1545.6
1546.26
1546.78
1547.11
1547.42
1548.33
1549.44
1550.45
1551.16
1551.62
1551.95
1552.16
1552.29
1552.35
1552.37
1552.36
1552.33
1552.34
1552.4
1552.53
1552.8
1517.23
1517.93
1518.52
1519.11
1519.5
1520.13
1520.83
1520.91
1521.24
1521.81
1522.49
1522.23
1522.82
1523.26
1523.58
1523.92
1524.26
1524.76
1525.75
1527.19
1528.38
1529.02
1530.45
1534.02
1535.11
1531.85
1532.39
1533.05
1533.45
1533.69
1533.81
1533.84
1533.8
1533.71
1533.57
1533.45
1533.4
1533.47
1533.68
1534.05
1498.29
1498.77
1499.58
1500.13
1500.74
1501.94
1502.34
1502.48
1502.58
1502.65
1502.63
1503.17
1503.47
1503.77
1504.2
1504.68
1505.26
1508.68
1510.71
1511.31
1512.38
1514.13
1515.58
1517.03
1518.2
1516.62
1515.26
1515.54
1515.65
1515.67
1515.6
1515.48
1515.3
1515.06
1514.76
1514.47
1514.32
1514.42
1514.75
1515.28
1479.54
1479.85
1481.7
1482.71
1483.18
1483.34
1482.98
1483.73
1483.95
1483.78
1483.52
1484.12
1484.37
1484.22
1485.1
1486.01
1487.15
1490.95
1493.44
1494.88
1496.28
1497.39
1498.59
1498.59
1498.78
1498.74
1498.36
1498.17
1497.97
1497.73
1497.44
1497.16
1496.85
1496.45
1495.91
1495.37
1495.06
1495.19
1495.8
1496.59
1460.06
1461.67
1461.92
1463.02
1463.6
1464.12
1464.07
1463.98
1464.57
1464.77
1464.59
1464.63
1464.27
1465.16
1466.12
1467.54
1469.47
1471.62
1472.55
1473.65
1476.01
1477.92
1479.36
1480.14
1480.58
1480.78
1480.74
1480.54
1480.21
1479.79
1479.34
1479
1478.73
1478.22
1477.39
1476.97
1477.56
1477.98
1477.77
1479.16
1441.9
1441.55
1443.11
1443.97
1444.3
1444.77
1445.55
1445.63
1445.23
1444.51
1444.32
1444.06
1444.04
1444.67
1445.92
1447.82
1450.23
1451.57
1455.4
1459.39
1457.05
1460.26
1461.7
1462.46
1462.92
1463.19
1463.22
1463.03
1462.65
1462.05
1461.34
1461.12
1461.29
1461.36
1460.8
1461.47
1461.54
1461.66
1461.56
1461.13
1422.13
1422.92
1423.49
1423.66
1424.8
1425.37
1425.38
1425.43
1425.38
1424.88
1423.82
1422.68
1423.16
1425.17
1426.97
1428.43
1430.71
1433.16
1435.24
1436.25
1439.29
1443.6
1444.86
1445.12
1445.28
1445.66
1445.87
1445.89
1445.9
1445.21
1444.41
1447.11
1444.77
1446.39
1447.03
1444.86
1444.71
1446.05
1446.52
1446.32
1402.4
1402.49
1403.23
1404.29
1405.02
1405.72
1406.34
1406.83
1407.18
1407.23
1406.7
1411.33
1417.17
1416.7
1416.12
1416.11
1414.31
1418.94
1417.6
1417.31
1420.7
1426.66
1430.54
1429.15
1428.2
1429.97
1430.93
1430.73
1430.94
1430.97
1430.67
1433.02
1430.13
1430.74
1430.62
1429.74
1430.27
1430.7
1431.3
1431.35
1380.93
1381.58
1383.34
1384.53
1384.34
1385.69
1387.04
1388.42
1389.95
1391.78
1393.96
1401.95
1405.48
1404.87
1403.8
1403.74
1406.4
1407.56
1419.78
1423.71
1426.03
1418
1422.49
1420.01
1423.06
1422.5
1422.3
1422.34
1421.93
1420.72
1420.4
1419.75
1416.89
1414.21
1412.87
1414.21
1416.95
1416.23
1416.67
1415.94
1358.77
1361.44
1363.99
1362.04
1363.1
1364.87
1366.85
1369.03
1371.59
1374.78
1378.78
1383.47
1388.26
1390.54
1394.33
1402.34
1405.14
1407.63
1409.15
1409.72
1410.73
1412.3
1418.61
1420.81
1421.01
1421.2
1421.3
1421.02
1420.86
1420.59
1420.25
1419.7
1418.76
1417.79
1416.69
1411.65
1407.4
1407.22
1401.34
1401.34
1339.39
1341.96
1337.98
1339.21
1340.94
1342.96
1345.12
1347.48
1350.15
1353.23
1356.78
1360.83
1365.74
1371.5
1375.47
1384.3
1396.84
1383.66
1391.25
1393.5
1393.6
1390.79
1388.05
1389.38
1392.12
1394.74
1394.14
1395.25
1397.2
1398.86
1400.8
1402.41
1403.36
1404.91
1406.44
1407.49
1407.58
1405.95
1405.76
1406.02
1318.29
1314.12
1314.99
1316.45
1318.28
1320.32
1322.55
1325.01
1327.93
1330.97
1334.2
1337.68
1341.22
1345.3
1348.87
1351.45
1352.85
1357.07
1361.4
1364.57
1366.55
1367.49
1368.07
1369.38
1371.61
1373.9
1375.69
1377.21
1379.08
1381.72
1384.63
1387.32
1389.88
1392.55
1393.27
1391.3
1391.02
1393.64
1396.2
1396.34
1290.39
1290.6
1291.6
1293.11
1294.92
1296.98
1299.24
1301.75
1304.53
1307.77
1310.93
1314.25
1317.52
1320.94
1324.24
1327.17
1330.25
1333.96
1337.75
1340.97
1343.65
1345.69
1347.58
1349.64
1351.83
1354.03
1356.1
1358.12
1360.26
1362.55
1364.94
1367.47
1369.76
1371.76
1373.22
1374.15
1375.39
1376.67
1376.16
1376.41
1266.76
1267.14
1268.01
1269.89
1271.79
1273.03
1275.3
1277.85
1280.66
1283.71
1286.92
1290.27
1293.81
1297.32
1300.8
1304.21
1307.65
1311.25
1314.85
1318.16
1321.24
1323.97
1326.5
1328.93
1331.38
1333.81
1336.13
1338.38
1340.6
1342.96
1345.26
1347.38
1349.44
1351.43
1353.14
1354.62
1355.9
1356.66
1356.36
1354.53
1243.68
1244.35
1244.32
1246.6
1247.76
1248.84
1250.98
1253.54
1256.47
1259.66
1263.05
1266.59
1270.24
1273.97
1277.69
1281.36
1285.14
1288.72
1292.37
1296.05
1299.49
1302.66
1305.58
1308.6
1311.44
1313.59
1316.04
1318.27
1320.37
1322.36
1324.26
1326.16
1328.16
1330.03
1331.85
1333.55
1334.94
1335.61
1335.24
1333.28
1220.14
1219.91
1221.08
1222.05
1222.98
1223.98
1226.07
1228.74
1232.06
1235.64
1239.35
1243.18
1247.13
1251.18
1255.27
1259.3
1264.01
1267.78
1271.08
1274.87
1278.46
1281.99
1285.28
1288.33
1291.6
1293.89
1296.5
1298.6
1300.25
1301.72
1303.23
1304.69
1306.21
1307.8
1309.61
1311.59
1313.31
1314.13
1314.42
1313.27
1195.63
1195.78
1196.81
1197.47
1197.11
1198.54
1199.57
1202.75
1207.48
1211.88
1215.99
1220.12
1224.37
1228.75
1233.2
1237.57
1242.37
1246.63
1250.59
1254.43
1258.1
1261.7
1265.51
1268.89
1272.17
1275.41
1277.98
1280.11
1282.5
1284.67
1284.57
1284.44
1285.12
1285.94
1287
1289.03
1291.45
1292.92
1292.9
1293.39
1171.36
1171.56
1171.92
1171.33
1170.22
1170.23
1171.99
1184.13
1184.23
1188.46
1193.1
1197.47
1202
1206.65
1211.31
1216.15
1220.87
1225.43
1230.09
1234.42
1238.52
1242.52
1246
1250.01
1253.6
1256.8
1260.13
1263.59
1266.29
1268.6
1271.7
1276.36
1275.13
1274.5
1272.72
1271.48
1271.61
1273.08
1274
1273.72
1146.71
1146.07
1149.14
1153.04
1156.93
1168.84
1173.74
1176.83
1167.76
1169.2
1172.71
1176.45
1180.87
1185.42
1189.95
1194.8
1199.71
1204.65
1209.46
1213.87
1219.15
1222.87
1226.73
1230.91
1234.82
1238.49
1241.98
1245.55
1249.11
1251.99
1254.39
1260.9
1263.84
1262.64
1261.31
1259.65
1258.54
1256.51
1256.55
1257.89
1125.17
1127.59
1136.98
1143.35
1148.38
1152.37
1154.58
1144.35
1143.04
1146.32
1150.05
1154.39
1158.91
1163.62
1168.43
1173.41
1178.53
1183.65
1188.73
1193.66
1198.44
1203.15
1207.75
1212.18
1216.39
1220.36
1224.12
1227.75
1231.23
1234.51
1237.75
1240.68
1242.11
1244.38
1245.45
1245.26
1244.23
1243.17
1241.54
1244.9
1106.69
1115.52
1120
1123.56
1117.45
1122.29
1120.87
1119.06
1120.71
1124.14
1128
1132.2
1136.99
1141.66
1146.67
1151.97
1157.39
1162.87
1168.29
1173.65
1178.89
1184.01
1188.96
1193.71
1198.22
1202.49
1206.52
1210.32
1213.9
1217.24
1220.34
1223.28
1226.4
1229.39
1229.36
1227.52
1231.62
1230.2
1226.22
1232.73
1091.5
1084.79
1086.82
1089.01
1090.13
1092.02
1093.43
1095.2
1097.69
1100.93
1104.82
1109.16
1113.91
1119.02
1124.45
1130.13
1135.99
1141.91
1147.8
1153.65
1159.38
1164.94
1170.29
1175.4
1180.23
1184.78
1189.05
1193.03
1196.74
1200.17
1203.31
1206.18
1208.67
1211.01
1212.8
1213.3
1211.26
1219.8
1213.06
1221.3
1061.83
1063.64
1064.42
1064.61
1065.23
1066.74
1068.87
1071.04
1073.44
1076.67
1080.64
1085.16
1090.18
1095.64
1101.5
1107.68
1114.07
1120.57
1127.07
1133.51
1139.8
1145.88
1151.7
1157.22
1162.42
1167.28
1171.79
1175.96
1179.79
1183.29
1186.42
1189.2
1191.92
1193.73
1195.61
1196.48
1196.29
1209.63
1205.05
1206.02
1041.22
1039.71
1039.03
1039.89
1040.65
1041.55
1043.71
1045.59
1047.93
1051.31
1055.37
1060.06
1065.35
1071.22
1077.62
1084.46
1091.58
1098.82
1106.07
1113.21
1120.16
1126.85
1133.22
1139.23
1144.85
1150.06
1154.87
1159.27
1163.27
1166.9
1170.14
1173.02
1175.59
1178.54
1180.11
1182.25
1183.8
1186.55
1199.83
1191.14
1016.95
1015.88
1015.11
1014.5
1014.93
1015.76
1017.13
1019.08
1021.65
1024.94
1028.94
1033.67
1039.17
1045.47
1052.56
1060.31
1068.43
1076.65
1084.81
1092.8
1100.53
1107.92
1114.92
1121.47
1127.56
1133.17
1138.3
1142.97
1147.18
1150.96
1154.33
1157.3
1159.89
1162.07
1165.03
1166.26
1168.38
1168.66
1191.22
1181.3
993.38
992.554
989.95
989.043
988.918
989.358
990.38
992.005
994.286
997.286
1001.08
1005.74
1011.4
1018.21
1026.2
1035.15
1044.63
1054.15
1063.44
1072.42
1081.03
1089.21
1096.9
1104.05
1110.65
1116.68
1122.16
1127.12
1131.59
1135.59
1139.18
1142.38
1145.22
1147.78
1150.19
1152.95
1154.24
1156.21
1173.34
1167.51
967.323
965.387
963.823
962.779
962.23
962.217
962.767
963.914
965.715
968.275
971.76
976.347
982.173
989.555
999.049
1010.37
1021.81
1032.52
1042.76
1052.64
1062.08
1071
1079.34
1087.07
1094.17
1100.62
1106.47
1111.73
1116.48
1120.74
1124.59
1128.08
1131.25
1134.18
1136.96
1140.93
1143.43
1146.74
1151.41
1154.43
941.224
939.065
937.248
935.807
934.782
934.214
934.147
934.625
935.72
937.574
940.214
943.419
946.624
951.353
963.929
987.158
1005.07
1015.8
1025
1034.59
1044.27
1053.61
1062.41
1070.59
1078.1
1084.95
1091.14
1096.73
1101.77
1106.33
1110.48
1114.31
1117.89
1121.31
1124.69
1128.25
1132.14
1136.39
1140.04
1143.72
914.892
912.431
910.186
908.202
906.54
905.277
904.497
904.28
904.608
905.501
906.662
907.42
908.537
916.809
937.388
967.029
990.013
1003.23
1010.73
1018.38
1027.38
1036.73
1045.78
1054.3
1062.19
1069.4
1075.96
1081.88
1087.24
1092.11
1096.56
1100.7
1104.62
1108.42
1112.22
1116.18
1120.46
1125.29
1130.09
1135.29
888.36
885.427
882.579
879.91
877.552
875.7
874.521
874.192
874.614
875.211
875.697
880.052
892.886
912.388
927.723
942.336
960.755
986.684
996.292
1001.87
1009.76
1019.08
1028.5
1037.48
1045.85
1053.54
1060.54
1066.87
1072.6
1077.81
1082.6
1087.06
1091.3
1095.45
1099.64
1104.02
1108.85
1114.55
1120.94
1126.91
861.542
857.957
854.357
850.889
847.739
845.166
843.483
842.729
841.542
839.61
844.834
861.813
878.699
889.855
897.293
904.51
928.705
958.393
971.092
978.856
988.165
998.74
1009.29
1019.26
1028.47
1036.87
1044.48
1051.34
1057.53
1063.15
1068.3
1073.11
1077.7
1082.23
1086.83
1091.72
1097.25
1104.01
1111.8
1119.33
834.558
830.176
825.608
821.036
816.513
812.132
808.169
804.689
801.263
803.293
818.291
833.417
843.955
853.49
864.11
881.674
906.233
925.148
938.171
950.377
963.187
976.047
988.289
999.61
1009.92
1019.23
1027.58
1035.05
1041.76
1047.82
1053.37
1058.55
1063.51
1068.43
1073.5
1078.96
1085.26
1093.16
1102.34
1111.88
807.755
802.431
796.662
790.419
783.462
775.432
767.263
762.565
764.851
766.22
780.478
791.575
800.893
814.518
830.371
850.464
870.655
888.621
905.591
921.967
937.739
952.664
966.508
979.144
990.543
1000.74
1009.82
1017.9
1025.11
1031.6
1037.52
1043.05
1048.36
1053.67
1059.2
1065.25
1072.37
1081.46
1092.24
1103.66
781.935
775.764
768.95
761.469
752.935
741.964
727.936
717.481
717.417
721.07
734.431
750.442
763.675
777.025
796.066
817.074
838.054
858.284
877.671
896.117
913.532
929.797
944.787
958.415
970.659
981.563
991.225
999.777
1007.38
1014.2
1020.41
1026.21
1031.81
1037.46
1043.42
1050.04
1057.95
1068.23
1080.66
1093.9
758.176
751.865
745.33
738.826
731.227
716.927
691.935
676.69
676.455
681.636
691.328
708.537
740.549
761.093
775.096
793.107
813.232
833.543
853.411
872.546
890.707
907.701
923.369
937.606
950.371
961.702
971.7
980.51
988.31
995.288
1001.64
1007.58
1013.35
1019.24
1025.54
1032.68
1041.36
1052.78
1066.77
1081.69
737.354
731.922
726.921
720.901
707.28
681.02
657.987
653.339
655.106
656.474
656.469
669.056
710.125
739.047
753.734
770.356
789.934
810.34
830.513
850.06
868.666
886.071
902.085
916.582
929.522
940.949
950.97
959.757
967.506
974.423
980.722
986.625
992.392
998.356
1004.89
1012.46
1021.83
1034.32
1049.81
1066.38
719.091
714.107
706.282
689.109
665.115
650.362
646.808
646.07
646.973
646.763
643.8
645.677
663.058
692.823
720.904
744.489
765.959
787.112
807.995
828.098
847.048
864.621
880.651
895.034
907.756
918.892
928.58
937.025
944.447
951.081
957.142
962.801
968.285
974.084
980.71
988.601
998.564
1011.96
1028.72
1046.6
702.666
693.477
674.282
654.529
646.661
645.054
644.396
644.77
645.2
644.734
643.187
643.624
647.243
658.46
681.407
715.455
743.239
765.235
786.474
806.911
825.863
843.149
858.702
872.477
884.511
894.927
903.904
911.692
918.553
924.777
930.53
935.597
940.17
945.576
952.212
960.412
970.872
985.015
1002.8
1021.71
686.183
668.531
651.213
645.097
644.317
644.226
644.425
644.677
644.784
644.619
644.357
644.589
645.348
647.155
657.342
693.504
726.122
747.389
767.382
786.955
804.976
821.17
835.546
848.108
858.935
868.192
876.091
882.925
889.03
894.803
900.068
903.978
907.323
911.762
918.687
927.298
938.215
952.922
971.414
990.908
668.423
651.72
645.379
644.242
644.154
644.257
644.337
644.396
644.418
644.41
644.45
644.585
644.804
645.848
655.307
686.855
714.549
732.459
749.934
767.291
783.253
797.485
809.981
820.751
829.884
837.564
844.005
849.504
854.481
859.723
864.945
872.449
869.356
873.065
880.172
889.218
900.456
915.448
934.246
953.918
656.024
646.265
644.385
643.936
643.93
643.96
643.991
644.037
644.09
644.137
644.191
644.299
644.682
646.316
660.252
685.32
702.516
716.435
731.104
745.506
758.681
770.375
780.515
789.083
796.171
801.976
806.672
810.546
814.135
818.868
824.958
831.312
826.938
830.432
837.398
846.537
857.812
872.719
891.336
910.682
651.973
644.85
643.677
643.419
643.436
643.489
643.566
643.67
643.773
643.856
643.9
644.091
645.026
651.701
665.705
677.404
686.748
697.29
708.614
719.593
729.668
738.596
746.238
752.547
757.578
761.431
764.166
766.072
768.048
771.107
781.287
781.907
781.319
784.429
791.141
799.961
810.918
825.331
843.21
861.758
650.463
643.86
642.925
642.743
642.81
642.939
643.107
643.299
643.455
643.567
643.641
644.21
647.3
653.104
657.101
660.34
665.707
672.89
680.693
688.423
695.732
702.395
708.242
712.89
716.3
718.419
719.426
719.584
720.045
720.152
729.063
726.802
729.494
733.977
741.112
749.967
760.768
774.515
791.129
808.607
648.938
642.666
641.8
641.814
642.014
642.277
642.571
642.844
642.982
643.098
643.393
643.037
640.862
637.561
635.216
635.299
637.752
641.684
646.453
651.705
657.167
662.427
666.69
667.769
665.971
663.408
659.337
655.314
652.815
665.92
664.877
668.081
674.577
681.18
688.996
698.567
709.651
722.69
737.519
753.57
646.507
641.143
640.456
640.697
641.105
641.509
641.803
641.884
641.851
640.996
634.757
625.517
616.27
609.166
604.737
602.573
602.259
603.41
605.757
608.8
611.47
611.938
608.295
601.221
596.318
595.957
600.274
602.956
604.688
603.78
601.325
614.842
622.529
628.67
636.31
647.742
660.048
672.667
685.383
699.163
643.912
639.501
639.078
639.489
640.022
640.158
640.078
639.33
632.702
618.854
604.686
591.326
581.458
573.489
567.252
562.866
560.147
558.898
558.108
556.16
550.414
543.46
545.44
547.957
545.413
545.852
550.336
558.062
563.801
565.392
568.485
586.667
597.83
592.163
589.393
600.888
614.604
626.937
637.494
648.473
642.974
637.274
636.837
636.948
637.062
636.44
629.869
612.905
595.493
578.021
564.407
552.675
541.841
532.299
524.331
517.963
512.682
507.951
501.205
494.608
496.265
497.421
498.876
504.121
509.674
515.346
520.992
526.921
531.37
529.229
545.307
542.981
574.727
566.347
557.507
563.721
575.647
586.538
595.245
603.754
634.853
626.938
627.055
626.715
620.988
601.947
582.728
564.446
549.234
536.225
523.182
510.27
498.23
487.464
477.979
469.17
459.415
450.359
447.137
449.037
452.18
460.225
466.922
474.53
481.078
485.961
491.858
497.181
499.981
498.286
522.295
512.684
538.2
535.661
527.834
529.827
539.195
548.411
556.116
561.379
585.414
587.624
575.568
564.346
555.074
541.704
529.56
519.302
507.198
493.335
479.087
465.354
452.547
440.463
429.065
417.705
409.214
408.278
408.681
410.476
416.989
433.314
438.075
445.965
450.836
455.915
461.515
467.062
470.623
470.813
488.761
481.54
508.113
507.343
498.491
496.624
503.223
510.815
517.654
522.012
558.764
541.801
527.775
519.135
512.467
504.743
493.885
480.306
465.186
449.574
434.288
419.733
405.542
390.772
378.375
373.296
373.616
373.742
375.966
379.404
398.479
405.778
410.535
418.985
423.998
429.805
436.226
441.933
443.239
446.36
449.415
448.546
478.827
478.047
467.539
462.559
466.871
473.181
478.867
484.193
544.708
533.664
518.38
503.84
489.948
474.535
457.6
439.936
422.266
405.094
388.498
372.501
357.101
345.824
343.21
342.155
341.781
344.595
348.604
351.725
364.065
364.07
374.927
385.784
394.412
402.246
407.744
410.803
410.825
409.836
408.718
417.39
443.77
445.808
427.489
425.136
429.922
436.323
442.249
452.977
526.76
512.809
495.333
476.394
457.001
437.114
416.954
397.025
377.765
359.053
340.39
324.629
317.046
315.564
313.836
314.011
317.024
321.406
324.763
331.944
334.519
335.623
341.33
347.669
352.877
358.709
363.817
366.809
367.286
366.589
367.715
375.273
405.303
406.748
393.265
391.374
395.706
401.533
407.101
418.213
497.245
480.774
461.774
440.783
418.753
396.385
374.313
353.07
332.66
313.029
298.139
292.962
290.207
288.262
289.151
291.764
294.283
297.968
303.73
307.158
304.818
294.805
286.872
289.3
293.955
303.493
311.499
317.679
322.099
325.536
329.443
333.788
366.592
366.251
361.679
360.295
363.866
368.507
373.102
382.737
461.703
444.169
423.618
401.014
377.382
353.713
330.771
308.705
288.417
275.077
269.968
267.423
265.902
266.669
267.823
268.608
271.59
274.062
274.251
266.968
257.391
259.304
264.963
250.169
246.907
258.6
270.896
280.459
288.168
295.219
302.857
306.784
327.734
327.483
326.723
329.101
333.093
336.944
340.458
348.655
424.073
404.766
382.859
359.241
334.96
310.99
287.699
266.717
253.62
248.562
246.251
246.015
246.521
246.158
244.925
243.251
241.216
238.863
233.684
231.565
234.385
237.049
236.389
226.051
226.958
237.612
248.154
257.086
265.44
273.758
280.424
286.204
295.571
290.061
295.043
300.403
304.612
307.84
310.366
317.307
384.672
364.372
341.806
317.926
293.767
269.914
248.178
234.939
229.699
227.373
227.389
227.464
226.166
224.707
220.26
215.724
212.755
211.103
211.52
213.419
216.247
219.367
218.303
214.787
219.131
226.308
233.307
240.004
246.519
251.014
248.974
263.21
268.062
270.921
274.742
278.006
280.555
282.555
283.75
289.512
346.983
325.869
303.069
279.525
255.842
233.057
218.391
212.225
210.124
209.484
209.548
208.77
205.543
200.421
195.05
191.886
193.163
196.461
197.642
200.187
203.504
206.328
206.437
207.677
211.869
216.737
222.016
227.834
232.932
232.858
232.726
239.514
241.045
248.317
253.68
256.671
258.75
260.036
260.197
264.694
311.446
290.171
267.784
245.157
222.545
204.948
197.173
194.77
193.719
193.128
192.513
190.838
186.142
179.551
175.134
175.576
182.353
184.969
186.703
188.958
191.872
195.039
197.292
200.447
203.879
207.633
211.834
214.445
212.454
210.089
213.427
215.61
224.269
230.937
235.105
237.821
239.663
240.398
240.592
242.186
279.24
258.11
236.227
214.436
196.554
186.156
181.97
181.546
179.875
178.792
176.776
173.727
168.026
163.073
160.324
165.57
174.461
175.959
177.686
177.871
181.65
185.661
190.042
193.879
196.245
198.525
200.085
193.206
183.409
189.896
194.612
202.785
210.853
215.944
219.182
221.544
223.024
223.249
223.466
222.701
250.919
230.102
209.277
189.068
176.438
172.092
169.538
172.7
171.481
169.168
165.446
159.697
153.691
148.479
147.633
156.255
166.09
168.202
168.815
169.384
174.91
178.349
182.668
184.832
191.443
183.943
179.878
169.503
174.937
172.181
180.998
190.929
197.453
201.437
204.316
206.353
207.44
207.278
206.062
205.805
225.808
205.083
185.239
169.287
162.915
159.226
154.952
174.859
157.127
159.8
153.626
147.511
141.475
136.856
136.403
146.98
157.884
160.678
160.855
160.702
165.766
168.565
171.217
170.985
177.394
176.885
168.413
164.995
164.644
165.138
174.322
180.651
184.703
187.645
189.894
191.374
191.991
191.559
189.626
190.578
202.374
182.1
164.279
154.214
149.345
148.729
151.666
154.553
150.711
147.398
142.007
136.107
130.95
126.494
124.737
134.798
149.651
154.113
153.983
153.108
155.838
157.305
158.232
156.487
161.418
164.493
162.425
161.525
161.206
162.014
166.584
169.127
171.602
173.607
175.067
175.892
175.907
175.242
173.794
175.768
180.591
159.273
140.925
144.014
138.097
137.993
142.615
134.316
147.686
131.959
127.677
122.671
119.089
115.664
113.558
120.894
139.793
147.725
148.33
147.762
147.199
144.425
149.491
147.139
150.933
155.361
155.352
154.876
154.439
153.805
155.772
156.33
157.817
158.97
159.628
159.763
159.057
157.587
162.058
159.917
162.368
145.038
134.591
131.759
122.814
127.015
128.976
119.418
133.5
110.273
108.38
106.704
105.634
104.352
103.118
106.362
122.335
138.34
143.085
144.205
144.684
139.103
139.859
140.854
135.791
144.038
146.581
145.82
144.974
143.222
143.446
143.19
143.829
144.333
144.586
144.174
143.005
141.155
160.639
150.04
138.275
119.795
127.47
120.568
103.561
110.806
108.43
115.255
118.421
98.9512
95.5617
94.0883
93.2474
92.5143
91.8199
91.8468
97.0984
112.437
129.132
138.37
138.707
130.135
128.046
125.188
123.25
130.271
135.791
135.97
134.98
133.007
130.975
129.947
129.98
130.308
130.198
129.676
128.643
126.71
146.65
135.497
117.725
102.006
110.374
107.132
100.534
94.1252
86.8031
108.087
97.6087
88.7781
84.4878
82.3107
80.728
79.7543
79.5335
79.3449
79.3873
82.5486
90.9276
98.1859
107.105
106.937
107.271
106.89
107.056
111.483
120.332
124.929
125.352
124.237
121.861
118.09
117.53
117.383
117.28
117.216
117.078
118.834
127.793
121.394
107.159
96.6438
95.0448
85.4705
86.7709
89.9288
75.5403
88.6365
68.8956
70.121
68.9385
66.2511
66.5038
65.889
67.1488
68.581
69.8897
71.6541
74.7074
79.0219
83.8709
87.0963
88.7935
89.6716
89.9948
90.757
96.6867
106.827
111.615
113.636
112.763
105.102
105.049
104.819
105.803
105.89
106.163
111.942
112.561
107.354
91.0352
85.6344
80.7547
58.1763
74.0237
63.8565
83.0913
66.255
63.7004
61.6593
55.3659
68.978
62.1985
55.461
57.3167
59.0517
60.2771
61.9209
64.4435
67.2873
70.1682
72.6603
74.5139
75.8606
76.6598
76.9112
78.4608
84.3047
91.2692
89.6523
91.5951
89.6161
89.2622
92.2217
94.3274
95.4372
96.9772
99.7165
100.53
92.1434
51.9036
68.9987
64.8967
63.0935
71.8878
59.5581
70.2558
32.8253
53.6462
47.4636
51.225
54.0246
52.086
50.2501
54.4782
53.0637
51.5404
51.2959
53.9722
56.8113
59.3247
61.4833
63.3329
64.9883
66.5825
68.2806
70.6498
75.0725
80.8826
76.8559
74.9058
77.3579
68.4488
76.05
81.0775
83.2301
84.5955
88.1965
88.4378
81.4006
37.21
42.9818
38.3249
69.2878
44.7902
52.5965
49.9503
26.6253
51.9663
41.1084
40.6087
42.2573
42.0959
40.2152
57.0502
51.3463
63.9528
43.6908
44.7911
47.477
49.9813
51.9962
53.75
55.3318
56.8615
58.6275
60.9708
63.6261
62.7536
53.5194
62.1527
63.7809
65.5703
68.7995
72.0049
72.6568
72.625
76.1877
78.2473
73.5786
43.9693
38.5924
17.0878
45.2096
30.8941
39.1158
39.3605
36.3022
35.725
46.3611
32.6225
33.5215
34.8092
31.5813
48.2223
42.7677
64.4186
42.9417
39.3205
40.5601
42.4552
43.9589
45.6162
47.3676
48.9301
50.3635
51.3304
50.2845
45.5255
44.5928
48.0101
52.8496
56.7479
61.2719
62.7553
62.6491
62.1397
60.3595
70.4977
63.2189
59.2077
47.9182
6.82805
25.8321
24.195
34.7915
35.7419
35.2259
34.2759
29.4895
26.1486
29.5533
30.9458
29.7629
43.3327
46.5635
50.2479
56.3768
33.8262
37.1775
34.9459
34.3544
37.6991
40.8277
40.8636
38.241
33.5879
32.1442
33.0125
35.4293
39.4156
44.258
49.185
52.5608
53.2187
53.4867
53.4233
51.4238
65.3181
56.3464
60.0001
45.5525
0.722173
12.9443
17.3501
30.0761
34.1669
34.189
33.9809
32.8271
28.0145
23.7552
25.8717
30.8658
29.3874
39.3509
33.775
45.2577
44.1392
33.0055
27.7513
25.1753
31.7873
33.3839
23.1328
21.1935
21.3207
22.6581
24.7651
28.1181
32.2548
36.6303
40.752
42.7171
44.0273
45.3338
46.5723
47.4755
54.7734
50.8249
32.356
21.4083
3.64343
3.52016
7.44158
15.2283
26.5876
32.6268
33.0578
33.2114
32.5651
26.6573
22.8573
23.4494
22.9544
25.6994
21.4864
24.2956
30.7682
28.7309
25.0145
18.9299
13.6396
10.2134
8.04593
9.40773
11.3367
13.9365
16.6796
19.2623
23.6241
27.2444
30.1714
32.4475
34.4238
35.7765
35.2992
49.3334
41.3477
48.8882
5.95793
5.83225
3.27928
1.62729
1.55181
7.58228
16.8411
19.7591
27.637
31.7906
33.5106
34.1763
24.4362
20.1855
17.8928
11.6869
9.13095
2.1832
7.8268
14.0297
12.8954
9.96192
6.71722
3.41289
1.89147
2.47885
3.74398
3.90164
6.21088
9.54197
12.9481
16.6318
20.377
24.1508
27.851
30.9064
35.0861
40.8812
33.7339
41.9687
0.431074
0.441007
0.227167
-0.246048
-1.45165
-1.02353
3.70837
6.69226
11.8463
13.084
15.5041
29.1294
33.3601
13.915
23.4207
11.1192
0.251323
-6.6402
-13.3431
-8.79779
-5.04563
-4.17891
-3.33145
-3.96961
-5.98017
-8.0137
-9.47665
-8.78306
-6.75889
-3.32465
1.0874
6.03014
11.3382
16.8688
21.8164
24.1543
31.9422
33.7052
32.0912
36.6562
-0.870612
-0.721194
-0.739937
-0.882927
-1.11857
-1.65125
-3.40975
-3.69029
1.77989
3.36388
1.81227
-4.37363
14.7975
5.20663
12.7894
0.968619
2.39676
-18.2473
-25.4179
-27.74
-26.9805
-24.5605
-11.5318
-8.52119
-23.1179
-27.4675
-28.7819
-26.7488
-22.6155
-17.462
-11.4787
-4.13283
4.04842
10.1864
17.8944
23.8791
27.399
29.5385
27.4436
27.8193
-1.29752
-1.15171
-1.17783
-1.25907
-1.34662
-1.38869
-1.47292
-1.8505
-3.23778
-5.09754
-4.67561
-6.19474
-5.52539
-7.29462
-6.78618
-13.5412
-7.78332
-28.023
-42.2299
-52.0153
-58.8015
-59.2337
-43.9216
-41.5963
-56.0204
-57.6177
-53.9949
-48.3635
-41.0422
-31.5099
-22.1894
-11.8574
0.225503
9.68148
16.1045
19.1841
21.2858
20.0951
20.1482
15.5065
-1.52325
-1.42427
-1.44621
-1.4649
-1.48337
-1.50367
-1.53962
-1.57656
-1.63814
-1.73066
-2.57283
-3.62088
-8.36366
-17.6579
-22.6023
-27.8243
-29.8795
-38.784
-65.2799
-82.1863
-94.0278
-99.6876
-98.1136
-97.4013
-98.1523
-92.9661
-81.9707
-68.8442
-55.2175
-40.7758
-25.6176
-14.576
-7.46666
-2.89017
0.865257
7.06421
13.2803
12.5205
7.14931
0.954846
-1.62817
-1.57134
-1.59533
-1.59695
-1.58573
-1.57791
-1.57993
-1.58857
-1.60316
-1.63739
-1.67695
-1.63961
-1.85294
-8.02348
-15.8662
-38.8802
-55.5153
-67.6587
-95.1099
-124.557
-148.986
-163.617
-168.496
-165.992
-155.944
-136.16
-111.587
-91.9728
-76.8859
-64.6848
-49.1347
-40.8724
-32.8777
-21.1811
-12.7378
-6.89924
-3.05002
-2.26022
-5.42676
-6.44177
-1.6706
-1.63944
-1.6758
-1.68309
-1.67248
-1.65888
-1.65006
-1.64822
-1.64884
-1.64175
-1.61284
-1.60349
-1.58981
-1.54956
-3.04417
-18.4012
-51.3601
-104.054
-150.933
-197.802
-241.128
-267.441
-275.044
-260.221
-228.374
-194.029
-167.608
-152.069
-135.497
-111.22
-85.5798
-63.213
-44.6227
-30.273
-16.9961
-8.23111
-4.81598
-2.9265
-2.08845
-1.85217
-1.94658
-1.74606
-1.7247
-1.75767
-1.77509
-1.78558
-1.79932
-1.81337
-1.80372
-1.76154
-1.68562
-1.58551
-1.43132
-1.20376
-1.01003
-0.899977
-6.91941
-63.0259
-204.002
-395.523
-517.019
-567.46
-575.377
-529.789
-436.094
-339.33
-260.609
-191.235
-130.384
-81.2147
-46.7272
-24.3939
-11.4335
-4.0905
-2.03171
-1.7245
-1.83869
-1.85923
-1.81296
-1.78668
-6.06757
-2.10354
-1.74787
-1.83354
-1.88838
-1.92772
-1.96889
-2.01534
-2.05071
-1.98036
-1.89595
-1.78463
-1.65884
-1.60725
-1.71579
-2.08812
-4.94979
-19.0203
-107.714
-438.16
-747.941
-850.325
-857.458
-737.467
-550.612
-406.815
-288.148
-176.149
-94.6702
-48.3717
-23.753
-11.6696
-6.20079
-3.51301
-2.10367
-1.36062
-1.21699
-1.52034
-1.81167
-1.80518
1857.84
1857.84
1857.9
1857.97
1858.06
1858.17
1858.29
1858.4
1858.51
1858.6
1858.69
1858.76
1858.83
1858.88
1858.93
1858.98
1859.02
1859.07
1859.12
1859.18
1859.25
1859.32
1859.41
1859.52
1859.64
1859.77
1859.92
1860.09
1860.27
1860.47
1860.68
1860.92
1861.16
1861.43
1861.7
1861.99
1862.29
1862.6
1862.92
1863.25
1838.1
1838.13
1838.16
1838.21
1838.26
1838.34
1838.41
1838.5
1838.57
1838.65
1838.72
1838.78
1838.84
1838.9
1838.95
1839.01
1839.07
1839.13
1839.19
1839.27
1839.36
1839.45
1839.56
1839.68
1839.82
1839.97
1840.14
1840.33
1840.53
1840.74
1840.97
1841.22
1841.47
1841.74
1842.03
1842.33
1842.64
1842.96
1843.29
1843.63
1818.34
1818.42
1818.47
1818.51
1818.54
1818.58
1818.62
1818.67
1818.72
1818.76
1818.81
1818.86
1818.9
1818.95
1819
1819.06
1819.12
1819.19
1819.26
1819.35
1819.45
1819.56
1819.69
1819.83
1819.98
1820.15
1820.34
1820.54
1820.76
1820.99
1821.24
1821.5
1821.77
1822.06
1822.36
1822.68
1823
1823.33
1823.67
1824.03
1798.5
1798.62
1798.68
1798.73
1798.77
1798.8
1798.83
1798.86
1798.88
1798.91
1798.94
1798.97
1799
1799.04
1799.09
1799.14
1799.19
1799.26
1799.34
1799.44
1799.54
1799.66
1799.8
1799.95
1800.12
1800.31
1800.51
1800.73
1800.96
1801.21
1801.47
1801.75
1802.04
1802.34
1802.66
1802.98
1803.32
1803.67
1804.02
1804.38
1778.61
1778.75
1778.83
1778.88
1778.93
1778.96
1778.98
1779
1779.02
1779.04
1779.05
1779.07
1779.1
1779.13
1779.16
1779.21
1779.26
1779.33
1779.41
1779.51
1779.62
1779.75
1779.9
1780.06
1780.24
1780.44
1780.65
1780.88
1781.13
1781.4
1781.68
1781.97
1782.28
1782.59
1782.92
1783.27
1783.62
1783.98
1784.34
1784.72
1758.65
1758.81
1758.9
1758.97
1759.02
1759.05
1759.07
1759.09
1759.1
1759.11
1759.12
1759.13
1759.14
1759.17
1759.2
1759.24
1759.3
1759.37
1759.45
1759.55
1759.67
1759.8
1759.96
1760.13
1760.32
1760.53
1760.76
1761.01
1761.27
1761.55
1761.84
1762.15
1762.48
1762.81
1763.16
1763.52
1763.88
1764.26
1764.64
1765.03
1738.63
1738.81
1738.91
1738.99
1739.04
1739.07
1739.1
1739.11
1739.11
1739.12
1739.12
1739.13
1739.14
1739.16
1739.19
1739.23
1739.28
1739.35
1739.44
1739.54
1739.67
1739.81
1739.97
1740.15
1740.36
1740.58
1740.82
1741.09
1741.37
1741.66
1741.97
1742.3
1742.64
1743
1743.36
1743.74
1744.12
1744.51
1744.91
1745.32
1718.52
1718.78
1718.88
1718.95
1719
1719.04
1719.05
1719.06
1719.06
1719.06
1719.06
1719.06
1719.07
1719.09
1719.12
1719.16
1719.21
1719.28
1719.37
1719.48
1719.61
1719.76
1719.94
1720.13
1720.35
1720.59
1720.85
1721.12
1721.42
1721.74
1722.07
1722.41
1722.77
1723.15
1723.53
1723.93
1724.34
1724.75
1725.17
1725.59
1698.44
1698.65
1698.77
1698.85
1698.9
1698.93
1698.95
1698.95
1698.95
1698.95
1698.94
1698.94
1698.95
1698.97
1698.99
1699.03
1699.09
1699.17
1699.26
1699.38
1699.51
1699.67
1699.85
1700.06
1700.29
1700.55
1700.82
1701.12
1701.44
1701.77
1702.12
1702.49
1702.87
1703.27
1703.68
1704.1
1704.53
1704.97
1705.41
1705.85
1678.26
1678.5
1678.61
1678.69
1678.74
1678.77
1678.79
1678.79
1678.78
1678.78
1678.77
1678.77
1678.78
1678.79
1678.82
1678.86
1678.92
1679
1679.1
1679.22
1679.36
1679.52
1679.72
1679.94
1680.18
1680.46
1680.75
1681.07
1681.41
1681.77
1682.14
1682.53
1682.94
1683.36
1683.8
1684.25
1684.7
1685.17
1685.63
1686.1
1658.05
1658.29
1658.4
1658.48
1658.53
1658.56
1658.57
1658.57
1658.57
1658.56
1658.55
1658.55
1658.56
1658.58
1658.61
1658.66
1658.72
1658.8
1658.89
1659.01
1659.16
1659.33
1659.53
1659.76
1660.02
1660.32
1660.64
1660.99
1661.35
1661.73
1662.12
1662.54
1662.98
1663.43
1663.89
1664.37
1664.86
1665.36
1665.85
1666.35
1637.78
1638.06
1638.15
1638.23
1638.28
1638.31
1638.32
1638.32
1638.31
1638.31
1638.31
1638.31
1638.32
1638.34
1638.37
1638.42
1638.48
1638.56
1638.66
1638.77
1638.91
1639.08
1639.28
1639.51
1639.79
1640.12
1640.48
1640.87
1641.26
1641.65
1642.07
1642.51
1642.98
1643.46
1643.95
1644.47
1645.02
1645.54
1646.05
1646.59
1617.46
1617.85
1617.9
1617.96
1618.01
1618.03
1618.04
1618.04
1618.04
1618.04
1618.04
1618.05
1618.06
1618.09
1618.13
1618.18
1618.24
1618.32
1618.4
1618.5
1618.62
1618.77
1618.94
1619.16
1619.47
1619.84
1620.28
1620.75
1621.17
1621.55
1621.96
1622.45
1622.97
1623.46
1623.92
1624.49
1625.23
1625.78
1626.14
1626.67
1597.28
1597.55
1597.62
1597.68
1597.72
1597.75
1597.76
1597.76
1597.76
1597.76
1597.77
1597.78
1597.81
1597.84
1597.89
1597.95
1598.02
1598.1
1598.18
1598.25
1598.37
1598.54
1598.88
1599.32
1599.51
1599.72
1600.11
1600.91
1601.19
1601.35
1601.77
1602.32
1603.01
1603.62
1604.02
1605.37
1606.01
1606.63
1606.82
1607.67
1577.07
1577.23
1577.33
1577.4
1577.44
1577.46
1577.47
1577.48
1577.48
1577.49
1577.51
1577.53
1577.57
1577.62
1577.68
1577.77
1577.87
1577.98
1578.1
1578.28
1579.02
1579.57
1579.88
1580.26
1580.68
1581.17
1580.8
1582.42
1581.57
1582.99
1583.79
1583.45
1583.91
1584.45
1585.63
1586.44
1586.51
1587.13
1588.25
1589.21
1556.87
1556.97
1557.07
1557.13
1557.17
1557.19
1557.21
1557.22
1557.23
1557.24
1557.27
1557.3
1557.35
1557.43
1557.52
1557.65
1557.8
1558
1558.28
1559.46
1560.02
1560.35
1560.68
1561.06
1561.45
1561.59
1561.8
1562.27
1563.71
1564.41
1564.78
1564.34
1565.29
1565.59
1566.94
1567.53
1568.15
1568.56
1569.25
1569.2
1536.68
1536.77
1536.85
1536.91
1536.94
1536.96
1536.97
1536.98
1536.99
1537.01
1537.04
1537.09
1537.15
1537.24
1537.35
1537.49
1537.67
1537.88
1538.16
1539.37
1540.62
1540.25
1540.58
1541.35
1541.23
1541.61
1542.5
1542.5
1542.91
1543.85
1544.41
1544.82
1545.95
1545.72
1547.01
1547.24
1547.73
1548.23
1548.99
1549.54
1516.55
1516.61
1516.68
1516.72
1516.74
1516.75
1516.76
1516.77
1516.78
1516.81
1516.84
1516.9
1516.97
1517.08
1517.21
1517.37
1517.58
1517.84
1518.17
1518.61
1519.14
1519.75
1520.19
1520.45
1520.87
1521.36
1521.86
1522.29
1522.74
1523.24
1523.85
1524.51
1525.16
1525.7
1526.29
1526.95
1527.66
1528.33
1529.01
1529.7
1496.46
1496.5
1496.55
1496.57
1496.58
1496.58
1496.58
1496.59
1496.6
1496.62
1496.66
1496.72
1496.8
1496.9
1497.04
1497.2
1497.41
1497.66
1497.98
1498.36
1498.78
1499.22
1499.64
1500.05
1500.46
1500.92
1501.4
1501.88
1502.39
1502.93
1503.52
1504.15
1504.79
1505.43
1506.09
1506.78
1507.5
1508.23
1508.96
1509.71
1476.43
1476.44
1476.47
1476.47
1476.46
1476.45
1476.44
1476.44
1476.44
1476.46
1476.49
1476.55
1476.62
1476.73
1476.85
1477.01
1477.22
1477.47
1477.73
1478.04
1478.41
1478.8
1479.2
1479.59
1480.02
1480.48
1480.96
1481.45
1481.97
1482.53
1483.13
1483.75
1484.41
1485.08
1485.79
1486.53
1487.29
1488.07
1488.87
1489.65
1456.46
1456.44
1456.44
1456.42
1456.39
1456.36
1456.33
1456.31
1456.31
1456.32
1456.35
1456.39
1456.46
1456.56
1456.68
1456.85
1457.06
1457.27
1457.51
1457.79
1458.08
1458.45
1458.81
1459.24
1459.59
1460.03
1460.5
1461
1461.52
1462.08
1462.67
1463.3
1463.96
1464.66
1465.41
1466.19
1467.01
1467.84
1468.71
1469.68
1436.54
1436.5
1436.47
1436.41
1436.36
1436.3
1436.26
1436.22
1436.2
1436.2
1436.21
1436.25
1436.31
1436.39
1436.53
1436.69
1436.85
1437.05
1437.27
1437.53
1437.82
1438.15
1438.48
1438.78
1439.16
1439.58
1440.03
1440.52
1441.03
1441.57
1442.15
1442.76
1443.41
1444.13
1444.9
1445.7
1446.65
1447.75
1448.64
1449.45
1416.69
1416.62
1416.55
1416.46
1416.37
1416.29
1416.22
1416.17
1416.12
1416.1
1416.1
1416.11
1416.16
1416.23
1416.42
1416.53
1416.66
1416.85
1417.02
1417.26
1417.5
1417.73
1418.04
1418.37
1418.73
1419.12
1419.54
1420
1420.49
1421
1421.55
1422.11
1422.66
1423.33
1424.28
1425.91
1426.5
1427.35
1428.28
1429.24
1396.91
1396.8
1396.69
1396.56
1396.43
1396.32
1396.22
1396.14
1396.07
1396.02
1396
1396
1396.02
1396.1
1396.27
1396.27
1396.41
1396.56
1396.71
1396.9
1397.12
1397.35
1397.63
1397.93
1398.27
1398.63
1399.03
1399.46
1399.93
1400.42
1400.95
1401.57
1402.3
1405.4
1403.75
1404.75
1405.84
1406.81
1407.79
1408.61
1377.2
1377.05
1376.88
1376.7
1376.54
1376.39
1376.25
1376.14
1376.05
1375.99
1375.97
1375.9
1375.91
1375.93
1375.99
1376.06
1376.16
1376.27
1376.41
1376.57
1376.76
1376.97
1377.22
1377.49
1377.79
1378.13
1378.51
1378.93
1379.36
1379.84
1380.12
1381.99
1383.41
1383.54
1383.7
1384.39
1385.27
1386.17
1388
1389.7
1357.55
1357.35
1357.13
1356.9
1356.68
1356.49
1356.33
1356.18
1356.06
1356.01
1355.92
1355.84
1355.8
1355.8
1355.82
1355.86
1355.92
1356.01
1356.12
1356.25
1356.41
1356.59
1356.8
1357.03
1357.3
1357.61
1357.94
1358.34
1358.67
1359.9
1360.97
1361.82
1362.41
1362.73
1363.28
1363.63
1364.73
1366.33
1367.76
1369.14
1337.95
1337.71
1337.42
1337.13
1336.87
1336.64
1336.43
1336.25
1336.11
1336
1335.86
1335.77
1335.71
1335.67
1335.66
1335.67
1335.7
1335.76
1335.84
1335.94
1336.06
1336.2
1336.36
1336.55
1336.75
1337
1337.23
1338.08
1338.89
1339.7
1340.46
1340.48
1341.23
1342.36
1341.47
1342.89
1344.35
1345.79
1346.63
1347.65
1318.42
1318.12
1317.76
1317.41
1317.09
1316.81
1316.56
1316.34
1316.18
1315.99
1315.84
1315.71
1315.61
1315.54
1315.5
1315.48
1315.49
1315.51
1315.56
1315.63
1315.71
1315.81
1315.92
1316.05
1316.18
1316.58
1317.37
1318.1
1318.97
1319.22
1319.65
1320.18
1320.31
1320.03
1321.03
1322.07
1323
1323.53
1324.71
1325.64
1298.93
1298.57
1298.15
1297.72
1297.34
1297.01
1296.7
1296.49
1296.24
1296.02
1295.82
1295.65
1295.51
1295.4
1295.32
1295.28
1295.26
1295.27
1295.29
1295.33
1295.4
1295.45
1295.5
1295.63
1296.2
1296.78
1297.32
1297.64
1297.63
1298.25
1298.5
1298.7
1298.76
1299.54
1300.27
1300.86
1301.29
1302.28
1302.7
1303.34
1279.48
1279.06
1278.56
1278.07
1277.63
1277.24
1276.92
1276.62
1276.3
1276.03
1275.79
1275.56
1275.36
1275.21
1275.11
1275.04
1275.01
1275.1
1275.17
1275.09
1275.18
1275.19
1275.33
1275.73
1276.17
1276.58
1276.69
1277.16
1277.31
1277.31
1277.29
1277.44
1278.25
1278.93
1278.54
1279.06
1279.06
1278.99
1279.33
1281.73
1260.06
1259.58
1259
1258.43
1257.93
1257.48
1257.17
1256.74
1256.4
1256.07
1255.76
1255.44
1255.14
1254.91
1254.78
1254.78
1255.04
1255.09
1254.94
1255.04
1255.05
1255.15
1255.49
1255.82
1256.08
1256.29
1256.38
1256.32
1256.32
1256.14
1256.77
1257
1257
1256.51
1257.49
1257.1
1256.17
1256.93
1263.53
1256.08
1240.66
1240.11
1239.45
1238.81
1238.25
1237.77
1237.38
1236.88
1236.5
1236.13
1235.75
1235.23
1234.57
1234.91
1235.06
1234.34
1234.55
1234.77
1234.9
1234.95
1235.06
1235.48
1235.78
1235.83
1235.94
1235.9
1235.66
1235.39
1235.28
1236.45
1236.76
1236.56
1236.21
1236.41
1235.97
1235.19
1236.93
1243.1
1237.73
1235.53
1221.24
1220.63
1219.89
1219.18
1218.56
1218.1
1217.61
1217.13
1216.73
1216.34
1215.94
1215.6
1218.89
1219.17
1214.58
1214.58
1214.78
1214.91
1215
1215.06
1215.52
1216.07
1216.37
1215.42
1215.6
1215.36
1215.03
1214.51
1216.58
1216.85
1214.47
1214.64
1214.67
1214.05
1213.59
1215.43
1217.19
1218.4
1215.65
1214.51
1201.79
1201.12
1200.31
1199.53
1198.86
1198.36
1197.82
1197.34
1196.89
1196.36
1196.43
1196.97
1197.73
1197.84
1195.89
1195.44
1195.33
1195.26
1195.14
1195.11
1195.67
1196.5
1196.14
1195.83
1195.83
1195.04
1195.02
1194.97
1193.94
1193.92
1193.85
1193.42
1192.58
1193.18
1194.03
1195
1196.05
1195.77
1194.38
1193.25
1182.28
1181.55
1180.68
1179.85
1179.14
1178.59
1177.99
1177.54
1176.97
1176.97
1177.26
1177.62
1177.94
1177.71
1176.55
1176.06
1175.81
1175.59
1175.36
1175.21
1175.7
1177.27
1175.34
1176.06
1175.47
1174.51
1174.62
1173.3
1173.26
1172.94
1172.51
1172.12
1172.89
1174.46
1174.78
1175.16
1175.4
1174.19
1172.58
1171.25
1162.68
1161.9
1160.97
1160.09
1159.34
1158.72
1158.13
1157.67
1157.4
1157.76
1158.01
1158.32
1158.49
1157.62
1156.95
1156.49
1156.15
1155.84
1155.54
1155.26
1155.29
1155.24
1154.98
1154.27
1154.33
1153.99
1153.17
1152.76
1152.28
1151.81
1151.4
1151.31
1153.71
1156.11
1156.01
1155.22
1153.78
1151.78
1149.98
1148.51
1142.97
1142.15
1141.16
1140.25
1139.47
1138.79
1138.21
1137.79
1137.87
1138.66
1138.55
1138.51
1138.4
1137.74
1137.15
1136.67
1136.26
1135.89
1135.55
1135.29
1135.08
1134.98
1134.1
1133.89
1133.55
1133.04
1132.44
1131.74
1131.07
1130.42
1129.79
1129.42
1130.82
1139.98
1139.49
1131.78
1129.92
1128.04
1126.46
1125.08
1123.1
1122.26
1121.25
1120.33
1119.55
1118.89
1118.39
1118.19
1118.87
1119.25
1118.25
1118.58
1118.03
1117.45
1116.92
1116.43
1115.99
1115.61
1115.25
1114.84
1114.43
1114.04
1113.7
1113.35
1112.8
1112.13
1111.33
1110.45
1109.59
1108.71
1107.77
1106.78
1106.42
1107.67
1107.21
1106.44
1104.74
1103.4
1102.22
1100.94
1103.06
1102.21
1101.19
1100.25
1099.43
1098.7
1098.08
1097.59
1100.08
1099.37
1098.74
1098.2
1097.54
1096.97
1096.45
1095.95
1095.5
1095.1
1094.6
1094.15
1093.65
1093.39
1093.38
1092.96
1091.92
1091.16
1090.16
1089.19
1088.22
1087.21
1086.16
1085.09
1084.18
1083.57
1082.14
1079.29
1077.74
1078.19
1078.16
1077.16
1082.84
1082.01
1081.03
1080.13
1079.39
1078.79
1078.45
1078.59
1080.16
1077.93
1077.71
1077.1
1076.63
1076.17
1075.71
1075.26
1074.84
1074.37
1073.81
1073.28
1072.67
1072.23
1073.36
1072.43
1071.27
1070.12
1068.99
1067.92
1066.83
1065.69
1064.49
1063.21
1061.83
1060.07
1056.55
1061.16
1062.99
1053.61
1056.53
1053.17
1062.4
1061.59
1060.64
1059.79
1059.12
1058.69
1058.7
1059.33
1060.34
1056.05
1056.09
1055.84
1055.57
1055.22
1054.82
1054.4
1053.99
1053.53
1053
1052.5
1051.89
1051.37
1053.01
1051.98
1050.06
1048.83
1047.72
1046.64
1045.54
1044.38
1043.15
1041.82
1040.14
1038.57
1039.63
1041.36
1039.92
1035.52
1042.63
1029.88
1041.7
1040.9
1039.95
1039.1
1038.43
1038.04
1038.21
1039.39
1040.34
1034.92
1035.11
1034.96
1034.7
1034.33
1033.9
1033.47
1033.01
1032.62
1032.18
1031.66
1031.3
1030.77
1030.69
1031.73
1028.08
1027.19
1026.28
1025.32
1024.34
1023.32
1022.23
1021.07
1019.92
1022.41
1023.63
1022.94
1020.66
1025.66
1018.38
1020.41
1020.77
1019.98
1018.99
1018
1017.07
1016.17
1015.18
1020.08
1018.86
1017.1
1015.88
1015.04
1014.31
1013.64
1012.91
1012.29
1011.79
1011.46
1011.19
1010.71
1010.3
1009.71
1009.14
1010.96
1006.55
1005.8
1004.91
1004.27
1003.29
1002.47
1001.7
1000.99
1000.79
1005.47
1010.31
1010
1007.93
1022.4
1006.3
1009.39
999.783
999.043
998.112
997.171
996.26
995.395
994.719
999.308
997.966
996.734
995.459
994.406
993.456
992.499
992.499
992.008
990.195
990.213
989.936
989.548
989.068
988.473
987.859
989.128
985.009
984.257
983.35
982.923
981.934
981.301
980.787
980.436
980.602
982.656
989.081
995.803
988.902
996.14
988.555
995.26
978.826
978.157
977.315
976.455
975.619
974.855
974.387
978.763
976.981
975.883
974.632
973.525
972.488
971.715
976.973
977.084
969.834
969.43
969.055
968.517
967.837
967.129
966.415
966.893
963.328
962.538
961.536
961.028
960.121
959.601
959.24
959.114
959.47
960.668
961.267
961.426
962.819
963.638
966.122
961.53
957.947
957.335
956.561
955.758
954.96
954.211
953.718
958.346
956.178
954.974
953.594
952.283
950.945
949.645
958.954
955.95
951.463
949.828
948.762
947.72
946.599
945.425
944.695
943.784
941.693
940.659
939.445
938.707
937.789
937.124
936.591
936.221
936.065
936.103
933.724
936.863
936.92
936.573
937.339
934.916
937.198
936.622
935.892
935.122
934.332
933.528
932.831
938.126
935.663
934.272
932.785
931.435
930.106
928.817
936.3
933.655
931.208
929.368
927.997
926.652
925.227
923.725
924.225
921.659
919.355
918.28
916.953
916.031
915.052
914.127
913.385
912.557
911.711
911.695
911.409
912.452
911.964
911.946
911.308
909.7
916.628
916.089
915.404
914.678
913.919
913.103
912.171
917.98
915.238
913.375
911.949
910.838
909.662
908.956
913.865
911.36
909.803
908.268
906.953
905.561
904.058
902.622
906.558
904.337
897.144
895.8
894.41
893.406
892.313
891.217
890.529
889.484
888.753
889.4
889.286
889.07
888.397
887.782
886.664
885.214
896.241
895.779
895.22
894.677
894.185
893.786
893.664
895.389
895.725
890.335
890.126
889.797
888.867
889.273
891.807
889.413
888.5
887.286
886.171
884.982
883.773
883.052
884.747
893.643
874.313
873.125
871.896
870.859
869.727
868.554
867.706
866.706
865.903
865.377
867.56
866.722
864.279
863.391
862.217
860.869
875.896
875.521
875.079
874.669
874.327
874.094
874.096
874.266
875.295
869.408
869.244
869.001
868.117
868.699
870.942
868.599
867.866
866.554
865.341
864.059
862.71
861.676
861.719
871.614
854.016
852.03
850.461
848.859
847.575
846.173
845.11
843.795
842.77
841.967
842.427
840.737
839.54
839.087
838.185
837.04
855.512
855.218
854.867
854.527
854.219
853.95
853.762
853.446
854.516
849.65
848.974
848.352
847.324
847.327
850.75
848.797
847.741
846.046
844.533
842.907
841.053
839.087
837.328
849.302
835.543
831.349
829.062
827.234
825.793
824.049
822.452
820.394
818.923
824.341
818.288
818.353
817.421
816.526
815.53
814.335
835.106
834.882
834.602
834.312
834.025
833.732
833.438
832.966
833.973
829.848
828.995
828.123
826.969
825.726
831.561
829.327
827.148
825.499
823.908
822.383
820.71
818.918
817.433
824.138
824.399
808.347
806.564
805.34
804.147
802.904
801.527
799.874
802.125
802.159
795.944
796.779
796.117
795.119
793.979
792.664
814.711
814.547
814.327
814.084
813.831
813.562
813.284
813.178
813.515
809.949
809.349
808.801
808.302
808.148
809.303
808.92
806.94
804.848
803.454
802.306
801.126
800.027
799.618
799.725
813.137
783.422
783.881
783.764
783.234
782.472
781.532
780.439
780.474
779.172
777.455
776.587
776.046
774.939
773.597
772.132
794.348
794.235
794.066
793.867
793.651
793.425
793.214
793.394
793.657
790.076
789.69
789.324
788.79
788.717
789.109
789.372
789.085
783.145
782.421
781.464
780.289
778.856
777.22
774.59
786.969
765.637
765.718
765.043
764.241
763.404
762.535
761.503
761.086
760.105
759.161
758.086
756.716
755.613
754.211
752.691
774.021
773.947
773.82
773.657
773.474
773.278
773.11
773.135
775.148
770.353
769.92
769.525
768.828
768.675
768.687
768.438
768.993
766.809
763.742
761.922
760.246
758.116
755.142
750.884
757.908
752.349
749.033
747.846
746.515
745.29
744.216
743.113
742.298
742.861
741.826
740.174
738.125
737.019
735.724
734.292
753.733
753.682
753.584
753.45
753.293
753.118
752.944
752.599
756.069
750.2
749.828
749.18
748.842
748.565
749.086
749.278
750.161
750.244
744.864
742.602
741.167
739.183
736.226
734.324
735.292
732.88
730.156
729.425
728.564
727.519
726.45
725.627
724.93
725.87
726.033
720.277
719.353
718.709
717.837
716.724
733.493
733.453
733.381
733.283
733.169
733.042
732.908
732.71
736.246
729.598
729.465
728.527
728.398
728.137
728.515
728.186
728.664
734.513
727.364
724.096
722.653
721.006
718.642
719.225
717.68
715.857
713.893
712.596
710.334
709.428
708.071
706.733
705.591
709.015
706.559
702.525
701.985
701.58
700.988
700.157
713.307
713.277
713.229
713.161
713.075
712.969
712.83
712.762
714.9
708.535
709.263
708.476
708.41
708.091
707.711
707.181
706.345
706.557
705.585
704.351
703.529
702.655
701.486
702.254
701.799
700.273
698.721
697.453
694.536
691.882
690.058
687.74
685.948
691.662
686.189
685.99
685.521
685.233
684.872
684.354
693.182
693.175
693.16
693.127
693.072
692.993
692.884
692.73
696.808
688.38
688.724
688.358
688.652
687.958
687.561
687.086
686.521
686.038
685.467
684.892
684.381
684.056
684
684.536
685.379
684.708
683.852
682.7
678.807
674.538
672.317
669.625
669.977
676.134
667.965
669.231
669.306
669.22
669.132
669.002
673.119
673.151
673.18
673.181
673.148
673.082
672.969
672.563
679.933
668.466
668.69
668.484
668.517
667.908
667.542
667.095
666.585
666.042
665.506
664.994
664.558
664.281
664.311
664.754
665.843
668.255
670.691
667.527
659.72
656.107
654.117
652.643
652.456
656.144
649.713
651.757
652.992
653.392
653.502
653.742
653.105
653.192
653.27
653.299
653.282
653.222
653.068
652.737
658.87
648.708
648.754
648.603
648.345
648
647.58
647.087
646.529
645.917
645.264
644.587
643.922
643.257
642.686
642.268
641.903
641.948
644.931
639.712
636.11
635.595
634.49
634.449
634.681
634.85
634.13
635.011
634.854
635.913
636.796
637.737
633.144
633.289
633.424
633.495
633.51
633.484
633.373
635.545
637.169
629.063
629.053
628.867
628.554
628.152
627.663
627.091
626.437
625.702
624.89
624.002
623.05
622.015
620.98
620.099
619.478
618.973
618.313
617.259
616.497
615.85
615.29
617.595
617.867
617.608
617.696
618.234
617.318
617.451
619.061
620.856
613.254
613.463
613.657
613.754
613.747
613.651
613.48
616.327
617.471
610.431
609.891
609.47
608.982
608.44
607.835
607.152
606.377
605.502
604.517
603.415
602.165
600.696
598.848
597.44
597.006
597.142
597.132
597.073
597.059
597.086
597.376
600.354
599.733
599.715
599.934
599.905
597.859
598.679
600.722
603.176
593.468
593.759
594.004
594.087
593.98
593.671
593.125
593.242
593.544
591.405
590.577
590.011
589.391
588.741
588.044
587.27
586.395
585.401
584.268
582.981
581.477
579.348
577.203
580.501
574.492
575.66
576.439
576.843
577.237
577.781
578.543
580.315
580.683
580.982
580.624
578.377
578.23
579.273
581.733
585.04
573.84
574.218
574.51
574.581
574.413
574.008
573.317
572.053
574.001
570.831
570.452
570.167
569.609
569.008
568.275
567.495
566.612
565.627
564.541
563.359
562.046
560.325
560.442
566.165
560.912
556.876
556.976
557.127
557.219
557.499
558.104
558.863
559.166
565.73
559.697
552.323
554.319
555.398
563.274
564.708
554.396
554.813
555.117
555.186
555.014
554.609
553.909
552.86
568.145
552.198
551.46
550.97
550.245
549.571
548.759
547.909
547.013
546.064
545.084
544.104
543.13
542.018
542.276
543.604
541.625
539.285
537.366
536.604
536.495
536.286
536.055
535.791
534.976
534.6
533.231
531.06
531.768
562.575
544.589
544.937
535.173
535.537
535.797
535.843
535.675
535.294
534.526
532.918
548.367
531.798
531.914
531.524
530.78
530.105
529.292
528.369
527.428
526.477
525.543
524.667
523.901
523.31
523.077
523.584
522.592
520.995
519.612
518.104
515.717
515.135
514.384
513.585
512.623
511.404
510.138
509.797
541.928
538.341
525.091
525.036
516.25
516.526
516.744
516.834
516.817
516.72
516.407
517.05
522.965
512.756
512.655
512.333
511.619
510.849
509.93
508.826
507.775
506.737
505.748
504.833
504.047
503.482
503.223
503.359
503.818
503.144
502.251
501.057
495.778
494.53
493.432
492.303
490.971
489.994
492.524
503.412
521.776
499.406
498.334
501.318
497.602
497.829
498.031
498.17
498.293
498.462
498.658
500.943
501.842
494.353
493.959
493.582
492.718
491.676
490.538
489.3
488.024
486.803
485.664
484.567
483.53
482.667
482.11
481.828
481.482
483.479
486.321
477.334
474.591
473.333
471.792
469.598
466.155
462.865
465.148
492.218
483.054
479.18
477.851
479.971
479.09
479.334
479.543
479.686
479.81
479.973
480.198
483.67
485.162
475.9
476.089
475.258
474
472.783
471.426
469.775
468.086
466.616
465.346
464.034
462.603
461.317
460.532
460.356
460.687
459.838
457.511
455.815
454.106
452.532
451.743
449.817
445.032
440.33
462.071
463.596
459.82
456.467
455.253
455.5
460.594
460.88
461.072
461.1
460.981
460.722
460.533
461.373
471.738
457.857
458.945
457.171
455.095
454.459
452.762
450.576
447.704
446.071
445.162
443.595
441.026
438.327
436.972
437.362
437.778
437.086
433.925
430.272
428.807
430.883
432.83
431.531
429.934
435.484
440.756
434.217
433.986
432.29
430.248
428.799
442.174
442.511
442.702
442.652
442.371
441.887
442.148
441.445
441.478
442.922
441.768
441.565
437.783
437.228
435.786
431.428
431.275
429.398
428.585
426.555
422.693
421.1
420.577
420.032
419.442
417.18
416.735
417.731
418.743
418.851
419.016
419.625
420.566
422.156
423.575
420.649
416.53
412.162
407.904
404.837
423.927
424.309
424.521
424.438
424.095
423.558
423.155
423.086
424.873
425.62
423.657
423.582
422.624
422.75
422.878
418.719
423.163
429.385
426.947
425.258
429.522
427.521
425.4
423.457
422.253
421.296
419.785
418.41
417.374
416.58
415.914
415.406
415.133
414.883
412.874
406.228
399.466
393.588
388.294
384.434
405.922
406.305
406.541
406.441
406.014
405.36
404.652
419.474
405.37
407.43
404.674
406.889
406.361
406.477
407.53
404.425
409.779
415.695
413.542
416.077
413.207
415.757
417.624
418.353
418.197
416.983
415.963
415.016
414.024
413.015
412.101
411.179
409.914
406.302
397.851
389.058
382.329
376.372
370.372
364.424
388.174
388.463
388.649
388.489
387.917
386.971
385.99
422.744
388.038
390.085
390.027
389.157
389.332
389.926
389.855
390.205
390.834
391.908
394.933
398.135
398.285
398.201
398.972
399.878
401.295
403.816
404.886
405.162
404.937
403.26
401.956
398.978
392.548
383.928
376.469
371.106
366.342
361.993
357.182
352.603
371.019
371.029
371.001
370.723
370.031
368.743
366.618
395.007
375.129
374.015
374.735
375.262
375.156
373.516
374.533
375.002
374.672
377.136
378.137
378.844
380.343
380.599
380.587
380.936
381.71
382.659
383.286
383.635
383.223
380.099
375.368
370.578
366.486
362.227
358.633
355.095
351.596
349.584
347.479
344.184
354.771
354.357
354.059
353.796
353.359
352.376
350.509
365.656
363.43
357.682
359.873
359.373
359.306
357.901
358.482
359.405
359.926
360.759
361.64
362.113
361.585
362.335
362.425
362.334
362.226
362.049
361.654
360.939
359.659
356.041
354.069
351.747
349.413
346.502
343.605
341.024
340.362
345.094
344.766
340.69
339.442
338.65
338.049
337.775
337.663
337.394
340.942
343.817
342.977
340.836
341.476
340.514
339.673
339.727
342.097
342.694
344.461
344.226
345.886
346.301
345.17
344.508
344.321
343.904
343.373
342.709
341.809
340.454
338.621
339.658
337.794
334.186
332.238
329.755
327.726
326.43
339.161
338.582
327.967
319.955
324.736
323.659
322.858
322.629
322.959
324.017
330.877
331.51
331.608
331.558
331.718
332.92
333.453
326.412
326.564
327.131
327.208
327.005
327.572
328.656
327.178
326.278
325.803
325.129
324.357
323.478
322.339
321.476
321.892
321.49
319.23
316.301
315.205
314.175
316.148
330.94
328.339
325.819
331.609
312.715
309.616
308.584
307.814
307.681
308.245
309.861
315.029
320.035
321.147
321.44
322.415
323.142
321.988
313.218
311.339
310.808
310.282
309.837
309.441
309.04
308.61
308.027
307.243
306.339
305.35
304.251
303.221
303.663
302.42
301.157
300.431
299.5
298.57
299.918
325.809
318.748
316.794
317.032
306.87
299.828
293.596
292.758
292.114
291.99
292.407
293.454
295.649
299.733
303.329
303.96
302.716
300.844
298.564
295.594
293.906
293.357
292.795
292.311
291.848
291.308
290.635
289.783
288.717
287.403
286.002
285.381
285.535
283.412
285.448
284.948
283.782
282.614
284.52
307.011
309.256
302.238
305.299
304.018
298.344
299.611
276.594
275.997
275.522
275.417
275.703
276.319
277.233
278.532
279.974
280.844
280.789
279.967
278.732
277.546
276.648
275.772
276.119
274.9
274.398
273.812
272.985
271.89
270.422
269.171
270.535
267.879
267.019
267.562
265.788
264.217
262.241
260.072
273.761
292.071
278.727
283.548
290.077
295.174
294.136
290.007
258.852
258.453
258.12
258.026
258.207
258.619
259.193
259.832
260.453
260.891
260.99
260.788
260.404
259.911
259.385
259.505
260.937
257.91
257.391
256.734
255.856
254.744
253.188
256.352
251.556
250.308
247.244
242.617
240.686
241.157
241.291
246.132
263.117
255.767
263.502
269.133
274.292
278.856
277.873
271.85
240.619
240.343
240.103
240.018
240.124
240.399
240.802
241.268
241.72
242.089
242.306
242.365
242.288
242.095
242.059
242.756
242.804
241.11
240.805
240.322
239.527
238.821
238.453
239.246
236.056
232.046
231.013
231.284
233.724
235.161
236.314
238.397
241.141
242.001
249.337
252.927
253.647
250.782
238.602
268.646
222.059
221.839
221.64
221.56
221.631
221.839
222.156
222.543
222.955
223.343
223.67
223.921
224.1
224.204
224.745
225.254
225.132
224.78
224.48
224.079
222.809
223.308
228.102
227.25
224.972
226.646
230.109
230.679
231.014
231.557
232.197
232.87
231.56
230.874
236.528
241.494
245.491
249.405
250.729
275.483
203.256
203.037
202.836
202.75
202.812
203.007
203.312
203.698
204.138
204.604
205.074
205.544
206.024
206.539
207.284
207.935
208.345
208.543
209.212
210.246
210.045
214.436
216.828
218.693
216.765
226.445
228.603
229.176
229.589
229.868
229.931
228.686
221.997
218.763
222.377
226.366
231.35
237.725
244.212
271.458
184.224
183.967
183.73
183.634
183.707
183.929
184.272
184.713
185.232
185.809
186.432
187.101
187.828
188.641
189.557
190.593
191.331
191.916
192.323
194.268
195.003
198.338
199.22
199.755
204.279
218.059
225.138
226.805
227.46
226.826
222.796
214.09
205.894
205.396
206.612
208.494
210.434
213.352
220.109
246.358
164.93
164.608
164.313
164.212
164.328
164.616
165.042
165.581
166.213
166.923
167.704
168.551
169.478
170.501
171.634
172.927
174.78
176.125
175.753
177.172
179.114
180.4
183.167
187.217
193.425
195.235
202.706
207.672
207.001
202.656
196.44
190.521
187.857
187.627
187.921
188.362
188.151
188.68
195.248
217.981
145.293
144.899
144.554
144.486
144.691
145.093
145.643
146.312
147.08
147.931
148.855
149.849
150.889
152.006
153.187
154.423
155.85
158.758
158.461
159.351
160.878
162.361
164.077
167.042
170.514
173.726
176.491
177.094
175.796
173.36
170.853
169.078
168.127
167.609
167.252
167.339
165.78
165.362
171.514
189.407
125.224
124.795
124.469
124.509
124.866
125.43
126.139
126.964
127.882
128.877
129.936
131.048
132.198
133.379
134.584
135.791
137.004
138.339
139.671
141.028
142.42
143.891
145.43
147.305
149.622
151.416
152.048
151.712
150.537
149.344
148.175
147.218
146.517
146.02
145.545
145.281
144.01
143.043
148.271
162.191
104.681
104.326
104.163
104.429
105.011
105.778
106.669
107.656
108.72
109.845
111.017
112.223
113.449
114.685
115.916
117.125
118.315
119.504
120.673
121.846
122.94
124.04
125.118
126.176
127.171
127.879
128.044
127.662
126.899
125.923
125.094
124.465
124.048
123.774
123.649
123.193
121.998
122.086
125.772
136.587
83.7619
83.6481
83.8589
84.4908
85.3656
86.3615
87.4339
88.5648
89.7425
90.9566
92.1962
93.4491
94.7006
95.9337
97.1343
98.2798
99.3588
100.353
101.251
102.039
102.722
103.243
103.649
103.917
104.037
103.966
103.671
103.19
102.604
102.038
101.574
101.255
101.017
100.777
100.442
99.5388
97.6737
97.4522
102.121
114.752
62.7295
63.078
63.8987
65.0146
66.2228
67.4437
68.6637
69.8819
71.1012
72.3247
73.552
74.7766
75.9853
77.1568
78.2651
79.2815
80.1773
80.9228
81.4868
81.8395
81.9594
81.8383
81.4863
80.9427
80.2743
79.5597
78.8951
78.376
78.0581
77.934
77.9471
77.9978
77.9735
77.8152
77.6292
77.4879
76.4616
76.08
82.6136
90.7289
41.9247
43.0195
44.6808
46.3621
47.8947
49.2912
50.5777
51.774
52.9084
54.0111
55.102
56.1894
57.2654
58.3013
59.2541
60.0776
60.7325
61.173
61.3445
61.193
60.6798
59.7948
58.5775
57.126
55.6045
54.2275
53.236
52.8049
52.9393
53.4633
54.1182
54.6572
54.9217
54.9948
59.5269
57.9991
59.2581
54.1553
65.8123
66.1275
21.608
23.7147
26.2617
28.4756
30.3053
31.8476
33.1325
34.1838
35.0756
35.8963
36.7076
37.5443
38.4101
39.2581
40.0005
40.569
40.9205
41.0042
40.7276
39.9882
38.7063
36.8546
34.4968
31.8221
29.132
26.8433
25.4734
25.39
26.4678
28.1424
29.8093
31.0768
31.8152
32.1712
42.9114
38.0001
39.7835
33.193
45.9892
47.5206
2.19584
5.22644
8.28183
10.6966
12.5572
14.0149
15.0673
15.7058
16.1142
16.5155
17.0166
17.6661
18.4912
19.3677
20.0274
20.3383
20.3445
20.0639
19.3596
18.0006
15.8105
12.6893
8.67612
4.07356
-0.605975
-4.58994
-6.69938
-5.9263
-2.75383
1.1944
4.76745
7.44678
9.20742
10.7277
12.6595
17.2885
17.136
11.5699
24.4963
31.8062
-2.6317
-2.32652
-1.20845
0.125068
0.908819
1.09542
0.505606
-1.03082
-2.62446
-3.68788
-4.32109
-4.47459
-3.67122
-2.34954
-1.7663
-2.22977
-3.15025
-4.10669
-5.22328
-7.03578
-9.95726
-14.4296
-20.7655
-28.516
-36.7678
-44.7928
-49.9895
-48.0974
-40.1905
-32.0577
-25.6974
-21.0834
-18.1537
-14.9689
-7.33772
0.622305
0.485033
-2.57916
8.92184
13.9177
-1.97632
-2.04351
-2.08714
-2.10814
-2.17051
-2.29136
-2.5971
-3.23956
-4.14763
-5.45134
-7.73695
-10.6179
-11.425
-9.87002
-10.8059
-14.5535
-18.0371
-20.9537
-23.7206
-27.7207
-33.1168
-41.5096
-53.6098
-67.4487
-79.9154
-94.9634
-109.205
-108.647
-92.735
-78.8002
-69.5188
-53.6876
-31.3998
-16.8784
-6.74508
-2.45922
-1.66758
-1.49592
0.0442228
2.25428
-1.94307
-1.93133
-1.92162
-1.91265
-1.95859
-2.05151
-2.08914
-2.07605
-1.94893
-2.08907
-2.86815
-4.17926
-5.50422
-6.68516
-8.19457
-9.1237
-9.87003
-13.039
-15.664
-19.1265
-24.4885
-35.3057
-44.8951
-60.8085
-105.831
-212.767
-314.723
-326.362
-248.653
-134.383
-63.7462
-27.3624
-8.3883
-2.63769
-1.70057
-1.36684
-1.27322
-1.22477
-0.815658
-0.417222
-1.96073
-2.01504
-1.94805
-1.87325
-1.94727
-2.0121
-2.01757
-2.00036
-1.96289
-2.0253
-2.42288
-2.96198
-3.45505
-3.88869
-4.64462
-5.26654
-5.33101
-6.17587
-7.3666
-8.91061
-11.2186
-15.3524
-22.8681
-36.9397
-74.5681
-188.319
-469.942
-537.982
-313.772
-121.176
-42.6749
-14.9234
-6.06905
-2.97182
-1.72812
-1.546
-1.55377
-1.5006
-1.96755
-5.18413
)
;

boundaryField
{
    inlet
    {
        type            calculated;
        value           nonuniform List<scalar> 10(284.497 275.483 270.966 266.783 264.341 264.341 266.783 270.965 275.483 284.497);
    }
    inletWall
    {
        type            calculated;
        value           nonuniform List<scalar> 
30
(
398.39
369.547
340.272
315.578
294.307
31.2712
201.579
305.884
386.463
437.934
-53.2099
-44.6307
-86.5598
-265.631
-415.141
398.391
369.548
340.273
315.578
294.307
31.3684
201.609
305.894
386.466
437.934
-52.8589
-44.1753
-86.187
-265.222
-414.817
)
;
    }
    bottleWall
    {
        type            calculated;
        value           nonuniform List<scalar> 
290
(
1876.5
1856.94
1837.45
1818.01
1798.68
1779.52
1760.53
1741.37
1722.33
1703.23
1684.33
1665.56
1646.89
1627.81
1608.94
1590.18
1571.49
1552.8
1534.05
1515.28
1496.59
1479.16
1461.13
1446.32
1431.35
1415.94
1401.34
1406.02
1396.34
1376.41
1354.53
1333.28
1313.27
1293.39
1273.72
1257.89
1244.9
1232.73
1221.3
1206.02
1191.14
1181.3
1167.51
1154.43
1143.72
1135.29
1126.91
1119.33
1111.88
1103.66
1093.9
1081.69
1066.38
1046.6
1021.71
990.908
953.918
910.682
861.758
808.607
753.57
699.163
648.473
603.754
561.379
522.012
484.193
452.977
418.213
382.737
348.655
317.307
289.512
264.694
242.186
222.701
205.805
190.578
175.768
159.917
150.04
135.497
121.394
107.354
92.1434
81.4006
73.5786
63.2189
56.3464
50.8249
48.8882
41.9687
36.6562
27.8193
15.5065
0.954846
-6.44177
-1.85217
-1.78668
-1.80518
1876.65
1877.03
1877.41
1877.78
1878.15
1878.53
1878.9
1879.26
1879.62
1879.98
1880.34
1880.69
1881.03
1881.37
1881.7
1882.02
1882.34
1882.64
1882.94
1883.22
1883.5
1883.76
1884.01
1884.26
1884.49
1884.7
1884.9
1885.09
1885.27
1885.44
1885.61
1885.74
1885.84
1885.95
1886.05
1886.13
1886.21
1886.27
1886.3
1886.31
1873.38
1873.69
1874
1874.32
1874.64
1874.97
1875.3
1875.63
1875.96
1876.3
1867.65
1867.65
1867.71
1867.78
1867.87
1867.98
1868.1
1868.21
1868.32
1868.41
1868.5
1868.57
1868.64
1868.69
1868.74
1868.79
1868.83
1868.88
1868.93
1868.99
1869.06
1869.13
1869.22
1869.33
1869.45
1869.58
1869.73
1869.9
1870.08
1870.28
1870.49
1870.73
1870.97
1871.24
1871.51
1871.8
1872.1
1872.41
1872.73
1873.06
1857.84
1838.1
1818.34
1798.5
1778.61
1758.65
1738.63
1718.52
1698.44
1678.26
1658.05
1637.78
1617.46
1597.28
1577.07
1556.87
1536.68
1516.55
1496.46
1476.43
1456.46
1436.54
1416.69
1396.91
1377.2
1357.55
1337.95
1318.42
1298.93
1279.48
1260.06
1240.66
1221.24
1201.79
1182.28
1162.68
1142.97
1123.1
1103.06
1082.84
1062.4
1041.7
1020.77
999.783
978.826
957.947
937.198
916.628
896.241
875.896
855.512
835.106
814.711
794.348
774.021
753.733
733.493
713.307
693.182
673.119
653.105
633.144
613.254
593.468
573.84
554.396
535.173
516.25
497.602
479.09
460.594
442.174
423.927
405.922
388.174
371.019
354.771
339.442
324.736
309.616
293.596
276.594
258.852
240.619
222.059
203.256
184.224
164.93
145.293
125.224
104.681
83.7619
62.7295
41.9247
21.608
2.19584
-2.6317
-1.97632
-1.94307
-1.96073
)
;
    }
    atmosphere
    {
        type            calculated;
        value           nonuniform List<scalar> 
80
(
-2.47474
-1.98879
-1.9714
-1.96463
-1.962
-1.962
-1.962
-1.962
-1.96367
-1.98123
-2.01758
-2.08043
-2.19025
-2.36236
-2.51665
-2.33278
-1.9641
-6.63174
-279.551
-1230.01
-1956.85
-1955.67
-1932.47
-1470.7
-869.905
-566.382
-377.48
-212.042
-92.0443
-17.173
-1.96219
-1.9627
-1.97067
-2.02757
-2.03508
-2.0075
-1.98692
-1.97924
-1.96992
-1.962
-1.96207
-1.96739
-1.96478
-1.96272
-1.96205
-1.97658
-2.01571
-2.07499
-2.14841
-1.962
-1.962
-1.96201
-2.34908
-3.03891
-4.22721
-5.44126
-1.962
-1.962
-1.96206
-1.96219
-1.96254
-1.96334
-1.96935
-1.97904
-54.0483
-303.418
-1544.22
-1778.91
-670.638
-166.566
-41.3338
-1.96203
-1.96894
-2.03902
-1.99294
-1.96273
-1.962
-1.97813
-2.09748
-2.48128
)
;
    }
    frontAndBack
    {
        type            empty;
    }
}


// ************************************************************************* //
