/*--------------------------------*- C++ -*----------------------------------*\
  =========                 |
  \\      /  F ield         | OpenFOAM: The Open Source CFD Toolbox
   \\    /   O peration     | Website:  https://openfoam.org
    \\  /    A nd           | Version:  8
     \\/     M anipulation  |
\*---------------------------------------------------------------------------*/
FoamFile
{
    version     2.0;
    format      ascii;
    class       volScalarField;
    location    "5.1";
    object      p_rgh;
}
// * * * * * * * * * * * * * * * * * * * * * * * * * * * * * * * * * * * * * //

dimensions      [1 -1 -2 0 0 0 0];

internalField   nonuniform List<scalar> 
9150
(
1963.66
1962.65
1962.03
1961.56
1961.32
1961.33
1961.56
1962.03
1962.65
1963.66
1963.23
1962.71
1962.29
1961.96
1961.8
1961.78
1961.96
1962.29
1962.71
1963.23
1962.95
1962.67
1962.42
1962.19
1962.09
1962.08
1962.2
1962.42
1962.67
1962.95
1962.84
1962.66
1962.49
1962.34
1962.25
1962.25
1962.34
1962.49
1962.66
1962.83
1962.84
1962.65
1962.52
1962.39
1962.32
1962.33
1962.39
1962.52
1962.65
1962.83
1951.85
1951.05
1951.35
1951.74
1951.91
1951.9
1951.73
1951.33
1951.07
1951.88
1955.91
1955.2
1955.02
1954.97
1955.07
1955.08
1954.99
1955.04
1955.22
1955.93
1959.04
1958.28
1957.97
1957.62
1957.55
1957.56
1957.62
1957.97
1958.28
1959.03
1961.77
1960.63
1960.18
1959.55
1959.38
1959.37
1959.54
1960.17
1960.62
1961.76
1964.37
1962.29
1961.54
1960.85
1960.58
1960.58
1960.84
1961.54
1962.29
1964.37
1947.16
1945.63
1943.77
1942.66
1942.07
1942.04
1942.52
1943.56
1945.67
1947.37
1946.26
1946
1945.01
1944.7
1944.29
1944.28
1944.78
1945.2
1946.23
1946.48
1945.9
1946.02
1944.97
1945.39
1944.94
1944.98
1945.48
1945.1
1946.13
1946.02
1942.69
1945.53
1944.48
1946.09
1945.89
1945.92
1946.11
1944.56
1945.59
1942.77
1936.52
1946.19
1946.59
1948.07
1948.46
1948.5
1948.12
1946.67
1946.25
1936.6
1016.71
1017.15
1017.71
1018.21
1018.41
1018.35
1017.91
1017.3
1016.62
1015.57
1016.26
1016.35
1016.77
1017.36
1017.18
1016.93
1016.77
1016.23
1015.09
1013.93
1015.91
1015.5
1015.5
1015.9
1015.58
1014.45
1013.48
1012.43
1011.64
1010.76
1015.84
1014.86
1013.85
1013.26
1012.38
1010.45
1009.29
1008.49
1007.9
1007.78
1016.04
1014.37
1012.66
1010.92
1007.99
1006.36
1005.15
1004
1004.59
1004.43
1016.27
1013.34
1010.74
1008.29
1005.21
1002.49
1000.56
1000.11
999.826
999.483
1009.35
1004.51
1007.66
1004.41
1001.68
998.56
996.262
995.189
994.193
993.733
999.871
996.334
994.318
1002.92
999.166
995.968
993.843
992.272
990.782
989.337
1006.73
992.951
988.351
990.132
998.195
994.91
992.726
991.717
990.698
990.263
1016.97
1006.92
989.441
974.559
969.916
983.222
986.267
977.055
969.765
968.99
1018.48
1015.68
1008.19
974.302
967.586
964.54
963.356
961.503
967.675
950.7
1017.71
1015.66
1011.13
973.988
969.015
967.541
980.112
1014.76
992.124
934.603
1005.49
1002.46
997.005
969.671
968.33
981.021
1007.54
1010.25
1000.78
995.08
1012.89
1004.76
996.697
978.325
966.064
983.335
1007.65
1007.78
1007.6
1004.13
1016.2
1013.97
1009.93
1007.51
993.436
988.277
1003.47
1008.89
1009.32
1010.11
1016.41
1015.46
1014.61
1013.76
1012.99
1011.35
1010.62
1010.52
1011.6
1014.02
1016.46
1016
1015.77
1015.59
1015.28
1014.95
1014.89
1012.85
1011.99
1015.52
1015.9
1015.91
1015.93
1015.97
1016.06
1016.08
1015.88
1013.68
1011.44
1011
990.468
1010.78
1015.81
1016.12
1016.19
1016.06
1015.78
1015.39
1010.5
1009.58
974.448
973.057
993.178
1016.59
1016.53
1016.45
1016.27
1015.87
1011.27
1009.24
971.979
970.587
969.874
972.795
996.916
1017.19
1017.41
1017.37
1016.37
1010.77
1010.74
971.769
970.153
969.718
969.345
990.482
1020.02
1020.11
1019.62
1015.41
1023.2
1017.78
975.808
971.572
971.652
971.678
1013.03
1024.16
1023.2
1022.25
1026.72
1028.15
990.938
973.605
974.428
974.636
1019.92
1028.81
1027.84
1026.57
1030.53
1030.19
978.029
976.487
976.66
997.765
1033.64
1033.46
1032.63
1031.67
1035.25
1016.37
980.272
980.353
997.394
1037.89
1039.1
1038.03
1037.02
1035.84
1040.37
1025.38
1022.15
1026.76
1044.56
1045.78
1044.6
1042.97
1042.6
1042.7
1044.31
1047.07
1049.03
1049.33
1049.86
1050.57
1035.24
975.281
911.01
863.73
1050.95
1051.3
999.837
925.862
907.542
887.064
843.982
828.884
828.779
829.201
1057.4
951.643
832.662
832.158
831.978
833.194
833.864
834.797
835.099
874.75
1028.03
836.049
837.623
843.022
891.589
915.801
947.152
981.552
1025.61
1065.41
994.826
990.868
1015.15
1048.06
1068.22
1086.28
1094.1
1099.7
1100.86
1100.45
1072.93
1077.95
1083.87
1072.35
1002.03
998.695
1084.07
1110.61
1114.51
1115.66
1071.15
1078.05
1084.97
1092.63
1086.56
940.545
845.951
943.329
1055.87
1065.55
1054.3
1022.85
1010.79
1016.14
979.434
879.779
830.028
840.259
885.727
870.592
926.703
831.692
658.798
659.225
670.848
687.591
819.428
883.005
885.988
888.931
521.57
537.214
575.678
716.142
850.238
958.307
1038.06
1065.63
1083.32
1101.78
440.849
604.321
959.423
985.448
992.966
973.159
903.966
933.27
1008.86
1053.11
444.549
903.881
968.83
975.05
851.912
671.911
609.814
614.288
717.15
953.966
573.923
957.99
976.129
771.617
573.193
577.02
582.527
586.04
603.771
932.223
709.237
993.336
949.107
590.372
559.868
563.813
569.485
573.471
745.743
1010.34
675.013
1037.79
958.205
585.287
560.976
561.839
569.918
623.072
916.181
1025.98
848.05
1063.45
1051.31
755.264
582.181
583.935
776.675
857.919
964.774
1042.05
1085.09
1086.04
1083.59
903.967
633.997
892.675
969.54
915.573
953.48
1060.05
1110.66
1112.39
1006.96
902.352
994.32
986.002
978.784
964.794
1014.6
1074.26
1122.23
839.387
736.218
989.173
1036.52
977.856
867.194
914.245
1076.4
1079.03
981.792
609.11
731.446
1069.77
1044.4
860.943
858.477
1028.77
1077.28
1074.57
615.528
587.852
1069.35
1080.03
1005.09
883.809
964.059
1088.02
1080.4
1060.58
564.521
695.911
1098.23
1076.7
1007.27
888.812
1069.44
1094.12
1080.98
960.183
570.567
957.79
1106.32
1089.81
1027.9
913.519
1111.41
1101.91
1088.5
876.777
618.051
881.188
1111.86
1116.45
1054.24
893.352
1129.36
1117.16
1105.62
1070.32
603.859
426.305
828.205
1105.82
1109.08
892.243
1008.36
1134.24
1119.28
1105.85
479.455
329.37
358.799
859.173
1074.46
1002.93
775.246
771.966
1052.17
1113.34
565.798
297.615
298.248
460.814
1031
1029.18
1012.13
967.919
661.687
442.811
777.055
291.546
289.638
393.472
1038.48
1058.59
944.881
376.815
181.624
171.371
1096.42
423.204
308.342
398.466
990.521
1051.29
895.129
179.04
176.791
176.873
1160.57
1029.09
404.499
394.633
986.547
989.215
1130.72
638.588
185.146
178.147
1189.01
1198.57
676.611
382.6
1018.22
1058.12
1155.96
1158.72
933.141
578.821
1202.03
1209.77
742.767
336.914
1014.44
917.048
1173.19
1172.58
1169.59
1168.53
1205.74
1214.2
690.289
262.549
1001.57
783.075
1157.94
1174.99
1172.16
1171.54
1059.33
846.493
461.382
164.349
980.781
786.757
462.656
1002.32
1179.57
1172.81
292.122
120.136
118.204
77.0522
1015.12
845.938
225.626
232.145
276.925
608.981
2.44609
2.40369
2.69382
63.2085
998.389
841.218
213.495
349.376
244.749
121.793
-0.449307
-0.257766
-0.234798
40.8672
991.761
845.827
156.682
376.518
188.227
19.7704
-0.494904
-0.498246
-0.392729
24.733
967.434
907.149
98.6154
380.341
157.574
1.12506
-0.485565
-0.514695
-0.541019
29.8876
1026.27
959.852
93.3253
377.973
252.486
1.04408
-0.540822
-0.530333
-0.560158
39.7253
1087.99
1049.34
92.5927
383.415
170.785
0.982569
-0.580383
-0.577967
-0.56867
81.5922
1160.36
1135.11
96.004
335.747
40.9981
0.956823
-0.56151
-0.561575
-0.552351
132.721
1215.45
1205.01
145.403
228.693
47.4913
0.935883
-0.540749
-0.541145
-0.544092
190.739
1264.77
1245.25
203.053
245.781
31.5496
0.890805
-0.5248
-0.51896
-0.542844
223.695
1289.19
1274.7
234.761
233.788
0.831698
0.834109
-0.515199
-0.430645
-0.553379
238.803
1315.62
1290.85
246.417
165.748
0.851438
0.839454
-0.488823
-0.377583
-0.542505
236.932
1337.93
1307.43
241.118
89.0356
1.82911
2.71167
-0.448017
-0.326007
-0.471533
218.8
1338.18
1333.81
220.902
1.72444
1.59071
2.76347
-0.208117
-0.333626
-0.398329
206.14
1340.63
1355.56
208.706
0.692059
0.672659
0.784859
-0.132001
-0.329533
-0.391532
201.732
1365.94
1356.95
201.458
0.613689
1.45134
1.17547
-0.25438
-0.231583
-0.39968
203.965
1395.11
1360.9
198.506
0.67897
1.52473
1.86321
-0.193565
0.124016
-0.329309
204.233
1396.23
1405.42
206.488
0.616543
1.66926
1.85808
0.213092
1.41652
-0.324982
226.117
1433.76
1432.11
225.023
0.579936
1.51623
1.83559
1.79725
1.77245
-0.326961
256.133
1466.62
1467.32
256.8
0.530072
1.16054
1.8048
1.77192
1.76012
-0.36106
295.635
1502.09
1502.42
296.139
0.467815
1.05372
1.44461
1.20717
1.0257
-0.39302
364.188
1542.92
1541.4
362.514
0.414389
0.967615
0.785661
-0.437513
-0.383213
-0.417498
462.952
1582.86
1580
459.384
0.414391
1.13135
1.48807
-0.409065
-0.405906
-0.41054
568.237
1615.55
1614.58
565.441
0.387508
1.36687
1.481
-0.376943
-0.37617
-0.378219
647.359
1640.22
1643.06
647.392
0.322468
0.573019
0.783165
-0.345994
-0.346704
-0.350065
694.121
1665.09
1663.29
692.527
0.287101
0.29117
0.279803
-0.311367
-0.312462
-0.318402
727.217
1690.21
1683.99
719.119
0.270202
0.265577
0.258091
-0.272176
-0.269749
-0.266539
758.325
1707.94
1715.27
763.619
0.243885
0.412024
0.24533
-0.237836
-0.240309
-0.246458
871.567
1738.42
1734.25
866.945
0.251805
0.59045
0.274716
-0.202167
-0.209841
-0.223348
1035.45
1762.2
1754.75
1021.52
0.26856
0.584336
0.750324
-0.16707
-0.175498
-0.18568
1198.3
1778.83
1777.73
1196.17
0.236444
0.227704
0.741651
-0.135612
-0.142076
-0.134255
1348.01
1797.2
1797.54
1346.33
0.199523
0.189217
0.352127
-0.111725
-0.111624
57.003
1489.38
1814.88
1818.36
1492.95
43.6448
0.159296
0.162854
-0.0942126
-0.093048
230.827
1641.52
1836.71
1835.5
1620.35
193.92
0.134153
0.133888
-0.0800792
-0.0794531
473.591
1783.38
1855.05
1854.04
1705
344.09
0.116587
0.117425
-0.0692612
-0.0738429
720.396
1841.51
1873.4
1873.62
1849.55
781.532
0.107931
0.105555
-0.0520592
-0.0460949
1254.97
1891.23
1892.69
1892.79
1891.79
1207.39
0.0954023
0.0886341
-0.0412323
239.741
1742.18
1911.54
1911.82
1911.13
1909.25
1573.81
95.9958
0.0728564
-0.0399147
1112.43
1925.63
1926.75
1926.88
1926.74
1927.05
1925.9
1057.05
0.0444352
621.679
1871.13
1938.95
1937.09
1936.46
1936.68
1937.7
1939.67
1877.25
606.368
1014.79
1014.18
1013.67
1013.41
1013.28
1013.18
1013.06
1012.92
1012.74
1012.52
1012.3
1012.03
1011.62
1011.02
1010.29
1009.47
1008.54
1007.38
1006.3
1005.01
1003.4
1001.59
999.246
996.467
993.523
991.648
991.562
992.231
992.44
991.748
989.87
990.118
991.257
993.971
995.318
995.703
995.653
995.593
995.938
996.133
1013.15
1012.71
1012.42
1012.41
1012.47
1012.53
1012.56
1012.51
1012.35
1012.11
1012.01
1011.84
1011.36
1011.02
1010.42
1009.69
1009.05
1008.01
1006.35
1004.76
1003.38
1001.76
999.303
995.747
990.915
986.006
983.897
985.356
987.401
986.097
985.281
987.596
989.681
993.058
995.863
994.773
993.843
993.755
994.191
994.201
1010.56
1010.29
1010.31
1010.45
1010.77
1011.13
1011.44
1011.72
1010.93
1010.82
1010.59
1011.1
1010.82
1010.81
1010.55
1009.97
1009.15
1007.21
1006.2
1004.94
1004.21
1003.46
1000.73
995.476
984.828
981.14
976.965
973.96
975.314
976.595
983.135
987.891
991.166
989.573
991.403
992.287
992.097
991.493
990.748
990.415
1007.78
1007.6
1007.85
1008.24
1008.72
1009.3
1009.77
1008.23
1009.03
1009.7
1009.44
1008.42
1007.94
1009.49
1008.46
1008.1
1007.38
1006.28
1005.89
1004.81
1002.49
1000.85
998.439
996.095
992.929
987.068
972.822
971.306
971.384
970.833
968.793
982.628
986.762
993.077
995.427
991.922
990.26
989.637
989.456
989.528
1004.23
1004.19
1004.39
1004.92
1005.7
1006.88
1006.59
1005.81
1007.35
1007.94
1008.68
1009.3
1007.51
1005
1003.6
1002.25
1001.16
1000.55
999.781
1001.78
1001.66
999.597
997.492
996.28
995.267
996.38
995.231
989.356
967.594
966.261
966.848
970.094
972.411
996.334
999.661
1000.97
1002
991.108
987.884
988.19
999.398
999.401
999.614
1000.17
1001.33
1003.01
1004.49
1004.55
1003.14
1005.53
1006.92
1005.54
1003.76
1001.69
1000.4
999.516
998.804
997.793
995.108
996.469
998.368
998.45
998.054
997.294
996.361
995.42
994.43
994.261
993.988
967.349
967.323
969.687
970.503
985.155
1001.39
1002.36
1003.28
999.587
987.86
988.478
993.503
993.567
993.218
994.113
995.258
997.308
999.217
1000.22
1000.39
1000.23
999.061
996.814
994.245
991.599
988.803
987.551
987.389
988.142
990.536
993.677
996.175
996.965
996.822
996.223
995.196
993.914
992.358
992.807
988.171
959.718
962.826
965.531
966.818
976.661
1002.19
1003.65
1004.39
1003.05
987.864
988.911
988.408
988.95
989.404
989.02
990.503
991.222
993.678
995.241
996.256
996.782
995.609
992.175
983.942
976.135
974.168
973.776
974.093
975.377
981.123
994.458
996.471
997.174
997.23
996.55
995.22
994.347
992.823
971.019
957.125
959.067
961.53
963.059
963.814
987.797
1004.78
1004.81
1004.57
1005.18
1003.01
994.316
989.989
989.803
989.802
981.754
972.864
974.592
990.591
994.218
991.446
993.453
995.664
985.401
975.272
975.704
975.605
975.233
975.443
978.781
995.078
997.465
998.931
999.959
1000.12
999.429
998.933
997.946
966.901
959.18
960.399
961.232
962.389
963.002
977.189
1007.15
1007.2
1006.03
1005.6
1006.89
1008.02
1008.21
958.93
951.793
951.607
941.788
936.665
954.066
994.679
999.968
979.779
967.642
995.035
996.022
976.09
976.691
976.289
975.557
981.951
997.637
998.651
999.696
1000.54
1001.13
1001.43
1001.61
1002.13
1003.12
994.808
983.98
988.115
996.227
986.198
991.914
1008.51
1009.95
1009.71
1009.14
1009.37
1010.2
1010.71
1011.99
932.358
932.474
932.554
933.279
934.901
942.428
999.336
1004.94
975.1
959.25
975.351
1001.14
995.892
977.887
977.277
992.634
997.567
995.983
999.003
1000.38
1001.21
1001.65
1002.01
1002.6
1002.97
1002.58
1001.53
999.873
1001.68
1006.52
1008.76
1011.35
1011.2
1011.57
1012.28
1012.41
1013.5
1013.88
1007.28
1007.5
931.981
931.552
931.059
974.107
998.679
994.936
1006.15
1005.28
981.93
954.13
953.085
1000.45
999.526
995.563
983.787
993.429
997.109
997.538
999.215
1000.91
1002.66
1003.86
1004.28
1002.47
995.469
996.332
997.385
1001.46
1003.6
1003.42
1005.16
1005.82
1007.21
1011.73
1013.62
1014.3
1014.97
1015.43
1003.18
1003.99
998.103
1002.79
1004.22
1001.41
1002.84
1008.05
1007.53
1007.05
997.258
947.4
944.081
956.396
996.963
996.686
995.899
984.846
984.46
993.064
999.77
1003.26
1005.03
1005.67
1000.45
993.789
994.853
998.026
1006.67
1007.42
1007.23
1005.8
996.36
978.443
988.534
1004.84
1006.66
1001.6
1013.35
999.378
1004.26
1015.58
1003.59
1009.62
1009.24
1003.18
1005.07
1008.64
1007.8
1006.32
1006.59
983.528
937.113
928.989
952.587
994.992
995.094
991.82
983.997
984.9
986.269
1005.13
1006.61
996.108
991.324
992.179
1003.34
1003.76
1004.37
1004.87
1005.01
1004.17
983.283
962.629
966.401
970.193
975.384
973.22
977.47
989.024
1017.33
1018.27
1010.88
1011.21
1011.08
1010.05
1006.88
1002.35
986.27
979.201
988.666
1001.42
981.599
922.833
921.082
930.85
989.604
998.016
998.874
988.004
979.42
982.743
1000.22
987.493
986.559
997.58
1000.18
1000.66
1001.17
1002.02
1002.76
1003.47
1005.09
987.783
966.261
968.675
970.732
972.574
975.193
998.422
1021.59
1021.16
1014.66
1014.68
1013.82
1011.3
984.372
977.312
976.67
976.191
988.016
1003.07
972.85
919.084
918.159
915.297
950.301
997.745
995.94
993.578
972.875
965.964
965.261
992.251
996.959
994.807
994.753
995.357
996.687
998.295
999.535
1001.02
1003.55
1006.96
1010.29
1005.85
978.841
988.165
1018.03
1017.94
1016.97
1017.62
1015.84
1015.05
1013.25
995.944
974.875
973.509
972.724
985.713
1001.05
999.905
954.738
918.209
916.754
945.846
982.807
991.964
942.846
917.691
942.127
981.429
985.732
985.722
981.066
951.61
944.097
983.317
991.369
994.599
996.437
997.23
999.414
1002.66
1006.17
1009.02
1011.27
1013.15
1013.23
987.71
974.271
1008.28
1014.33
1012.39
1009.33
1006.03
995.01
973.644
971.988
995.215
995.743
995.768
990.717
954.849
975.916
1002.84
997.38
921.929
850.846
851.245
857.307
965.72
983.839
982.193
969.492
906.062
906.496
956.788
992.419
992.286
969.673
961.117
982.665
997.363
1000.93
1004.22
1007.04
1008.71
1006.57
951.65
945.053
997.522
1009.84
1009.96
1006.63
1003.28
1001
1000.31
1001.85
989.772
984.463
993.679
1001.91
1002.58
1002.97
1002.1
988.847
869.138
850.743
851.196
850.631
850.61
908.646
926.982
874.817
875.228
902.232
987.194
994.126
963.458
943.145
943.54
943.261
962.392
990.391
1000.16
1003.32
1005.42
1005.92
970.379
941.018
986.552
1007.48
1008.14
1006.59
1003.57
1001.16
999.911
1001
1002.56
984.351
985.474
1000.36
1003.49
1004.24
1004.35
1003.62
932.899
853.693
853.546
853.085
852.324
850.843
849.278
850.785
908.966
993.903
993.086
992.601
953.032
941.56
942.544
943.931
944.548
946.674
997.414
1001.93
1003.94
1005.16
1003.34
939.35
985.315
1009.42
1007.87
1010.21
1007.55
1005.02
1002.27
1001.64
1004.44
990.806
986.878
1001.57
997.606
1002.64
1007.78
1007.15
1008.29
1001.33
894.54
851.894
858.609
931.791
985.158
1003.87
1002.18
999.496
975.315
966.601
966.03
948.016
940.318
953.186
944.069
948.06
992.225
1000.71
1002.76
1004.78
1003.59
961.986
980.815
1013.04
1014.7
1015.37
1013.59
1006.06
965.901
973.435
1005.14
999.657
1000.37
1009.43
1008.2
1007.56
1007.18
1008.42
1006.49
1010.88
1010.81
1007.9
1006.71
1005.01
1003.09
1001.98
1001.17
1000.23
946.297
859.815
880.09
934.716
976.947
989.097
987.887
987.795
998.382
1001.34
1002.78
1002.91
960.42
894.506
977.078
1020.02
1020.2
1020.04
1009.23
972.032
969.393
975.451
1010.3
1011.03
1007.65
1009.84
1007.44
1005.98
1006.34
1007.27
1008.11
1008.16
1002.95
1001.3
1004.71
1004.42
1003.25
1002.5
1001.41
1000.54
996.978
845.941
797.372
796.131
893.817
989.896
994.661
997.125
975.412
999.943
1006.09
990.471
877.27
848.474
914.94
1025.39
1025.06
1020.42
996.731
981.167
999.826
1019.88
1015.57
1010.94
1007.52
949.02
947.006
980.967
1000.3
1003.93
1006.03
1007.03
1006.37
1006.73
1006.6
1005.96
1004.66
1003.12
994.622
928.636
906.823
804.759
797.549
797.625
855.728
994.883
1002.12
960.84
963.47
1006.42
1005.27
875.203
839.937
843.535
867.931
1030.59
1029.26
1027.31
1000.97
1014.94
1023.44
1018.3
1011.72
946.063
883.08
868.914
867.054
883.465
989.45
1003.9
1004.59
1000.49
1005.17
1004.99
1005.21
1003.81
1002.75
1004.13
919.697
797.842
797.875
798.775
799.456
799.37
956.814
1006.28
1003.22
952.326
968.976
1011.22
912.565
841.376
840.605
842.099
922.315
1034.56
1032.63
908.188
872.966
915.692
916.87
915.81
874.424
868.241
868.868
870.856
869.897
942.4
1006.22
1002.95
991.806
988.077
867.26
902.299
999.631
986.1
964.122
1006.8
879.124
795.152
797.357
799.01
799.459
943.037
1017.05
1014.55
963.534
952.739
977.028
997.224
848.928
844.241
843.74
924.954
985.348
1012.35
891.332
821.086
823.717
824.752
828.35
846.75
886.301
901.468
928.595
975.51
991.338
1000.46
991.242
960.451
793.372
779.199
780.7
784.2
796.429
800.018
896.509
1011.91
997.674
884.577
799.72
833.11
991.475
1026.33
1025.03
982.952
953.577
954.34
958.003
981.86
890.834
962.884
887.7
1011.99
988.16
832.751
822.092
820.013
879.04
911.288
926.178
965.824
995.344
1015.75
1026.3
1024.21
1020.25
997.723
890.441
785.396
778.852
779.41
781.819
784.446
786.258
806.783
981.71
1013.26
1016.1
1018.04
985.728
1018.41
1026.45
1028.25
1000.71
957.357
955.981
957.767
991.873
1004.56
1015.66
1027.8
1030.78
1019.37
926.422
829.968
828.058
942.18
1044.27
1046.95
1043.61
1038.02
1030.91
1023.79
1013.05
938.019
863.142
841.765
840.782
889.248
887.945
842.301
832.174
831.253
866.75
986.965
1014.87
1017.01
1019.57
1022.03
1024.37
1026.05
1027.76
1028.89
965.367
958.668
960.717
1014.01
1030.11
1029.98
1029.9
1028.62
1028.79
970.703
922.24
942.622
1011.14
1063.78
1060.88
1054.42
1045.57
1036
1026.92
1010.59
873.18
838.324
834.489
832.33
833.257
885.44
902.16
909.598
899.014
894.685
924.995
990.831
978.818
971.121
978.394
1013.57
1025.3
1027.36
1028.32
1028.51
996.227
960.947
1021.94
1030.83
1030.87
1030.36
1029.55
1026.25
1000.64
918.687
919.015
1082.35
1079.88
1074.16
1066.7
1057.97
1047.32
1033.84
1018.26
1007.92
988.231
937.037
896.955
919.111
941.589
989.815
1004.57
1007.11
1009.42
1011.85
1005.36
1003.4
911.128
786.098
790.212
830.572
1012.56
1029.01
1027.14
1029.27
1030.53
1020.83
1029.71
1029.63
1030.05
1030.57
1029.77
1025.76
975.551
918.36
918.784
1098.25
1093.98
1086.93
1078.08
1066.5
1052.4
1035.64
1012.71
984.921
979.024
972.514
967.923
952.558
957.836
973.728
989.531
995
998.558
1002.54
1006.64
1009.91
1013.33
1019.32
957.069
743.903
742.801
740.46
902.235
1030.39
1029.75
1028.64
1028.48
1026.29
1028.01
1028.29
1029.22
1028.96
996.291
963.486
932.691
1114.85
1113.88
1104.7
1092.5
1078.44
1064.18
1041.54
977.06
947.062
933.439
891.499
784.523
651.449
649.434
719.824
824.589
905.999
960.736
990.042
996.82
999.767
1003.37
1009.12
1016.22
1024.31
872.152
733.785
735.163
780.02
1009.4
1031.64
1030.1
1020.35
1004.94
1003.04
1024.14
1025.08
1027.42
1029.6
1030.79
1035.74
1066.8
1048.35
1003.15
971.932
982.188
982.289
943.739
897.089
828.237
608.835
590.272
586.996
586.448
586.617
590.981
595.15
598.419
838.747
982.063
975.742
983.258
992.655
1002.88
1013.4
1023.62
895.433
734.544
736.713
797.843
1016.24
1029.71
1027.41
990.574
932.254
980.469
1016.77
1018.67
1024.48
1020.86
863.679
887.191
875.079
858.827
838.56
819.139
800.591
908.96
963.608
816.264
630.746
578.565
567.76
563.972
625.347
825.528
683.291
558.957
555.432
538.901
592.403
873.649
976.649
988.934
1003.01
1016.74
1029.45
853.961
728.149
728.192
847.394
1029.26
1034.31
1028.06
994.489
748.377
853.606
947.748
990.94
965.26
877.791
882.866
912.148
1001.89
965.674
836.944
878.358
999.833
971.206
942.753
927.189
888.506
682.08
762.047
849.685
848.264
847.084
853.133
829.899
516.876
454.293
452.467
679.606
963.408
990.587
1008.57
1022.45
1032.71
823.288
728.721
731.964
988.865
1045.56
1041.83
1018.02
654.755
594.622
835.977
969.442
970.879
1107.52
1093.56
1078.09
1062.83
1041.62
1013.26
982.341
948.496
911.9
872.817
832.82
800.531
778.687
735.156
736.031
768.944
791.456
809.47
817.378
647.334
392.758
383.629
468.037
843.707
971.484
998.076
1019.91
1033.28
991.473
728.596
731.291
932.973
1047.08
1032.27
721.572
565.156
567.629
815.71
1020.92
1023.77
1057.92
1044.43
1034.81
1017.8
992.152
957.655
913.644
779.409
628.609
464.963
317.644
257.098
247.633
232.36
203.151
191.935
275.374
609.374
792.389
780.328
498.527
338.744
375.986
758.229
958.338
985.264
1006.97
1020.95
1034.07
806.229
715.101
962.971
967.199
687.914
545.265
549.939
553.242
836.126
1038.51
1038.12
982.941
988.263
995.195
981.66
950.891
907.974
653.047
195.017
159.427
154.801
151.829
149.174
147.236
146.852
147.797
149.404
151.752
156.854
179.502
313.129
305.163
301.721
317.378
507.002
909.348
966.552
989.322
1004.17
1019.3
807.197
660.713
936.196
718.333
531.583
532.917
535.626
538.038
855.38
1039.39
1039.55
999.841
1001.78
982.829
958.138
923.958
548.048
163.59
155.705
152.396
149.156
146.015
143.024
140.681
139.463
139.378
141.691
145.888
150.137
155.238
163.201
199.758
304.936
522.63
818.822
927.792
946.432
963.814
979.336
993.306
654.515
516.758
557.129
609.265
584.848
519.822
522.251
523.846
881.741
1038.9
1039.67
1008.98
993.39
973.52
947.951
882.714
253.878
156.129
151.95
148.076
143.908
139.819
136.68
135.27
134.499
134.023
135.967
139.914
144.667
148.59
286.219
580.377
811.431
902.425
922.489
924.373
930.866
941.498
938.044
678.86
469.866
487.68
497.947
501.402
505.213
507.885
510.582
512.209
902.564
1040.87
1042.13
1017.66
1003.58
983.537
953.902
646.662
167.62
154.67
151.592
147.704
143.212
139.075
135.507
133.073
132.142
131.955
133.437
136.784
139.791
243.194
776.882
921.521
926.858
895.26
717.467
714.334
834.592
817.469
561.023
432.788
453.123
469.398
480.127
487.417
493.124
497.631
500.861
503.29
828.484
1045.11
1046.09
1038.93
1028.89
1008.66
975.095
575.421
171.471
155.01
152.579
149.547
146.25
142.719
139.114
136.195
134.985
134.576
135.582
138.062
147.21
597.411
932.098
943.184
949.364
758.68
399.282
393.585
427.503
432.772
417.111
429.097
443.002
453.692
464.722
475.409
483.176
488.391
492.861
494.546
818.309
1048.73
1050.57
1065.78
1055.37
1036.58
1005.89
866.721
422.513
157.538
152.688
149.412
147.1
144.872
142.723
141.5
141.314
141.982
143.035
143.984
149.777
685.287
958.523
965.306
974.815
770.529
406.328
407.814
412.174
419.247
426.91
432.926
438.103
450.57
648.94
834.987
564.217
481.55
486.306
487.956
918.54
1052.34
1044.93
1075.17
1065.15
1049.82
1026.61
999.199
888.066
418.816
186.782
150.202
148.105
146.908
145.649
145.011
145.068
145.595
146.399
147.174
167.222
612.453
957.748
985.285
997.81
947.618
492.19
421.038
425.779
431.044
434.944
438.927
444.432
732.264
983.337
1011.37
962.296
545.343
485.562
485.89
945.345
1061.12
956.128
1073.32
1065.35
1053.65
1037.9
1021.21
1006.13
993.084
787.327
303.366
167.309
149.352
148.565
148.026
147.679
147.241
146.666
145.546
145.927
348.764
758.929
968.959
1011.82
1025.69
927.351
509.683
435.539
438.115
441.765
445.119
524.235
963.231
1009.73
1016.79
1023.24
744.007
493.581
756.705
996.087
966.077
958.421
1067.96
1060.14
1051.89
1043.6
1033.88
1024.52
1015.69
1007.37
1000.31
740.185
292.905
185.688
151.195
150.188
150.574
150.82
150.533
150.086
150.744
244.622
505.425
746.461
887.89
928.839
741.972
542.009
508.829
550.3
624.119
793.436
1010.26
1016.64
1022.06
1027
710.128
573.351
1093.68
1018.44
961.25
959.933
1030.62
1026.77
1047.9
1046.31
1041.81
1035.71
1029.79
1025.77
1022.11
1019.05
1016.23
865.456
429.496
287.211
208.306
158.307
158.023
159.374
162.083
165.714
175.546
211.022
324.392
584.294
861.021
953.258
972.982
983.588
1003.89
1017.53
1020.44
1022.47
1023.87
1007.86
708.168
849.35
1090.71
1074.65
1063.7
1068.04
692.665
696.021
960.222
1026.67
1049.31
1046.66
1043.74
1042.72
1041.31
1039.22
1036.82
1032.95
1032.05
1035.97
1008.59
505.599
242.356
198.711
197.19
210.579
201.827
285.586
501.482
671.12
871.963
1021.14
1028.24
1029.56
1030.13
1030.6
1030.56
1029.81
1029.32
894.609
701.364
1090.62
1089.81
1093.59
1093.82
1095.07
602.366
596.668
594.192
670.391
962.038
1019.65
988.469
1001.31
1054.01
1057.17
1055.86
1054.45
1055.93
1057.6
1058.49
1059.07
1061.35
1068.92
996.366
687.408
353.587
289.199
307.673
649.779
1021.06
1035.19
1038.43
1040.84
1041.06
1040.32
1038.39
1036.16
997.454
691.165
858.6
1098.36
1073.35
1079.67
1099.21
1101.27
854.376
641.183
642.454
629.662
628.862
686.259
542.077
529.809
736.363
897.733
1021
1071.71
1072.03
1073.22
1075.63
1078.31
1081.25
852.977
522.545
430.757
334.349
299.715
333.604
611.013
1010.81
1035.74
1040.22
1044.82
1046.09
1046.52
1033.79
892.147
706.456
686.952
900.728
871.37
763.352
1015.92
1108.25
1112.72
1088.56
1011.51
989.697
666.882
661.977
730.006
472.704
432.958
429.162
424.785
457.26
930.664
1063.56
1082
1082.93
1082.52
1064.08
653.114
417.638
409.368
402.34
654.743
848.327
777.636
702.902
701.037
838.29
1003.45
899.8
764.519
701.804
694.102
692.895
691.135
809.979
733.673
741.989
958.32
1124.49
1102.26
967.961
999.165
877.826
798.635
1063.24
1095.87
1013.76
803.233
607.046
410.718
408.772
406.785
462.403
959.181
1040.62
1078.52
1083.91
1059.84
659.095
439.969
576.017
960.834
1085.4
1088.1
959.223
707.825
708.305
705.789
705.244
705.598
705.583
705.122
704.302
703.48
701.154
740.887
1039.47
1076.34
1074.83
910.047
425.727
842.332
798.158
1091.25
1093.81
1097.19
1099.18
1100.88
1101.66
799.987
447.672
400.726
399.498
397.832
401.344
910.403
1093.94
1105.8
1112.29
1079.82
1033.99
1087.13
1093.47
1094.26
1095.29
1090.83
1065.36
1038.06
980.279
946.154
933.448
861.162
826.419
902.333
933.811
934.439
877.456
868.164
862.428
862.493
172.017
348.755
712.367
1042.2
1094.61
1102.29
1104.9
1105.93
1104.78
1104.25
983.46
449.875
400.006
400.311
400.781
400.891
936.624
1115.18
1122.38
1128.37
1133.12
1069.22
972.53
974.278
974.687
1123.15
1129.03
1131.49
1133.97
1086.69
920.981
878.603
917.834
923.706
898.953
874.421
869.85
866.056
865.168
865.094
175.114
172.788
188.093
484.029
1040.64
1030.6
903.663
916.385
958.735
1009.53
1008.47
978.955
663.14
650.589
420.482
561.43
904.918
955.936
1061.06
1110.29
1129.94
1131.53
1132.6
1108.88
900.414
899.904
899.742
988.658
1134.19
1138.76
1020.73
917.015
1081.6
1121.04
1062.98
1037.14
1082.47
1093.38
1058.03
1069.98
176.64
175.606
222.532
580.056
805.918
534.692
272.785
147.861
167.562
345.38
363.98
602.484
763.471
854.99
848.771
751.346
700.99
703.626
784.357
1112.6
1131.15
1131.76
1132.32
1133.06
1134.79
1110.5
1101
1070.73
1132.97
1135.43
1136.74
1139.15
1140.35
1141.88
1142.25
1141.54
1141.08
1140.48
1090.29
1086.06
369.867
617.523
676.903
674.694
625.87
344.49
140.115
64.8212
70.9585
77.7496
94.5306
493.278
855.628
854.01
852.634
746.729
721.441
1006.09
1135.3
1134.54
1133.04
1130.29
1126.14
1119.51
1086.34
1061.55
1056.18
1118.91
1125.74
1125.16
1125.79
1127.41
1130.73
1133.35
1134.74
1135.2
1134.85
1133.22
1132.28
1130.74
1131.27
1076.16
747.512
591.989
582.649
561.866
324.148
42.5006
27.3777
34.2903
210.636
683.649
770.892
812.411
818.095
732.838
852.393
1018.76
1077.15
1087.81
1068.18
1029.2
970.244
728.875
491.975
482.681
732.433
1042.18
1081.08
948.553
875.717
868.049
910.716
962.445
990.226
1019.34
1020.72
1025.97
1025.88
1031.48
1173.06
1176.05
1031.86
1006.26
832.206
531.613
77.3231
29.0179
15.8005
41.9472
82.9011
0.649599
0.202654
0.0916629
7.95654
20.3087
26.5905
117.374
260.917
321.587
254.536
144.72
102.238
160.862
401.349
512.702
447.224
373.715
362.197
348.858
272.418
122.398
115.217
170.464
199.468
214.664
222.585
229.457
219.637
216.031
1174.13
1078.31
975.09
648.115
213.696
33.5801
7.89933
15.0559
10.9297
29.0232
25.6573
11.4256
-0.0327097
-0.0318228
0.0541277
0.116947
0.159418
0.174623
0.225647
0.29582
0.381188
0.455291
0.523602
0.528441
0.444816
0.509977
108.042
161.041
129.419
115.935
1.24035
0.512116
0.525573
0.560749
0.557766
0.564811
0.562109
0.562279
0.567235
0.56334
659.507
486.237
227.028
1.42686
1.21259
1.33736
6.1323
8.0963
8.96179
14.3683
15.2265
15.6346
9.21079
3.86285
0.124543
0.277096
0.332396
0.206774
0.275548
0.600036
0.702137
0.666723
0.721451
0.57444
0.488441
0.519237
0.517068
0.52055
0.515931
0.519592
0.562212
0.547314
0.546786
0.552937
0.555323
0.551256
0.554136
0.555024
0.594911
0.715212
19.0717
2.23874
1.45462
1.2084
1.14624
1.13358
2.90208
9.29364
8.41894
12.3339
9.19226
7.2407
4.38242
2.38784
0.721235
0.182585
0.208971
0.240657
0.273081
0.438861
0.714205
0.738652
0.754858
0.808423
0.84144
0.683885
0.483983
0.493403
0.507636
0.519872
0.541023
0.560235
0.57826
0.670748
0.727351
0.59999
0.549232
0.553249
0.646478
1.12483
17.5426
14.8225
14.524
5.9115
1.00138
1.02537
1.05656
2.81182
4.20369
8.61315
10.5553
9.062
2.09394
0.448072
0.327231
0.312806
0.319449
0.329505
0.345328
0.366517
0.389308
0.412034
0.432929
0.483521
0.491447
0.484808
0.507395
0.519444
0.520303
0.512068
0.522843
0.528283
0.532183
0.53541
0.713526
0.739542
0.737804
0.555052
0.634447
1.13198
16.4278
1.06664
1.11446
5.00842
0.929981
0.941332
0.947985
0.941838
0.92857
2.9456
7.65143
5.75803
1.54365
0.801778
0.545203
0.458783
0.467244
0.505383
0.502345
0.429497
0.424321
0.429022
0.545155
0.625736
0.462413
0.444952
0.456263
0.466495
0.476072
0.486896
0.520789
0.590676
0.531776
0.522364
0.675322
0.735605
0.625463
0.542607
0.546626
1.09702
2.2045
1.01399
0.962454
0.936399
0.931675
0.921112
0.913882
0.889678
0.859003
0.818383
0.986262
1.11396
1.49334
1.13209
0.708445
1.12917
1.15495
1.13877
1.12584
0.761416
0.466413
0.841629
0.862458
0.820362
0.45473
0.437401
0.452626
0.460336
0.459847
0.53681
0.763571
0.77403
0.641372
0.502101
0.528855
0.567299
0.525515
0.527689
0.531516
1.24261
0.981107
0.958843
0.942605
0.923915
0.914277
0.901074
0.884077
0.859492
0.830776
0.79861
0.806426
1.11473
1.36987
1.24204
0.847951
1.18494
1.2138
1.19374
1.17661
1.14989
1.11597
0.968189
0.531475
0.442205
0.436952
0.435613
0.538463
0.795258
0.803038
0.810041
0.787268
0.536884
0.482679
0.485829
0.496007
0.51267
0.526513
0.514823
0.529277
1.24381
1.3373
1.21953
1.67106
1.93955
1.0708
1.17385
1.44951
1.46943
1.359
1.18743
0.947369
0.774589
0.764885
0.747766
0.936935
1.27639
1.24054
1.1849
0.617943
0.496769
0.487049
0.513724
0.711818
0.606653
0.547722
0.507852
0.48676
0.540386
0.660059
0.655462
0.524315
0.463528
0.463089
0.475416
0.486382
0.537811
0.544429
0.508866
0.553742
1.27175
1.74265
1.9594
1.9506
1.94057
1.93373
1.91933
1.90035
1.8766
1.84954
1.65797
1.05704
0.683863
0.682789
0.97318
1.31457
1.28271
0.947667
0.527011
0.515188
0.503829
0.515428
0.858418
0.913903
0.904451
0.895794
0.730767
0.432514
0.431084
0.435255
0.445433
0.449083
0.451357
0.461544
0.473456
0.494859
0.535288
0.508475
0.505416
0.849731
1.28678
1.42679
1.89035
1.88294
1.8768
1.8695
1.8583
1.83937
1.81945
1.80018
1.72786
1.0747
0.646246
1.01575
1.32578
1.30651
1.13113
0.538144
0.526171
0.515693
0.508993
0.808252
0.935839
0.927034
0.915681
0.503018
0.44417
0.437701
0.432646
0.431867
0.454023
0.522059
0.538333
0.543855
0.54701
0.541748
0.514671
0.508957
0.604653
1.20297
1.28351
0.826258
0.817931
1.01425
1.81977
1.83011
1.8172
1.24838
0.948622
0.905126
0.677672
0.628914
0.610494
0.721865
1.07328
1.292
0.642369
0.533481
0.523003
0.512578
0.503803
0.495858
0.661085
0.935275
0.925927
0.559118
0.444784
0.437846
0.480547
0.600336
0.596054
0.911974
1.4956
1.50642
1.51266
1.51923
1.53182
1.4568
0.986979
1.09773
1.02626
0.813679
0.795384
0.787391
0.778518
1.59774
0.970157
0.626873
0.613721
0.599479
0.587432
0.579302
0.59941
0.607753
0.602104
0.591326
0.581269
0.730072
0.830369
0.821829
0.806832
0.6969
0.489672
0.510032
0.581475
0.613087
0.446232
0.428032
0.418397
0.484865
0.697883
0.786686
0.772421
1.2499
1.49977
1.50991
1.5173
1.523
1.52891
1.53153
1.14706
1.33349
0.774158
0.773026
0.776071
1.25592
0.62827
0.614784
0.601296
0.587139
0.574748
0.573783
0.712526
0.726978
0.714222
0.645291
0.613286
0.586727
0.569943
0.540902
0.528148
0.505649
0.478272
0.46944
0.460914
0.479066
0.49456
0.442159
0.413469
0.408283
0.431337
0.423115
0.419322
0.42016
0.421118
0.620446
1.30394
1.50255
1.51177
1.51729
1.04521
2.52495
0.825569
0.763658
0.839951
0.912628
0.618988
0.69399
0.788769
0.589613
0.554049
0.542052
0.561422
0.664716
0.672518
0.661025
0.649633
0.637776
0.53791
0.579597
0.814913
0.83415
0.706525
0.456396
0.448388
0.441573
0.467305
0.462455
0.415311
0.4014
0.399443
0.412681
0.433755
0.414782
0.411615
0.410335
0.409496
0.614355
1.43657
1.51616
1.05353
0.94061
0.796641
0.910602
0.908247
0.599697
0.613276
0.963061
0.979287
0.822072
0.528069
0.517411
0.506759
0.496054
0.485131
0.496134
0.51145
0.473643
0.479277
0.606325
0.818633
0.814169
0.810036
0.807004
0.799669
0.526795
0.418603
0.414935
0.397483
0.395558
0.39998
0.567098
0.575469
0.530232
0.405469
0.404152
0.402731
0.402229
0.605338
1.53485
0.998493
0.69602
0.703343
0.850119
0.807318
0.533336
0.590574
0.941446
0.936179
0.929716
0.595888
0.486789
0.478925
0.469919
0.459978
0.449172
0.438482
0.428658
0.419286
0.410697
0.404077
0.588994
0.792854
0.789884
0.78626
0.784267
0.646246
0.390791
0.387947
0.387878
0.489019
0.564181
0.476969
0.436578
0.660836
1.11287
0.771593
0.404962
0.523453
1.54624
0.879731
0.71294
0.6758
0.827655
0.607327
0.47613
0.473307
0.744365
0.890944
0.890081
0.792359
0.451992
0.447472
0.441259
0.433455
0.424764
0.415724
0.406741
0.398107
0.39058
0.384276
0.378899
0.401874
0.562623
0.64255
0.683832
0.528939
0.374762
0.378818
0.380951
0.466412
0.45686
0.432882
0.431521
0.943858
1.1093
1.10517
0.653486
0.577636
1.31091
0.87814
1.51561
0.673501
0.666549
0.450827
0.434579
0.424108
0.43242
0.714157
0.852183
0.850355
0.530819
0.420552
0.416872
0.411217
0.404805
0.398678
0.390818
0.383684
0.376426
0.369631
0.363345
0.357893
0.353319
0.355389
0.365481
0.369445
0.366768
0.372472
0.375623
0.37653
0.377121
0.473318
1.07763
1.10766
1.10621
1.106
0.771283
0.921311
0.475095
0.517122
1.82325
1.22542
0.510562
0.425472
0.408255
0.396593
0.391182
0.390776
0.668064
0.821831
0.782692
0.399756
0.450504
0.392385
0.38787
0.390359
0.452138
0.495044
0.396689
0.36007
0.354548
0.350274
0.34795
0.347548
0.349697
0.354425
0.360191
0.371315
0.757949
1.06188
0.930297
1.09466
1.10329
1.09955
0.832351
0.665391
0.92547
0.923283
0.425245
0.42032
1.79828
1.78593
0.526155
0.397758
0.386015
0.376791
0.371522
0.389851
0.409123
0.73501
0.866998
0.712399
1.12073
0.559596
0.37664
0.376562
0.706105
1.16041
0.872429
0.364591
0.347661
0.34402
0.341518
0.341024
0.342361
0.397126
0.929482
1.05094
1.05236
1.0514
1.04839
0.890421
0.719235
0.717599
0.71475
0.791881
0.793848
0.552184
0.605881
0.407844
1.77775
1.49915
0.450294
0.373363
0.366236
0.358075
0.351577
0.397904
0.399012
0.579679
0.852957
0.932513
1.11621
1.11126
0.407414
0.383802
0.832157
1.1433
1.14258
1.03621
0.370635
0.367759
0.333248
0.369935
0.854978
0.976136
0.931769
0.709724
0.7103
0.716158
0.814766
1.25427
0.918342
0.71235
0.70784
0.704917
0.703478
0.819838
1.19111
1.0991
0.937799
0.493304
0.369431
0.359728
0.351203
0.341977
0.335317
0.379377
0.391789
0.632354
0.821596
0.570204
1.07798
1.11891
0.997001
0.387984
0.670784
1.13669
1.1328
1.12841
1.12418
0.887648
0.393239
0.768723
0.805283
0.886613
1.23069
1.22604
1.21787
1.22451
1.22795
1.23275
1.23405
1.23276
1.22457
1.21145
0.922872
1.17566
1.1748
1.17498
0.708994
0.424102
0.358431
0.352516
0.341629
0.331738
0.324552
0.348722
0.321621
0.604132
0.840779
0.565682
0.64575
1.11226
1.11654
0.899889
0.64457
0.851698
1.12684
1.11881
0.637432
0.335648
0.332184
0.378194
0.361218
0.517253
1.20787
1.19552
1.19302
1.19829
1.20588
1.20944
1.16706
0.81438
0.637988
0.685654
0.735979
0.963592
0.603085
0.758819
1.39232
1.23801
1.09833
0.949059
0.400247
0.321988
0.317486
0.315963
0.315714
0.555535
0.832522
0.598687
0.560929
1.0725
1.10534
1.10172
0.934221
0.874318
1.11747
0.723753
0.328316
0.324602
0.319661
0.304781
0.292161
0.293961
0.410854
0.479199
0.689684
1.18867
1.03748
0.703675
0.349164
0.243187
0.243075
0.242438
0.287079
0.249262
0.242502
0.242381
0.606509
0.636787
1.24628
1.25052
1.14259
0.356695
0.300447
0.303646
0.443797
0.781056
0.651694
0.502478
0.529428
0.731766
1.04215
1.09143
1.10054
1.10168
1.10306
1.10178
0.846665
0.464341
0.46701
0.286383
0.279249
0.27148
0.335227
0.42034
0.529729
0.346273
0.224704
0.226916
0.228455
0.229647
0.23066
0.263069
0.290363
0.233368
0.229899
0.229612
0.280427
0.279031
0.714997
1.23452
0.929432
0.296865
0.282279
0.334912
0.695741
0.756409
0.45468
0.738305
0.735577
0.68004
0.562602
0.559356
0.559509
1.03458
1.0911
1.02988
1.03962
1.0423
1.04306
0.535362
0.29389
0.230087
0.318303
0.512783
0.463893
0.277097
0.216884
0.216281
0.216702
0.216922
0.235035
0.279671
0.279327
0.22293
0.216644
0.216392
0.258382
0.257594
0.29843
0.699991
0.370855
0.284309
0.441078
0.454129
0.341409
0.342485
0.288699
0.70859
0.712817
0.709749
0.706286
0.546926
0.544797
0.541626
0.547028
0.516823
0.61424
0.765425
1.02678
0.969867
0.48329
0.212227
0.323342
0.360691
0.236345
0.219002
0.219808
0.236791
0.212405
0.205348
0.227181
0.266451
0.266286
0.228142
0.202841
0.2027
0.244982
0.242464
0.239308
0.236094
0.235052
0.384279
0.457595
0.359668
0.225052
0.222161
0.216741
0.292205
0.312078
0.485796
0.559766
0.520492
0.513641
0.518202
0.515689
0.494545
0.331607
0.276712
0.264361
0.267059
0.210996
0.19063
0.205078
0.188934
0.188728
0.251342
0.342883
0.366631
0.33596
0.288609
0.21677
0.241333
0.249571
0.218203
0.188491
0.18841
0.237225
0.232144
0.228744
0.225221
0.220009
0.317695
0.402291
0.207034
0.205944
0.202978
0.198121
0.192379
0.187239
0.184011
0.181338
0.181219
0.281213
0.68058
0.712049
0.713215
0.659749
0.269379
0.174682
0.174719
0.174636
0.174271
0.173488
0.173671
0.250183
0.352292
0.352421
0.352619
0.35279
0.352874
0.285515
0.179576
0.177084
0.176511
0.174713
0.180845
0.569311
0.216543
0.214461
0.211023
0.207304
0.20438
0.203237
0.297759
0.274197
0.191457
0.185298
0.18147
0.177725
0.230897
0.202614
0.170133
0.168355
0.266082
0.710599
0.637099
0.31672
0.239402
0.196268
0.192143
0.157937
0.157362
0.157391
0.166485
0.299483
0.337892
0.337882
0.338052
0.338405
0.338803
0.339163
0.182952
0.159684
0.159442
0.161619
0.176964
0.662848
0.200821
0.253403
0.272685
0.216848
0.194736
0.254788
0.383998
0.378827
0.223306
0.173209
0.170484
0.199268
0.257615
0.253911
0.182143
0.159558
0.158749
0.701977
0.205779
0.146377
0.145569
0.144984
0.144458
0.144087
0.144311
0.143129
0.14993
0.190247
0.173672
0.204286
0.287758
0.32406
0.32482
0.325376
0.272623
0.147601
0.144097
0.145329
0.1619
0.27056
0.252958
0.359972
0.359407
0.356498
0.342724
0.372194
0.368531
0.302276
0.167414
0.161614
0.164226
0.270663
0.206075
0.178016
0.175859
0.151127
0.185038
0.294254
0.142989
0.133716
0.132696
0.131778
0.130828
0.130038
0.128704
0.127178
0.12803
0.124527
0.124415
0.124456
0.127483
0.249498
0.311539
0.312117
0.312376
0.156235
0.128592
0.12891
0.146421
0.169462
0.210171
0.278223
0.314559
0.335398
0.354913
0.282364
0.191809
0.154227
0.152115
0.157419
0.206832
0.348087
0.344886
0.340706
0.336925
0.219106
0.174301
0.133548
0.164926
0.123551
0.119147
0.118028
0.116831
0.115602
0.114291
0.115297
0.112967
0.111068
0.110605
0.110246
0.10991
0.109663
0.264476
0.299853
0.285915
0.149588
0.114114
0.11382
0.131258
0.133922
0.136896
0.134054
0.138879
0.152282
0.185605
0.178058
0.201026
0.29949
0.32037
0.371916
0.375175
0.371289
0.260381
0.116333
0.113447
0.111865
0.123302
0.117602
0.142545
0.11619
0.110423
0.108205
0.103838
0.102555
0.106044
0.111235
0.103961
0.0970475
0.0964625
0.0959845
0.0955443
0.0950302
0.110884
0.20636
0.149948
0.139241
0.120152
0.0995446
0.102026
0.117091
0.116474
0.115707
0.114885
0.114303
0.114391
0.21304
0.387006
0.3859
0.383766
0.283884
0.135883
0.10051
0.0984598
0.101477
0.11846
0.111582
0.10308
0.102057
0.100802
0.106556
0.124441
0.124837
0.119959
0.112632
0.107621
0.096213
0.0851893
0.0825907
0.0820812
0.0816541
0.0813045
0.0809644
0.0806132
0.0802688
0.110451
0.133391
0.130465
0.0816623
0.0802591
0.103591
0.101209
0.0995607
0.098533
0.0982364
0.281628
0.371228
0.369327
0.302755
0.102514
0.0873962
0.0825767
0.0817768
0.0889273
0.13759
0.143351
0.142464
0.119844
0.100525
0.0909021
0.110645
0.109937
0.109277
0.108144
0.095121
0.0742751
0.068651
0.0681553
0.0676961
0.0672757
0.0669078
0.066565
0.066261
0.0660483
0.0665383
0.105509
0.119585
0.113381
0.0652521
0.0655781
0.0885755
0.084552
0.0821268
0.259504
0.332528
0.328665
0.283549
0.0733721
0.0812665
0.0668061
0.0658045
0.064736
0.0640363
0.0841455
0.127273
0.126602
0.125765
0.114107
0.104613
0.100382
0.0791182
0.0763176
0.0672225
0.0545105
0.0540053
0.0535657
0.053158
0.0527647
0.0523868
0.0520237
0.0516815
0.0513985
0.051184
0.0509974
0.0522773
0.077222
0.105903
0.0777282
0.0504704
0.0508266
0.0611646
0.0813114
0.29865
0.31671
0.314621
0.177595
0.0515235
0.05181
0.051092
0.0488549
0.0477753
0.0468162
0.0458033
0.0456098
0.06087
0.110637
0.0835492
0.041982
0.0413117
0.0405932
0.0400811
0.0395151
0.0390028
0.0385657
0.0381717
0.0378191
0.0374956
0.0371899
0.0368978
0.0366246
0.0363736
0.0361396
0.035956
0.0358202
0.0357513
0.0355944
0.0759371
0.0586687
0.035721
0.036062
0.0414437
0.127518
0.289399
0.270667
0.0337452
0.0343548
0.0341927
0.034546
0.0335028
0.0317448
0.029291
0.0283645
0.0275722
0.0267012
0.0260325
0.0541347
0.0257305
0.0246837
0.0244778
0.0239358
0.0235581
0.0231828
0.022837
0.0225219
0.0222358
0.0219753
0.0217352
0.0215123
0.0213061
0.0211171
0.0209489
0.0208036
0.0206749
0.020562
0.020543
0.0203367
0.0209041
0.0354375
0.0206562
0.0206851
0.00129608
0.0419739
0.182547
-0.00533847
-0.00038117
0.00554672
0.00789204
0.00860877
0.00881869
0.00881513
0.00864401
0.0083614
0.00825283
0.00761416
0.00763514
0.0131522
0.00753442
0.00670803
0.00707025
0.00675109
0.00662234
0.00642438
0.00624145
0.00606693
0.0059024
0.00574717
0.00560026
0.00546251
0.00533567
0.00522209
0.00512564
0.00505108
0.00500236
0.00492504
0.00500864
0.00454437
0.00567547
0.012081
0.00527739
0.00515754
1028.31
1028.3
1028.89
1028.58
1028.07
1028.66
1030.07
1030.49
1029.76
1029.13
1028.59
1027.82
1026.39
1027.98
1026.87
1024.83
1023.84
1022.02
1018.62
1018.21
1017.71
1017.16
1015.13
1015.15
1014.23
1010.66
1011.37
1011.6
1013.64
1014.8
1015.81
1016.34
1016.59
1016.65
1016.59
1016.38
1016.11
1016.12
1016.33
1016.5
1027.12
1027.08
1027.45
1027.68
1026.87
1027.1
1029.9
1029.75
1028.74
1028.26
1029.38
1028.9
1026.97
1026.32
1024.98
1024.78
1019.8
1017.56
1016.57
1015.51
1015.67
1017.12
1015.49
1013.94
1013.02
1012.15
1011.71
1011.01
1011.11
1012.73
1014.3
1015.48
1016.22
1016.49
1016.32
1016.26
1016.18
1015.98
1015.89
1016.2
1026.05
1028.37
1030.09
1028.97
1029.43
1028.6
1027.7
1025.66
1023.02
1023.38
1022.71
1023.03
1024.76
1024.09
1025.09
1024.04
1020.9
1019.52
1017.01
1019.27
1017.79
1015.96
1014.07
1009.99
1007.18
1005.95
1005.22
1005.63
1006.44
1010
1014.93
1015.9
1016.35
1016.13
1016.08
1015.76
1015.83
1015.91
1015.78
1015.98
1030.8
1030.21
1027.83
1024.19
1022.55
1025.07
1025.36
1025.92
1021.64
1019.06
1019.47
1019.49
1019.2
1018.12
1022.69
1023.26
1022.01
1020.09
1018.38
1016.86
1015.18
1013.43
1011.77
1011.29
1007.91
1003.71
1004.35
1004.87
1005.9
1006.31
1008.57
1016.82
1017.23
1017.56
1017.24
1017.06
1017.05
1016.57
1016.21
1016.11
1014.04
1018.19
1013.1
1006.16
1003.91
1005.14
1022.9
1026.91
1027.83
1024.15
1019.55
1016.01
1017.52
1018.04
1018.06
1018.34
1018.83
1018.39
1016.23
1012.56
1009.8
1008.96
1007.37
1005.77
1005.4
1006
1008.99
1001.3
1002.03
1004.1
1009.91
1017.32
1019.07
1019.84
1020.13
1019.79
1019.62
1019.18
1018.62
1017.53
1006.02
1005.23
1003.36
1002.7
995.873
979.82
979.313
975.361
1003.16
1021.19
1020.47
1020.47
1020.28
1019.92
1015.42
1013.97
1012.24
1013.23
1012.72
1001.84
995.788
998.031
989.252
987.86
989.05
994.932
1006.81
1009.49
1011.3
1016.17
1019.01
1019.4
1020
1023.2
1023.42
1023.19
1022.59
1021.67
1020.53
1018.64
1030.04
1029.06
1030.59
1034.95
1034.38
1028.69
983.655
963.026
960.639
958.519
965.59
1004.76
1014.71
1015.2
1015.27
1013.74
1011.33
1004.63
999.605
996.422
991.842
988.493
987.282
987.604
997.523
1005.33
998.494
1000.6
1002.56
1014.9
1021.97
1023.92
1023.51
1024.04
1027.27
1026.41
1025.04
1023.5
1021.75
1018.49
1031.9
1031.32
1030.86
1031.56
1030.89
1029.33
1027.5
1020.77
977.529
930.405
927.145
924.228
941.214
1002.44
1012.12
1011.91
1011.92
1011.06
1009.34
1007.68
998.441
993.56
992.895
999.442
1007.51
1010.81
1014.45
1017.89
1013.02
1011.87
1014.42
1027.42
1028.92
1026.68
1026.85
1028.83
1027.07
1024.36
1022.73
1018.71
1025.87
1023.39
1022.34
1023.53
1027.49
1026.51
1025.48
1024.21
1023.03
978.3
917.183
917.057
913.987
911.905
929.189
978.795
1013.86
1012.47
1011.71
1011.23
1010.54
1007.67
1008.03
1012.49
1013.73
1015.74
1018.15
1020.75
1023.73
1018.75
1017.02
1020.91
1032.05
1032.57
1028.54
1030.54
1028.61
1024.2
1023.15
1019.9
1019.56
1018.48
1017.15
1019.17
1023.11
1022.61
1022.54
1022.83
1023.33
1023.82
998.434
937.895
908.632
910.684
909.635
908.866
916.123
932.99
954.724
968.544
979.829
1009.54
1016.94
1016.72
1017.76
1019.44
1021.44
1023.99
1026.85
1029.98
1020.2
1020.7
1029.31
1034.52
1028.58
1030.44
1030.06
1024.66
1021.98
1020.47
1020.16
1019.22
1018.27
1018.71
1018.02
1018.19
1018.45
1019.26
1021.03
1023.28
1023.73
1018.77
979.755
943.667
913.782
914.325
915.337
915.77
916.143
921.626
920.009
919.743
932.285
966.993
1014.16
1021.17
1022.99
1025.31
1027.96
1030.55
1029.25
1018.92
1021.89
1033.75
1030.19
1028.76
1030.06
1024.87
1019.09
1017.66
1021.31
1020.51
1018.5
1016.8
1014.68
1016.71
1016.32
1016.55
1018.91
1021.05
1024.54
1027.29
1030.53
1027.65
1017.02
1013.92
1012.8
1011.83
967.904
920.781
920.748
919.999
919.941
919.04
958.707
1018.8
1022.17
1025.35
1028.42
1030.65
1032.52
1022.36
1014.9
1026.18
1028.17
1026.7
1028.32
1026.04
1018.24
1014.47
1024.32
1022.61
1017.12
1011.93
1012.72
1018.47
1017.36
1015.64
1019.89
1023.83
1019.61
1017.03
1020.24
1028.35
1033.68
1035.2
1032.45
1015.91
995.686
978.585
964.342
963.514
966.606
975.612
1001.42
1024.88
1023.91
1015.51
1017.37
1028.52
1030.26
1020.34
1008.24
1007
1023.38
1027.15
1026.41
1024.7
1021.54
1013.29
1029.62
1024.32
1014.05
1013.26
1012.45
1012.51
1011.53
1011.66
1011.72
1017.64
1017.97
1021.7
1024.06
1028.55
1033.08
1033.58
1028.05
1023.1
1026.56
1031.49
1035.13
1035.07
1032.44
1029.54
1026.77
1024.63
1023.28
1013.72
1007.81
1021.22
1026.18
1020.91
1001.23
1001.02
1005.39
1023.88
1023.19
1022
1020.57
1018.34
1034.76
1020.55
1017.83
1016.52
1019.12
1023.9
1023.25
1011.44
993.324
980.542
981.239
1002.02
1019.76
1029.62
1034.94
1033.95
1034.44
1036.48
1037.89
1036.69
1034.56
1031.25
1027.79
1025.33
1022.97
1020.36
1018.77
1006.87
1001.15
1011.01
1021.61
1021.56
998.168
995.667
995.166
1012.86
1020.72
1019.94
1018.87
1017.65
1037.02
1022.34
1021.42
1029.19
1032.6
1031.14
1029.22
997.379
932.539
929.656
930.116
942.742
1024.85
1032.98
1035.18
1036.18
1036.46
1036.26
1035.51
1032.19
1025.93
1023.56
1025.64
1023.28
1020.49
1017.7
1014.64
993.834
994.637
995.422
1014.97
1018.48
1009.35
991.937
992.226
1010.81
1018.69
1018.49
1017.94
1017.22
1038.46
1025.47
1030.48
1037.62
1036.59
1035.31
1032.1
960.111
928.78
929.323
929.443
928.699
950.695
1032.11
1033.65
1033.83
1033.16
1032.37
1031.15
1026.38
1022.46
1019.18
1016.91
1014.48
1013.13
1017.15
1013.19
991.384
991.987
992.482
998.826
1015.88
1017.38
1011.12
1008.71
1015.32
1017.01
1017.04
1016.98
1016.79
1040.79
1030.27
1038.94
1040.86
1040.32
1039.41
1038.37
1027.71
945.461
929.336
929.613
937.923
1014.94
1034.96
1031.13
1028.96
1030.82
1028.39
1026.96
1025.56
1023.88
1020.61
1015.05
1016.86
1016.69
1015.15
1014.03
1003.64
989.738
990.33
997.113
1014.58
1015.37
1002.93
1011.85
1014.72
1015.35
1015.51
1015.26
1015.9
1042.27
1041.04
1037.97
1043.46
1043.16
1042.43
1041.49
1040.55
1039.93
1038.99
1038.31
1037.93
1037.52
1036.55
1028.45
1019.72
1011.99
1006.21
1011.28
1019.36
1019.67
1019.49
1018.57
1016.94
1015.4
1014.04
1012.92
1012.13
1001.81
997.01
1007.67
1011.5
1011.65
979.591
969.892
1008.79
1013.73
1014.31
1014.45
1005.23
1030.18
1042.41
1035.54
1041.92
1043.09
1037.16
1042.15
1040.97
1039.01
1036.43
1033.82
1031.08
1030.33
1031.41
1030.64
1028.37
1009.61
933.513
926.993
998.048
1015.93
1016.73
1016.85
1015.38
1012.64
1010.56
1009.05
1008.73
1008.48
1007.83
1007.03
1006.4
1006.42
964.058
961.636
964
1007.63
1013.8
1014.55
990.876
1030.45
1044.08
1036.51
1032.14
1032.34
1035.12
1033.79
1038.68
1037.7
1034.65
1029.55
1018.6
1016.71
1023.9
1023.68
1020.73
1015.32
964.939
877.219
912.403
993.744
1011.59
1011.68
1010.38
1007.59
1005.19
1003.18
1001.76
1001.59
1000.39
998.942
998.46
999.445
969.741
953.488
956.7
977.538
1012.75
1015.61
1009.44
1031.98
1045.09
1048.01
1034.21
1032.87
1038.57
1033.86
1031.34
1033.71
1033.98
1026.52
1016.5
1014.74
1019.39
1018.74
1016.86
1011.57
922.938
862.062
862.964
927.099
994.522
1000.85
998.087
995.724
996.682
994.722
991.862
989.503
987.402
986.206
986.638
988.427
992.663
945.568
951.245
956.51
1010.28
1017.27
1018.65
1032.97
1043.5
1051.38
1048.45
1034.64
1037.57
1043.01
1032.85
1030.12
1034.05
1022.14
1017.44
1020.68
1018.04
1018.23
1002.28
944.442
861.158
857.078
857.526
892.139
973.653
980.466
984.263
989.818
987.251
981.954
976.424
970.452
963.443
948.862
968.028
978.26
985.508
972.73
948.646
967.816
1013.97
1019.68
1021.51
1035.16
1047.16
1052.73
1051.5
1040.6
1039.21
1043.74
1041.22
1037.02
1033.11
1031.12
1029.37
1025.47
1022.46
1022.93
972.533
854.863
869.896
856.733
858.948
941.129
980.828
996.877
995.213
986.184
980.102
974.447
966.457
871.418
761.358
756.84
848.769
964.82
979.868
986.939
971.983
1001.56
1018.58
1022.15
1024.73
1055.01
1054.47
1053.65
1051.98
1049.83
1037.94
1033.97
1036.96
1041.06
1039.02
1036.82
1034.4
1032.09
1019.98
1024.76
969.155
834.544
832.373
853.954
906.947
983.358
1013.62
1006.06
995.282
983.057
967.572
972.062
910.694
738.907
737.157
739.61
743.802
838.305
964.617
989.182
1004.75
1015.57
1022.39
1026.27
1028.96
1055.48
1054.92
1053.73
1051.62
1048.77
1038.91
1034.13
1036.18
1043.87
1041.44
1038.88
1036.74
1032.23
981.466
1018.72
994.622
848.343
828.916
898.969
904.078
997.437
1006.74
975.18
994.624
987.336
950.478
921.287
866.582
747.227
745.866
745.697
746.486
749.733
804.153
953.056
1011.24
1021.28
1027.64
1030.85
1032.97
1055.29
1054.26
1052.17
1049.2
1046.24
1040.75
1037.52
1046.94
1046.4
1027.11
1006.76
1032.61
925.911
949.822
1020.67
1009.65
895.723
815.786
857.66
959.353
989.562
830.741
704.677
883.25
957.517
965.008
934.21
879.249
761.435
754.95
755.192
756.139
759.028
765.272
785.069
952.015
1027.11
1031.81
1035.12
1038.04
1056.71
1054.92
1050.37
1036.06
1038.73
1047.76
1051.3
1048.87
970.659
904.071
890.662
898.88
919.445
1005.5
1013.32
987.386
930.04
853.231
745.392
887.287
961.576
607.44
599.758
619.078
791.111
978.501
1003.75
1003.25
903.676
761.976
763.488
765.741
768.79
772.006
811.92
928.991
996.977
1008.66
1031.94
1039.8
1056.72
1056.27
1050.94
1002.9
1028.4
1057.73
1054.03
933.303
890.54
891.633
891.948
977.761
1038.17
1027.46
988.718
858.041
626.263
594.686
566.163
624.378
673.693
588.53
591.085
594.866
651.785
777.275
922.964
1023.28
1016.01
889.426
819.273
800.936
842.212
934.443
1004.14
1008.87
973.185
975.254
979.305
1015.75
986.658
997.068
1061.46
1015.31
1041.33
1073.35
992.013
893.228
893.366
893.312
996.953
1051.51
1043.67
1033.96
988.214
692.55
555.646
557.384
563.003
566.805
570.55
580.281
769.296
790.554
819.263
966.844
1023
1021.17
1022.6
1018.5
1005.85
1006.42
1025.75
1039.65
1043.95
1041.75
979.409
980.414
983.696
1054.12
981.565
980.879
1087.87
1028.41
1003.98
1081.22
1053.64
905.592
894.845
943.886
1056.75
1057.16
1053.96
1047.4
1035.26
760.609
558.883
561.748
565.534
568.207
614.573
808.9
922.639
954.899
1046.92
1038.81
1031.95
1027.9
1027.62
1029.9
1030.99
1025.61
1039.95
1043.87
1047.91
1050.81
1018.97
1005.85
1044.47
1059.82
987.913
1014.67
1093.71
1079.38
1004.31
1007.03
1045.57
920.573
1021.48
1024.18
1026.12
1041.91
1037.75
1062.85
1063.89
1030.98
683.238
567.065
568.981
879.381
1076.36
1074.66
1065.96
1058.38
1050.85
1045.11
1038.84
1034.59
1033.54
1034.97
1031.51
1034.08
1045.39
1049.26
1053.08
1056.57
1059.2
1060.98
1062.29
1031.08
1024.82
1089.56
1093.93
1097.1
1096.07
1050.07
885.859
862.779
867.381
1025.96
1048.32
1030.59
1020.38
1050.64
1080.64
1072.87
883.655
575.253
700.633
1076.23
1080.95
1073.33
1054.24
1056.83
1057.9
1050.86
1046.13
1042.93
1041.27
1041.5
1042.72
1045.02
1048.1
1051.35
1054.57
1057.12
1059.94
1063.19
1043.84
1038.89
1099.72
1099.92
1100.1
1099.81
1099.07
1097.76
927.67
866.058
867.768
914.5
1055.48
1055.81
1027.19
1039.25
1095.72
1090.04
915.446
605.418
606.544
724.469
825.843
899.455
1043.61
1071.77
1066.14
1059.77
1054.23
1050.42
1047.93
1046.78
1046.71
1048.05
1049.53
1051.52
1053.52
1056.19
1058.23
1060.36
1059.1
1065.59
1103.9
1095.4
1101.35
1104.2
1104.28
1104.04
1072.9
865.423
867.517
868.095
975.036
1030.76
1032.72
1077.62
1104.59
1103.28
952.118
600.872
604.008
668.584
999.43
1001.15
956.14
965.567
1070.05
1065.06
1060.02
1055.36
1051.58
1026.85
942.959
1000.6
1048.29
1050.25
1051.76
1050.17
1052.08
1052.15
1052.55
1053.42
1080.69
1069.19
1079.49
1105.66
1110.61
1112.06
1113.53
1014.19
870.157
871.754
873.114
983.51
1003.42
1103.68
1111.22
1108.84
1032.8
635.29
600.882
666.668
1009.62
1008.73
953.31
912.159
922.214
1061.01
1061.26
1056.41
1046.63
931.593
907.763
906.311
1036.46
1049.8
1050.47
1025.77
985
990.017
1040.61
998.97
1070.52
1070.98
1071.78
1077.93
1110.39
1118.31
1120.4
1122.95
1069.14
950.713
878.509
983.042
1033.69
1051.45
1117.44
1115.39
1108.45
821.113
597.541
641.287
997.011
1009.43
1002.25
934.601
849.066
841.027
855.26
871.639
820.45
798.459
941.024
981.881
1016.8
1045.29
1047.24
1047.23
988.237
915.473
943.261
814.45
1071.49
1072.01
1073.14
1074.55
1078.51
1110.23
1123.88
1125.79
1126.14
1115.88
1076.34
1090.11
1127.04
1065.83
1072.89
1121.84
1118.82
1063.74
676.209
630.091
744.912
1006.1
1001.66
994.872
974.123
916.835
865.309
688.517
507.692
505.502
539.361
573.692
665.388
867.369
1028.2
1038.29
1027.21
901.598
617.634
430.751
1070.88
1079.03
1077.89
1074.22
1076.18
1078.53
1112.06
1125.44
1126.56
1127.16
1128.29
1129.74
1130.89
1105.02
1072.74
1117.04
1125.68
1120.86
986.098
650.949
652.487
694.725
924.665
993.685
992.778
985.546
960.887
614.796
500.527
498.055
496.661
580.43
561.789
561.048
567.135
638.642
969.397
857.322
408.478
327.72
1101.18
1112
1113.14
1108.27
1083.17
1075.85
1078.14
1116.62
1124.32
1125.13
1126.02
1127.43
1129.19
1132.04
1080.11
1056.29
1124.98
1121.38
1115.74
943.83
683.83
664.068
660.215
824.877
999.285
995.153
880.924
500.641
498.107
494.533
664.058
1012.38
978.325
924.443
825.222
629.064
495.619
527.634
294.959
309.694
1107.03
1107.78
1109.18
1110.98
1112.71
1083.79
1074.27
1097.04
1119.22
1119.33
1119.61
1120.71
1122.68
1125.54
1101.02
1049.9
1119.64
1117.83
1111.15
1103.22
985.935
857.936
868.795
936.236
1002.94
983.68
620.172
504.222
898.124
1046.07
1032.55
960.849
871.419
694.417
522.357
414.963
286.286
286.239
284.032
292.684
1100.45
1101.35
1102.74
1103.95
1104.74
1104.46
1090.14
1103.34
1109.55
1108.88
1108.5
1108.79
1110.02
1112.42
1115.36
1092.72
1028.69
1104.87
1100.34
1094.4
1089.33
1086.01
1086.6
1082.25
991.948
748
621.356
903.461
1044.48
1015.03
648.435
321.848
286.583
283.929
285.722
282.296
285.177
286.736
287.744
288.908
1091.26
1091.59
1092.29
1089.65
1070.79
1089.6
1089.58
1090.48
1090.33
1090.81
1091.36
1091.86
1092.18
1093.01
1094.08
1094.47
965.233
980.932
1078.81
1075.08
1074.1
1072.94
1073.7
1075.27
934.936
692.151
702.638
1057.08
1034.65
558.415
287.94
287.056
286.293
286.002
286.722
289.394
292.675
294.908
295.69
325.803
1081.4
1081.38
1080.12
1055.13
1053.11
1060.29
1047.52
983.61
1019.39
1068.63
1071.54
1072.29
1055.65
1057.88
1072.48
1070.29
983.159
725.227
796.806
1017.39
1053.73
1055.66
1065.88
1071.1
1021.89
702.962
694.546
977.227
991.834
470.43
286.807
286.604
286.799
287.923
290.791
293.779
296.443
310.538
354.391
823.664
1070.15
1002.43
1060.99
1044.91
1044.84
1044.13
1033.53
875.787
841.43
1004.42
1057.86
1058.12
976.815
963.54
1031.8
1054.84
1036.81
686.09
626.13
658.244
827.466
986.316
1054.36
1064.46
1074.51
1020.8
696.853
724.092
968.733
965.177
954.753
940.832
727.1
551.003
516.297
602.83
815.719
840.858
1071.33
1105.55
872.39
657.945
954.128
1050.71
1052.49
1049.18
1042.39
952.237
815.848
812.108
946.379
1044.28
948.188
948.481
979.612
1043.02
1036.86
736.569
602.685
603.27
606.323
633.036
895.795
1055.01
1063.23
1067.87
1028.65
836.692
558.306
711.779
984.439
1046.17
1058.67
1058.51
1082.98
1091.44
1097.83
1103.76
1107.36
1115.84
614.426
611.355
779.071
1047.96
1050.22
1047.07
1041.58
1035.39
931.717
800.671
827.055
974.482
990.248
938.273
1011.32
1029.27
1021.77
719.023
584.9
593.914
598.047
599.814
765.321
1048.74
1054.15
1053.62
1050.1
932.935
355.378
230.843
423.36
964.4
1047.99
1061.86
1074.7
1085.71
1094.21
1101.91
1101.3
1110.08
614.327
611.146
742.086
1041.22
1044.65
1035.58
987.035
1032.35
1019.18
835.814
774.608
966.125
986.049
940.859
943.823
984.877
906.532
604.285
579.488
587.899
592.195
594.062
911.616
1052.9
1048.67
985.248
922.434
754.816
240.974
188.747
185.754
545.812
1015.21
1062.45
1073.52
1083.91
1088.28
1080.07
1086.83
1062.75
722.889
701.856
818.982
976.823
977.916
755.405
612.148
1014.28
987.358
723.141
785.707
989.481
992.701
925.703
620.756
595.878
581.476
577.8
584.759
589.888
592.445
762.645
950.039
892.067
620.023
343.798
286.394
279.81
183.709
183.984
185.529
239.155
744.753
1059.93
1077.16
1087.28
1072.02
1082.38
1107.97
1033.81
924.104
921.226
614.191
572.137
532.019
471.583
476.2
860.431
933.661
724.348
734.21
987.874
1009.95
964.967
583.65
581.238
584.3
589.503
592.924
593.86
686.927
658.234
556.302
271.365
183.939
181.296
181.273
182.742
182.438
183.177
183.7
201.07
566.986
1004.04
1083.19
1091.79
1078.87
1097.66
1116.94
1044.2
931.906
868.969
664.879
483.66
472.643
472.493
472.319
650.99
891.286
735.022
737.617
787.152
1026.48
1030.82
885.251
591.634
595.119
598.262
599.736
732.464
894.031
400.159
187.191
184.075
183.297
182.869
182.913
183.751
184.348
183.884
245.615
290.271
479.126
913.269
1091.36
1098.66
1102.19
1114.61
1121.91
1099.56
918.444
826.705
970.818
900.754
501.424
474.52
475.286
568.399
872.578
864.819
745.787
750.442
783.277
994.644
1035.18
941.394
790.137
674.157
634.751
1014.95
1042.73
318.441
185.109
184.828
184.659
184.949
186.032
187.515
203.502
517.715
797.627
457.209
469.233
810.179
1102
1107.54
1112.76
1118.6
1124.95
1115.33
902.777
835.773
982.644
979.605
770.929
472.938
472.798
472.739
632.604
857.139
856.306
832.567
786.738
806.446
1041.57
1105.75
1098.32
1062.88
1031.52
1113.68
1120.09
477.652
185.198
186.004
186.156
186.753
214.644
426.581
773.064
855.645
830.992
497.437
483.832
759.019
1111.25
1117.06
1119
1120.58
1120.66
1082.51
992.655
942.15
990.275
987.575
770.198
472.037
472.164
472.611
473.515
474.871
614.528
1102.89
1101.39
917.387
1023.46
1105.41
1105.64
1106.55
1108.8
1112.76
1117.94
936.604
369.697
255.574
325.667
575.236
748.887
879.614
889.452
873.652
524.616
495.11
514.489
1001.88
1130.89
1128.96
1126.75
1104.84
1110.67
1106.88
1004.6
1003.19
999.702
968.969
548.798
472.128
471.935
472.118
472.815
535.915
1007.61
1110.19
1106.58
1101.32
1086.26
1099.8
1098.17
1097.31
1099.59
1104.17
1110.97
1123.08
922.59
874.156
958.857
1006.32
999.118
879.51
688.339
543.979
526.419
586.606
977.953
1150.78
1146.33
1142.37
1138.37
1096.73
1114.46
1117.62
1020.02
1017.8
1010.8
749.347
474.54
473.159
472.089
471.179
537.981
1043.06
1119.24
1112.39
1105.98
1101.49
1098.26
1094.59
964.679
822.358
824.358
1038.56
1114.51
1126.46
1128.64
1106.27
1095.45
1039.42
795.405
737.862
730.107
776.605
907.816
1106.64
1168.7
1165.1
1160.63
1141.8
1106.46
1104.15
1120.69
1139.15
1040.22
1036.19
1012.73
609.714
475.728
473.44
471.704
512.784
1017.76
1132.49
1124.52
1117.73
1111.84
1108.24
1022.2
653.749
562.896
562.938
566.934
611.049
793.691
1016.18
1113.77
1113.67
992.013
837.724
785.417
900.016
1105.45
1158.95
1167.62
1167.89
1166.73
1131.9
1127.62
1123.55
1120.11
1150.5
1161.38
1160.95
1029.25
978.19
984.925
612.023
474.691
471.836
470.502
894.242
1148.42
1140.13
1132.97
1127.92
1125.13
1052.97
632.526
578.644
577.82
579.116
583.145
589.661
597.468
640.165
841.136
839.717
685.609
717.218
967.114
1161.32
1179.82
1180.33
1148.93
1141.26
1150.22
1181.17
1178.27
1165.69
1167.16
1173.89
1176.12
1181.58
813.27
935.35
992.811
911.743
481.033
469.526
538.312
1010.49
1113.06
1106.98
1142.76
1141.11
1141.88
1060.92
616.852
594.42
596.571
600.365
605.727
611.369
615.923
619.958
624.116
637.202
653.174
912.836
1171.51
1185.42
1184.24
1134.17
1126.41
1176.77
1184.33
1184.48
1184.63
1052.53
1029.46
1033.33
1181.06
1196.74
717.925
777.819
885.439
771.712
556.606
512.372
590.8
543.961
473.73
1006.47
1156.03
1155.68
1158.8
1162.85
978.829
609.921
610.332
614.917
620.858
626.279
629.246
630.214
630.837
678.529
909.229
1169.13
1193.58
1191.45
1119.44
1083.15
1164.33
1181.64
1182.2
1183.25
1184.73
1186.05
1186.19
1105.3
1186.01
1203.1
335.459
372.426
407.103
382.405
169.398
172.112
307.063
215.581
217.997
800.728
1130.08
1176.38
1181.43
1184.27
1185.58
1107.24
905.978
798.482
789.389
812.102
810.083
858.654
1013.55
1088.83
1195.07
1205.88
1204.02
1167.97
1096.17
1077.48
1130.18
1175.28
1184.64
1181.3
1175.34
1119.04
1060.74
1103.69
1156.69
1098.59
11.6809
11.6918
11.9908
18.4419
12.4451
0.872831
0.462845
0.706001
28.2924
255.972
486.191
818.687
1145.07
1202.61
1206.32
1208.17
1210.36
1209.13
1213.45
1221.34
1222.09
1225.28
1226.81
1224.36
1221.22
1218.67
1216.42
1207.27
1199.72
1088
1027.65
1024.63
1103.86
990.723
685.876
309.136
167.876
568.596
779.727
574.956
9.33681
7.22242
6.23595
6.70415
5.79142
2.06225
0.596263
0.575562
0.472881
0.361735
0.525588
41.297
475.003
931.057
1153.79
1185.81
1217.53
1225.92
1228.77
1231.28
1232.44
1231.94
1230.87
1230.75
1230.51
1230.38
1230.06
1228.94
1226.2
1172.48
1092.27
1011.16
654.083
94.4506
0.285257
1.36782
14.8471
49.1352
44.0322
15.4506
9.87721
8.74479
6.07084
6.61285
4.67025
1.65042
0.447135
0.446633
0.433404
0.452553
0.465676
0.467389
0.203893
0.0382457
183.035
348.205
458.388
576.873
662.641
731.707
745.743
765.666
765.298
833.62
934.703
1040.61
1091.5
1102.44
1050
872.676
531.61
124.636
-0.321537
-0.372434
-0.0544531
2.19366
5.5512
1.26521
0.505766
-0.16158
9.68232
8.52045
4.2142
3.27735
4.94569
3.55024
0.438506
0.437212
0.741187
0.954265
0.381765
0.621984
0.372173
-0.112929
-0.148105
-0.147293
-0.151718
1.74082
7.08289
7.0515
1.51808
4.38131
15.6772
41.9504
88.2786
165.595
215.998
207.454
138.881
21.0281
-0.387761
-0.440675
-0.449619
-0.461337
0.902031
2.16091
-0.528408
-0.49044
0.0461606
0.0671237
7.15519
0.679156
0.28975
0.532414
3.69498
3.7035
0.664866
0.892656
0.970055
0.48003
0.389493
1.56266
1.53487
0.00492074
-0.195312
-0.192131
-0.195084
-0.199235
0.000580277
0.513959
0.482981
-0.248979
-0.272327
-0.0493636
0.182314
-0.22053
-0.291214
-0.236663
-0.291545
-0.3103
-0.342861
-0.359672
-0.366267
0.689697
0.986384
0.405236
-0.608884
-0.604011
-0.399988
-0.36367
6.27897
0.113531
0.102583
0.573164
3.57608
3.6747
0.41123
0.923969
0.958801
0.227513
0.787692
1.56233
1.5372
0.657976
-0.186537
-0.192438
-0.199552
-0.0247163
1.05679
1.04897
0.593363
-0.263583
-0.285942
-0.302537
-0.312142
-0.333184
-0.343347
-0.338864
-0.264837
0.129785
0.0837965
-0.411257
-0.366123
0.225395
0.0374963
-0.572383
-0.588921
-0.598342
-0.601775
-0.589535
7.2519
0.665752
0.105506
0.462903
2.14909
2.09939
-0.158373
0.0444696
0.0754888
0.82582
1.56763
1.55632
1.5328
1.50555
0.100547
-0.22155
-0.224868
-0.192522
0.839869
1.06723
1.05272
0.830476
-0.302381
-0.311608
-0.321032
-0.331324
-0.339315
-0.34265
0.012556
0.182644
-0.0949076
-0.465932
-0.473941
-0.493535
-0.512454
-0.534817
-0.558254
-0.578044
-0.584924
-0.58469
6.7122
0.162548
0.0936323
0.0410071
-0.00215508
-0.00808655
-0.167993
-0.180575
-0.183757
0.113973
0.95964
1.5567
1.53541
1.50822
1.2586
-0.240437
-0.23955
-0.242963
-0.17753
0.284545
0.981392
1.02244
0.80638
-0.307764
-0.316577
-0.325447
-0.334043
-0.335099
-0.0536705
0.029728
-0.419053
-0.433679
-0.449564
-0.465912
-0.486129
-0.508613
-0.528756
-0.547447
-0.559387
-0.562059
5.53687
-0.0249505
-0.0252543
-0.107378
-0.159602
-0.176467
-0.18054
-0.182032
-0.185733
-0.187916
-0.0903698
1.31272
1.55474
1.53429
1.52552
1.17129
-0.224267
-0.240504
-0.244161
-0.232823
-0.160361
-0.0190275
0.106367
-0.0836513
-0.311105
-0.318736
-0.317976
-0.26938
-0.281428
-0.384774
-0.401625
-0.412275
-0.424807
-0.441203
-0.460772
-0.479931
-0.497842
-0.516224
-0.529169
-0.536202
7.06997
-0.0179726
-0.0396978
-0.0492185
0.16666
-0.0395195
-0.185138
-0.189559
-0.193534
-0.198144
-0.203308
0.73279
1.58423
1.5728
1.55645
1.3064
0.19547
0.205259
0.835756
0.839771
0.831489
0.310307
0.0448023
0.0339251
-0.112589
-0.315001
-0.320932
-0.32782
-0.369946
-0.379272
-0.388765
-0.399444
-0.41042
-0.421954
-0.435967
-0.452552
-0.470221
-0.457981
-0.473901
-0.47939
9.08959
-0.0150585
-0.0217896
-0.00241112
0.178018
0.161616
-0.175988
-0.202565
-0.211045
-0.218725
-0.22527
0.6793
1.62173
0.434719
-0.257623
-0.269402
-0.290763
-0.170385
0.207295
0.702511
0.839999
0.771425
0.499253
0.47524
0.469517
0.251708
-0.255852
-0.345276
-0.350013
-0.358145
-0.378645
-0.387099
-0.396357
-0.405236
-0.22568
0.155174
0.314311
0.507468
0.451721
-0.189269
9.49124
1.41681
-0.00881838
-0.0120742
-0.0101204
0.153766
-0.166932
-0.221684
-0.233879
-0.242772
-0.245467
0.81272
1.5784
1.40573
-0.107118
-0.28822
-0.294646
-0.30258
-0.312842
-0.322317
-0.311667
-0.142619
0.0583895
0.477846
0.474881
0.472731
0.312337
-0.29758
-0.266654
-0.26906
-0.369968
-0.37438
-0.356859
0.13744
0.577238
0.572642
0.55619
0.538989
0.521588
-0.136741
9.5439
9.50349
4.1874
-0.0143399
-0.0340962
-0.0688666
-0.21773
-0.245181
-0.262004
-0.273769
-0.281522
-0.0703954
1.29423
1.43046
1.15372
-0.287687
-0.29795
-0.301587
-0.30159
-0.303401
-0.317309
-0.324142
-0.322105
-0.0397329
0.485867
0.483569
0.480208
-0.00786094
-0.338591
-0.293441
-0.336392
-0.312118
0.194622
0.626631
0.616771
0.604652
0.592074
0.491142
0.172556
-0.379968
7.89572
4.83867
5.9018
5.66551
0.649308
-0.208454
-0.232799
-0.261541
-0.289894
-0.311109
-0.320721
-0.324532
-0.148663
1.21763
1.26098
1.26853
-0.273803
-0.291426
-0.233078
-0.234112
-0.249114
-0.314883
-0.323749
-0.317909
0.176488
0.505922
0.399562
-0.349691
-0.350175
-0.344895
-0.325782
-0.106669
0.367
-0.0327789
-0.0460071
-0.125511
-0.215559
-0.303161
-0.354003
-0.379077
0.892145
0.541316
1.59199
3.79433
3.83999
2.31844
-0.235104
-0.270656
-0.296898
-0.314663
-0.324792
-0.325756
-0.320039
-0.311091
0.903689
1.44585
1.4572
0.00694439
-0.25184
-0.257106
-0.232832
-0.269039
-0.314523
-0.317749
-0.145079
0.492817
-0.114334
-0.351564
-0.348788
-0.343883
-0.237379
0.357123
0.447545
0.217708
-0.0930425
-0.0989249
-0.107877
0.0732401
-0.0703682
-0.225088
-0.0179221
-0.0234731
-0.0416086
-0.102404
2.71592
2.83788
2.826
0.48994
-0.284434
-0.294799
-0.299515
-0.298567
-0.293732
-0.287764
-0.278449
1.34619
1.46205
1.45868
-0.238526
-0.272599
-0.219988
-0.25355
-0.305523
-0.311661
-0.265091
0.013579
-0.0875954
-0.34832
-0.350158
-0.34683
0.0853458
0.441685
0.439819
0.432887
0.347466
0.500796
0.602849
0.284074
-0.161746
-0.246903
-0.0169222
-0.00234804
-0.103523
-0.150878
-0.145947
2.61633
2.85881
2.84339
0.190745
-0.27725
-0.273645
-0.271214
-0.269606
-0.268027
-0.267089
-0.266527
0.734919
1.4387
1.19437
-0.285741
-0.267549
-0.244242
-0.299086
-0.306881
-0.314101
-0.182349
-0.137834
-0.35082
-0.356932
-0.311365
-0.107144
-0.103521
0.217171
1.8242
1.82683
1.83261
1.84094
1.84486
1.61556
0.327973
-0.140672
-0.00824538
-0.016793
-0.18431
-0.0805503
0.77636
2.89262
2.3621
-0.0187766
-0.266447
-0.253661
-0.248487
-0.246829
-0.244568
-0.242847
-0.241916
-0.241459
-0.124322
0.725331
-0.286604
-0.288653
-0.291866
-0.298978
-0.273468
-0.0650443
-0.176494
-0.34219
-0.355479
-0.368715
-0.372351
-0.373745
-0.0757324
1.76903
1.79337
1.79641
1.80337
1.81147
1.82107
1.83633
1.81846
-0.13646
0.200153
0.189434
-0.182446
0.101234
0.0285119
0.296031
0.0728849
-0.213167
-0.2503
-0.236627
-0.228967
-0.225237
-0.222926
-0.222169
-0.222563
-0.183734
0.547333
0.392788
-0.271059
-0.280535
-0.289672
-0.258039
0.020362
0.017598
-0.187997
-0.349554
-0.365655
-0.382299
-0.394724
-0.140473
1.78364
1.8006
1.78152
1.76318
1.14653
1.62725
1.76706
1.79239
1.79308
-0.0953995
0.21818
0.139578
-0.200547
-0.166922
0.0866981
-0.224376
-0.24103
-0.233204
-0.2229
-0.215214
-0.210973
-0.208707
-0.207666
-0.207906
-0.209751
-0.0948504
0.586614
-0.146553
-0.267738
-0.275838
-0.242461
0.0466037
0.0399966
0.0247084
-0.27961
-0.353585
-0.374086
-0.395488
-0.0150317
1.73008
1.7755
1.61389
-0.245965
-0.465402
-0.520664
-0.418888
0.312212
1.06401
1.67013
-0.0762103
0.161386
0.395791
0.00586162
-0.156298
0.00147867
-0.0102879
-0.0411907
-0.106286
-0.165611
-0.102707
0.251257
-0.0154353
-0.195974
-0.196743
-0.199392
-0.0844405
0.598025
-0.253438
-0.262545
-0.271861
-0.100382
0.0594544
0.0468982
0.0318886
-0.281489
-0.354029
-0.378434
-0.402826
0.0324739
1.61532
-0.0686283
-0.468225
-0.473509
-0.483939
-0.496024
-0.500407
-0.49762
-0.489221
-0.246078
-0.0138818
0.239921
0.418634
0.412001
-0.141013
-0.198275
-0.108504
0.163214
0.335738
0.347507
0.376219
0.380705
0.321901
-0.0182126
-0.00993783
-0.0557879
-0.128547
-0.0088398
-0.248872
-0.25709
-0.265079
-0.132319
0.0697121
0.0573028
0.0445765
-0.0986439
-0.348185
-0.371106
-0.398954
-0.189505
-0.0223046
-0.362159
-0.446985
-0.447742
-0.450059
-0.45249
-0.451906
-0.453091
-0.450709
-0.443157
0.4387
0.438473
0.438483
0.437332
0.0593442
-0.219892
-0.211061
-0.0529372
0.183451
0.395589
0.397626
0.39796
0.236259
0.234143
0.164539
-0.092399
-0.22072
-0.232914
-0.240218
-0.249267
-0.254273
-0.228945
-0.0692065
0.0711414
0.0605448
0.0264836
-0.327429
-0.349864
-0.369645
-0.376453
-0.401544
-0.408531
-0.415602
-0.417566
-0.415319
-0.395877
-0.384596
-0.39569
-0.413607
-0.411032
0.463271
0.462479
0.460545
0.14863
-0.141337
-0.207956
-0.205017
-0.202628
-0.173397
0.00596019
0.266658
0.299653
-0.057794
0.251594
-0.0444692
-0.189307
-0.218752
-0.222239
-0.228095
-0.238733
-0.245181
-0.258981
-0.263547
-0.188545
-0.0689798
-0.147575
-0.284489
-0.32725
-0.341313
-0.355712
-0.368779
-0.377717
-0.382866
-0.385377
-0.371818
-0.351657
-0.35028
-0.348457
-0.376035
-0.379193
0.493185
0.489866
-0.069518
-0.190516
-0.192178
-0.190761
-0.187507
-0.184709
-0.182949
-0.182163
-0.168717
-0.16371
-0.106749
0.269928
-0.137982
-0.20229
-0.205146
-0.204687
-0.210677
-0.219069
-0.233284
-0.245003
-0.256024
-0.266735
-0.275296
-0.28636
-0.284622
-0.305276
-0.31805
-0.329074
-0.338777
-0.345965
-0.350568
-0.352911
-0.353552
-0.333962
-0.315857
-0.317892
-0.345193
-0.346488
0.0228926
0.0282194
-0.165192
-0.170575
-0.171735
-0.171294
-0.169492
-0.167038
-0.163711
-0.161823
-0.162083
-0.164311
-0.16659
0.0267045
-0.142488
-0.186072
-0.187316
-0.190836
-0.193147
-0.200016
-0.208681
-0.225632
-0.237074
-0.247597
-0.257609
-0.267044
-0.276208
-0.285347
-0.294215
-0.302352
-0.309297
-0.31481
-0.318479
-0.319787
-0.319362
-0.316179
-0.279997
-0.304702
-0.312582
-0.311708
-0.144918
-0.147448
-0.149588
-0.153401
-0.157338
0.392509
1.49928
1.68796
1.06807
0.727537
0.358057
-0.0648826
-0.151029
-0.161358
-0.164031
-0.166761
-0.1701
-0.174193
-0.178787
-0.183655
-0.191715
-0.204886
-0.214669
-0.224582
-0.234111
-0.243416
-0.252132
-0.259563
-0.265997
-0.271788
-0.276896
-0.280633
-0.282472
-0.282703
-0.281376
-0.274861
-0.25493
-0.271792
-0.27454
-0.273748
0.208921
-0.135197
-0.135631
-0.138651
-0.0741848
1.7287
1.99586
2.00687
2.0186
2.02538
2.02329
2.00548
1.79679
1.12714
-0.0932277
-0.136156
0.128623
0.790576
0.253338
-0.166421
-0.175264
-0.183612
-0.191838
-0.200235
-0.207406
0.120507
1.02611
0.210172
-0.231505
-0.24002
-0.24298
-0.243969
-0.244034
-0.242479
-0.239682
-0.236004
-0.203101
-0.224777
-0.235789
-0.237004
0.950454
0.22508
0.0422428
-0.0635914
-0.0761805
0.313367
1.44829
2.04672
2.05303
2.05861
1.43615
0.77258
0.771326
0.504619
0.983853
1.2567
1.27818
1.29765
1.3145
1.30575
0.417717
-0.16334
-0.169795
0.0447974
0.897559
1.09038
1.08816
1.07821
1.05402
1.02087
0.375148
-0.20928
-0.208459
-0.206704
-0.202245
-0.195333
-0.162748
-0.177768
-0.198237
-0.200848
0.972024
0.972118
0.962488
0.929117
0.30135
-0.0917711
-0.0451396
0.0218009
0.122875
0.147661
0.0334939
0.00566652
0.0266778
0.0402734
0.200605
0.402351
0.680603
1.33929
1.33587
1.33185
1.02568
-0.0882738
0.0680945
1.09671
1.13244
1.12741
1.11966
0.712301
1.05116
1.04903
1.04749
1.01546
-0.00224347
-0.175988
-0.171457
-0.15499
-0.12971
-0.141091
-0.16401
-0.165246
0.374767
0.548405
0.612333
0.466962
0.116479
-0.0784294
-0.0783144
-0.0795816
-0.0800359
-0.0796595
-0.078707
-0.0172461
0.0649855
0.0627346
-0.0445747
-0.0654654
-0.0903668
0.0235527
0.228608
0.41315
0.267895
-0.0886268
-0.10705
-0.0165022
1.11581
1.16629
0.744872
-0.0943555
-0.141704
0.411504
1.08502
1.06931
0.463277
-0.144831
-0.144007
-0.11472
-0.103112
-0.111137
-0.135636
-0.136389
-0.0916702
-0.0860463
-0.0801289
-0.0765492
-0.0664517
0.0115345
0.053201
0.051975
0.0105257
0.0253807
0.0585086
0.0735468
0.0769625
0.0753743
0.0727734
0.0332473
-0.0944809
-0.106872
-0.11004
-0.113555
-0.114774
-0.112595
-0.115546
-0.118854
0.168553
0.727453
0.0775962
-0.132998
-0.136707
-0.139027
0.513691
1.10207
0.29654
-0.112098
-0.116926
-0.0846088
-0.080821
-0.0984231
-0.113522
-0.11371
-0.0799489
-0.0803342
-0.0804534
-0.0744035
0.0370598
0.0651511
0.0651913
0.0645373
0.0629074
0.0130835
-0.0611213
-0.0797854
-0.0631419
0.0833298
0.0779483
-0.0476153
-0.0934066
-0.0927998
-0.0933089
-0.0961136
-0.100057
-0.103929
-0.104171
0.356917
0.553223
0.553455
0.0480799
-0.124681
-0.12683
-0.12581
-0.0504873
0.368884
0.111558
-0.0767614
-0.0690164
-0.0762485
-0.0926502
-0.095557
-0.0944696
-0.0955828
-0.0626731
-0.0674932
-0.0677701
-0.0592183
-0.0241888
-0.0362956
-0.0695145
-0.0714075
-0.0678299
-0.019069
-0.0293909
-0.0692904
-0.0738653
-0.0654758
-0.0693225
-0.0793095
-0.0799791
-0.0725318
0.0802556
0.266413
0.446163
0.543499
0.544159
0.537276
0.535107
0.456094
-0.0477885
-0.120438
-0.119205
-0.115023
-0.109052
-0.102623
-0.0214824
-0.021632
-0.0642657
-0.0717278
-0.0728245
-0.0671688
-0.0764711
-0.081532
-0.0475633
-0.049155
-0.0537259
-0.0556768
-0.0573048
-0.0579655
-0.0586729
-0.0594655
0.00968685
0.0222571
0.0206233
-0.0290122
-0.0599405
-0.0617355
-0.063056
-0.0649308
-0.067323
-0.0711078
0.0596055
0.095145
-0.0085828
-0.0278633
0.0282005
0.139558
0.102327
-0.0425578
-0.113822
-0.117028
-0.112333
-0.10645
-0.100863
-0.0951534
-0.0795641
-0.0579878
-0.0669439
-0.0624726
0.0363749
0.0372319
-0.051579
-0.0689085
-0.0360826
-0.0405284
-0.0417392
-0.041493
-0.0439483
-0.0453217
-0.0460363
-0.0422527
-0.0297367
-0.000732342
0.0315695
0.0323407
0.0315434
0.0247512
-0.027354
0.00528279
0.00757
-0.048521
-0.0668838
-0.0733764
-0.0805508
-0.0879528
-0.0953426
-0.101904
-0.106193
-0.107952
-0.107881
-0.105465
-0.101246
-0.0957921
-0.0896623
-0.0835899
-0.078038
-0.0716777
-0.065268
0.0316069
0.0590974
0.0463814
-0.0485194
-0.0536934
-0.0313697
-0.0318159
-0.0279803
-0.0247047
-0.0314638
-0.0327239
-0.0332922
-0.0339886
-0.0347326
-0.0354564
-0.0357528
-0.010899
0.00606668
0.0358713
0.0589543
0.0579419
0.0549351
0.00890192
-0.0513426
-0.0562344
-0.0616987
-0.0672131
-0.0728886
-0.0778309
-0.0813379
-0.0835176
-0.0843523
-0.0835711
-0.0812892
-0.0784419
-0.0750871
-0.0712143
-0.0667854
-0.0512404
0.041379
0.067746
0.070622
-0.0056285
-0.0454083
-0.0479311
-0.0193561
-0.0193769
-0.017284
-0.0125218
-0.0197471
-0.0201749
-0.0205494
-0.0210627
-0.0216314
-0.022244
-0.0229285
-0.023737
-0.0246739
-0.0259148
-0.0279768
0.014914
0.0687347
-0.0192054
-0.0328864
-0.0350017
-0.0379274
-0.0412881
-0.0446228
-0.0476344
-0.0495516
-0.0520424
-0.0531689
-0.056354
-0.0577026
-0.0589135
-0.0603991
-0.0582733
-0.0100266
0.0573112
0.0709697
0.0755198
0.00369767
-0.0325884
-0.0326468
-0.0307898
-0.00695877
-0.00704135
-0.00696358
-0.00315576
-0.00684657
-0.00750597
-0.00759368
-0.00794756
-0.00833552
-0.00878825
-0.00934077
-0.0100305
-0.0108974
-0.012097
-0.0138074
-0.0157941
0.00525825
-0.00897009
-0.0139339
-0.0140649
-0.0143804
-0.0148297
-0.0157477
-0.0174076
-0.019763
-0.0109276
-0.00395548
-0.00857688
-0.0118614
-0.0127777
-0.00471872
0.014652
0.0197478
0.0222406
0.00974506
-0.0131036
-0.0224696
-0.0199642
-0.0212003
-0.0171959
)
;

boundaryField
{
    inlet
    {
        type            fixedFluxPressure;
        gradient        nonuniform List<scalar> 10(-0.0172652 -0.0121421 -0.0119389 -0.011437 -0.00910721 -0.0103231 -0.00836478 -0.00468563 -0.000804281 -3.66231e-08);
        value           nonuniform List<scalar> 10(1962.84 1962.65 1962.52 1962.39 1962.32 1962.33 1962.39 1962.52 1962.65 1962.83);
    }
    inletWall
    {
        type            zeroGradient;
    }
    bottleWall
    {
        type            zeroGradient;
    }
    atmosphere
    {
        type            totalPressure;
        rho             rho;
        psi             none;
        gamma           1;
        p0              uniform 0;
        value           nonuniform List<scalar> 
80
(
-9.20141e-05
0
0
0
-0.00185693
-0.002285
-0.00138038
-0.00128541
-0.00134909
-0.00120293
-0.00104603
-0.000995355
-0.00103861
-0.0010703
-0.000366556
0
-0.000334487
-0.00139138
-0.00161374
-0.00188977
-0.00201462
-0.00214451
-0.00225736
-0.00236251
-0.00246179
-0.00255633
-0.00264773
-0.00273907
-0.00283081
-0.00291605
-0.00298843
-0.0030382
-0.00304792
-0.00301842
-0.00292199
-0.00243498
-0.000643461
0
-0.000892737
-0.000747726
-7.72047e-06
-1.51456e-06
0
0
-8.00605e-05
-0.000716013
-0.00110907
-0.00143992
-0.00177046
-0.00217261
-0.00268387
-0.00334263
-0.00423755
-0.00557405
-0.0069196
-0.00560676
0
0
0
0
0
0
0
0
0
0
0
0
0
0
0
0
0
0
0
0
0
0
0
-0.000780343
)
;
    }
    frontAndBack
    {
        type            empty;
    }
}


// ************************************************************************* //
