/*--------------------------------*- C++ -*----------------------------------*\
  =========                 |
  \\      /  F ield         | OpenFOAM: The Open Source CFD Toolbox
   \\    /   O peration     | Website:  https://openfoam.org
    \\  /    A nd           | Version:  8
     \\/     M anipulation  |
\*---------------------------------------------------------------------------*/
FoamFile
{
    version     2.0;
    format      ascii;
    class       volScalarField;
    location    "1.6";
    object      p_rgh;
}
// * * * * * * * * * * * * * * * * * * * * * * * * * * * * * * * * * * * * * //

dimensions      [1 -1 -2 0 0 0 0];

internalField   nonuniform List<scalar> 
9150
(
1962.98
1961.99
1961.39
1960.91
1960.67
1960.67
1960.91
1961.39
1962
1962.99
1962.56
1962.04
1961.63
1961.3
1961.14
1961.15
1961.32
1961.64
1962.05
1962.57
1962.29
1962.01
1961.76
1961.54
1961.43
1961.43
1961.54
1961.76
1962.01
1962.29
1962.17
1962
1961.83
1961.67
1961.59
1961.59
1961.67
1961.83
1962
1962.18
1962.17
1961.99
1961.85
1961.73
1961.66
1961.67
1961.73
1961.85
1961.99
1962.18
1951.27
1950.34
1950.52
1951.03
1951.19
1951.2
1951.04
1950.56
1950.39
1951.33
1955.25
1954.54
1954.31
1954.26
1954.36
1954.36
1954.27
1954.32
1954.56
1955.28
1958.35
1957.6
1957.27
1956.93
1956.87
1956.88
1956.94
1957.29
1957.63
1958.38
1961.07
1959.96
1959.51
1958.86
1958.7
1958.7
1958.87
1959.52
1959.97
1961.09
1963.71
1961.65
1960.89
1960.17
1959.93
1959.92
1960.18
1960.91
1961.66
1963.73
1945.18
1944.52
1943.07
1942.1
1941.57
1941.56
1942.08
1943.27
1945.5
1947.33
1945.05
1944.99
1944.18
1943.97
1943.64
1943.74
1944.3
1944.83
1945.9
1946.16
1945.08
1945.22
1944.25
1944.75
1944.32
1944.52
1944.97
1944.75
1945.72
1945.72
1942.07
1944.81
1943.78
1945.48
1945.21
1945.33
1945.49
1944.09
1945.05
1942.38
1935.49
1945.45
1945.81
1947.42
1947.74
1947.78
1947.45
1945.98
1945.59
1935.7
304.399
301.096
294.88
286.455
284.839
302.535
338.019
365.932
388.303
416.077
300.832
297.062
286.87
272.501
269.693
278.105
299.834
312.04
317.415
320.093
306.142
307.363
303.892
291.179
285.988
292.094
272.344
277.09
281.789
281.437
299.633
296.088
295.205
291.659
284.821
277.188
269.076
263.884
260.529
256.199
294.008
295.029
291.681
283.918
272.705
261.579
283.058
252.436
244.712
251.328
326.02
332.305
325.818
303.01
288.277
273.349
263.741
261.591
262.101
256.236
368.655
360.433
340.424
296.759
249.013
222.195
204.432
183.399
199.863
220.734
219.29
221.384
245.469
219.283
167.834
147.194
103.431
107.468
113.51
175.779
151.705
150.266
173.875
180.042
105.817
92.8221
83.2154
86.4364
91.0614
152.082
144.333
143.6
162.242
147.274
123.948
113.822
107.132
104.683
114.531
131.554
137.509
136.497
156.561
226.514
241.489
170.188
192.108
192.311
188.619
208.822
132.94
145.107
153.79
225.669
292.636
287.784
277.405
269.474
265.633
264.17
134.968
220.261
231.632
212.863
303.787
321.45
314.435
306.272
297.116
286.519
136.927
263.209
290.21
234.239
242.647
367.249
358.22
345.79
329.151
311.654
160.654
286.998
307.867
289.5
273.313
344.497
397.716
379.074
331.951
289.338
254.812
316.515
327.704
340.956
256.662
250.105
412.091
400.493
286.838
264.88
358.748
308.578
325.016
320.649
299.184
204.344
199.811
363.682
300.26
255.136
293.686
117.67
136.244
269.327
300.161
171.274
116.261
162.812
285.923
287.84
168.386
19.6621
8.60032
132.023
277.332
292.247
117.275
163.565
191.349
269.458
47.841
9.85714
9.03949
40.5346
307.286
296.843
118.55
314.646
370.033
372.375
83.6744
23.3706
24.5443
52.2562
318.575
277.989
101.344
210.234
375.697
374.704
156.353
26.4099
27.1105
64.0804
333.353
310.744
83.8267
82.6626
198.768
375.661
183.378
30.1896
25.9203
62.6125
340.478
317.231
70.2031
72.2929
69.598
68.8555
128.941
32.7339
22.7654
57.37
348.466
250.253
66.1729
129.695
100.6
111.364
48.2151
26.9317
18.142
48.3886
257.099
125.446
61.4034
140.573
117.217
6.7079
38.7231
32.6852
16.0393
28.1275
58.4326
57.3187
53.5599
157.691
68.8758
8.29036
75.6753
80.8796
19.4464
16.1531
36.7526
146.934
53.9917
106.712
92.2215
8.77008
84.7001
84.2168
20.4621
19.4889
158.552
402.284
79.8426
89.9459
82.2612
7.48355
65.8082
41.6851
17.4615
19.0196
334.607
412.822
96.5987
60.6768
50.0804
6.05909
8.63398
11.2262
12.9862
30.484
411.273
424.377
58.0425
21.8268
4.99836
2.76487
5.1946
23.9052
46.3961
40.9522
434.891
418.554
40.1067
0.19308
-0.0435022
0.00172385
31.8149
60.9957
79.921
40.5839
426.78
452.973
32.716
-0.308468
-0.284979
-0.225944
77.2029
88.0561
79.1232
44.462
449.935
457.11
23.354
-0.279516
-0.259657
-0.202865
42.7768
88.8525
40.9712
41.9452
468.579
453.921
26.7802
-0.205469
-0.227244
-0.260862
0.67757
10.4958
28.5981
32.3699
462.531
485.487
28.5807
-0.017332
-0.301637
-0.321445
8.34805
10.7974
9.14464
22.3968
472.532
494.114
23.949
0.540675
-0.384786
-0.390332
1.16075
1.34633
1.25793
20.1669
488.903
500.173
20.1214
0.559627
-0.121356
-0.370797
1.17061
1.18223
1.1576
12.5491
521.4
491.743
9.82666
0.599624
1.33969
0.988819
1.20641
1.40255
1.22278
3.44475
524.476
511.316
1.22147
0.180302
1.3475
1.37644
1.25727
2.35427
1.30675
1.21166
511.206
513.278
-0.568683
-0.484253
1.29412
1.30217
1.70068
2.41688
1.29783
1.28936
499.605
506.273
-0.743227
-0.774737
0.111884
0.363445
2.88168
2.45699
1.36217
1.37822
493.575
518.749
0.192457
-0.988405
-1.01236
-1.02595
1.26216
1.36642
1.28774
1.29444
546.974
541.058
-1.11838
-1.08743
-1.07149
-1.06382
1.25268
1.25776
1.26249
1.27173
609.242
608.84
-1.08283
-1.08507
-1.08254
-1.0801
1.25998
1.29678
1.27583
1.30963
650.881
645.868
-1.07683
-1.09644
-1.09837
-1.1013
1.27724
1.33801
1.3049
5.95439
661.432
671.196
4.19932
-1.12924
-1.12527
-1.12155
1.38699
1.3496
1.34781
18.5934
661.502
699.08
17.1432
-1.1618
-1.13186
-1.0981
1.44045
1.27852
1.23051
28.7376
713.754
671.993
23.9549
-1.0194
-1.01791
-0.624838
1.45258
1.28826
1.25258
34.5391
727.941
683.9
23.7896
-1.0176
-0.777481
-0.271189
1.36115
1.36218
1.39186
26.2652
702.743
740.11
27.9615
-1.14214
-0.555942
-0.272871
1.38605
1.38545
1.39317
21.6335
727.579
743.344
19.3494
-1.14007
-0.407781
-0.260625
1.44039
1.39543
1.40019
15.5949
736.832
755.695
14.3717
-1.1436
-0.374101
-0.250962
1.47695
1.41579
1.44567
8.917
736.809
773.301
10.348
-1.19846
-0.55903
-0.237166
1.39196
1.42363
1.46461
2.86808
740.951
791.094
6.14428
-1.21523
-0.824698
-0.187449
1.35506
1.36443
1.35359
3.19111
801.284
764.357
-1.03442
-1.07441
-0.898996
-0.0769718
1.3399
1.33509
1.31761
1.30347
810.97
812.334
-1.00476
-1.01093
-0.889274
-0.0106748
1.346
1.29577
1.29014
1.35603
862.249
858.009
-0.952341
-0.963127
-0.81796
-0.588054
1.31477
1.25703
1.2573
11.733
912.111
909.967
8.01078
-0.925684
-0.560559
-0.264982
1.2753
1.24071
1.24512
30.5395
945.394
947.686
28.6958
-0.91165
-0.530772
-0.238894
1.21878
1.23935
1.26991
45.0626
950.748
982.905
46.2428
-0.943569
-0.712428
-0.377032
1.19356
1.21132
1.25421
53.7151
960.814
1001.75
57.1402
-0.970767
-0.532354
-0.597161
1.14704
1.31871
1.09848
62.9712
1019.6
971.875
50.596
-0.852514
-0.0329282
-0.545804
1.69512
2.11016
1.09374
54.858
1030.47
993.902
52.318
-0.801635
0.0409076
-0.139612
2.75546
2.38394
1.25972
49.2145
1007.36
1041.12
50.9177
-0.893979
0.0134497
0.0754316
1.16141
1.25905
1.18881
47.342
1032.79
1040.16
45.8439
-0.900937
-0.103765
0.0903302
1.14139
2.55639
1.17123
44.0824
1024.2
1072.17
46.836
-0.948472
-0.368771
-0.167064
1.6324
2.545
1.05686
47.8362
1069.94
1071.82
45.9012
-0.8761
-0.824359
-0.857102
2.49663
2.48779
1.02651
60.3276
1120.57
1125.89
62.8611
-0.835063
-0.833086
-0.83215
1.90985
2.14609
0.932038
103.543
1187.24
1182.12
100.296
-0.796867
-0.804428
-0.7362
0.826418
0.85479
0.840428
149.272
1231.41
1232.23
148.292
-0.785532
-0.781262
-0.678452
0.790846
0.797261
0.796435
184.185
1259.87
1260.39
182.573
-0.786257
-0.715772
-0.680453
0.828125
0.789925
0.800322
200.277
1266.36
1289.96
198.928
-0.800191
-0.651356
-0.702385
0.832047
0.772581
0.75781
203.34
1301.41
1288.54
200.249
-0.733423
-0.585423
-0.731872
0.806154
0.783865
0.792537
186.554
1299.38
1316.73
187.34
-0.738044
-0.561693
-0.710623
0.769593
0.789965
0.790333
165.24
1315.1
1324.13
163.793
-0.694813
-0.527914
-0.401695
0.755279
0.864404
0.784519
154.415
1324.67
1341.14
153.395
-0.656609
-0.477327
-0.274726
0.72164
0.900534
0.738145
153.328
1346.91
1352.66
152.354
-0.600798
-0.51061
-0.27722
0.693657
0.901781
0.691036
180.48
1391.74
1392.44
177.554
-0.563325
-0.509229
-0.483597
0.745313
0.865616
0.655034
254.5
1450.52
1451.93
250.968
-0.529324
-0.47486
-0.446541
1.33153
0.890236
0.634129
335.78
1500.13
1501.5
332.697
-0.499818
-0.37678
-0.437302
1.34558
0.841799
0.595354
397.377
1537.43
1538.01
394.714
-0.467119
-0.334813
-0.26352
1.29113
0.632911
0.55378
444.393
1567.79
1567.51
442.62
-0.443267
-0.347311
-0.286916
0.878771
0.585332
0.505486
494.21
1596.14
1594.71
493.42
-0.422723
-0.330448
-0.423439
0.636774
0.549906
0.46022
560.163
1623.99
1622.13
559.816
-0.391872
-0.310838
-0.272546
0.649448
0.521192
0.422363
636.146
1649.55
1648.58
636.187
-0.362088
-0.301742
-0.216035
0.608308
0.410897
0.386909
702.851
1674.35
1670.1
703.775
-0.338766
-0.302441
-0.189014
0.380037
0.355319
0.350781
753.308
1700.65
1687.9
752.3
-0.322147
-0.312576
-0.164111
0.335348
0.327778
0.323846
797.065
1715.76
1719.84
796.689
-0.321832
-0.31483
-0.299627
0.301909
0.299917
0.296755
744.328
1722.54
1747.44
1057.37
-0.288788
-0.286426
-0.288389
0.27969
0.278454
0.28592
719.962
1729.24
1765.51
1218.06
21.163
-0.267149
-0.266316
0.25892
0.258923
0.261931
1148.25
1779.15
1780.55
1145.35
16.4371
-0.246211
-0.24632
0.236907
0.238466
27.6685
1474.93
1799.59
1795.1
1077.01
-0.226897
-0.219872
-0.219144
0.207445
0.208734
215.908
1614.96
1818.33
1813.14
1293.76
-0.194126
-0.196146
-0.192686
0.179809
0.180325
392.291
1740.47
1835.48
1833.47
1424.17
-0.161643
-0.174226
-0.169555
0.15278
0.149907
545.223
1791.34
1854.43
1853.21
1669.79
210.712
-0.150174
-0.14942
0.129033
0.127755
955.052
1865.56
1873.43
1872.84
1806.16
556.157
-0.130596
-0.127175
0.106072
0.146696
1350.55
1891.47
1892.31
1892.2
1891.39
1125.24
-0.0977331
-0.100954
0.0652819
341.841
1715.36
1909.64
1910.66
1911.13
1910.38
1627.14
81.1909
-0.0741348
0.0620066
1305.71
1927.45
1927.42
1926.97
1926.68
1926.42
1909.63
966.356
-0.0528447
733.57
1890.2
1938.76
1937.27
1936.75
1936.92
1937.78
1939.78
1869.21
586.252
450.699
463.985
441.294
391.213
333.976
298.708
275.876
274.224
266.808
267.913
268.75
281.842
298.196
295.927
293.615
295.209
295.301
295.987
288.802
282.298
275.315
272.085
267.032
262.454
261.827
265.229
275.612
269.364
273.895
274.014
270.588
274.769
279.955
287.126
294.674
299.059
314.053
321.653
322.755
328.191
343.459
359.656
350.164
309.489
266.578
241.921
225.609
232.946
223.983
233.843
238.997
257.253
270.428
281.256
280.977
291.507
290.621
296.72
290.236
279.781
264.777
259.536
258.582
249.039
253.375
256.215
261.73
263.946
268.075
268.25
265.878
268.561
270.599
275.349
287.218
298.17
303.018
315.281
317.175
331.01
289.527
298.545
282.017
258.268
206.529
186.415
171.04
179.942
151.493
149.933
172.599
217.107
248.153
266.412
270.169
278.625
282.531
285.651
272.75
250.852
235.138
225.427
223.907
229.855
243.4
262.165
271.898
271.046
274.424
267.618
261.856
272.723
277.673
280.887
287.252
285.03
295.19
301.814
314.628
326.814
258.839
263.88
245.356
218.85
187.222
140.337
131.468
127.048
126.708
127.39
159.995
198.564
223.25
233.742
251.25
263.765
274.347
270.513
256.155
219.544
212.357
209.595
207.627
215.516
229.699
259.876
271.27
275.04
276.168
259.934
256.456
256.446
262.627
286.791
297.832
300.847
302.356
305.586
321.56
325.053
260.987
240.264
224.669
201.123
149.921
107.661
110.265
113.982
116.461
125.579
177.676
198.562
200.803
215.209
242.564
260.307
264.06
263.814
227.379
202.986
203.279
202.503
200.936
200.276
201.619
207.474
256.889
280.403
288.096
287.021
255.863
250.111
252.998
253.964
296.624
308.57
311.196
304.427
317.819
324.051
239.828
222.596
209.737
180.778
110.266
100.332
101.697
104.096
106.772
118.135
148.006
150.578
175.635
220.366
241.814
252.619
258.974
225.552
201.399
202.454
203.16
203.404
202.955
202.653
202.591
203.013
204.312
222.033
284.222
304.052
312.914
296.614
253.919
254.327
263.094
307.891
313.137
293.955
297.911
326.565
219.872
212.424
203.23
145.188
99.953
100.755
102.577
104.762
106.678
109.548
111.919
117.882
169.096
217.758
231.38
243.078
254.237
246.794
206.148
202.973
210.559
262.4
261.121
209.255
203.168
204.254
205.249
205.324
205.364
245.766
307.098
318.875
327.738
262.063
262.08
291.966
314.338
294.999
296.051
332.141
198.385
202.007
187.622
126.204
99.3912
103.048
105.37
107.847
110.171
112.48
114.77
119.877
200.641
224.766
232.983
240.733
248.912
256.347
254.063
250.456
264.727
278.209
285.176
288.577
292.553
253.293
204.5
205.604
206.86
207.284
232.592
317.495
330.765
337.57
291.678
296.411
320.079
304.156
302.336
342.466
152.389
152.453
212.062
182.751
102.84
105.728
109.334
111.562
113.641
115.212
115.844
151.6
235.342
237.794
241.206
244.359
246.717
250.737
256.075
260.898
266.014
272.227
278.787
285.638
272.869
260.908
285.7
312.593
263.183
215.656
254.316
325.233
333.144
340.666
320.838
307.799
311.664
305.766
318.976
349.74
139.898
162.613
230.503
239.229
185.979
123.786
113.633
114.788
116.221
117.75
119.238
122.14
134.69
175.681
238.293
241.3
243.44
248.487
252.975
255.48
258.451
253.187
190.158
202.152
263.451
289.222
299.11
305.794
311.678
254.46
256.091
306.411
331.174
339.166
347.114
311.661
306.236
302.492
348.413
348.28
233.955
241.431
245.872
249.351
254.139
237.326
213.489
186.376
183.847
191.374
166.117
128.509
137.469
204.699
224.095
199.643
203.811
212.357
240.522
208.299
159.17
158.718
166.302
173.877
173.652
219.609
291.443
300.08
306.801
291.01
251.625
266.383
326.179
331.454
338.485
294.464
294.644
307.864
342.928
342.436
261.214
257.142
247.982
250.896
257.341
260.98
260.887
264.617
267.834
269.557
269.748
257.859
258.557
259.082
257.735
251.439
242.595
153.092
142.282
144.455
144.891
143.507
184.216
254.856
284.881
288.551
291.931
295.576
300.738
255.332
243.928
280.841
312.08
311.186
310.301
243.81
278.771
333.387
332.213
333.381
270.105
208.535
134.85
135.665
154.459
178.293
193.147
206.898
207.22
207.374
218.203
218.879
208.633
213.588
209.423
172.049
129.575
137.812
174.849
181.241
176.663
131.568
114.651
128.915
163.035
257.369
283.336
264.152
262.131
265.402
290.12
302.407
295.984
290.186
251.841
162.882
241.532
316.804
320.271
322.64
290.584
169.515
103.546
95.3987
90.0266
88.2454
87.8056
87.9393
88.6083
89.7807
97.2002
105.641
97.3869
88.9217
88.4681
115.803
194.726
150.785
86.7055
77.1653
78.0441
76.8689
78.1257
80.4993
134.512
268.933
290.646
284.22
288.524
307.369
303.778
297.695
277.978
183.847
132.143
135.043
156.342
264.772
309.797
311.469
315.772
270.356
199.36
128.029
90.14
87.8996
87.8857
88.5693
89.7487
92.9122
92.9678
81.9966
82.8039
83.6706
84.7765
158.328
220.949
121.658
77.8682
76.8366
75.7532
75.3689
75.9876
80.4844
224.029
298.864
308.36
313.616
314.714
313.397
308.739
303.303
185.97
135.472
137.895
143.155
145.936
217.417
301.379
323.842
273.753
298.688
287.801
276.742
169.996
89.7071
89.193
89.8642
90.1813
94.2732
105.18
81.2783
82.4272
83.2019
83.6322
158.92
219.527
218.464
148.034
77.9067
78.3039
78.6343
78.9637
80.2372
206.171
322.51
325.642
327.651
326.641
324.936
324.154
323.732
226.529
147.452
151.874
156.387
188.806
282.92
335.35
345.864
244.874
302.687
302.779
298.13
289.783
137.722
92.8369
92.4518
91.8584
97.2149
117.768
87.8636
83.5238
83.9423
84.1263
96.0899
208.394
225.774
229.385
223.857
97.8734
81.7207
81.8431
81.9989
91.4059
171.127
221.645
256.127
326.253
334.705
339.902
343.759
343.65
283.552
276.219
310.59
343.383
359.994
361.818
363.012
252.63
266.313
335.115
329.009
320.33
292.664
124.952
100.202
106.541
138.147
118.168
85.0679
84.3508
85.083
85.375
85.2581
86.1365
157.355
236.581
239.814
241.422
195.207
87.9806
85.9497
87.9871
91.2222
94.5427
108.755
177.517
277.895
330.385
331.293
344.653
359.915
367.141
371.47
371.83
373.37
374.995
375.916
374.857
383.544
224.874
289.148
342.434
330.163
312.095
243.131
301.314
327.332
326.203
287.253
126.482
97.8447
106.16
90.012
74.7942
74.6533
165.316
247.046
251.237
254.859
254.651
219.578
188.975
184.782
198.935
205.413
246.571
269.292
266.773
184.038
189.846
323.962
376.173
383.671
385.069
384.012
384.423
337.645
376.351
288.393
123.599
106.605
268.251
330.931
333.665
335.47
336.785
338.513
338.736
337.255
338.766
342.337
235.726
73.2466
73.4287
73.3518
73.3622
144.748
261.696
262.263
211.235
189.186
194.687
190.456
112.44
128.63
152.052
152.852
158.458
163.519
165.624
171.06
265.766
388.72
393.527
394.945
396.001
307.717
376.592
309.906
79.8678
69.8247
67.5927
218.965
320.356
341.3
340.632
342.617
343.6
344.282
347.519
351.189
354.779
279.637
80.2293
72.1725
72.2096
72.2207
75.9479
73.1398
73.378
74.4017
77.0088
79.6422
82.6264
86.0632
89.4288
131.144
177.046
169.673
166.156
171.779
292.884
399.799
403.176
405.826
349.633
312.176
376.826
360.354
161.078
118.642
40.731
36.4514
21.4543
92.1702
262.171
334.036
346.032
349.648
353.4
356.825
361.924
366.22
262.142
71.8445
72.1092
72.0968
72.3865
72.6795
73.1244
74.0921
74.9294
76.69
118.839
248.1
317.316
361.547
393.777
374.629
315.612
325.626
402.497
414.225
383.131
337.875
318.076
319.408
284.989
331.663
157.268
37.9486
26.2936
14.9969
14.0633
13.4794
14.0061
14.0559
188.67
321.314
322.407
331.588
366.021
371.884
370.503
215.737
70.9931
70.5082
74.9918
77.8012
77.76
175.356
365.495
405.215
399.226
416.089
417.375
418.495
421.773
425.49
427.347
396.678
317.511
324.031
324.1
328.036
329.212
353.406
229.788
221.46
106.25
24.2918
18.7052
18.6634
20.1916
14.1154
14.5984
14.7689
14.6702
15.8126
23.2322
180.35
296.971
295.591
266.735
338.85
347.606
353.337
345.695
175.868
222.948
428.862
429.071
429.282
429.491
430.21
430.862
431.706
436.505
432.239
324.654
323.559
327.237
332.315
336.495
403.777
445.185
459.5
12.4986
20.0778
16.1476
22.6194
37.6827
40.5302
40.0972
24.7472
38.924
16.8218
32.0819
52.9876
124.944
223.021
189.927
75.6079
61.246
137.226
290.302
313.357
174.743
152.182
175.226
442.208
444.222
443.613
443.958
444.024
444.313
445.735
449.446
380.534
328.232
330.283
332.261
385.44
461.563
465.381
466.995
467.885
7.91363
7.98641
8.39248
9.92804
21.2658
31.6409
41.2633
45.2309
65.7675
137.659
369.798
398.143
399.077
405.323
409.717
302.433
43.1967
21.4245
21.3357
22.0943
49.0372
155.9
305.422
407.073
450.335
453.431
454.011
454.255
455.692
457.199
460.435
458.389
382.695
336.398
416.793
432.613
432.817
368.021
392.815
448.812
8.65745
8.41567
7.93853
7.73588
37.7502
29.5084
167.877
214.988
419.856
423.017
420.344
418.323
417.777
418.407
412.742
257.127
27.9444
12.6115
18.5632
53.936
56.7932
78.0953
185.796
254.629
286.39
438.311
459.791
461.371
465.186
468.533
469.471
469.618
470.221
467.973
467.866
382.657
326.402
329.916
333.632
336.086
9.88617
20.4751
19.6002
18.5717
42.4762
43.4737
35.1852
70.7314
211.314
370.841
390.675
356.922
313.306
248.387
81.9376
5.35723
10.8112
7.28574
9.89744
26.8728
111.144
167.123
302.8
167.652
90.3307
97.9552
103.714
191.937
350.744
470.833
479.244
478.547
479.142
479.087
474.172
385.663
325.407
428.615
373.125
382.856
11.8122
17.9251
16.758
20.1581
24.876
33.6545
32.6128
21.0976
8.95881
11.5883
7.12141
-0.543698
-0.560711
-0.573304
-0.558247
4.89708
2.76622
4.78641
6.13808
58.7051
270.073
403.403
482.289
353.158
86.5787
60.7494
58.112
57.0102
59.6903
82.5846
139.293
211.28
298.713
388.515
371.38
255.262
427.695
472.394
474.844
477.087
3.62444
3.00035
1.22406
1.29259
0.156615
1.13088
-0.438932
-0.409882
-0.401354
-0.376153
-0.370319
-0.395245
0.891017
4.45453
4.26229
2.10385
2.46309
3.35188
40.9476
391.438
488.872
490.898
492.598
492.821
443.846
121.17
57.2475
57.2233
57.2104
57.384
57.7766
57.4547
58.381
72.0071
74.022
202.258
481.806
486.273
486.53
487.764
-0.161105
-0.178929
-0.152141
-0.219019
-0.260096
-0.284102
-0.3478
-0.367909
-0.346503
-0.305872
-0.292265
-0.325107
2.03217
5.34331
5.43208
2.40724
2.08676
2.90194
225.165
503.172
505.582
506.538
506.117
506.082
505.732
493.628
173.216
57.5767
57.5443
57.8248
57.7694
57.8997
57.4686
57.5149
71.277
401.268
500.83
501.171
499.049
484.188
-0.167687
-0.13844
0.0452786
0.357985
0.308631
0.273876
0.255308
-0.129103
-0.390748
-0.370881
-0.347006
-0.402633
0.239907
2.39854
2.46589
2.14817
4.3714
3.99565
26.9624
95.2701
360.973
461.421
452.868
472.046
490.729
496.73
503.188
487.95
302.252
207.066
248.177
194.817
201.724
248.572
392.11
456.604
424.181
331.669
237.764
221.381
0.079926
0.377225
0.378266
0.335371
0.290746
0.250743
0.220501
0.198717
-0.394037
-0.496105
-0.504704
-0.55798
-0.65373
-0.100989
1.76281
1.93051
1.75278
3.2465
1.32589
-0.584793
13.8728
23.7893
29.7741
61.0574
104.574
113.441
220.629
317.175
287.924
298.221
301.302
298.657
309.499
288.477
359.213
374.771
210.015
39.5011
13.0043
2.70856
-0.253239
0.0455634
0.313464
0.197996
0.229817
0.226974
0.192926
0.159945
-0.0867643
-0.570472
-0.588689
-0.634749
-0.699662
-0.763466
-0.672824
-0.607298
0.137673
3.41239
1.92326
-0.511359
-0.769479
-0.722799
-0.653139
-0.668191
-0.700122
-0.714241
-0.728384
-0.748858
-0.760497
-0.771826
4.76911
-0.711756
7.10961
0.757282
0.53766
0.164097
3.07444
1.81875
1.90438
1.90702
-0.353985
-0.388336
-0.348478
-0.342515
-0.424686
-0.438689
-0.201715
0.155309
0.130533
0.106726
-0.155932
-0.63626
-0.686179
-0.743246
-0.80609
-0.855758
-0.86541
-0.887987
-0.818857
-0.479215
-0.660112
-0.722372
-0.677915
-0.538718
-0.535076
-0.637085
-0.599846
-0.708453
-0.736522
-0.731639
-0.751424
-0.718978
-0.161677
1.64773
4.16471
4.42805
4.7302
2.01349
2.07587
2.52468
-0.406389
-0.422733
-0.389571
-0.471784
-0.541065
-0.568493
-0.587524
-0.512798
-0.542259
-0.0558753
-0.0614921
-0.0773948
-0.133098
-0.615791
-0.766265
-0.783294
-0.789997
-0.7961
-0.790857
-0.597008
-0.637461
-0.768067
-0.745352
-0.621027
-0.493553
-0.488925
-0.481041
-0.669456
-0.723553
-0.744945
-0.743144
-0.652753
-0.735374
-0.560777
0.126895
0.736285
1.00754
3.28143
3.47631
3.56349
-0.465661
-0.481128
-0.481711
-0.519996
-0.551057
-0.624547
-0.674346
-0.691784
-0.700915
-0.667138
-0.700162
-0.278044
-0.169325
-0.214462
-0.728255
-0.769218
-0.763975
-0.757188
0.0359732
0.264654
-0.690892
-0.811102
-0.785046
-0.763346
-0.591386
-0.481197
-0.469209
-0.665363
-0.699689
-0.750203
-0.769478
-0.785201
-0.851586
-0.892519
-0.897672
-0.860502
-0.810689
-0.282388
1.50464
2.65727
0.361916
-0.268244
-0.5639
-0.62409
-0.687577
-0.732471
-0.752563
-0.637859
-0.610991
-0.628143
-0.753252
-0.791612
-0.342929
-0.224897
-0.632786
-0.780997
-0.783656
-0.600703
0.429665
0.571428
-0.608116
-0.827922
-0.804653
-0.775733
-0.745972
-0.515284
-0.459251
-0.660024
-0.732355
-0.759637
-0.774904
-0.796251
-0.819292
-0.839736
-0.844102
-0.826955
-0.804522
-0.788593
-0.783641
-0.786107
1.37975
1.41364
0.33889
-0.694985
-0.804939
-0.820228
-0.830185
-0.739871
-0.666362
-0.673835
-0.681219
-0.833963
-0.703507
-0.270087
-0.384632
-0.802233
-0.803042
-0.635971
0.475972
0.627297
-0.528503
-0.845009
-0.818869
-0.787071
-0.757991
-0.542236
-0.48457
-0.72436
-0.75583
-0.759709
-0.765344
-0.771277
-0.7766
-0.781413
-0.785994
-0.776825
-0.708482
-0.741791
-0.782667
-0.78357
1.30708
1.32715
1.29931
0.0837636
-0.913404
-0.915849
-0.910941
-0.896888
-0.903121
-0.766372
-0.758948
-0.888796
-0.892985
-0.346438
-0.364413
-0.82321
-0.827995
-0.820218
0.467192
0.612001
-0.0317692
-0.881473
-0.845858
-0.80294
-0.765193
-0.705079
-0.743756
-0.755518
-0.758584
-0.758492
-0.755272
-0.750754
-0.749066
-0.749537
-0.707367
-0.0794457
0.369151
0.130521
-0.56047
-0.785423
0.857726
1.23593
1.23565
0.203158
-0.994685
-0.990152
-0.979364
-0.970187
-0.961674
-0.945702
-0.936745
-0.941242
-0.93438
-0.567085
-0.630082
-0.830641
-0.723235
0.495672
0.565202
0.535112
-0.416634
-0.915803
-0.861935
-0.810059
-0.763531
-0.735252
-0.6989
-0.296768
-0.0826328
0.0224262
-0.510684
-0.735715
-0.704367
0.326428
0.481534
0.473093
0.46467
0.445689
0.18297
-0.787666
-1.00951
0.926649
1.28503
-0.69634
-1.05636
-1.04404
-1.03098
-1.01981
-1.00697
-0.99852
-0.988716
-0.977033
-0.963314
-0.744965
-0.727991
-0.0657671
0.629325
0.585392
0.556479
-0.56098
-0.97996
-0.94993
-0.884648
-0.826498
-0.697865
0.0196848
0.248495
0.234544
0.21139
0.198634
-0.509891
0.0763499
0.480463
0.469175
0.451438
0.420916
0.344909
0.390521
0.340556
-0.517502
-1.06027
-0.655497
0.481293
-0.988219
-1.0958
-1.08307
-1.07124
-1.02852
-1.03553
-1.038
-1.02467
-1.00784
-0.852837
-0.747992
-0.283025
0.662349
0.636296
0.613354
-0.375347
-1.00427
-0.98703
-0.956844
-0.915911
-0.494792
0.195683
0.200895
0.197668
0.194492
-0.117089
-0.591548
-0.552776
0.400624
0.415568
0.212529
-0.45005
-0.663508
-0.842297
-0.781603
-0.553197
-0.0566879
-1.07735
-0.78503
-0.164172
-1.072
-1.11776
-1.1074
-1.0883
-1.05195
-1.06682
-1.06876
-1.05293
-1.03118
-0.861045
-0.592996
0.696501
0.687281
0.675094
0.275515
-0.996442
-0.996396
-0.991307
-0.979757
-0.629213
0.136847
0.150682
0.0252913
-0.684648
-0.724357
-0.820841
-0.831336
-0.783601
-0.55219
-0.692346
-0.876702
-0.898425
-0.893543
-0.891533
-0.890598
-0.887864
-0.564049
-1.10207
-0.0852905
-0.606049
-1.12035
-1.12125
-1.11054
-1.02507
-0.917406
-1.04698
-1.08687
-1.07121
-1.0545
-0.96428
-0.221762
0.714623
0.721714
0.718846
-0.600753
-0.994994
-1.0007
-1.00933
-1.02009
-0.525881
0.120436
0.0565826
-0.917915
-0.910759
-0.890547
-0.873351
-0.84356
-0.607992
-0.581077
-0.598221
-0.66962
-0.865236
-0.896386
-0.89387
-0.892879
-0.89187
-0.891856
-0.977503
-0.0748243
-0.92949
-1.13199
-1.13059
-1.06191
-0.902641
-0.896523
-0.893177
-1.06931
-1.08146
-1.06701
-0.98458
-0.297392
0.739045
0.761546
0.466251
-0.990412
-0.996988
-1.0066
-1.01882
-1.03001
-0.856342
-0.0445179
-0.0983908
-0.945553
-0.93308
-0.910607
-0.859207
-0.785544
-0.670131
-0.703564
-0.563733
-0.591913
-0.853928
-0.898249
-0.895282
-0.893375
-0.893513
-0.893855
-0.473565
-0.0845052
-1.1392
-1.15019
-1.14471
-1.04
-0.908509
-0.906743
-0.949233
-1.08629
-1.08869
-0.951664
-0.911401
-0.683359
0.700553
0.797613
0.216546
-0.992306
-0.996132
-1.00431
-1.01446
-1.02413
-0.994807
-0.338849
-0.170562
-0.965527
-0.951744
-0.825766
-0.710349
-0.699026
-0.689552
-0.567406
-0.556863
-0.659139
-0.870309
-0.896621
-0.84809
-0.8266
-0.887206
-0.891799
-0.300885
-0.472145
-1.15355
-1.14948
-1.14474
-1.08953
-0.919808
-1.1002
-1.10643
-1.04286
-0.8699
-0.848161
-0.839872
-0.95217
-0.0296938
0.828898
0.379146
-0.992216
-0.992975
-0.99842
-1.00478
-1.00204
-0.731454
-0.302612
-0.662605
-0.965987
-0.946867
-0.867973
-0.900978
-0.926019
-0.899576
-0.728369
-0.546666
-0.653883
-0.854016
-0.890302
-0.721752
-0.692348
-0.863329
-0.886083
-0.591377
-1.14788
-1.14344
-1.13818
-1.13311
-1.05888
-0.933118
-1.10254
-1.09896
-0.965785
-0.856208
-0.843817
-0.842694
-1.04493
-0.783915
0.789221
0.52773
-0.992225
-0.989767
-0.993148
-0.999914
-0.954246
-0.421234
-0.413106
-0.964277
-0.972619
-0.969526
-0.967529
-0.960569
-0.950945
-0.941212
-0.84821
-0.551377
-0.8331
-0.864576
-0.861599
-0.681492
-0.683025
-0.852348
-0.880514
-0.878757
-1.14972
-1.13735
-1.12784
-1.11708
-0.984032
-0.904867
-1.04555
-1.07832
-1.03104
-0.824744
-0.815272
-0.994825
-1.04095
-1.02556
-0.505199
0.137668
-0.826817
-0.978694
-0.97857
-0.981225
-0.974826
-0.662053
-0.776203
-0.971889
-0.970326
-0.961874
-0.953908
-0.945089
-0.935914
-0.86432
-0.78423
-0.860456
-0.859103
-0.855446
-0.668085
-0.665817
-0.769689
-0.873783
-0.875406
-0.904625
-1.14744
-1.13053
-1.1167
-1.10513
-1.00974
-0.882509
-0.89138
-1.05341
-1.04835
-1.00651
-0.979011
-1.02959
-1.02037
-1.01248
-0.995291
-0.874914
-0.662354
-0.954942
-0.952628
-0.952729
-0.954484
-0.953683
-0.954892
-0.94797
-0.940043
-0.93163
-0.923993
-0.916663
-0.885796
-0.687843
-0.797389
-0.841268
-0.841197
-0.765375
-0.575661
-0.66129
-0.860397
-0.868191
-0.866871
-0.700539
-1.14024
-1.12145
-1.10527
-1.09147
-1.06855
-0.89202
-0.849732
-0.868505
-1.02888
-1.02315
-1.01571
-1.00693
-0.998736
-0.990656
-0.973278
-0.937589
-0.769504
-0.605086
-0.629685
-0.609961
-0.683039
-0.820141
-0.913369
-0.905879
-0.898473
-0.89201
-0.886196
-0.881181
-0.721689
-0.619332
-0.763495
-0.815706
-0.694605
-0.561491
-0.559002
-0.678683
-0.778983
-0.855884
-0.85905
-0.508239
-1.12973
-1.11011
-1.0936
-1.0791
-1.06653
-1.0197
-0.834298
-0.820881
-0.857649
-1.0095
-1.00178
-0.994203
-0.986739
-0.961005
-0.939135
-0.928949
-0.92784
-0.541505
-0.35567
-0.344663
-0.345787
-0.593565
-0.87763
-0.863672
-0.855182
-0.850299
-0.828697
-0.727846
-0.587469
-0.591577
-0.642757
-0.772813
-0.56474
-0.542859
-0.542799
-0.544126
-0.580997
-0.733921
-0.835699
-0.518892
-1.11029
-1.09308
-1.07872
-1.06591
-1.05384
-1.04283
-0.962594
-0.804624
-0.824395
-1.00261
-0.994952
-0.987278
-0.968362
-0.939469
-0.934947
-0.951289
-0.94069
-0.636895
-0.347509
-0.334716
-0.379119
-0.757094
-0.85219
-0.836468
-0.824151
-0.757363
-0.516184
-0.517642
-0.544272
-0.766165
-0.802182
-0.796815
-0.67544
-0.606837
-0.609421
-0.702806
-0.721361
-0.647301
-0.698684
-0.693345
-1.07765
-1.06751
-1.0573
-1.04708
-1.03723
-1.02807
-1.00953
-0.950457
-0.951341
-0.99455
-0.986772
-0.97978
-0.949437
-0.933978
-0.9418
-0.953289
-0.943061
-0.729676
-0.318423
-0.430984
-0.829575
-0.857522
-0.845905
-0.827762
-0.731967
-0.521868
-0.491317
-0.601514
-0.773295
-0.78227
-0.790133
-0.795991
-0.759764
-0.737134
-0.812807
-0.819156
-0.82234
-0.771257
-0.641141
-0.699045
-1.04139
-1.03784
-1.03148
-1.02423
-1.01531
-0.990945
-0.982768
-0.992264
-0.986294
-0.979697
-0.972626
-0.96037
-0.949851
-0.947989
-0.951343
-0.944641
-0.937488
-0.891443
-0.682699
-0.72785
-0.887618
-0.866175
-0.78503
-0.583296
-0.512521
-0.527401
-0.502812
-0.281078
-0.370498
-0.586302
-0.696272
-0.696468
-0.111903
-0.06093
-0.360871
-0.507109
-0.797185
-0.829098
-0.705627
-0.411696
-1.01158
-1.00764
-1.00387
-0.998121
-0.960861
-0.934178
-0.967117
-0.973616
-0.96821
-0.961433
-0.953649
-0.948658
-0.947632
-0.943174
-0.938473
-0.933563
-0.928016
-0.850708
-0.773331
-0.874017
-0.902485
-0.892206
-0.848894
-0.36664
0.0442441
0.0561328
0.0636732
0.0739713
0.0791455
0.0775939
0.0229845
-0.0764573
0.0673358
0.0700071
0.0676845
0.0684008
-0.243386
-0.828513
-0.827447
-0.369376
-0.977694
-0.976178
-0.974022
-0.943023
-0.913535
-0.909912
-0.941556
-0.953121
-0.948999
-0.944685
-0.938617
-0.936404
-0.93273
-0.929516
-0.926666
-0.870092
-0.812495
-0.812843
-0.819118
-0.91082
-0.920016
-0.919322
-0.833876
-0.0575577
-0.00917142
0.00500189
0.02453
0.0432633
0.0585325
0.0653095
0.0489743
0.0626924
0.0707573
0.0764475
0.0781825
0.0799703
0.0815481
-0.699512
-0.816869
-0.260597
-0.956294
-0.953823
-0.941181
-0.894283
-0.891492
-0.888366
-0.91177
-0.933567
-0.930332
-0.927367
-0.924382
-0.921558
-0.919137
-0.904127
-0.812969
-0.801065
-0.801741
-0.802983
-0.892944
-0.920874
-0.925485
-0.932364
-0.868727
-0.536724
-0.544664
-0.73033
-0.672261
-0.637447
-0.516508
-0.565052
-0.688192
-0.557841
-0.118953
0.0855723
0.0902913
0.0941012
0.0973933
-0.0688818
-0.800268
-0.229748
-0.804108
-0.937393
-0.924311
-0.874938
-0.871824
-0.869013
-0.900321
-0.916345
-0.913684
-0.910807
-0.908015
-0.905749
-0.873451
-0.786419
-0.786228
-0.787364
-0.789225
-0.883222
-0.9097
-0.913526
-0.918684
-0.92251
-0.912895
-0.927331
-0.926334
-0.916115
-0.903215
-0.889361
-0.877138
-0.868706
-0.859507
-0.593396
0.100203
0.105966
0.109917
0.112831
0.115249
0.116692
-0.316582
-0.496895
-0.489713
-0.893569
-0.911816
-0.879109
-0.852342
-0.853412
-0.90115
-0.899222
-0.897571
-0.894385
-0.890639
-0.885458
-0.789562
-0.768735
-0.76912
-0.77057
-0.843809
-0.895656
-0.899702
-0.904094
-0.908148
-0.910351
-0.911063
-0.910807
-0.90452
-0.89504
-0.88107
-0.855486
-0.858972
-0.853659
-0.782105
0.00737404
0.127465
0.130772
0.132357
0.134485
0.137387
0.13917
0.139722
-0.544483
-0.382923
-0.644739
-0.896399
-0.891152
-0.865779
-0.867026
-0.884587
-0.327249
0.465929
-0.574367
-0.870878
-0.867775
-0.793453
-0.750132
-0.749734
-0.769862
-0.877786
-0.882966
-0.888686
-0.893545
-0.89624
-0.895912
-0.893202
-0.888724
-0.881908
-0.865438
-0.502128
-0.760617
-0.837171
-0.836697
-0.781198
-0.232742
0.138753
0.158229
0.154784
0.156899
0.16212
0.165182
0.166422
-0.36398
-0.357681
-0.544836
-0.879034
-0.875339
-0.873724
-0.866711
-0.09944
0.587784
0.595852
0.575703
-0.459832
-0.845467
-0.841079
-0.764499
-0.728829
-0.813115
-0.863834
-0.868818
-0.873356
-0.877029
-0.878537
-0.877031
-0.872359
-0.86589
-0.858123
-0.543066
-0.268254
-0.71585
-0.819474
-0.818102
-0.808161
-0.733259
-0.65275
-0.516029
-0.537322
-0.477127
0.0473535
0.197782
0.19825
-0.00183532
-0.516994
-0.553188
-0.868506
-0.864042
-0.862338
-0.548709
0.617156
0.622779
0.629577
0.635326
0.597992
-0.573078
-0.831351
-0.828701
-0.811643
-0.838489
-0.844315
-0.848787
-0.853132
-0.856545
-0.858123
-0.856745
-0.85167
-0.843934
-0.784842
-0.260832
-0.245407
-0.720099
-0.7993
-0.598161
-0.364931
-0.525948
-0.623421
-0.608114
-0.586562
-0.576613
-0.569081
-0.388517
-0.305642
-0.169123
-0.856452
-0.710399
-0.768648
-0.854414
-0.852415
-0.675084
0.630053
0.648618
0.659261
0.668626
0.674292
-0.0973082
-0.818345
-0.817473
-0.818286
-0.820083
-0.823243
-0.827519
-0.832001
-0.836068
-0.838061
-0.836628
-0.831461
-0.824114
-0.359556
-0.231436
-0.446765
-0.733754
-0.564357
-0.0399604
-0.0417786
-0.0453775
-0.565975
-0.395076
-0.0643968
-0.124983
-0.443216
-0.599893
-0.597191
-0.880608
-0.860806
-0.841319
-0.732523
-0.844921
-0.84325
-0.824887
-0.313696
0.678924
0.682008
0.692802
0.707879
0.409725
-0.799835
-0.797192
-0.796239
-0.796802
-0.800212
-0.805697
-0.812144
-0.815701
-0.817019
-0.815363
-0.811573
-0.642116
-0.245457
-0.388283
-0.712446
-0.610625
-0.00431762
-0.00438489
-0.0248005
-0.0602713
-0.203829
-0.0678347
-0.0688092
0.00587811
0.0305705
0.0332141
-0.53949
-0.647125
-0.475673
-0.829596
-0.791216
-0.7295
-0.830661
-0.827874
-0.821955
-0.489114
0.132197
0.45788
0.49811
-0.0544512
-0.649095
-0.773473
-0.773227
-0.776924
-0.781982
-0.787099
-0.790708
-0.792362
-0.792607
-0.790974
-0.493033
-0.153727
-0.218477
-0.662681
-0.677976
-0.0979052
0.0279906
-0.186326
-0.22742
-0.237287
-0.247577
-0.615316
-0.689673
-0.600446
-0.156953
0.196767
0.200376
-0.760993
-0.366797
-0.807619
-0.802511
-0.47492
-0.157267
-0.54647
-0.791699
-0.783627
-0.751695
-0.690603
-0.670119
-0.698198
-0.696221
-0.756223
-0.754872
-0.743389
-0.721607
-0.763561
-0.748712
-0.764604
-0.761664
-0.219129
-0.135829
-0.131612
-0.597317
-0.745475
-0.698224
-0.591327
-0.588389
-0.147975
0.522584
0.444532
0.739614
0.199419
-0.665859
-0.725481
-0.727277
0.148041
0.230903
-0.664354
-0.400157
-0.795547
-0.790095
-0.46084
-0.0617416
-0.0387359
-0.289153
-0.529288
-0.59491
-0.469186
-0.262073
-0.110538
0.0618389
0.190899
0.329014
0.303732
0.306996
0.252249
-0.397946
-0.709379
-0.203665
-0.0904276
-0.293928
-0.629264
-0.750432
-0.750115
-0.747128
-0.750124
-0.512597
0.827848
0.83987
0.847466
0.853186
0.856929
-0.0477256
-0.706692
-0.703855
-0.309873
0.262553
-0.642672
-0.743975
-0.780172
-0.775882
-0.692279
-0.285221
-0.0103157
0.0648287
0.12316
0.315152
0.422989
0.439648
0.450745
0.454505
0.456807
0.456182
0.43426
0.213037
0.207266
-0.507789
-0.605643
-0.351279
-0.372486
-0.728723
-0.747583
-0.748302
-0.750446
-0.754275
-0.75848
-0.293491
0.849327
0.865754
0.87605
0.883901
0.891243
0.180528
-0.685388
-0.683895
-0.281804
0.297278
-0.625805
-0.768318
-0.762536
-0.758155
-0.754131
-0.720693
-0.596694
-0.534994
-0.530381
-0.347292
-0.108143
0.19699
0.477612
0.481812
0.475698
-0.106296
-0.494629
-0.552577
-0.356777
-0.695258
-0.669236
-0.655678
-0.722796
-0.728952
-0.732469
-0.737958
-0.743154
-0.7473
-0.750659
-0.597292
0.785018
0.897918
0.912301
0.923493
0.928868
-0.139971
-0.64277
-0.662733
0.227455
0.331686
-0.618433
-0.747795
-0.740821
-0.731893
-0.7312
-0.726519
-0.721878
-0.71727
-0.712833
-0.708956
-0.704377
-0.635794
-0.303539
0.360964
0.532736
-0.604098
-0.681214
-0.68411
-0.695815
-0.694621
-0.693373
-0.693938
-0.704571
-0.709282
-0.716228
-0.723506
-0.72831
-0.730099
-0.729848
-0.727537
-0.407544
0.932364
0.957803
0.97093
0.234494
-0.377297
-0.322792
-0.487196
0.36143
0.363368
-0.708078
-0.71576
-0.714988
-0.704201
-0.706414
-0.702428
-0.69861
-0.694203
-0.690205
-0.686405
-0.68194
-0.679106
-0.675153
-0.574909
0.254969
-0.0369071
-0.634725
-0.662309
-0.671221
-0.671485
-0.674987
-0.678618
-0.682172
-0.686949
-0.69293
-0.698106
-0.700962
-0.700886
-0.698099
-0.693532
-0.687628
0.641551
1.02365
0.458564
-0.607264
-0.307559
-0.0768514
-0.107131
0.39884
0.401163
-0.701084
-0.692126
-0.687053
-0.681839
-0.662304
-0.676193
-0.671089
-0.494337
-0.211926
-0.172599
-0.282337
-0.623124
-0.64392
-0.639718
-0.597693
-0.129252
-0.15896
-0.351826
-0.609796
-0.587132
-0.502384
-0.42872
-0.585495
-0.657646
-0.659583
-0.661308
-0.662168
-0.661704
-0.659275
-0.656213
-0.652294
0.562889
0.747667
-0.543632
-0.603283
-0.0815954
-0.0415542
-0.0477793
0.439837
0.442339
-0.672156
-0.659988
-0.657423
-0.653656
-0.601764
-0.631433
-0.644476
-0.113205
0.212647
0.224806
0.228565
0.224865
-0.127252
-0.416491
-0.567083
-0.491729
-0.237712
-0.02081
0.045714
0.0564457
0.0679849
0.0796463
0.0850978
0.0934982
0.061692
-0.36013
-0.62598
-0.626047
-0.624038
-0.621958
-0.61957
0.646429
-0.112433
-0.581641
-0.580015
-0.260043
0.000666021
-0.431553
0.345031
0.48543
-0.281075
-0.23762
-0.378009
-0.566668
-0.569942
-0.609555
-0.61531
-0.448278
0.0771706
0.255909
0.261517
0.268656
0.272527
-0.249436
-0.390323
-0.46377
-0.504281
-0.497303
-0.459879
-0.170973
0.0910771
-0.0811706
0.13302
0.131431
0.13104
0.134055
0.137604
-0.389276
-0.59359
-0.590564
-0.587197
0.551497
-0.140912
-0.553429
-0.55398
-0.553969
-0.413358
-0.517782
-0.324008
0.540016
-0.200053
-0.196329
-0.194318
-0.27064
-0.556856
-0.589914
-0.588855
-0.587958
-0.535164
-0.348897
-0.149551
-0.184533
-0.361984
-0.450089
-0.407666
-0.485485
-0.550672
-0.554002
-0.558058
-0.532162
-0.46735
-0.533427
-0.556914
-0.201212
0.165607
0.172864
0.178629
0.0820857
-0.518375
-0.55657
-0.553519
0.179817
-0.133236
-0.523538
-0.525779
-0.524744
-0.523486
-0.52252
-0.476723
0.592249
-0.163763
-0.322043
-0.302112
-0.328145
-0.541302
-0.560813
-0.5587
-0.556874
-0.55555
-0.555661
-0.556171
-0.549931
-0.53789
-0.53196
-0.348598
-0.291846
-0.426418
-0.529773
-0.53134
-0.532819
-0.534449
-0.534501
-0.534157
-0.53384
-0.173904
0.216464
0.222546
-0.176077
-0.525016
-0.522736
-0.516264
0.219313
0.14664
-0.464445
-0.498467
-0.497482
-0.496379
-0.495505
-0.494846
0.396578
-0.465842
-0.489597
-0.450622
-0.339267
-0.326154
-0.361458
-0.363274
-0.366226
-0.476798
-0.525564
-0.52506
-0.52301
-0.434014
-0.266917
-0.264466
-0.264733
-0.264915
-0.266174
-0.273142
-0.446335
-0.508761
-0.509336
-0.508776
-0.508084
-0.452466
0.245774
0.0493971
-0.46093
-0.496062
-0.492827
-0.342509
0.261803
0.165572
-0.443965
-0.472833
-0.472382
-0.471309
-0.470059
-0.468998
-0.340934
-0.45692
-0.455772
-0.454441
-0.415874
-0.257179
-0.202815
-0.261559
-0.31411
-0.452631
-0.497414
-0.496261
-0.484958
-0.453419
-0.414107
-0.382976
-0.42352
-0.469657
-0.289401
-0.248896
-0.252745
-0.255555
-0.294327
-0.476987
-0.481417
-0.4794
0.229902
0.00866888
-0.456723
-0.471651
-0.468132
-0.286749
0.301379
-0.189036
-0.447095
-0.449939
-0.449375
-0.447736
-0.432694
-0.407559
-0.430952
-0.309397
-0.252915
-0.236816
0.0368918
0.116039
-0.164576
-0.435479
-0.444517
-0.464655
-0.471338
-0.47034
-0.46734
-0.467503
-0.466487
-0.465319
-0.465612
-0.466511
-0.458679
-0.43255
-0.395749
-0.377526
-0.409509
-0.444446
-0.366312
0.00420081
0.231463
-0.195489
-0.455006
-0.450996
-0.447266
-0.189002
-0.00173848
-0.36591
-0.425615
-0.429168
-0.427319
-0.422296
-0.360754
-0.357299
-0.40908
-0.308087
-0.244117
0.144095
0.146769
0.147805
0.148675
0.147851
-0.21495
-0.448431
-0.446719
-0.44519
-0.444801
-0.430871
-0.401141
-0.424259
-0.440893
-0.444233
-0.444979
-0.446077
-0.447191
-0.448516
-0.448736
-0.384722
-0.210706
-0.203181
-0.345298
-0.425628
-0.436742
-0.431643
-0.427168
-0.346415
-0.356275
-0.393021
-0.409214
-0.407841
-0.405357
-0.370434
-0.337158
-0.380855
-0.397241
-0.427632
-0.411087
-0.380909
-0.258297
0.175228
0.175184
0.0914756
-0.315359
-0.423695
-0.420615
-0.411268
-0.385884
-0.382821
-0.36234
-0.320796
-0.175838
-0.155063
-0.221185
-0.350913
-0.423454
-0.428414
-0.428624
-0.415979
-0.407794
-0.425851
-0.425286
-0.420855
-0.415929
-0.410647
-0.34118
-0.284485
-0.374637
-0.390634
-0.387322
-0.384502
-0.381208
-0.339242
-0.330882
-0.374572
-0.376297
-0.413146
-0.412431
-0.406075
-0.405431
-0.337573
-0.284016
-0.362878
-0.382466
-0.384635
-0.361356
-0.352621
-0.361998
-0.178627
-0.124065
-0.126294
-0.127976
-0.129853
-0.132121
-0.133718
-0.13503
-0.230878
-0.407966
-0.409913
-0.409281
-0.407138
-0.40353
-0.398819
-0.393497
-0.29835
-0.164423
-0.161703
-0.293322
-0.367961
-0.36446
-0.36199
-0.357505
-0.316596
-0.337469
-0.355367
-0.355632
-0.372915
-0.386574
-0.386046
-0.385346
-0.384553
-0.383582
-0.381534
-0.351769
-0.310869
-0.298504
-0.290835
-0.167201
-0.122556
-0.12417
-0.165133
-0.227722
-0.291218
-0.28755
-0.226916
-0.128985
-0.131285
-0.133951
-0.302584
-0.387537
-0.385283
-0.381764
-0.313791
-0.17717
-0.147401
-0.141784
-0.156914
-0.323272
-0.345991
-0.343082
-0.340476
-0.323907
-0.315139
-0.334632
-0.334862
-0.322403
-0.253176
-0.360896
-0.360466
-0.36008
-0.359553
-0.358814
-0.357747
-0.341895
-0.325013
-0.30652
-0.160382
-0.140882
-0.243977
-0.3561
-0.357755
-0.360055
-0.36182
-0.363194
-0.364503
-0.325362
-0.251109
-0.130479
-0.204745
-0.330018
-0.298851
-0.16631
-0.135557
-0.130652
-0.129412
-0.204485
-0.30689
-0.329518
-0.326068
-0.319282
-0.308276
-0.305434
-0.314157
-0.313918
-0.22958
0.163828
-0.22134
-0.336912
-0.327796
-0.329119
-0.335358
-0.33458
-0.333632
-0.332408
-0.330889
-0.284627
-0.181732
-0.290812
-0.308102
-0.312189
-0.326874
-0.336283
-0.337774
-0.339065
-0.340392
-0.341889
-0.318578
-0.1991
-0.177197
-0.266517
-0.277467
-0.226183
-0.212194
-0.242902
-0.294375
-0.313449
-0.313486
-0.308713
-0.301042
-0.294238
-0.295939
-0.294777
-0.294478
-0.0851273
0.260831
0.261825
-0.258743
-0.311539
-0.280515
-0.264791
-0.306426
-0.31053
-0.309765
-0.308934
-0.300453
-0.277117
-0.300774
-0.270331
-0.24045
-0.241119
-0.284712
-0.311707
-0.312823
-0.313906
-0.31509
-0.316471
-0.317806
-0.30706
-0.285992
-0.286725
-0.313848
-0.314078
-0.310124
-0.303774
-0.299111
-0.295645
-0.291653
-0.287133
-0.281132
-0.277694
-0.276334
-0.275134
0.0655427
0.285904
0.287304
0.287906
-0.285329
-0.24466
-0.240487
-0.240175
-0.262156
-0.286449
-0.285879
-0.28521
-0.276481
-0.273013
-0.283248
-0.238267
-0.21539
-0.217117
-0.277614
-0.286033
-0.286762
-0.287464
-0.28823
-0.289026
-0.288213
-0.275378
-0.267381
-0.290562
-0.289328
-0.287452
-0.284881
-0.278955
-0.272478
-0.268465
-0.267018
-0.265263
-0.262483
-0.260074
-0.119485
0.114782
0.175237
0.170973
0.0731306
0.1784
-0.243272
-0.217377
-0.216632
-0.221874
-0.261035
-0.262599
-0.262001
-0.261186
-0.25763
-0.259973
-0.260622
-0.259273
-0.248697
-0.240993
-0.258162
-0.260018
-0.259601
-0.260425
-0.260881
-0.25486
-0.246394
-0.246096
-0.253452
-0.261046
-0.260198
-0.258895
-0.257151
-0.254096
-0.246672
-0.244162
-0.243967
-0.241493
0.00632214
0.194012
0.204263
0.202942
0.0570622
-0.218702
-0.233442
-0.218461
-0.237236
-0.211523
-0.213755
-0.238071
-0.238068
-0.237125
-0.235428
-0.237109
-0.23691
-0.236454
-0.236063
-0.23573
-0.235312
-0.234636
-0.233541
-0.231361
-0.2312
-0.233222
-0.233459
-0.233401
-0.224934
-0.217738
-0.229589
-0.23208
-0.23083
-0.229361
-0.229148
-0.227607
-0.225972
-0.224564
-0.122686
0.165095
0.168892
0.169327
-0.0397257
-0.156372
-0.21069
-0.215224
-0.214751
-0.214617
-0.218217
-0.217413
-0.21622
-0.211486
-0.207536
-0.206642
-0.206121
-0.212097
-0.212427
-0.211846
-0.211299
-0.210755
-0.210155
-0.20948
-0.208785
-0.20803
-0.206954
-0.206333
-0.206482
-0.206121
-0.205336
-0.204071
-0.204407
-0.201483
-0.156119
-0.137309
-0.148849
-0.194358
-0.199095
-0.194242
-0.0631628
0.119537
0.0402225
-0.170146
-0.195606
-0.194928
-0.194267
-0.19375
-0.193379
-0.192526
-0.193279
-0.192325
-0.185907
-0.18372
-0.182934
-0.182135
-0.181734
-0.188227
-0.187869
-0.187218
-0.186587
-0.185939
-0.185245
-0.184547
-0.183863
-0.18312
-0.18236
-0.181117
-0.180071
-0.180112
-0.179612
-0.178922
-0.17831
-0.177375
-0.157913
-0.110082
-0.108249
-0.107951
-0.112409
-0.11907
-0.100718
-0.153981
-0.170098
-0.174262
-0.173403
-0.17271
-0.172192
-0.171741
-0.171459
-0.170134
-0.170039
-0.169078
-0.16364
-0.159425
-0.158526
-0.158622
-0.164469
-0.164041
-0.163303
-0.162605
-0.161918
-0.161212
-0.160547
-0.159871
-0.159217
-0.158524
-0.157802
-0.156888
-0.155477
-0.154803
-0.154853
-0.154494
-0.153964
-0.153499
-0.152896
-0.144808
-0.124384
-0.116111
-0.124239
-0.135512
-0.149935
-0.152071
-0.151681
-0.151073
-0.1505
-0.15
-0.149598
-0.149278
-0.148993
-0.147753
-0.147732
-0.146099
-0.143987
-0.138532
-0.137209
-0.140945
-0.140319
-0.139465
-0.138685
-0.137963
-0.137245
-0.136576
-0.135946
-0.135326
-0.134755
-0.134127
-0.133491
-0.132858
-0.131748
-0.130724
-0.130178
-0.130443
-0.130173
-0.129807
-0.129517
-0.129287
-0.129109
-0.128899
-0.128714
-0.12851
-0.128382
-0.128301
-0.128066
-0.127739
-0.127411
-0.127091
-0.126808
-0.126582
-0.12592
-0.125139
-0.124539
-0.122344
-0.120184
-0.118545
-0.117657
-0.11663
-0.115621
-0.114732
-0.113942
-0.113234
-0.112571
-0.111937
-0.111359
-0.110843
-0.110312
-0.109774
-0.109244
-0.108726
-0.108208
-0.107375
-0.106621
-0.106601
-0.106528
-0.106218
-0.105959
-0.105744
-0.105565
-0.105409
-0.105253
-0.105102
-0.104969
-0.104847
-0.104697
-0.104518
-0.10432
-0.104117
-0.10392
-0.103755
-0.102884
-0.103085
-0.098225
-0.0967771
-0.0951828
-0.0934661
-0.0921963
-0.0912799
-0.0905608
-0.0897158
-0.0889834
-0.0883389
-0.0877621
-0.0872341
-0.0867438
-0.0862866
-0.0858423
-0.0854108
-0.0849925
-0.0845882
-0.0842011
-0.0838342
-0.083468
-0.0831102
-0.0828788
-0.0826495
-0.0824366
-0.0822548
-0.0820991
-0.0819631
-0.0818381
-0.0817215
-0.0816158
-0.0815191
-0.0814212
-0.0813169
-0.0812035
-0.0810762
-0.0809387
-0.0808212
-0.080004
-0.0807114
-0.0770352
-0.0721757
-0.0703149
-0.0685717
-0.0670983
-0.065935
-0.0651851
-0.0644744
-0.0638299
-0.063285
-0.0628134
-0.0623955
-0.0620161
-0.0616648
-0.0613335
-0.0610181
-0.0607167
-0.0604288
-0.0601555
-0.0598981
-0.0596581
-0.0594368
-0.0592317
-0.0590597
-0.0589054
-0.0587702
-0.0586523
-0.0585484
-0.0584552
-0.0583712
-0.0582966
-0.0582313
-0.0581716
-0.0581128
-0.058049
-0.0579692
-0.0578702
-0.0577992
-0.0576989
-0.0577441
-0.0456636
-0.0444384
-0.0430196
-0.0417737
-0.0407811
-0.0399708
-0.0393307
-0.0388155
-0.0383963
-0.0380476
-0.0377418
-0.0374681
-0.0372225
-0.0370004
-0.0367947
-0.0366016
-0.0364197
-0.036248
-0.0360864
-0.0359351
-0.0357947
-0.0356662
-0.0355497
-0.0354455
-0.0353537
-0.0352721
-0.0352
-0.035136
-0.0350788
-0.0350277
-0.0349826
-0.0349442
-0.0349109
-0.0348805
-0.0348499
-0.0348148
-0.03477
-0.0347289
-0.0347007
-0.0346904
-0.0177263
-0.0183116
-0.0164267
-0.0153106
-0.0145181
-0.0139297
-0.0134908
-0.0131623
-0.0129146
-0.0127246
-0.012583
-0.0124761
-0.0123904
-0.0123182
-0.0122537
-0.0121934
-0.0121361
-0.0120816
-0.0120299
-0.0119811
-0.0119353
-0.0118931
-0.0118552
-0.0118214
-0.0117914
-0.0117643
-0.0117396
-0.011717
-0.011696
-0.0116769
-0.0116602
-0.0116465
-0.0116361
-0.0116297
-0.0116279
-0.0116322
-0.0116341
-0.0116245
-0.011601
-0.0115898
526.745
511.153
483.634
458.781
438.818
421.896
406.663
391.419
378.945
374.03
371.166
363.348
351.326
340.584
331.756
324.296
320.73
320.247
316.13
317.761
318.295
315.554
316.491
309.075
306.494
302.502
297.002
292.228
288.458
286.825
286.852
288.871
291.977
295.128
298.161
304.571
309.425
309.68
314.592
308.35
499.449
486.291
464.871
441.818
424.591
409.646
394.296
376.263
369.82
363.235
364.056
353.685
337.765
330.212
325.838
311.351
312.731
309.762
310.859
309.349
308.794
312.766
315.934
318.423
315.838
297.729
288.777
277.103
269.615
268.414
272.938
288.193
293
297.393
302.079
305.762
314.557
314.581
312.822
300.618
453.685
449.394
437.882
416.92
405.384
400.192
394.472
377.258
361.655
355.702
351.077
343.215
333.924
321.598
310.789
304.096
305.213
308.356
319.391
319.993
319.436
322.629
326.115
325.225
320.557
310.835
280.047
274.436
272.601
271.542
284.133
282.013
285.738
291.177
300.334
314.847
321.258
311.381
300.678
304.21
418.53
411.618
382.404
375.179
366.715
369.421
385.753
390.018
366.793
348.861
346.787
339.197
368.225
358.956
343.892
308.695
301.168
306.964
309.646
308.195
310.118
314.174
316.846
284.613
273.34
272.47
272.124
272.548
272.128
285.605
314.351
308.439
302.18
297.804
298.826
290.875
283.26
291.185
295.969
303.429
399.605
391.138
353.621
354.278
355.226
355.416
369.663
397.123
343.945
334.746
330.5
348.004
374.551
354.05
302.825
291.528
286.043
296.619
310.827
310.554
298.313
271.646
275.103
274.223
272.695
272.049
272.547
273.158
273.475
274.099
272.994
275.608
287.418
291.277
266.09
266.156
276.81
285.489
289.842
291.913
400.527
382.915
349.068
351.804
351.443
358.986
401.961
372.196
323.553
317.051
311.489
347.07
358.857
342.363
300.352
279.576
273.884
269.476
270.711
275.773
308.052
317.382
295.15
294.541
303.755
288.593
271.195
274.25
272.097
272.609
272.449
271.824
267.599
264.307
265.758
267.281
271.302
280.436
299.642
313.896
402.567
381.17
343.024
345.413
343.631
400.059
392.962
346.878
305.865
298.648
290.035
334.035
333.791
318.768
306.666
294.248
293.294
301.433
304.438
312.657
323.433
329.611
333.487
330.602
323.125
319.812
325.34
336.625
326.828
328.005
305.434
303.401
291.065
283.296
288.27
302.971
322.162
339.736
356.529
369.21
401.756
381.809
332.115
335.67
358.109
406.546
362.818
319.478
298.166
289.207
290.837
322.583
303.33
285.881
267.762
254.808
249.853
250.214
256.655
268.652
280.832
285.6
281.41
244.717
220.279
264.534
307.091
323.353
334.473
340.593
344.16
345.918
345.588
340.875
338.101
336.841
334.43
333.465
321.454
278.455
390.577
366.523
321.102
324.566
397.669
384.919
336.734
306.42
333.782
311.963
283.33
278.185
257.697
240.178
216.193
145.861
122.98
143.964
172.532
216.04
241.362
257.934
253.583
168.752
165.584
174.938
271.931
307.653
318.604
325.783
329.41
331.895
331.342
327.569
325.571
323.112
318.31
307.805
240.942
160.232
376.076
335.672
296.375
319.756
369.856
353.343
332.127
314.425
297.741
272.767
232.837
182.68
155.221
125.583
94.1862
77.5653
69.4435
71.2879
73.2212
139.148
230.412
251.879
254.121
169.979
166.48
164.051
230.451
302.692
308.57
301.293
291.171
302.373
309.279
310.888
314.175
312.344
302.442
216.836
143.197
144.188
359.173
302.332
270.27
339.612
338.287
322.204
303.841
285.325
265.424
244.629
216.395
169.162
182.037
174.899
168.384
170.63
163.58
126.122
73.4178
79.5006
193.296
248.732
268.281
256.591
161.354
159.635
155.09
176.129
221.578
184.373
169.408
194.478
260.233
307.821
312.801
307.868
240.783
135.487
135.71
137.156
334.227
289.97
244.326
324.677
309.85
294.607
278.073
261.981
246.806
233.253
217.376
175.614
202.369
207.463
210.509
213.232
216.675
138.852
66.751
65.4371
97.4699
225.742
259.281
279.208
288.445
174.831
151.26
150.664
151.057
152.59
154.557
155.524
156.974
261.564
328.194
317.762
197.369
129.673
128.564
128.542
304.532
276.397
230.688
298.216
282.419
268.541
256.31
245.769
235.729
213.763
126.815
85.0318
128.727
205.74
211.501
215.344
220.485
224.173
167.521
70.4486
71.4921
88.052
230.263
268.094
283.691
297.171
229.603
164.384
149.991
151.082
152.866
154.368
156.092
164.696
324.299
337.705
242.051
125.474
124.144
124.212
274.323
221.71
263.503
271.101
256.522
245.543
234.613
211.254
125.476
74.5778
57.9362
63.0633
70.0996
194.84
213.054
218.451
226.834
232.19
241.763
107.277
72.4457
59.2591
85.9491
205.077
273.219
286.035
299.671
310.733
251.786
194.813
165.067
153.612
155.238
156.134
206.571
350.807
305.959
132.123
124.141
123.803
203.817
194.332
220.543
244.422
231.913
221.371
179.053
55.2281
35.3842
36.6281
42.3833
51.5781
126.779
212.272
217.933
225.127
233.488
240.558
238.841
94.376
49.1624
51.5613
52.6036
75.5216
132.332
224.647
278.01
310.956
327.921
340.933
317.388
256.035
191.984
165.016
198.455
341.961
341.317
265.218
145.384
131.727
200.683
188.584
169.208
177.289
207.758
148.641
35.5917
7.11563
9.45624
13.6116
21.0639
42.1248
167.879
217.929
226.869
235.429
244.575
249.671
120.566
38.7587
40.5063
54.0941
80.0474
72.5827
75.5115
82.3742
107.007
204.555
309.278
336.634
351.427
363.535
356.925
248.768
190.966
193.809
190.567
270.324
329.55
246.798
316.056
208.032
188.111
163.205
213.147
142.427
-19.3839
-20.7054
-12.5993
-5.26699
8.5228
20.2964
125.822
226.702
241.118
222.64
158.416
94.7754
27.1883
24.004
37.3149
147.091
117.699
70.6928
74.5769
79.7207
85.0094
89.2995
233.899
340.242
356.275
368.055
377.581
384.028
341.306
217.182
273.606
341.492
350.517
354.437
384.344
356.987
262.884
213.588
242.07
208.283
99.978
-11.8631
-11.8122
-5.65956
1.92982
15.6024
73.5941
253.288
232.905
80.5445
22.5629
22.8798
23.2849
22.4968
65.9182
161.403
92.1076
66.0572
69.5042
75.5151
81.8113
123.355
246.589
343.089
356.21
366.454
375.813
386.002
387.295
369.697
357.988
349.961
336.048
325.138
431.345
413.969
382.654
327.008
298.225
266.395
243.355
132.64
14.9416
11.7738
18.8287
28.2806
96.6055
277.063
231.646
43.4239
22.8491
23.2544
23.5555
23.3884
22.8363
107.724
214.901
210.424
158.201
153.686
216.122
321.448
340.218
344.737
350.318
353.465
353.925
361.196
313.211
304.193
320.282
336.77
314.733
234.029
410.107
392.675
360.996
322.661
294.874
293.714
297.625
276.637
79.3886
35.6693
39.8174
46.1723
185.633
291.782
234.972
41.4935
23.8565
23.9734
24.2645
24.44
24.7852
97.921
323.387
337.358
336.009
342.939
349.75
352.025
351.523
348.634
344.308
331.451
255.41
189.668
145.735
166.16
213.1
312.932
312.78
179.398
365.17
348.351
275.34
306.653
311.123
327.896
335.444
266.917
70.9658
59.991
64.2223
204.858
301.248
306.745
170.085
27.1461
25.3166
25.2773
25.3482
24.9626
217.3
358.613
363.014
367.822
368.601
371.012
372.952
372.261
367.683
358.67
309.545
135.605
5.65288
3.0559
8.32529
18.0368
35.1483
172.878
318.925
265.693
366.508
271.837
149.562
243.927
347.852
378.888
321.187
145.041
62.1191
81.7449
246.789
309.615
311.543
207.018
40.5522
27.3651
27.1897
27.3845
27.3126
166.885
378.018
384.044
388.292
393.168
396.221
398.206
399.813
398.82
324.399
208.299
148.788
46.9375
4.13775
2.33024
2.52608
2.89411
3.19289
70.0174
222.108
288.307
397.159
159.254
158.628
161.281
230.936
259.928
270.43
162.905
61.6051
79.8711
248.139
257.929
152.399
39.3016
29.2162
28.7697
28.6486
28.6665
80.559
349.402
401.358
407.517
413.208
420.019
426.061
429.946
431.955
311.543
165.274
159.88
160.449
170.519
36.8818
2.95192
2.64737
2.74643
2.77843
2.64965
45.1654
209.274
346.179
161.302
162.428
198.43
146.332
96.208
112.465
127.325
53.7306
43.2667
57.1534
47.9681
32.2679
30.0713
29.8287
29.6466
29.6777
108.928
387.526
417.9
422.558
428.56
435.614
443.848
453.284
461.53
342.162
180.639
176.983
197.428
221.087
202.743
66.2536
2.95907
2.95192
2.98853
3.01437
4.0377
7.19233
19.5019
165.446
161.948
211.311
210.447
49.3406
33.813
33.1912
33.7169
34.632
32.8107
32.7217
32.0323
31.5126
30.9783
30.527
30.0808
84.5967
387.447
431.917
431.913
435.574
441.255
449.13
459.87
472.635
447.397
191.935
190.7
241.794
227.807
217.89
179.787
64.6685
2.97026
3.05239
3.34859
3.78725
3.58956
3.15507
3.18805
167.012
166.456
184.348
142.522
33.4312
33.4853
33.1912
33.0561
33.2425
33.4322
33.3474
32.8481
32.1504
31.4877
30.7802
29.8636
28.7222
224.938
435.466
438.481
442.169
446.7
452.696
461.966
428.157
328.3
162.133
138.214
190.126
173.475
81.0371
18.3937
10.4952
4.17065
2.81303
2.80229
2.84089
2.88439
2.95434
3.03274
328.618
168.672
160.405
34.0219
33.4707
33.4012
33.439
33.6333
34.1128
34.2527
33.9618
33.3396
32.7022
32.1387
31.5997
31.0134
30.6011
77.3967
392.678
449.861
451.195
450.49
422.523
190.492
166.436
198.93
40.5601
9.30606
1.29063
1.32242
1.40501
1.46206
1.38965
3.58972
5.31598
6.20377
3.82669
2.59582
2.77284
2.97641
487.907
298.716
283.908
169.543
133.353
124.882
115.672
106.882
103.941
104.402
89.3009
35.3235
33.25
32.6787
32.568
32.2923
44.5204
336.432
462.071
462.731
464.001
391.25
78.8737
4.12227
5.40304
22.2978
7.90445
1.09679
1.12219
1.33124
1.35449
1.45707
1.4529
3.03149
22.7325
37.9738
34.8677
39.2793
60.1582
80.151
510.33
504.554
498.615
483.052
474.79
474.386
471.352
464.475
461.571
466.372
468.404
451.918
383.17
226.254
165.076
241.76
441.364
480.269
479.296
476.199
339.767
25.0908
1.86803
1.83015
2.22578
3.40312
2.96527
1.63408
1.55873
1.59893
1.66027
1.71843
1.8048
9.04575
41.4288
43.0659
43.3702
41.9948
23.8266
32.1676
530.937
528.698
525.546
522.054
518.272
514.619
511.13
509.29
508.741
508.929
509.433
510.184
510.867
511.127
509.846
506.596
503.861
501.756
495.067
244.968
3.86682
1.72772
1.67379
1.67986
1.77797
3.18321
2.61724
1.81887
1.85108
1.84495
4.47546
2.30071
2.77645
3.0035
2.9468
6.23593
4.472
3.64028
4.5947
6.44296
533.501
533.373
533.16
531.901
529.009
525.425
522.403
520.752
520.511
521.13
522.071
522.348
521.772
521.031
518.885
515.772
444.877
228.086
9.96491
1.24426
1.56959
1.58304
1.57918
1.612
1.68049
2.96461
1.89104
1.79592
1.82356
1.80043
10.7742
29.9718
8.54341
3.32451
3.65821
3.86947
3.7877
3.71905
3.82068
4.09241
457.273
450.043
437.173
420.913
396.363
366.64
353.715
347.043
356.631
370.531
363.342
337.612
306.303
234.985
103.227
2.90809
1.26514
1.39327
1.49348
1.45375
1.68133
1.45093
1.45086
1.48319
1.52586
1.75343
1.55927
1.59639
1.61607
1.6799
17.5074
65.2073
65.4966
23.7757
12.2622
6.38326
5.16313
8.06499
7.80728
12.4115
64.2417
57.2334
47.4335
38.9175
29.6677
22.2493
17.0552
9.1092
4.50472
1.86274
1.44575
1.43181
1.41973
1.4052
1.39008
1.40967
1.39176
1.39487
1.34865
1.33645
1.57704
1.43835
1.4154
1.42297
1.78657
1.38875
1.38907
1.39614
1.40675
1.52567
22.0214
66.2513
66.7102
66.9253
66.5281
17.2074
12.0216
39.3224
40.1963
40.1913
2.78333
2.62556
2.65242
3.66546
4.68174
4.23169
2.62156
1.59566
1.49811
1.49039
1.47276
1.45481
1.43583
1.40224
1.38994
1.38955
1.34199
1.3355
1.31788
1.31567
1.40782
1.45107
1.39368
1.42033
1.86508
1.41113
1.22546
1.19774
1.17546
1.16823
1.65222
30.0077
68.7759
68.0985
27.0179
6.8704
9.92827
8.16335
7.09915
16.2343
2.78348
2.61046
1.73582
1.62129
1.58102
1.58901
1.535
1.5247
1.51834
1.50181
1.47958
1.45572
1.44066
1.43999
1.53086
1.49478
1.32471
1.29623
1.29251
1.28653
1.28182
1.4153
1.35097
1.36764
1.81174
1.71671
1.15661
1.00704
0.999218
1.0246
1.52142
1.0412
1.06545
6.22282
7.10146
1.0847
1.06766
1.02289
0.990006
0.831145
1.58363
1.72725
1.63131
1.64783
1.57607
1.54983
1.55942
1.56643
1.562
1.54112
1.51007
1.4717
1.4418
1.42684
1.99843
1.61829
1.27104
1.34228
1.77034
1.31627
1.24184
1.28018
1.27233
1.25103
1.77088
1.6795
1.61736
1.15688
0.992851
1.01852
1.03456
1.02924
3.25917
7.27848
6.86762
1.74889
1.17232
1.13978
1.10257
1.93008
1.58602
1.5194
1.50752
1.58186
1.59326
1.5719
1.59366
1.60833
1.78067
2.15789
2.44655
2.99266
2.76611
2.17105
1.8792
1.46944
1.16555
1.56806
1.71787
1.75001
1.35929
1.23433
1.2332
1.22716
1.29261
1.77406
1.73415
1.61322
1.07828
1.07665
1.08698
1.6123
5.5334
6.9368
7.57501
4.28217
1.18638
1.16088
1.13639
1.135
1.61839
1.53855
1.47441
1.4791
1.53008
1.57299
1.83181
4.70476
7.78341
9.84537
11.1107
11.0623
10.9396
8.64069
5.91434
1.37034
1.01883
1.22891
1.60158
1.65823
1.70328
1.35134
1.19808
1.20611
1.205
1.3087
1.80093
1.55314
1.16227
1.15822
1.15325
1.1373
2.38657
1.25022
4.19511
6.27358
3.97655
1.18743
1.15675
1.1551
1.56484
1.46763
1.40341
1.3954
1.39755
1.70158
8.08329
10.9544
10.8854
10.9533
11.1423
11.1933
11.0754
10.9179
10.7808
4.73842
0.909571
0.93274
1.10999
1.41953
1.65543
1.71399
1.46781
1.18556
1.20648
1.22168
1.2682
1.25386
1.23377
1.23816
1.23973
1.24361
1.25571
1.28396
1.29455
1.66312
2.60903
1.44186
1.20264
1.19832
1.42738
1.35979
1.30555
1.27897
1.27236
5.8985
10.9142
11.0804
9.04776
3.56577
2.93753
8.79189
11.1445
11.0865
11.0185
10.7858
1.42145
0.923938
0.96949
1.03466
1.54078
1.69744
1.73282
1.716
1.61404
1.52767
1.27944
1.24602
1.26359
1.27633
1.29601
1.45641
1.45611
1.48362
1.47922
1.41883
1.40664
1.46742
1.34428
1.25933
1.25805
1.24554
1.20714
1.17008
1.13677
4.41573
11.2223
4.68679
1.10612
1.12151
1.13628
1.14164
5.05616
11.3395
11.31
11.2446
3.73771
0.969517
0.996345
1.03132
1.32167
1.70484
1.73945
1.7628
1.78525
1.80721
1.31692
1.2471
1.27016
1.29066
1.45158
1.4766
2.82194
2.84052
4.95088
3.6239
1.61137
1.49462
1.5099
1.48072
1.21042
1.18154
1.15908
1.11163
1.06776
1.75388
1.41949
1.06219
1.07907
1.0877
1.09177
1.10014
1.13008
7.66199
11.6914
11.546
4.08186
1.03439
1.04861
1.06845
1.45198
1.73453
1.75161
1.7583
1.79089
1.51923
1.22783
1.24242
1.26496
1.356
1.48684
1.49937
4.76887
4.76711
5.97781
5.94556
4.63514
2.38481
4.36426
3.90925
1.20429
1.16476
1.14866
1.10785
1.08797
1.08335
1.07159
1.07536
1.08653
1.10294
1.10619
1.12168
1.15779
4.67697
11.9208
11.9817
6.28353
1.07934
1.09695
1.10553
1.53313
1.76458
1.77044
1.70487
1.32215
1.20111
1.22222
1.2586
1.47716
1.51134
1.48141
3.59193
5.88777
6.03015
6.01952
5.54425
5.57497
5.60048
4.81989
1.40244
1.19812
1.17115
1.14035
1.12484
1.11584
1.1065
1.09931
1.09582
1.10869
1.16165
1.16661
1.18121
1.20656
3.02484
12.1996
12.0568
11.3358
1.39286
1.14467
1.13817
1.21998
1.56246
1.55697
1.20292
1.19873
1.20966
1.26252
1.71071
1.75913
1.68145
4.33161
5.41076
5.95145
5.93155
4.21361
1.31218
2.1286
1.23247
1.23515
1.23732
1.15834
1.15045
1.14202
1.13942
1.13702
1.13568
1.1364
1.40745
1.64489
1.24426
1.21143
1.23088
1.25248
1.38098
8.43494
12.2593
12.2486
10.0842
1.16313
1.16408
1.16278
1.17806
1.18268
1.20254
1.2383
1.40555
1.74588
1.76892
1.75405
1.64325
3.16038
1.37908
4.38387
4.3282
1.37691
1.28651
1.28612
1.27591
1.27992
1.25427
1.14615
1.14807
1.14726
1.14705
1.14773
1.15054
1.39128
1.87669
1.88619
1.67568
1.22509
1.23713
1.24868
1.25126
2.83775
12.2013
12.3972
12.2429
9.27258
1.15149
1.15686
1.17427
1.17644
1.29292
1.74253
1.78882
1.79296
1.79128
1.6406
1.42343
1.42493
1.23416
1.24242
1.26371
1.29403
1.28189
2.00615
2.23667
1.33412
1.26641
1.6132
1.14822
1.14683
1.1468
1.14877
1.15078
1.8289
1.87978
1.88065
1.87891
1.64171
1.37222
1.23208
1.18934
1.16301
1.43476
8.99187
12.2245
4.72521
1.24553
1.14412
1.15384
1.17346
1.33139
1.80226
1.81528
1.82126
1.81851
1.31763
1.24244
1.23618
1.24662
1.26228
1.27657
1.87501
2.61686
4.91333
5.76309
3.23296
1.44292
1.97805
1.78191
1.76247
1.84248
1.26594
1.14518
1.55544
1.86971
1.86881
1.86531
1.86156
1.624
1.14996
1.13586
1.11256
1.0987
1.09574
1.10617
1.13074
1.20099
1.22996
1.18394
1.19068
1.21232
1.50782
1.84146
1.84856
1.55147
1.28311
1.28668
1.27766
1.27695
1.60703
1.31704
3.81955
5.75826
5.80667
5.83014
5.81091
2.76842
1.97453
1.97457
1.9787
1.98127
1.95963
1.21574
1.23687
1.84307
1.84873
1.85195
1.85289
1.77998
1.13649
1.13481
1.12976
1.12437
1.13684
1.30925
1.37097
1.25326
1.22055
1.21129
1.21546
1.22296
1.23696
1.31117
1.34216
1.37226
1.56539
1.71905
1.7199
3.4509
3.65566
2.8515
3.44372
5.3533
5.24136
3.37956
1.6816
1.49351
1.9681
1.96946
1.97413
1.9755
1.97153
1.412
1.18117
1.39801
1.84668
1.74502
1.82248
1.80751
1.42983
1.13104
1.13198
1.18398
1.45235
1.59226
1.61332
1.63593
1.31265
1.22488
1.23093
1.23549
1.23981
1.24578
1.4989
2.58878
2.68289
2.66686
1.90432
2.47657
3.76038
3.72166
2.42025
1.30708
1.31564
1.57663
1.60493
1.43528
1.95755
1.95968
1.96334
1.96316
1.96022
1.37725
1.1558
1.15443
1.22248
1.15978
1.14151
1.20072
1.35465
1.27102
1.13276
1.09132
1.1759
1.49689
1.55569
1.35053
1.26836
1.60622
1.65613
1.40414
1.24081
1.23055
2.15818
2.84635
2.67758
2.67045
3.1165
3.27314
3.27444
1.77482
1.29337
1.30339
1.31179
1.39469
1.58311
1.53443
1.24716
1.52251
1.91851
1.96942
1.69526
1.1789
1.1511
1.16111
1.22332
1.14242
1.08261
1.07835
1.07768
1.09576
1.09358
1.08623
1.0914
1.1128
1.11218
1.12632
1.13781
1.48138
1.63333
1.64519
1.51333
1.18996
1.17
2.63552
3.17087
3.20224
3.2371
3.26703
3.27331
2.54341
1.31777
1.30004
1.31132
1.31817
1.55469
1.58047
1.15654
1.17241
1.26366
1.59138
1.31041
1.14315
1.15338
1.22984
1.25441
1.2548
1.1832
1.08677
1.08596
1.08617
1.08623
1.08376
1.08661
1.09301
1.102
1.11124
1.12108
1.12936
1.13668
1.53435
1.41473
1.15863
1.15623
1.91192
3.1802
3.20055
3.22893
3.26724
3.28819
3.28619
2.37427
1.3039
1.30978
1.31841
1.34183
1.54194
1.14531
1.16075
1.14371
1.14234
1.19116
1.13998
1.15196
1.18686
1.25381
1.21456
1.13708
1.09933
1.08936
1.13028
1.2068
1.17675
1.13234
1.09039
1.088
1.09343
1.102
1.10955
1.11634
1.13216
1.13196
1.13775
1.13651
1.12861
2.31979
3.18505
3.18467
3.23072
3.25859
3.2902
3.30578
3.06986
1.43286
1.3229
1.3385
1.36445
1.12873
1.20075
1.18368
1.04504
1.07243
1.19705
1.14314
1.31167
2.2035
2.29491
2.54906
2.06573
1.22205
1.71098
2.30907
2.30661
2.30286
2.30621
2.31115
2.31767
2.26853
1.21992
1.08784
1.10128
1.544
2.0139
1.26866
1.13028
1.18492
1.27944
1.90455
3.09653
2.39618
2.85823
3.3084
3.35421
3.1114
1.44805
1.31954
1.33745
1.08568
1.19112
1.1057
0.99067
1.01229
1.19448
2.06657
2.80234
2.81493
2.82237
2.51968
2.48366
2.40872
1.79517
1.02745
0.971776
0.983455
2.08763
2.26974
2.27272
1.84033
1.0513
1.38632
2.50273
2.6305
2.66066
2.67672
1.48015
1.12421
1.12327
1.20262
1.13667
1.15236
1.16551
2.68689
3.35943
3.38345
2.29851
1.28966
1.30514
1.01278
1.12257
0.979206
0.972066
0.974423
1.10692
1.43438
2.2478
2.78529
1.64883
0.955417
0.946583
0.940145
0.936995
0.932807
0.926474
0.920099
0.914379
0.912243
0.938826
0.983158
0.977467
0.95384
1.88208
2.60953
2.63576
2.65927
2.51245
1.19686
1.10538
1.1207
1.13552
1.14914
1.1628
1.1772
3.03003
3.41913
2.44732
1.25603
1.27253
0.963356
0.966994
0.963404
0.965299
0.967466
0.97935
0.966596
1.26875
1.46865
1.02798
0.940684
0.93433
0.923402
0.912964
0.905236
0.897344
0.892413
0.88515
0.880721
0.880026
0.888502
0.90511
0.920721
1.03715
2.54877
2.60626
2.627
2.16729
1.10003
1.08768
1.11361
1.13835
1.1939
1.16681
1.17077
2.45365
3.45007
1.85539
1.23497
1.27974
0.950112
0.950463
0.95272
0.960313
0.969446
1.30694
1.74058
1.72562
1.65573
1.03932
0.947202
0.936791
1.0194
1.01617
0.898004
0.883555
0.871285
0.862032
0.857645
0.857974
0.865762
0.877816
0.890129
1.09143
2.06196
2.14
1.66174
1.13239
1.03608
1.06864
1.10053
1.17103
1.18408
1.15945
1.59605
2.80439
1.87772
1.21085
1.22016
1.27808
0.930708
0.930611
0.930405
0.986175
1.73929
1.73826
1.73114
1.56085
1.02773
1.0154
0.941558
1.07496
1.39372
1.23929
0.88594
0.87759
0.869809
0.863331
0.859515
0.85991
0.863844
0.871711
0.886967
0.935327
0.94165
0.945392
0.953405
0.982838
1.01843
1.0674
1.11953
1.16024
1.16965
1.86823
2.17166
1.67341
1.19455
1.20611
1.25174
1.26579
0.906615
0.905719
0.903178
1.03465
1.68394
1.41731
0.990656
1.00379
1.38125
1.19271
0.927655
1.21642
1.38142
1.37265
0.981511
0.875594
0.871724
0.869363
0.868796
0.870863
0.901684
0.940839
0.910176
0.91253
0.924964
0.942568
0.965115
0.996739
1.04405
1.08442
1.10871
1.15801
1.65971
1.87214
1.27044
1.18647
1.19777
1.20346
1.2189
1.19692
0.881339
0.881357
0.886422
1.35801
0.910831
0.920907
1.1718
1.39783
1.39644
1.39257
1.05104
1.15231
1.36697
1.36435
1.22912
0.868146
0.867849
0.868602
0.870656
0.91406
0.956629
0.963298
0.970839
0.960595
0.971892
0.973507
0.972764
0.98586
1.01337
1.03896
1.15618
1.28007
1.1814
1.18963
1.21019
1.27066
1.52682
1.54852
1.29623
1.15709
0.856213
0.855873
0.87282
1.27146
0.886122
0.942329
1.37922
1.37685
1.3756
1.37353
1.37134
1.13496
1.05936
1.34885
1.35724
1.15235
0.972622
0.897793
0.866141
0.870932
0.923972
0.958121
0.964477
0.971575
0.965425
0.9386
0.935933
0.93942
0.956592
1.0751
1.26245
1.27552
1.16372
2.69826
3.55361
3.58089
3.59999
3.61062
3.62138
3.24401
0.834152
0.832218
0.849078
0.876721
0.847813
0.845079
1.04276
1.35564
1.35396
1.35296
1.04672
0.845868
0.977689
1.32753
1.34888
1.35706
1.36435
1.30382
0.858328
0.865618
0.869915
0.888706
0.907519
0.901204
0.891295
0.894713
0.902444
0.910273
0.919366
1.05016
1.14069
1.39889
3.20037
3.42381
3.47273
3.5275
3.54649
3.20418
2.69653
2.71876
0.812881
0.810112
0.821543
0.815067
0.827154
0.899814
0.996203
0.911011
0.863932
0.833072
0.800464
0.82076
0.834255
0.81157
0.818254
1.0789
1.35454
1.35843
1.35806
0.971502
0.858483
0.862309
0.866272
0.870453
0.874762
0.879163
0.88335
0.886285
0.903471
0.969675
0.945121
1.28263
2.37451
1.75113
1.0458
1.33566
1.83639
1.07759
1.10502
1.13191
0.792293
0.78842
0.794848
0.789721
0.803107
0.930168
0.932374
0.805856
0.77614
0.779254
0.783926
0.787412
0.791862
0.797373
0.80414
0.810402
0.817266
0.879903
1.25285
1.2645
1.13328
0.853096
0.857211
0.861456
0.865576
0.868967
0.870851
0.871325
0.883455
0.870166
0.872044
0.984711
0.959017
0.871029
0.89592
0.966571
1.40654
1.51346
1.20584
1.11529
0.771258
0.768534
0.774773
0.769831
0.766498
0.801893
0.807446
0.770582
0.758928
0.762347
0.767115
0.772455
0.777917
0.78487
0.803351
0.811026
0.808065
0.811438
0.816649
0.968556
1.18154
1.15811
0.875208
0.851994
0.8557
0.858339
0.858584
0.855779
0.864495
0.852736
0.858009
0.841706
0.831036
0.843421
0.866395
2.2327
3.16495
3.20032
1.93194
1.63733
0.752657
0.751715
0.760613
0.75359
0.746225
0.743555
0.742203
0.743661
0.745927
0.749318
0.753677
0.758585
0.763875
0.769508
0.778473
0.804577
0.812224
0.810262
0.801287
0.806933
0.834509
0.948367
0.979177
0.982568
0.901899
0.866527
0.852362
0.842664
0.83806
0.839033
0.834932
0.82578
0.817105
0.826999
1.07326
3.11106
3.13472
3.1109
2.2739
2.43418
0.736661
0.737523
0.741528
0.740732
0.738799
0.735631
0.733201
0.733791
0.735352
0.737802
0.741012
0.744954
0.749428
0.754433
0.75985
0.7656
0.788036
0.799711
0.789
0.789323
0.79419
0.799161
0.83164
0.844854
0.849404
0.952399
0.952789
0.826839
0.821494
0.814743
0.807507
0.801796
0.798327
0.79471
1.36376
3.11028
3.13523
1.4194
0.857353
0.986421
0.722438
0.723364
0.72417
0.729078
0.750861
0.753355
0.74758
0.732336
0.724129
0.725536
0.727705
0.730532
0.73401
0.741558
0.746345
0.74841
0.753258
0.763124
0.768527
0.768248
0.772199
0.77635
0.783699
0.810762
0.816566
0.828265
0.8844
1.17898
0.868645
0.795009
0.790056
0.785261
0.780866
0.776689
0.773592
2.90409
3.16655
1.23377
0.823513
0.823523
0.707095
0.707808
0.717768
0.738239
0.740465
0.74056
0.740294
0.74015
0.740394
0.738364
0.717107
0.714569
0.718023
0.726929
0.730744
0.734813
0.735158
0.736818
0.741243
0.745054
0.748368
0.751575
0.78632
0.945661
0.838687
0.804369
0.805569
1.16081
1.20101
0.850791
0.772506
0.769656
0.767549
0.767115
0.769022
2.46066
3.1893
1.42656
0.787816
0.788837
0.690211
0.691293
0.703773
0.718192
0.723739
0.72424
0.724287
0.724118
0.724077
0.724456
0.725353
0.700509
0.698485
0.701358
0.710379
0.714182
0.712177
0.714695
0.718109
0.721323
0.724049
0.726324
0.797724
0.921548
0.923234
0.785146
0.779986
0.992638
1.18661
1.19243
0.82824
0.753047
0.751383
0.749686
0.746266
1.48549
3.18139
1.91662
1.02968
0.829425
0.671923
0.67293
0.675334
0.678865
0.686026
0.689052
0.700158
0.705206
0.697422
0.68192
0.675643
0.676532
0.678109
0.680132
0.682734
0.685878
0.688914
0.691667
0.694673
0.697471
0.700236
0.702183
0.703931
0.864911
0.900407
0.83131
0.752127
0.74969
1.15452
1.17334
1.17682
1.02334
0.737858
0.733211
0.729234
0.724044
1.58085
1.92856
1.91265
0.927782
0.652317
0.652474
0.657827
0.665161
0.665541
0.662374
0.654903
0.653334
0.653208
0.653306
0.653773
0.654655
0.655848
0.657435
0.65951
0.66192
0.664604
0.667375
0.670121
0.672839
0.675828
0.678467
0.680152
0.692793
0.874096
0.878947
0.761957
0.728038
0.91803
1.1566
1.16225
1.16842
1.1729
1.05677
0.762431
0.735651
0.74073
0.806037
0.80776
0.830674
0.633501
0.635286
0.649825
0.645299
0.634397
0.631135
0.630884
0.630393
0.629859
0.629476
0.629553
0.630213
0.631057
0.632312
0.633592
0.635816
0.6384
0.641165
0.643929
0.646723
0.649602
0.653124
0.655959
0.658322
0.736255
0.860256
0.857621
0.705009
0.680169
0.850936
1.14786
1.1541
1.1611
1.16881
1.17395
0.950461
0.723184
0.730878
0.742917
0.756676
0.638649
0.639172
0.63015
0.610904
0.609122
0.607625
0.606177
0.604836
0.603576
0.60247
0.61428
0.631918
0.703944
0.744165
0.693073
0.637793
0.610562
0.613244
0.616289
0.61956
0.623061
0.626678
0.631046
0.634724
0.638322
0.807502
0.837627
0.713197
0.656514
0.659033
0.713522
0.79718
1.04051
1.15198
1.15914
0.936071
0.705711
0.717014
0.72991
0.742853
0.61687
0.615095
0.59418
0.588436
0.585449
0.58771
0.579809
0.602712
0.633511
0.631531
0.798153
0.806523
0.806504
0.807561
0.809164
0.788348
0.793073
0.823474
0.824861
0.653723
0.595172
0.599595
0.605561
0.612219
0.614304
0.727062
0.750423
0.645468
0.634553
0.63794
0.641846
0.646152
0.657879
0.833196
0.918556
0.742766
0.68028
0.690921
0.70186
0.712265
0.571497
0.571643
0.568561
0.564324
0.602411
0.679385
0.648394
0.70995
0.761114
0.758014
0.754698
0.763348
0.762288
0.761257
0.676279
0.758491
0.780729
0.788463
0.796005
0.803576
0.669989
0.5718
0.581554
0.605291
0.606057
0.606191
0.609068
0.611301
0.61397
0.617291
0.620799
0.624891
0.629425
0.633856
0.639364
0.645815
0.653431
0.673444
0.828242
0.735735
0.543663
0.543701
0.550553
0.642537
0.692224
0.683174
0.673216
0.588598
0.490222
0.483229
0.478192
0.630316
0.656381
0.519399
0.489374
0.488681
0.673642
0.752204
0.762551
0.772738
0.782202
0.575623
0.576614
0.585296
0.577695
0.583824
0.588249
0.88145
0.651988
0.595539
0.598337
0.601604
0.605501
0.609826
0.614633
0.619902
0.666482
0.839337
0.850362
0.732497
0.524683
0.516062
0.636467
0.664927
0.658694
0.616668
0.524859
0.462479
0.453817
0.4448
0.438034
0.432539
0.436242
0.469832
0.457504
0.448721
0.509727
0.694889
0.731231
0.742794
0.692087
0.529668
0.534968
0.546571
0.556006
0.564138
1.0448
1.23047
1.08079
0.616527
0.57548
0.576825
0.585184
0.583107
0.587103
0.654595
0.817061
0.820664
0.730599
0.69657
0.504866
0.533422
0.630306
0.581162
0.477843
0.453009
0.442752
0.436574
0.426865
0.415106
0.404673
0.398975
0.396724
0.422239
0.420129
0.414626
0.43079
0.494283
0.681356
0.718212
0.55991
0.494529
0.50794
0.520395
0.550233
1.10754
1.20135
1.20506
1.20737
1.17288
1.10986
0.856455
0.599781
0.55474
0.558821
0.652976
0.715105
0.707608
0.703747
1.25359
0.484651
0.520322
0.604238
0.552793
0.523345
0.439472
0.418366
0.407414
0.39599
0.385693
0.377356
0.371994
0.370654
0.373732
0.38034
0.389454
0.400354
0.538341
0.675384
0.686711
0.456828
0.469271
0.481604
0.564235
1.1611
1.17136
1.17272
1.17458
0.731641
0.72778
0.794669
0.763121
0.531
0.525369
0.529892
0.534145
0.568582
0.82401
1.27234
1.33879
0.472822
0.50486
0.706112
1.15633
0.995133
0.414045
0.397482
0.386068
0.374764
0.364532
0.362455
0.362098
0.350191
0.354142
0.361025
0.40384
0.582122
0.63974
0.652479
0.563155
0.431912
0.443581
0.567974
1.12771
1.13608
1.06284
0.597729
0.614833
0.693474
0.700641
0.518449
0.493968
0.496153
0.497516
0.577041
0.896403
1.11163
1.3117
1.31033
1.30893
0.464379
0.603735
1.18863
1.19645
1.16563
0.393102
0.382687
0.371345
0.363147
0.399526
0.521438
0.565308
0.561491
0.504058
0.521317
0.590712
0.601651
0.614638
0.557802
0.38794
0.403547
0.43494
0.947156
1.09812
0.807351
0.508935
0.538578
1.12161
1.26393
1.26802
1.07349
0.615422
0.630648
1.02266
1.19533
1.20176
1.20513
1.20611
1.25639
1.08282
0.465232
1.02242
1.20128
1.18829
0.922692
0.379693
0.370218
0.360469
0.391097
0.572505
0.563265
0.555436
0.552388
0.540279
0.563539
0.573427
0.507622
0.398973
0.369248
0.364941
0.37347
0.475741
0.791695
0.575037
0.449281
0.467292
1.05057
1.23241
1.23769
1.24139
1.24314
1.07406
0.951891
1.00776
0.974428
0.852409
0.726406
0.63716
0.635838
0.650298
0.468049
1.119
1.18988
1.1574
0.434308
0.368714
0.377455
0.371242
0.379412
0.462276
0.399068
0.320526
0.333584
0.390042
0.436018
0.359871
0.327816
0.334733
0.342428
0.349315
0.357364
0.395842
0.399447
0.406537
0.413098
0.740264
1.20306
1.20484
1.20547
1.08352
0.533488
0.503243
0.536066
0.463161
0.429999
0.453621
0.56118
0.610102
0.507182
0.548527
0.402517
0.709463
1.18836
0.814241
0.369033
0.389637
0.440514
0.431445
0.333466
0.322104
0.316259
0.314484
0.311307
0.30789
0.308572
0.311956
0.317155
0.323576
0.329738
0.334593
0.337403
0.33921
0.340159
0.49396
1.12953
1.18139
1.18302
1.18363
0.681195
0.369503
0.372177
0.363469
0.364127
0.36453
0.383154
0.541972
0.559098
0.55979
0.431284
0.388329
0.373497
0.456438
0.974637
0.610651
0.346795
0.378037
0.42226
0.41632
0.331868
0.309328
0.304856
0.301375
0.30042
0.297568
0.297757
0.299331
0.302434
0.307203
0.366093
0.611237
0.674687
0.460485
0.639741
1.08554
1.10457
0.808289
0.396338
0.365996
0.388291
0.427426
0.431142
0.428117
0.338751
0.333986
0.355575
0.441635
0.419113
0.35164
0.340908
0.343669
0.34084
0.400371
0.677632
0.681867
0.321658
0.315193
0.344632
0.395034
0.312957
0.291571
0.288734
0.28609
0.283558
0.281319
0.279446
0.278288
0.300595
0.642213
0.736554
0.738666
0.73858
0.737574
0.590217
0.349841
0.369781
0.298303
0.299016
0.30113
0.303515
0.308528
0.343766
0.366965
0.338275
0.307748
0.304762
0.302597
0.302818
0.303938
0.301254
0.306848
0.307147
0.402185
0.641455
0.457835
0.331142
0.287495
0.281411
0.27898
0.278667
0.270214
0.267362
0.264988
0.262724
0.260201
0.257316
0.254512
0.254311
0.355469
0.514185
0.506702
0.317427
0.28347
0.2748
0.257857
0.258276
0.263931
0.288997
0.291165
0.293387
0.28631
0.274121
0.272255
0.273762
0.277593
0.278219
0.275557
0.275387
0.276438
0.277526
0.278633
0.274852
0.366377
0.620925
0.515927
0.292946
0.269552
0.253112
0.248139
0.245638
0.243766
0.241997
0.240008
0.23798
0.235827
0.233572
0.231488
0.229834
0.229151
0.230405
0.232809
0.234631
0.236327
0.236277
0.235979
0.235433
0.236252
0.237515
0.246609
0.268025
0.304425
0.34277
0.278432
0.252132
0.247394
0.248518
0.249695
0.251035
0.252597
0.254346
0.256441
0.24765
0.289368
0.592721
0.59837
0.381496
0.225181
0.223433
0.219547
0.217954
0.216517
0.215074
0.213662
0.212211
0.210652
0.209108
0.207896
0.207325
0.303663
0.45736
0.432173
0.340963
0.350147
0.25258
0.217753
0.21437
0.212106
0.213298
0.234945
0.299582
0.3156
0.317493
0.319282
0.279226
0.221868
0.222951
0.22441
0.226161
0.228041
0.23024
0.232933
0.226823
0.207522
0.40016
0.573241
0.56579
0.23865
0.194844
0.193644
0.19215
0.190748
0.189388
0.188104
0.186725
0.185303
0.183967
0.22349
0.554935
0.59893
0.598312
0.599939
0.600867
0.363714
0.261451
0.228753
0.211841
0.187534
0.199612
0.284426
0.289323
0.290846
0.292342
0.292965
0.22724
0.195402
0.196973
0.19867
0.200394
0.202144
0.203995
0.205705
0.19834
0.17019
0.188795
0.545193
0.55531
0.505628
0.231548
0.169627
0.341373
0.483754
0.342002
0.227695
0.174224
0.172485
0.389517
0.576932
0.575038
0.574962
0.569136
0.446345
0.363137
0.23546
0.189788
0.187834
0.168405
0.162639
0.193621
0.263235
0.264654
0.262646
0.229108
0.170865
0.167731
0.169371
0.170962
0.1726
0.174286
0.17582
0.177197
0.178554
0.170267
0.141431
0.140256
0.277174
0.529741
0.537982
0.53783
0.497824
0.5764
0.576297
0.575354
0.568723
0.560148
0.516116
0.410859
0.41657
0.403947
0.261379
0.165999
0.154518
0.172111
0.247855
0.276809
0.278281
0.199927
0.137627
0.159857
0.221336
0.170521
0.137718
0.13908
0.140556
0.14204
0.143524
0.145015
0.146516
0.148006
0.14943
0.150769
0.151879
0.143212
0.129645
0.112423
0.107869
0.233878
0.388305
0.322537
0.506652
0.548432
0.548069
0.548519
0.548134
0.392734
0.261902
0.173465
0.10765
0.103225
0.0998388
0.101182
0.126426
0.245624
0.251654
0.25301
0.254177
0.236527
0.136634
0.109431
0.110254
0.111318
0.112533
0.113751
0.115007
0.116305
0.117619
0.118967
0.120404
0.121933
0.123622
0.125422
0.12801
0.106716
0.114035
0.0940688
0.082086
0.0788462
0.083128
0.0767857
0.140739
0.224491
0.316517
0.315045
0.209845
0.0966716
0.0742296
0.0750487
0.0756567
0.0760799
0.0766938
0.07738
0.178349
0.227603
0.228809
0.178997
0.0994173
0.0826338
0.0844824
0.0846777
0.0855487
0.0864427
0.0873782
0.0883326
0.0893014
0.0903191
0.091428
0.0926229
0.0939242
0.0954295
0.0973031
0.0991999
0.103047
0.0590555
0.0898304
0.0826778
0.0584094
0.0556488
0.0543239
0.0530711
0.0517718
0.0506334
0.0502914
0.0503577
0.0509872
0.0517416
0.0524126
0.053171
0.0537941
0.0542613
0.0546264
0.0548479
0.136675
0.132225
0.0679969
0.0570993
0.0579312
0.0587312
0.0594876
0.0602057
0.0608738
0.0615073
0.0621381
0.062796
0.0634944
0.0642492
0.0650866
0.0660212
0.067046
0.0680751
0.0690331
0.0696815
0.0704858
0.0343906
0.0439598
0.0477175
0.0355689
0.0335147
0.0330166
0.0324756
0.0318199
0.0311889
0.0308029
0.0306853
0.0308689
0.031235
0.0316495
0.0320571
0.0323959
0.0326418
0.0338254
0.046503
0.0345174
0.0334312
0.0337377
0.0341616
0.0345979
0.0350189
0.0354053
0.0357782
0.0361449
0.0364991
0.036837
0.0371551
0.0374692
0.0377975
0.0381576
0.0385947
0.0392085
0.0401011
0.0417659
0.0442716
0.0502173
0.0111648
0.011157
0.0112796
0.0117266
0.0111156
0.0107983
0.0106266
0.0105221
0.0105982
0.0107166
0.0108208
0.0109201
0.0110135
0.0110973
0.0111324
0.0111802
0.0115418
0.0138536
0.0133916
0.0113756
0.0111366
0.0110153
0.0109826
0.0109943
0.0110294
0.0110731
0.0111133
0.0111412
0.0111457
0.0111099
0.0110115
0.0108472
0.0105887
0.0101803
0.0095268
0.00850037
0.00671289
0.00399621
-0.00111323
-0.00630627
)
;

boundaryField
{
    inlet
    {
        type            fixedFluxPressure;
        gradient        nonuniform List<scalar> 10(-0.00411952 -0.00340461 -0.00326459 -0.00347264 -0.00432759 -0.00502399 -0.00427832 -0.00295715 -0.0019377 -3.6707e-07);
        value           nonuniform List<scalar> 10(1962.17 1961.99 1961.85 1961.73 1961.66 1961.67 1961.73 1961.85 1961.99 1962.18);
    }
    inletWall
    {
        type            zeroGradient;
    }
    bottleWall
    {
        type            zeroGradient;
    }
    atmosphere
    {
        type            totalPressure;
        rho             rho;
        psi             none;
        gamma           1;
        p0              uniform 0;
        value           nonuniform List<scalar> 
80
(
-0.00266777
0
0
0
0
0
0
0
0
0
0
0
0
0
0
0
0
0
0
0
0
0
0
0
0
0
0
0
0
0
0
0
0
0
0
0
0
0
0
0
0
0
0
0
0
0
0
0
0
0
0
0
0
0
0
0
0
0
0
-0.000145059
-0.000484871
-0.000691625
-0.000817454
-0.000921977
-0.00102578
-0.00113237
-0.00124701
-0.0013773
-0.00153002
-0.00170227
-0.00191155
-0.0021809
-0.00251493
-0.00293783
-0.00348034
-0.00412853
-0.0050186
-0.00584464
-0.00820766
-0.0112548
)
;
    }
    frontAndBack
    {
        type            empty;
    }
}


// ************************************************************************* //
