/*--------------------------------*- C++ -*----------------------------------*\
  =========                 |
  \\      /  F ield         | OpenFOAM: The Open Source CFD Toolbox
   \\    /   O peration     | Website:  https://openfoam.org
    \\  /    A nd           | Version:  8
     \\/     M anipulation  |
\*---------------------------------------------------------------------------*/
FoamFile
{
    version     2.0;
    format      ascii;
    class       volScalarField;
    location    "1.75";
    object      p_rgh;
}
// * * * * * * * * * * * * * * * * * * * * * * * * * * * * * * * * * * * * * //

dimensions      [1 -1 -2 0 0 0 0];

internalField   nonuniform List<scalar> 
9150
(
2559.61
2532.68
2507.1
2489.89
2481.57
2481.57
2489.89
2507.1
2532.67
2559.61
2550.35
2530.87
2515.16
2503.36
2497.36
2497.36
2503.36
2515.16
2530.87
2550.35
2540.7
2527.21
2518.6
2510.86
2506.73
2506.73
2510.86
2518.6
2527.21
2540.7
2535.58
2525.67
2520.13
2514.79
2511.81
2511.81
2514.79
2520.13
2525.67
2535.58
2533.88
2525.13
2520.45
2516.29
2513.85
2513.85
2516.29
2520.45
2525.13
2533.88
2094.98
2090.62
2115.86
2130.29
2136.87
2136.86
2130.25
2115.8
2090.54
2094.85
2284.67
2260.44
2255.06
2253.89
2253.96
2253.95
2253.87
2255.03
2260.4
2284.63
2408.97
2377.4
2361.38
2351.52
2346.83
2346.82
2351.51
2361.36
2377.38
2408.95
2509.16
2466.77
2438.81
2421.5
2412.98
2412.98
2421.49
2438.8
2466.76
2509.15
2578.47
2526.36
2487.73
2465.71
2455.57
2455.56
2465.71
2487.73
2526.35
2578.47
1912.15
1949.39
1938.4
1946.25
1942.27
1942.02
1946.28
1938.03
1948.71
1911.24
1939.47
1957.44
1938
1944.8
1941.88
1941.73
1944.96
1937.48
1957.01
1938.76
1914.04
1946.65
1916.68
1922.48
1926.17
1926.15
1922.43
1916.33
1946.26
1913.54
1754.84
1880.09
1900.08
1917.8
1933.67
1933.65
1917.67
1899.81
1879.92
1754.29
1635.49
1869.15
1966.79
1996.96
2012.29
2012.27
1996.88
1966.68
1869.01
1635.07
1985.91
1984.86
1982.82
1979.81
1975.86
1971.02
1965.34
1958.87
1951.67
1943.81
1951.66
1950.64
1948.8
1946.15
1942.71
1938.53
1933.64
1928.12
1922.02
1915.44
1914.77
1913.91
1912.47
1910.4
1907.74
1904.51
1900.74
1896.51
1891.85
1886.87
1892.15
1891.34
1890.04
1888.26
1886.03
1883.36
1880.3
1876.88
1873.16
1869.19
1878.4
1877.5
1876.24
1874.63
1872.68
1870.41
1867.85
1865.03
1861.98
1858.76
1870.74
1869.73
1868.48
1866.99
1865.26
1863.31
1861.15
1858.81
1856.3
1853.66
1867.43
1866.34
1865.1
1863.72
1862.19
1860.54
1858.76
1856.87
1854.88
1852.81
1867.03
1865.88
1864.69
1863.46
1862.18
1860.85
1859.49
1858.1
1856.69
1855.27
1868.35
1867.23
1866.16
1865.13
1864.15
1863.21
1862.33
1861.52
1860.8
1860.2
1870.52
1869.51
1868.62
1867.86
1867.22
1866.7
1866.31
1866.07
1866.03
1866.19
1872.87
1872.07
1871.44
1870.99
1870.7
1870.59
1870.65
1870.92
1871.4
1872.1
1875
1874.48
1874.18
1874.07
1874.15
1874.42
1874.89
1875.56
1876.44
1877.49
1876.67
1876.53
1876.59
1876.86
1877.31
1877.95
1878.79
1879.83
1881.03
1882.43
1877.85
1878.09
1878.55
1879.2
1880.02
1881.01
1882.16
1883.46
1884.86
1886.5
1878.5
1879.16
1880.04
1881.08
1882.29
1883.65
1885.14
1886.71
1888.34
1890.26
1878.61
1879.72
1881.03
1882.5
1884.14
1885.93
1887.83
1889.79
1891.78
1894.07
1878.21
1879.75
1881.52
1883.48
1885.66
1888.05
1890.67
1893.52
1896.64
1900.26
1877.23
1879.13
1881.29
1883.68
1886.34
1889.3
1892.63
1896.39
1900.69
1905.68
1875.54
1877.67
1880.06
1882.71
1885.64
1888.93
1892.63
1896.85
1901.71
1907.3
1873.07
1875.28
1877.73
1880.42
1883.38
1886.68
1890.37
1894.54
1899.33
1904.82
1869.84
1871.98
1874.32
1876.85
1879.62
1882.68
1886.09
1889.93
1894.34
1899.51
1865.91
1867.86
1869.92
1872.11
1874.47
1877.04
1879.89
1883.08
1886.73
1891.06
1861.53
1863.16
1864.8
1866.48
1868.24
1870.11
1872.14
1874.38
1876.89
1879.83
1857.01
1858.19
1859.28
1860.31
1861.32
1862.32
1863.33
1864.39
1865.47
1866.68
1852.7
1853.33
1853.78
1854.11
1854.34
1854.47
1854.55
1854.58
1854.55
1854.55
1848.87
1848.83
1848.57
1848.14
1847.53
1846.75
1845.81
1844.69
1843.36
1841.84
1845.66
1844.9
1843.91
1842.71
1841.32
1839.69
1837.83
1835.7
1833.27
1830.53
1843.03
1841.59
1839.92
1838.06
1835.97
1833.65
1831.06
1828.2
1825.01
1821.55
1840.89
1838.87
1836.62
1834.17
1831.5
1828.58
1825.38
1821.86
1817.99
1813.81
1839.31
1836.81
1834.08
1831.17
1828.05
1824.69
1821.06
1817.12
1812.85
1808.33
1838.33
1835.43
1832.32
1829.04
1825.56
1821.86
1817.9
1813.65
1809.07
1804.25
1837.95
1834.74
1831.32
1827.76
1824.03
1820.09
1815.92
1811.49
1806.77
1801.86
1838.18
1834.72
1831.08
1827.3
1823.38
1819.28
1814.97
1810.43
1805.63
1800.67
1838.91
1835.29
1831.5
1827.58
1823.53
1819.32
1814.93
1810.33
1805.49
1800.52
1840.13
1836.42
1832.54
1828.55
1824.42
1820.15
1815.72
1811.1
1806.27
1801.32
1841.83
1838.1
1834.19
1830.16
1826
1821.7
1817.25
1812.63
1807.82
1802.9
1844.05
1840.33
1836.43
1832.39
1828.23
1823.93
1819.48
1814.88
1810.1
1805.23
1846.72
1843.07
1839.22
1835.22
1831.08
1826.79
1822.37
1817.8
1813.06
1808.24
1849.88
1846.33
1842.56
1838.63
1834.53
1830.29
1825.9
1821.36
1816.67
1811.9
1853.55
1850.12
1846.46
1842.61
1838.59
1834.41
1830.07
1825.57
1820.92
1816.19
1857.72
1854.44
1850.91
1847.17
1843.25
1839.14
1834.86
1830.42
1825.81
1821.12
1862.44
1859.31
1855.92
1852.31
1848.5
1844.49
1840.29
1835.91
1831.35
1826.69
1867.69
1864.72
1861.48
1858.01
1854.33
1850.43
1846.33
1842.03
1837.53
1832.9
1873.48
1870.68
1867.58
1864.25
1860.7
1856.92
1852.94
1848.73
1844.32
1839.75
1879.8
1877.14
1874.18
1870.98
1867.55
1863.91
1860.05
1855.97
1851.67
1847.2
1886.6
1884.05
1881.19
1878.11
1874.8
1871.28
1867.56
1863.63
1859.49
1855.17
1893.82
1891.32
1888.53
1885.52
1882.31
1878.9
1875.31
1871.54
1867.59
1863.51
1901.34
1898.83
1896.04
1893.06
1889.9
1886.57
1883.1
1879.49
1875.75
1871.93
1909.03
1906.41
1903.54
1900.52
1897.35
1894.06
1890.66
1887.17
1883.61
1880.06
1916.69
1913.86
1910.83
1907.69
1904.44
1901.1
1897.69
1894.23
1890.75
1887.33
1924.07
1920.95
1917.69
1914.35
1910.94
1907.46
1903.93
1900.36
1896.76
1893.2
1930.89
1927.42
1923.88
1920.3
1916.69
1913.02
1909.29
1905.5
1901.63
1897.73
1936.75
1932.97
1929.18
1925.4
1921.6
1917.77
1913.87
1909.9
1905.82
1901.64
1941.26
1937.28
1933.35
1929.44
1925.54
1921.61
1917.61
1913.52
1909.29
1904.85
1944.12
1940.15
1936.22
1932.33
1928.44
1924.52
1920.53
1916.42
1912.1
1907.56
1945.26
1941.49
1937.74
1934.02
1930.29
1926.52
1922.7
1918.73
1914.62
1910.99
1944.78
1941.38
1937.94
1934.5
1931.02
1927.51
1923.89
1920.12
1916.57
1914.91
1942.88
1939.94
1936.92
1933.82
1930.66
1927.39
1923.96
1920.38
1917.48
1917.12
1939.88
1937.46
1934.88
1932.19
1929.39
1926.44
1923.29
1920.14
1918.14
1918.12
1936.12
1934.18
1932.04
1929.75
1927.3
1924.67
1921.83
1919.1
1917.75
1917.38
1931.91
1930.4
1928.64
1926.71
1924.58
1922.22
1919.63
1917.21
1915.97
1914.47
1927.52
1926.36
1924.95
1923.32
1921.48
1919.38
1917.07
1915.04
1913.31
1909.67
1923.14
1922.28
1921.15
1919.81
1918.26
1916.5
1914.67
1913.41
1911.93
1905.32
1918.81
1918.13
1917.19
1916.06
1914.74
1913.26
1911.88
1911.32
1910.1
1884.64
1914.59
1913.91
1913
1911.93
1910.71
1909.38
1908.27
1908.07
1906.82
1869.08
1910.14
1909.38
1908.41
1907.27
1905.98
1904.66
1903.69
1903.8
1903.11
1861.21
1905.41
1904.51
1903.27
1901.73
1899.86
1897.68
1895.74
1894.52
1891.71
1844.88
1900.98
1899.85
1898.17
1895.88
1892.86
1888.82
1883.68
1879.01
1870.11
1819.27
1897.66
1896.38
1894.37
1891.49
1887.52
1881.88
1872.39
1861
1847.51
1783.59
1896.17
1894.89
1892.8
1889.75
1885.41
1879.2
1867.24
1827.57
1768.74
1509.68
1896.83
1895.78
1894.06
1891.55
1888.26
1884.24
1873.52
1793.05
1376.17
855.377
1899.01
1898.13
1896.76
1894.96
1893.24
1892.2
1882.72
1711.72
902.173
540.137
1902.14
1900.91
1899.44
1897.9
1897.13
1897.79
1890.28
1628.5
686.837
540.164
1905.68
1903.27
1900.98
1898.95
1897.97
1898.4
1891.09
1606.88
638.427
535.956
1908.62
1904.16
1900.41
1897.25
1895.05
1893.94
1887.19
1707.42
710.131
528.67
1906.58
1900.92
1896.35
1892.52
1889.38
1887.01
1881.79
1819.53
973.315
515.384
1895.35
1891.26
1887.83
1884.8
1882.03
1879.69
1875.95
1855.83
1238.55
495.675
1877.93
1877.16
1876.21
1874.91
1873.19
1871.22
1867.62
1851.71
1398.05
480.96
1859.38
1862.23
1864.44
1865.59
1865.57
1864.48
1860.98
1845.18
1469.01
609.703
1841.16
1848.23
1854.87
1860.09
1863.91
1866.7
1868.16
1861.16
1540.86
629.026
1825
1836.01
1847
1856.51
1864.41
1871.23
1877.33
1878.63
1683.9
602.515
1813.64
1827.23
1841.09
1853.74
1864.58
1873.83
1881.66
1885.54
1813.37
759.135
1807.1
1822.89
1838.06
1852.82
1866.13
1877.92
1888.43
1896.65
1879.3
1033.18
1803.41
1821
1836.23
1851.6
1865.88
1878.69
1890.24
1900.33
1902.68
1235.09
1805.99
1823.03
1836.19
1850.13
1863.52
1875.54
1886.11
1895.12
1898.91
1373.95
1804.79
1824.98
1836.05
1847.57
1859.12
1869.45
1878.16
1885.08
1887.75
1450.02
1797.23
1821.08
1832.36
1842.4
1852.09
1860.27
1866.28
1869.78
1868.95
1475.93
1793.47
1819.41
1829.75
1837.81
1845.35
1851.11
1854.14
1853.75
1847.71
1461.25
1756.89
1821.05
1829.64
1835.28
1840.74
1844.48
1845.27
1842.42
1833.11
1437.51
1540.05
1821.34
1830.09
1834.28
1838.29
1840.64
1839.79
1835.07
1824.24
1414.56
1422.99
1820.53
1830.16
1834.84
1838.88
1841.14
1840.1
1835.38
1826.96
1411.11
1330.45
1821.62
1831.73
1837.79
1842.78
1845.98
1846.34
1844.68
1844.13
1439.38
1269.35
1826.63
1835.97
1842.98
1848.62
1852.43
1854.12
1855.17
1858.77
1463.04
1254.9
1833.84
1842.95
1850.33
1855.78
1859.35
1861.8
1864.46
1869.28
1474.05
1279.11
1844.87
1853.45
1860.49
1864.74
1867.19
1868.86
1869.93
1869.36
1463.29
1370
1859.45
1867.77
1873.03
1875.7
1877.17
1877.89
1878.15
1875.84
1467.03
1464.42
1874.64
1883.54
1886.05
1887.6
1888.38
1888.11
1887.99
1884.86
1555.52
1578.17
1892.03
1899.25
1900.23
1901.29
1901.6
1900.82
1900.43
1897.21
1631.35
1709.57
1917.42
1918.38
1917.54
1916.91
1916.89
1917.49
1918.74
1919
1733.37
1820.7
1949.71
1937.37
1934.77
1931.59
1931.39
1934.48
1937.33
1949.54
1826.48
1934.84
1924.8
1914.34
1903.62
1892.81
1882.1
1871.68
1861.75
1852.49
1844.07
1836.66
1830.15
1824.48
1819.59
1815.49
1812.15
1809.5
1807.47
1805.99
1804.98
1804.37
1804.09
1804.09
1804.32
1804.75
1805.34
1806.08
1806.93
1807.89
1808.93
1810.03
1811.18
1812.35
1813.53
1814.57
1817.55
1818.27
1816.21
1816.9
1817.32
1908.05
1899.72
1891.11
1882.42
1873.81
1865.43
1857.45
1849.99
1843.18
1837.07
1831.69
1827.42
1823.91
1821.1
1818.92
1817.29
1816.11
1815.29
1814.76
1814.46
1814.33
1814.35
1814.48
1814.71
1815.01
1815.39
1815.83
1816.32
1816.86
1817.44
1818.03
1818.61
1819.14
1819.62
1820.32
1821.05
1817.42
1817.46
1816.21
1817.1
1881.3
1875.07
1868.73
1862.42
1856.31
1850.51
1845.14
1840.32
1836.11
1832.56
1829.69
1827.46
1825.8
1824.62
1823.81
1823.3
1823.02
1822.89
1822.87
1822.92
1823
1823.09
1823.18
1823.27
1823.35
1823.42
1823.48
1823.54
1823.59
1823.6
1823.58
1823.5
1823.34
1823.13
1822.97
1822.95
1821.57
1819.47
1818.34
1822.11
1864.74
1859.85
1854.93
1850.11
1845.48
1841.15
1837.23
1833.78
1830.87
1828.54
1826.79
1825.59
1824.88
1824.56
1824.55
1824.73
1825.05
1825.42
1825.8
1826.15
1826.45
1826.67
1826.81
1826.86
1826.84
1826.74
1826.58
1826.36
1826.08
1825.74
1825.35
1824.9
1824.43
1823.96
1823.6
1823.48
1823.82
1825.2
1827.11
1828.91
1855.15
1851.19
1847.2
1843.28
1839.5
1835.93
1832.63
1829.68
1827.16
1825.15
1823.74
1822.92
1822.64
1822.77
1823.2
1823.82
1824.53
1825.26
1825.95
1826.56
1827.06
1827.45
1827.69
1827.79
1827.75
1827.6
1827.34
1826.99
1826.56
1826.05
1825.5
1824.91
1824.34
1823.87
1823.59
1823.7
1824.52
1826.77
1830.9
1833.43
1850.72
1847.48
1844.17
1840.86
1837.55
1834.24
1830.94
1827.71
1824.67
1822.05
1820.13
1819.09
1818.85
1819.21
1819.97
1820.96
1822.04
1823.12
1824.12
1825.02
1825.8
1826.46
1826.94
1827.17
1827.22
1827.13
1826.9
1826.55
1826.1
1825.58
1825.01
1824.44
1823.93
1823.58
1823.49
1823.87
1825.08
1827.78
1832.25
1836.27
1850.51
1847.96
1845.33
1842.57
1839.61
1836.38
1832.87
1829.01
1824.48
1819.5
1815.51
1813.4
1812.95
1813.55
1814.74
1816.22
1817.79
1819.33
1820.76
1822.07
1822.82
1823.5
1824.84
1825.6
1825.86
1825.93
1825.84
1825.6
1825.24
1824.8
1824.34
1823.89
1823.51
1823.31
1823.41
1823.99
1825.38
1828.15
1832.45
1836.48
1853.76
1852.13
1850.46
1848.72
1846.95
1845.39
1843.72
1839.43
1829.12
1815.98
1807.07
1803.79
1803.64
1805.1
1807.26
1809.66
1812.06
1814.33
1816.49
1817.21
1818.3
1819.64
1822.05
1823.61
1824.17
1824.49
1824.62
1824.49
1824.22
1824.01
1823.77
1823.46
1823.22
1823.14
1823.35
1823.99
1825.33
1827.82
1831.52
1834.94
1859.72
1859.42
1859.44
1860.2
1862.61
1866.24
1864.3
1833.37
1767.84
1749.5
1762.94
1780.71
1785.56
1791.45
1796.62
1801.23
1805.2
1808.1
1809.33
1811.93
1813.98
1817.7
1820.27
1821.56
1822.59
1822.96
1822.8
1823.02
1823.44
1823.54
1823.39
1823.21
1823.09
1823.09
1823.31
1823.86
1824.94
1826.89
1829.74
1832.33
1866.63
1867.5
1869.36
1873.42
1878.69
1870.74
1786.54
1651.78
1608.87
1623.36
1685.55
1737.41
1757
1773.16
1784.74
1792.06
1797.25
1801.58
1805.16
1808.08
1811.8
1814.66
1814.29
1815.73
1818.24
1819.93
1821.49
1822.53
1823.13
1823.25
1823.23
1823.17
1823.11
1823.13
1823.27
1823.62
1824.31
1825.55
1827.39
1829.06
1873.1
1874.94
1878.77
1883.64
1874.94
1745.69
1601.34
1591.83
1587.72
1591.74
1682.05
1725.1
1750.25
1768.48
1780.48
1788.26
1793.97
1798.64
1802.83
1807.08
1803.49
1792.76
1795.12
1809.23
1817.05
1819.8
1821.59
1822.54
1822.94
1823.14
1823.24
1823.26
1823.24
1823.21
1823.2
1823.27
1823.48
1823.95
1824.71
1825.42
1878.98
1882.03
1886.92
1883.79
1783.9
1599.89
1581.51
1581.61
1581.16
1609.45
1723.26
1746.92
1763.11
1775.85
1784.09
1789.99
1795.15
1796.73
1774.74
1769.97
1765.89
1770.56
1790.08
1815.21
1818.99
1820.83
1821.74
1822.37
1822.84
1823.16
1823.35
1823.42
1823.39
1823.27
1823.08
1822.82
1822.51
1822.18
1821.87
1821.67
1884.64
1889
1891.96
1864.23
1641.16
1573.52
1572.87
1574.21
1583.34
1717.72
1768.48
1771.39
1779.99
1787.24
1792.8
1772.7
1736.68
1719.76
1726.56
1731.86
1757.8
1791.2
1811.56
1817.73
1819.22
1820.45
1821.43
1822.2
1822.78
1823.2
1823.45
1823.54
1823.47
1823.24
1822.84
1822.24
1821.42
1820.31
1818.99
1817.93
1889.25
1893.31
1888.76
1753.79
1573.71
1563.73
1565.78
1575.01
1697.69
1793.27
1788.45
1759.45
1737.38
1731.86
1715.84
1700.17
1706.21
1710.68
1718.87
1769.88
1802.46
1814.22
1815.83
1817.47
1818.98
1820.22
1821.23
1822.05
1822.69
1823.15
1823.43
1823.52
1823.4
1823.04
1822.42
1821.49
1820.17
1818.35
1816.12
1814.27
1893.18
1895.37
1883.4
1654.56
1561.26
1557.65
1568.91
1687.58
1788.85
1801.6
1718.19
1689.39
1690.66
1691.83
1694.63
1697.67
1705.66
1759.76
1796.84
1811.47
1813.03
1814.65
1816.24
1817.66
1818.92
1820.02
1820.98
1821.79
1822.44
1822.92
1823.2
1823.27
1823.08
1822.59
1821.76
1820.53
1818.77
1816.31
1813.29
1810.78
1896.89
1896.31
1836.6
1595.05
1554.19
1558.49
1672.16
1823.33
1804.92
1711.17
1695.72
1694.8
1693.62
1691.95
1713.67
1759.03
1796.87
1811.16
1812.13
1813.06
1814.19
1815.35
1816.48
1817.58
1818.63
1819.61
1820.5
1821.28
1821.92
1822.39
1822.67
1822.7
1822.45
1821.85
1820.84
1819.34
1817.21
1814.22
1810.55
1807.5
1904.65
1907.07
1821.53
1588.48
1561.78
1581.95
1792.36
1835.61
1784.25
1704.08
1703.78
1698.08
1738.61
1777.87
1806.54
1814.46
1813.83
1813.61
1813.72
1814.07
1814.62
1815.33
1816.14
1817.02
1817.93
1818.81
1819.65
1820.4
1821.03
1821.5
1821.76
1821.77
1821.47
1820.78
1819.63
1817.93
1815.51
1812.1
1807.91
1804.22
1911.87
1918.74
1826.33
1597.6
1579.12
1590.39
1790.01
1827.06
1803.12
1721
1712.95
1784.05
1821.9
1820.01
1817.72
1816.02
1814.8
1814.04
1813.69
1813.69
1813.96
1814.45
1815.1
1815.85
1816.68
1817.53
1818.34
1819.08
1819.71
1820.19
1820.46
1820.47
1820.14
1819.41
1818.18
1816.36
1813.76
1810.08
1804.91
1799.38
1914
1922.12
1836.03
1593.46
1578.54
1573.97
1712.61
1822.21
1828.65
1810.53
1807.57
1824.88
1821.06
1818.44
1816.31
1814.57
1813.31
1812.52
1812.12
1812.06
1812.28
1812.7
1813.3
1814.03
1814.83
1815.69
1816.52
1817.29
1817.96
1818.47
1818.77
1818.8
1818.49
1817.75
1816.5
1814.63
1811.96
1807.98
1800.9
1796.82
1911.22
1918.09
1868.27
1578
1554.28
1538.91
1585.25
1802.74
1824.22
1822.8
1822.74
1819.86
1816.85
1814.49
1812.61
1811.16
1810.14
1809.54
1809.28
1809.32
1809.6
1810.09
1810.74
1811.53
1812.39
1813.3
1814.2
1815.04
1815.77
1816.35
1816.71
1816.8
1816.53
1815.84
1814.61
1812.76
1810.08
1806.12
1799.37
1794.71
1905.78
1911.97
1885.18
1567.6
1516.12
1507.02
1510.3
1736.03
1821.48
1812.74
1813.32
1812.32
1810.38
1808.62
1807.25
1806.24
1805.6
1805.28
1805.27
1805.52
1806.01
1806.68
1807.48
1808.39
1809.38
1810.41
1811.42
1812.36
1813.2
1813.87
1814.33
1814.51
1814.34
1813.73
1812.59
1810.83
1808.24
1804.46
1799.6
1795.64
1896.66
1902.65
1889.69
1626.92
1475.97
1468.87
1462.45
1597.94
1819.41
1805.43
1804.72
1804.31
1802.98
1801.7
1800.77
1800.19
1799.95
1800
1800.31
1800.86
1801.62
1802.54
1803.57
1804.69
1805.87
1807.06
1808.22
1809.31
1810.29
1811.1
1811.7
1812.01
1811.97
1811.5
1810.51
1808.9
1806.48
1802.94
1798.21
1792.96
1883.88
1888.87
1885.6
1746.26
1431.22
1426.44
1413.08
1448.24
1744.65
1804.65
1798.37
1796.43
1795.02
1793.96
1793.37
1793.19
1793.37
1793.84
1794.55
1795.47
1796.58
1797.8
1799.12
1800.51
1801.92
1803.33
1804.69
1805.97
1807.13
1808.12
1808.89
1809.37
1809.51
1809.23
1808.45
1807.08
1804.92
1801.37
1795.33
1791.86
1868.59
1871.31
1869.41
1800.46
1405.72
1378.66
1366.14
1356.77
1500.04
1773.96
1788.14
1785.6
1784.78
1784.47
1784.59
1785.08
1785.86
1786.89
1788.11
1789.51
1791.01
1792.6
1794.26
1795.96
1797.66
1799.33
1800.93
1802.43
1803.81
1805.01
1805.98
1806.68
1807.05
1807.01
1806.49
1805.41
1803.6
1800.43
1795.03
1791.99
1855.07
1856.96
1857.8
1827.63
1509.93
1327.18
1319.54
1309.91
1311.51
1551.26
1764.98
1770.24
1771.57
1772.95
1774.35
1775.88
1777.54
1779.3
1781.16
1783.09
1785.08
1787.1
1789.14
1791.19
1793.2
1795.17
1797.04
1798.8
1800.42
1801.86
1803.07
1804.02
1804.65
1804.89
1804.69
1803.97
1802.59
1800.17
1796.96
1794.52
1840.4
1839.7
1838.96
1827.01
1669.02
1279.33
1281.71
1274.3
1263.32
1286.98
1583.11
1756.23
1759.32
1761.76
1764.08
1766.49
1768.98
1771.49
1773.99
1776.5
1779
1781.48
1783.93
1786.35
1788.7
1790.97
1793.14
1795.18
1797.06
1798.76
1800.24
1801.47
1802.4
1802.97
1803.13
1802.82
1801.93
1800.25
1797.88
1795.54
1827.63
1824.86
1822.1
1814.49
1749.79
1322.02
1248.82
1234.68
1226.55
1219.01
1269.18
1593.28
1746.07
1751.11
1754.23
1757.26
1760.47
1763.69
1766.86
1769.94
1772.96
1775.91
1778.79
1781.58
1784.28
1786.87
1789.34
1791.67
1793.83
1795.81
1797.58
1799.11
1800.37
1801.3
1801.87
1802.01
1801.65
1800.66
1799.02
1796.87
1817.9
1814.22
1811
1806.88
1784.03
1519.3
1196.75
1202.64
1199.53
1192.53
1185.99
1247.13
1567.9
1737.73
1744.49
1748.53
1752.27
1756.13
1759.95
1763.62
1767.16
1770.58
1773.87
1777.03
1780.08
1782.99
1785.75
1788.37
1790.82
1793.09
1795.17
1797.02
1798.63
1799.96
1800.97
1801.61
1801.75
1798.06
1797.61
1799.19
1809.37
1804.6
1799.7
1794.33
1782.53
1678.95
1206.05
1186.48
1175.08
1169.08
1163.82
1159.24
1207.62
1534.48
1730.91
1739.96
1744.98
1749.24
1753.55
1757.76
1761.8
1765.64
1769.32
1772.84
1776.2
1779.42
1782.47
1785.37
1788.11
1790.68
1793.07
1795.27
1797.27
1799.03
1800.54
1801.76
1802.63
1797.96
1797.12
1795.38
1803.59
1798.59
1793.32
1788.11
1781.35
1749.28
1399.9
1149.63
1152.04
1151.25
1147.43
1142.86
1138.49
1170.84
1459.17
1709.63
1737.44
1743.64
1748.3
1752.73
1757.09
1761.29
1765.31
1769.12
1772.77
1776.26
1779.59
1782.76
1785.77
1788.63
1791.34
1793.9
1796.32
1798.57
1800.65
1802.55
1804.24
1803.9
1803.12
1769.17
1799.23
1793.9
1788.09
1781.94
1774.98
1762.24
1625.13
1142.76
1144
1135.29
1131.15
1128.87
1124.85
1120.81
1128.55
1342.97
1655.84
1735.49
1743.94
1748.83
1753.21
1757.61
1761.89
1765.97
1769.86
1773.59
1777.15
1780.57
1783.84
1786.98
1790
1792.93
1795.77
1798.53
1801.22
1803.84
1806.39
1808.98
1807.78
1769.88
1796.82
1791.56
1785.95
1779.97
1773.78
1766.15
1730.71
1328.4
1121.32
1117.62
1119.21
1122.39
1115.79
1110.12
1107.29
1105.86
1221.21
1559.92
1737.88
1746.36
1750.73
1754.9
1759.23
1763.47
1767.54
1771.45
1775.21
1778.83
1782.33
1785.73
1789.05
1792.32
1795.58
1798.85
1802.15
1805.5
1808.95
1812.65
1807.76
1773.63
1795.61
1790.39
1784.86
1778.94
1772.78
1766.26
1757.2
1604.14
1105.89
1108.81
1107.76
1113.64
1113.66
1108.1
1101.06
1098.51
1095.81
1130.74
1416.59
1739.41
1748.51
1752.82
1757.17
1761.54
1765.77
1769.82
1773.75
1777.55
1781.25
1784.87
1788.46
1792.06
1795.73
1799.49
1803.39
1807.48
1811.85
1816.71
1801.48
1777.88
1795.46
1790.25
1784.78
1778.92
1772.65
1765.78
1757.81
1725.07
1308.35
1100.76
1097.55
1099.82
1103.94
1103.68
1101.28
1095.65
1091.57
1089.66
1089.49
1299.64
1694.68
1750.32
1755.02
1759.83
1764.4
1768.68
1772.75
1776.7
1780.57
1784.39
1788.21
1792.11
1796.15
1800.38
1804.88
1809.7
1815.03
1821.12
1795.04
1782.65
1796.29
1791.14
1785.77
1780.07
1774.04
1767.48
1760.13
1753.66
1616.47
1092.86
1090.22
1087.36
1090.99
1097.02
1096.72
1094.5
1092.4
1084.94
1084.11
1082.44
1219.56
1647.49
1754.97
1758.71
1763.57
1768.16
1772.35
1776.37
1780.33
1784.28
1788.28
1792.42
1796.77
1801.44
1806.49
1812.04
1818.31
1825.66
1792.68
1787.93
1797.9
1792.77
1787.44
1781.81
1775.87
1769.45
1761.96
1753.99
1734.27
1348.48
1083.58
1082.72
1080.21
1083.53
1093.33
1092.79
1090.75
1089.15
1080.87
1078.13
1077.19
1173.53
1621.7
1760.31
1763.06
1767.95
1772.49
1776.56
1780.52
1784.52
1788.62
1792.92
1797.52
1802.55
1808.09
1814.3
1821.44
1829.98
1802.39
1793.61
1800.28
1795.19
1789.93
1784.39
1778.6
1772.46
1765.41
1756.91
1751.66
1657.29
1105.35
1077.27
1075.79
1075.05
1078.8
1090.6
1089.88
1087.97
1084.9
1074.86
1073.97
1073.5
1162.36
1634.37
1765.93
1768.01
1772.88
1777.25
1781.18
1785.1
1789.2
1793.57
1798.31
1803.58
1809.5
1816.22
1824.06
1833.46
1826.82
1825.8
1803.34
1798.3
1793.1
1787.66
1782
1776.14
1769.79
1762.09
1753.97
1752.69
1452.92
1072.22
1073.66
1073.37
1072.96
1078.1
1088.88
1087.94
1086.78
1075.09
1072.14
1071.85
1071.68
1195.96
1687.36
1771.25
1773.4
1778.17
1782.29
1786.08
1790.05
1794.37
1799.17
1804.61
1810.83
1818.04
1826.59
1836.91
1848.03
1856.54
1807.03
1802.01
1796.84
1791.43
1785.8
1779.96
1773.83
1766.7
1757.47
1751.16
1711.31
1184.33
1072.73
1072.32
1071.85
1071.71
1078.79
1088.03
1085.7
1073.1
1071.24
1071.06
1070.84
1070.74
1305.36
1753.34
1775.28
1778.65
1783.44
1787.36
1791.13
1795.29
1800.02
1805.49
1811.89
1819.43
1828.54
1839.66
1852.15
1861.55
1811.35
1806.34
1801.18
1795.8
1790.19
1784.39
1778.41
1771.95
1763.74
1753.71
1755.63
1600.53
1072.65
1071.06
1071.02
1070.86
1070.87
1075.92
1075.53
1072.29
1070.71
1070.6
1070.49
1070.43
1070.6
1505.27
1783.37
1779.27
1784.28
1788.83
1792.49
1796.35
1800.86
1806.21
1812.63
1820.35
1829.83
1841.63
1855.11
1865.28
1816.28
1811.25
1806.07
1800.66
1795.04
1789.2
1783.21
1777.03
1770.04
1760.63
1752.09
1756.33
1379.18
1070.18
1070.74
1070.61
1070.47
1070.42
1070.4
1071.07
1070.51
1070.28
1070.25
1070.24
1070.02
1200.78
1712.69
1783.31
1785.25
1790.47
1794.18
1797.61
1801.69
1806.75
1812.99
1820.7
1830.36
1842.61
1856.76
1867.51
1821.84
1816.75
1811.49
1806
1800.27
1794.29
1788.09
1781.72
1775.03
1766.78
1755.54
1751.86
1717.39
1148.73
1070.13
1070.1
1070
1069.95
1069.94
1069.97
1070.06
1069.98
1069.95
1069.92
1069.6
1081.39
1566.5
1792.46
1788.07
1793.06
1796.5
1799.2
1802.59
1807.11
1812.96
1820.42
1829.99
1842.41
1856.81
1867.92
1828.04
1822.89
1817.53
1811.9
1806
1799.8
1793.29
1786.52
1779.54
1771.92
1761.7
1749.14
1757.87
1609.65
1068.47
1069.68
1069.68
1069.52
1069.52
1069.63
1069.7
1069.7
1069.68
1069.65
1069.34
1077.41
1545.9
1802.36
1794.29
1797.54
1799.61
1801.12
1803.51
1807.25
1812.48
1819.44
1828.64
1840.82
1855.08
1866.26
1834.89
1829.7
1824.25
1818.49
1812.38
1805.88
1798.94
1791.52
1783.7
1775.43
1765.64
1751.64
1738.89
1761.42
1312.08
1069.3
1069.56
1069.22
1069.15
1069.46
1069.67
1069.69
1069.6
1069.43
1068.88
1125.85
1639.95
1810.54
1803.25
1803.4
1803.05
1803
1804.26
1807.07
1811.49
1817.75
1826.29
1837.82
1851.51
1862.37
1842.41
1837.25
1831.8
1825.98
1819.74
1813
1805.66
1797.6
1788.75
1779.16
1768.55
1754.94
1735.92
1729
1739.46
1095.71
1067.23
1067.63
1068.08
1068.66
1069.92
1070.13
1069.53
1068.2
1105.93
1478.72
1804.62
1815.33
1810.99
1807.93
1805.37
1804.07
1804.39
1806.33
1809.94
1815.36
1823
1833.51
1846.14
1856.3
1850.55
1845.55
1840.27
1834.59
1828.45
1821.72
1814.24
1805.79
1796.08
1784.93
1772.46
1758.55
1741.15
1721.73
1735.12
1496.02
1054.15
1058.51
1066.65
1119.35
1186.81
1181.14
1183.06
1282.81
1583.25
1824.83
1828.26
1819.41
1813.75
1809.01
1805.63
1803.85
1803.63
1804.94
1807.8
1812.35
1818.93
1828.09
1839.2
1848.29
1859.15
1854.49
1849.59
1844.36
1838.7
1832.44
1825.31
1816.9
1806.56
1793.41
1777.05
1758.79
1740.06
1719.22
1701.26
1640.73
1073.62
1112.21
1381.99
1683.2
1790.48
1771.86
1759.64
1793.39
1835.66
1831.08
1823.2
1816.73
1811.24
1806.98
1804.05
1802.43
1802.06
1802.97
1805.21
1808.89
1814.28
1821.84
1831.07
1838.76
1867.94
1863.79
1859.55
1855.17
1850.58
1845.62
1840.03
1833.58
1825.5
1812.26
1788.54
1758.88
1735.22
1716.69
1698.29
1640.49
1109.62
1265.72
1725.36
1846.13
1850.41
1847.23
1840.97
1833.55
1826.96
1821.39
1816.07
1811.16
1807.05
1803.89
1801.69
1800.42
1800.09
1800.72
1802.4
1805.21
1809.34
1815.13
1822.25
1828.32
1876.47
1872.94
1869.6
1866.54
1863.85
1861.6
1860.34
1861.94
1866.56
1856.18
1779.48
1723.53
1710.21
1704.76
1698.58
1647.3
1160.57
1261.67
1712.47
1808.67
1815.13
1817.33
1817.33
1815.83
1813.42
1810.5
1807.46
1804.66
1802.26
1800.36
1798.99
1798.19
1797.99
1798.45
1799.61
1801.55
1804.39
1808.35
1813.26
1817.58
1883.99
1880.86
1878.17
1876.11
1874.95
1875.2
1878.78
1890.32
1907.36
1643.85
1217.41
1444.62
1674.63
1680.71
1690.76
1573.09
1132.33
1195.09
1747.15
1786.06
1792.64
1796.91
1799.55
1800.76
1800.95
1800.49
1799.7
1798.78
1797.88
1797.09
1796.49
1796.14
1796.09
1796.39
1797.07
1798.17
1799.74
1801.89
1804.59
1807.18
1889.69
1886.3
1883.21
1880.53
1878.54
1878.06
1881.24
1889.8
1813.55
1096.04
873.643
1248.96
1654.22
1663.58
1680.63
1342.36
1110.54
1289.33
1759.75
1769.35
1776.4
1782
1786.35
1789.42
1791.51
1792.87
1793.71
1794.18
1794.41
1794.51
1794.54
1794.56
1794.62
1794.75
1794.96
1795.25
1795.63
1796.1
1796.67
1795.08
1893.67
1889.36
1884.83
1880.08
1875.64
1872.19
1867.67
1851.39
1276.08
852.623
837.173
1350.72
1666.86
1669.03
1515.94
1105.3
1108.57
1627.91
1751.01
1759.4
1766.53
1772.63
1777.74
1781.89
1785.15
1787.67
1789.59
1791.03
1792.09
1792.83
1793.33
1793.62
1793.73
1793.67
1793.42
1792.97
1792.28
1791.26
1789.95
1784.63
1897.14
1892.14
1886.95
1882.25
1878.95
1874.34
1851.3
1494.79
835.746
786.638
877.732
1579.01
1672.72
1544.7
1151.83
1111.17
1425.51
1733.15
1743.44
1752.42
1760.2
1766.83
1772.52
1777.37
1781.35
1784.6
1787.23
1789.32
1790.94
1792.13
1792.94
1793.39
1793.48
1793.19
1792.49
1791.37
1789.71
1787.34
1784.4
1777.48
1899.96
1894.8
1890.35
1885.07
1871.81
1777.5
1341.68
782.337
691.467
717.258
1154.74
1618.61
1595.65
1168.34
1157.73
1363.12
1722.39
1732.49
1741.94
1750.37
1757.79
1764.41
1770.22
1775.34
1779.67
1783.34
1786.4
1788.89
1790.85
1792.33
1793.32
1793.83
1793.83
1793.29
1792.18
1790.43
1787.92
1784.39
1779.59
1771.7
1903.07
1899.49
1893.87
1855.21
1544.64
1022.62
657.058
655.636
655.448
689.597
1297.44
1629.58
1308.63
1182.67
1286.7
1719.29
1726.2
1735.02
1743.42
1751.01
1757.97
1764.31
1770.04
1775.16
1779.62
1783.47
1786.75
1789.47
1791.63
1793.25
1794.32
1794.81
1794.68
1793.89
1792.4
1790.12
1786.89
1782.17
1772.34
1767.3
1909.09
1905.96
1872.22
1316.51
748.336
648.641
648.071
648.403
648.992
651.547
838.024
1368.9
1567.76
1507.46
1641.52
1722.44
1730.2
1738.26
1745.93
1752.99
1759.56
1765.61
1771.2
1776.18
1780.62
1784.51
1787.86
1790.66
1792.91
1794.58
1795.66
1796.09
1795.84
1794.83
1793.01
1790.29
1786.42
1778.34
1769.35
1764.2
1914.86
1897.31
1426.54
694.203
647.363
645.452
646.054
646.688
646.984
646.748
813.908
1532.73
1689.93
1705.62
1718.79
1727.57
1735.22
1742.59
1749.59
1756.09
1762.16
1767.89
1773.12
1777.89
1782.19
1786
1789.31
1792.1
1794.34
1796.01
1797.06
1797.43
1797.07
1795.89
1793.82
1790.76
1786.2
1775.98
1768.05
1763.32
1914.09
1874.11
945.966
648.487
644.14
643.975
644.427
644.916
645.35
645.78
1006.14
1700.98
1702.66
1715.56
1726.37
1734.2
1741.11
1747.69
1753.93
1759.81
1765.34
1770.54
1775.39
1779.87
1783.95
1787.59
1790.78
1793.48
1795.66
1797.28
1798.28
1798.59
1798.14
1796.83
1794.59
1791.29
1786.38
1778.06
1769.54
1765.51
1908.48
1651.21
755.663
643.126
641.634
641.718
642.008
642.492
643.021
664.257
1308.03
1721.58
1718.95
1728.06
1735.83
1741.98
1747.69
1753.23
1758.57
1763.68
1768.57
1773.24
1777.65
1781.79
1785.6
1789.03
1792.06
1794.64
1796.73
1798.27
1799.21
1799.46
1798.94
1797.55
1795.21
1791.77
1786.87
1780.32
1772.1
1765.29
1902.49
1437.08
674.893
637.542
638.17
638.619
638.794
639.037
639.41
714.386
1491.19
1735.25
1733.33
1739.68
1745.07
1749.61
1754.07
1758.56
1763
1767.35
1771.59
1775.71
1779.67
1783.44
1786.95
1790.16
1793.02
1795.46
1797.45
1798.91
1799.78
1799.98
1799.42
1797.99
1795.6
1792.12
1787.27
1780.17
1771.67
1764.91
1894.74
1197.38
641.31
635.456
636.031
635.247
635.262
635.391
635.123
738.027
1545.06
1746.76
1744.12
1748.83
1752.74
1756.07
1759.51
1763.13
1766.81
1770.49
1774.15
1777.77
1781.3
1784.7
1787.92
1790.89
1793.57
1795.87
1797.76
1799.15
1799.97
1800.13
1799.55
1798.11
1795.73
1792.26
1787.4
1780.18
1771.8
1765.08
1813.27
968.693
638.049
634.883
632.395
631.245
631.24
631.284
630.717
732.237
1551.81
1755.98
1751.69
1755.42
1758.44
1760.92
1763.62
1766.61
1769.72
1772.89
1776.09
1779.29
1782.46
1785.53
1788.47
1791.21
1793.7
1795.86
1797.64
1798.95
1799.73
1799.88
1799.3
1797.9
1795.56
1792.15
1787.37
1780.75
1772.85
1766.27
1617.14
796.284
635.786
628.197
629.171
626.527
626.656
626.687
625.692
701.812
1512.14
1763.22
1755.97
1759.26
1761.95
1764
1766.25
1768.83
1771.57
1774.39
1777.28
1780.18
1783.07
1785.89
1788.6
1791.14
1793.46
1795.48
1797.15
1798.39
1799.12
1799.27
1798.72
1797.37
1795.11
1791.82
1787.25
1780.97
1773.31
1766.9
1388.54
682.827
631.631
618.987
623.432
623.327
623.132
622.773
621.274
654.476
1390.69
1767.53
1755.67
1759.56
1762.91
1765.09
1767.27
1769.73
1772.31
1774.96
1777.66
1780.37
1783.07
1785.72
1788.27
1790.66
1792.85
1794.77
1796.36
1797.54
1798.25
1798.4
1797.89
1796.62
1794.48
1791.36
1787
1781
1773.68
1767.57
1210.77
627.251
637.871
657.605
617.362
621.061
621.289
620.52
618.38
632.441
1146.69
1772.08
1751.93
1756.69
1761.57
1764.45
1766.9
1769.48
1772.11
1774.73
1777.34
1779.93
1782.5
1785.02
1787.46
1789.76
1791.88
1793.74
1795.29
1796.46
1797.19
1797.37
1796.93
1795.76
1793.77
1790.85
1786.75
1781.1
1774.19
1768.44
1137.26
609.284
619.373
775.418
701.324
639.512
616.701
614.484
636.238
628.447
879.739
1729.56
1749.55
1752.64
1759
1762.81
1765.66
1768.49
1771.25
1773.92
1776.52
1779.05
1781.52
1783.94
1786.28
1788.52
1790.61
1792.46
1794.02
1795.23
1796
1796.25
1795.92
1794.89
1793.08
1790.39
1786.59
1781.33
1774.9
1769.56
1104.36
579.294
563.389
731.719
978.607
860.897
614.79
606.181
644.478
633.76
721.136
1568
1748.73
1747.56
1755.25
1760.35
1763.89
1767.05
1770
1772.78
1775.4
1777.89
1780.29
1782.62
1784.89
1787.08
1789.15
1791.03
1792.65
1793.93
1794.8
1795.17
1794.97
1794.1
1792.51
1790.07
1786.6
1781.76
1775.85
1770.98
1131.04
523.838
526.203
530.886
1026.03
1138.16
702.924
585.415
600.695
672.712
675.969
1249.72
1755.4
1745.59
1752.47
1758.53
1762.67
1766.06
1769.09
1771.85
1774.38
1776.75
1779.01
1781.22
1783.4
1785.54
1787.6
1789.53
1791.25
1792.66
1793.67
1794.21
1794.18
1793.52
1792.16
1790.01
1786.88
1782.48
1777.14
1772.77
1110.18
484.519
476.491
567.645
1120.61
1232.24
1116.43
603.329
504.618
595.658
630.116
877.611
1729.6
1742.3
1749.72
1757.06
1762.1
1765.91
1769.04
1771.68
1773.96
1776.04
1778.02
1779.98
1781.97
1784.01
1786.05
1788.04
1789.9
1791.49
1792.71
1793.46
1793.66
1793.23
1792.13
1790.27
1787.49
1783.59
1778.86
1775
873.489
430.492
463.119
1153.13
1269.87
1222.98
1066.25
492.061
373.357
454.524
538.685
625.989
1497.71
1736.1
1749.48
1758.59
1764.09
1767.82
1770.62
1772.77
1774.5
1776.01
1777.49
1779.06
1780.78
1782.66
1784.68
1786.76
1788.79
1790.62
1792.1
1793.1
1793.53
1793.34
1792.5
1790.95
1788.56
1785.15
1781.03
1777.73
568.734
453.895
748.347
1229.89
1256.15
928.522
441.327
348.785
307.166
337.811
395.595
499.545
969.412
1501.26
1731.33
1766.18
1772.97
1775.62
1776.54
1776.75
1776.78
1776.9
1777.34
1778.19
1779.49
1781.22
1783.29
1785.56
1787.92
1790.17
1792.05
1793.34
1794
1794.02
1793.4
1792.13
1790.12
1787.23
1783.75
1781.03
521.607
544.098
1005.59
1229.83
1120.37
340.418
309.051
302.404
299.151
300.203
303.711
408.793
602.183
738.808
1046.76
1417.75
1630.65
1724.27
1778.2
1778.69
1777.7
1776.63
1776.17
1776.46
1777.53
1779.41
1781.89
1784.56
1787.42
1790.29
1792.68
1794.29
1795.14
1795.32
1794.89
1793.86
1792.2
1789.86
1787.05
1784.96
534.748
570.741
1104.36
1187.48
628.68
302.59
301.143
300.212
299.609
299.725
299.966
311.106
412.866
426.096
412.457
488.963
668.449
848.812
1033.9
1215.74
1356.89
1469.26
1567.03
1646.54
1697.31
1735.23
1773.48
1780.17
1786.56
1792.43
1795.61
1796.81
1797.34
1797.43
1797.05
1796.2
1794.87
1793.06
1790.98
1789.54
531.037
562.637
1119.04
1103.5
435.355
299.961
299.562
299.503
299.367
299.27
299.244
299.662
310.035
400.209
340.218
320.724
309.17
308.797
320.532
349.595
396.537
460.35
541.426
659.424
743.518
820.209
915.248
1076.6
1274.54
1634.99
1799.35
1801.25
1800.75
1800.32
1799.86
1799.14
1798.15
1796.89
1795.55
1794.76
521.369
530.811
1005.14
1034.29
375.677
298.9
298.843
298.857
298.819
298.77
298.765
298.956
317.813
408.699
378.206
311.195
301.359
301.808
302.142
303.152
304.488
308.66
321.213
331.115
328.856
312.079
305.576
318.426
368.378
780.925
1633.96
1804.74
1804.63
1803.67
1803.12
1802.44
1801.85
1801.21
1800.74
1800.53
505.618
501.124
843.111
1035.53
356.175
298.226
298.353
298.369
298.35
298.324
298.302
298.324
339.64
407.89
401.8
313.044
301.117
301.424
301.677
302.256
303.117
304.036
327.049
338.257
319.626
305.254
302.477
302.816
304.848
381.366
1403.95
1807.03
1808.38
1807.38
1806.79
1806.43
1806.23
1806.12
1806.46
1806.78
485.317
479.84
791.736
1083.05
418.165
297.792
298.026
298.019
297.992
297.975
297.986
297.942
336.673
405.682
353.372
304.247
300.884
301.182
301.445
301.565
319.231
345.771
354.696
355.281
350.396
305.562
301.971
301.984
302.175
466.346
1523.06
1809.94
1811.25
1811.07
1810.88
1810.94
1811.16
1811.67
1812.57
1813.34
464.007
465.748
802.282
1131.85
616.791
297.447
297.791
297.772
297.737
297.726
297.93
300.044
315.61
319.258
301.06
299.538
299.951
300.284
302.017
336.049
354.374
354.614
355.039
355.53
342.075
304.019
301.56
301.579
301.399
1038.72
1800.54
1813.91
1814.81
1815.2
1815.54
1816.08
1816.64
1817.62
1818.89
1820.03
438.342
552.002
828.05
1149.21
909.099
297.091
297.62
297.605
297.56
297.574
298.431
300.307
298.569
298.323
297.972
298.032
298.55
306.246
339.47
354.315
354.484
354.729
355.202
339.717
306.162
301.309
301.133
301.142
761.364
1743.49
1819.56
1820.1
1820.54
1820.69
1821.22
1821.81
1822.54
1823.68
1825.27
1826.67
533.813
1005.8
788.277
1146.97
1185.14
296.823
297.562
297.524
297.431
297.538
297.975
297.783
297.468
297.51
297.451
297.441
297.6
310.79
352.291
352.89
319.797
320.106
313.694
302.255
300.413
300.506
310.734
829.665
1719.55
1827.4
1826.88
1827.15
1827.11
1827.11
1827.3
1827.73
1828.5
1829.77
1831.52
1833.04
400.158
1107.05
773.152
1068.11
1411.09
766.55
297.163
297.354
297.256
297.256
297.227
297.228
297.249
297.268
297.251
297.204
297.151
306.405
336.969
318.217
298.905
299.269
299.381
299.353
299.364
457.068
1139.22
1773.97
1836.84
1835.32
1834.83
1834.27
1833.74
1833.44
1833.43
1833.74
1834.45
1835.71
1837.47
1836.77
347.809
1143.86
1267.26
881.143
1396.07
1309.65
296.017
297.01
297.022
296.97
297.008
297.063
297.102
297.123
297.123
297.093
297.053
298.739
298.411
298.174
298.358
298.447
298.293
398.366
856.533
1528.5
1838.29
1847.01
1844.99
1843.55
1842.15
1840.98
1840.14
1839.62
1839.43
1839.6
1840.19
1841.34
1841.79
1840.12
338.121
928.127
1399.46
810.501
1374.82
1778.43
869.633
296.46
296.853
296.978
297.08
297.131
297.153
297.16
297.163
297.148
297.114
297.099
297.183
297.32
297.343
440.79
837.165
1418.16
1796.99
1860.59
1856.87
1854.49
1852.29
1850.22
1848.47
1847.1
1846.08
1845.4
1845.06
1845.08
1845.52
1845.96
1843.66
1844.72
315.933
679.045
1465.85
811.658
1198.56
1788.51
1786.58
900.426
293.886
295.866
296.66
296.95
297.059
297.09
297.106
297.05
296.84
296.485
381.116
624.71
1050.66
1500.06
1799.41
1873.05
1868.78
1865.77
1863.01
1860.3
1857.8
1855.65
1853.88
1852.46
1851.37
1850.59
1850.14
1850.02
1849.79
1846.99
1847.69
1848.63
287.473
565.423
1494.69
812.174
878.644
1806.44
1796.14
1790.48
1295.16
695.741
456.291
382.581
354.669
349.524
413.824
516.923
705.449
1015.91
1392.54
1705.95
1862.15
1883.28
1879.03
1875.81
1872.84
1869.85
1866.97
1864.34
1862.04
1860.07
1858.4
1857.02
1855.92
1855.1
1854.55
1854.33
1852.07
1850.47
1851.21
1853.83
259.431
457.815
1553.88
1023.31
537.749
1676.44
1811.71
1814.39
1814.51
1737.51
1597.87
1487.19
1429.5
1420.39
1534.73
1656.15
1780.53
1868.68
1890.45
1887.44
1884.9
1882.44
1879.84
1877.11
1874.38
1871.76
1869.36
1867.19
1865.25
1863.53
1862.04
1860.76
1859.71
1858.89
1858.31
1857.99
1855.52
1853.72
1855.65
1858.47
223.607
349.858
1563.72
1209.91
483.174
1426.97
1836.04
1835.69
1840.04
1846.18
1855.73
1866.06
1873.84
1879.31
1882.91
1884.63
1885.13
1885.02
1884.52
1883.56
1882.15
1880.39
1878.44
1876.43
1874.46
1872.58
1870.75
1868.7
1867.32
1866.14
1864.89
1863.76
1862.79
1862
1861.39
1860.89
1859.71
1860.21
1860.71
1860.45
182.586
292.568
1569.3
1354.02
470.714
1121.83
1849.47
1846.33
1849.04
1852.6
1857
1861.77
1866.35
1870.37
1873.68
1876.09
1877.65
1878.5
1878.74
1878.5
1877.91
1877.09
1876.11
1875.04
1873.9
1872.61
1871.03
1869.8
1868.65
1868.03
1867.08
1866.11
1865.24
1864.49
1863.86
1863.2
1862.69
1862.74
1862.47
1861.78
137.111
351.044
1572.92
1498.79
450.07
771.427
1855.84
1854.66
1852.52
1852
1854.8
1857.66
1860.74
1863.73
1866.41
1868.65
1870.4
1871.72
1872.66
1873.28
1873.63
1873.76
1873.68
1873.44
1872.82
1871.92
1871.29
1870.57
1869.8
1869.58
1868.75
1867.93
1867.15
1866.42
1865.74
1865.01
1864.55
1864.22
1863.58
1862.83
103.867
446.885
1632.11
1497.38
436.306
860.59
1758.97
1795.12
1675.63
1848.77
1849.99
1852.19
1854.69
1857.24
1859.7
1861.96
1863.98
1865.77
1867.33
1868.67
1869.79
1870.7
1871.37
1871.64
1871.47
1871.52
1871.39
1871.09
1871.02
1870.7
1869.85
1869.15
1868.61
1867.87
1867.15
1866.45
1865.88
1865.25
1864.6
1863.82
88.2547
526.791
1617.94
1488.35
543.286
1291.44
1751.22
1426.74
1241.05
1843.7
1844.3
1846.62
1849.07
1851.55
1853.95
1856.27
1858.5
1860.65
1862.69
1864.61
1866.37
1867.93
1869.26
1869.94
1870.57
1871.13
1871.44
1871.99
1871.94
1871.41
1870.85
1870.21
1869.56
1868.97
1868.17
1867.4
1866.64
1865
1865.18
1864.52
92.496
554.14
1589.58
1594.61
1085.1
923.234
1724.52
1412.79
1194.23
1670.6
1837.76
1840.76
1843.55
1846.19
1848.79
1851.18
1853.58
1856.01
1858.48
1860.92
1863.27
1865.45
1867.4
1868.83
1869.84
1870.97
1872.09
1872.58
1872.63
1872.2
1871.78
1871.16
1870.5
1869.79
1868.8
1866.29
1864.21
1861.28
1865.47
1864.64
77.7829
249.916
1472.74
1577.98
1127
874.515
1133.62
1490.22
1180.57
1254.87
1838.3
1838.82
1840.61
1842.59
1844.68
1846.79
1849.08
1851.65
1854.47
1857.42
1860.37
1863.16
1865.72
1867.94
1869.8
1871.3
1872.39
1873.04
1873.29
1873.13
1872.71
1872.15
1871.38
1870.43
1869.41
1848.88
1793.82
1864.68
1865.6
1864.61
37.6246
32.1265
513.891
1325.24
1355.21
1273.16
854.865
1480.9
1473.93
1165.84
1472.85
1834.91
1836.56
1838.35
1840.1
1841.91
1844.03
1846.77
1850.06
1853.7
1857.39
1860.9
1864.09
1866.92
1869.33
1871.23
1872.55
1873.35
1873.7
1873.67
1873.3
1872.61
1871.65
1870.59
1869.6
1840.98
1755.37
1865.79
1865.47
1864.46
8.3734
10.7645
2.97136
63.9816
905.605
1277.56
1212.63
1082.88
1304.45
1241.77
1242.17
1545.98
1836.92
1835.61
1835.49
1835.97
1837.36
1840.21
1844.37
1849.18
1854.02
1858.39
1862.19
1865.56
1868.44
1870.62
1871.97
1872.65
1872.86
1872.56
1871.52
1870.86
1870.62
1868.37
1855.82
1820.81
1761.61
1865.05
1845.37
1832.84
1.84414
1.78082
2.16587
1.30368
0.792417
13.9307
615.41
461.148
818.87
1382.65
1416.51
1464.1
1557.68
1807.11
1828.88
1826.1
1825.84
1829.28
1835.53
1842.8
1849.37
1854.23
1857.77
1861.29
1864.84
1867.56
1869.1
1869.97
1870.56
1868.88
1857.03
1819.28
1667.37
1359.1
1146.1
1106.49
1175.04
1028.92
816.707
742.497
0.839211
1.05014
1.02585
0.956214
0.815702
0.734305
0.543498
2.02155
-1.82435
810.685
1423.19
1398.53
1445.38
1664.53
1814.56
1807.21
1802.83
1808.5
1818.69
1830.05
1839.89
1845.42
1849.12
1857.07
1868.1
1876.06
1717.49
1495.28
1275.77
1026.34
799.446
617.92
500.627
428.808
313.475
157.33
61.7647
-0.023627
0.0953668
-0.0266103
0.505697
0.703893
0.690008
0.650191
0.597924
0.540254
0.473354
0.371744
0.317948
15.9481
199.636
803.941
1538.86
1761.19
1792.75
1768.27
1756.86
1770.51
1787.94
1808.93
1845.46
1812.57
1049.22
623.138
390.749
214.885
112.181
39.705
-0.394367
-0.233743
-0.1259
-0.0654048
-0.0566475
-0.122269
-0.149249
11.15
-0.0522034
0.0262852
0.0728906
0.0155368
-0.0586248
0.342054
0.448387
0.496473
0.482639
0.451899
0.440808
0.459333
0.513624
0.527126
0.37675
18.11
179.294
1075.63
1729.23
1593.45
1552.57
1634.78
1743.52
673.23
240.81
97.0687
4.72722
-0.044401
0.271042
0.171036
0.0423518
0.000579635
0.0254185
0.0581151
0.0877846
0.097892
0.0779115
0.0524463
0.0260762
0.00514431
-0.0150004
0.937026
0.631559
0.117778
-3.2277
-0.531276
0.0153769
0.268707
0.27337
0.262118
0.276382
0.31187
0.284243
-0.151975
-0.790995
-2.37762
-7.52326
3.08204
125.481
829.138
1282.39
367.361
67.506
-22.7697
-9.2692
-3.41776
-1.03407
-0.192731
0.170513
0.262174
0.221258
0.135419
0.0498733
0.0236765
0.0457221
0.0385946
0.0309535
0.0189322
0.0285183
-0.0140856
-0.0375987
-0.079215
-0.0669613
0.0563665
1859.33
1859.36
1859.1
1858.51
1856.24
1855.17
1853.81
1852.38
1850.93
1849.49
1848.13
1846.9
1845.86
1845.08
1844.63
1844.6
1845.09
1846.17
1847.96
1850.54
1853.99
1858.32
1863.57
1869.8
1877.08
1885.42
1894.58
1904.32
1914.38
1924.49
1934.41
1943.88
1952.73
1960.76
1967.83
1973.85
1978.71
1982.36
1984.78
1985.95
1863.76
1861.14
1859.72
1862.41
1862.18
1861.72
1861.28
1860.68
1859.91
1859.03
1858.08
1857.12
1856.18
1855.3
1854.54
1853.95
1853.57
1853.49
1853.76
1854.49
1855.76
1857.71
1860.41
1864
1868.64
1874.09
1880.29
1887.11
1894.39
1901.94
1909.53
1916.95
1924.02
1930.55
1936.4
1941.44
1945.57
1948.73
1950.85
1951.85
1869.92
1863.87
1863.53
1864.34
1864.62
1865.05
1865.45
1865.67
1865.67
1865.48
1865.05
1864.56
1863.93
1863.27
1862.64
1861.91
1861.21
1860.58
1860.05
1859.67
1859.52
1859.69
1860.29
1861.44
1863.25
1865.74
1868.88
1872.62
1876.86
1881.46
1886.27
1891.11
1895.84
1900.29
1904.34
1907.86
1910.76
1912.97
1914.42
1915.04
1874.51
1871.65
1867.87
1866.16
1865.88
1866.16
1866.58
1866.95
1867.17
1867.22
1867
1866.69
1866.21
1865.57
1864.79
1863.93
1863.05
1862.04
1861.01
1860.03
1859.19
1858.6
1858.38
1858.66
1859.5
1860.9
1862.79
1865.1
1867.74
1870.64
1873.72
1876.86
1879.96
1882.91
1885.61
1887.95
1889.87
1891.3
1892.17
1892.46
1877.38
1874.23
1870.01
1867.77
1867.02
1866.98
1867.18
1867.34
1867.32
1867.22
1867.04
1866.59
1866.07
1865.33
1864.39
1863.28
1862.17
1860.77
1859.36
1857.98
1856.77
1855.92
1855.65
1856.13
1857.35
1859
1860.88
1862.85
1864.81
1866.73
1868.63
1870.51
1872.34
1874.06
1875.63
1876.97
1878.02
1878.73
1879.05
1878.94
1878.56
1875.66
1871.74
1869.51
1868.61
1868.39
1868.24
1867.43
1866.79
1866.16
1866.02
1865.66
1864.86
1863.78
1862.54
1861.2
1859.51
1857.57
1855.57
1853.68
1852.15
1851.34
1851.83
1854.11
1857.98
1861.78
1864.46
1866.27
1867.59
1868.62
1869.42
1870.08
1870.66
1871.19
1871.65
1872.01
1872.23
1872.24
1872.02
1871.52
1878.15
1876.35
1873.28
1871.46
1870.63
1870.33
1868.94
1855.45
1848.46
1860.12
1866.42
1864.66
1863.26
1861.8
1860.05
1857.96
1855.45
1852.6
1849.52
1846.42
1843.65
1841.84
1841.65
1845.82
1856.27
1871.89
1880.21
1881.36
1879.27
1877.26
1875.85
1874.7
1873.69
1872.82
1872.06
1871.39
1870.74
1870.07
1869.31
1868.43
1876.28
1876.56
1874.74
1873.66
1873.13
1872.84
1871.14
1846.89
1843.65
1841.28
1845.45
1853.47
1862.65
1860.19
1857.07
1853.95
1850.29
1845.87
1840.49
1833.91
1826.05
1815.92
1790.99
1769.46
1762.69
1806.01
1868.6
1904.78
1902.55
1893.93
1887.41
1883.13
1879.96
1877.39
1875.28
1873.51
1872
1870.66
1869.42
1868.2
1873.09
1876.86
1876.36
1876.1
1875.94
1875.71
1874.79
1858.59
1840.97
1840.31
1838.29
1835.05
1833.82
1842.48
1853.72
1851.87
1846.19
1839.96
1832.18
1821.98
1807.75
1788.67
1762.99
1692.79
1668.91
1673.21
1699.52
1824.65
1906.68
1907.55
1898.05
1890.8
1886
1882.31
1879.24
1876.66
1874.49
1872.65
1871.05
1869.62
1871.41
1877.1
1878.06
1878.65
1878.88
1878.79
1878.35
1876.78
1863.29
1843.93
1836.19
1834.35
1831.3
1827.2
1821.82
1829.41
1844.37
1839.62
1830.83
1820.14
1806.47
1787.96
1769.29
1738.21
1642.97
1640.61
1642.37
1666.46
1827.62
1909.2
1907.07
1897.53
1890.85
1886.35
1882.75
1879.72
1877.17
1875.05
1873.27
1871.75
1870.19
1877.27
1879.82
1881.22
1881.87
1881.95
1881.54
1880.73
1879.76
1875.18
1861.72
1846.83
1832.56
1824.57
1820.88
1815.42
1816.4
1839.67
1833.56
1822.88
1811.61
1798.19
1782.87
1775.49
1725.22
1619.37
1612.6
1606.31
1673.75
1876.31
1910.35
1903.02
1894.22
1888.82
1885.04
1881.93
1879.31
1877.16
1875.39
1873.96
1870.44
1878.03
1881.54
1883.63
1884.67
1884.94
1884.58
1883.64
1882.17
1880.23
1877.97
1874.74
1869.2
1858.07
1835.26
1813.64
1817.39
1841.44
1836.85
1827.39
1813.66
1802.48
1793.01
1786.81
1789.47
1666.76
1582.21
1576.84
1584.41
1747.94
1896.81
1902.92
1894.74
1888.9
1885.4
1882.7
1880.41
1878.51
1876.99
1875.8
1875.5
1879.28
1883.24
1885.87
1887.21
1887.61
1887.28
1886.31
1884.73
1882.57
1879.86
1876.65
1872.92
1868.53
1862.44
1849.98
1845.29
1842.84
1838.34
1830.18
1817.88
1807.85
1798.6
1796.11
1792.75
1661.64
1556.55
1555.15
1557.64
1632.03
1865.3
1895.43
1892.18
1886.98
1884.07
1882.11
1880.44
1879.02
1877.91
1877.11
1877.23
1880.92
1885.11
1888
1889.49
1889.97
1889.65
1888.63
1886.99
1884.77
1882.01
1878.7
1874.84
1870.38
1865.3
1859.79
1853.94
1847.51
1840.88
1833.47
1825.16
1812.79
1806.11
1799.56
1773.16
1602.56
1536.56
1536.4
1536.42
1562.84
1788.67
1886.35
1889.65
1885.02
1882.29
1880.87
1879.78
1878.89
1878.24
1877.87
1879.24
1882.93
1887.14
1890.06
1891.56
1892.03
1891.69
1890.65
1888.99
1886.77
1884.02
1880.78
1877.04
1872.81
1868.07
1862.88
1857.3
1851.28
1844.77
1837.73
1830.14
1821.71
1812.55
1803.7
1718.98
1536.8
1519.72
1520.72
1519.56
1527.55
1724.77
1878.94
1886.48
1882.56
1880.07
1879.09
1878.54
1878.16
1877.99
1878.08
1881.5
1885.35
1889.44
1892.15
1893.5
1893.87
1893.48
1892.42
1890.79
1888.64
1886.01
1882.93
1879.41
1875.47
1871.1
1866.32
1861.14
1855.53
1849.46
1842.91
1835.77
1827.62
1818.33
1811.43
1656.47
1514.28
1512.34
1512.45
1512.14
1513.36
1668.79
1870.47
1880.57
1878.52
1876.92
1876.59
1876.63
1876.81
1877.16
1877.74
1879.22
1887.58
1892.37
1894.53
1895.52
1895.66
1895.14
1894.06
1892.48
1890.46
1888.02
1885.2
1882
1878.44
1874.53
1870.26
1865.62
1860.61
1855.2
1849.37
1842.97
1835.51
1827.25
1815.85
1602.71
1509.27
1508.51
1508.37
1508.37
1508.8
1627.96
1863.86
1873.72
1873.74
1873.34
1873.69
1874.3
1875
1875.84
1876.9
1883.49
1890
1895.74
1897.14
1897.62
1897.44
1896.76
1895.65
1894.14
1892.29
1890.12
1887.64
1884.86
1881.79
1878.43
1874.78
1870.83
1866.59
1862.07
1857.24
1851.95
1845.95
1840.61
1803.87
1550.7
1504.44
1504.63
1504.85
1504.86
1504.87
1608.05
1859.55
1868.99
1869.79
1870.14
1870.89
1871.83
1872.9
1874.11
1875.55
1888.83
1895.16
1899.41
1899.91
1899.8
1899.26
1898.4
1897.25
1895.85
1894.21
1892.36
1890.29
1888.01
1885.51
1882.79
1879.84
1876.67
1873.27
1869.67
1865.81
1861.47
1857
1855.79
1719.97
1504.27
1500.71
1501.33
1501.68
1501.69
1501.39
1600.43
1860.18
1865.33
1866.18
1867.03
1868
1869.12
1870.42
1871.9
1873.61
1899.54
1901.9
1903.26
1902.8
1902.05
1901.14
1900.09
1898.92
1897.65
1896.28
1894.8
1893.2
1891.49
1889.63
1887.62
1885.44
1883.08
1880.55
1877.8
1874.59
1870.95
1869.09
1821.8
1527.68
1497.99
1498.55
1499.01
1499.3
1499.28
1498.71
1620
1865.81
1861.84
1862.57
1863.75
1864.83
1866.05
1867.49
1869.15
1871.02
1910.11
1908.99
1907.52
1905.97
1904.52
1903.18
1901.92
1900.73
1899.61
1898.53
1897.47
1896.41
1895.33
1894.18
1892.96
1891.63
1890.18
1888.55
1886.5
1883.9
1882.41
1853.57
1596.27
1496.33
1496.7
1497.09
1497.42
1497.64
1497.67
1496.95
1668.46
1865.1
1857.18
1858.27
1859.85
1861.07
1862.41
1864.01
1865.8
1867.78
1917.14
1914.92
1911.97
1909.29
1907.12
1905.34
1903.88
1902.68
1901.73
1900.98
1900.39
1899.92
1899.53
1899.19
1898.85
1898.48
1898
1897.17
1895.71
1894.95
1885.1
1636.05
1495.23
1495.49
1495.8
1496.07
1496.31
1496.56
1496.79
1495.9
1705.06
1857.73
1848.93
1851.95
1854.63
1856.38
1858.08
1859.94
1861.9
1863.93
1924.08
1920.75
1916.41
1912.65
1909.78
1907.58
1905.92
1904.74
1903.98
1903.59
1903.51
1903.69
1904.08
1904.63
1905.3
1906.01
1906.48
1906.32
1906.49
1908.18
1680.54
1494.37
1494.51
1494.77
1495
1495.18
1495.34
1495.55
1495.69
1501.15
1727.99
1846.98
1839.71
1845.08
1848.97
1851.37
1853.52
1855.65
1857.73
1859.74
1930.59
1926.25
1920.65
1915.9
1912.39
1909.81
1907.99
1906.84
1906.29
1906.28
1906.75
1907.63
1908.89
1910.47
1912.31
1914.18
1915.61
1917.06
1923.4
1743.23
1494.18
1493.91
1494.01
1494.17
1494.3
1494.41
1494.53
1494.5
1493.3
1541.34
1725.37
1833.69
1831.8
1839.09
1843.81
1846.8
1849.31
1851.6
1853.68
1855.53
1936.32
1931.12
1924.46
1918.88
1914.82
1911.92
1909.97
1908.88
1908.56
1908.94
1909.98
1911.61
1913.82
1916.58
1919.75
1922.9
1926.02
1932.82
1842.34
1524.59
1493.06
1493.41
1493.53
1493.63
1493.8
1494.04
1494.17
1493.19
1488.91
1585.9
1701.74
1823.75
1827.41
1835.3
1840.28
1843.52
1846.12
1848.31
1850.16
1851.68
1940.94
1935.09
1927.65
1921.43
1916.95
1913.81
1911.78
1910.74
1910.64
1911.39
1912.96
1915.33
1918.51
1922.47
1926.96
1931.55
1937.93
1931.04
1640.59
1492.72
1492.75
1492.88
1493.01
1493.15
1493.37
1493.69
1493.56
1500.29
1614.4
1577.94
1687.74
1829.09
1830.75
1836.11
1840.02
1842.64
1844.64
1846.25
1847.53
1848.47
1944.23
1937.97
1930.04
1923.43
1918.68
1915.38
1913.29
1912.31
1912.36
1913.4
1915.41
1918.41
1922.45
1927.52
1933.3
1939.74
1950.87
1874.15
1533.52
1492.21
1492.42
1492.47
1492.52
1492.64
1492.76
1492.51
1528.79
1731.42
1761.43
1590.88
1675.52
1845.56
1839.71
1841.08
1842.85
1843.96
1844.76
1845.37
1845.81
1845.98
1946.02
1939.63
1931.53
1924.78
1919.91
1916.53
1914.4
1913.43
1913.55
1914.74
1917.01
1920.41
1925.07
1931.06
1938.25
1946.97
1961.83
1885.08
1536.55
1491.88
1492.23
1492.35
1492.31
1492.19
1491.65
1492.61
1836.55
1868.86
1732.65
1590.42
1680.75
1856.49
1847.14
1846.21
1846.14
1845.8
1845.43
1845.07
1844.66
1844.06
1946.31
1940.03
1932.08
1925.42
1920.58
1917.19
1915.02
1913.98
1914.04
1915.16
1917.36
1920.71
1925.35
1931.47
1939.19
1948.87
1962.61
1960.56
1692.3
1487.41
1490.87
1491.18
1490.24
1489.09
1672.92
1895.71
1870.03
1837.33
1596.18
1582.59
1704.62
1855.17
1849.26
1848.49
1847.82
1846.85
1845.84
1844.84
1843.78
1842.53
1945.18
1939.23
1931.7
1925.33
1920.63
1917.28
1915.06
1913.89
1913.71
1914.49
1916.21
1918.9
1922.59
1927.38
1933.38
1940.67
1949.51
1960.63
1949.84
1775.3
1612.85
1577.36
1648.53
1793.56
1871.15
1861.02
1865.62
1825.97
1574.75
1559.51
1717.99
1853.53
1850.97
1850.22
1849.15
1847.79
1846.35
1844.85
1843.26
1841.47
1942.74
1937.38
1930.45
1924.51
1920.06
1916.79
1914.53
1913.18
1912.69
1913
1914.04
1915.76
1918.11
1921.01
1924.34
1927.93
1931.32
1933.92
1934.75
1930.35
1904.35
1879.88
1869.35
1859.25
1858.82
1866.58
1873.62
1826.94
1570.7
1546.94
1723.47
1855.01
1853.49
1852.35
1850.83
1849.06
1847.2
1845.24
1843.17
1840.92
1939.42
1934.64
1928.43
1923.02
1918.86
1915.73
1913.45
1911.95
1911.16
1911
1911.42
1912.31
1913.59
1915.14
1916.78
1918.31
1919.38
1919.41
1917.45
1912.35
1903.64
1892.52
1882.66
1877.73
1876.59
1876.03
1875.18
1798.09
1536.12
1539.7
1753.8
1857.89
1856.2
1854.77
1852.86
1850.69
1848.4
1846.03
1843.55
1840.9
1935.41
1931.22
1925.75
1920.89
1917.07
1914.09
1911.83
1910.21
1909.18
1908.64
1908.54
1908.77
1909.25
1909.86
1910.45
1910.85
1910.84
1910.13
1908.36
1905.07
1900.12
1894.25
1888.52
1883.59
1879.33
1875.08
1870.32
1749.25
1491.08
1540.59
1838.5
1865.94
1861.86
1858.88
1855.92
1853.01
1850.16
1847.32
1844.44
1841.42
1930.92
1927.31
1922.53
1918.21
1914.72
1911.93
1909.71
1908.02
1906.8
1905.97
1905.48
1905.23
1905.14
1905.11
1905.04
1904.78
1904.19
1903.1
1901.36
1898.82
1895.51
1891.68
1887.63
1883.71
1879.95
1875.91
1871.65
1681.57
1480.76
1542.72
1874.87
1868.95
1864.92
1861.41
1858.09
1854.91
1851.81
1848.72
1845.6
1842.36
1926.17
1923.07
1918.9
1915.05
1911.88
1909.26
1907.11
1905.4
1904.06
1903.04
1902.27
1901.7
1901.24
1900.82
1900.36
1899.77
1898.94
1897.79
1896.21
1894.19
1891.75
1889
1886.13
1883.28
1880.32
1877.08
1867.67
1602.39
1473.48
1580.25
1870.44
1868.09
1865.63
1862.63
1859.53
1856.46
1853.37
1850.24
1847.03
1843.67
1921.39
1918.6
1914.93
1911.5
1908.6
1906.15
1904.09
1902.38
1900.98
1899.84
1898.91
1898.14
1897.47
1896.84
1896.18
1895.45
1894.57
1893.49
1892.16
1890.55
1888.7
1886.67
1884.54
1882.36
1879.84
1877.17
1840.43
1512.36
1465.35
1703.75
1868.19
1867.03
1865.79
1863.53
1860.84
1858.01
1855.05
1851.98
1848.78
1845.41
1916.46
1913.98
1910.71
1907.61
1904.94
1902.65
1900.67
1898.99
1897.57
1896.39
1895.38
1894.51
1893.74
1893.02
1892.3
1891.55
1890.72
1889.77
1888.66
1887.37
1885.87
1884.18
1882.29
1879.93
1876.56
1872.78
1752.44
1451.1
1455.24
1856.56
1875.33
1871.72
1868.97
1866.05
1863.12
1860.19
1857.22
1854.15
1850.97
1847.61
1911.52
1908.9
1906.29
1903.45
1900.97
1898.8
1896.91
1895.28
1893.87
1892.67
1891.65
1890.76
1889.97
1889.25
1888.57
1887.9
1887.2
1886.45
1885.63
1884.73
1883.75
1882.72
1881.6
1880.11
1878.04
1873.15
1609.38
1446.92
1528.74
1875.47
1873.08
1871.73
1869.63
1867.22
1864.72
1862.13
1859.4
1856.51
1853.47
1850.2
1905.07
1902.65
1901.72
1899.07
1896.73
1894.67
1892.86
1891.27
1889.9
1888.72
1887.71
1886.85
1886.1
1885.44
1884.85
1884.3
1883.78
1883.26
1882.74
1882.21
1881.71
1881.26
1880.75
1879.86
1879.35
1829.12
1480.1
1436.05
1752.81
1870.35
1870.84
1871.14
1870.08
1868.41
1866.46
1864.27
1861.85
1859.21
1856.35
1853.24
1899.82
1897.79
1896.9
1894.51
1892.26
1890.28
1888.54
1887.01
1885.69
1884.56
1883.59
1882.77
1882.09
1881.53
1881.05
1880.66
1880.32
1880.02
1879.74
1879.49
1879.24
1878.94
1878.23
1876.79
1876.52
1672.12
1442.63
1470.19
1880.85
1875.36
1874.76
1873.87
1872.44
1870.81
1869.03
1867.05
1864.84
1862.4
1859.72
1856.77
1894.95
1892.9
1891.99
1889.66
1887.57
1885.67
1883.99
1882.54
1881.28
1880.21
1879.31
1878.57
1877.98
1877.53
1877.2
1876.98
1876.86
1876.84
1876.91
1877.09
1877.39
1877.71
1877.7
1877.91
1846.29
1508.16
1430.13
1708.71
1873.63
1874.06
1875.09
1874.86
1874.05
1872.98
1871.65
1870.05
1868.15
1865.98
1863.54
1860.78
1891.56
1887.95
1887.08
1884.69
1882.7
1880.87
1879.28
1877.9
1876.71
1875.72
1874.9
1874.25
1873.76
1873.43
1873.24
1873.19
1873.26
1873.46
1873.77
1874.2
1874.69
1874.91
1874.59
1875.88
1697.14
1449.16
1469.87
1880.71
1876.59
1877.16
1877.57
1877.27
1876.7
1875.93
1874.92
1873.61
1872
1870.09
1867.87
1865.32
1886.94
1884.55
1882.13
1879.71
1877.72
1875.97
1874.46
1873.16
1872.05
1871.14
1870.41
1869.84
1869.46
1869.25
1869.21
1869.33
1869.62
1870.1
1870.78
1871.69
1872.71
1873.53
1874.81
1847.52
1524.46
1439.53
1710.49
1873.61
1875.27
1877.7
1878.81
1879.24
1879.33
1879.1
1878.53
1877.6
1876.31
1874.68
1872.72
1870.38
1881.67
1879.51
1876.88
1874.58
1872.67
1871.04
1869.62
1868.4
1867.37
1866.53
1865.87
1865.39
1865.09
1864.97
1865.04
1865.28
1865.72
1866.37
1867.22
1868.22
1869.08
1869.59
1872.03
1697.18
1464.49
1491.99
1881.55
1876.5
1878.61
1880.54
1881.66
1882.42
1882.9
1883.05
1882.83
1882.22
1881.23
1879.86
1878.12
1875.99
1871.92
1873.92
1871.26
1869.44
1867.71
1866.21
1864.89
1863.74
1862.78
1862
1861.39
1860.97
1860.73
1860.68
1860.83
1861.2
1861.81
1862.69
1863.89
1865.29
1866.62
1868.71
1844.27
1536.28
1453.17
1724.75
1872.97
1875.79
1879.72
1882.4
1884.33
1885.83
1886.92
1887.56
1887.74
1887.47
1886.76
1885.63
1884.1
1882.15
1811.8
1855.18
1864.15
1864.93
1863.24
1861.77
1860.48
1859.36
1858.42
1857.67
1857.07
1856.66
1856.42
1856.38
1856.54
1856.92
1857.54
1858.44
1859.59
1860.74
1861.75
1864.88
1702.38
1477.97
1511.74
1878.43
1874.95
1878.93
1882.82
1885.81
1888.3
1890.35
1891.92
1892.96
1893.48
1893.48
1892.98
1892.03
1890.65
1888.84
1797.78
1800.96
1852.91
1861.05
1859.28
1857.78
1856.48
1855.35
1854.4
1853.61
1853
1852.55
1852.28
1852.2
1852.32
1852.67
1853.3
1854.27
1855.52
1856.83
1858.79
1842.87
1557.15
1467.66
1708.3
1869.9
1874.18
1880.33
1885.34
1889.45
1892.91
1895.71
1897.82
1899.26
1900.06
1900.26
1899.91
1899.06
1897.75
1896
1791.53
1789.98
1842.37
1857.35
1855.59
1854.1
1852.81
1851.68
1850.72
1849.9
1849.24
1848.73
1848.36
1848.16
1848.13
1848.31
1848.72
1849.36
1850.07
1850.63
1852.51
1771.51
1480.63
1476.75
1858.53
1870.26
1876.35
1883.37
1889.49
1894.72
1899.08
1902.52
1905.06
1906.76
1907.7
1907.95
1907.59
1906.71
1905.36
1903.56
1785.75
1784.42
1839.54
1853.82
1852.16
1850.76
1849.52
1848.42
1847.45
1846.61
1845.88
1845.28
1844.79
1844.43
1844.22
1844.21
1844.44
1844.9
1845.44
1846.21
1849.11
1654.18
1473.43
1591.04
1862.48
1866.58
1876.08
1885.84
1894.49
1901.59
1907.1
1911.16
1913.96
1915.7
1916.53
1916.6
1916.03
1914.92
1913.36
1911.39
1780.39
1784.86
1841.97
1850.41
1848.99
1847.74
1846.63
1845.61
1844.66
1843.81
1843.02
1842.3
1841.66
1841.1
1840.64
1840.34
1840.24
1840.33
1840.5
1841.33
1836.59
1578.93
1459.57
1678.43
1852.19
1860.4
1874.36
1889.42
1902.23
1911.55
1918.07
1922.42
1925.06
1926.38
1926.7
1926.24
1925.16
1923.59
1921.63
1919.31
1799.31
1830.29
1845.37
1847.08
1846.04
1845.09
1844.17
1843.29
1842.43
1841.58
1840.74
1839.91
1839.09
1838.27
1837.48
1836.74
1836.1
1835.51
1834.9
1835.07
1820.58
1532.98
1447.47
1700.58
1837.92
1847.11
1868.92
1899.11
1919.78
1929.14
1934.42
1937.62
1939.07
1939.15
1938.3
1936.79
1934.81
1932.49
1929.91
1927.08
1843.65
1845.06
1844.67
1844.18
1843.58
1842.95
1842.28
1841.58
1840.83
1840.02
1839.15
1838.23
1837.23
1836.15
1834.97
1833.72
1832.36
1830.83
1829.01
1827.37
1815.93
1534.42
1425.88
1671.41
1813.46
1793.18
1769.51
1835.63
1961.01
1965.51
1961.92
1959.2
1956.88
1954.18
1951.14
1947.91
1944.6
1941.24
1937.84
1934.37
1841.52
1841.72
1841.84
1841.79
1841.65
1841.38
1840.99
1840.5
1839.9
1839.18
1838.33
1837.36
1836.23
1834.94
1833.45
1831.71
1829.66
1827.15
1823.96
1820.06
1813.81
1592.83
1397.21
1530.6
1792.71
1638.46
1168.32
1235.87
1905.37
2005.52
1997
1984.4
1975.64
1969.14
1963.47
1958.28
1953.49
1949.02
1944.79
1940.68
1837.54
1838.75
1839.47
1840
1840.3
1840.4
1840.32
1840.06
1839.64
1839.05
1838.29
1837.36
1836.23
1834.9
1833.33
1831.47
1829.24
1826.54
1823.1
1818.78
1813.54
1734.85
1394.24
1363.31
1717.96
1548.94
888.756
889.029
1232.53
1894.47
2017.76
2003.79
1989.27
1979.57
1972.17
1965.75
1960
1954.79
1950
1945.47
1831.74
1836.36
1837.69
1838.77
1839.51
1839.97
1840.19
1840.19
1839.97
1839.56
1838.95
1838.14
1837.13
1835.92
1834.47
1832.75
1830.71
1828.28
1825.26
1821.47
1817.36
1809.4
1621.73
1363.52
1460.41
1552.5
870.035
865.529
882.147
1380.23
2006.8
2009.44
1994.72
1983.48
1975.62
1969.08
1963.2
1957.86
1952.97
1948.37
1828.8
1833.58
1836.4
1838
1839.15
1839.97
1840.49
1840.74
1840.76
1840.55
1840.13
1839.52
1838.72
1837.74
1836.57
1835.19
1833.56
1831.65
1829.32
1826.55
1823.29
1819.48
1803.8
1441.4
1382.99
1185.85
846.422
853.885
858.188
1065.66
1918.6
1999.09
1990.77
1980.82
1973.83
1968.15
1962.94
1958.1
1953.57
1949.26
1826.66
1828.7
1832.47
1837.16
1839.07
1840.25
1841.06
1841.57
1841.82
1841.83
1841.64
1841.28
1840.76
1840.1
1839.32
1838.41
1837.36
1836.16
1834.79
1833.25
1831.43
1829.08
1826.12
1735.91
1529.72
1114.76
833.57
838.343
839.354
936.936
1741.95
1984.84
1982.4
1974.56
1968.79
1964.23
1960
1955.96
1952.1
1948.34
1824.9
1827.33
1830.37
1833.44
1838.82
1840.66
1841.74
1842.5
1842.98
1843.22
1843.28
1843.19
1842.98
1842.7
1842.36
1841.98
1841.57
1841.16
1840.75
1840.37
1840.03
1839.5
1838.03
1836.77
1751.66
1256.52
836.902
823.253
824.47
866.925
1597.91
1968.45
1969.87
1965.01
1961.08
1957.93
1954.92
1951.9
1948.9
1945.86
1824.67
1826.27
1829.79
1832.99
1838.8
1841.04
1842.38
1843.37
1844.08
1844.56
1844.87
1845.06
1845.19
1845.28
1845.4
1845.55
1845.79
1846.12
1846.59
1847.23
1848.1
1849.14
1849.85
1850.08
1850.37
1624.52
979.742
808.622
811.922
825.529
1441.44
1952.68
1956.27
1954.25
1952.19
1950.43
1948.6
1946.62
1944.5
1942.24
1826.37
1828.75
1831.34
1835.63
1838.9
1841.24
1842.84
1844.06
1844.99
1845.71
1846.28
1846.76
1847.21
1847.69
1848.24
1848.9
1849.72
1850.72
1851.95
1853.43
1855.21
1857.34
1859.63
1861.66
1865.04
1858.54
1367.28
793.999
794.132
797.294
1259.91
1938.82
1943.68
1943.75
1943.2
1942.62
1941.82
1940.74
1939.44
1937.89
1825.09
1828.54
1832.72
1836.29
1839.01
1841.24
1843.05
1844.49
1845.64
1846.59
1847.41
1848.18
1848.95
1849.79
1850.75
1851.87
1853.19
1854.75
1856.57
1858.68
1861.09
1863.84
1866.85
1869.79
1872.75
1879.52
1742.71
872.789
771.221
771.135
1065.67
1901.88
1934.53
1935.14
1935.18
1935.3
1935.21
1934.83
1934.16
1933.2
1823.62
1827.3
1831.75
1835.57
1838.57
1840.97
1842.95
1844.59
1845.96
1847.14
1848.22
1849.26
1850.34
1851.51
1852.83
1854.34
1856.09
1858.11
1860.42
1863.04
1865.97
1869.21
1872.78
1876.49
1880.18
1885.33
1883.34
1303.86
750.382
741.091
887.441
1763.4
1923.82
1926.01
1927.1
1928.1
1928.75
1928.98
1928.86
1928.39
1822.01
1825.85
1830.52
1834.54
1837.73
1840.33
1842.5
1844.33
1845.91
1847.31
1848.63
1849.92
1851.27
1852.73
1854.35
1856.19
1858.28
1860.64
1863.32
1866.3
1869.59
1873.18
1877.07
1881.18
1885.36
1890.24
1897.96
1741.49
870.908
729.393
773.066
1540.1
1916.44
1919.01
1920.58
1921.96
1922.97
1923.56
1923.8
1923.68
1820.2
1824.16
1828.99
1833.18
1836.54
1839.31
1841.66
1843.68
1845.44
1847.05
1848.56
1850.07
1851.63
1853.31
1855.16
1857.23
1859.56
1862.18
1865.11
1868.36
1871.93
1875.78
1879.91
1884.24
1888.61
1893.06
1899.04
1891
1253.12
732.251
724.729
1199.4
1906.06
1912.85
1915.02
1916.56
1917.81
1918.63
1919.06
1919.15
1818.15
1822.21
1827.17
1831.5
1835
1837.92
1840.42
1842.59
1844.51
1846.27
1847.93
1849.58
1851.28
1853.09
1855.08
1857.28
1859.75
1862.52
1865.63
1869.09
1872.9
1877.06
1881.55
1886.33
1891.3
1896.36
1902.54
1911.55
1647.69
815.961
730.318
907.18
1841.62
1917.18
1915.39
1914.72
1914.82
1914.99
1915.08
1915
1815.86
1819.98
1825.04
1829.49
1833.07
1836.08
1838.74
1841.04
1843.06
1844.91
1846.65
1848.35
1850.1
1851.94
1853.95
1856.18
1858.68
1861.5
1864.7
1868.31
1872.32
1876.75
1881.56
1886.69
1892.06
1897.45
1903.09
1910.83
1833.25
1007.72
751.673
791.121
1587.43
1917.66
1913.09
1911.69
1911.27
1911.04
1910.89
1910.65
1813.3
1817.48
1822.63
1827.14
1830.78
1833.9
1836.61
1839.01
1841.07
1842.94
1844.67
1846.34
1848.02
1849.79
1851.71
1853.84
1856.27
1859.05
1862.25
1865.94
1870.15
1874.9
1880.2
1886
1892.33
1898.89
1905.48
1913.65
1908.48
1284.06
778.399
790.863
1393.42
1910.52
1905.78
1905.85
1906.11
1906.19
1906.2
1905.99
1810.5
1814.72
1819.92
1824.46
1828.22
1831.38
1834.14
1836.53
1838.58
1840.39
1842.04
1843.59
1845.11
1846.68
1848.38
1850.28
1852.48
1855.04
1858.08
1861.68
1865.93
1870.88
1876.63
1883.23
1890.83
1899.4
1908.69
1920.61
1941.8
1514.95
852.742
831.686
1295.57
1897.91
1895.04
1898.38
1900.4
1901.3
1901.71
1901.64
1807.46
1811.7
1816.91
1821.57
1825.37
1828.56
1831.33
1833.68
1835.67
1837.38
1838.88
1840.23
1841.5
1842.75
1844.07
1845.55
1847.28
1849.36
1851.91
1855.06
1858.91
1863.6
1869.25
1876.01
1884.06
1893.43
1903.54
1915.49
1938.98
1626.74
922.87
885.939
1339.25
1887.13
1885.26
1892.01
1895.75
1897.4
1898.21
1898.32
1804.19
1808.46
1813.71
1818.43
1822.27
1825.48
1828.27
1830.56
1832.48
1834.08
1835.4
1836.49
1837.41
1838.2
1838.95
1839.75
1840.68
1841.88
1843.46
1845.58
1848.41
1852.13
1856.9
1862.97
1870.56
1879.58
1888.92
1899.06
1924.55
1557.72
957.328
942.317
1641.11
1879.1
1881.02
1889.35
1893.5
1895.48
1896.53
1896.78
1800.67
1804.96
1810.31
1815.06
1818.97
1822.25
1825.01
1827.31
1829.19
1830.69
1831.83
1832.64
1833.12
1833.31
1833.27
1833.06
1832.77
1832.54
1832.52
1832.9
1833.88
1835.72
1838.67
1843.1
1849.38
1857.44
1866
1877.62
1907.76
1420.62
987.858
1067.23
1849.76
1866.86
1878.52
1888.38
1892.97
1895.44
1896.81
1897.27
1796.31
1801.1
1806.68
1811.54
1815.53
1818.84
1821.51
1823.86
1825.92
1827.45
1828.47
1829.01
1829.04
1828.53
1827.49
1825.93
1823.93
1821.65
1819.26
1817
1815.12
1813.91
1813.68
1814.89
1818.03
1822.85
1828.28
1841.2
1854.49
1256.89
982.976
1358.37
1856.69
1856.02
1876.51
1888.38
1894.03
1897.12
1898.8
1899.36
1792.25
1797.03
1802.72
1807.71
1811.83
1815.18
1818.16
1820.72
1822.88
1824.62
1825.69
1826.12
1825.82
1824.67
1822.54
1819.36
1815.17
1810.14
1804.53
1798.6
1792.59
1786.75
1781.35
1776.74
1773.25
1770.23
1766.35
1774.97
1731.01
1117.49
944.097
1680.66
1827.8
1852.19
1878.69
1892.4
1898.9
1901.89
1903.03
1902.99
1788.17
1792.78
1798.44
1803.59
1807.84
1811.53
1814.87
1817.8
1820.45
1822.54
1823.99
1824.73
1824.54
1823.15
1820.17
1815.29
1808.44
1799.96
1790.26
1779.64
1768.28
1756.25
1743.57
1730.25
1716.09
1699.36
1678.53
1668.55
1496.86
844.853
1032.87
1823.44
1856.1
1887.07
1904.85
1910.93
1912.73
1912.26
1910.51
1908.18
1783.85
1788.11
1793.8
1799.17
1803.7
1807.81
1811.64
1815.23
1818.6
1821.48
1823.92
1825.73
1826.58
1825.92
1822.89
1816.53
1806.55
1793.68
1778.96
1762.84
1745.28
1726.06
1704.72
1680.64
1652.57
1616.91
1568.59
1516.49
1233.15
428.736
794.374
1718.86
1906.31
1988.92
1989.82
1964.38
1943.59
1930.55
1921.39
1914.22
1777.16
1782.78
1788.78
1794.44
1799.38
1803.9
1808.35
1812.73
1817.21
1821.52
1825.78
1829.87
1833.55
1836.33
1836.57
1830.75
1816.69
1797.21
1776.31
1754.09
1730.09
1704.03
1675.42
1643.3
1605.64
1557.35
1490.72
1412.43
964.771
47.2404
102.214
325.858
882.941
1517.36
2010.3
2009.56
1969.28
1941.1
1924.8
1914.12
1769.76
1776.77
1783.36
1789.33
1794.73
1799.68
1804.77
1810.1
1816.04
1822.58
1830.01
1838.8
1849.92
1864.95
1878.51
1874.2
1841.45
1800.4
1773.19
1749.12
1722.07
1692.49
1661.4
1628.36
1590.96
1545.4
1492.17
1335.04
444.263
6.89164
16.3285
37.4733
74.8976
245.965
1258.46
1929.4
1950.48
1926.49
1909.66
1900.79
1763.15
1770.37
1777.37
1783.6
1789.22
1794.52
1799.88
1805.84
1812.73
1821.04
1831.28
1844.89
1865.01
1895.52
1859.28
1458.93
1110.55
1215.46
1318.85
1392.34
1443.32
1482.67
1539.9
1575.71
1564.16
1493.93
1205.26
563.345
19.6519
13.6208
13.7586
16.721
24.0585
41.5711
257.635
1362.53
1879.46
1896.7
1885.12
1879.43
1755.82
1763.34
1770.64
1776.95
1782.45
1787.57
1792.52
1797.87
1804.08
1811.22
1819.95
1831.92
1849.71
1868.9
1606.02
647.264
253.478
220.02
263.459
322.833
388.643
491.805
688.99
842.354
864.5
656.332
282.16
27.7839
10.9968
10.864
10.9001
11.4377
13.3455
17.7098
38.6051
491.392
1696.18
1855.52
1861.29
1857.77
1747.92
1755.61
1763.13
1769.31
1774.38
1778.8
1782.9
1786.92
1791.07
1795.43
1800.39
1807.54
1817.73
1814.2
1394.6
277.194
107.254
67.7806
52.4706
45.2762
41.3739
40.7844
49.9531
70.8074
65.6589
33.2531
19.1264
10.3464
8.33589
8.44445
8.56534
8.90486
9.75295
11.4903
18.0502
45.0919
743.906
1774.69
1829.28
1836.02
1739.73
1747.23
1755.05
1760.92
1765.38
1768.88
1771.75
1774.18
1776.25
1778.03
1779.78
1782.99
1788.27
1779.04
1348.1
206.165
50.4306
28.8243
20.9849
18.8247
17.8361
17.5356
20.2765
24.3978
18.4321
13.0532
8.94999
6.79795
6.5688
6.75637
6.87902
7.11527
7.75553
9.11101
12.6441
31.1229
261.439
1334.82
1783.96
1814.02
1731.66
1737.41
1746.68
1752.27
1756.03
1758.54
1760.1
1760.85
1760.85
1760.09
1758.67
1757.45
1756.89
1746.16
1399.7
226.688
24.9095
15.7122
11.3999
10.1579
9.76107
9.44967
10.6659
15.1459
10.9769
7.20065
5.84439
5.15005
5.29228
5.41501
5.48501
5.5646
5.9629
7.09509
15.8474
74.9149
87.2047
503.15
1734.68
1794.3
1724.15
1729.27
1737.99
1743.95
1747.06
1748.67
1749.07
1748.39
1746.67
1743.91
1740.11
1735.62
1730.77
1720.44
1533.19
340.505
13.8818
9.87882
7.5698
6.71956
6.41413
6.08611
6.99199
9.6655
9.29184
4.78807
4.40666
4.27522
4.31029
4.33033
4.29126
4.21628
4.15473
4.14044
15.8745
99.5848
109.683
138.17
1147.18
1775.82
1717.79
1722.54
1729.97
1736.57
1739.1
1739.96
1739.5
1737.74
1734.74
1730.56
1725.19
1718.69
1711.11
1700.8
1680.71
662.141
9.31914
7.29547
6.1051
5.27338
5.01619
4.84505
5.01831
16.2216
25.6654
7.75391
3.80114
3.78895
3.68833
3.57575
3.45136
3.32047
3.22625
2.97842
3.02549
83.8222
177.735
37.8483
546.539
1760.01
1715.3
1717.56
1724.18
1730.68
1732.93
1732.71
1731.68
1729.5
1725.65
1720.55
1714.26
1706.75
1697.82
1686.83
1673.5
1153.59
74.4225
5.96274
4.81363
4.21407
4.06726
4.03475
4.07005
26.8672
27.8556
26.7846
9.3263
3.39505
3.18082
2.97975
2.8289
2.75203
2.83199
2.81014
1.79524
80.6403
175.639
10.6485
235.716
1684.18
1711.35
1716.54
1722.28
1726.96
1728.97
1728.31
1726.54
1723.63
1719.55
1713.84
1707.01
1699.1
1689.85
1678.62
1666.32
1616.7
355.673
3.38565
3.75303
3.43844
3.24417
3.17983
3.19418
22.5721
29.8836
30.5064
30.5364
20.5593
6.80621
2.36631
2.12942
2.06768
2.21859
2.34314
1.72579
169.972
179.021
2.20492
77.434
1112.91
1708.92
1714.7
1721.38
1725.83
1727.59
1727.04
1724.36
1720.7
1716
1710.11
1702.84
1694.62
1685.32
1674.13
1660.97
1655.4
1003.73
29.8338
2.98371
2.58028
2.41403
2.33743
2.33041
6.14926
30.7821
31.5061
32.1084
31.428
30.1018
16.0434
1.89721
1.41732
1.54419
1.7333
0.768679
207.763
199.73
8.39043
47.8001
763.723
1708.24
1715.16
1722.71
1727.32
1728.85
1728.09
1725.24
1720.68
1715.13
1708.77
1701.32
1692.72
1683.32
1672.51
1659.15
1648.12
1571.73
272.401
0.969258
1.7178
1.67349
1.5564
1.47776
1.55619
17.5793
32.5664
32.1988
32.1499
32.1445
32.5212
15.5801
1.84371
1.20467
1.50332
0.371649
210.781
153.554
9.70767
32.5385
467.934
1709.89
1718.38
1727.11
1731.76
1732.78
1731.46
1728.35
1723.24
1716.84
1709.5
1701.5
1692.61
1682.74
1671.92
1658.74
1643.9
1647
943.043
9.89033
1.10964
0.99873
0.879518
0.797527
0.747394
1.57586
18.685
33.6482
32.9135
32.1946
31.4741
31.5843
8.10388
1.62587
1.92563
0.364302
210.623
31.7802
3.78556
12.3032
263.175
1714.38
1725.67
1734.48
1738.67
1739.19
1737.23
1733.36
1727.9
1720.55
1712.31
1703.14
1693.5
1683.02
1671.69
1658.69
1642.46
1633.35
1513.22
170.088
-0.245433
0.248022
0.261622
0.227168
0.183398
0.311467
2.87394
14.3463
34.3379
31.9029
31.1222
30.892
12.6947
3.18093
2.95792
0.245536
186.691
-3.98326
-1.30287
-0.373925
128.069
1177.53
1478.31
1725.13
1747.02
1746.62
1744.57
1740.24
1733.92
1726.07
1716.35
1705.99
1694.71
1683.23
1670.7
1657.02
1639.9
1622.47
1628.97
691.467
-1.15214
-0.0293798
-0.0514433
-0.153805
-0.187584
-0.143637
0.234248
2.04385
25.7541
30.6506
30.1489
27.4995
11.0544
6.00554
4.95603
1.4446
144.879
-6.56483
-4.28007
-4.18073
55.8768
25.004
273.704
987.319
1621.75
1753.79
1749.96
1746.34
1740.71
1732.25
1721.81
1709.33
1696.23
1682.5
1668.4
1653.22
1635.15
1613.03
1611.23
1274.94
25.0394
-0.510504
-0.409632
-0.55568
-0.589433
-0.523294
-0.343841
0.0506916
12.6205
29.4961
26.0265
10.1241
7.98956
8.02041
6.17348
138.602
122.907
-5.87175
-4.53516
-4.60899
15.3092
-0.324532
-0.258023
15.4642
449.676
1268.62
1675.68
1728.68
1741.84
1737.54
1726.52
1713.07
1697.18
1680.68
1663.83
1646.35
1626.99
1602.66
1588.95
1519.53
204.515
-1.97494
-1.06079
-1.07139
-1.08817
-1.00777
-0.915481
-1.05207
11.9366
30.2026
7.27253
6.18005
6.99618
5.92293
110.867
136.789
23.5809
-3.1957
-3.28018
-3.60211
5.15577
-0.248498
-0.209737
-0.229658
-0.318764
67.1252
579.972
1341.61
1721.49
1745.38
1728.24
1712.77
1696.07
1676.54
1655.57
1634.33
1612.29
1585.67
1562.55
1572.47
564.359
-2.53764
-1.45536
-1.48212
-1.52588
-1.45735
-1.30792
0.716387
12.1649
7.86016
3.22317
3.64595
3.09495
74.3625
153.012
136.555
-3.54433
-2.19076
-2.36612
-2.59123
-1.79779
-0.196039
-0.182961
-0.150538
-0.122557
-0.172985
-0.387848
60.4064
621.502
1503.64
1749.22
1710.27
1685.98
1663.61
1640.36
1615.1
1588.82
1558.72
1528.19
1552.04
881.534
-3.14765
-1.73664
-1.81837
-1.9469
-1.9189
-1.39343
5.9091
9.99055
0.999443
1.66749
0.940432
2.84889
149.652
157.834
15.5458
-1.64923
-1.57786
-1.71127
-1.75811
-1.83378
-0.136661
-0.142608
-0.134746
-0.107694
-0.0673366
-0.062953
-0.113513
-0.310763
2.38915
539.59
1687.82
1696.44
1637.55
1608.17
1581.32
1552.53
1519.9
1486.22
1510.66
1117.43
7.33736
-2.67873
-2.30182
-2.48804
-2.46779
-0.544107
6.28903
5.87553
0.184852
0.121597
5.42173
137.248
140.655
87.415
-1.28923
-0.68464
-0.906217
-1.03969
-1.05768
-1.16605
-0.0910901
-0.107018
-0.111163
-0.101082
-0.0810782
-0.052258
-0.00555033
0.00800711
-0.0294412
-0.183125
4.85368
474.149
1648.16
1585.25
1523.07
1488.72
1454.47
1420.96
1448.83
1232.82
59.3441
-4.49994
-3.07703
-3.1286
-2.49501
5.85894
5.79224
4.86743
-0.746231
-2.83729
11.4707
134.052
144.477
-2.47248
-0.753999
-0.618793
-0.69844
-0.691135
-0.651825
-0.814483
-0.0783386
-0.0894483
-0.094167
-0.0843213
-0.0709131
-0.0605327
-0.0534713
-0.04746
-0.0256253
-0.0131082
-0.231024
-0.926021
158.911
1155.61
1493.51
1386.93
1331.27
1295.38
1347.77
1168.96
26.999
-4.6996
-3.27544
-3.29604
-1.86333
5.98048
5.76375
1.56714
-1.88558
-0.257963
110.509
129.257
39.2005
-0.913632
-0.213992
-0.202273
-0.287944
-0.318044
-0.273409
-0.371426
-0.0853249
-0.124018
-0.139424
-0.0948522
-0.0573063
-0.0318983
-0.00924492
0.012234
0.0385905
0.100202
0.303398
0.59927
-0.0233153
39.0265
1095.7
1297.69
1108.28
1056.38
1174.62
979.9
-7.27714
-3.35208
-3.00024
-3.01079
-1.44009
4.58553
5.26078
-1.97725
-4.90388
0.760119
101.704
117.456
-2.30745
0.0845509
0.438852
0.412924
0.114012
-0.0387772
-0.0546574
-0.197939
0.0772242
-0.343017
-0.355329
-0.1642
-0.0865548
-0.0492092
-0.00317696
0.0706109
0.171821
0.213096
-0.0365625
-0.461747
-0.761227
-4.14394
65.2561
475.093
1020.54
965.865
1095.67
439.196
-5.21372
-1.80375
-1.72898
-1.82364
-1.33342
-1.02905
-0.747485
-0.898556
-3.85983
28.8192
95.2657
19.7711
-0.85909
0.148469
-0.188373
-0.783315
-0.497399
-0.0560332
-0.181665
-1.75403
)
;

boundaryField
{
    inlet
    {
        type            fixedFluxPressure;
        gradient        nonuniform List<scalar> 10(-0.104915 -0.0703152 -0.0510993 -0.0763111 -0.0758964 -0.0574298 -0.067821 -0.0822796 -0.0709076 -1.10331e-05);
        value           nonuniform List<scalar> 10(2533.88 2525.13 2520.45 2516.29 2513.85 2513.85 2516.29 2520.45 2525.13 2533.88);
    }
    inletWall
    {
        type            fixedFluxPressure;
        gradient        uniform 0;
        value           nonuniform List<scalar> 
30
(
2559.61
2550.35
2540.7
2535.58
2533.88
2094.98
2284.67
2408.97
2509.16
2578.47
1912.15
1939.47
1914.04
1754.84
1635.49
2559.61
2550.35
2540.7
2535.58
2533.88
2094.85
2284.63
2408.95
2509.15
2578.47
1911.24
1938.76
1913.54
1754.29
1635.07
)
;
    }
    bottleWall
    {
        type            fixedFluxPressure;
        gradient        uniform 0;
        value           nonuniform List<scalar> 
290
(
1817.32
1817.1
1822.11
1828.91
1833.43
1836.27
1836.48
1834.94
1832.33
1829.06
1825.42
1821.67
1817.93
1814.27
1810.78
1807.5
1804.22
1799.38
1796.82
1794.71
1795.64
1792.96
1791.86
1791.99
1794.52
1795.54
1796.87
1799.19
1795.38
1769.17
1769.88
1773.63
1777.88
1782.65
1787.93
1793.61
1825.8
1856.54
1861.55
1865.28
1867.51
1867.92
1866.26
1862.37
1856.3
1848.29
1838.76
1828.32
1817.58
1807.18
1795.08
1784.63
1777.48
1771.7
1767.3
1764.2
1763.32
1765.51
1765.29
1764.91
1765.08
1766.27
1766.9
1767.57
1768.44
1769.56
1770.98
1772.77
1775
1777.73
1781.03
1784.96
1789.54
1794.76
1800.53
1806.78
1813.34
1820.03
1826.67
1833.04
1836.77
1840.12
1844.72
1848.63
1853.83
1858.47
1860.45
1861.78
1862.83
1863.82
1864.52
1864.64
1864.61
1864.46
1832.84
742.497
-0.0266103
0.0155368
0.117778
0.0563665
1934.84
1924.8
1914.34
1903.62
1892.81
1882.1
1871.68
1861.75
1852.49
1844.07
1836.66
1830.15
1824.48
1819.59
1815.49
1812.15
1809.5
1807.47
1805.99
1804.98
1804.37
1804.09
1804.09
1804.32
1804.75
1805.34
1806.08
1806.93
1807.89
1808.93
1810.03
1811.18
1812.35
1813.53
1814.57
1817.55
1818.27
1816.21
1816.9
1817.32
1985.91
1984.86
1982.82
1979.81
1975.86
1971.02
1965.34
1958.87
1951.67
1943.81
1859.33
1859.36
1859.1
1858.51
1856.24
1855.17
1853.81
1852.38
1850.93
1849.49
1848.13
1846.9
1845.86
1845.08
1844.63
1844.6
1845.09
1846.17
1847.96
1850.54
1853.99
1858.32
1863.57
1869.8
1877.08
1885.42
1894.58
1904.32
1914.38
1924.49
1934.41
1943.88
1952.73
1960.76
1967.83
1973.85
1978.71
1982.36
1984.78
1985.95
1859.33
1863.76
1869.92
1874.51
1877.38
1878.56
1878.15
1876.28
1873.09
1871.41
1870.19
1870.44
1875.5
1877.23
1879.24
1881.5
1879.22
1883.49
1888.83
1899.54
1910.11
1917.14
1924.08
1930.59
1936.32
1940.94
1944.23
1946.02
1946.31
1945.18
1942.74
1939.42
1935.41
1930.92
1926.17
1921.39
1916.46
1911.52
1905.07
1899.82
1894.95
1891.56
1886.94
1881.67
1871.92
1811.8
1797.78
1791.53
1785.75
1780.39
1799.31
1843.65
1841.52
1837.54
1831.74
1828.8
1826.66
1824.9
1824.67
1826.37
1825.09
1823.62
1822.01
1820.2
1818.15
1815.86
1813.3
1810.5
1807.46
1804.19
1800.67
1796.31
1792.25
1788.17
1783.85
1777.16
1769.76
1763.15
1755.82
1747.92
1739.73
1731.66
1724.15
1717.79
1715.3
1711.35
1708.92
1708.24
1709.89
1714.38
1177.53
25.004
-0.324532
-0.248498
-0.196039
-0.136661
-0.0910901
-0.0783386
-0.0853249
0.0772242
)
;
    }
    atmosphere
    {
        type            totalPressure;
        rho             rho;
        psi             none;
        gamma           1;
        p0              uniform 0;
        value           nonuniform List<scalar> 
80
(
-0.552109
-0.329536
-0.159334
-0.0221431
0
0
0
0
-0.000645182
-0.0300617
-0.0596979
-0.024304
-0.0012763
0
0
0
0
0
0
0
-0.0146891
-0.0189857
-0.0442016
-0.0265526
-0.00891944
-0.00286404
-0.00129444
-0.000987744
-0.00105094
-0.00115072
-0.00126424
-0.00141718
-0.00164267
-0.0019558
-0.00231463
-0.00269293
-0.00318736
-0.00381921
-0.0033332
-0.000193621
-0.00123929
-0.109025
-0.100185
-0.0784169
-0.060944
-0.0457288
-0.0327865
-0.0231831
-0.0192374
-0.0284318
-0.0847019
-0.212622
-0.0320356
0
0
0
0
0
0
0
0
0
0
0
0
0
0
0
0
0
0
0
0
0
-0.273971
-1.23867
-0.860589
-0.474286
-0.407204
-0.543343
)
;
    }
    frontAndBack
    {
        type            empty;
    }
}


// ************************************************************************* //
