/*--------------------------------*- C++ -*----------------------------------*\
  =========                 |
  \\      /  F ield         | OpenFOAM: The Open Source CFD Toolbox
   \\    /   O peration     | Website:  https://openfoam.org
    \\  /    A nd           | Version:  8
     \\/     M anipulation  |
\*---------------------------------------------------------------------------*/
FoamFile
{
    version     2.0;
    format      ascii;
    class       volScalarField;
    location    "0.65";
    object      epsilon;
}
// * * * * * * * * * * * * * * * * * * * * * * * * * * * * * * * * * * * * * //

dimensions      [0 2 -3 0 0 0 0];

internalField   nonuniform List<scalar> 
9150
(
0.0325755
0.0130861
0.00340935
0.00125762
0.000883689
0.000883689
0.00125762
0.00340934
0.0130861
0.0325755
0.0314659
0.00927442
0.00195973
0.000858633
0.000689254
0.000689254
0.000858633
0.00195972
0.00927442
0.0314659
0.0296215
0.00742029
0.00130447
0.000728396
0.00062688
0.000626879
0.000728396
0.00130447
0.00742029
0.0296215
0.0276304
0.0064619
0.00100203
0.000690268
0.000609209
0.000609209
0.000690268
0.00100203
0.0064619
0.0276304
0.0255618
0.0060619
0.000848155
0.000683061
0.000607862
0.000607862
0.000683061
0.000848155
0.0060619
0.0255618
0.13159
0.0587136
0.0297203
0.0218908
0.0193956
0.0193956
0.0218908
0.0297203
0.0587136
0.13159
0.0794358
0.0246856
0.0164699
0.0136101
0.0121861
0.0121861
0.0136101
0.0164699
0.0246856
0.0794358
0.0576081
0.0188768
0.00911298
0.00689726
0.00602294
0.00602294
0.00689726
0.00911297
0.0188768
0.0576081
0.0442505
0.0160212
0.00551287
0.00334518
0.0027258
0.0027258
0.00334517
0.00551286
0.0160212
0.0442505
0.0370799
0.0144118
0.0039374
0.00180902
0.00136068
0.00136068
0.00180902
0.0039374
0.0144118
0.0370799
2.42348
0.319912
0.105464
0.0583465
0.044033
0.0440408
0.0583731
0.10552
0.320048
2.42415
0.298968
0.129906
0.0566305
0.0311108
0.023921
0.0239212
0.0311113
0.0566314
0.129908
0.298971
0.248992
0.112758
0.0551133
0.030429
0.0238055
0.0238055
0.030429
0.0551132
0.112758
0.248992
0.208834
0.100654
0.0545315
0.0301352
0.0240508
0.0240508
0.0301352
0.0545315
0.100654
0.208834
0.166005
0.0954027
0.0503684
0.0285939
0.0235856
0.0235856
0.0285938
0.0503684
0.0954027
0.166005
1180.97
1200.51
1213.33
1220.57
1223.33
1223.37
1220.71
1213.6
1200.95
1181.61
468.076
474.568
479.167
482.076
483.476
483.495
482.134
479.268
474.718
468.281
339.041
342.94
345.789
347.65
348.573
348.585
347.685
345.849
343.026
339.155
293.795
296.301
298.153
299.376
299.987
299.993
299.395
298.185
296.347
293.855
276.299
277.784
278.894
279.637
280.01
280.012
279.643
278.904
277.798
276.318
272.106
272.823
273.377
273.758
273.952
273.95
273.753
273.369
272.811
272.09
275.229
275.515
275.741
275.9
275.981
275.977
275.886
275.718
275.483
275.188
282.878
283.042
283.15
283.218
283.249
283.242
283.198
283.117
282.996
282.819
293.957
294.114
294.203
294.248
294.264
294.256
294.224
294.163
294.057
293.884
307.946
308.095
308.18
308.218
308.229
308.22
308.191
308.134
308.03
307.861
324.524
324.618
324.67
324.685
324.684
324.673
324.655
324.62
324.548
324.433
343.448
343.429
343.402
343.365
343.336
343.325
343.332
343.347
343.353
343.349
364.536
364.339
364.178
364.053
363.978
363.966
364.015
364.116
364.253
364.426
387.632
387.186
386.834
386.579
386.439
386.424
386.535
386.761
387.085
387.504
412.627
411.834
411.214
410.779
410.546
410.529
410.726
411.125
411.71
412.468
439.398
438.12
437.136
436.459
436.103
436.082
436.395
437.03
437.969
439.197
467.708
465.803
464.355
463.37
462.861
462.837
463.299
464.234
465.632
467.483
497.189
494.552
492.557
491.21
490.519
490.493
491.132
492.425
494.364
496.939
527.501
524.022
521.399
519.637
518.739
518.712
519.556
521.261
523.823
527.236
558.239
553.817
550.495
548.271
547.144
547.118
548.192
550.359
553.619
557.972
588.95
583.503
579.426
576.705
575.333
575.31
576.635
579.305
583.324
588.703
619.143
612.622
607.753
604.513
602.887
602.87
604.461
607.661
612.482
618.946
648.317
640.703
635.033
631.27
629.389
629.381
631.245
634.987
640.628
648.201
675.982
667.297
660.841
656.566
654.437
654.442
656.579
660.859
667.311
675.982
701.695
691.991
684.79
680.031
677.67
677.69
680.091
684.886
692.117
701.841
725.069
714.432
706.549
701.347
698.775
698.813
701.458
706.734
714.686
725.387
745.794
734.336
725.853
720.26
717.503
717.558
720.423
726.126
734.722
746.293
763.657
751.509
742.516
736.591
733.676
733.744
736.798
742.867
752.01
764.318
778.567
765.856
756.441
750.237
747.186
747.263
750.47
756.838
766.428
779.335
790.544
777.366
767.598
761.156
757.986
758.063
761.39
767.997
777.946
791.328
799.664
786.077
775.998
769.346
766.067
766.136
769.555
776.354
786.591
800.355
805.976
792.012
781.652
774.813
771.435
771.492
774.983
781.937
792.413
806.497
809.439
795.146
784.55
777.556
774.099
774.145
777.694
784.773
795.445
809.8
809.946
795.427
784.677
777.586
774.081
774.125
777.716
784.885
795.699
810.256
807.402
792.84
782.06
774.952
771.443
771.494
775.105
782.311
793.185
807.834
801.973
787.53
776.84
769.795
766.322
766.384
769.981
777.152
787.971
802.554
793.912
779.737
769.246
762.336
758.933
759.004
762.548
769.603
780.241
794.571
783.548
769.774
759.58
752.866
749.564
749.642
753.099
759.97
770.326
784.267
771.283
758.02
748.202
741.735
738.558
738.64
741.982
748.616
758.607
772.048
757.574
744.901
735.512
729.327
726.289
726.374
729.581
735.94
745.509
758.372
742.913
730.862
721.925
716.034
713.141
713.224
716.286
722.352
731.471
743.716
727.776
716.333
707.836
702.228
699.473
699.552
702.467
708.24
716.913
728.545
712.584
701.688
693.585
688.231
685.596
685.666
688.442
693.943
702.204
713.273
697.656
687.212
679.434
674.287
671.746
671.802
674.455
679.721
687.628
698.216
683.184
673.077
665.541
660.546
658.072
658.109
660.659
665.735
673.361
683.572
669.228
659.342
651.963
647.064
644.627
644.642
647.111
652.045
659.468
669.408
655.735
645.963
638.663
633.809
631.382
631.373
633.782
638.621
645.911
655.68
642.56
632.812
625.526
620.674
618.237
618.202
620.572
625.356
632.576
642.26
629.492
619.701
612.381
607.501
605.039
604.981
607.327
612.09
619.29
628.958
616.278
606.404
599.023
594.098
591.604
591.525
593.862
598.625
605.839
615.539
602.648
592.681
585.233
580.262
577.738
577.643
579.977
584.752
591.995
601.746
588.337
578.3
570.805
565.802
563.258
563.153
565.485
570.268
577.535
587.328
573.121
563.068
555.566
550.561
548.013
547.903
550.229
555.006
562.268
572.065
556.841
546.851
539.401
534.432
531.903
531.794
534.103
538.845
546.059
555.796
539.431
529.595
522.263
517.374
514.889
514.786
517.063
521.737
528.847
538.445
520.919
511.328
504.178
499.413
496.995
496.901
499.131
503.702
510.65
520.028
501.419
492.149
485.238
480.636
478.303
478.221
480.39
484.824
491.559
500.645
481.103
472.213
465.586
461.173
458.942
458.874
460.968
465.24
471.722
480.461
460.176
451.706
445.391
441.188
439.068
439.013
441.025
445.116
451.318
459.671
438.857
430.826
424.838
420.855
418.849
418.807
420.73
424.629
430.533
438.48
417.357
409.769
404.11
400.347
398.456
398.424
400.253
403.954
409.553
417.084
395.869
388.711
383.373
379.825
378.044
378.02
379.754
383.255
388.548
395.663
374.546
367.801
362.772
359.431
357.756
357.737
359.375
362.68
367.672
374.38
353.505
347.158
342.426
339.283
337.709
337.695
339.241
342.355
347.057
353.372
332.843
326.879
322.434
319.483
318.007
317.997
319.453
322.384
326.807
332.747
312.641
307.048
302.88
300.114
298.733
298.728
300.099
302.854
307.009
312.589
292.97
287.736
283.837
281.251
279.962
279.962
281.251
283.835
287.732
292.964
273.892
269.006
265.369
262.957
261.758
261.762
262.97
265.39
269.037
273.931
255.463
250.915
247.53
245.289
244.176
244.184
245.314
247.572
250.974
255.54
237.728
233.51
230.373
228.298
227.269
227.28
228.332
230.431
233.592
237.834
220.734
216.84
213.947
212.033
211.087
211.101
212.076
214.018
216.94
220.864
204.502
200.948
198.299
196.546
195.679
195.695
196.595
198.38
201.06
204.641
189.194
185.933
183.499
181.887
181.091
181.11
181.944
183.595
186.067
189.368
174.87
171.835
169.574
168.078
167.342
167.363
168.142
169.681
171.987
175.068
161.454
158.612
156.498
155.101
154.415
154.438
155.169
156.612
158.774
161.665
148.877
146.212
144.23
142.922
142.281
142.304
142.993
144.348
146.379
149.095
137.09
134.589
132.729
131.502
130.902
130.925
131.573
132.848
134.757
137.309
126.054
123.705
121.957
120.804
120.24
120.263
120.874
122.074
123.87
126.27
115.737
113.524
111.878
110.791
110.26
110.282
110.858
111.99
113.683
115.944
106.103
104.011
102.454
101.427
100.924
100.945
101.49
102.56
104.161
106.297
97.1126
95.1266
93.6478
92.6711
92.1932
92.2128
92.7298
93.746
95.2649
97.2919
88.7234
86.8283
85.4167
84.4841
84.0274
84.0455
84.5384
85.5075
86.9558
88.888
80.8898
79.0727
77.7186
76.8236
76.3849
76.4016
76.8738
77.8026
79.1906
81.042
73.5666
71.8158
70.5105
69.6472
69.2237
69.2393
69.694
70.5886
71.9256
73.7084
66.71
65.0151
63.7506
62.9138
62.5029
62.5173
62.9573
63.8235
65.1176
66.8427
60.2791
58.6302
57.3991
56.5837
56.1827
56.1961
56.6239
57.4666
58.7254
60.4026
54.2353
52.623
51.418
50.6191
50.2256
50.2379
50.656
51.4798
52.7104
54.3489
48.5428
46.9579
45.7719
44.9847
44.5964
44.6074
45.018
45.8277
47.0366
48.6453
43.1675
41.6014
40.4279
39.648
39.2625
39.2723
39.6774
40.4772
41.6711
43.2584
38.078
36.5229
35.3561
34.5796
34.1949
34.2034
34.6051
35.3989
36.5834
38.1569
33.2453
31.6951
30.5307
29.7547
29.3694
29.3766
29.7764
30.5671
31.7466
33.3123
28.6432
27.0955
25.9316
25.1552
24.7689
24.7749
25.1733
25.962
27.1384
28.6991
24.2502
22.7077
21.5474
20.7729
20.3869
20.3918
20.7876
21.5722
22.7428
24.2958
20.0505
18.5257
17.3796
16.6147
16.2333
16.2372
16.6265
17.3993
18.5536
20.0868
16.0375
14.5582
13.4493
12.71
12.3412
12.3442
12.719
13.4645
14.5798
16.0655
12.2208
10.8387
9.80654
9.11924
8.77615
8.77835
9.12588
9.81772
10.8546
12.2417
8.64562
7.44229
6.54333
5.94322
5.64308
5.64456
5.94772
6.55095
7.45322
8.66005
5.43405
4.51093
3.80255
3.32486
3.08592
3.08679
3.32751
3.80709
4.51752
5.44288
2.84299
2.26411
1.76259
1.42989
1.26873
1.26911
1.43108
1.76467
2.26718
2.84718
1.38809
0.931865
0.556788
0.377294
0.304937
0.305033
0.377598
0.557342
0.932718
1.38923
1152.02
1111.51
1059.83
997.395
926.088
849.407
776.966
713.041
654.533
600.83
551.972
507.982
468.671
433.624
402.285
374.048
348.337
324.65
302.581
281.819
262.132
243.355
225.373
208.104
191.494
175.505
160.108
145.282
131.009
117.272
104.052
91.3298
79.0719
67.1288
55.4629
44.3791
33.4292
22.763
13.6437
7.01727
459.224
447.108
432.417
415.495
396.94
377.624
359.021
341.17
323.096
304.546
285.72
267.019
248.853
231.536
215.253
200.066
185.959
172.86
160.678
149.314
138.673
128.671
119.234
110.303
101.825
93.7589
86.0695
78.7276
71.7085
64.9916
58.5601
52.4006
46.5041
40.8692
35.5311
30.5798
26.177
22.7384
21.6128
34.382
333.871
326.896
318.581
309.108
298.719
287.703
276.431
264.986
253.183
240.964
228.397
215.641
202.906
190.401
178.298
166.714
155.712
145.314
135.514
126.288
117.602
109.417
101.695
94.3986
87.496
80.9574
74.7579
68.8766
63.2968
58.0071
53.0018
48.2837
43.8678
39.7899
36.1234
33.0126
30.753
30.0927
33.8357
67.94
290.481
286.007
280.574
274.105
266.504
257.842
248.489
238.705
228.575
218.177
207.604
196.951
186.311
175.788
165.488
155.502
145.896
136.713
127.971
119.673
111.811
104.371
97.3336
90.6792
84.3879
78.4413
72.8236
67.522
62.5283
57.8394
53.4598
49.4046
45.7057
42.4218
39.6601
37.6251
36.7519
38.1874
46.4243
101.262
274.323
271.637
268.247
263.871
257.947
249.843
240.481
230.732
220.771
210.748
200.715
190.718
180.814
171.081
161.563
152.306
143.354
134.748
126.511
118.656
111.187
104.098
97.3811
91.0265
85.0226
79.3583
74.0247
69.0156
64.3289
59.9687
55.9474
52.2904
49.0428
46.2832
44.1517
42.9154
43.1512
46.4039
58.7792
133.947
271.144
269.936
268.539
266.478
260.648
251.563
241.989
231.996
221.637
211.305
201.181
191.209
181.385
171.79
162.448
153.399
144.662
136.254
128.195
120.499
113.171
106.213
99.6192
93.3845
87.5017
81.9645
76.7679
71.9102
67.3941
63.229
59.4338
56.0422
53.1113
50.7386
49.0962
48.5139
49.7086
54.6089
70.8417
164.978
274.833
274.504
274.347
272.343
266.046
257.235
247.365
237.041
226.556
216.108
205.776
195.67
185.804
176.069
166.537
157.345
148.502
140.022
131.911
124.173
116.814
109.833
103.228
96.9935
91.1235
85.6136
80.4613
75.6673
71.2376
67.1855
63.5353
60.3282
57.6324
55.5637
54.3262
54.3122
56.3767
62.8227
82.7469
195.109
282.584
282.355
282.075
279.935
274.075
265.462
255.229
244.349
233.385
222.612
212.15
202.059
192.249
182.553
172.926
163.41
154.238
145.473
137.125
129.19
121.666
114.547
107.829
101.504
95.5669
90.0115
84.8364
80.0436
75.6409
71.6447
68.0839
65.0063
62.4913
60.6724
59.7857
60.2852
63.1617
71.0832
94.5651
224.464
293.632
293.31
292.689
290.428
284.729
276.003
265.403
253.95
242.331
230.951
220.015
209.591
199.622
189.977
180.485
170.975
161.478
152.262
143.526
135.268
127.472
120.125
113.215
106.73
100.662
95.005
89.7554
84.9158
80.4954
76.5127
73.0007
70.0137
67.6415
66.0353
65.4631
66.4396
70.0889
79.4344
106.365
253.211
307.618
307.284
306.495
303.96
297.983
288.864
277.719
265.583
253.205
241.071
229.459
218.478
208.098
198.193
188.583
179.115
169.633
160.095
150.874
142.204
134.061
126.418
119.256
112.557
106.31
100.506
95.1412
90.2173
85.7442
81.7425
78.2488
75.3237
73.0673
71.6484
71.3662
72.7954
77.191
87.9236
118.218
281.555
324.278
324.061
323.212
320.141
313.54
303.778
291.923
278.991
265.761
252.773
240.357
228.662
217.691
207.337
197.427
187.769
178.189
168.533
158.947
149.837
141.303
133.321
125.863
118.91
112.446
106.461
100.948
95.9096
91.3562
87.3102
83.8117
80.9274
78.7676
77.5187
77.5106
79.3778
84.5038
96.6005
130.204
309.736
343.349
343.317
342.489
338.825
331.31
320.633
307.873
294.012
279.832
265.904
252.594
240.086
228.412
217.484
207.138
197.174
187.378
177.559
167.627
158.064
149.114
140.761
132.977
125.739
119.028
112.833
107.146
101.969
97.3132
93.2028
89.6817
86.8228
84.7467
83.6571
83.9153
86.2148
92.0671
105.522
142.412
338
364.657
364.895
364.064
359.602
351.022
339.277
325.467
310.555
295.327
280.376
266.099
252.713
240.269
228.693
217.816
207.416
197.234
187.048
176.803
166.813
157.423
148.676
140.543
132.996
126.017
119.59
113.709
108.375
103.6
99.4101
95.8535
93.0092
91.0089
90.0744
90.5991
93.3374
99.9324
114.78
155.037
366.911
388.047
388.631
387.76
382.385
372.649
359.708
344.71
328.614
312.223
296.153
280.827
266.496
253.226
240.945
229.47
218.548
207.89
197.237
186.479
175.998
166.169
157.02
148.521
140.648
133.38
126.704
120.611
115.103
110.194
105.913
102.311
99.4738
97.5454
96.7665
97.5645
100.759
108.133
124.454
168.291
397.153
413.44
414.473
413.479
407.144
396.199
381.958
365.627
348.195
330.502
313.211
296.769
281.435
267.288
254.252
242.126
230.617
219.388
208.118
196.643
185.622
175.337
165.767
156.885
148.667
141.093
134.149
127.827
122.132
117.076
112.691
109.034
106.198
104.337
103.714
104.791
108.453
116.629
134.464
181.966
428.256
440.78
442.398
441.148
433.864
421.671
406.016
388.19
369.263
350.142
331.52
313.88
297.497
282.451
268.646
255.835
243.656
231.678
219.494
207.263
195.696
184.918
174.899
165.61
157.025
149.126
141.897
135.331
129.433
124.217
119.718
115.997
113.156
111.36
110.892
112.251
116.391
125.387
144.775
196.037
460.35
469.91
472.168
470.339
462.163
448.733
431.598
412.16
391.619
370.958
350.929
332.053
314.619
298.695
284.144
270.636
257.683
244.716
231.31
218.313
206.178
194.879
184.383
174.662
165.69
157.445
149.914
143.089
136.974
131.587
126.964
123.172
120.318
118.584
118.27
119.915
124.542
134.379
155.36
210.496
493.524
500.325
503.391
501.135
491.863
477.007
458.259
437.115
414.891
392.652
371.211
351.123
332.685
315.933
300.646
286.356
272.365
257.989
243.498
229.804
217.046
205.184
194.18
184.001
174.618
166.01
158.16
151.061
144.718
139.148
134.393
130.521
127.651
125.974
125.815
127.749
132.872
143.569
166.187
225.315
527.773
531.74
535.741
532.953
522.452
506.037
485.566
462.66
438.732
414.93
392.127
370.908
351.559
334.057
318.058
302.88
287.553
271.522
256.055
241.639
228.227
215.772
204.232
193.572
183.76
174.772
166.589
159.204
152.621
146.86
141.964
138.007
135.115
133.493
133.489
135.715
141.344
152.92
177.216
240.45
563.023
563.737
568.795
565.484
553.69
535.601
513.295
488.554
462.901
437.567
413.477
391.233
371.086
352.905
336.133
319.755
302.56
285.21
268.911
253.739
239.642
226.569
214.473
203.313
193.056
183.673
175.146
167.465
160.635
154.676
149.633
145.587
142.669
141.101
141.25
143.772
149.915
162.387
188.397
255.834
599.109
595.851
602.07
598.261
585.156
565.341
541.135
514.522
487.151
460.342
435.067
411.929
391.111
372.315
354.66
336.694
317.595
299.138
281.964
266.006
251.201
237.49
224.822
213.15
202.437
192.652
183.774
175.791
168.707
162.545
157.352
153.213
150.268
148.752
149.056
151.876
158.539
171.921
199.673
271.39
635.798
627.56
635.01
630.73
616.331
594.796
568.688
540.226
511.197
483.007
456.668
432.757
411.348
391.91
373.161
353.244
332.597
313.141
295.076
278.318
262.794
248.438
235.191
223.003
211.831
201.64
192.407
184.12
176.781
170.415
165.07
160.837
157.864
156.4
156.86
159.98
167.167
181.465
210.976
287.021
672.902
658.318
667.02
662.296
646.635
623.415
595.481
565.262
534.689
505.255
478.003
453.466
431.577
411.513
391.52
369.414
347.445
327.03
308.092
290.543
274.306
259.309
245.488
232.786
221.157
210.564
200.979
192.39
184.799
178.23
172.736
168.409
165.41
163.998
164.614
168.035
175.746
190.963
222.238
302.628
710.147
687.586
697.51
692.373
675.513
650.699
621.06
589.227
557.273
526.775
498.794
473.79
451.477
430.599
408.888
385.113
362.066
340.688
320.884
302.558
285.622
269.997
255.614
242.411
230.337
219.351
209.423
200.54
192.703
185.936
180.295
175.88
172.856
171.498
172.271
175.992
184.225
200.357
233.388
318.104
747.213
714.871
725.934
720.422
702.469
676.214
645.056
611.813
578.685
547.32
518.787
493.465
470.844
449.219
425.794
400.408
376.272
353.946
333.303
314.228
296.622
280.396
265.475
251.792
239.291
227.928
217.672
208.506
200.433
193.477
187.698
183.198
180.153
178.852
179.782
183.801
192.553
209.591
244.361
333.361
783.684
739.738
751.799
745.951
727.045
699.556
667.123
632.714
598.625
566.553
537.566
511.997
489.175
466.993
441.672
414.824
389.762
366.591
345.182
325.416
307.187
290.401
274.977
260.844
247.942
236.226
225.66
216.229
207.934
200.802
194.893
190.317
187.256
186.014
187.101
191.416
200.677
218.605
255.08
348.283
819.595
761.81
774.648
768.476
748.762
720.266
686.819
651.498
616.661
584.03
554.677
528.903
505.917
483.213
456.233
428.296
402.411
378.489
356.394
336.006
317.213
299.919
284.036
269.491
256.222
244.18
233.33
223.655
215.156
207.861
201.835
197.191
194.121
192.942
194.186
198.791
208.55
227.344
265.476
362.771
854.746
780.801
794.103
787.579
767.195
737.926
703.737
667.769
632.417
599.414
569.821
543.883
520.675
497.456
469.544
440.755
414.127
389.537
366.84
345.904
326.614
308.869
292.578
277.666
264.068
251.734
240.628
230.733
222.051
214.611
208.482
203.781
200.71
199.597
200.996
205.885
216.128
235.76
275.492
376.726
888.688
796.557
809.938
803.022
782.123
752.336
717.695
681.36
645.737
612.553
582.84
556.787
533.382
509.822
481.415
451.993
424.766
399.627
376.426
355.029
335.318
317.187
300.545
285.314
271.43
258.841
247.511
237.423
228.58
221.015
214.797
210.051
206.986
205.943
207.498
212.664
223.375
243.815
285.089
390.11
920.556
809.06
822.099
814.772
793.553
763.542
728.753
692.32
656.636
623.412
593.649
567.482
543.862
520.051
491.707
461.923
434.249
408.687
385.091
363.325
343.271
324.824
307.891
292.395
278.269
265.464
253.943
243.691
234.712
227.041
220.751
215.973
212.921
211.952
213.661
219.096
230.256
251.467
294.209
402.821
950.696
818.38
830.65
822.941
801.647
771.733
737.103
700.82
665.239
632.054
602.247
575.923
552.028
527.965
500.298
470.551
442.552
416.686
392.801
370.761
350.446
331.753
314.59
298.88
284.559
271.577
259.9
249.512
240.422
232.666
226.32
221.521
218.493
217.601
219.462
225.155
236.745
258.687
302.814
414.818
979.239
824.604
835.715
827.702
806.605
777.108
742.935
707.035
671.706
638.62
608.769
582.306
558.279
534.301
507.292
477.775
449.646
423.619
399.558
377.335
356.838
337.966
320.631
304.759
290.286
277.166
265.366
254.872
245.694
237.873
231.488
226.681
223.683
222.872
224.881
230.823
242.819
265.451
310.879
426.055
1006.5
827.777
837.432
829.218
808.562
779.765
746.315
711.021
676.102
643.206
613.351
586.781
562.727
539.094
512.954
483.809
455.656
429.563
405.41
383.08
362.468
343.476
326.022
310.034
295.451
282.228
270.336
259.762
250.52
242.652
236.243
231.439
228.478
227.75
229.905
236.085
248.466
271.746
318.395
436.554
1031.9
827.904
835.975
827.653
807.612
779.72
747.201
712.719
678.399
645.846
616.108
589.537
565.582
542.469
517.427
488.852
460.718
434.612
410.425
388.045
367.371
348.31
330.783
314.719
300.062
286.769
274.812
264.184
254.898
247.001
240.581
235.79
232.872
232.229
234.525
240.931
253.672
277.556
325.338
446.264
1055.44
824.998
831.561
823.195
803.863
777.01
745.598
712.114
678.574
646.538
617.071
590.631
566.872
544.358
520.504
492.935
464.916
438.838
414.663
392.281
371.59
352.502
334.939
318.835
304.135
290.8
278.804
268.141
258.83
250.919
244.501
239.731
236.862
236.302
238.734
245.352
258.428
282.87
331.694
455.161
1077.1
819.14
824.444
816.084
797.504
771.782
741.608
709.279
676.687
645.325
616.259
590.023
566.453
544.419
521.614
495.73
468.28
442.289
418.178
395.838
375.171
356.092
338.527
322.411
307.695
294.34
282.325
271.647
262.325
254.412
248.005
243.263
240.445
239.969
242.529
249.344
262.729
287.681
337.457
463.243
1096.81
810.538
814.927
806.629
788.816
764.269
735.418
704.364
672.861
642.316
613.773
587.826
564.492
542.991
521.413
497.38
470.835
445.027
421.035
398.778
378.169
359.127
341.584
325.479
310.767
297.411
285.393
274.712
265.393
257.488
251.099
246.39
243.624
243.228
245.91
252.906
266.572
291.987
342.623
470.506
1114.6
799.556
803.237
795.108
778.097
754.745
727.253
697.537
667.219
637.613
609.716
584.154
561.078
540.008
519.549
497.449
472.604
447.216
423.346
401.185
380.648
361.659
344.153
328.074
313.379
300.035
288.026
277.354
268.044
260.156
253.79
249.116
246.403
246.083
248.875
256.036
269.953
295.778
347.171
476.876
1130.19
786.61
789.757
781.883
765.691
743.515
717.369
689.007
659.926
631.35
604.219
579.161
556.422
535.754
516.243
496.062
473.41
448.885
425.178
403.124
382.666
363.737
346.276
330.23
315.559
302.234
290.241
279.584
270.291
262.423
256.084
251.446
248.783
248.534
251.427
258.734
272.873
299.058
351.115
482.427
1143.27
772.175
774.902
767.331
751.948
730.906
706.06
679.029
651.2
623.709
597.44
573.001
550.684
530.389
511.533
492.899
472.623
449.953
426.658
404.676
384.283
365.407
347.987
331.974
317.329
304.025
292.051
281.413
272.141
264.296
257.986
253.385
250.77
250.585
253.567
261.001
275.33
301.823
354.447
487.134
1154.32
756.758
759.149
751.894
737.281
717.305
693.686
667.929
641.323
614.933
589.588
565.867
544.077
524.207
505.874
488.262
470.048
449.774
427.62
405.845
385.527
366.698
349.311
333.324
318.702
305.419
293.466
282.849
273.599
265.78
259.5
254.935
252.365
252.238
255.297
262.838
277.323
304.062
357.134
490.882
1163.95
740.864
742.991
736.048
722.152
703.157
680.673
656.105
630.66
605.344
580.939
557.997
536.826
517.459
499.627
482.74
465.89
447.899
427.95
406.773
386.474
367.647
350.265
334.287
319.679
306.415
294.483
283.89
274.667
266.876
260.628
256.099
253.571
253.495
256.619
264.246
278.853
305.78
359.186
493.741
1171.23
724.945
726.878
720.246
707.014
688.917
667.466
643.986
619.615
595.306
571.808
549.655
529.159
510.388
493.147
476.966
461.12
444.699
426.767
407.187
387.144
368.237
350.819
334.835
320.238
306.996
295.092
284.53
275.34
267.583
261.371
256.879
254.391
254.36
257.537
265.232
279.93
306.996
360.65
495.787
1175.16
709.352
711.171
704.86
692.253
674.981
654.474
631.982
608.586
585.195
562.528
541.109
521.258
503.077
486.432
470.94
455.979
440.728
424.315
406.244
387.054
368.283
350.86
334.894
320.333
307.134
295.276
284.761
275.615
267.901
261.73
257.278
254.829
254.838
258.058
265.799
280.556
307.701
361.48
496.878
1177.62
694.302
696.094
690.127
678.123
661.622
641.986
620.398
597.887
575.318
553.387
532.607
513.301
495.598
479.418
464.458
450.2
435.928
420.816
404.209
386.041
367.563
350.252
334.393
319.927
306.813
295.03
284.581
275.494
267.834
261.711
257.302
254.892
254.937
258.187
265.958
280.741
307.91
361.712
497.131
1177.81
679.867
681.72
676.125
664.715
648.949
630.125
609.371
587.666
565.839
544.559
524.329
505.474
488.144
472.304
457.733
444.029
430.635
416.848
401.8
384.362
366.085
349.037
333.371
319.052
306.056
294.372
284.006
274.992
267.394
261.324
256.962
254.59
254.665
257.938
265.719
280.498
307.64
361.365
496.559
1175.88
665.991
667.991
662.797
651.973
636.915
618.858
598.881
577.919
556.767
536.078
516.345
497.902
480.924
465.422
451.243
438.083
425.494
412.839
399.1
382.254
364.261
347.458
331.973
317.798
304.923
293.341
283.065
274.129
266.599
260.587
256.272
253.938
254.038
257.323
265.098
279.844
306.909
360.465
495.201
1171.98
652.53
654.744
649.98
639.745
625.376
608.055
588.814
568.548
548.026
527.889
508.63
490.602
474.015
458.928
445.245
432.701
420.84
408.929
395.766
380.027
362.466
345.706
330.305
316.23
303.455
291.969
281.783
272.928
265.469
259.517
255.251
252.953
253.074
256.36
264.113
278.8
305.743
359.041
493.106
1166.3
639.268
641.754
637.451
627.82
614.142
597.548
579.025
559.435
539.521
519.913
501.114
483.499
467.317
452.675
439.521
427.602
416.41
405.092
392.361
377.132
360.198
343.61
328.295
314.317
301.645
290.262
280.172
271.404
264.022
258.134
253.918
251.655
251.793
255.073
262.788
277.391
304.169
357.132
490.336
1158.99
625.946
628.749
624.945
615.945
602.983
587.135
569.348
550.446
531.146
512.066
493.713
476.483
460.655
446.376
433.627
422.168
411.472
400.652
388.488
373.988
357.498
341.045
325.854
312.011
299.473
288.216
278.24
269.573
262.276
256.458
252.295
250.066
250.216
253.482
261.146
275.643
302.22
354.777
486.953
1150.24
612.279
615.432
612.16
603.831
591.625
576.569
559.562
541.39
522.741
504.212
486.308
469.431
453.883
439.842
427.335
416.174
405.897
395.683
384.358
370.661
354.16
337.86
322.922
309.296
296.945
285.849
276.01
267.459
260.257
254.515
250.407
248.211
248.37
251.613
259.214
273.585
299.927
352.019
483.021
1140.33
597.98
601.494
598.781
591.159
579.754
565.542
549.374
531.994
514.054
496.126
478.701
462.178
446.87
432.992
420.624
409.666
399.761
390.185
379.679
366.42
350.119
334.211
319.602
306.25
294.124
283.214
273.529
265.103
258.003
252.338
248.284
246.118
246.28
249.493
257.018
271.245
297.324
348.902
478.622
1129.39
582.793
586.655
584.508
577.615
567.047
553.727
538.454
521.929
504.767
487.507
470.622
454.502
439.463
425.748
413.496
402.707
393.174
384.301
374.76
361.686
345.674
330.277
316.052
302.998
291.111
280.393
270.863
262.562
255.558
249.966
245.961
243.818
243.974
247.146
254.583
268.648
294.44
345.462
473.808
1117.72
566.527
570.698
569.104
562.943
553.23
540.832
526.495
510.88
494.561
478.048
461.785
446.151
431.457
417.956
405.826
395.135
385.764
377.223
368.228
356.659
341.546
326.436
312.505
299.706
288.028
277.479
268.085
259.89
252.969
247.437
243.469
241.339
241.479
244.599
251.933
265.82
291.3
341.728
468.627
1105.43
549.085
553.509
552.435
546.991
538.129
526.662
513.283
498.612
483.19
467.494
451.943
436.896
422.656
409.471
397.533
386.942
377.659
369.364
361.116
350.821
337.119
322.63
309.058
296.492
284.977
274.552
265.254
257.135
250.272
244.78
240.833
238.702
238.814
241.87
249.088
262.779
287.924
337.721
463.101
1092.56
530.48
535.091
534.494
529.739
521.711
511.165
498.748
485.036
470.539
455.708
440.94
426.575
412.899
400.154
388.525
378.115
368.906
360.674
352.837
344.074
332.714
319.448
306.086
293.539
282.052
271.66
262.398
254.313
247.479
242.006
238.065
235.921
235.994
238.974
246.064
259.543
284.327
333.445
457.195
1079.21
510.822
515.559
515.398
511.3
504.083
494.444
482.979
470.227
456.667
442.729
428.787
415.162
402.126
389.912
378.702
368.601
359.602
351.521
343.916
335.978
326.652
315.444
303.143
290.77
279.191
268.753
259.477
251.396
244.571
239.105
235.162
232.998
233.025
235.922
242.874
256.126
280.527
328.926
450.946
1064.69
490.296
495.11
495.35
491.886
485.461
476.716
466.196
454.4
441.782
428.75
415.656
402.8
390.439
378.791
368.033
358.275
349.527
341.65
334.306
326.924
318.81
309.41
298.792
287.528
276.164
265.677
256.386
248.312
241.504
236.051
232.108
229.927
229.909
232.721
239.53
252.547
276.546
324.186
444.351
1048.94
469.12
473.977
474.594
471.747
466.104
458.244
448.668
437.829
426.154
414.033
401.799
389.728
378.054
366.977
356.663
347.227
338.699
330.995
323.885
316.977
309.776
301.823
292.892
283.01
272.513
262.23
252.999
244.988
238.233
232.819
228.895
226.708
226.651
229.382
236.047
248.825
272.411
319.267
437.5
1032.06
447.517
452.393
453.368
451.127
446.26
439.284
430.656
420.776
410.041
398.828
387.459
376.184
365.21
354.711
344.84
335.711
327.375
319.798
312.844
306.274
299.766
292.982
285.633
277.481
268.147
258.288
249.268
241.406
234.759
229.417
225.534
223.354
223.268
225.922
232.445
244.98
268.146
314.197
430.45
1015.14
425.695
430.568
431.881
430.231
426.133
420.041
412.36
403.441
393.642
383.322
372.81
362.345
352.089
342.192
332.79
323.99
315.859
308.4
301.554
295.192
289.136
283.177
277.094
270.589
263.192
254.173
245.36
237.672
231.152
225.898
222.065
219.899
219.788
222.369
228.753
241.047
263.795
309.048
423.349
998.576
403.843
408.695
410.32
409.233
405.881
400.659
393.923
385.971
377.107
367.648
357.959
348.305
338.8
329.541
320.65
312.232
304.36
297.067
290.344
284.143
278.385
272.967
267.766
262.579
256.878
249.61
241.351
233.892
227.505
222.329
218.539
216.383
216.246
218.755
225.005
237.066
259.407
303.887
416.324
982.72
382.137
386.951
388.861
388.303
385.662
381.278
375.46
368.467
360.548
351.961
343.054
334.148
325.383
316.798
308.466
300.489
292.948
285.897
279.36
273.337
267.804
262.722
258.024
253.586
249.089
243.868
237.451
230.336
223.937
218.771
214.992
212.833
212.667
215.109
221.232
233.073
255.03
298.777
409.463
968.111
360.719
365.488
367.657
367.593
365.618
362.023
357.073
351.006
344.024
336.324
328.194
319.979
311.877
303.95
296.213
288.728
281.583
274.844
268.559
262.755
257.438
252.599
248.197
244.139
240.227
236.136
231.515
226.202
220.3
215.147
211.389
209.239
209.057
211.447
217.465
229.116
250.733
293.817
402.898
955.264
339.701
344.417
346.821
347.214
345.858
342.996
338.854
333.647
327.544
320.716
313.378
305.833
298.337
291.001
283.849
276.892
270.189
263.815
257.828
252.269
247.158
242.499
238.265
234.39
230.752
227.179
223.504
219.681
215.739
211.34
207.694
205.586
205.416
207.783
213.733
225.256
246.648
289.342
397.643
947.116
319.163
323.822
326.44
327.248
326.454
324.256
320.849
316.423
311.13
305.13
298.574
291.697
284.786
277.994
271.381
264.951
258.721
252.748
247.096
241.81
236.919
232.433
228.337
224.594
221.137
217.886
214.775
211.797
208.978
206.273
203.721
201.887
201.746
204.117
210.033
221.467
242.695
285.116
393.037
942.9
299.173
303.776
306.588
307.77
307.475
305.864
303.102
299.365
294.807
289.564
283.768
277.582
271.244
264.969
258.853
252.923
247.173
241.628
236.342
231.365
226.728
222.449
218.527
214.947
211.679
208.693
205.969
203.51
201.341
199.496
198.117
197.462
197.936
200.434
206.336
217.692
238.72
280.671
387.249
929.477
279.79
284.348
287.341
288.851
288.985
287.872
285.664
282.524
278.617
274.059
268.967
263.466
257.728
251.969
246.328
240.859
235.576
230.473
225.579
220.942
216.597
212.567
208.862
205.483
202.423
199.678
197.249
195.155
193.434
192.156
191.469
191.644
193.088
196.389
202.64
214.014
234.92
276.53
381.736
905.232
261.068
265.608
268.766
270.547
271.025
270.32
268.575
265.95
262.61
258.666
254.221
249.379
244.259
239.031
233.865
228.845
223.999
219.329
214.84
210.563
206.537
202.789
199.336
196.19
193.359
190.852
188.687
186.895
185.529
184.679
184.496
185.23
187.276
191.263
198.235
210.076
231.029
272.181
375.789
889.456
243.053
247.609
250.896
252.868
253.602
253.214
251.853
249.684
246.852
243.464
239.612
235.384
230.876
226.205
221.521
216.943
212.519
208.261
204.17
200.261
196.567
193.119
189.939
187.045
184.454
182.187
180.269
178.743
177.672
177.154
177.345
178.482
180.941
185.32
192.638
204.802
225.925
266.975
370.514
890.283
225.796
230.357
233.691
235.769
236.687
236.566
235.55
233.798
231.433
228.56
225.255
221.597
217.665
213.547
209.355
205.216
201.2
197.332
193.623
190.076
186.715
183.571
180.669
178.033
175.684
173.649
171.962
170.669
169.84
169.577
170.032
171.439
174.158
178.772
186.279
198.574
219.761
260.809
364.309
885.75
209.317
214.023
217.29
219.372
220.408
220.512
219.812
218.441
216.506
214.098
211.284
208.141
204.735
201.139
197.434
193.725
190.104
186.61
183.258
180.055
177.017
174.17
171.542
169.158
167.044
165.23
163.753
162.664
162.035
161.967
162.613
164.199
167.077
171.816
179.394
191.67
212.663
253.09
354.574
865.606
193.74
198.449
201.698
203.816
204.965
205.264
204.835
203.791
202.225
200.218
197.834
195.14
192.199
189.07
185.819
182.527
179.285
176.143
173.125
170.244
167.51
164.946
162.58
160.438
158.546
156.938
155.653
154.742
154.279
154.365
155.148
156.851
159.816
164.595
172.141
184.256
204.834
244.262
342.97
840.208
179.166
183.734
186.999
189.185
190.451
190.92
190.713
189.937
188.675
187.001
184.984
182.677
180.138
177.419
174.577
171.673
168.784
165.973
163.268
160.683
158.233
155.934
153.813
151.897
150.214
148.796
147.684
146.93
146.606
146.812
147.693
149.465
152.457
157.203
164.62
176.439
196.398
234.476
329.568
808.472
165.518
169.911
173.153
175.394
176.774
177.405
177.396
176.855
175.858
174.472
172.766
170.789
168.595
166.231
163.749
161.197
158.635
156.131
153.715
151.405
149.215
147.162
145.27
143.565
142.074
140.831
139.875
139.258
139.05
139.35
140.296
142.096
145.067
149.718
156.924
168.336
187.512
223.958
314.751
771.62
152.716
156.899
160.078
162.353
163.833
164.619
164.803
164.479
163.72
162.591
161.158
159.469
157.573
155.518
153.352
151.117
148.859
146.637
144.488
142.432
140.483
138.658
136.977
135.467
134.154
133.07
132.255
131.757
131.646
132.016
133.001
134.798
137.709
142.217
149.151
160.075
178.354
212.986
299.067
731.764
140.712
144.675
147.763
150.042
151.599
152.516
152.872
152.743
152.2
151.305
150.117
148.69
147.063
145.283
143.396
141.445
139.467
137.506
135.604
133.782
132.057
130.442
128.957
127.627
126.478
125.539
124.849
124.456
124.425
124.847
125.849
127.619
130.441
134.771
141.393
151.776
169.092
201.808
282.961
690.416
129.469
133.217
136.196
138.455
140.059
141.078
141.579
141.625
141.278
140.597
139.636
138.445
137.059
135.525
133.888
132.19
130.464
128.745
127.073
125.47
123.952
122.532
121.229
120.066
119.067
118.26
117.682
117.379
117.414
117.873
118.876
120.601
123.315
127.446
133.729
143.544
159.863
190.622
266.776
648.676
118.956
122.501
125.366
127.586
129.213
130.307
130.924
131.118
130.943
130.453
129.697
128.72
127.554
126.242
124.829
123.357
121.858
120.366
118.909
117.508
116.182
114.944
113.809
112.799
111.936
111.248
110.77
110.546
110.635
111.12
112.113
113.78
116.373
120.293
126.225
135.46
150.774
179.577
250.764
607.36
109.141
112.501
115.253
117.424
119.056
120.2
120.906
121.22
121.191
120.866
120.29
119.505
118.544
117.436
116.224
114.954
113.665
112.382
111.124
109.911
108.761
107.689
106.708
105.837
105.098
104.517
104.128
103.972
104.107
104.608
105.582
107.184
109.649
113.351
118.929
127.584
141.903
168.781
235.103
567.019
99.989
103.183
105.829
107.948
109.574
110.751
111.523
111.933
112.025
111.842
111.425
110.813
110.037
109.115
108.084
107.002
105.904
104.808
103.729
102.687
101.698
100.775
99.9327
99.1869
98.5592
98.0746
97.7647
97.6693
97.8412
98.3519
99.3012
100.834
103.167
106.65
111.876
119.961
133.305
158.308
219.914
527.989
91.458
94.5083
97.0587
99.1258
100.739
101.938
102.762
103.251
103.444
103.383
103.104
102.644
102.032
101.28
100.419
99.5045
98.5751
97.6444
96.7256
95.8358
94.9906
94.2024
93.4835
92.8505
92.3231
91.9252
91.6861
91.6434
91.8464
92.3616
93.2819
94.7414
96.9428
100.208
105.088
112.616
125.016
148.209
205.283
490.541
83.5034
86.4299
88.8949
90.9137
92.5119
93.7247
94.5901
95.1443
95.4238
95.4658
95.306
94.9767
94.5062
93.9082
93.2031
92.4379
91.6594
90.8795
90.1038
89.3489
88.6307
87.9615
87.3541
86.8232
86.3871
86.0677
85.8925
85.8964
86.1251
86.6405
87.5286
88.9137
90.9834
94.0356
98.579
105.568
117.056
138.514
191.26
454.807
76.0778
78.8981
81.2874
83.2605
84.8409
86.0615
86.9581
87.5647
87.9153
88.0448
87.9859
87.7682
87.4185
86.9549
86.3943
85.77
85.1249
84.4767
83.8314
83.2011
82.5998
82.0404
81.5353
81.0983
80.7459
80.4983
80.3808
80.4259
80.6757
81.1877
82.0413
83.3516
85.2913
88.1355
92.3529
98.8233
109.439
129.239
177.87
420.836
69.1343
71.8635
74.1853
76.1148
77.6747
78.8963
79.8142
80.4607
80.8684
81.0701
81.0961
80.9739
80.7285
80.3829
79.953
79.4632
78.943
78.4151
77.8895
77.3755
76.8846
76.4285
76.0189
75.6687
75.3933
75.2112
75.1458
75.227
75.4939
75.9994
76.8169
78.0524
79.8648
82.5072
86.4107
92.3839
102.166
120.39
165.123
388.642
62.6289
65.2806
67.5422
69.4305
70.9676
72.1844
73.115
73.7912
74.2447
74.5066
74.6059
74.5688
74.4191
74.1792
73.8655
73.4986
73.0996
72.6871
72.2733
71.8675
71.4794
71.1194
70.7982
70.528
70.3229
70.2001
70.1811
70.2937
70.5738
71.0701
71.8503
73.0116
74.7
77.1476
80.7499
86.2482
95.2379
111.968
153.018
358.213
56.5218
59.1085
61.3174
63.1672
64.6806
65.889
66.8268
67.526
68.018
68.3328
68.4981
68.539
68.4783
68.3369
68.1302
67.8754
67.5891
67.2858
66.9768
66.6713
66.3781
66.1064
65.8663
65.669
65.5276
65.4581
65.4802
65.6195
65.9092
66.394
67.1358
68.2239
69.7919
72.0522
75.3665
80.4131
88.6514
103.971
141.55
329.513
50.7763
53.3102
55.474
57.2887
58.7793
59.9783
60.9206
61.6396
62.1666
62.5307
62.7583
62.8733
62.8967
62.8477
62.7403
62.5887
62.406
62.2037
61.9918
61.7788
61.5727
61.3821
61.2159
61.0847
61.0006
60.9784
61.0364
61.1981
61.4939
61.9648
62.6677
63.6839
65.1356
67.2165
70.2568
74.8756
82.4049
96.3959
130.718
302.523
45.3583
47.8513
49.9772
51.7609
53.2302
54.4201
55.3672
56.106
56.6677
57.0804
57.3693
57.5562
57.6604
57.699
57.6844
57.6283
57.541
57.4321
57.3098
57.1818
57.0555
56.9387
56.8397
56.7681
56.7352
56.7548
56.8437
57.0235
57.3221
57.7772
58.4406
59.3865
60.7264
62.6368
65.4185
69.6358
76.5034
89.262
120.575
277.287
40.2357
42.6986
44.7926
46.5487
47.9989
49.1816
50.1359
50.897
51.4959
51.9592
52.3104
52.5693
52.7528
52.8759
52.9494
52.9827
52.9843
52.9619
52.9224
52.8727
52.8194
52.7696
52.7311
52.7129
52.7254
52.7813
52.8963
53.0903
53.3888
53.8263
54.4501
55.3278
56.5611
58.3106
60.8504
64.6949
70.9524
82.5816
111.15
253.993
35.3781
37.8191
39.885
41.6154
43.0486
44.2274
45.1932
45.9819
46.6232
47.142
47.5593
47.8924
48.1561
48.3628
48.5219
48.6408
48.7264
48.7851
48.8227
48.8451
48.8586
48.8696
48.8855
48.9145
48.9666
49.0535
49.1898
49.3938
49.689
50.1068
50.6906
51.5018
52.6329
54.2302
56.543
60.0397
65.7299
76.3107
102.326
232.327
30.7562
33.1794
35.2167
36.9211
38.3389
39.5182
40.5025
41.3271
42.0195
42.602
43.0924
43.5052
43.8524
44.1445
44.3891
44.592
44.7589
44.8949
45.0051
45.0948
45.1696
45.2358
45.3001
45.3707
45.4566
45.5692
45.7218
45.9314
46.2198
46.6156
47.1583
47.9041
48.9368
50.3894
52.4885
55.6598
60.8216
70.4282
94.075
212.224
26.3421
28.7444
30.7465
32.4206
33.8239
35.01
36.0228
36.8956
37.6521
38.3105
38.8846
39.3859
39.8236
40.206
40.539
40.8272
41.075
41.2866
41.4666
41.6199
41.7517
41.8681
41.9757
42.0822
42.1965
42.3293
42.4932
42.7039
42.9816
43.3526
43.8529
44.5335
45.4707
46.7853
48.6828
51.5498
56.2203
64.9249
86.3869
193.673
22.1094
24.4764
26.4269
28.0616
29.4506
30.6518
31.7072
32.6447
33.4826
34.2333
34.9062
35.5091
36.0486
36.5306
36.9593
37.3378
37.6696
37.9581
38.2075
38.4225
38.6083
38.771
38.9172
39.0546
39.1921
39.3398
39.5098
39.7169
39.9797
40.3225
40.7782
41.3933
42.2373
43.4196
45.1268
47.7096
51.9253
59.8002
79.2644
176.683
18.0333
20.3329
22.2016
23.7808
25.1549
26.3821
27.4975
28.52
29.4598
30.3233
31.1149
31.8388
32.4985
33.0968
33.6354
34.1158
34.5401
34.9112
35.233
35.5104
35.749
35.9553
36.1364
36.3004
36.4561
36.6135
36.7845
36.9829
37.2263
37.5372
37.9456
38.4942
39.2461
40.3009
41.828
44.1461
47.943
55.061
72.7154
161.256
14.0927
16.2621
17.9997
19.4998
20.8573
22.1216
23.3133
24.4394
25.5016
26.5009
27.438
28.3132
29.1253
29.8716
30.5485
31.1539
31.6883
32.1543
32.5562
32.9
33.1925
33.4414
33.6549
33.8417
34.0112
34.1736
34.3405
34.5254
34.7448
35.0195
35.3775
35.8577
36.5178
37.4488
38.805
40.8764
44.2896
50.7229
66.7556
147.417
10.2846
12.2027
13.7321
15.1209
16.4541
17.7553
19.0242
20.2568
21.4513
22.6084
23.729
24.8107
25.8424
26.8033
27.6756
28.4507
29.1274
29.7098
30.2052
30.6227
30.9722
31.2639
31.508
31.7147
31.8943
32.0575
32.216
32.383
32.5741
32.8089
33.1131
33.5228
34.0909
34.9008
36.094
37.9362
41.0008
46.8224
61.4133
135.227
6.66532
8.11331
9.31329
10.5315
11.7938
13.0801
14.3717
15.6644
16.9658
18.2903
19.6535
21.0625
22.485
23.8178
25.0043
26.0298
26.8998
27.6289
28.2345
28.7339
29.1434
29.4779
29.7509
29.9748
30.1614
30.3222
30.4691
30.6152
30.7753
30.9679
31.217
31.5556
32.0328
32.7258
33.7662
35.402
38.1704
43.5092
57.0235
124.967
3.3507
4.05175
4.79596
5.65394
6.61856
7.65933
8.75856
9.92385
11.1877
12.6098
14.2826
16.3206
18.7407
20.8615
22.5969
23.9941
25.1159
26.0174
26.7421
27.3246
27.7917
28.1654
28.4635
28.7012
28.8921
29.0486
29.1831
29.3084
29.4388
29.5916
29.789
30.0619
30.4558
31.0435
31.9511
33.4228
36.0083
41.2652
55.77
135.489
0.613053
0.631289
0.73885
0.833188
0.936074
1.05742
1.20663
1.39438
1.64733
2.0626
3.05968
6.14364
14.119
18.1616
20.7769
22.6294
24.0075
25.0625
25.8838
26.5289
27.0373
27.4376
27.752
27.9981
28.1908
28.3434
28.4683
28.5784
28.6874
28.8118
28.9725
29.1984
29.5322
30.0431
30.8522
32.1969
34.613
39.5929
53.1076
121.819
6.98684
13.6215
22.7515
33.4102
44.3457
55.4126
67.05
78.974
91.2068
103.902
117.093
130.8
145.04
159.832
175.194
191.147
207.719
224.949
242.893
261.63
281.274
301.991
324.009
347.638
373.281
401.436
432.68
467.616
506.806
550.669
599.403
652.988
711.382
775.159
847.307
924.099
995.634
1058.35
1110.33
1151.13
34.3145
21.5801
22.7053
26.1385
30.5327
35.4731
40.7988
46.421
52.304
58.4493
64.8659
71.5672
78.5701
85.8953
93.5674
101.615
110.075
118.987
128.403
138.384
149.003
160.343
172.5
185.571
199.651
214.809
231.067
248.362
266.516
285.216
304.053
322.622
340.714
358.565
377.126
396.451
415.043
432.018
446.772
458.957
67.8232
33.782
30.0473
30.7061
32.96
36.063
39.7202
43.7879
48.193
52.8997
57.8931
63.1704
68.7374
74.6055
80.7914
87.3159
94.2041
101.485
109.192
117.362
126.032
135.242
145.026
155.408
166.397
177.97
190.065
202.569
215.309
228.075
240.657
252.894
264.711
276.166
287.44
298.468
308.876
318.374
326.719
333.726
101.088
46.3559
38.1329
36.6981
37.5675
39.5963
42.3504
45.6258
49.3154
53.3606
57.7299
62.4079
67.3904
72.6803
78.2862
84.2206
90.4995
97.1413
104.166
111.593
119.443
127.729
136.46
145.633
155.231
165.213
175.512
186.038
196.685
207.347
217.931
228.342
238.486
248.286
257.654
266.338
273.965
280.458
285.911
290.404
133.73
58.6975
46.3411
43.0912
42.8531
44.0845
46.2096
48.9617
52.2011
55.8492
59.861
64.2114
68.8878
73.8863
79.2091
84.8622
90.855
97.1982
103.903
110.981
118.441
126.285
134.513
143.113
152.059
161.315
170.833
180.569
190.477
200.481
210.522
220.555
230.528
240.296
249.677
257.825
263.796
268.197
271.602
274.298
164.732
70.7488
54.5387
49.6431
48.4472
49.0256
50.6624
53.0285
55.9518
59.3352
63.1217
67.2776
71.7841
76.6319
81.8183
87.3452
93.2174
99.4414
106.024
112.972
120.29
127.977
136.028
144.43
153.163
162.21
171.552
181.149
190.977
200.956
211.083
221.418
231.794
241.81
251.404
260.525
266.446
268.553
269.955
271.162
194.837
82.6438
62.7458
56.3058
54.2411
54.252
55.4845
57.5471
60.2359
63.4354
67.0774
71.1208
75.5414
80.326
85.4685
90.9684
96.8282
103.053
109.647
116.617
123.967
131.695
139.798
148.27
157.108
166.298
175.831
185.577
195.452
205.556
215.891
226.342
236.838
247.177
257.068
265.918
272.327
274.415
274.566
274.884
224.17
94.4525
70.9994
63.0853
60.2093
59.7073
60.5895
62.4028
64.9113
67.9816
71.5346
75.5225
79.9164
84.7001
89.8657
95.4112
101.339
107.653
114.361
121.469
128.982
136.906
145.244
153.998
163.162
172.686
182.339
192.046
201.864
211.949
222.407
233.18
244.153
255.049
265.312
273.981
279.954
282.174
282.446
282.658
252.896
106.242
79.3433
70.0062
66.3582
65.3796
65.9477
67.5486
69.9146
72.8947
76.3992
80.3738
84.7858
89.6164
94.8567
100.504
106.562
113.036
119.936
127.272
135.055
143.301
152.023
161.228
170.741
180.286
189.798
199.44
209.404
219.819
230.749
242.131
253.761
265.239
275.88
284.672
290.485
292.811
293.425
293.726
281.221
118.085
87.8241
77.1009
72.7071
71.2762
71.5547
72.9686
75.2191
78.1375
81.6239
85.6178
90.0826
94.9977
100.353
106.148
112.384
119.072
126.224
133.855
141.985
150.641
159.849
169.396
178.925
188.418
198.03
207.925
218.29
229.258
240.861
252.995
265.386
277.55
288.746
297.939
304.012
306.632
307.424
307.728
309.38
130.059
96.4907
84.4044
79.2808
77.4124
77.4172
78.6614
80.8154
83.6933
87.1847
91.223
95.7682
100.798
106.301
112.278
118.731
125.674
133.12
141.09
149.61
158.703
168.299
178
187.599
197.266
207.17
217.51
228.462
240.139
252.542
265.526
278.767
291.729
303.644
313.496
320.21
323.353
324.201
324.393
337.618
142.251
105.399
91.9561
86.107
83.8068
83.5457
84.6308
86.7014
89.554
93.068
97.1708
101.819
106.987
112.665
118.851
125.552
132.78
140.553
148.895
157.835
167.393
177.35
187.199
197.008
206.971
217.307
228.217
239.868
252.353
265.646
279.567
293.755
307.648
320.467
331.234
338.865
342.627
343.464
343.472
366.48
154.852
114.64
99.8064
93.216
90.4777
89.9506
90.881
92.876
95.714
99.2637
103.446
108.213
113.538
119.41
125.828
132.798
140.334
148.457
157.193
166.571
176.56
186.836
197.05
207.244
217.642
228.505
240.06
252.477
265.839
280.096
295.038
310.274
325.217
339.084
350.918
359.611
364.187
365.048
364.791
396.67
168.079
124.294
107.989
100.621
97.4279
96.6279
97.4029
99.3262
102.157
105.752
110.026
114.927
120.425
126.509
133.177
140.435
148.297
156.785
165.924
175.74
186.225
197.024
207.693
218.36
229.28
240.742
253.003
266.247
280.553
295.86
311.924
328.325
344.453
359.507
372.529
382.373
387.869
388.797
388.201
427.702
181.724
134.281
116.465
108.297
104.636
103.558
104.178
106.033
108.863
112.513
116.89
121.937
127.624
133.936
140.871
148.436
156.644
165.516
175.076
185.352
196.367
207.858
219.162
230.411
241.923
254.04
267.055
281.177
296.489
312.917
330.209
347.92
365.392
381.785
396.107
407.154
413.606
414.679
413.635
459.716
195.761
144.565
125.201
116.214
112.076
110.716
111.18
112.971
115.806
119.52
124.01
129.217
135.106
141.662
148.882
156.772
165.346
174.626
184.637
195.408
206.969
219.208
231.426
243.434
255.623
268.427
282.212
297.233
313.595
331.225
349.853
369
387.973
405.864
421.594
433.869
441.247
442.656
441.038
492.797
210.178
155.12
134.166
124.34
119.717
118.072
118.381
120.111
122.957
126.742
131.356
136.733
142.838
149.653
157.174
165.408
174.371
184.082
194.57
205.862
217.991
230.985
244.417
257.429
270.406
283.912
298.445
314.343
331.754
350.618
370.65
391.336
411.924
431.431
448.653
462.194
470.505
472.458
470.192
526.937
224.953
165.913
143.327
132.644
127.524
125.591
125.746
127.417
130.28
134.143
138.889
144.448
150.781
157.868
165.707
174.304
183.675
193.844
204.839
216.693
229.444
243.133
257.635
272.07
286.105
300.399
315.665
332.387
350.796
370.865
392.303
414.562
436.83
458.044
476.889
491.874
501.307
503.719
500.642
562.066
240.036
176.905
152.646
141.085
135.462
133.236
133.237
134.852
137.737
141.684
146.569
152.318
158.889
166.261
174.43
183.406
193.206
203.854
215.383
227.829
241.234
255.647
271.119
287.203
302.593
317.781
333.757
351.224
370.539
391.733
414.53
438.351
462.328
485.316
505.903
522.468
533.144
536.096
532.083
598.011
255.364
188.045
162.078
149.624
143.488
140.966
140.813
142.374
145.282
149.318
154.349
160.294
167.111
174.777
183.288
192.656
202.898
214.043
226.125
239.187
253.274
268.436
284.729
302.11
319.418
335.819
352.564
370.7
390.803
413.015
437.094
462.448
488.158
512.996
535.437
553.692
565.673
569.157
564.088
634.556
270.86
199.277
171.573
158.213
151.558
148.738
148.429
149.938
152.872
156.999
162.178
168.325
175.391
183.357
192.217
201.984
212.678
224.332
236.983
250.678
265.469
281.416
298.584
317.042
336.208
354.255
371.903
390.652
411.415
434.509
459.765
486.592
514.024
540.745
565.103
585.101
598.408
602.405
596.182
671.507
286.428
210.534
181.078
166.803
159.626
156.506
156.041
157.497
160.457
164.677
170.005
176.353
183.671
191.938
201.149
211.317
222.467
234.632
247.857
262.192
277.696
294.436
312.486
331.929
352.623
372.67
391.417
410.798
432.134
455.983
482.287
510.484
539.571
568.145
594.417
616.156
630.781
635.271
627.834
708.6
301.968
221.748
190.534
175.344
167.643
164.223
163.601
165.003
167.989
172.298
177.774
184.322
191.889
200.453
210.011
220.577
232.178
244.851
258.644
273.613
289.823
307.347
326.265
346.662
368.622
390.801
410.863
430.895
452.702
477.154
504.347
533.768
564.387
594.716
622.824
646.271
662.187
667.151
658.492
745.479
317.378
232.849
199.887
183.784
175.562
171.841
171.062
172.408
175.416
179.813
185.431
192.173
199.983
208.836
218.732
229.685
241.724
254.891
269.237
284.825
301.725
320.017
339.79
361.142
384.17
407.996
429.8
450.65
472.862
497.749
525.638
556.093
588.07
620.002
649.818
674.88
692.029
697.448
687.615
781.784
332.571
243.774
209.078
192.073
183.333
179.314
178.377
179.665
182.692
187.169
192.923
199.849
207.89
217.021
227.239
238.561
251.02
264.658
279.532
295.709
313.267
332.293
352.89
375.172
399.272
424.687
448.204
469.797
492.307
517.493
545.906
577.196
610.315
643.631
674.958
701.477
719.759
725.609
714.713
817.6
347.427
254.445
218.051
200.159
190.911
186.596
185.501
186.728
189.768
194.319
200.198
207.297
215.555
224.945
235.465
247.133
259.983
274.061
289.426
306.15
324.314
344.013
365.352
388.449
413.433
440.269
465.753
487.874
510.553
535.96
564.797
596.759
630.798
665.245
697.827
725.59
744.87
751.136
739.353
852.621
361.856
264.798
226.752
207.996
198.251
193.646
192.393
193.555
196.602
201.217
207.21
214.466
222.923
232.551
243.348
255.333
268.541
283.019
298.83
316.047
334.758
355.059
377.061
400.887
426.672
454.519
481.541
504.242
527.11
552.71
581.88
614.355
649.094
684.406
717.969
746.739
766.876
773.571
761.174
886.433
375.751
274.773
235.134
215.543
205.314
200.425
199.014
200.109
203.155
207.824
213.916
221.313
229.947
239.789
250.835
263.103
276.629
291.463
307.668
325.32
344.509
365.336
387.916
412.38
438.874
467.531
495.446
518.662
541.752
567.497
596.874
629.673
664.868
700.765
735.018
764.542
785.388
792.559
779.92
918.045
389.102
284.341
243.162
222.763
212.067
206.9
205.333
206.355
209.393
214.104
220.282
227.8
236.589
246.618
257.881
270.396
284.198
299.338
315.88
333.902
353.493
374.759
397.815
422.795
449.847
479.09
507.451
531
554.303
580.174
609.662
642.61
678.025
714.223
748.859
778.852
800.228
807.914
795.479
948.124
401.771
293.433
250.792
229.624
218.478
213.042
211.32
212.267
215.289
220.03
226.276
233.897
242.818
253.005
264.452
277.176
291.21
306.606
323.426
341.749
361.664
383.276
406.701
432.071
459.531
489.101
517.38
541.155
564.682
590.687
620.236
653.214
688.657
724.897
759.612
789.762
811.437
819.631
807.875
976.692
413.746
302.022
257.997
236.099
224.524
218.829
216.954
217.823
220.82
225.58
231.879
239.581
248.61
258.928
270.527
283.421
297.644
313.244
330.284
348.84
369.002
390.87
414.562
440.209
467.96
497.476
525.059
549.064
572.874
599.057
628.671
661.621
696.95
733.007
767.511
797.502
819.201
827.829
817.197
1004.01
424.977
310.082
264.757
242.168
230.187
224.241
222.218
223.004
225.97
230.737
237.074
244.84
253.953
264.375
276.093
289.122
303.491
319.247
336.452
355.179
375.512
397.551
421.404
447.197
475.061
504.324
531.212
555.129
579.083
605.427
635.108
667.98
703.068
738.735
772.759
802.287
823.732
832.669
823.5
1029.41
435.49
317.605
271.056
247.817
235.451
229.267
227.097
227.801
230.728
235.492
241.852
249.664
258.841
269.341
281.15
294.279
308.756
324.626
341.947
360.788
381.233
403.373
427.312
453.163
481.043
509.92
535.922
559.487
583.473
609.936
639.635
672.331
707.022
742.094
775.399
804.217
825.197
834.324
826.76
1053.01
445.221
324.563
276.878
253.034
240.306
233.897
231.585
232.204
235.089
239.839
246.211
254.052
263.273
273.829
285.702
298.902
313.454
329.4
346.796
365.708
386.215
408.407
432.383
458.251
486.117
514.428
539.318
562.348
586.225
612.684
642.264
674.616
708.711
742.978
775.363
803.298
823.684
832.921
826.902
1074.76
454.155
330.943
282.212
257.808
244.744
238.123
235.676
236.211
239.048
243.779
250.15
258.007
267.256
277.848
289.764
303.009
317.607
333.598
351.033
369.978
390.509
412.711
436.685
462.537
490.293
517.584
541.287
563.709
587.377
613.694
642.989
674.814
708.123
741.403
772.71
799.653
819.406
828.721
823.917
1094.64
462.292
336.741
287.052
262.135
248.761
241.942
239.367
239.82
242.608
247.312
253.675
261.536
270.798
281.41
293.35
306.62
321.241
337.25
354.696
373.642
394.159
416.332
440.256
466.039
493.237
518.86
541.496
563.419
586.884
612.986
641.875
673.024
705.395
737.545
767.655
793.518
812.565
821.849
817.986
1112.57
469.611
341.946
291.39
266.008
252.352
245.352
242.657
243.031
245.769
250.443
256.791
264.647
273.913
284.532
296.48
309.759
324.385
340.392
357.828
376.75
397.225
419.333
443.158
468.779
495.07
518.837
540.231
561.616
584.843
610.658
639.034
669.385
700.702
731.623
760.453
785.169
803.431
812.539
809.365
1128.31
476.039
346.537
295.218
269.423
255.516
248.351
245.547
245.847
248.534
253.177
259.505
267.35
276.611
287.228
299.175
312.451
327.07
343.064
360.476
379.36
399.782
421.815
445.546
470.753
495.31
517.136
537.416
558.379
581.354
606.794
634.542
663.987
694.16
723.788
751.298
774.83
792.244
801.056
798.376
1141.56
481.644
350.523
298.535
272.38
258.25
250.94
248.037
248.268
250.908
255.517
261.823
269.654
278.904
289.513
301.453
314.719
329.325
345.3
362.683
381.525
401.886
423.831
447.401
471.689
494.02
513.95
533.327
553.907
576.557
601.505
628.508
656.954
685.925
714.232
740.415
762.762
779.302
787.742
785.427
1152.67
486.405
353.9
301.341
274.875
260.555
253.119
250.128
250.297
252.892
257.468
263.75
271.563
280.799
291.397
303.326
316.581
331.174
347.13
364.489
383.299
403.623
425.531
448.678
470.998
490.932
509.377
528.137
548.359
570.595
594.935
621.094
648.478
676.227
703.224
728.116
749.314
764.995
773.037
770.997
1162.21
490.24
356.639
303.623
276.907
262.429
254.887
251.82
251.934
254.487
259.031
265.287
273.08
282.299
292.883
304.801
318.045
332.626
348.57
365.911
384.694
404.969
426.649
448.501
468.429
486.403
503.895
522.151
541.95
563.658
587.286
612.536
638.841
665.387
691.129
714.801
734.921
749.79
757.439
755.611
1169.96
493.114
358.726
305.377
278.473
263.873
256.246
253.116
253.18
255.694
260.206
266.434
274.202
283.401
293.968
305.872
319.106
333.683
349.628
366.975
385.764
406.01
426.994
446.603
464.325
481.032
497.833
515.597
534.893
555.986
578.844
603.169
628.419
653.824
678.395
700.94
720.069
734.189
741.461
739.79
1173.92
495.223
360.227
306.627
279.583
264.893
257.199
254.016
254.038
256.514
260.991
267.188
274.926
284.097
294.638
306.52
319.741
334.315
350.276
367.672
386.558
406.495
425.764
443.388
459.638
475.396
491.522
508.714
527.426
547.856
569.939
593.375
617.637
641.989
665.489
687.009
705.235
718.664
725.569
723.997
1176.35
496.355
361.093
307.364
280.24
265.491
257.75
254.527
254.51
256.948
261.388
267.546
275.245
284.375
294.874
306.716
319.898
334.443
350.392
367.798
386.508
405.478
423.271
439.485
454.631
469.541
485
501.609
519.745
539.544
560.91
583.535
606.902
630.299
652.827
673.413
690.811
703.591
710.127
708.586
1176.59
496.638
361.353
307.601
280.452
265.677
257.907
254.653
254.602
257.002
261.401
267.513
275.16
284.233
294.669
306.439
319.541
333.994
349.841
367.134
385.52
403.452
419.861
434.85
449.06
463.286
478.219
494.369
512.035
531.302
552.049
573.959
596.525
619.06
640.701
660.426
677.049
689.207
695.356
693.767
1174.7
496.091
361.031
307.354
280.233
265.462
257.682
254.406
254.325
256.688
261.041
267.1
274.686
283.689
294.043
305.716
318.702
333.014
348.679
365.739
383.888
400.965
415.967
429.753
443.139
456.825
471.371
487.18
504.479
523.308
543.524
564.805
586.654
608.404
629.23
648.152
664.037
675.585
681.323
679.603
1170.82
494.76
360.154
306.646
279.601
264.862
257.088
253.8
253.694
256.02
260.325
266.327
273.846
282.77
293.035
304.605
317.468
331.629
347.096
363.869
381.786
398.537
412.246
424.897
437.475
450.615
464.766
480.24
497.196
515.629
535.367
556.08
577.277
598.306
618.371
636.534
651.709
662.651
667.952
666.028
1165.2
492.688
358.752
305.5
278.577
263.897
256.145
252.855
252.727
255.017
259.273
265.214
272.662
281.506
291.681
303.155
315.92
329.985
345.375
362.125
379.661
395.38
408.585
420.53
432.392
444.913
458.565
473.626
490.2
508.233
527.517
547.701
568.289
588.64
607.982
625.414
639.894
650.229
655.067
652.877
1157.92
489.95
356.868
303.949
277.188
262.591
254.876
251.591
251.446
253.701
257.906
263.783
271.153
279.909
289.988
301.361
314.024
327.995
343.306
359.897
376.897
392.274
405.128
416.487
427.655
439.524
452.628
467.237
483.41
501.043
519.886
539.559
559.555
579.244
597.875
614.581
628.361
638.074
642.419
639.911
1149.29
486.6
354.541
302.023
275.462
260.97
253.304
250.033
249.875
252.095
256.247
262.053
269.337
277.992
287.957
299.203
311.732
325.569
340.759
357.245
373.934
388.754
401.097
411.938
422.57
433.947
446.633
460.878
476.706
493.965
512.373
531.53
550.922
569.928
587.825
603.779
616.834
625.896
629.715
626.85
1139.48
482.725
351.817
299.757
273.427
259.059
251.455
248.206
248.039
250.225
254.322
260.052
267.241
275.78
285.606
296.69
309.031
322.648
337.585
353.901
370.733
384.989
396.497
406.668
416.838
427.901
440.348
454.368
469.931
486.849
504.817
523.427
542.169
560.443
577.555
592.71
604.997
613.373
616.636
613.39
1128.77
478.382
348.737
297.184
271.112
256.885
249.357
246.137
245.968
248.124
252.167
257.821
264.91
273.323
282.996
293.893
306.004
319.339
333.921
349.789
366.54
380.66
391.231
400.67
410.441
421.323
433.663
447.549
462.888
479.462
496.954
514.96
532.989
550.465
566.731
581.034
592.509
600.167
602.856
599.227
1117.36
473.633
345.336
294.33
268.543
254.475
247.034
243.856
243.692
245.825
249.821
255.405
262.4
270.693
280.215
290.925
302.803
315.845
330.05
345.41
361.798
376.046
385.495
394.125
403.516
414.25
426.501
440.243
455.322
471.494
488.442
505.773
523.018
539.634
555.001
568.409
579.044
585.968
588.085
584.1
1105.3
468.511
341.641
291.221
265.742
251.851
244.512
241.385
241.238
243.361
247.323
252.85
259.767
267.96
277.355
287.909
299.598
312.415
326.377
341.539
357.06
369.182
378.235
386.651
395.924
406.574
418.702
432.222
446.95
462.629
478.949
495.531
511.931
527.639
542.073
554.564
564.349
570.544
572.111
567.819
1092.58
463.043
337.673
287.877
262.728
249.032
241.808
238.746
238.628
240.753
244.696
250.186
257.05
265.174
274.483
284.926
296.467
309.073
322.703
337.226
351.057
361.773
370.153
378.421
387.648
398.196
410.117
423.304
437.564
452.646
468.248
484.013
499.522
514.294
527.781
539.352
548.295
553.781
554.836
550.302
1079.16
457.192
333.434
284.308
259.517
246.032
238.936
235.949
235.871
238.01
241.949
247.422
254.262
262.357
271.637
282.056
293.578
306.167
319.508
332.634
344.128
353.173
361.167
369.44
378.635
389.019
400.63
413.371
427.058
441.451
456.264
471.163
485.751
499.576
512.117
522.779
530.898
535.703
536.287
531.578
1064.79
450.967
328.94
280.533
256.124
242.863
235.904
233
232.966
235.125
239.066
244.533
251.364
259.459
268.761
279.239
290.871
303.236
315.411
326.525
335.938
344.039
351.76
359.891
368.899
378.992
390.194
402.407
415.451
429.096
443.077
457.08
470.737
483.618
495.223
504.988
512.3
516.447
516.599
511.775
1049.01
444.414
324.228
276.576
252.565
239.538
232.72
229.899
229.909
232.083
236.02
241.47
248.279
256.361
265.673
276.181
287.559
298.826
309.385
318.732
326.869
334.31
341.706
349.612
358.371
368.131
378.89
390.541
402.908
415.775
428.899
441.995
454.722
466.667
477.341
486.213
492.726
496.231
495.978
491.087
1032.2
437.58
319.33
272.46
248.86
236.071
229.395
226.653
226.699
228.877
232.79
238.193
244.935
252.93
262.138
272.406
282.936
292.811
301.688
309.597
316.797
323.735
330.883
338.616
347.161
356.606
366.923
378.002
389.676
401.745
413.996
426.185
437.995
449
458.73
466.706
472.422
475.297
474.664
469.741
1015.35
430.558
314.281
268.213
245.032
232.483
225.947
223.28
223.355
225.524
229.396
234.725
241.355
249.187
258.15
268.069
277.581
285.51
292.694
299.414
305.933
312.55
319.556
327.175
335.537
344.676
354.547
365.039
375.997
387.244
398.61
409.908
420.817
430.872
439.635
446.707
451.63
453.891
452.901
447.974
998.884
423.496
309.157
263.882
241.116
228.805
222.406
219.811
219.91
222.066
225.892
231.145
237.671
245.378
254.226
263.309
270.543
276.841
282.793
288.716
294.797
301.208
308.106
315.606
323.762
332.569
341.966
351.842
362.053
372.463
382.982
393.441
403.434
412.5
420.283
426.446
430.587
432.254
430.931
426.022
983.205
416.525
304.031
259.519
237.153
225.071
218.803
216.276
216.399
218.543
222.327
227.505
233.912
241.422
249.573
256.645
262.385
267.511
272.648
278.036
283.8
290.026
296.78
304.101
311.99
320.411
329.289
338.511
347.97
357.603
367.341
376.95
385.977
394.036
400.847
406.121
409.505
410.603
408.97
404.09
968.901
409.743
298.966
255.174
233.184
221.316
215.168
212.703
212.847
214.986
218.746
223.895
230.28
237.299
243.491
248.748
253.321
257.765
262.441
267.507
273.039
279.074
285.629
292.697
300.247
308.221
316.532
325.087
333.841
342.768
351.747
360.46
368.504
375.581
381.455
385.876
388.538
389.1
387.179
382.339
956.491
403.304
294.077
250.924
229.261
217.573
211.522
209.101
209.253
211.371
215.094
220.207
226.022
231.138
235.697
239.817
243.78
247.87
252.288
257.138
262.465
268.284
274.583
281.332
288.479
295.955
303.673
311.59
319.705
327.96
336.171
343.974
351.049
357.182
362.177
365.801
367.79
367.856
365.677
360.886
949.442
398.346
289.735
246.915
225.449
213.875
207.882
205.477
205.609
207.679
211.275
215.587
219.406
223.109
226.726
230.307
233.982
237.897
242.163
246.846
251.976
257.552
263.55
269.929
276.627
283.569
290.71
298.054
305.576
313.168
320.578
327.481
333.65
338.909
343.089
345.978
347.35
346.963
344.553
339.823
946.106
393.981
285.623
243.03
221.708
210.213
204.25
201.839
201.925
203.669
206.11
208.715
211.448
214.365
217.452
220.714
224.2
227.975
232.1
236.61
241.519
246.817
252.476
258.447
264.665
271.082
277.699
284.506
291.445
298.363
304.971
311.023
316.359
320.822
324.264
326.489
327.302
326.506
323.893
319.23
929.908
388.558
281.3
239.121
217.981
206.564
200.608
197.998
197.358
197.929
199.237
201.028
203.161
205.597
208.316
211.311
214.595
218.196
222.136
226.431
231.079
236.063
241.35
246.886
252.624
258.554
264.677
270.964
277.324
283.54
289.369
294.642
299.225
302.988
305.78
307.418
307.734
306.571
303.773
299.18
910.84
382.875
277.193
235.376
214.361
202.842
196.4
192.976
191.475
191.27
191.924
193.171
194.868
196.945
199.366
202.111
205.176
208.563
212.276
216.312
220.662
225.3
230.19
235.285
240.564
246.033
251.676
257.442
263.196
268.718
273.828
278.398
282.316
285.477
287.708
288.84
288.726
287.239
284.272
279.738
889.76
377.336
272.907
231.472
210.317
198.288
191.213
187.174
185.093
184.33
184.485
185.308
186.652
188.428
190.583
193.084
195.913
199.059
202.513
206.261
210.286
214.559
219.042
223.706
228.551
233.568
238.731
243.965
249.095
253.949
258.406
262.357
265.7
268.333
270.09
270.807
270.344
268.588
265.465
260.966
893.451
371.551
267.519
226.202
204.908
192.636
185.252
180.831
178.342
177.18
176.967
177.464
178.518
180.03
181.937
184.197
186.783
189.673
192.85
196.294
199.983
203.887
207.972
212.225
216.643
221.211
225.889
230.566
235.084
239.321
243.18
246.572
249.407
251.576
252.939
253.332
252.609
250.657
247.41
242.911
888.868
365.184
261.224
219.96
198.637
186.254
178.69
174.039
171.292
169.863
169.388
169.635
170.45
171.73
173.408
175.435
177.777
180.408
183.304
186.442
189.797
193.337
197.04
200.898
204.901
209.025
213.213
217.337
221.276
224.941
228.253
231.129
233.496
235.249
236.263
236.389
235.481
233.419
230.119
225.619
868.277
355.305
253.424
212.816
191.712
179.362
171.732
166.957
164.051
162.443
161.78
161.832
162.448
163.525
164.991
166.797
168.903
171.28
173.9
176.74
179.772
182.967
186.308
189.787
193.389
197.082
200.786
204.388
207.798
210.946
213.763
216.172
218.108
219.478
220.177
220.074
219.042
216.967
213.723
209.126
842.205
343.51
244.506
204.941
184.277
172.101
164.51
159.697
156.706
154.982
154.18
154.079
154.529
155.427
156.701
158.299
160.181
162.314
164.672
167.228
169.954
172.825
175.827
178.948
182.17
185.452
188.703
191.832
194.773
197.467
199.85
201.854
203.417
204.458
204.885
204.585
203.446
201.356
198.16
193.52
809.493
329.872
234.617
196.453
176.433
164.567
157.112
152.337
149.321
147.529
146.631
146.409
146.719
147.46
148.559
149.965
151.637
153.543
155.653
157.942
160.383
162.953
165.639
168.429
171.299
174.197
177.038
179.755
182.293
184.598
186.608
188.276
189.531
190.302
190.505
190.031
188.776
186.623
183.413
178.915
772.031
314.88
224.012
187.517
168.3
156.854
149.619
144.943
141.951
140.133
139.17
138.855
139.049
139.652
140.594
141.824
143.301
144.994
146.873
148.914
151.09
153.382
155.778
158.264
160.811
163.356
165.834
168.196
170.39
172.364
174.063
175.44
176.43
176.968
176.97
176.339
174.977
172.773
169.583
165.253
731.751
299.07
212.973
178.318
160.012
149.065
142.107
137.579
134.65
132.837
131.837
131.452
131.549
132.032
132.834
133.903
135.201
136.695
138.36
140.171
142.102
144.138
146.268
148.473
150.717
152.945
155.106
157.158
159.051
160.734
162.159
163.28
164.036
164.359
164.172
163.393
161.934
159.696
156.566
152.444
690.143
282.879
201.747
169.025
151.693
141.292
134.653
130.306
127.468
125.683
124.667
124.231
124.248
124.628
125.304
126.227
127.36
128.673
130.139
131.736
133.441
135.242
137.125
139.069
141.035
142.978
144.859
146.636
148.258
149.677
150.857
151.745
152.284
152.412
152.06
151.155
149.622
147.379
144.34
140.436
648.244
266.639
190.529
159.774
143.446
133.619
127.322
123.175
120.447
118.709
117.692
117.22
117.172
117.461
118.026
118.818
119.801
120.947
122.23
123.629
125.125
126.708
128.36
130.06
131.774
133.465
135.096
136.625
138.003
139.184
140.137
140.811
141.156
141.113
140.621
139.618
138.04
135.818
132.886
129.197
606.847
250.596
179.466
150.673
135.354
126.11
120.165
116.232
113.626
111.945
110.94
110.443
110.341
110.552
111.017
111.691
112.539
113.533
114.649
115.868
117.173
118.553
119.989
121.46
122.945
124.41
125.817
127.119
128.273
129.239
129.988
130.474
130.651
130.465
129.861
128.787
127.187
125.003
122.184
118.696
566.484
234.923
168.661
141.797
127.476
118.813
113.224
109.51
107.033
105.418
104.431
103.918
103.771
103.914
104.291
104.86
105.586
106.443
107.409
108.464
109.596
110.791
112.031
113.297
114.569
115.826
117.03
118.125
119.069
119.844
120.414
120.739
120.774
120.471
119.781
118.658
117.052
114.915
112.205
108.898
527.484
219.736
158.187
133.198
119.853
111.762
106.527
103.033
100.687
99.1425
98.1809
97.6581
97.4742
97.558
97.8566
98.3299
98.9464
99.6808
100.512
101.421
102.397
103.427
104.493
105.578
106.665
107.734
108.748
109.65
110.411
111.015
111.428
111.614
111.528
111.128
110.37
109.212
107.61
105.522
102.913
99.7653
490.074
205.112
148.09
124.91
112.512
104.979
100.09
96.8143
94.6017
93.1305
92.1984
91.6714
91.4566
91.4877
91.7155
92.1025
92.6195
93.2425
93.9522
94.7321
95.5694
96.452
97.3656
98.2907
99.2105
100.108
100.946
101.68
102.283
102.739
103.016
103.079
102.89
102.408
101.595
100.412
98.8195
96.7792
94.2628
91.2535
454.35
191.091
138.396
116.954
105.467
98.474
93.9231
90.8616
88.7816
87.3854
86.486
85.9591
85.7188
85.7033
85.867
86.1751
86.6005
87.1212
87.7195
88.381
89.0929
89.8421
90.6139
91.391
92.1586
92.8998
93.5837
94.1727
94.6401
94.9678
95.1275
95.0872
94.8118
94.2645
93.4094
92.2107
90.6314
88.6375
86.2038
83.3147
420.362
177.697
129.121
109.338
98.7259
92.2524
88.0285
85.176
83.2268
81.9063
81.0419
80.5189
80.2578
80.2013
80.3073
80.5434
80.8845
81.3106
81.8054
82.3552
82.9477
83.5702
84.2086
84.8482
85.4764
86.0777
86.6246
87.0837
87.4323
87.6506
87.7121
87.587
87.2429
86.6455
85.7607
84.5553
82.9941
81.0454
78.6863
75.9015
388.138
164.943
120.271
102.066
92.289
86.314
82.4053
79.7555
77.9345
76.6896
75.8621
75.3461
75.0685
74.9764
75.0308
75.2017
75.4661
75.8052
76.204
76.6495
77.13
77.6337
78.1479
78.6603
79.1604
79.6333
80.0535
80.3939
80.6371
80.7605
80.7387
80.5437
80.1449
79.5099
78.6059
77.4009
75.8611
73.9559
71.6636
68.9687
357.686
152.831
111.846
95.1377
86.1549
80.6563
77.05
74.5962
72.9001
71.7303
70.941
70.435
70.145
70.0223
70.031
70.1434
70.3381
70.598
70.9088
71.2584
71.6357
72.0301
72.4308
72.8271
73.2093
73.5624
73.866
74.0991
74.2457
74.2834
74.188
73.9327
73.4886
72.8243
71.9081
70.7081
69.191
67.3265
65.093
62.4743
328.947
141.352
103.844
88.5503
80.3208
75.2755
71.9584
69.6931
68.1184
67.0228
66.2728
65.7793
65.4806
65.3321
65.3006
65.3608
65.4927
65.6805
65.9111
66.1729
66.4559
66.7504
67.0472
67.337
67.6099
67.8531
68.0506
68.1857
68.243
68.2016
68.0388
67.7295
67.2457
66.5575
65.6333
64.4404
62.9455
61.118
58.9353
56.3793
301.894
130.509
96.267
82.3034
74.7844
70.1682
67.1263
65.0413
63.5841
62.5614
61.8513
61.3727
61.0688
60.899
60.8326
60.8464
60.922
61.0446
61.202
61.3838
61.5806
61.7839
61.9853
62.1768
62.3492
62.4918
62.592
62.6358
62.6093
62.4936
62.2677
61.9078
61.3877
60.678
59.7475
58.5624
57.0884
55.2935
53.1535
50.6474
276.663
120.378
89.1373
76.4042
69.5467
65.3326
62.5501
60.6367
59.2922
58.3407
57.6711
57.2093
56.9036
56.7166
56.6203
56.5933
56.6186
56.6826
56.7739
56.883
57.0013
57.1211
57.2349
57.3356
57.4151
57.4646
57.4738
57.4314
57.3249
57.1375
56.8502
56.441
55.885
55.154
54.2167
53.0389
51.584
49.8175
47.7125
45.2441
253.326
110.943
82.4547
70.8529
64.6068
60.7664
58.2269
56.4753
55.2385
54.3562
53.7271
53.2839
52.9793
52.7792
52.6578
52.5954
52.5764
52.5881
52.6201
52.6633
52.71
52.7532
52.7861
52.8024
52.7952
52.7571
52.6799
52.5543
52.3695
52.1107
51.7611
51.3009
50.707
49.9524
49.0064
47.8337
46.3958
44.6544
42.5782
40.1367
231.617
102.111
76.1802
65.6288
59.9513
56.4599
54.1485
52.5503
51.4167
50.602
50.0141
49.5916
49.2914
49.0822
48.9406
48.8483
48.7908
48.7564
48.7351
48.7188
48.7001
48.6726
48.6301
48.5671
48.4775
48.3554
48.194
47.986
47.7219
47.3894
46.9739
46.4581
45.8212
45.0381
44.0793
42.9089
41.486
39.7678
37.7169
35.294
211.487
93.8508
70.2926
60.7177
55.5702
52.4056
50.3092
48.8568
47.8228
47.0747
46.5289
46.1294
45.8372
45.6234
45.4665
45.3497
45.2594
45.1846
45.116
45.0457
44.9669
44.8735
44.7598
44.6208
44.4514
44.2465
44.0008
43.7083
43.3613
42.9497
42.4613
41.8817
41.1931
40.3734
39.395
38.2228
36.8136
35.1193
33.0944
30.6862
192.933
86.1553
64.7841
56.1131
51.4585
48.5996
46.706
45.3929
44.4555
43.7737
43.2715
42.898
42.6175
42.4037
42.2366
42.1006
41.9829
41.8732
41.7624
41.643
41.5083
41.3525
41.1701
40.9566
40.7073
40.4182
40.0848
39.7027
39.2657
38.7659
38.1939
37.5383
36.7853
35.9169
34.9091
33.7291
32.3329
30.667
28.6751
26.285
175.959
79.0284
59.6553
51.8151
47.6166
45.0431
43.3411
42.1615
41.3186
40.7033
40.2467
39.9025
39.6379
39.4288
39.2566
39.1066
38.9668
38.8271
38.6786
38.5139
38.3262
38.1095
37.8587
37.569
37.2366
36.8578
36.4294
35.9481
35.4098
34.8085
34.1377
33.3897
32.5551
31.6214
30.5705
29.3744
27.9913
26.3634
24.4212
22.0639
160.577
72.4816
54.9146
47.8311
44.0522
41.7444
40.2235
39.1724
38.4226
37.8749
37.4666
37.1553
36.911
36.7114
36.5391
36.3803
36.2231
36.0577
35.8751
35.6675
35.4278
35.1494
34.8269
34.4554
34.031
33.5509
33.0129
32.4156
31.7574
31.0352
30.2457
29.3848
28.448
27.4289
26.3175
25.0948
23.7256
22.152
20.29
17.998
146.794
66.5349
50.58
44.179
40.7834
38.7226
37.3732
36.4467
35.7894
35.3108
34.9538
34.6794
34.4599
34.2746
34.1071
33.944
33.7737
33.5861
33.3719
33.1223
32.8293
32.4851
32.083
31.6172
31.0831
30.4783
29.8025
29.0575
28.2469
27.3735
26.4386
25.4417
24.3823
23.2594
22.0712
20.8108
19.4576
17.9621
16.2299
14.0665
134.676
61.2223
46.69
40.8957
37.847
36.0148
34.8282
34.0229
33.4579
33.0503
32.7475
32.5135
32.3229
32.1561
31.9975
31.8341
31.6543
31.4473
31.203
30.9111
30.5616
30.1442
29.6491
29.0672
28.3913
27.6173
26.7463
25.7871
24.7571
23.6775
22.5591
21.4044
20.2125
18.9829
17.7171
16.4193
15.0898
13.7049
12.1798
10.2662
124.123
56.7627
43.3634
38.0658
35.3162
33.6907
32.6567
31.9681
31.494
31.1575
30.91
30.7185
30.5591
30.4135
30.2669
30.1062
29.9198
29.696
29.4232
29.0889
28.6796
28.1807
27.5759
26.8478
25.9791
24.9552
23.7706
22.44
21.0199
19.6134
18.2526
16.9306
15.6317
14.3417
13.0529
11.7695
10.5103
9.29525
8.09865
6.65388
122.181
54.0067
40.8156
35.8248
33.3157
31.871
30.9748
30.3929
30.0024
29.7317
29.5359
29.3843
29.2548
29.1301
28.9961
28.8399
28.6494
28.412
28.1142
27.741
27.2745
26.6928
25.9691
25.0691
23.9491
22.5543
20.8217
18.7046
16.2885
14.2539
12.584
11.1644
9.90297
8.73999
7.64307
6.60462
5.64233
4.78654
4.04453
3.3453
27.4227
43.9184
37.7634
34.0899
31.9957
30.7451
29.9671
29.4678
29.139
28.9159
28.7569
28.6337
28.5256
28.4162
28.2918
28.1397
27.9474
27.7018
27.3879
26.9881
26.4805
25.8364
25.0163
23.963
22.5872
20.7378
18.1269
14.0909
6.12871
3.05195
2.05772
1.64365
1.39143
1.20423
1.05548
0.934509
0.831948
0.737893
0.630628
0.61251
)
;

boundaryField
{
    inlet
    {
        type            epsilonWallFunction;
        value           nonuniform List<scalar> 10(0.0255618 0.0060619 0.000848155 0.000683061 0.000607862 0.000607862 0.000683061 0.000848155 0.0060619 0.0255618);
    }
    inletWall
    {
        type            epsilonWallFunction;
        value           nonuniform List<scalar> 
30
(
0.0325755
0.0314659
0.0296215
0.0276304
0.0255618
0.13159
0.0794358
0.0576081
0.0442505
0.0370799
2.42348
0.298968
0.248992
0.208834
0.166005
0.0325755
0.0314659
0.0296215
0.0276304
0.0255618
0.13159
0.0794358
0.0576081
0.0442505
0.0370799
2.42415
0.298971
0.248992
0.208834
0.166005
)
;
    }
    bottleWall
    {
        type            epsilonWallFunction;
        value           nonuniform List<scalar> 
290
(
7.01727
34.382
67.94
101.262
133.947
164.978
195.109
224.464
253.211
281.555
309.736
338
366.911
397.153
428.256
460.35
493.524
527.773
563.023
599.109
635.798
672.902
710.147
747.213
783.684
819.595
854.746
888.688
920.556
950.696
979.239
1006.5
1031.9
1055.44
1077.1
1096.81
1114.6
1130.19
1143.27
1154.32
1163.95
1171.23
1175.16
1177.62
1177.81
1175.88
1171.98
1166.3
1158.99
1150.24
1140.33
1129.39
1117.72
1105.43
1092.56
1079.21
1064.69
1048.94
1032.06
1015.14
998.576
982.72
968.111
955.264
947.116
942.9
929.477
905.232
889.456
890.283
885.75
865.606
840.208
808.472
771.62
731.764
690.416
648.676
607.36
567.019
527.989
490.541
454.807
420.836
388.642
358.213
329.513
302.523
277.287
253.993
232.327
212.224
193.673
176.683
161.256
147.417
135.227
124.967
135.489
121.819
1152.02
1111.51
1059.83
997.395
926.088
849.407
776.966
713.041
654.533
600.83
551.972
507.982
468.671
433.624
402.285
374.048
348.337
324.65
302.581
281.819
262.132
243.355
225.373
208.104
191.494
175.505
160.108
145.282
131.009
117.272
104.052
91.3298
79.0719
67.1288
55.4629
44.3791
33.4292
22.763
13.6437
7.01727
1180.97
1200.51
1213.33
1220.57
1223.33
1223.37
1220.71
1213.6
1200.95
1181.61
6.98684
13.6215
22.7515
33.4102
44.3457
55.4126
67.05
78.974
91.2068
103.902
117.093
130.8
145.04
159.832
175.194
191.147
207.719
224.949
242.893
261.63
281.274
301.991
324.009
347.638
373.281
401.436
432.68
467.616
506.806
550.669
599.403
652.988
711.382
775.159
847.307
924.099
995.634
1058.35
1110.33
1151.13
6.98684
34.3145
67.8232
101.088
133.73
164.732
194.837
224.17
252.896
281.221
309.38
337.618
366.48
396.67
427.702
459.716
492.797
526.937
562.066
598.011
634.556
671.507
708.6
745.479
781.784
817.6
852.621
886.433
918.045
948.124
976.692
1004.01
1029.41
1053.01
1074.76
1094.64
1112.57
1128.31
1141.56
1152.67
1162.21
1169.96
1173.92
1176.35
1176.59
1174.7
1170.82
1165.2
1157.92
1149.29
1139.48
1128.77
1117.36
1105.3
1092.58
1079.16
1064.79
1049.01
1032.2
1015.35
998.884
983.205
968.901
956.491
949.442
946.106
929.908
910.84
889.76
893.451
888.868
868.277
842.205
809.493
772.031
731.751
690.143
648.244
606.847
566.484
527.484
490.074
454.35
420.362
388.138
357.686
328.947
301.894
276.663
253.326
231.617
211.487
192.933
175.959
160.577
146.794
134.676
124.123
122.181
27.4227
)
;
    }
    atmosphere
    {
        type            inletOutlet;
        inletValue      uniform 0.1;
        value           nonuniform List<scalar> 
80
(
0.1
0.1
0.1
0.1
0.1
0.1
0.1
0.1
0.1
0.1
0.1
0.1
14.119
18.1616
20.7769
22.6294
24.0075
25.0625
25.8838
26.5289
27.0373
27.4376
27.752
27.9981
28.1908
28.3434
28.4683
28.5784
28.6874
28.8118
28.9725
29.1984
29.5322
30.0431
30.8522
32.1969
34.613
39.5929
53.1076
121.819
27.4227
43.9184
37.7634
34.0899
31.9957
30.7451
29.9671
29.4678
29.139
28.9159
28.7569
28.6337
28.5256
28.4162
28.2918
28.1397
27.9474
27.7018
27.3879
26.9881
26.4805
25.8364
25.0163
23.963
22.5872
20.7378
18.1269
14.0909
0.1
0.1
0.1
0.1
0.1
0.1
0.1
0.1
0.1
0.1
0.1
0.1
)
;
    }
    frontAndBack
    {
        type            empty;
    }
}


// ************************************************************************* //
