/*--------------------------------*- C++ -*----------------------------------*\
  =========                 |
  \\      /  F ield         | OpenFOAM: The Open Source CFD Toolbox
   \\    /   O peration     | Website:  https://openfoam.org
    \\  /    A nd           | Version:  8
     \\/     M anipulation  |
\*---------------------------------------------------------------------------*/
FoamFile
{
    version     2.0;
    format      ascii;
    class       volScalarField;
    location    "5.45";
    object      p;
}
// * * * * * * * * * * * * * * * * * * * * * * * * * * * * * * * * * * * * * //

dimensions      [1 -1 -2 0 0 0 0];

internalField   nonuniform List<scalar> 
9150
(
-204.279
-205.289
-205.906
-206.375
-206.607
-206.616
-206.376
-205.903
-205.281
-204.273
-224.332
-224.85
-225.27
-225.602
-225.78
-225.754
-225.583
-225.263
-224.844
-224.327
-244.224
-244.507
-244.758
-244.978
-245.099
-245.089
-244.976
-244.76
-244.505
-244.221
-263.962
-264.138
-264.306
-264.459
-264.541
-264.548
-264.464
-264.305
-264.137
-263.96
-283.583
-283.764
-283.901
-284.028
-284.086
-284.09
-284.028
-283.9
-283.763
-283.582
-118.255
-119.078
-118.808
-118.398
-118.226
-118.223
-118.402
-118.803
-119.079
-118.263
-133.764
-134.471
-134.648
-134.708
-134.62
-134.641
-134.748
-134.702
-134.523
-133.804
-150.256
-151.006
-151.309
-151.668
-151.725
-151.737
-151.677
-151.317
-151.01
-150.259
-167.126
-168.264
-168.714
-169.345
-169.517
-169.51
-169.342
-168.701
-168.251
-167.111
-184.126
-186.192
-186.947
-187.647
-187.909
-187.914
-187.642
-186.939
-186.188
-184.121
-24.4905
-26.0709
-28.0494
-29.1806
-29.7606
-29.7014
-29.1055
-27.9683
-26.0219
-24.4223
-44.9792
-45.2235
-46.1779
-46.4981
-46.9818
-47.031
-46.6008
-46.2561
-45.2248
-44.9505
-65.0409
-64.9184
-65.969
-65.5936
-66.0167
-66.0255
-65.4658
-65.9075
-64.8889
-65.0036
-87.8671
-85.056
-86.0351
-84.5243
-84.6702
-84.7156
-84.4972
-86.079
-85.0354
-87.8692
-113.645
-104.01
-103.55
-102.134
-101.73
-101.754
-102.111
-103.572
-103.995
-113.629
1040.64
1040.5
1039.84
1038.61
1037.08
1035.4
1033.7
1031.91
1032.73
1033.05
1019.67
1019.56
1018.78
1017.3
1015.67
1014.36
1013.21
1021.59
1020.33
1013.73
998.776
998.786
998.105
997.06
997.072
1000.22
1001.16
1002.03
1000.26
996.193
980.333
981.881
981.112
980.905
984.16
984.869
981.016
981.732
980.142
978.029
964.254
965.594
963.432
966.783
969.841
960.586
960.44
959.596
958.305
956.853
944.525
944.813
945.123
950.515
941.937
941.028
939.777
938.301
937.005
935.892
922.905
922.165
930.667
925.737
923.847
921.783
919.522
918.231
918.111
915.429
903.035
907.53
908.917
906.367
905.19
903.811
899.922
898.657
896.624
895.031
886.93
887.901
887.14
887.018
886.37
882.867
881.135
878.419
876.932
875.041
868.617
866.824
866.995
867.939
865.787
865.244
862.06
859.606
857.752
855.641
852.051
849.298
848.22
849.148
845.761
844.629
842.123
839.362
838.574
836.068
837.002
835.002
828.493
827.488
825.439
823.761
820.52
819.098
818.317
817.148
820.36
816.358
814.556
809.563
804.98
803.044
800.459
799.028
798.201
797.456
803.398
800.975
797.493
794.93
790.825
786.612
783.068
781.278
780.597
779.896
786.147
784.735
782.722
780.487
778.967
776.306
773.597
771.005
768.658
765.127
769.259
768.344
767.261
766.228
764.9
764.382
762.485
761.047
759.583
754.417
752.393
751.702
750.962
750.255
749.655
748.226
747.009
747.644
744.469
741.73
733.292
733.287
733.085
732.869
732.805
732.706
732.061
731.266
730.905
730.934
713.548
714.311
714.657
715.199
716.041
716.523
717.079
718.129
719.887
722.267
694.268
695.314
696.363
697.64
698.787
699.562
700.459
701.686
703.996
707.633
675.011
675.839
676.924
679.462
679.872
680.069
680.982
682.767
684.66
687.928
655.95
656.244
656.922
658.125
658.554
657.328
656.065
656.423
658.795
661.435
639.3
637.911
637.19
635.848
633.213
630.284
625.358
621.509
619.99
617.932
622.954
618.655
616.252
612.624
608.318
602.624
595.837
593.816
594.158
596.439
601.954
596.209
592.196
588.121
583.944
580.298
578.862
576.246
575.699
579.331
574.159
573.554
567.555
564.82
559.696
555.793
554.6
551.809
545.05
558.502
553.463
549.343
545.065
539.796
536.436
533.094
530.758
526.938
523.821
525.144
532.916
528.606
524.746
520.643
521.968
519.959
515.213
510.891
508.784
508.299
512.475
507.582
503.829
501.398
510.04
508.614
504.177
500.9
499.723
499.935
491.41
486.496
486.011
488.182
490.202
492.989
494.973
495.339
493.647
493.115
475.401
481.123
480.612
477.594
481.239
482.014
482.347
483.188
483.504
477.697
464.941
462.75
464.135
464.76
466.451
467.562
468.598
469.013
467.78
466.137
450.03
447.542
449.277
449.795
451.222
452.573
453.802
455.019
456.922
456.414
443.763
441.573
436.891
435.096
435.073
436.632
439.188
441.99
444.626
446.962
439.551
437.956
428.27
423.022
422.159
422.863
424.957
428.025
431.939
434.596
425.907
420.969
416.581
413.882
412.44
412.447
413.42
415.154
415.798
418.241
413.757
408.909
405.487
403.156
401.246
401.469
401.58
400.841
400.112
399.453
395.799
392.718
390.256
388.446
387.321
386.238
389.364
385.438
385.329
383.728
374.668
372.066
370.001
370.23
370.969
371.374
371.265
370.972
371.048
370.899
350.874
353.9
358.651
360.031
355.541
354.681
355.155
355.449
355.985
357.486
337.75
339.888
341.974
343.747
344.173
338.909
339.662
339.606
340.214
341.937
323.514
323.815
321.409
322.643
324.583
322.657
323.706
323.736
324.081
323.638
299.683
302.624
302.695
301.84
302.385
303.488
303.255
303.239
303.287
303.738
279.348
277.269
278.343
278.324
278.35
280.177
278.891
277.181
275.933
281.257
261.588
260.231
259.985
261.407
259.493
265.88
258.331
259.444
263.53
256.745
247.813
243.864
243.586
243.202
237.675
233.508
226.411
217.451
222.3
228.088
239.387
236.019
229.85
221.696
214.952
210.112
210.724
210.222
210.687
214.968
230.059
219.772
210.592
209.078
209.746
210.231
209.444
208.383
208.584
211.254
212.556
208.877
208.058
207.642
207.76
208.112
209.219
210.928
212.064
214.344
189.616
187.942
192.635
196.736
195.69
193.981
200.224
206.139
208.166
208.218
158.574
159.225
158.046
162.219
163.249
166.331
169.45
171.704
172.36
169.778
115.619
110.983
107.378
111.863
114.022
113.251
114.732
114.376
108.03
90.4447
90.6394
72.0928
67.2931
74.1514
84.5433
94.0658
92.3273
80.2294
75.0047
43.6742
77.9877
54.126
54.0103
70.6173
79.1452
80.9305
78.572
71.8352
81.582
47.316
59.6423
51.1831
60.9113
70.7118
78.4167
79.8226
75.4674
65.94
69.4464
58.0045
42.4823
45.3235
53.5961
60.3218
61.9592
65.5417
60.1555
60.2119
61.0392
59.7744
23.1996
35.6772
49.9578
56.5547
56.5314
56.6632
56.361
55.8514
55.8382
56.7272
13.0487
27.4926
46.5345
53.7308
55.5617
57.1737
58.4373
59.7937
58.185
54.3579
0.613504
10.3979
35.6541
55.301
62.9226
65.5154
74.6597
67.93
73.6092
54.8589
-1.54255
1.30009
20.6331
52.4286
72.7462
76.3304
79.861
76.6142
71.0652
66.8645
-1.36317
-0.28444
6.60787
33.6283
66.6466
81.835
80.7396
78.5952
74.3855
70.0567
-0.730179
-1.36279
0.43331
12.4411
52.2744
86.2165
76.3628
73.5055
69.5236
65.7942
-0.476169
-0.179762
-0.75947
1.52356
36.5031
82.1076
72.6845
65.7185
60.1925
57.0777
-0.276901
-0.251545
-0.542557
0.939976
19.3028
59.9868
63.419
57.4005
50.2922
48.4432
-0.504347
-0.59271
-0.182862
2.86438
13.0738
50.005
54.5118
31.5809
19.4946
23.5108
-0.737077
-0.732132
-0.646178
1.19887
13.7237
46.5063
21.9785
17.2195
9.60915
4.86175
-0.897809
-0.945355
-1.15464
-1.84553
46.2053
16.7717
9.86987
5.61349
2.94367
3.457
-0.985194
-1.05776
-1.07617
-1.26557
41.2561
16.6165
10.0479
2.35655
3.92382
0.371691
-0.938522
-0.963406
-0.905782
-0.913571
32.9273
24.5188
6.99365
1.45363
3.44446
-0.216354
-0.888672
-0.94538
-0.518948
-0.516895
28.0744
25.0796
0.312028
-1.01087
-2.1224
-1.14262
-1.01605
-1.03458
-0.717597
-0.842398
26.6599
25.6909
-1.11138
-1.60481
-1.40686
-1.24541
-1.06769
-0.97618
-0.92441
-0.940062
23.7643
28.1363
-2.01635
-1.31302
-1.28771
-1.28187
-1.10803
-1.09766
-1.03305
-1.04217
28.2583
23.6124
-1.91606
-1.27221
-1.34624
-1.35548
-1.24296
-1.24442
-1.17741
-1.19448
28.0373
23.4412
-1.58186
-1.38376
-1.40218
-1.40623
-1.3076
-1.30884
-1.31053
-1.30668
29.6485
20.8766
-1.37442
-1.40703
-1.4156
-1.41992
-1.3294
-1.33239
-1.36361
-1.4136
35.648
15.5646
-1.32931
-1.42307
-1.4369
-1.44238
-1.34733
-1.33108
-1.31328
-1.22638
9.72234
38.8356
-1.56124
-1.51298
-1.49885
-1.48528
-1.37686
-1.36053
-1.33466
-1.25072
10.3815
39.5509
-1.61249
-1.53907
-1.52342
-1.50755
-1.42813
-1.42494
-1.43514
-1.51021
33.2506
15.8942
-1.47352
-1.50524
-1.51881
-1.52077
-1.47235
-1.46867
-1.46374
-1.49833
22.3188
27.0076
-1.59438
-1.51288
-1.52359
-1.52163
-1.51182
-1.51151
-1.51495
-1.6123
28.0906
20.8827
-1.55637
-1.49565
-1.52975
-1.52876
-1.54006
-1.53505
-1.53293
-1.57501
22.8527
24.5297
-1.58838
-1.53802
-1.56139
-1.56513
-1.56042
-1.55584
-1.5532
-1.52257
20.669
24.2883
-1.54541
-1.57976
-1.5868
-1.59534
-1.57923
-1.57709
-1.57761
-1.50222
21.8244
20.3466
-1.52489
-1.60476
-1.6063
-1.61275
-1.60096
-1.60368
-1.60948
-1.55063
24.9216
14.3261
-1.52705
-1.61007
-1.61808
-1.62412
-1.62636
-1.63022
-1.63681
-1.6271
23.8196
13.1764
-1.59755
-1.63612
-1.64503
-1.65448
-1.64533
-1.64081
-1.63476
-1.68908
14.1706
21.282
-1.77462
-1.69644
-1.68843
-1.69193
-1.67297
-1.6635
-1.6585
-1.78764
10.8508
23.183
-1.88033
-1.73215
-1.71937
-1.72011
-1.71192
-1.70539
-1.70882
-1.84719
16.0738
13.9634
-1.87306
-1.74534
-1.74242
-1.74567
-1.74339
-1.71885
-1.71344
-1.7842
13.2877
12.7317
-1.87069
-1.77528
-1.76915
-1.7703
-1.76815
-1.75729
-1.7577
-1.88189
10.8947
9.72122
-1.8781
-1.78353
-1.78242
-1.78264
-1.79654
-1.7941
-1.79263
-2.04267
8.48731
5.60785
-2.03731
-1.78038
-1.7921
-1.79274
-1.82323
-1.81975
-1.82325
-1.83511
4.44113
5.09558
-2.09663
-1.81959
-1.81044
-1.80993
-1.83963
-1.8406
-1.90364
-1.44956
2.96722
3.80068
-2.50416
-1.90799
-1.83078
-1.83109
-1.85649
-1.85841
-2.03425
-1.87821
0.290283
1.51128
-1.49237
-1.96865
-1.84609
-1.84714
-1.86987
-1.86961
-2.19876
-1.14814
-0.254704
0.158768
-1.41921
-2.34292
-1.8716
-1.86987
-1.88631
-1.88141
-3.41648
-1.62824
-0.449611
-0.510587
-1.71952
-3.22422
-1.88214
-1.88781
-1.90253
-2.24565
-4.90509
-3.3242
-1.83397
-1.14533
-1.5738
-3.90974
-2.50002
-1.9072
-1.92584
-3.64036
-4.59913
-4.95875
-5.59094
-6.03642
-6.27163
-6.26159
-4.30304
-1.93147
-2.76908
-9.62813
-13.0824
-14.8456
-15.5231
-15.6735
-14.9787
-12.8787
-9.39695
-2.69912
1032.64
1032.57
1033.24
1033.51
1033.74
1034
1034.33
1034.78
1035.25
1035.61
1035.94
1036.29
1036.41
1036.95
1037.46
1038.25
1038.21
1037.56
1036.95
1036.23
1035.35
1034.68
1034.54
1035.01
1036.05
1037.67
1039.78
1042.13
1044.12
1045.16
1044.97
1044.2
1043.69
1044.46
1045.58
1047.08
1048.07
1048.64
1048.19
1048.23
1013.12
1013.11
1013.6
1013.9
1014.08
1014.34
1014.61
1015.13
1015.59
1015.87
1016.24
1016.47
1016.88
1017.2
1017.52
1017.5
1017.49
1017.01
1016.5
1015.96
1015.09
1014.1
1013.49
1013.63
1014.37
1015.52
1017.21
1019.34
1021.38
1022.99
1024.82
1026.21
1026.94
1027.84
1028.68
1028.23
1029.63
1029.8
1030.07
1030.24
995.212
994.725
994.535
994.418
994.446
994.537
994.756
995.164
996.041
996.418
996.527
996.975
997.238
997.536
998.266
997.477
997.033
996.58
996.164
995.494
994.46
992.611
990.522
990.308
990.887
991.487
992.902
995.323
998.443
1001.82
1005.02
1007.81
1010.92
1011.87
1012.77
1013.45
1013.52
1012.65
1012.99
1013.74
976.621
975.569
974.948
974.576
974.426
974.522
974.875
975.441
976.286
976.571
976.937
977.383
977.465
978.218
978.269
977.463
976.81
976.337
976.104
975.723
975.182
974.23
974.116
971.184
970.406
971.492
973.047
973.981
976.503
980.249
985.095
988.834
990.828
991.78
992.691
993.294
992.541
992.741
992.888
992.773
955.682
954.786
954.144
953.812
953.852
954.125
954.596
955.571
956.3
956.917
957.383
957.794
958.41
958.988
958.845
958.647
958.343
958.402
958.66
958.812
958.421
957.719
956.245
954.785
953.455
953.861
955.401
957.142
959.861
961.536
966.09
970.17
971.363
971.875
972.228
972.57
972.87
973.091
973.198
973.391
934.687
933.8
933.263
932.985
933.008
933.638
934.437
935.275
936.226
937.056
937.728
938.47
939.428
940.12
940.203
940.272
940.152
940.417
941.022
941.621
941.803
942.204
941.276
940.533
939.511
938.935
940.061
942.04
944.449
945.407
948.715
951.74
952.281
952.596
952.825
953.015
953.249
953.487
953.579
954.552
914.068
913.302
912.488
912.319
912.361
912.737
913.558
914.508
915.539
916.686
917.85
918.975
919.984
920.613
920.997
921.508
921.952
922.371
923.182
924.063
925.177
927.36
927.716
927.257
926.253
925.878
925.883
926.528
926.303
928.912
931.332
932.515
933.969
932.677
932.928
933.261
933.73
934.273
934.523
935.688
893.58
892.574
891.892
891.545
890.972
890.977
891.363
892.219
893.601
894.786
895.775
896.845
897.851
899.731
901.355
902.747
904.643
905.626
905.58
906.471
907.715
911.907
911.833
911.179
910.749
911.836
909.6
910.032
910.445
910.351
911.011
911.897
911.52
910.569
912.363
913.182
914.15
915.218
915.848
917.281
873.411
871.916
870.928
870.22
868.917
867.611
867.871
867.724
866.934
868.334
870.436
873.018
875.849
880.485
883.98
886.336
887.754
887.581
888.317
888.67
889.07
889.586
890.436
891.49
891.448
890.871
890.617
890.504
890.342
892.133
898.462
891.028
887.37
887.987
892.038
894.789
895.319
897.191
898.161
899.479
853.704
853.566
851.686
849.385
846.722
845.856
844.621
842.74
840.55
841.291
843.329
846.244
850.345
855.011
859.911
860.942
863.816
864.791
865.425
866.378
867.757
868.652
869.568
870.346
870.786
870.955
870.876
871.056
873.03
877.583
877.676
875.111
870.817
869.233
874.041
878.411
879.851
880.696
882.228
882.336
835.595
833.6
830.943
829.345
827.382
824.297
820.58
816.758
813.144
813.56
815.452
818.281
822.274
830.868
835.551
834.495
834.505
836.439
839.226
842.03
844.57
847.188
848.196
849.345
850.286
851.084
852.093
854.991
855.288
857.95
858.837
858.155
859.248
860.866
862.867
860.04
861.846
863.487
864.888
865.097
815.563
813.487
810.825
807.436
803.6
799.681
795.568
791.441
790.496
793.486
795.631
801.722
802.193
807.762
809.972
813.424
811.831
809.146
811.721
815.104
819.193
824.112
827.981
829.091
830.086
831.22
832.439
833.501
834.936
835.169
835.987
835.801
843.802
847.564
846.656
842.166
842.656
843.81
844.741
845.098
796.152
794.3
791.604
788.281
783.667
777.558
770.412
763.474
761.754
768.498
774.049
777.114
775.649
773.843
773.213
771.356
772.112
773.402
774.779
779.699
791.57
799.771
804.545
809.658
810.959
811.98
813.19
813.354
813.1
814.237
813.631
820.863
826.505
825.781
824.583
822.748
821.437
822.093
822.956
824.213
778.706
777.01
774.798
771.118
767.555
760.29
751.151
740.847
731.969
732.539
737.462
735.945
723.99
717.822
709.388
710.435
721.75
729.754
738.878
734.547
745.333
765.206
775.516
782.797
788.709
792.449
794.388
793.408
791.534
805.558
801.537
798.003
804.489
805.132
804.103
801.337
800.632
800.729
801.279
801.749
763.71
762.293
760.441
758.141
754.901
749.263
739.555
725.406
712.566
706.927
703.597
693.993
684.163
678.48
683.821
682.225
676.024
691.551
682.651
710.941
705.204
723.477
740.77
753.144
764.782
774.009
777.171
774.663
772.392
779.035
778.729
779.679
782.116
783.035
781.992
782.3
779.931
780.335
780.689
780.871
752.107
749.8
747.949
745.772
742.804
739.361
731.176
717.092
714.7
696.13
678.422
667.599
667.318
664.741
663.038
661.805
659.92
660.03
667.006
681.405
687.613
695.435
711.217
727.406
743.917
752.643
754.427
753.584
754.841
758.284
759.391
758.931
761.009
765.682
765.215
768.526
765.896
763.541
762.739
761.104
739.395
738.113
736.743
734.972
732.269
729.873
724.969
718.718
706.17
694.074
666.239
661.812
659.175
657.078
655.396
655.291
655.547
656.289
660.385
664.891
673.374
684.765
697.086
709.823
725.039
731.67
734.685
738.708
740.861
743.462
745.584
747.563
746.12
743.876
746.143
746.481
745.106
746.623
743.394
746.835
731.308
732.395
732.662
731.857
729.64
727.449
723.247
710.762
704.37
682.257
660.043
656.591
654.892
652.862
650.981
650.199
650.696
654.769
664.509
672.138
674.832
679.56
687.966
696.549
708.448
715.184
719.49
725.54
728.812
731.137
732.424
730.378
731.975
729.888
729.139
728.288
728.431
725.783
729.09
730.962
725.097
727.978
730.293
730.775
726.826
724.452
715.709
695.01
682.878
661.116
650.074
649.275
648.659
648.424
648.275
647.741
650.008
657.528
661.706
664.417
667.805
674.679
679.651
685.389
692.148
697.294
701.213
710.449
719.132
712.091
713.225
713.492
711.185
710.41
709.698
707.634
708.392
709.211
714.56
715.89
712.649
718.405
723.917
726.701
724.915
707.111
692.54
676.846
659.614
644.088
642.139
642.408
642.305
642.712
642.99
642.807
642.656
643.015
645.247
649.339
653.992
662.332
667.016
672.708
676.81
681.01
684.569
687.705
690.737
694.319
695.14
693.333
698.071
694.254
697.019
696.752
697.465
704.283
705.695
706.953
693.35
702.829
712.717
718.272
702.606
688.587
673.303
656.068
641.665
634.788
635.869
636.112
636.635
637.438
638.149
638.553
638.795
635.839
634.862
637.008
643.599
649.342
656.914
660.274
664.733
668.124
671.275
674.685
679.447
682.104
682.497
683.97
686.089
688.073
686.321
683.725
685.373
688.144
693.228
694.27
667.219
674.254
685.026
678.384
672.283
657.167
647.382
637.443
628.94
628.419
630.631
631.277
632.101
632.891
633.679
634.362
634.205
632.868
632.461
634.146
637.993
641.214
647.364
650.083
654.8
658.049
660.653
663.03
665.498
666.38
668.001
671.323
668.132
673.897
676.148
658.208
655.13
659.313
664.854
665.797
631.467
619.393
622.688
630.443
635.492
630.482
627.168
623.856
621.774
619.029
625.407
627.898
628.274
629.12
630.502
631.552
630.213
627.212
627.912
628.706
629.548
632.968
636.3
638.978
643.257
645.924
647.283
649.304
650.892
651.888
654.999
658.488
652.686
658.556
655.749
641.434
637.638
639.016
644.019
651.305
597.317
594.647
590.763
598.468
604.991
604.905
606.761
605.965
604.945
608.921
612.073
616.669
617.188
618.968
625.307
630.54
622.839
617.958
619.894
618.314
617.894
619.967
622.89
625.477
628.189
630.572
632.557
634.244
635.811
637.49
641.147
637.761
637.114
636.651
634.098
631.946
633.186
634.462
636.744
638.407
579.411
578.92
571.437
575.974
580.952
583.459
585.185
590.133
588.014
594.318
599.278
601.959
604.712
608.964
609.414
610.394
611.445
608.228
610.239
607.219
610.238
605.46
607.475
609.429
611.806
614.069
615.797
617.417
620.317
618.815
618.82
614.871
606.334
607.404
607.754
612.389
621.07
629.021
628.068
628.21
557.698
564.513
551.943
555.983
560.454
563.569
564.634
570.977
573.973
579.03
585.127
586.024
592.758
591.048
594.194
596.168
597.634
598.208
596.156
592.929
600.045
591.449
590.541
591.753
593.791
595.902
597.613
599.666
603.199
602.992
602.311
597.17
601.558
601.516
603.554
608.3
613.741
617.725
615.943
621.494
532.264
534.085
528.581
533.911
536.23
539
543.021
545.916
554.737
559.664
567.694
568.398
574.412
574.22
572.903
574.577
575.713
576.313
576.619
575.362
578.541
579.919
569.749
572.256
575.524
578.309
580.75
583.935
582.394
586.507
586.948
588.179
594.782
597.128
600.202
603.19
604.158
604.41
604.106
604.974
509.266
509.8
509.666
514.64
524.467
520.365
513.842
528.353
531.912
541.345
546.579
556.704
553.58
558.802
558.986
558.85
559.147
559.421
559.022
558.834
557.907
563.185
549.373
552.17
557.633
562.807
565.162
567.814
566.839
569.094
570.811
572.322
574.771
583.682
587.985
583.291
589.179
590.456
589.234
590.415
501.211
502.406
503.638
509.153
501.887
507.082
492.535
505.439
519.621
524.384
533.459
540.089
544.841
546.002
548.592
544.189
544.501
544.375
543.869
543.714
542.716
542.649
538.295
536.109
541.731
550.614
553.094
552.951
552.503
552.411
553.91
555.347
557.053
559.083
560.549
563.373
566.236
569.363
571.2
573.845
492.889
486.208
492.508
489.337
482.918
489.594
480.685
484.089
500.258
507.953
520.347
524.49
536.933
539.915
542.366
546.927
533.589
537.746
537.411
533.772
533.56
531.533
527.831
527.239
530.466
534.371
536.324
534.17
533.366
534.306
535.546
536.555
537.291
536.78
537.298
540.152
539.969
544.425
548.139
550.312
487.521
472.339
473.429
470.68
467.091
470.388
468.667
470.252
480.367
494.059
502.884
518.382
523.938
533.599
535.623
536.231
536.294
533.782
534.234
529.694
528.069
525.105
525.406
520.348
517.95
515.86
513.505
509.962
509.081
512.915
515.837
517.182
516.903
516.37
516.906
515.617
515.601
519.3
523.421
525.094
463.495
458.377
455.513
455.35
454.584
456.032
456.204
455.91
461.821
477.563
490.666
506.586
527.553
519.186
525.379
526.8
527.777
528.612
527.773
524.86
521.372
518.224
515.092
511.641
507.924
505.85
502.889
495.515
490.207
495.083
499.72
501.637
502.086
501.13
499.388
497.342
497.186
499.334
504.069
504.901
452.838
447.96
449.031
446.17
443.333
442.275
441.15
442.567
448.717
462.759
476.829
491.345
506.234
526.811
509.01
514.445
515.889
514.487
516.215
514.494
511.933
509.886
507.029
504.683
502.479
500.161
497.036
492.256
486.185
485.011
488.414
490.05
489.818
488.67
487.253
485.811
485.931
483.712
490.155
489.183
444.35
439.355
438.29
434.003
429.804
427.714
426.508
429.101
437.381
449.204
461.494
472.703
483.08
515.526
500.597
501.406
502.919
502.656
502.095
500.198
499.877
498.848
497.108
495.201
494.266
493.239
491.982
489.65
481.291
478.879
478.298
478.383
478.083
476.991
475.279
473.656
475.196
474.388
479.526
479.933
434.557
432.5
425.334
420.028
416.552
414.296
413.341
416.14
424.981
435.886
447.015
457.377
466.263
494.921
486.404
485.726
487.189
487.58
486.938
486.076
485.06
484.142
483.484
482.884
482.889
481.319
479.354
476.824
472.82
469.578
467.662
467.05
466.706
465.735
464.231
461.969
466.2
464.145
470.311
469.272
419.435
418.305
410.417
407.045
405.564
403.872
402.429
405.659
414.217
423.898
434.13
443.537
451.14
474.494
472.053
471.328
472.774
472.975
471.782
470.626
469.514
468.537
467.61
466.689
466.043
465.762
465.049
462.973
459.677
456.317
454.62
454.546
455.364
454.881
454.755
454.309
456.185
455.552
458.97
460.096
397.772
398.613
396.923
396.481
396.3
395.484
395.706
399.691
407.46
416.151
424.861
432.458
438.714
460.568
456.391
456.69
456.886
456.711
455.466
454.184
452.952
451.773
450.605
449.62
448.885
448.368
448.119
447.339
445.475
444.168
445.209
445.093
445.48
446.599
447.307
445.291
442.934
445.406
444.405
447.914
381.157
384.934
387.03
387.49
387.476
387.089
388.584
396.046
402.222
409.376
416.537
422.431
426.036
445.721
443.684
441.959
441.601
440.955
439.412
437.684
436.417
435.121
433.895
432.819
431.94
431.438
431.073
430.524
429.648
431.517
432.537
432.638
432.676
432.422
432.206
431.47
430.644
428.591
428.506
429.913
369.432
370.579
377.731
378.1
377.485
376.909
377.859
383.96
388.87
395.681
404.673
414.54
423.9
430.946
433.035
425.477
424.657
424.872
423.954
422
420.497
419.012
417.536
416.238
415.169
414.332
413.715
413.119
412.515
412.14
412.623
413.121
414.383
415.98
415.597
413.854
411.917
412.072
413.32
413.786
359.627
361.39
364.717
366.649
367.741
368.9
370.466
370.372
368.658
376.662
387.716
397.981
408.412
412.741
424.225
417.517
411.86
410.548
409.06
406.875
404.704
402.677
400.841
399.263
397.927
396.858
395.982
395.266
394.659
394.239
394.358
395.432
397.179
398.376
397.237
395.065
395.884
397.078
397.29
398.901
344.626
348.309
352.807
357.996
359.674
359.189
360.046
359.231
355.787
361.343
372.382
381.088
388.286
392.528
410.785
400.471
392.943
392.504
391.619
389.255
386.985
384.782
382.768
380.984
379.399
377.876
376.412
375.037
373.97
373.765
372.99
373.157
377.173
375.023
375.578
374.324
375.249
376.51
379.239
381.351
326.327
330.097
334.559
339.857
343.763
350.115
350.529
342.842
339.9
345.08
352.461
358.628
363.238
367.19
371.38
370.42
370.029
370.432
371.241
368.497
367.206
365.308
363.387
362.051
359.87
358.229
356.581
354.601
352.474
350.96
349.785
356.26
354.158
348.208
348.302
348.715
349.814
351.058
354.207
357.405
306.355
310.532
313.758
316.706
319.889
339.682
327.912
324.427
326.255
323.999
326.712
332.373
334.623
336.529
339.325
342.066
343.744
345.749
346.983
347.329
346.979
345.047
344.114
342.394
339.22
337.562
335.133
332.112
329.179
325.741
325.496
325.246
317.741
316.687
318.115
319.094
319.912
319.558
320.42
323.982
280.841
288.401
292.804
295.273
297.151
300.455
298.641
296.668
300.164
299.346
300.855
300.617
301.786
304.311
308.52
312.416
315.956
319.702
323.487
326.098
325.817
323.823
323.847
320.351
318.178
315.491
312.324
308.529
304.248
300.474
297.173
292.392
289.114
288.411
289.223
291.101
293.753
294.42
299.154
296.029
262.771
272.741
275.824
279.187
280.591
281.646
279.302
276.556
274.083
271.969
271.245
271.942
273.492
276.317
280.386
284.877
289.415
294.147
300.545
304.904
303.514
303.025
301.771
298.4
295.767
292.151
288.501
285.169
281.947
277.282
271.396
265.258
263.538
263.038
263.813
266.614
271.039
274.323
276.105
276.003
241.171
256.008
264.71
267.516
264.983
260.307
258.335
256.149
254.041
250.668
247.638
246.606
246.576
248.384
251.695
255.312
260.947
271.807
278.562
281.005
280.59
280.919
278.011
276.508
273.408
269.611
266.462
265.01
261.645
256.274
250.262
244.432
240.858
242.754
244.601
250.435
255.091
257.78
258.992
259.537
221.896
230.507
234.515
239.378
240.214
239.536
236.884
233.719
230.652
227.977
223.707
220.795
218.342
218.045
223.962
231.031
239.715
248.41
256.045
257.072
256.749
255.885
255.433
253.324
251.422
249.854
246.834
245.731
241.567
238.367
233.197
229.801
229.977
230.543
232.662
237.702
239.742
244.416
244.506
244.129
209.927
211.686
216.542
216.511
216.596
213.581
210.445
211.405
204.635
207.05
204.361
201.225
203.328
207.018
211.091
213.848
218.642
225.951
231.274
232.907
233.439
233.752
233.087
231.589
232.859
231.039
227.487
225.59
222.009
220.453
215.922
217.53
219.034
219.22
225.14
226.086
226.903
233.609
230.9
238.591
213.752
203.064
195.926
200.378
195.743
199.94
205.907
203.673
197.684
195.663
201.118
190.696
194.509
197.148
200.043
203.251
204.607
206.074
209.48
211.035
211.914
212.549
212.976
214.306
213.785
213.225
212.564
212.123
212.044
211.444
207.851
212.698
208.934
212.782
214.461
214.2
218.126
221.199
212.858
216.787
207.581
202.483
186.857
180.649
192.364
186.441
187.124
195.95
194.141
188.443
194.126
184.247
188
190.791
192.734
193.218
190.14
191.779
193.543
192.808
194.268
195.491
196.452
197.517
198.588
199.81
201.319
201.819
199.397
194.957
198.371
198.233
199.849
203.392
200.551
193.821
203.754
202.576
201.107
201.041
166.66
134.53
142.83
132.645
169.323
174.602
174.191
186.998
180.509
175.011
176.068
173.802
178.813
181.615
178.856
177.443
177.002
177.21
175.154
176.338
177.277
178.25
179.454
180.459
181.977
180.713
181.444
181.668
180.752
178.904
178.874
179.905
178.322
180.47
188.24
179.531
182.59
180.777
181.335
182.344
68.228
37.6999
58.1103
96.3239
105.029
133.719
151.917
161.896
154.357
153.808
154.343
153.246
155.631
156.449
157.826
158.673
158.233
157.697
157.713
157.928
158.442
158.952
159.821
160.537
160.413
159.396
159.761
161.207
162.435
163.182
163.766
164.015
162.947
162.407
168.48
164.184
164.985
161.667
163.975
165.368
41.6444
23.9853
47.3682
63.0155
67.4891
86.3311
102.331
121.674
126.561
128.74
130.796
133.885
135.074
137.156
138.403
138.214
138.877
138.714
138.267
137.862
137.866
137.993
138.343
139.085
139.706
139.364
140.857
142.099
145.22
148.336
150.022
150.337
149.51
152.229
149.013
150.32
150.278
148.63
150.237
153.715
48.4337
46.6416
48.8785
52.388
55.8955
60.3789
75.6118
92.5812
100.837
105.452
110.932
114.547
116.679
118.534
119.558
120.056
120.772
119.297
119.407
118.929
117.826
116.96
116.033
117.415
119.491
123.484
125.308
126.32
130.254
132.867
135.984
135.783
137.925
142.995
138.4
138.492
138.035
137.652
138.229
144.96
56.3527
57.1872
55.9807
52.3193
48.6207
47.2965
58.8085
73.6848
83.1454
89.5806
94.7991
98.4668
100.734
101.869
102.055
101.63
100.712
100.431
99.3178
97.4836
96.008
93.9822
89.5686
92.563
93.7428
101.779
107.26
109.995
113.051
115.984
119.436
121.337
122.984
125.936
127.126
127.592
127.408
128.777
128.533
135.278
58.5766
56.9729
55.1193
52.3113
48.5347
46.3531
52.5798
63.6925
72.3054
79.1354
83.4082
85.954
87.1196
87.1494
86.2927
84.6906
82.2991
80.329
77.7549
75.8406
75.3091
72.9881
65.5511
60.9955
64.6873
72.7046
85.6742
92.1486
96.1785
100.195
103.921
106.261
108.471
110.903
113.04
114.606
113.903
121.32
116.764
122.221
57.4283
55.2184
53.9265
52.9214
50.9033
48.0697
49.0382
59.1418
67.5103
71.9884
74.6528
76.866
77.663
75.7923
72.1846
69.4354
68.2948
67.5142
69.7142
71.7198
72.4676
72.5876
72.1923
71.2337
72.2709
63.3077
70.8724
77.3209
81.6224
85.4064
88.9188
92.1774
94.6513
97.0098
99.4367
101.62
102.069
110.356
100.654
104.381
57.3892
58.3316
57.2548
55.3747
53.6739
52.1029
52.1465
54.9962
58.0624
62.064
66.8602
68.8732
69.4903
67.1977
63.0458
65.9713
72.8721
73.4636
72.1127
71.574
72.2308
72.8614
72.9007
73.0531
64.7657
59.3835
63.7155
67.8462
70.6888
73.1432
75.6985
78.209
80.6666
83.109
85.7068
88.5395
90.249
96.799
84.0533
87.2358
59.5804
59.7857
59.4952
58.1085
57.3621
56.4403
55.9212
56.1386
56.7307
57.0801
57.4066
60.2793
67.1548
64.3341
55.6584
66.0108
69.7293
70.5861
70.381
70.1415
69.5881
65.874
63.4983
65.4994
62.4808
60.5165
61.8672
58.2947
59.4729
60.9697
62.8054
64.792
66.7293
68.6591
70.841
72.9726
78.1833
80.7477
70.6389
72.9138
58.4289
59.7027
59.7826
60.3069
60.3205
59.4728
58.5512
57.7711
57.6812
58.1703
59.7037
59.8891
52.2869
49.5219
53.2949
43.904
43.1667
56.8695
58.7497
61.0297
56.6485
52.4446
51.9358
50.9324
47.8447
47.0532
44.2646
44.653
45.2286
46.4626
47.6875
49.6667
51.8703
53.8729
55.8992
58.4119
66.5198
57.0879
59.4349
60.5368
67.436
63.5149
61.9812
62.7765
62.8693
62.7038
61.5564
60.252
59.6389
59.45
59.7289
60.0734
57.5872
47.6112
47.5518
41.7493
40.4362
43.4871
45.4133
45.2228
42.9441
39.9426
36.9826
33.55
31.5073
29.725
29.9211
28.7385
27.1101
26.2471
26.9036
30.5683
35.3326
39.0935
39.6709
55.0457
52.0803
49.4726
49.5933
50.3468
62.888
60.6582
57.2233
60.5714
64.1821
64.5894
63.9478
62.9478
61.8172
61.2058
60.9102
58.8516
51.0736
43.7461
43.4642
41.8751
39.4258
36.9053
34.7804
32.8081
30.3009
26.3792
21.2513
20.9255
17.5425
14.6976
12.3065
9.96503
10.1853
10.9644
9.25514
18.1844
30.4692
36.1033
34.9742
39.482
36.1157
37.4736
37.5047
37.7261
54.7392
53.2662
52.4161
58.4976
56.2912
57.5218
60.217
58.5746
55.9298
53.771
49.0043
45.7149
42.5895
40.9379
39.4351
36.9155
33.3321
29.7946
26.3983
23.35
19.1356
14.1608
8.92302
4.79155
0.561419
-1.51917
-0.742866
-0.661906
2.21133
3.45641
-1.83906
-4.64582
4.10759
23.843
27.8916
27.2697
25.742
26.6229
25.5657
25.5558
43.3164
45.0386
43.2495
46.0078
47.6307
47.0002
46.5085
46.0474
45.6722
45.1539
43.967
40.5016
36.6707
33.273
29.5484
25.4771
20.7471
16.2636
12.7569
9.96024
7.16827
3.29917
-1.00069
-2.84557
-0.724155
-0.936296
-0.857373
-0.824233
-0.816225
-0.775846
-0.847456
-0.789484
-0.518229
0.528401
14.5498
11.1845
1.03379
2.65152
8.47688
10.5777
26.6184
30.0755
33.0667
34.4661
32.5527
34.2237
36.1229
35.88
34.9958
33.5573
31.4386
30.9109
27.0017
23.1564
19.4861
15.0857
10.2486
5.4999
1.51729
2.88285
4.0902
0.748263
-0.956733
-1.19596
-1.03093
-0.991285
-0.97183
-0.950056
-0.941096
-0.957628
-0.972439
-1.03662
-1.21627
-1.24628
-1.34471
-1.25488
-1.18057
-1.13921
-1.05056
-0.523884
4.20279
8.84521
13.2876
16.5813
16.3842
16.6796
16.3082
13.8084
12.1601
15.2534
18.2924
18.143
16.554
14.4392
12.2861
6.62991
-0.106661
-3.20893
-1.08461
-1.23935
-1.1802
-1.14621
-1.12459
-1.13417
-1.1283
-1.11008
-1.08955
-1.07478
-1.07971
-1.11301
-1.14753
-1.15013
-1.26486
-1.36799
-1.33668
-1.20693
-1.1559
-1.09882
-1.09132
-1.08585
3.39287
2.49368
2.33701
3.86929
5.2208
5.95105
5.41217
2.19949
-0.139474
1.97316
6.4393
8.4912
9.79007
11.6951
8.36171
0.582912
-1.14201
-1.19615
-1.16566
-1.16962
-1.18397
-1.18624
-1.16689
-1.15153
-1.14373
-1.13598
-1.13286
-1.14149
-1.16201
-1.19734
-1.21973
-1.17285
-1.22766
-1.1746
-1.23377
-1.12281
-1.04921
-1.12518
-1.086
-1.07276
2.36343
1.54855
0.495509
2.61076
2.07799
0.332754
-0.442308
-1.06226
-1.19872
-1.20504
-1.02717
-1.04179
-1.38202
-1.34233
-1.31033
-1.28041
-1.28758
-1.31802
-1.29184
-1.27487
-1.25807
-1.2421
-1.21951
-1.20006
-1.18857
-1.18394
-1.18282
-1.19057
-1.2024
-1.21539
-1.22477
-1.22547
-1.21915
-1.20899
-1.22081
-1.0099
-1.05657
-1.12592
-1.1062
-1.09889
-0.885118
-1.14992
-1.42079
-1.32966
-1.31492
-1.30679
-1.31284
-1.33511
-1.35952
-1.36785
-1.36113
-1.35966
-1.36872
-1.35927
-1.35478
-1.36362
-1.35281
-1.33864
-1.32688
-1.31666
-1.30772
-1.29247
-1.27758
-1.26361
-1.25199
-1.24771
-1.2454
-1.24359
-1.24258
-1.24193
-1.23911
-1.23849
-1.23308
-1.22359
-1.17691
-1.03912
-1.15404
-1.15109
-1.1457
-1.13795
-1.40714
-1.28926
-1.28882
-1.28732
-1.29481
-1.33049
-1.35246
-1.35613
-1.36651
-1.3788
-1.37762
-1.35568
-1.33706
-1.33282
-1.33589
-1.34386
-1.34985
-1.35113
-1.34889
-1.35014
-1.3485
-1.34681
-1.34457
-1.33882
-1.33003
-1.3221
-1.31218
-1.30258
-1.29275
-1.28159
-1.26847
-1.25941
-1.25021
-1.23655
-1.19568
-1.19253
-1.19018
-1.18112
-1.17666
-1.16861
-1.24682
-1.27971
-1.29784
-1.32367
-1.32581
-1.3294
-1.33746
-1.35271
-1.37228
-1.37243
-1.36724
-1.35913
-1.34611
-1.34864
-1.34819
-1.351
-1.35676
-1.36579
-1.37431
-1.38449
-1.39383
-1.40096
-1.40962
-1.41228
-1.40461
-1.39204
-1.37735
-1.36029
-1.34186
-1.32271
-1.30152
-1.2868
-1.27084
-1.2482
-1.22483
-1.20914
-1.20514
-1.20216
-1.19964
-1.19901
-1.28403
-1.30478
-1.32522
-1.33887
-1.34215
-1.34434
-1.3462
-1.35208
-1.35757
-1.36655
-1.35026
-1.3386
-1.33522
-1.3491
-1.34892
-1.3558
-1.36942
-1.38412
-1.40408
-1.42271
-1.43577
-1.45254
-1.46479
-1.46712
-1.46232
-1.45204
-1.43686
-1.41616
-1.39284
-1.36816
-1.34461
-1.32428
-1.29671
-1.26087
-1.23784
-1.23004
-1.22869
-1.22532
-1.22483
-1.22626
-1.35228
-1.35417
-1.35529
-1.35522
-1.35232
-1.35205
-1.35782
-1.36811
-1.37738
-1.38479
-1.38987
-1.38866
-1.38174
-1.37637
-1.37887
-1.38781
-1.39948
-1.41785
-1.43867
-1.45607
-1.47257
-1.48646
-1.49695
-1.50214
-1.50184
-1.49579
-1.48332
-1.46485
-1.44242
-1.41726
-1.39337
-1.37217
-1.34726
-1.31625
-1.28983
-1.24872
-1.23919
-1.26397
-1.25116
-1.25651
-1.41076
-1.41031
-1.3991
-1.39255
-1.38434
-1.38459
-1.39184
-1.3977
-1.39943
-1.40495
-1.4095
-1.41204
-1.40342
-1.40897
-1.41181
-1.42395
-1.43747
-1.45202
-1.46973
-1.48727
-1.50179
-1.51238
-1.51857
-1.52237
-1.52223
-1.51849
-1.51011
-1.4975
-1.48198
-1.46655
-1.45493
-1.44351
-1.43485
-1.41482
-1.35208
-1.3158
-1.30967
-1.30668
-1.32005
-1.35077
-1.42215
-1.42344
-1.41872
-1.41939
-1.41596
-1.41618
-1.41927
-1.42135
-1.42541
-1.42958
-1.43465
-1.43435
-1.43555
-1.43832
-1.44572
-1.45469
-1.46528
-1.47999
-1.49582
-1.51148
-1.52452
-1.53238
-1.53226
-1.53451
-1.53304
-1.52898
-1.52289
-1.51544
-1.50769
-1.50164
-1.49902
-1.50411
-1.52161
-1.53348
-1.48155
-1.46204
-1.4675
-1.46515
-1.46372
-1.45429
-1.44422
-1.44528
-1.4441
-1.44569
-1.44391
-1.4458
-1.44727
-1.45016
-1.45347
-1.45698
-1.46047
-1.46174
-1.46483
-1.46964
-1.47426
-1.48035
-1.48986
-1.49854
-1.51448
-1.52749
-1.53858
-1.54843
-1.54742
-1.54466
-1.54339
-1.5376
-1.53177
-1.5261
-1.521
-1.51923
-1.52552
-1.53978
-1.55648
-1.55233
-1.44036
-1.5069
-1.4984
-1.49259
-1.48564
-1.48101
-1.47642
-1.47243
-1.47224
-1.47079
-1.47145
-1.47246
-1.47483
-1.47885
-1.48265
-1.48585
-1.48871
-1.48975
-1.49237
-1.49567
-1.49926
-1.50333
-1.50883
-1.51591
-1.52665
-1.53967
-1.54791
-1.55885
-1.56132
-1.55779
-1.55228
-1.5473
-1.53957
-1.53401
-1.53091
-1.53098
-1.53705
-1.54924
-1.56219
-1.53086
-1.51927
-1.53862
-1.52307
-1.5147
-1.50905
-1.50412
-1.50322
-1.49857
-1.49598
-1.49462
-1.49656
-1.49911
-1.50226
-1.50779
-1.51361
-1.51773
-1.51836
-1.51794
-1.5191
-1.51942
-1.52006
-1.5213
-1.52428
-1.52927
-1.53519
-1.54244
-1.55096
-1.55995
-1.56584
-1.56405
-1.56149
-1.55505
-1.54877
-1.54332
-1.53896
-1.53926
-1.54039
-1.54723
-1.55403
-1.52209
-1.56409
-1.55665
-1.54823
-1.53733
-1.52998
-1.52662
-1.51737
-1.5177
-1.5176
-1.51665
-1.51834
-1.52533
-1.52863
-1.53341
-1.5382
-1.54255
-1.54381
-1.54115
-1.54035
-1.5388
-1.53789
-1.53714
-1.53733
-1.53869
-1.54281
-1.54686
-1.54971
-1.55468
-1.56019
-1.56075
-1.56036
-1.55882
-1.55429
-1.55086
-1.54778
-1.54679
-1.54337
-1.54587
-1.54181
-1.55397
-1.55812
-1.5608
-1.55495
-1.54884
-1.5455
-1.54255
-1.53486
-1.53588
-1.53719
-1.54043
-1.54057
-1.54511
-1.54953
-1.55371
-1.5559
-1.55864
-1.5598
-1.55844
-1.55704
-1.55497
-1.55347
-1.55212
-1.55183
-1.55144
-1.55069
-1.54997
-1.55129
-1.55431
-1.55635
-1.55669
-1.55576
-1.55418
-1.55323
-1.55124
-1.54826
-1.54447
-1.53977
-1.54232
-1.53358
-1.55189
-1.55749
-1.56146
-1.55882
-1.55803
-1.55501
-1.55355
-1.55328
-1.55502
-1.55699
-1.55871
-1.56268
-1.56405
-1.56714
-1.57058
-1.56804
-1.57139
-1.57416
-1.57401
-1.57204
-1.5702
-1.56862
-1.56707
-1.56528
-1.56348
-1.56194
-1.56101
-1.56027
-1.55935
-1.55867
-1.55825
-1.55545
-1.55304
-1.5512
-1.54711
-1.54333
-1.53993
-1.5388
-1.53933
-1.5453
-1.55156
-1.5578
-1.56146
-1.56269
-1.56259
-1.56203
-1.56163
-1.56924
-1.58273
-1.58225
-1.5813
-1.58228
-1.58208
-1.5831
-1.58614
-1.58736
-1.58888
-1.58858
-1.58818
-1.58713
-1.58555
-1.58426
-1.5829
-1.58036
-1.57851
-1.5768
-1.57451
-1.57318
-1.57222
-1.57095
-1.56889
-1.56609
-1.56255
-1.5584
-1.55487
-1.551
-1.54837
-1.54826
-1.5499
-1.55553
-1.56024
-1.56495
-1.56878
-1.57108
-1.57215
-1.57266
-1.57288
-1.60081
-1.60845
-1.60329
-1.60004
-1.59807
-1.59688
-1.59784
-1.5999
-1.60053
-1.6033
-1.60361
-1.60384
-1.60326
-1.60181
-1.60062
-1.59921
-1.58934
-1.58611
-1.5924
-1.59123
-1.58994
-1.58866
-1.5872
-1.58547
-1.58291
-1.57959
-1.57578
-1.57195
-1.56883
-1.56693
-1.56712
-1.56921
-1.57244
-1.57592
-1.57964
-1.5829
-1.58521
-1.58656
-1.58721
-1.58748
-1.61698
-1.61798
-1.61657
-1.61451
-1.6127
-1.6114
-1.61224
-1.61449
-1.61713
-1.61867
-1.62039
-1.62082
-1.62083
-1.62027
-1.61975
-1.61904
-1.61473
-1.6133
-1.61203
-1.61034
-1.60939
-1.60841
-1.60727
-1.60565
-1.60335
-1.60024
-1.5969
-1.59393
-1.59144
-1.5898
-1.58943
-1.59073
-1.59251
-1.59467
-1.59779
-1.60062
-1.60285
-1.60428
-1.60498
-1.60524
-1.62891
-1.63298
-1.63498
-1.63412
-1.63222
-1.62916
-1.63071
-1.63239
-1.63476
-1.63707
-1.63911
-1.64093
-1.64198
-1.64218
-1.64228
-1.64264
-1.63939
-1.63701
-1.63529
-1.63275
-1.63141
-1.62934
-1.62879
-1.62767
-1.62572
-1.62245
-1.61792
-1.61439
-1.61351
-1.61249
-1.61229
-1.60804
-1.60989
-1.61324
-1.61592
-1.61976
-1.62411
-1.6257
-1.62594
-1.62592
-1.65922
-1.65081
-1.65195
-1.65255
-1.65118
-1.652
-1.65228
-1.6531
-1.65992
-1.65967
-1.66252
-1.66525
-1.66618
-1.66606
-1.6657
-1.66567
-1.66557
-1.66347
-1.66108
-1.65667
-1.65273
-1.65195
-1.6531
-1.64978
-1.6488
-1.64753
-1.64331
-1.64006
-1.63997
-1.63917
-1.6374
-1.63997
-1.64064
-1.64162
-1.64235
-1.64389
-1.64641
-1.65038
-1.65009
-1.64969
-1.69666
-1.69686
-1.69055
-1.69585
-1.69607
-1.69106
-1.68922
-1.68839
-1.68839
-1.6893
-1.69325
-1.69522
-1.69322
-1.6911
-1.68968
-1.68887
-1.68848
-1.68823
-1.68764
-1.68337
-1.67901
-1.67954
-1.68178
-1.67559
-1.66947
-1.66834
-1.66818
-1.66228
-1.66554
-1.66649
-1.66785
-1.66956
-1.66987
-1.67026
-1.67107
-1.67245
-1.67422
-1.67651
-1.67504
-1.67455
-1.71981
-1.72174
-1.72373
-1.72352
-1.72228
-1.72597
-1.72322
-1.72178
-1.72177
-1.72275
-1.72286
-1.72398
-1.72249
-1.71557
-1.71351
-1.71148
-1.71032
-1.70946
-1.70882
-1.7074
-1.70583
-1.70393
-1.70329
-1.7018
-1.70168
-1.69484
-1.69698
-1.69608
-1.69554
-1.69583
-1.69619
-1.69645
-1.6969
-1.69727
-1.69797
-1.69942
-1.70226
-1.70139
-1.69919
-1.69943
-1.74419
-1.74657
-1.74809
-1.74618
-1.74594
-1.74689
-1.74866
-1.75233
-1.75634
-1.75876
-1.75709
-1.75533
-1.74891
-1.74194
-1.73636
-1.73228
-1.73049
-1.73031
-1.72894
-1.72795
-1.72702
-1.72637
-1.7255
-1.72658
-1.72609
-1.72501
-1.72545
-1.72635
-1.72741
-1.72841
-1.72823
-1.72714
-1.72573
-1.72568
-1.72364
-1.72291
-1.72372
-1.72505
-1.7204
-1.72162
-1.77033
-1.77138
-1.77414
-1.77328
-1.77247
-1.77312
-1.77503
-1.77824
-1.77636
-1.78688
-1.78588
-1.7775
-1.76779
-1.7618
-1.75625
-1.75422
-1.75329
-1.75142
-1.75008
-1.74937
-1.74924
-1.7496
-1.74886
-1.74491
-1.74808
-1.75041
-1.75126
-1.75435
-1.75471
-1.75618
-1.75536
-1.75161
-1.74682
-1.74769
-1.74755
-1.74192
-1.74159
-1.74467
-1.74788
-1.74714
-1.78576
-1.78815
-1.78951
-1.78998
-1.79023
-1.79113
-1.79358
-1.79771
-1.79991
-1.7984
-1.79293
-1.78711
-1.7824
-1.77786
-1.77569
-1.7742
-1.77417
-1.77245
-1.77075
-1.76999
-1.7702
-1.77035
-1.76175
-1.76453
-1.77383
-1.77506
-1.7753
-1.77504
-1.77514
-1.77563
-1.77478
-1.77248
-1.77046
-1.77093
-1.77181
-1.77225
-1.77258
-1.77225
-1.77209
-1.77145
-1.79602
-1.79899
-1.80133
-1.80259
-1.80386
-1.80509
-1.80648
-1.80746
-1.80834
-1.80634
-1.80362
-1.80077
-1.7989
-1.7974
-1.79611
-1.79513
-1.79458
-1.79298
-1.79165
-1.79067
-1.78724
-1.78713
-1.7895
-1.79261
-1.79398
-1.79415
-1.79411
-1.79392
-1.79371
-1.79327
-1.79247
-1.79134
-1.7912
-1.79177
-1.79212
-1.79262
-1.79285
-1.79288
-1.79283
-1.79271
-1.81194
-1.81444
-1.81664
-1.8185
-1.82001
-1.8216
-1.82338
-1.82559
-1.82401
-1.82264
-1.82172
-1.82092
-1.81899
-1.81887
-1.81824
-1.81779
-1.81718
-1.81578
-1.81458
-1.81352
-1.81269
-1.81178
-1.81196
-1.81271
-1.81324
-1.81347
-1.81349
-1.81336
-1.81314
-1.81275
-1.81226
-1.81195
-1.81204
-1.81208
-1.81239
-1.81274
-1.8126
-1.81261
-1.81263
-1.81256
-1.83254
-1.83381
-1.8351
-1.83642
-1.83753
-1.83896
-1.84057
-1.84234
-1.84332
-1.84297
-1.8414
-1.8398
-1.83872
-1.83807
-1.8376
-1.83715
-1.8366
-1.83589
-1.83507
-1.83436
-1.83373
-1.83332
-1.83316
-1.83326
-1.83337
-1.83346
-1.83343
-1.83324
-1.83292
-1.83253
-1.83245
-1.8323
-1.83233
-1.83242
-1.8323
-1.83259
-1.83255
-1.83253
-1.83255
-1.83238
-1.85079
-1.85102
-1.85252
-1.85365
-1.85453
-1.85512
-1.85663
-1.8583
-1.85952
-1.85932
-1.85891
-1.85848
-1.85735
-1.85695
-1.85643
-1.8559
-1.85538
-1.85487
-1.8544
-1.85402
-1.85367
-1.85344
-1.85344
-1.85353
-1.85357
-1.85345
-1.85324
-1.85298
-1.85255
-1.85209
-1.85241
-1.85228
-1.85221
-1.85221
-1.85222
-1.85208
-1.85238
-1.85239
-1.85256
-1.85225
-1.87393
-1.8734
-1.87436
-1.87515
-1.87615
-1.8776
-1.87756
-1.8778
-1.87776
-1.87751
-1.87737
-1.87696
-1.87652
-1.87594
-1.87538
-1.87483
-1.87428
-1.87381
-1.87346
-1.87322
-1.87312
-1.87312
-1.87319
-1.87322
-1.87319
-1.87309
-1.87296
-1.87276
-1.87237
-1.87222
-1.87223
-1.87216
-1.87209
-1.87208
-1.87215
-1.87198
-1.87236
-1.87236
-1.87256
-1.87229
-1.89217
-1.89161
-1.89487
-1.89486
-1.8956
-1.89613
-1.89647
-1.89656
-1.89637
-1.89604
-1.89559
-1.89511
-1.89466
-1.89422
-1.89381
-1.89346
-1.89314
-1.89287
-1.89267
-1.89253
-1.8925
-1.8926
-1.89272
-1.89279
-1.89281
-1.89276
-1.8926
-1.89247
-1.89237
-1.8923
-1.89234
-1.89226
-1.89221
-1.89218
-1.89224
-1.89199
-1.89238
-1.89235
-1.89255
-1.89233
-1.91505
-1.91324
-1.91578
-1.91583
-1.91624
-1.91643
-1.91635
-1.91606
-1.91551
-1.91483
-1.91415
-1.91359
-1.91314
-1.91279
-1.91254
-1.91238
-1.91228
-1.91206
-1.91197
-1.91207
-1.91218
-1.91228
-1.91236
-1.9124
-1.91237
-1.91246
-1.91256
-1.91257
-1.91249
-1.91241
-1.91235
-1.91229
-1.91224
-1.91226
-1.91236
-1.91225
-1.91253
-1.91243
-1.91241
-1.91257
-1.93065
-1.93283
-1.93362
-1.93389
-1.93417
-1.9347
-1.93484
-1.93542
-1.93473
-1.93397
-1.93327
-1.93274
-1.93236
-1.93212
-1.93199
-1.93197
-1.93204
-1.93211
-1.93225
-1.93241
-1.93241
-1.93252
-1.93262
-1.93258
-1.93257
-1.93251
-1.93243
-1.9324
-1.93236
-1.93232
-1.93227
-1.93224
-1.93223
-1.93227
-1.93242
-1.93258
-1.9328
-1.93249
-1.93244
-1.93244
-1.95323
-1.95529
-1.95498
-1.95456
-1.95382
-1.95403
-1.95347
-1.9548
-1.95388
-1.95341
-1.95282
-1.9524
-1.95212
-1.95196
-1.95191
-1.95196
-1.95204
-1.95215
-1.9523
-1.95247
-1.95306
-1.95308
-1.95259
-1.95243
-1.95233
-1.95226
-1.95222
-1.9522
-1.9522
-1.95221
-1.95224
-1.95228
-1.95235
-1.95246
-1.95251
-1.95301
-1.9529
-1.95249
-1.95261
-1.9525
1051.22
1051.46
1051.29
1053.23
1051.94
1052.38
1052.44
1052.47
1052.33
1052.09
1051.88
1051.75
1051.65
1051.86
1053.45
1054.22
1052.42
1052.55
1052.63
1052.54
1052.34
1051.99
1051.52
1051.11
1050.76
1050.39
1050
1049.86
1049.37
1048.78
1048.12
1047.47
1046.78
1046.06
1045.24
1044.17
1042.97
1041.83
1041.1
1040.72
1031.88
1031.88
1032.08
1032.64
1033.46
1033.33
1032.68
1032.48
1032.42
1031.87
1031.58
1031.45
1031.43
1031.7
1035.53
1032.4
1032.85
1033.04
1033.08
1033.01
1032.77
1032.39
1032.14
1031.82
1031.19
1030.75
1030.35
1030.02
1029.62
1029.02
1028.32
1027.72
1027.01
1026.02
1024.98
1023.79
1022.56
1021.41
1020.33
1019.71
1016.05
1015.53
1013.72
1013.96
1013.94
1013.66
1013.34
1012.87
1012.17
1011.41
1010.82
1010.66
1010.6
1010.9
1016.81
1013.28
1013.79
1014.12
1014.21
1014.2
1013.97
1013.78
1013.39
1012.84
1012.38
1011.85
1011.38
1010.82
1010.11
1009.34
1008.39
1007.57
1006.82
1005.89
1004.69
1003.27
1001.91
1000.74
1000.15
1000.13
999.211
995.136
994.175
993.765
993.507
993.574
993.179
992.351
991.396
990.419
989.876
989.7
989.684
990.016
996.225
995.275
995.45
995.678
995.849
995.955
995.833
994.908
994.503
993.946
993.295
992.645
992.133
991.591
990.918
990.129
989.6
988.573
987.118
985.833
984.551
983.211
982.165
981.329
981.717
981.694
976.209
973.441
972.101
971.328
970.853
970.319
969.806
969.497
969.254
969.209
969.43
970.59
971.702
972.992
977.659
978.449
976.805
977.238
977.784
977.505
977.784
976.771
976.379
975.758
974.97
974.196
974.29
974.179
973.279
972.086
971.628
970.68
969.153
967.294
966.096
964.547
964.092
963.952
963.772
963.769
954.348
951.446
950.018
948.722
948.137
947.42
946.844
946.713
943.189
943.641
946.356
950.244
954.286
957.743
959.75
961.617
961.044
960.346
960.595
960.026
960.116
959.028
958.655
958.032
957.071
956.601
956.381
955.763
955.125
954.327
953.328
952.074
950.296
949.288
947.632
946.028
945.089
944.556
944.541
944.395
935.34
931.202
929.451
927.481
926.087
924.547
922.932
922.518
920.935
911.91
917.7
927.114
935.755
941.876
944.206
943.786
946.816
942.856
942.766
942.935
942.56
941.441
940.844
939.328
938.214
937.068
936.887
935.947
934.958
934.479
933.81
932.698
931.14
929.386
927.709
925.91
924.32
923.755
924.085
923.758
919.011
914.309
912.171
907.722
905.719
904.413
903.317
903.313
902.883
895.991
897.223
908.79
917.684
924.059
926.099
926.173
927.811
927.114
925.476
925.009
924.493
923.466
922.534
921.058
919.527
918.264
916.992
915.798
915.038
914.125
912.797
911.112
909.371
907.623
906.9
905.874
904.309
903.101
902.843
903.118
903.225
901.237
896.536
899.386
900.504
896.523
894.274
891.73
891.2
881.958
883.616
892.049
899.123
904.699
907.22
907.222
907.194
907.373
907.473
907.244
906.319
905.451
903.924
902.589
900.8
899.428
898.147
897.093
895.733
894.385
893.257
892.975
893.028
891.619
888.978
886.384
883.929
882.735
882.426
882.897
893.261
890.904
887.263
891.451
888.087
883.336
879.35
877.465
876.327
874.427
871.668
876.963
882.593
886.332
887.763
887.783
887.78
888.069
888.07
888.219
887.146
886.569
885.047
883.717
882.134
880.812
879.395
877.751
875.679
873.037
870.199
869.049
871.678
870.227
869.718
869.117
867.647
865.447
867.767
869.388
876.776
875.298
872.844
870.432
865.387
865.779
865.417
865.13
865.256
866.352
862.492
862.641
865.726
867.092
867.456
867.283
867.494
867.796
867.879
867.929
867.005
866.452
865.709
864.237
863.186
862.247
860.944
859.239
856.885
853.61
850.88
854.501
856.035
852.192
851.41
851.433
851.684
851.228
852.83
853.733
848.406
846.08
841.07
837.796
837.33
838.313
840.652
851.434
845.633
844.348
844.774
845.852
847.393
847.57
846.933
846.557
846.599
846.679
847.318
847.027
846.55
845.822
844.909
844.091
843.403
842.66
841.768
840.608
838.566
835.907
835.784
838.733
838.746
837.779
836.53
837.573
838.683
834.055
842.436
836.681
822.709
819.019
819.786
817.547
815.516
814.285
817.528
822.042
822.906
823.777
824.82
825.366
825.171
825.121
825.338
825.654
825.869
826.149
826.366
826.011
825.656
824.985
824.114
823.192
822.466
821.964
821.714
821.179
820.136
819.284
819.263
822.949
825.154
825.062
824.42
823.999
823.689
822.06
824.307
825.248
801.977
798.9
803.981
804.154
798.076
802.32
802.614
802.255
801.393
801.157
801.762
802.579
803.522
804.206
804.733
805.068
805.412
805.582
805.533
805.224
804.696
803.904
802.65
801.19
800.021
799.43
799.527
800.145
800.685
799.745
802.412
805.826
808.231
809.249
811.174
812.681
808.32
805.57
805.287
804.917
783.457
782.492
786.638
788.932
780.451
782.806
783.291
784.232
782.567
783.091
783.661
784.094
784.561
784.972
785.462
785.675
785.688
785.436
784.861
784.178
783.387
782.336
781.032
778.963
777.06
776.71
777.13
778.229
778.677
779.249
780.925
783.847
787.044
789.066
789.493
789.027
788.837
788.163
787.764
787.154
764.291
764.118
766.161
776.703
765.025
764.274
764.263
764.276
764.699
765.276
765.881
766.305
766.545
766.874
766.906
766.704
766.245
765.615
764.828
763.491
762.383
761.114
759.508
757.397
754.268
753.838
754.541
756.579
757.049
756.626
758.178
760.546
763.825
767.481
770.08
771.329
771.53
771.167
770.852
770.264
742.726
744.892
744.364
754.183
749.524
748.93
748.854
748.688
748.79
748.56
748.835
748.843
748.734
748.795
748.746
747.861
747.05
745.891
744.303
742.502
741.806
741.224
739.371
736.909
733.237
733.36
732.727
733.872
734.071
733.617
733.734
735.146
738.659
744.017
748.643
751.714
752.902
753.436
753.243
752.683
726.589
727.713
724.553
732.498
729.665
730.596
731.225
731.806
732.391
731.898
732.302
731.232
731.084
730.695
730.348
729.352
728.226
726.663
725.01
725.58
724.919
723.382
722.055
718.938
718.516
716.015
714.107
714.394
713.935
713.05
712.262
711.605
714.8
719.711
725.648
729.329
730.833
731.507
732.479
733.096
712.9
712.938
710.668
711.638
712.921
712.97
714.151
714.95
715.328
715.337
715.054
714.511
714.033
713.553
712.961
712.246
711.243
709.939
709.127
709.942
709.66
708.333
706.96
705.313
702.729
699.677
697.775
697.436
696.793
696.34
695.248
697.475
699.243
699.756
706.349
707.87
715.892
711.794
712.045
712.893
699.339
698.666
699.988
703.378
705.773
699.127
698.679
699.337
699.009
698.448
697.915
697.515
697.054
696.665
696.02
695.295
694.574
694.004
693.828
695.299
694.827
693.896
692.706
690.99
688.17
683.884
683.346
681.241
679.713
680.721
680.937
681.459
681.332
686.624
688.42
690.054
692.883
693.56
693.292
693.175
685.847
686.034
687.284
688.246
690.651
690.274
685.533
683.855
683.151
681.639
680.763
680.113
679.643
679.194
678.632
678.214
677.843
677.409
677.043
677.385
677.692
677.396
676.648
675.093
672.144
669.697
667.755
665.588
664.761
664.801
665.678
666.594
667.458
669.284
670.583
670.692
672.726
672.85
673.266
673.898
668.129
667.648
670.243
670.111
669.682
666.427
664.585
664.992
664.457
665.006
662.573
662.096
661.673
661.133
660.665
660.244
659.979
659.8
659.814
660.011
660.041
659.89
659.325
658.487
657.553
655.668
653.905
653.809
653.375
653.336
653.471
653.355
654.417
655.185
655.654
656.192
656.706
654.8
657.048
656.113
645.801
645.102
644.808
643.603
642.671
640.887
640.156
640.89
641.162
643.589
643.587
643.354
643.49
642.857
642.448
642.024
641.747
641.649
641.732
641.929
642.069
642.215
642.108
641.884
641.431
641.633
643.508
642.436
639.753
639.52
639.41
639.293
639.112
640.69
639.725
640.593
640.997
640.837
641.059
640.989
624.59
622.718
621.386
619.666
618.735
616.897
616.281
618.068
619.918
622.571
623.77
624.285
624.596
623.932
623.665
623.488
623.48
623.309
623.241
623.262
623.392
623.634
623.781
623.59
623.51
624.657
622.904
622.165
622.008
621.88
622.078
622.29
622.355
624.658
624.005
623.809
623.759
622.81
622.401
623.616
603.883
603.664
602.169
600.68
599.724
598.626
598.667
599.727
601.378
603.045
605.027
605.299
605.108
604.751
604.494
604.538
604.499
604.356
604.197
604.057
604.17
604.731
605.262
605.423
605.266
605.082
604.703
604.453
604.376
604.474
604.855
605.311
605.773
606.703
607.305
606.394
605.644
603.955
601.731
599.09
587.87
586.997
590.177
586.852
585.403
585.055
585.343
585.688
586.171
586.21
585.856
588.41
585.279
584.762
584.732
585.064
585.105
584.922
584.824
584.709
584.484
585.265
586.121
587.049
587.837
587.466
587.043
586.431
586.664
586.45
586.716
587.599
588.442
589.528
590.454
590.517
589.2
586.127
582.154
577.989
573.38
572.411
573.738
572.816
570.037
569.522
569.53
569.471
569.01
567.978
567.542
566.496
565.763
565.198
566.149
566.365
566.594
566.37
566.559
567.739
568.075
567.011
566.81
568.047
570.795
573.12
572.925
569.745
569.218
567.881
568.277
569.221
570.148
571.905
574.759
576.563
574.757
569.142
563.397
558.242
557.617
556.563
556.864
555.845
554.56
552.781
551.448
550.037
548.192
546.959
545.308
546.097
551.157
551.829
549.813
550.813
549.639
551.765
551.956
548.376
547.609
545.698
541.709
539.31
542.139
547.93
550.909
549.839
550.044
549.779
549.149
548.3
547.737
547.961
550.566
554.77
553.84
547.76
541.899
537.359
540.19
539.578
539.261
539.92
539.628
536.735
535.205
533.214
530.533
529.777
528.84
530.835
535.382
537.96
537.978
537.834
537.714
536.607
535.009
534.408
530.87
527.818
528.374
528.324
521.19
521.964
527.366
528.157
525.994
524.722
523.786
522.375
519.882
517.057
513.669
517.439
517.2
517.26
516.017
515.433
522.592
522.967
523.932
522.362
524.487
521.262
519.727
519.699
518.981
521.538
522.418
524.669
526.996
528.629
528.312
527.451
526.229
523.981
525.631
522.345
522.954
523.32
521.24
518.885
516.648
512.048
512.135
509.963
507.118
504.762
503.202
500.46
496.435
492.724
489.222
498.984
495.235
490.382
490.646
491.421
504.941
506.283
504.516
504.208
504.262
504.006
505.285
505.74
508.115
510.473
511.695
513.44
515.812
517.894
518.596
518.16
516.723
517.741
516.185
514.35
518.46
517.708
515.168
512.715
506.417
498.47
496.554
494.247
490.837
488.611
486.518
483.239
480.49
478.024
476.783
478.837
478.895
477.555
476.401
474.514
486.74
485.717
484.745
484.655
484.551
484.832
486.569
489.55
492.735
496.266
498.952
499.15
506.255
502.547
505.944
508.424
508.616
507.731
504.483
501.698
502.739
507.878
494.004
490.127
485.672
482.153
480.894
478.599
476.309
475.378
472.511
468.988
469.634
470.965
471.084
471.55
470.303
467.884
466.961
465.73
462.201
461.229
458.569
457.276
458.329
460.79
465.23
469.112
471.849
475.905
478.318
482.328
485.764
487.453
488.333
491.036
491.956
491.032
487.6
484.783
483.262
481.552
479.401
473.18
469.85
468.376
469.286
467.228
466.203
468.818
464.6
464.635
465.921
466.835
466.831
465.999
463.846
460.25
456.946
453.233
422.575
419.221
416.212
416.552
421.477
429.324
439.6
445.869
448.972
451.785
456.231
457.9
459.93
461.98
464.253
466.38
466.863
465.883
464.315
464.153
462.627
463.229
458.931
459.406
459.382
459.455
459.475
459.303
458.79
459.173
458.447
459.189
463.158
463.138
461.843
460.014
457.594
453.614
449.475
446.442
381.893
377.2
378.995
384.159
391.93
403.124
415.176
420.225
425.19
429.075
429.485
433.332
434.711
436.389
439.045
441.409
441.753
441.292
442.017
442.994
443.278
443.568
443.897
444.734
444.848
445.582
446.483
447.807
449.528
449.407
451.956
454.926
459.882
458.729
456.422
453.973
451.146
447.791
444.076
441.34
393.706
382.209
376.008
377.403
379.531
388.508
395.898
400.37
406.465
406.614
406.106
405.809
404.614
405.043
406.33
408.083
409.747
412.52
415.34
419.214
423.013
425.507
425.97
427.83
430.779
433.035
434.49
435.744
437.546
439.583
442.004
444.905
447.578
448.234
448.462
446.995
444.436
440.243
436.155
430.779
392.34
385.099
391.954
389.867
388.068
388.366
388.682
389.218
387.738
384.034
377.284
370.687
365.795
370.835
375.698
371.819
373.596
379.372
385.285
391.31
396.63
401.924
406.855
410.151
410.912
414.385
415.999
417.665
420.783
423.657
426.138
428.591
430.798
432.239
432.075
429.954
426.468
433.392
420.07
419.283
383.037
381.298
378.933
377.342
374.375
378.316
379.763
378.734
375.924
370.595
361.49
357.017
355.505
344.172
347.639
347.265
347.968
352.367
354.693
358.564
367.221
376.149
383.03
387.849
392.439
394.834
396.64
398.381
399.952
401.192
403.515
405.42
407.408
409.14
410.188
410.259
408.919
408.068
406.721
397.108
374.525
371.386
373.23
373.054
372.903
368.408
365.911
366.44
363.78
361.846
354.947
352.353
349.47
347.33
348.228
339.072
339.362
337.6
341.889
344.338
339.419
350.695
361.111
368.59
373.018
376.358
377.987
379.19
380.173
381.18
381.802
383.348
384.886
386.206
387.112
387.156
385.57
382.432
381.388
376.248
361.201
363.118
361.684
364.943
365.014
364.41
363.957
363.661
362.056
360.771
357.76
354.812
352.243
349.877
348.385
343.907
333.737
339.002
325.595
337.518
333.798
336.572
344.851
351.124
355.354
357.743
359.587
360.361
360.965
361.429
360.936
361.695
362.612
363.182
363.368
362.649
360.599
357.308
353.526
350.943
354.626
353.468
352.314
346.73
347.715
345.784
342.155
340.43
340.776
339.877
338.264
340.553
343.57
337.278
329.485
329.135
329.275
327.49
324.042
332.284
330.44
327.446
330.635
334.314
337.089
338.181
338.723
338.938
340.099
341.025
339.318
339.727
340.023
340.093
339.737
338.954
337.491
335.317
333.437
335.843
334.144
330.239
333.987
335.939
331.554
328.147
327.096
325.988
326.613
325.549
328.415
329.744
324.644
319.864
318.26
318.39
319.186
318.953
318.936
320.85
319.283
316.516
317.411
318.118
318.4
318.26
318.159
318.148
317.951
317.363
317.149
317.149
317.208
317.195
317.217
317.49
317.767
317.615
316.79
316.152
320.592
318.213
318.037
317.767
314.443
306.671
308.234
301.361
302.691
306.371
299.745
303.359
302.982
300.561
301.992
305.125
306.31
309.15
309.925
309.602
309.088
308.444
303.979
300.5
298.416
296.925
295.922
295.576
295.141
294.466
293.471
292.677
292.46
292.867
294.198
296.04
298.513
300.247
298.178
301.115
309.344
305.444
302.533
299.165
298.29
297.974
290.061
294.381
295.488
297.4
293.245
290.85
288.636
288.414
287.009
292.094
296.149
299.164
300.56
297.974
302.891
297.566
286.17
281.33
280.477
280.426
279.744
278.109
275.936
276.379
274.798
273.219
271.933
271.708
273.254
275.02
280.014
282.758
284.228
278.289
292.54
289.432
287.719
286.905
285.815
284.537
283.242
286.691
288.234
289.492
289.542
290.304
278.48
279.604
281.93
285.341
287.591
286.883
295.739
294.906
285.81
286.603
289.903
288.448
286.388
284.661
283.217
281.91
280.506
276.548
274.379
271.681
268.564
266.795
265.009
265.319
262.586
260.642
260.801
260.237
278.422
277.525
274.798
273.359
272.733
271.653
272.193
274.451
278.513
277.537
276.765
274.978
275.797
277.068
277.286
274.492
278.716
287.243
282.279
284.211
295.027
293.136
287.816
282.801
279.833
276.952
273.992
268.4
260.433
255.226
250.48
248.272
249.02
249.207
250.154
254.525
257.307
256.234
254.721
252.022
259.276
258.657
256.335
255.404
255.925
256.357
257.892
258.534
267.499
261.087
267.548
262.297
264.294
256.838
259.967
263.563
265.991
273.497
282.179
289.926
286.349
275.167
272.818
269.593
262.088
256.798
252.287
248.157
242.677
235.522
230.133
228.484
232.546
241.181
250.018
252.957
247.396
244.496
252.952
239.717
236.688
236.532
237.292
237.234
235.737
237.584
240.277
245.088
263.242
238.91
244.746
244.232
241.364
240.737
241.308
242.261
244.231
266.477
262.86
253.435
254.116
243.287
234.965
228.323
223.377
219.48
214.09
207.212
200.35
190.809
186.337
195.376
208.077
217.207
221.064
223.291
229.447
235.014
239.461
236.867
216.134
215.751
215.925
213.824
212.907
213.007
214.122
215.781
236.648
214.252
217.538
218.852
218.203
216.966
218.293
219.07
235.481
234.424
228.287
219.438
207.268
188.006
165.262
145.4
135.253
128.502
123.083
124.946
134.815
139.289
144.58
157.343
171.528
183.039
189.863
197.52
205.027
220.04
221.464
220.262
195.358
194.033
191.498
188.394
184.558
179.885
174.927
171.896
200.202
179.346
182.728
186.559
192.018
191.518
191.091
207.456
201.735
192.047
182.752
167.262
146.065
117.267
81.0807
64.89
56.9423
49.87
48.5447
51.1169
54.2704
64.5953
80.6975
107.726
123.136
141.337
145.191
147.975
158.757
180.947
192.806
194.892
173.539
171.381
167.172
160.195
152.253
148.131
149.523
151.694
165.137
166.287
163.896
162.7
182.256
178.833
181.937
179.321
160.293
147.979
133.06
108.533
76.7182
57.3394
39.698
29.7032
22.4089
18.7566
19.7541
22.8325
28.5634
40.6472
57.567
67.6098
88.419
107.777
106.267
120.185
129.65
132.582
136.781
149.257
154.93
152.088
147.715
144.117
144.566
139.49
139.49
146.388
154.102
156.531
158.666
156.804
160.904
169.258
161.765
140.422
128.405
113.715
97.9456
73.4492
48.3923
33.6727
20.256
8.59313
0.956686
0.113291
3.85429
9.73762
17.5669
27.8163
39.5884
57.0849
73.5113
90.3159
94.7562
103.018
108.636
109.627
115.246
117.883
144.847
141.885
141.804
140.854
138.417
135.574
140.203
142.317
146.542
144.011
136.492
129.549
126.355
114.709
136.761
106.576
97.581
86.991
76.1471
57.7974
34.9005
22.4591
11.6211
0.781689
-6.3314
-6.96144
-2.17172
5.35473
11.8209
20.9579
39.6557
57.3299
72.8746
87.6934
96.5018
102.583
103.181
105.523
111.405
107.051
138.482
133.956
136.883
140.107
137.008
133.463
131.729
132.45
134.783
141.896
130.843
108.421
92.126
87.2027
99.7529
80.9313
69.7773
65.5899
63.028
52.065
31.0434
20.5092
14.5568
7.50708
2.57253
1.20425
3.09811
6.99916
11.9617
23.4634
39.8697
54.9555
69.1375
83.6634
93.2543
99.9893
106.933
111.942
128.706
101.903
134.422
131.501
133.541
133.083
130.807
127.32
123.781
122.53
122.618
123.663
116.784
87.2919
91.1104
89.2739
87.0697
75.954
72.02
66.4145
60.8968
54.6149
29.3526
23.4544
21.7632
18.053
14.5043
12.0881
11.7634
12.1824
17.2394
27.2685
38.7563
51.6868
64.8223
76.0651
85.4057
93.0155
99.9379
108.691
120.647
86.2085
127.84
128.509
126.989
125.805
124.331
121.894
118.329
116.103
111.537
123.829
103.896
93.1522
94.9602
93.9622
92.9588
84.5837
79.0579
72.2015
66.8821
55.8697
26.7572
24.5233
23.4471
21.285
19.0655
17.2928
14.7183
14.8069
16.7409
20.2459
25.9321
35.2087
46.1291
54.3112
51.1372
47.0327
55.2666
62.9277
74.2833
52.3882
124.595
132.847
119.727
120.223
119.751
118.21
116.073
113.611
107.126
108.351
98.9253
91.5441
95.1904
95.3632
94.5215
89.6931
83.4311
70.2603
66.4889
40.5952
29.6051
27.0956
24.716
23.122
20.0769
16.7772
13.8149
10.4482
8.01337
5.78909
2.75298
3.56295
9.91556
7.89889
1.35782
-0.0432244
-0.719442
-1.46378
9.27785
12.7023
114.259
122.187
114.413
115.631
117.415
114.262
110.8
104.68
99.8865
96.0748
91.2112
87.3037
85.9271
87.2884
88.321
88.1583
74.6254
61.0096
45.3529
25.4666
32.2264
31.664
28.2409
20.5169
18.3594
13.2269
9.1722
6.01077
2.31706
-1.23822
-2.23006
1.16144
0.530528
0.334719
0.281079
0.209164
0.100699
0.306315
-0.0945368
1.15884
100.359
108.231
99.4804
106.707
101.244
99.5271
97.0097
92.9439
89.6403
86.3233
83.0482
80.3595
77.9088
75.3979
70.1823
66.5419
58.5749
50.2863
32.9284
28.3478
20.1773
13.8173
13.8287
13.8356
10.9187
8.59949
6.34165
4.02418
0.966931
-0.785878
-0.00514519
0.17911
0.0662653
-0.028343
-0.132809
-0.17994
-0.231282
-0.269595
-0.315868
-0.436872
90.3261
97.0386
87.8288
93.7533
87.5616
89.9816
88.0722
82.3766
79.7709
76.8962
74.233
72.4801
70.6647
68.9828
67.2898
64.7336
58.8995
51.3839
42.5741
34.1321
28.1536
24.382
20.0524
14.0097
13.0489
6.49741
8.32167
5.37169
1.54304
-0.269844
-0.129354
-0.115082
-0.171183
-0.255062
-0.390338
-0.514947
-0.534656
-0.584502
-0.724277
-1.1169
84.1791
86.2729
81.025
76.4773
77.4104
73.6557
72.2499
70.7231
68.0253
66.8062
65.0401
64.0318
61.5292
59.9884
58.6148
57.1938
54.7794
51.0145
45.3392
37.8575
31.1333
25.3648
19.1575
14.8509
10.9042
6.8556
3.48517
1.81283
-0.404082
-0.398144
-0.334532
-0.323791
-0.353086
-0.42028
-0.511378
-0.621861
-0.634701
-0.563139
-0.566895
-0.510588
81.8665
74.9157
75.3514
65.0374
68.3174
68.1783
65.5464
60.6686
59.4268
57.7715
55.9139
54.235
52.2959
50.1993
47.9698
45.7467
43.6498
41.2568
37.2712
31.9251
27.2554
22.2457
16.1948
10.0813
6.52169
2.01802
-1.06236
-0.588335
-0.422459
-0.402018
-0.413123
-0.418754
-0.432139
-0.464869
-0.505824
-0.544422
-0.566639
-0.571661
-0.579608
-0.621953
73.7639
63.5301
63.2285
55.1084
61.2861
58.9754
51.3324
50.2893
50.4683
49.2571
47.328
45.2686
43.0552
40.4221
37.4803
34.2316
30.9674
27.8199
24.2394
20.4125
16.8149
13.3894
11.4368
5.48142
0.608666
-0.455893
-0.448624
-0.467311
-0.453838
-0.465249
-0.475022
-0.481512
-0.481242
-0.482029
-0.496987
-0.530843
-0.554245
-0.552466
-0.53133
-0.442683
55.9221
50.1479
48.2634
43.7616
45.893
42.8798
42.5531
41.6182
41.5529
39.3219
38.1126
36.511
32.7928
30.2395
26.877
22.4895
17.8119
11.7102
7.6049
3.63215
-0.245159
-2.21874
-1.27525
0.0282246
-0.599798
-0.466149
-0.451451
-0.527878
-0.504589
-0.499527
-0.519929
-0.569257
-0.561985
-0.520693
-0.540004
-0.610153
-0.595774
-0.575854
-0.525672
-0.341059
40.1255
37.4046
34.4881
32.5024
31.7251
31.2404
32.0122
30.8894
33.5005
35.6856
35.1033
32.5338
28.399
24.0619
17.9071
8.42546
1.7089
-3.19668
-5.22659
-5.33976
-2.49297
-0.426895
-0.579964
-0.333119
-0.295666
-0.420955
-0.556087
-0.615485
-0.684316
-0.732192
-0.758444
-0.768284
-0.785029
-0.780665
-0.810725
-0.862872
-0.816304
-0.721083
-0.584504
-0.567861
24.2212
20.4791
16.6925
13.1038
11.6102
10.9307
10.879
15.0674
20.7181
23.2832
25.1971
25.0731
23.3941
21.1276
18.6474
15.2152
10.2614
7.09167
2.16959
0.461989
-1.62471
-0.610869
-0.620854
-0.459137
-0.408574
-0.480748
-0.689317
-0.788346
-0.798481
-0.809944
-0.822484
-0.837646
-0.855449
-0.895482
-0.935264
-1.0039
-0.958073
-0.906136
-0.849239
-0.759982
11.9397
6.91562
6.33505
4.5668
2.2622
2.97126
4.48536
2.3576
3.78634
10.3149
13.8406
15.3477
14.8853
13.4835
11.6255
9.79007
8.66404
10.2241
2.17615
-1.15117
-1.11849
-0.991043
-0.876077
-0.734222
-0.522015
-0.609175
-0.810403
-0.843842
-0.853323
-0.861061
-0.867462
-0.882486
-0.909144
-0.952536
-0.982616
-0.991383
-0.975961
-0.958268
-0.936539
-0.907918
15.9041
4.67258
5.29023
4.14232
-1.21194
0.628311
-0.687035
6.43061
-4.31389
-4.93621
4.24693
9.11515
13.5277
14.9644
11.384
3.97768
-1.11834
-1.32932
-1.54511
-1.3255
-1.23099
-1.15735
-1.08839
-0.97643
-0.865277
-0.862775
-0.913022
-0.914034
-0.922592
-0.928007
-0.935115
-0.920555
-0.966256
-0.981446
-0.987741
-0.976778
-0.963553
-0.957826
-0.963033
-0.975974
21.4875
10.4197
5.9756
2.55701
0.747602
1.12434
2.08606
-2.28377
-1.44295
-1.48654
-1.34832
-1.36463
-1.3669
-1.38198
-1.39896
-1.41152
-1.41154
-1.41332
-1.43611
-1.43293
-1.39967
-1.36076
-1.31812
-1.22708
-1.1394
-1.07547
-1.03764
-1.01088
-1.01247
-1.01037
-1.04147
-1.02315
-1.0211
-1.02211
-0.996764
-0.991215
-0.969915
-0.950102
-0.953798
-0.951633
9.69333
7.77683
7.14251
6.58839
2.8077
-1.58243
-1.37894
-1.40251
-1.25222
-1.2795
-1.30006
-1.32414
-1.34291
-1.36556
-1.39084
-1.41478
-1.43524
-1.44584
-1.45287
-1.45248
-1.44819
-1.46907
-1.52634
-1.5027
-1.39398
-1.28221
-1.19395
-1.1627
-1.12954
-1.11291
-1.12972
-1.10589
-1.08917
-1.07647
-1.05385
-1.03685
-1.01148
-1.00662
-1.00153
-1.01103
0.156583
-0.408869
-1.43084
-1.3896
-1.40568
-1.51893
-1.53988
-1.485
-1.39553
-1.32861
-1.32498
-1.34203
-1.35399
-1.36787
-1.38865
-1.40766
-1.4231
-1.43263
-1.43988
-1.44343
-1.45998
-1.50244
-1.55087
-1.56652
-1.52766
-1.43138
-1.23006
-1.25851
-1.205
-1.18732
-1.18073
-1.17072
-1.1363
-1.11637
-1.12728
-1.10186
-1.07783
-1.06133
-1.07258
-1.12403
-1.40856
-1.41772
-1.42925
-1.43723
-1.5115
-1.5244
-1.48212
-1.45908
-1.41502
-1.38459
-1.37635
-1.3714
-1.38312
-1.38852
-1.39537
-1.40395
-1.41016
-1.41404
-1.41693
-1.42468
-1.44681
-1.4792
-1.51744
-1.53659
-1.51688
-1.48599
-1.43044
-1.2326
-1.2263
-1.22425
-1.22046
-1.2193
-1.21833
-1.2088
-1.18787
-1.18041
-1.15263
-1.13231
-1.1315
-1.06196
-1.45762
-1.47149
-1.47639
-1.48253
-1.49481
-1.50388
-1.49836
-1.47331
-1.44174
-1.42705
-1.41794
-1.39779
-1.38807
-1.37837
-1.37832
-1.3943
-1.39246
-1.39221
-1.39383
-1.40335
-1.4256
-1.44745
-1.48418
-1.50149
-1.49629
-1.47396
-1.44244
-1.26393
-1.25893
-1.2515
-1.2565
-1.25944
-1.26443
-1.26909
-1.2749
-1.28132
-1.25729
-1.22194
-1.18267
-1.14667
-1.48533
-1.493
-1.50786
-1.52274
-1.5281
-1.52986
-1.52798
-1.49582
-1.47641
-1.45167
-1.43931
-1.43075
-1.42206
-1.41553
-1.41278
-1.38465
-1.37717
-1.38373
-1.38238
-1.3919
-1.41293
-1.43629
-1.46065
-1.47354
-1.47108
-1.45466
-1.43847
-1.4179
-1.29497
-1.3033
-1.29324
-1.29289
-1.2967
-1.30264
-1.30894
-1.31179
-1.31064
-1.30435
-1.26279
-1.26151
-1.50871
-1.51425
-1.52636
-1.53799
-1.53945
-1.53646
-1.53749
-1.52054
-1.49179
-1.48477
-1.46906
-1.45887
-1.45025
-1.44414
-1.43678
-1.42896
-1.42143
-1.40234
-1.40196
-1.4114
-1.41866
-1.43294
-1.44907
-1.45898
-1.46071
-1.45567
-1.44731
-1.43971
-1.3264
-1.29637
-1.32009
-1.3209
-1.32226
-1.32254
-1.3236
-1.32477
-1.32626
-1.32478
-1.31261
-1.30561
-1.52211
-1.52552
-1.53132
-1.53753
-1.53933
-1.53829
-1.53715
-1.52992
-1.50977
-1.50706
-1.49533
-1.48663
-1.47938
-1.4734
-1.46832
-1.46469
-1.46035
-1.45769
-1.45174
-1.43939
-1.44541
-1.45317
-1.45318
-1.4539
-1.45218
-1.44502
-1.43202
-1.41648
-1.3906
-1.32918
-1.37825
-1.35821
-1.35022
-1.34723
-1.34204
-1.34058
-1.33587
-1.32915
-1.32626
-1.32545
-1.52613
-1.52972
-1.53201
-1.5345
-1.5362
-1.53668
-1.53867
-1.5266
-1.5224
-1.52597
-1.5213
-1.51753
-1.5145
-1.51199
-1.50934
-1.50633
-1.50282
-1.49969
-1.49717
-1.49585
-1.47311
-1.46022
-1.46804
-1.46382
-1.45647
-1.44724
-1.43524
-1.42562
-1.41231
-1.37194
-1.40443
-1.38419
-1.37769
-1.37034
-1.36612
-1.36315
-1.36116
-1.34871
-1.35629
-1.35345
-1.53297
-1.53684
-1.53819
-1.53694
-1.53556
-1.53455
-1.53641
-1.5282
-1.54173
-1.54349
-1.54515
-1.54727
-1.54932
-1.55088
-1.55124
-1.54987
-1.54611
-1.54022
-1.53357
-1.52775
-1.52013
-1.50037
-1.48627
-1.47905
-1.47329
-1.46524
-1.45881
-1.45515
-1.44413
-1.41202
-1.40627
-1.41843
-1.40946
-1.39906
-1.4044
-1.39424
-1.39167
-1.3944
-1.38915
-1.3833
-1.54955
-1.55121
-1.54926
-1.54372
-1.53934
-1.53862
-1.53596
-1.54589
-1.55101
-1.55668
-1.56404
-1.57251
-1.58119
-1.5879
-1.59173
-1.59162
-1.5873
-1.57962
-1.56908
-1.55875
-1.54798
-1.53775
-1.51497
-1.50288
-1.49383
-1.48647
-1.48215
-1.47873
-1.47609
-1.47117
-1.47655
-1.46678
-1.45349
-1.44095
-1.43386
-1.44253
-1.43983
-1.43429
-1.4315
-1.42918
-1.56413
-1.56327
-1.56034
-1.55579
-1.55124
-1.54444
-1.55847
-1.55993
-1.56403
-1.57119
-1.58083
-1.59198
-1.60337
-1.6135
-1.6206
-1.62284
-1.61995
-1.61295
-1.60066
-1.58491
-1.57122
-1.55934
-1.54232
-1.52937
-1.51946
-1.5094
-1.49997
-1.49972
-1.50148
-1.50347
-1.51095
-1.51762
-1.49763
-1.4821
-1.4776
-1.48298
-1.47356
-1.48272
-1.47163
-1.4759
-1.57753
-1.57617
-1.57575
-1.57385
-1.56015
-1.5812
-1.57755
-1.57776
-1.58214
-1.58678
-1.59716
-1.60628
-1.61601
-1.62602
-1.63381
-1.63698
-1.63498
-1.62821
-1.6163
-1.60116
-1.58835
-1.57717
-1.56175
-1.54991
-1.54007
-1.53107
-1.52618
-1.52568
-1.52545
-1.52938
-1.53712
-1.54034
-1.50279
-1.4991
-1.52039
-1.51704
-1.51754
-1.52605
-1.5119
-1.51317
-1.59448
-1.59898
-1.58666
-1.58847
-1.59705
-1.59602
-1.59592
-1.59638
-1.59442
-1.587
-1.61024
-1.61848
-1.6245
-1.63028
-1.63477
-1.6362
-1.63317
-1.62616
-1.61619
-1.60492
-1.59577
-1.58843
-1.57616
-1.56556
-1.55757
-1.549
-1.54187
-1.53854
-1.53709
-1.55839
-1.55558
-1.55351
-1.55719
-1.51619
-1.54159
-1.54385
-1.54228
-1.55566
-1.54866
-1.54384
-1.61794
-1.61956
-1.62054
-1.61414
-1.62329
-1.62148
-1.62279
-1.62226
-1.62131
-1.62309
-1.62431
-1.63264
-1.63655
-1.63744
-1.63669
-1.63343
-1.62764
-1.62005
-1.61195
-1.60505
-1.60002
-1.59778
-1.58984
-1.57955
-1.57758
-1.57481
-1.56928
-1.56429
-1.56572
-1.58175
-1.57852
-1.57483
-1.57401
-1.57266
-1.57099
-1.57285
-1.57435
-1.57679
-1.57355
-1.56684
-1.64528
-1.64721
-1.64627
-1.6477
-1.64893
-1.65226
-1.65646
-1.65781
-1.65796
-1.65282
-1.64634
-1.64863
-1.65143
-1.64629
-1.641
-1.63376
-1.62922
-1.62189
-1.61411
-1.60947
-1.60673
-1.60588
-1.60679
-1.6066
-1.60708
-1.60684
-1.60477
-1.60482
-1.60695
-1.60672
-1.59977
-1.59417
-1.59063
-1.58917
-1.58781
-1.58701
-1.58938
-1.58923
-1.58752
-1.58351
-1.66762
-1.66975
-1.66972
-1.67087
-1.67362
-1.6772
-1.68249
-1.6886
-1.67859
-1.67355
-1.676
-1.67247
-1.67013
-1.6662
-1.65718
-1.63759
-1.62807
-1.62513
-1.62323
-1.62146
-1.62058
-1.61911
-1.61799
-1.61917
-1.62352
-1.62689
-1.62912
-1.62923
-1.62708
-1.62231
-1.61543
-1.60891
-1.60472
-1.60262
-1.60133
-1.60101
-1.60098
-1.6018
-1.60192
-1.60143
-1.68907
-1.68916
-1.6907
-1.69027
-1.69181
-1.69338
-1.69562
-1.69939
-1.70097
-1.69962
-1.69456
-1.69167
-1.6894
-1.6857
-1.6802
-1.67297
-1.66809
-1.6668
-1.6488
-1.64006
-1.63894
-1.6415
-1.64274
-1.64642
-1.64404
-1.64692
-1.64753
-1.64685
-1.64443
-1.63985
-1.6334
-1.6271
-1.62234
-1.61829
-1.61727
-1.61796
-1.61253
-1.61153
-1.61894
-1.62549
-1.70749
-1.7075
-1.70755
-1.70703
-1.70779
-1.70786
-1.70774
-1.71103
-1.71033
-1.71022
-1.70891
-1.70693
-1.70471
-1.70207
-1.69863
-1.69335
-1.6892
-1.68313
-1.6819
-1.67957
-1.68055
-1.66994
-1.66661
-1.66371
-1.66634
-1.67388
-1.67247
-1.66981
-1.66715
-1.66336
-1.65807
-1.65322
-1.65078
-1.64762
-1.64495
-1.64497
-1.64502
-1.64607
-1.65006
-1.64734
-1.72045
-1.72433
-1.72373
-1.72356
-1.72375
-1.72443
-1.72498
-1.7252
-1.72476
-1.7247
-1.722
-1.72258
-1.72152
-1.71913
-1.71833
-1.71053
-1.70654
-1.70868
-1.7064
-1.70494
-1.70406
-1.70368
-1.6998
-1.69148
-1.68713
-1.70069
-1.69923
-1.69699
-1.69573
-1.69315
-1.68813
-1.67934
-1.67581
-1.67517
-1.67529
-1.67655
-1.67918
-1.6832
-1.68169
-1.67681
-1.7414
-1.74174
-1.74107
-1.74009
-1.74014
-1.74041
-1.74083
-1.74107
-1.74166
-1.73915
-1.73784
-1.73736
-1.73962
-1.73333
-1.73873
-1.73177
-1.72961
-1.72975
-1.72965
-1.72935
-1.7301
-1.7307
-1.73132
-1.73088
-1.72187
-1.72314
-1.72566
-1.72447
-1.72457
-1.72374
-1.71582
-1.71403
-1.70652
-1.70683
-1.70795
-1.70923
-1.71117
-1.71254
-1.71413
-1.71291
-1.76152
-1.76143
-1.75761
-1.7582
-1.7588
-1.75674
-1.76108
-1.75815
-1.75803
-1.75802
-1.75786
-1.76044
-1.7575
-1.75862
-1.75473
-1.75343
-1.75256
-1.75406
-1.752
-1.753
-1.75235
-1.75238
-1.75206
-1.7517
-1.75161
-1.7456
-1.74888
-1.74889
-1.75072
-1.75111
-1.74483
-1.74607
-1.75586
-1.7507
-1.74732
-1.74596
-1.74556
-1.74485
-1.74387
-1.7416
-1.78196
-1.78119
-1.78017
-1.77966
-1.77962
-1.78051
-1.78088
-1.78002
-1.78068
-1.78268
-1.78168
-1.78018
-1.78028
-1.77642
-1.77512
-1.7792
-1.77705
-1.7758
-1.77485
-1.77446
-1.77435
-1.77405
-1.7736
-1.77347
-1.77285
-1.77268
-1.77273
-1.77333
-1.77692
-1.77698
-1.78149
-1.78402
-1.79757
-1.79194
-1.78445
-1.77945
-1.77645
-1.77341
-1.77182
-1.76989
-1.80286
-1.80234
-1.80215
-1.80172
-1.79935
-1.79965
-1.80276
-1.8017
-1.80142
-1.80072
-1.80025
-1.79897
-1.7989
-1.79916
-1.79975
-1.79943
-1.79831
-1.79708
-1.79615
-1.79561
-1.79543
-1.79531
-1.7954
-1.79517
-1.79532
-1.7961
-1.79585
-1.79691
-1.79974
-1.80391
-1.80866
-1.8149
-1.82333
-1.82329
-1.80944
-1.80662
-1.8037
-1.79853
-1.79944
-1.79842
-1.82174
-1.82246
-1.82242
-1.82245
-1.82289
-1.82138
-1.82276
-1.82189
-1.82036
-1.81949
-1.81882
-1.81846
-1.81823
-1.81823
-1.81815
-1.8176
-1.81698
-1.8164
-1.81591
-1.81559
-1.81539
-1.81529
-1.81536
-1.81565
-1.8159
-1.81607
-1.81694
-1.81745
-1.81962
-1.82305
-1.82711
-1.83194
-1.83736
-1.84133
-1.83512
-1.82813
-1.82435
-1.82287
-1.81987
-1.82102
-1.84111
-1.84135
-1.84134
-1.84154
-1.84177
-1.84181
-1.84097
-1.84048
-1.83936
-1.83851
-1.83799
-1.83772
-1.83748
-1.83731
-1.8371
-1.83678
-1.83638
-1.836
-1.83569
-1.83545
-1.83528
-1.83507
-1.83506
-1.83505
-1.83521
-1.83522
-1.83474
-1.83508
-1.8369
-1.8392
-1.84148
-1.84392
-1.84591
-1.84668
-1.84556
-1.84337
-1.84102
-1.83973
-1.83855
-1.83876
-1.85961
-1.85971
-1.8597
-1.8597
-1.85968
-1.85958
-1.85926
-1.85867
-1.85808
-1.85757
-1.85721
-1.85694
-1.85671
-1.85651
-1.85629
-1.85605
-1.85578
-1.85551
-1.85527
-1.85507
-1.85487
-1.85419
-1.85413
-1.85449
-1.85393
-1.85387
-1.85411
-1.8536
-1.8544
-1.85538
-1.85683
-1.85789
-1.85947
-1.86004
-1.86024
-1.85952
-1.8584
-1.85571
-1.85593
-1.85597
-1.87813
-1.87815
-1.87813
-1.8781
-1.87801
-1.87785
-1.87761
-1.87727
-1.87692
-1.8766
-1.87633
-1.87611
-1.8759
-1.87571
-1.87552
-1.87533
-1.87513
-1.87487
-1.87474
-1.87456
-1.87428
-1.87391
-1.87379
-1.87363
-1.87358
-1.87295
-1.87281
-1.87294
-1.87328
-1.87396
-1.87509
-1.87575
-1.87669
-1.87725
-1.87719
-1.87602
-1.87451
-1.8731
-1.87131
-1.87063
-1.89671
-1.89672
-1.89668
-1.89659
-1.89656
-1.89643
-1.89625
-1.89604
-1.89583
-1.89562
-1.89542
-1.89524
-1.89507
-1.8949
-1.89475
-1.89459
-1.89442
-1.89422
-1.89411
-1.89395
-1.89384
-1.89368
-1.89335
-1.89305
-1.89272
-1.89244
-1.89259
-1.89251
-1.89298
-1.89409
-1.89543
-1.89656
-1.8971
-1.89704
-1.89617
-1.8947
-1.89289
-1.89035
-1.88845
-1.88701
-1.91533
-1.91534
-1.91528
-1.91524
-1.91522
-1.91513
-1.91501
-1.91487
-1.91473
-1.9146
-1.91446
-1.91434
-1.91421
-1.91409
-1.91398
-1.91386
-1.91376
-1.91365
-1.91353
-1.9134
-1.91328
-1.91315
-1.91301
-1.91288
-1.91269
-1.91235
-1.91229
-1.9125
-1.91361
-1.91536
-1.91724
-1.91875
-1.91953
-1.91932
-1.91841
-1.91686
-1.91474
-1.91225
-1.91007
-1.90994
-1.93402
-1.934
-1.93398
-1.93396
-1.93392
-1.93387
-1.9338
-1.93372
-1.93364
-1.93357
-1.9335
-1.93342
-1.93334
-1.93327
-1.9332
-1.93313
-1.93306
-1.93298
-1.9329
-1.93282
-1.93274
-1.93267
-1.9326
-1.93256
-1.93256
-1.93255
-1.93262
-1.93328
-1.93454
-1.93668
-1.94012
-1.94188
-1.94374
-1.94473
-1.94409
-1.9413
-1.9377
-1.93457
-1.93166
-1.92869
-1.9527
-1.95269
-1.95268
-1.95267
-1.95265
-1.95263
-1.95261
-1.95258
-1.95256
-1.95254
-1.95251
-1.95249
-1.95246
-1.95244
-1.95243
-1.95241
-1.95239
-1.95237
-1.95236
-1.95235
-1.95235
-1.95236
-1.95243
-1.95258
-1.95286
-1.95333
-1.95426
-1.95622
-1.95952
-1.96297
-1.96473
-1.96495
-1.96719
-1.97144
-1.9734
-1.96956
-1.96325
-1.95951
-1.95898
-1.9555
)
;

boundaryField
{
    inlet
    {
        type            calculated;
        value           nonuniform List<scalar> 10(-293.393 -293.574 -293.711 -293.838 -293.896 -293.9 -293.838 -293.71 -293.573 -293.392);
    }
    inletWall
    {
        type            calculated;
        value           nonuniform List<scalar> 
30
(
-204.279
-224.332
-244.224
-263.962
-283.583
-117.958
-133.512
-150.038
-166.933
-183.954
-24.4905
-44.9792
-65.0409
-87.8671
-113.645
-204.273
-224.327
-244.221
-263.96
-283.582
-117.966
-133.552
-150.041
-166.918
-183.949
-24.4223
-44.9505
-65.0036
-87.8692
-113.629
)
;
    }
    bottleWall
    {
        type            calculated;
        value           nonuniform List<scalar> 
290
(
1048.23
1030.24
1013.74
992.773
973.391
954.552
935.688
917.281
899.479
882.336
865.097
845.098
824.213
801.749
780.871
761.104
746.835
730.962
715.89
706.953
694.27
665.797
651.305
638.407
628.21
621.494
604.974
590.415
573.845
550.312
525.094
504.901
489.183
479.933
469.272
460.096
447.914
429.913
413.786
398.901
381.351
357.405
323.982
296.029
276.003
259.537
244.129
238.591
216.787
201.041
182.344
165.368
153.715
144.96
135.278
122.221
104.381
87.2358
72.9138
60.5368
50.3468
37.7261
25.5558
10.5777
-0.523884
-1.08585
-1.07276
-1.09889
-1.13795
-1.16861
-1.19901
-1.22626
-1.25651
-1.35077
-1.45429
-1.48101
-1.50412
-1.52662
-1.54255
-1.55355
-1.56163
-1.57288
-1.58748
-1.60524
-1.62592
-1.64969
-1.67455
-1.69943
-1.72162
-1.74714
-1.77145
-1.79271
-1.81256
-1.83238
-1.85225
-1.87229
-1.89233
-1.91257
-1.93244
-1.9525
1042.39
1042.31
1042.98
1043.25
1043.49
1043.75
1044.07
1044.51
1044.99
1045.35
1045.63
1045.98
1046.13
1046.69
1047.2
1047.94
1047.9
1047.3
1046.69
1045.97
1045.06
1044.34
1044.19
1044.67
1045.71
1047.33
1049.5
1051.87
1053.86
1054.89
1054.47
1053.28
1052.76
1053.59
1054.86
1056.64
1057.63
1058.2
1057.5
1057.49
1050.39
1050.25
1049.6
1048.36
1046.84
1045.15
1043.4
1041.29
1041.94
1042.51
1060.75
1060.99
1060.82
1062.53
1061.57
1062.11
1062.17
1062.22
1062.07
1061.84
1061.63
1061.5
1061.4
1061.61
1062.44
1063.31
1062.04
1062.24
1062.38
1062.29
1062.09
1061.74
1061.27
1060.86
1060.52
1060.15
1059.75
1059.59
1059.11
1058.53
1057.87
1057.23
1056.53
1055.79
1054.97
1053.89
1052.72
1051.58
1050.85
1050.47
1051.22
1031.88
1016.05
999.211
976.209
954.348
935.34
919.011
903.225
893.261
876.776
848.406
822.709
801.977
783.457
764.291
742.726
726.589
712.9
699.339
685.847
668.129
645.801
624.59
603.883
587.87
573.38
557.617
540.19
522.592
504.941
486.74
462.201
422.575
381.893
393.706
392.34
383.037
374.525
361.201
354.626
334.144
320.592
309.344
292.54
278.422
259.276
236.688
216.134
195.358
173.539
154.93
144.847
138.482
134.422
127.84
124.595
114.259
100.359
90.3261
84.1791
81.8665
73.7639
55.9221
40.1255
24.2212
11.9397
15.9041
21.4875
9.69333
0.156583
-1.40856
-1.45762
-1.48533
-1.50871
-1.52211
-1.52613
-1.53297
-1.54955
-1.56413
-1.57753
-1.59448
-1.61794
-1.64528
-1.66762
-1.68907
-1.70749
-1.72045
-1.7414
-1.76152
-1.78196
-1.80286
-1.82174
-1.84111
-1.85961
-1.87813
-1.89671
-1.91533
-1.93402
-1.9527
)
;
    }
    atmosphere
    {
        type            calculated;
        value           nonuniform List<scalar> 
80
(
-1.96269
-1.96231
-1.9633
-1.96223
-1.96268
-1.96263
-1.96215
-1.96686
-1.96292
-1.96325
-1.9628
-1.96239
-1.96213
-1.96202
-1.962
-1.96201
-1.96201
-1.96201
-1.96204
-1.96221
-1.9643
-1.9646
-1.96214
-1.96207
-1.96204
-1.962
-1.962
-1.962
-1.962
-1.962
-1.962
-1.962
-1.962
-1.962
-1.962
-1.96853
-1.96655
-1.96233
-1.96233
-1.96202
-1.96207
-1.96204
-1.962
-1.962
-1.96201
-1.96201
-1.96202
-1.96202
-1.96202
-1.96202
-1.96202
-1.96202
-1.96202
-1.96203
-1.96203
-1.96203
-1.96204
-1.96205
-1.96206
-1.96208
-1.96212
-1.96218
-1.96228
-1.96241
-1.96258
-1.96283
-1.96328
-1.964
-1.96394
-1.97675
-1.98149
-1.97648
-1.97706
-1.99266
-2.00445
-1.98882
-1.96734
-1.96525
-1.96516
-1.96516
)
;
    }
    frontAndBack
    {
        type            empty;
    }
}


// ************************************************************************* //
