/*--------------------------------*- C++ -*----------------------------------*\
  =========                 |
  \\      /  F ield         | OpenFOAM: The Open Source CFD Toolbox
   \\    /   O peration     | Website:  https://openfoam.org
    \\  /    A nd           | Version:  8
     \\/     M anipulation  |
\*---------------------------------------------------------------------------*/
FoamFile
{
    version     2.0;
    format      ascii;
    class       volScalarField;
    location    "7.2";
    object      p;
}
// * * * * * * * * * * * * * * * * * * * * * * * * * * * * * * * * * * * * * //

dimensions      [1 -1 -2 0 0 0 0];

internalField   nonuniform List<scalar> 
9150
(
-204.312
-205.319
-205.96
-206.424
-206.66
-206.659
-206.419
-205.958
-205.322
-204.313
-224.373
-224.883
-225.31
-225.623
-225.793
-225.806
-225.638
-225.314
-224.885
-224.373
-244.266
-244.543
-244.799
-245.023
-245.125
-245.123
-245.017
-244.8
-244.543
-244.265
-264.005
-264.177
-264.347
-264.506
-264.582
-264.591
-264.501
-264.344
-264.175
-264.002
-283.629
-283.806
-283.945
-284.076
-284.136
-284.136
-284.062
-283.936
-283.801
-283.625
-118.467
-119.151
-118.772
-118.405
-118.216
-118.221
-118.418
-118.775
-119.136
-118.45
-133.843
-134.564
-134.689
-134.752
-134.646
-134.641
-134.73
-134.68
-134.546
-133.83
-150.28
-151.038
-151.339
-151.702
-151.768
-151.758
-151.68
-151.33
-151.023
-150.263
-167.123
-168.292
-168.771
-169.376
-169.569
-169.547
-169.363
-168.749
-168.269
-167.108
-184.228
-186.242
-187.016
-187.678
-187.975
-187.963
-187.698
-187.023
-186.248
-184.229
-25.0404
-26.3611
-28.2862
-29.4001
-29.8893
-29.7501
-29.2186
-28.1665
-26.0212
-24.269
-45.2121
-45.4823
-46.4382
-46.7644
-47.23
-47.2241
-46.7317
-46.2555
-45.1919
-44.823
-65.3465
-65.1344
-66.1615
-65.7364
-66.1919
-66.1179
-65.6279
-66.0014
-64.9609
-65.1487
-88.0896
-85.1527
-86.1172
-84.5555
-84.6888
-84.6621
-84.5599
-86.0217
-85.0805
-87.986
-113.209
-104.016
-103.413
-102.132
-101.68
-101.642
-102.09
-103.333
-103.959
-113.136
1402.76
1403.31
1403.91
1403.89
1403.42
1402.88
1403
1403.37
1404.11
1405.21
1383.4
1382.96
1383.23
1383.03
1382.09
1383.47
1382.22
1381.85
1381.83
1382.3
1367.25
1367.15
1365.17
1363.48
1362.6
1362.28
1360.96
1359.82
1359.55
1358.21
1347.82
1346.3
1344.53
1342.76
1341.42
1339.89
1338.5
1337.27
1336.47
1335.86
1328.04
1326.1
1323.53
1320.78
1317.95
1315.06
1312.9
1311.41
1309.87
1309.24
1305.86
1303.77
1300.58
1296.97
1293.09
1289.62
1287.61
1285.91
1283.19
1286.63
1283.79
1282.75
1280.22
1276.97
1274.46
1274.04
1273.26
1272.08
1271.23
1272.51
1265.97
1265.46
1263.89
1261.73
1261.52
1260.93
1260.61
1260.3
1260.65
1261.27
1249.42
1248.55
1247.55
1246.69
1247.75
1247.29
1246.82
1246.88
1246.35
1247.38
1232.14
1230.51
1229.19
1228.52
1230.57
1234.35
1229.4
1230.47
1230.26
1230.26
1213.76
1212.25
1211.42
1211.02
1211.02
1210.46
1210.88
1211.94
1212.65
1212.96
1195.32
1194.22
1193.21
1193.76
1193.44
1193.85
1194.29
1194.84
1195.35
1195.79
1176.6
1175.95
1175.62
1175.69
1175.94
1175.96
1176.45
1176.94
1177.52
1178.22
1157.17
1156.61
1156.25
1156.33
1156.74
1157.29
1157.89
1158.96
1159.52
1160
1137.85
1137.41
1137
1136.42
1137.73
1138.19
1138.72
1139.65
1140.38
1141.05
1118.49
1118.29
1118.02
1117.75
1117.94
1118.88
1120.01
1120.94
1121.49
1122.15
1098.22
1098.22
1098.41
1098.68
1099.27
1099.7
1101.31
1101.72
1102.09
1102.67
1078.6
1078.83
1079.13
1079.43
1079.8
1080.28
1080.82
1081.4
1081.92
1082.37
1059.6
1060.02
1060.12
1060.74
1060.75
1060.69
1061.1
1061.49
1061.94
1062.21
1041.98
1041.81
1041.83
1042.32
1041.78
1041.55
1041.62
1041.67
1041.81
1041.82
1023.6
1023.35
1023.09
1022.67
1022.41
1022.17
1021.93
1021.66
1021.43
1021.18
1004.32
1005.08
1004.05
1003.81
1003.37
1002.86
1002.25
1001.57
1000.8
1000.06
986.239
986.088
984.628
984.526
984.02
983.274
982.447
981.404
980.237
979.302
965.937
965.693
965.531
964.713
964.43
963.944
963.192
962.149
960.979
960.314
946.292
946.21
946.025
945.841
945.547
944.961
944.516
943.694
943
942.805
926.322
926.569
926.562
926.699
926.74
926.281
925.973
925.596
924.769
924.902
905.437
906.2
906.596
906.918
907.412
907.568
907.042
906.974
906.539
906.025
883.749
885.162
886.234
886.944
887.535
888
888.555
888.41
888.083
887.519
863.427
865.054
866.568
867.533
868.351
869.052
869.492
869.775
869.502
868.854
845.659
846.53
848.049
848.982
849.858
850.706
851.317
851.632
851.434
850.562
828.534
829.455
830.507
831.412
831.905
832.604
833.49
833.998
833.528
831.961
812.942
812.542
813.941
813.961
815.616
813.537
814.799
815.316
814.35
812.826
794.426
794.518
795.217
796.02
796.942
797.118
798.743
799.122
797.051
796.619
772.665
775.219
774.742
777.227
778.016
779.819
781.418
780.354
780.465
779.866
750.689
753.945
756.693
758.313
761.488
762.97
763.343
764.461
763.729
762.007
737.484
738.518
740.437
742.474
744.501
745.693
746.521
746.723
746.622
745.881
723.598
726
728.299
727.299
728.095
729.524
730.14
729.803
728.611
728.611
708.662
710.361
711.291
711.665
709.989
711.294
712.011
712.243
710.971
709.634
690.843
692.263
692.373
690.796
692.245
692.906
694.009
692.645
693.503
691.362
669.242
670.64
668.208
669.819
670.55
670.072
672.353
672.571
671.777
671.969
642.986
643.515
644.899
646.06
646.469
646.582
648.857
649.38
649.07
649.978
619.963
622.408
623.533
623.429
623.132
623.19
623.829
624.652
626.15
627.263
607.784
605.191
603.054
602.174
600.598
598.377
600.952
599.92
602.136
602.619
596.013
592.5
586.533
585.105
581.543
580.13
585.65
583.689
581.339
584.975
574.706
571.931
568.248
566.614
564.345
562.632
563.909
563.623
562.663
561.162
554.34
552.879
551.616
550.347
548.95
547.21
547.494
547.724
547.516
547.324
533.582
532.539
531.656
531.243
531.069
530.788
530.671
531.87
533.564
534.247
515.549
513.977
512.793
512.076
511.919
512.194
512.863
514.241
515.439
516.399
500.987
498.451
496.097
494.393
493.326
492.786
493.145
494.087
494.846
494.25
484.855
482.153
479.347
477.48
476.884
476.029
475.678
475.411
475.065
475.151
471.162
468.528
465.83
463.123
461.708
460.027
458.51
457.588
457.096
457.677
457.257
456.263
453.436
450.14
447.257
445.093
442.865
441.533
440.059
438.612
440.282
436.069
439.386
431.51
430.031
426.624
424.412
421.354
420.977
420.117
427.692
421.647
424.334
423.228
417.825
413.543
416.94
414.483
406.996
402.407
415.128
410.149
407.496
408.814
410.327
406.98
403.693
400.016
395.442
391.034
402.415
401.38
402.567
399.065
395.355
391.701
389.69
386.842
383.168
378.984
387.478
384.601
385.438
384.27
382.12
378.121
377.218
374.742
370.576
365.817
370.35
368.349
364.278
361.952
358.807
359.654
358.548
354.054
354.611
352.16
351.724
347.689
344.376
341.535
338.916
335.882
335.525
333.286
331.346
329.615
330.19
325.703
321.878
318.691
316.259
313.249
311.269
308.455
305.653
302.115
303.427
300.556
297.577
293.582
292.9
289.407
284.931
281.059
277.57
274.031
274.324
272.357
269.775
271.694
269.214
265.258
262.035
259.734
256.689
253.588
249.852
251.809
251
251.894
247.694
242.214
237.946
233.005
227.89
224.815
241.432
241.096
237.508
231.013
222.371
212.851
203.831
195.138
187.538
179.524
219.188
217.339
208.865
195.164
176.629
156.777
143.435
141.815
140.476
137.431
179.436
178.461
172.164
155.009
133.495
131.001
134.133
133.356
132.764
132.325
142.961
142.886
144.679
138.379
123.766
128.741
128.398
129.287
129.411
129.821
115.611
119.348
118.908
130.224
121.849
124.353
125.577
125.891
126.239
126.754
100.642
109.281
111.089
117.555
122.317
119.054
121.482
121.767
122.212
122.597
98.3741
106.519
103.762
109.15
111.729
114.366
116.938
118.154
118.246
118.228
101.97
99.3399
102.634
101.019
103.37
109.175
110.868
112.571
112.802
112.722
98.9343
100.556
99.7543
119.615
112.086
106.808
107.376
109.337
109.689
109.129
109.671
108.708
105.485
115.231
118.173
104.523
106.568
108.515
108.167
106.417
129.795
120.693
111.354
113.281
111.294
109.595
109.466
108.984
107.742
104.988
144.085
122.838
120.191
111.821
111.249
110.331
109.647
105.594
107.12
105.225
119.35
115.629
105.121
107.213
104.576
108.398
108.466
104.23
105.954
103.731
66.9604
70.0495
49.2493
72.5223
86.3532
118.126
100.239
112.359
100.635
105.344
11.0667
18.6588
21.801
36.5774
73.2557
107.69
96.9161
90.4343
86.7237
84.568
8.9277
-2.88746
6.02939
3.11402
65.1496
80.2807
111.225
78.421
75.517
74.245
-3.66108
-4.24653
-2.50071
5.78195
54.0077
62.9138
68.3563
60.35
54.098
49.5368
-1.56672
-2.40229
-3.65281
-3.23882
42.0245
40.1686
36.2035
34.5456
34.1047
32.0528
-1.59453
-1.54374
-1.53453
-3.03912
32.179
28.9602
16.8197
16.7886
16.0147
13.2235
-1.64567
-1.61859
-1.53909
-2.17558
25.9787
21.455
4.81313
4.17071
6.49597
7.06636
-1.72004
-1.71396
-1.697
-1.79103
22.2855
19.632
-1.22245
-2.225
1.92456
-2.72547
-1.69437
-1.70036
-1.70414
-1.82077
21.0507
20.2895
-3.64237
-1.08988
-2.01428
-1.40644
-1.69376
-1.69908
-1.70574
-1.74653
21.638
15.173
-3.43632
-1.10698
-1.77643
-1.67999
-1.70236
-1.70319
-1.70403
-1.70798
18.5222
17.2904
-1.86461
-1.43387
-1.49591
-1.57369
-1.71938
-1.71491
-1.70934
-1.75986
11.8069
20.976
-1.63214
-1.56104
-1.57001
-1.58816
-1.73774
-1.73181
-1.72691
-1.76314
9.95697
19.7377
-1.71636
-1.66355
-1.65182
-1.65346
-1.75745
-1.75672
-1.76158
-1.82855
14.3488
11.6322
-1.75492
-1.68889
-1.68419
-1.68486
-1.77246
-1.77427
-1.77641
-1.81103
10.8063
7.56268
-1.75557
-1.70658
-1.70884
-1.71032
-1.78944
-1.79139
-1.78403
-2.07367
8.41281
6.83926
-1.98505
-1.73053
-1.73819
-1.73911
-1.80708
-1.80587
-1.81352
-2.1663
4.05367
5.12739
-2.12367
-1.76773
-1.76046
-1.76492
-1.833
-1.83245
-1.92402
-1.95256
2.37036
3.02314
-1.72906
-1.83798
-1.78505
-1.78985
-1.85846
-1.8591
-2.01395
-2.20498
1.51709
1.07096
-1.3981
-1.97739
-1.8108
-1.81353
-1.87886
-1.87783
-2.14142
-0.899166
0.0601848
-0.393001
-1.4256
-2.21575
-1.83707
-1.83812
-1.89626
-1.8928
-3.34682
-1.55601
-0.183482
-0.172729
-1.4662
-3.21179
-1.86088
-1.86485
-1.91341
-2.42846
-4.50688
-2.45537
-1.4552
-1.45045
-2.48606
-4.52441
-2.20275
-1.89092
-1.93668
-4.06931
-5.58193
-5.75565
-5.73279
-5.83179
-5.93647
-5.63596
-3.91794
-1.93185
-2.79271
-9.83218
-13.1337
-14.9849
-15.8243
-15.7753
-14.7699
-12.7728
-9.38774
-2.69576
1406.67
1407.5
1407.34
1406.6
1407.47
1408.35
1409.46
1411.39
1413.37
1415.01
1416.37
1417.66
1418.72
1419.47
1420.13
1420.69
1421.18
1421.6
1421.91
1422.32
1421.72
1421.63
1421.62
1421.65
1421.7
1421.76
1422.19
1422.77
1423.58
1424.48
1425.47
1426.5
1427.54
1428.5
1429.22
1429.69
1429.9
1430.01
1430.06
1429.91
1382.93
1383.52
1383.89
1384.51
1385.99
1388.31
1390.61
1392.57
1394.44
1395.97
1397.17
1398.48
1399.66
1400.3
1400.68
1401.19
1401.62
1401.98
1402.28
1402.56
1401.95
1401.86
1401.86
1401.85
1401.96
1402.71
1403.35
1402.74
1403.21
1403.83
1404.72
1405.77
1406.91
1408.11
1409.19
1410.25
1410.75
1410.77
1410.51
1410.39
1359.43
1360.69
1362.3
1363.91
1364.81
1367.67
1370.39
1373.14
1375.41
1377.15
1377.88
1378.98
1379.75
1380.47
1380.97
1381.43
1381.77
1381.99
1382.17
1382.34
1381.93
1381.93
1381.87
1382.01
1382.87
1383.38
1383.38
1383.27
1383.11
1383.27
1383.63
1384.06
1385.03
1386.48
1387.96
1389.24
1390.22
1390.65
1390.67
1390.68
1335.23
1337.12
1339.86
1341.95
1343.01
1346.44
1349.03
1355.24
1359.47
1357.4
1358.66
1359.56
1360.39
1360.93
1361.52
1361.73
1361.81
1362.13
1362
1362.22
1362.11
1362
1362.13
1362.41
1362.72
1363.06
1363.53
1363.45
1363.32
1363.37
1363.67
1364.09
1363.92
1364.95
1366.42
1367.99
1369.24
1370
1370.32
1370.67
1310.99
1313.16
1314.63
1316.86
1319.55
1322.02
1326.12
1340.12
1340.88
1338.77
1339.45
1340.15
1340.88
1341.39
1341.65
1342.06
1341.69
1342.1
1342.25
1342.32
1342.65
1342.51
1342.48
1342.63
1342.88
1343.28
1343.77
1344.03
1343.99
1344.46
1345.15
1345.11
1345.4
1345.89
1346.42
1347.53
1348.52
1349.33
1349.85
1349.96
1287.89
1288
1290.61
1293.09
1295.99
1301.01
1310.53
1315.11
1317.21
1318.36
1319.47
1320.61
1321.5
1321.62
1321.88
1321.99
1322.01
1322.16
1322.33
1322.46
1322.65
1322.79
1322.87
1323.13
1323.36
1323.63
1324.09
1324.5
1324.79
1324.9
1325.25
1325.69
1326.19
1326.66
1327.45
1327.35
1328.14
1328.82
1329.25
1329.49
1274.31
1275.85
1277.7
1280.56
1283.97
1286.91
1289.52
1293.79
1296.99
1298.56
1300.43
1301.17
1301.73
1302.15
1302.28
1302.2
1302.15
1302.29
1302.52
1302.63
1302.72
1302.82
1302.96
1303.1
1302.83
1302.45
1302.99
1303.85
1304.33
1304.75
1305.35
1305.95
1306.53
1306.72
1307.56
1307.07
1307.81
1308.39
1308.83
1309.26
1262.04
1262.32
1263.71
1264.98
1266.61
1269.29
1272.68
1275.2
1276.61
1278.38
1279.86
1280.98
1281.61
1282.12
1282.24
1282.12
1282.04
1282.1
1282.49
1282.73
1282.76
1282.83
1282.89
1282.73
1282.5
1283.21
1282.53
1283.72
1284.35
1284.65
1285.71
1286.42
1286.57
1287.55
1287.5
1287.75
1287.43
1288.09
1288.59
1288.94
1247.76
1248.59
1250.01
1251.38
1252.92
1252.74
1253.58
1256.25
1258.26
1258.98
1259.8
1260.78
1261.4
1261.81
1261.87
1261.58
1260.93
1261.72
1262.3
1262.81
1262.76
1263.02
1263.56
1263.62
1264.02
1264.95
1263.51
1266.34
1265.6
1266.3
1266.73
1267.16
1267.58
1267.9
1268.08
1268.26
1267.88
1268.05
1268.35
1268.51
1230.58
1231.21
1232.34
1232.64
1233.04
1234.53
1236.14
1237.88
1239.31
1239.44
1240.3
1241.1
1241.61
1241.93
1241.94
1241.69
1242.23
1243.77
1243.53
1244.28
1244.2
1244.78
1244.97
1245.27
1245.7
1245.86
1245.97
1247.09
1246.91
1246.79
1247.23
1247.08
1247.94
1248.55
1248.25
1248.32
1248.27
1248.19
1248.21
1248.28
1213.29
1213.68
1215.42
1216.63
1217.49
1218.68
1219.92
1220.74
1220.95
1221.32
1221.67
1222.06
1222.39
1222.71
1222.94
1223.14
1224.09
1225.05
1225.42
1225.47
1225.69
1226.17
1226.98
1227.44
1227.54
1227.26
1227.29
1227.54
1227.13
1226.19
1226.05
1225.89
1226.38
1227.07
1227.48
1227.69
1227.64
1227.7
1227.77
1227.87
1196.38
1197.3
1200.14
1201.18
1201.71
1201.89
1202.56
1202.93
1202.91
1202.79
1202.81
1202.96
1203.18
1203.48
1203.8
1204.24
1204.96
1206.13
1207.71
1206.13
1207.43
1206.93
1207.7
1207.7
1207.58
1208.14
1207.77
1207.66
1206.71
1206.01
1204.92
1204.05
1204.19
1204.99
1206.03
1206.67
1207.06
1207.28
1207.48
1207.69
1179.12
1180.11
1181.42
1183
1183.41
1183.34
1183.58
1183.75
1183.73
1183.63
1183.68
1183.8
1183.9
1184.06
1184.4
1184.83
1185.31
1185.75
1186.16
1186.66
1187.3
1187.42
1187.38
1187.71
1188.37
1188.46
1188.42
1187.98
1187.09
1186.24
1185.65
1185.44
1187.12
1183.99
1185.76
1186.79
1187.37
1187.49
1187.61
1187.77
1160.92
1161.89
1162.79
1163.41
1163.77
1163.93
1163.88
1163.97
1164.07
1164.15
1164.21
1164.32
1164.37
1164.54
1164.8
1165.06
1165.48
1165.89
1166.28
1166.72
1167.28
1167.69
1167.99
1168.43
1168.91
1169.13
1169.34
1169.03
1169.05
1169.01
1169.01
1169.9
1169.65
1165.15
1166.7
1167.47
1167.88
1168
1168.15
1168.38
1141.63
1141.93
1142.89
1143.22
1143.26
1143.66
1143.78
1144.22
1144.52
1144.68
1144.68
1144.61
1144.57
1144.6
1144.79
1144.93
1145.22
1145.57
1145.92
1146.3
1146.81
1147.4
1147.67
1148.58
1149.46
1150.31
1150.47
1151.12
1151.01
1151.12
1151.71
1153.13
1150.7
1149.29
1148.87
1148.85
1148.88
1148.76
1149.7
1149.29
1122.58
1123.45
1123.95
1123.71
1124.5
1125.04
1123.81
1123.99
1124.25
1124.42
1124.38
1124.3
1124.25
1124.36
1124.48
1124.49
1124.68
1125.02
1125.24
1125.45
1126.18
1127.27
1128.42
1129.53
1130.57
1131.38
1132.22
1132.36
1132.23
1133.89
1132.98
1132.56
1132.1
1130.93
1130.06
1129.79
1129.63
1129.54
1129.74
1129.34
1102.83
1104.62
1104.29
1105.22
1104.78
1104.88
1104.35
1103.69
1103.51
1103.88
1104.03
1103.97
1104.67
1104.46
1104.78
1104.21
1104.52
1104.08
1103.91
1104.74
1106.4
1107.95
1109.76
1111.15
1112.31
1113.17
1113.11
1114.18
1114.27
1112.57
1113.33
1113.15
1112.45
1111.62
1110.95
1110.51
1110.18
1110.09
1110.06
1110.04
1082.8
1083.27
1083.77
1084.05
1084.16
1084.2
1083.91
1084.1
1084.1
1084.15
1084.15
1084.8
1084.43
1084.51
1084.44
1084.38
1084.61
1083.49
1083.53
1088.55
1087.1
1089.5
1091.65
1093.43
1095
1096.55
1097.86
1097.05
1094.96
1094.26
1093.99
1093.43
1092.93
1092.28
1091.39
1090.83
1090.48
1090.48
1090.21
1090.16
1062.53
1062.83
1063.11
1063.34
1063.57
1063.56
1063.63
1063.69
1064.01
1064.93
1065.22
1065.15
1066.09
1064.99
1065.18
1064.86
1065.69
1064.44
1065.52
1067.43
1068.88
1071.23
1074.43
1075
1077.91
1079.42
1078.64
1079.45
1078.3
1077.5
1076.1
1074.75
1073.72
1072.83
1071.58
1071.1
1070.46
1069.72
1069.41
1069.52
1041.95
1042.09
1042.18
1042.26
1042.36
1042.45
1042.62
1043.1
1043.59
1044.38
1046.19
1045.11
1045.75
1045.32
1046.08
1046.14
1046.66
1046.56
1048.2
1049.65
1051.55
1053.54
1055.86
1056.61
1059.39
1061.37
1061.8
1062.26
1063.28
1061.81
1058.58
1056.55
1054.68
1052.9
1051.35
1049.99
1048.78
1048.01
1047.53
1047.41
1020.89
1020.67
1020.53
1020.57
1020.74
1020.94
1021.25
1021.75
1022.32
1023.09
1024.04
1024.82
1025.34
1025.95
1026.78
1026.43
1027.09
1027.37
1029.87
1031.51
1033.4
1035.48
1036.83
1039.89
1041.77
1042.77
1045.08
1045.01
1044.28
1043.63
1040.86
1038.08
1035.42
1032.76
1030.42
1028.39
1026.68
1025.4
1024.55
1024.25
999.338
998.585
997.922
997.708
997.95
998.52
999.144
1000.02
1000.88
1001.75
1002.6
1003.49
1004.1
1005.31
1005.51
1005.93
1006.54
1007.44
1009.28
1010.8
1013.55
1016
1017.64
1020.41
1023.65
1024.24
1025.1
1026.39
1026.36
1024.87
1022.08
1018.71
1015.09
1011.5
1008.34
1005.7
1003.39
1001.58
1000.33
999.828
978.188
977.053
976.351
976.587
976.85
977.408
978.204
978.704
979.194
980.024
980.801
981.675
982.625
983.854
983.612
984.236
985.179
986.28
987.969
989.764
991.119
994.74
998.381
1000.25
1002.4
1005.31
1007.11
1008.2
1007.99
1006.11
1002.94
998.707
993.618
988.403
984.172
980.973
978.067
975.868
974.277
973.923
959.677
958.279
957.31
956.975
956.601
957.308
957.327
957.569
957.953
958.566
959.155
959.624
960.151
960.584
961.001
961.61
962.32
963.103
963.672
966.255
968.56
970.537
973.477
977.188
980.454
983.574
986.375
988.329
988.422
986.366
982.249
976.22
969.139
962.115
955.97
952.2
951.115
947.786
945.807
945.832
941.806
940.805
940.101
938.828
939.109
938.519
937.928
937.544
937.519
937.712
937.853
938.008
938.191
938.256
938.165
938.367
938.317
938.234
939.923
941.234
941.858
944.21
946.823
949.861
952.982
956.667
960.504
962.988
963.316
961.054
956.177
948.366
937.739
929.172
922.591
918.354
917.535
916.57
914.954
916.82
924.314
923.604
922.929
922.433
921.614
920.347
919.338
918.766
918.165
917.626
917.064
916.423
916.085
916.019
914.998
915.115
915.048
914.54
912.667
912.89
913.253
914.139
915.356
916.635
917.941
919.524
921.404
923.91
924.957
923.625
918.98
911.285
901.55
891.629
881.802
877.943
879.815
881.476
882.392
884.806
905.892
906.076
904.464
903.367
902.508
901.345
900.456
899.174
898.247
897.353
896.393
895.595
895.344
894.297
893.661
892.607
891.061
888.245
885.813
883.878
882.356
880.628
877.624
873.072
867.721
864.061
862.955
865.362
867.585
868.317
866.892
865.391
861.787
855.111
846.224
841.156
845.671
848.739
851.213
852.394
886.804
885.85
884.968
884.009
883.043
881.96
880.817
879.656
878.377
878.917
878.317
877.121
875.938
874.67
872.654
870.056
866.235
862.457
858.53
855.01
851.111
845.716
837.063
823.549
808.28
794.255
786.177
787.263
794.22
801.482
807.292
813.672
817.009
816.819
813.991
813.645
816.36
820.968
824.288
826.28
868.029
867.222
866.4
865.43
864.45
863.397
862.233
861.09
859.992
860.345
860.301
858.572
856.291
853.396
850.427
846.77
842.415
837.632
832.464
826.932
820.434
810.416
795.169
773.846
749.157
727.483
718.866
713.479
726.428
744.803
757.862
769.347
777.284
782.604
791.916
796.929
790.897
798.442
801.761
802.834
849.349
848.435
847.608
846.624
845.618
844.706
843.658
842.522
841.3
840.194
839.467
838.066
835.387
832.604
828.956
824.542
819.497
813.72
807.099
799.493
790.806
778.102
760.536
738.38
716.755
697.035
691.88
704.867
698.404
719.569
734.293
746.5
754.463
761.816
768.157
772.272
772.064
778.069
782.211
784.108
830.098
829.035
828.244
827.556
826.797
825.903
824.842
823.653
822.418
821.022
819.431
817.52
815.052
811.815
807.807
803.112
797.742
791.706
784.503
775.988
765.835
754.845
745.194
728.627
716.098
702.673
694.493
708.572
694.834
708.057
717.293
729.14
737.671
744.354
750.526
754.114
757.757
762.474
767.204
769.635
810.496
808.508
808.15
807.992
807.513
806.918
805.919
804.64
803.212
801.588
799.75
797.611
794.978
791.67
787.671
783.73
777.997
772.442
765.521
757.765
752.127
746.571
738.513
724.586
719.779
707.127
697.421
697.24
693.546
704.249
706.025
709.81
722.449
729.499
737.299
742.449
747.426
751.43
756.2
759.407
794.806
791.024
790.006
789.32
788.721
788.143
787.142
785.865
784.335
782.574
780.644
778.449
775.899
772.866
769.33
765.717
760.867
756.264
750.126
745.174
742.883
736.922
728.387
721.843
713.49
700.393
692.971
691.306
692.153
695.915
697.253
698.739
707.085
720.386
727.115
735.561
741.543
744.846
746.102
747.288
777.652
775.429
773.676
772.115
770.555
769.738
768.886
767.558
765.961
764.254
762.381
760.277
758.057
755.523
752.503
748.915
745.429
741.362
736.94
733.323
731.921
725.527
714.814
709.052
698.596
691.908
688.366
686.349
685.117
685.78
686.371
687.915
691.522
709.045
720.042
731.108
737.9
740.892
740.975
740.207
760.775
759.185
757.38
755.879
754.007
752.022
751.044
749.731
748.079
746.394
744.728
743.019
741.185
739.109
736.695
734.747
730.339
727.142
723.894
720.039
715.935
711.241
703.985
694.748
692.727
688.584
684.585
679.7
676.603
676.974
678.233
680.65
682.891
691.122
709.198
720.732
730.419
735.061
734.279
740.012
743.917
741.92
740.693
739.081
736.283
734.441
733.313
732.033
731.372
728.955
727.484
726.078
724.676
723.158
721.621
721.335
715.896
712.397
710.096
707.997
707.283
704.434
698.493
690.01
689.171
685.292
681.133
676.398
673.517
673.23
673.948
675.505
676.419
681.257
703.273
712.011
717.643
725.566
724.129
726.77
726.509
724.21
721.724
720
718.428
716.918
715.749
714.575
713.795
712.465
710.627
709.466
708.273
707.092
705.711
703.709
701.322
700.706
694.884
691.448
689.84
691.952
689.998
683.76
683.072
680.063
677.225
674.619
673.352
672.968
673.507
674.931
676.433
678.567
690.259
691.962
701.455
702.058
710.345
706.071
707.817
705.171
702.581
700.989
700.581
699.031
697.778
696.76
695.821
695.42
694.149
693.118
692.19
691.343
690.437
689.409
687.781
687.098
684.703
681.682
680.223
677.867
679.867
675.13
675.226
673.962
672.07
670.842
671.057
671.537
672.449
673.665
674.9
674.81
683.483
685.952
686.843
688.884
687.67
689.549
689.404
687.407
685.584
684.003
682.563
681.008
679.288
678.753
678.077
677.376
677.323
676.728
676.249
676.129
675.94
675.693
675.497
676.339
677.738
677.181
674.463
670.052
670.359
667.679
665.388
666.088
664.247
663.892
664.994
666.05
667.618
668.905
671.331
673.599
677.181
681.481
675.559
676.491
677.053
678.151
669.904
668.567
667.218
665.947
664.819
663.577
661.459
660.333
659.777
659.329
659.133
659.655
659.822
660.113
660.499
660.859
661.443
662.432
663.079
662.953
661.27
659.19
657.525
656.296
655.79
655.769
653.071
653.827
655.667
657.683
659.527
660.679
663.246
674.915
669.857
673.446
667.688
669.114
668.86
671.981
649.447
647.561
646.122
645.149
644.26
643.155
641.69
640.973
640.563
640.413
640.74
641.17
642.376
643.149
644.11
644.961
645.928
647.371
648.561
648.46
647.262
645.387
643.063
641.021
640.051
640.587
639.321
641.756
645.17
648.051
649.597
650.087
652.878
665.805
662.289
665.277
659.951
661.01
660.829
662.555
626.145
624.357
623.473
622.911
622.357
621.735
621.187
620.748
620.379
620.518
621.113
622.004
623.832
625.104
626.311
627.636
628.989
630.824
631.968
632.238
631.335
629.292
626.817
625.641
626.851
628.375
626.287
631.037
634.399
636.774
637.358
637.546
639.102
650.781
649.002
657.331
654.006
653.725
652.488
652.793
600.282
597.799
597.341
598.338
599.259
599.808
599.985
599.841
599.794
600.23
600.973
602.301
603.764
604.343
605.324
606.305
607.498
609.062
610.77
612.194
613.177
612.875
611.041
613.912
620.054
622.046
623.342
625.35
626.726
627.532
627.106
626.803
628.388
636.451
637.923
646.636
647.146
646.028
646.42
647.237
578.662
580.988
574.212
574.006
576.85
578.842
579.803
580.094
580.237
580.401
580.741
581.829
582.199
581.865
582.005
581.921
582.654
584.562
587.287
590.426
594.814
598.692
603.542
614.856
619.111
620.031
620.912
621.384
621.43
620.82
619.552
618.959
620.238
627.18
630.964
635.183
639.731
635.864
637.992
639.304
560.511
560.275
559.765
558.5
560.251
562.073
562.561
562.196
561.707
561.188
560.793
560.635
560.247
559.916
559.457
559.079
559.543
562.378
566.234
571.684
577.015
584.42
591.695
601.137
609.873
615.418
616.983
617.013
616.246
615.177
614.271
612.716
612.643
617.838
623.332
625.846
630.669
632.159
629.68
631.487
547.108
546.946
546.936
545.441
545.792
545.992
545.516
544.312
542.94
541.744
540.76
539.963
539.164
538.554
538.733
539.566
540.61
543.164
547.359
553.352
560.717
569.913
580.808
592.98
602.461
607.218
609.088
612.417
611.049
610.157
609.649
602.251
603.155
607.755
612.434
615.978
617.866
628.329
621.838
625.768
534.887
534.629
533.372
531.539
530.563
529.188
527.685
525.769
523.568
521.535
519.906
518.794
518.184
518.208
518.402
519.711
520.316
521.82
525.249
532.782
541.741
551.138
562.157
571.833
580.278
587.478
590.88
591.547
589.422
586.758
584.557
585.518
590.885
596.35
600.274
603.44
604.586
614.762
615.873
618.869
521.561
519.618
516.611
515.229
512.454
510.027
508.05
505.824
503.173
500.379
497.668
496.116
496.138
495.487
494.779
494.006
492.927
492.29
493.105
498.743
509.102
521.205
532.45
541.64
548.239
553.61
556.917
558.708
561.294
561.942
566.037
570.888
578.037
583.472
586.438
589.167
590.072
601.438
602.682
608.534
500.663
498.733
495.435
493.694
491.101
488.635
486.421
484.894
481.473
478.37
475.677
472.503
470.432
468.665
467.337
466.031
463.99
463.056
468.138
470.365
474.43
487.492
498.718
506.064
510.288
513.375
517.627
520.963
527.567
535.345
542.884
552.231
559.176
563.622
567.264
570.121
571.542
584.246
585.623
592.384
475.698
475.099
473.73
471.836
469.542
467.207
465.036
463.446
460.235
456.034
452.362
447.376
442.401
439.351
439.219
440.428
444.546
446.308
448.868
452.774
454.99
464.945
472.89
475.521
479.68
483.632
487.513
490.875
497.481
507.082
515.038
525.609
534.835
542.328
546.834
549.622
551.881
563.367
564.528
569.589
455.47
454.973
453.186
451.109
448.784
446.356
443.883
442.039
438.536
433.697
429.068
423.604
416.385
413.975
418.369
422.833
427.824
431.674
435.324
440.068
440.507
450.935
451.691
457.752
460.675
461.628
462.962
466.634
472.911
481.55
490.643
500.682
510.488
517.549
523.659
528.291
532.078
541.142
542.293
543.814
437.232
435.669
433.505
431.003
428.362
425.628
423.013
420.658
416.89
412.962
408.555
403.241
398.337
399.665
401.996
407.12
413.075
417.634
421.352
425.361
430.845
434.191
442.591
443.756
445.043
445.939
447.369
450.764
456.31
463.198
470.315
477.794
486.564
492.45
499.629
503.858
506.09
516.355
515.592
519.263
418.838
416.416
413.811
410.958
408.705
406.212
404.69
402.286
398.517
394.297
389.575
384.981
382.676
386.328
389.372
394.87
400.77
404.729
408.26
417.146
417.9
423.732
426.564
429.75
433.293
436.667
438.75
441.485
444.693
449.031
452.904
458.305
464.901
470.043
475.399
480.226
481.916
495.498
489.687
493.433
400.318
397.596
394.887
391.483
387.956
386.728
386.765
385.378
382.698
378.19
376.018
375.674
373.256
378.053
384.277
388.23
397.754
392.35
400.567
402.035
408.414
409.65
411.686
413.542
416.072
419.332
422.988
427.554
430.657
435.988
432.978
438.209
443.744
447.919
452.751
456.555
458.705
470.888
464.467
467.475
385.186
380.742
376.903
373.16
373.609
369.883
368.891
371.312
369.576
365.308
365.664
364.973
364.028
368.052
374.015
376.181
379.708
385.047
388.337
389.179
395.802
393.66
394.599
394.576
394.853
395.27
396.45
399.177
404.204
412.033
410.293
416.411
420.303
427.791
432.457
435.575
437.742
449.123
440.309
442.39
374.657
370.601
367.253
362.828
361.705
357.925
354.271
352.578
353.452
354.8
355.187
355.609
358.078
360.067
365.123
368.579
371.948
375.188
376.633
377.503
383.652
381.064
379.743
374.872
368.734
367.076
364.573
370.107
377.91
383.741
389.175
393.508
398.167
408.495
411.74
414.819
417.936
428.133
416.492
417.589
359.655
352.831
348.579
349.556
345.184
345.29
348.693
347.912
347.83
348.284
349.361
349.92
351.683
355.44
359.317
362.354
363.856
364.866
365.52
366.404
372.766
368.88
371.257
364.588
359.043
359.241
353.429
352.712
358.367
364.793
369.228
372.816
384.267
385.625
390.68
392.159
398.135
397.673
395.591
396.3
347.604
342.415
335.334
333.307
330.068
328.349
327.996
328.247
330.669
334.702
338.193
343.185
345.703
347.868
350.179
352.715
355.09
356.532
356.434
356.82
361.55
360.514
361.449
354.993
351.396
348.995
347.48
347.736
348.846
351.265
350.85
355.842
365.176
364.331
369.534
369.346
381.033
373.348
374.487
375.209
325.054
333.903
318.882
313.405
311.854
311.445
312.732
315.553
320.125
320.176
325.114
331.23
334.876
336.639
339.639
343.139
345.832
346.794
346.801
347.368
348.934
351.249
349.057
345.823
342.924
340.48
339.233
339.597
340.26
340.49
342.98
345.286
343.487
349.838
351.092
356.324
356.017
353.532
355.359
355.771
297.848
294.856
293.16
292.204
291.285
290.237
292.246
296.489
299.933
306.495
311.946
319.021
326.131
332.174
334.164
336.867
337.653
336.661
335.411
336.971
336.36
333.557
333.577
334.127
332.517
330.971
329.97
329.925
330.276
329.344
331.393
332.557
329.39
330.184
332.966
338.088
336.709
335.172
337.921
338.689
272.305
270.047
268.31
266.233
264.876
269.399
274.651
279.461
286.267
294.323
303.247
312.062
319.757
325.264
328.207
332.287
331.295
328.198
324.897
321.918
321.84
323.682
320.669
319.378
319.282
318.773
317.265
316.723
316.292
316.062
316.284
316
317.609
316.463
317.212
324.458
323.124
322.347
323.19
323.756
249.048
242.953
240.435
239.534
236.532
243.836
249.848
256.522
260.288
276.572
289.872
305.576
314.967
318.21
325.184
325.479
322.304
319.23
316.941
314.299
310.863
309.701
307.143
305.238
303.655
302.715
301.721
300.807
298.756
296.292
293.673
292.112
292.017
296.123
301.752
306.948
310.541
311.115
310.106
310.935
221.06
217.433
213.038
211.348
210.088
210.466
213.244
218.849
226.46
239.672
255.306
283.861
297.053
307.428
316.735
313.636
311.394
303.596
301.477
299.888
295.381
291.256
288.831
287.097
284.942
282.954
281.064
278.646
273.786
265.637
257.094
252.892
262.891
276.555
283.063
293.733
303.91
299.062
299.307
300.33
172.411
167.366
165.459
162.249
162.986
168.134
175.774
182.338
189.939
202.053
222.145
244.261
263.041
278.126
285.697
289.282
288.877
285.659
289.805
274.682
272.365
268.634
265.271
262.93
261.653
260.835
260.114
258.434
254.265
250.347
249.899
250.366
257.119
267.038
278.174
285.804
290.425
293.619
296.064
297.194
139.281
145.631
151.714
151.636
151.007
153.781
151.23
151.561
155.592
165.847
184.611
206.466
227.746
244.292
254.323
257.537
258.503
257.898
255.83
252.055
248.212
243.314
238.786
238.521
239.446
237.497
238.057
238.288
236.631
235.616
242.754
245.18
250.289
256.877
266.417
276.241
280.374
283.142
287.239
288.278
133.322
136.022
134.833
134.183
134.219
137.73
139.456
139.672
140.486
146.79
158.865
175.741
195.251
209.135
218.518
224.634
227.179
228.588
228.057
226.066
222.676
217.158
214.637
225.113
222.552
216.172
215.576
214.745
214.594
213.677
216.134
220.849
225.302
235.893
246.058
254.018
258.63
262.527
266.658
268.046
130.91
132.097
132.13
133.347
130.81
126.783
127.503
126.848
126.919
132.197
141.351
152.857
167.45
178.908
184.594
193.71
193.826
196.734
197.067
196.411
194.48
191.778
196.406
196.815
195.026
187.86
190.841
188.173
187.091
186.738
186.181
186.534
185.92
187.089
194.032
203.695
218.701
230.19
238.245
242.992
127.691
128.725
129.613
130.996
128.704
121.239
120.84
112.665
115.618
119.587
126.428
134.387
143.504
150.146
158.534
160.126
161.941
162.853
162.078
161.057
159.648
162.065
163.612
168.863
163.649
167.614
169.888
159.202
158.86
159.167
158.81
154.751
160.945
166.377
170.918
174.005
185.318
196.22
204.047
208.696
123.176
124.062
124.374
122.638
116.259
111.433
106.768
105.637
108.449
117.963
126.269
131.022
131.155
129.824
137.299
138.218
133.434
131.45
128.255
125.232
123.824
127.386
125.214
135.829
138.943
143.058
147.232
143.872
138.03
135.819
134.483
135.166
137.158
138.909
139.985
145.83
154.512
162.551
170.266
173.95
118.165
118.471
125.752
128.825
118.771
109.029
104.503
104.261
106.528
108.637
118.273
119.643
115.649
115.389
119.007
117.515
110.704
105.703
101.397
96.8136
95.5971
94.8122
96.4576
103.845
111.274
117.126
119.096
120.077
124.505
123.159
120.919
116.56
109.344
113.379
115.997
120.281
127.069
134.931
140.22
143.445
112.579
111.506
110.876
116.123
113.912
109.375
107.666
106.683
106.491
104.989
113.328
106.488
107.572
107.604
103.565
101.246
95.3134
88.5938
83.3919
78.6735
76.2015
74.3379
76.7511
81.1506
88.413
97.4299
104.877
106.688
101.54
95.5863
91.3432
87.8466
86.3961
86.6745
89.368
95.454
103.624
112.067
117.502
120.988
108.601
108.241
107.736
107.028
106.723
105.438
104.653
101.742
99.4703
105.874
106.911
100.978
103.329
101.756
96.2345
92.2569
83.9258
77.3448
71.4816
66.8969
63.781
64.1931
64.5245
64.0655
68.321
74.2311
79.8604
80.9355
81.476
79.3002
75.1252
73.938
74.4779
77.0391
77.1911
79.5197
89.1099
98.5353
105.164
110.347
105.88
105.572
105.466
104.956
104.644
100.94
112.386
101.125
97.4131
99.1253
98.8412
97.2092
97.3687
93.9314
88.2299
84.6747
74.0012
66.3747
60.3548
56.2659
52.8711
50.9458
50.3178
51.7746
54.1568
57.446
62.2581
70.2904
70.4125
70.0042
70.1903
70.9357
71.4378
72.1067
71.3084
70.7545
81.8088
93.6446
101.245
108.665
103.42
103.658
104.026
103.949
103.65
102.344
101.698
106.907
94.7923
95.0359
94.1991
92.5924
91.4216
88.5314
84.1703
77.7521
68.8721
57.572
46.6634
40.0805
37.5129
36.4688
37.3334
40.193
45.4836
50.5946
56.6184
61.1727
62.3025
62.9519
63.6731
64.1116
65.3334
67.5567
69.4823
67.7576
81.1793
97.3597
107.634
117.953
102.129
102.622
102.715
102.905
102.729
101.927
98.58
107.315
97.6726
93.6321
92.2853
90.4779
88.6565
86.3494
80.8717
73.2581
63.8717
52.8729
39.716
28.4576
22.088
18.2996
17.8486
20.8465
27.836
37.4159
42.2697
52.4265
56.2023
57.7828
59.7543
62.1339
63.5082
66.4089
68.9988
66.4375
85.5526
108.118
126.603
141.992
102.026
95.8731
101.925
102.757
102.435
102.496
95.5043
94.4823
96.5952
87.8935
90.5383
90.0685
88.8182
87.2335
82.7698
71.8427
62.3176
51.3732
39.1443
26.9703
17.1872
10.7565
9.81974
13.5502
23.5013
30.0795
32.2667
43.2101
52.1863
47.2395
52.7219
54.9328
49.1424
58.3356
64.8453
75.8494
95.8032
121.914
148.655
170.349
102.697
102.031
100.546
95.4905
93.6143
103.576
97.8826
87.4806
89.7742
91.1059
85.3474
84.7721
86.3332
83.8582
78.0668
70.1715
62.1105
53.3281
44.6946
35.3819
26.5301
19.7545
16.1497
19.67
21.49
21.8718
21.3834
28.0775
35.1885
37.8355
38.9455
38.1034
39.6821
40.4079
45.579
55.783
73.9393
100.569
128.822
150.662
87.068
87.6071
86.6428
87.7642
89.0137
83.3815
89.4086
99.9396
93.6078
85.9488
80.3743
74.8924
71.6002
69.3002
67.4478
63.5138
57.1046
48.1458
43.1562
37.075
30.6448
25.6403
20.5168
17.4323
14.5524
6.2424
16.9513
8.55088
11.1857
12.1321
6.47369
3.68589
4.27264
0.930187
-0.224711
8.19661
30.3956
52.347
60.1765
77.8004
77.096
75.3003
72.9305
78.2935
75.455
78.5894
78.5331
78.582
79.7825
77.4895
71.7695
61.1449
49.7759
45.4679
43.1122
43.6718
37.9155
34.9606
34.4607
28.7778
22.5581
16.0059
9.44496
3.16386
-1.09455
1.68404
5.30293
-0.454033
-1.08143
-1.01889
-1.07906
-1.13833
-1.17433
-1.1559
-1.17212
-0.996069
4.25262
-0.606782
5.91818
15.5772
52.1905
55.2588
55.4794
53.9049
57.5251
59.921
60.0865
62.5973
63.7405
62.4329
58.544
47.612
34.5052
31.3737
35.8907
36.7169
10.4471
8.29059
14.5023
15.9295
11.5406
3.47021
-0.536094
-0.941035
-1.52107
-1.51907
-1.31654
-1.25445
-1.2522
-1.23879
-1.22083
-1.21206
-1.19625
-1.17754
-1.16575
-1.16133
-3.47933
3.11123
11.4662
17.9334
33.7029
41.2636
39.9489
39.7452
40.6248
41.2602
41.9785
42.2652
41.7176
40.7943
40.6366
38.8252
36.7909
24.3633
7.00491
0.430412
-0.698626
-1.96984
-1.00101
-0.679832
-0.778721
-0.916554
-1.24767
-1.4046
-1.41575
-1.39743
-1.36717
-1.33125
-1.30553
-1.29105
-1.2874
-1.29508
-1.29882
-1.26976
-1.27119
-1.31586
4.19941
13.5565
16.8067
21.3589
15.0026
11.4692
13.7907
15.8632
19.9751
19.8419
18.7814
17.9566
16.9311
16.1973
16.9268
17.0538
12.0933
3.53321
-1.55561
-1.62615
-1.56099
-1.65995
-1.67596
-1.6348
-1.58568
-1.54701
-1.5248
-1.50542
-1.48355
-1.46266
-1.43552
-1.40129
-1.37689
-1.36223
-1.35845
-1.39471
-1.3941
-1.38904
-1.43521
-1.4672
5.55995
15.7407
13.9104
11.3048
2.06926
2.52183
5.31886
4.78794
2.86969
1.39695
2.12694
2.63929
2.04056
1.29024
0.456219
-0.507642
-1.53494
-1.67284
-1.66807
-1.68753
-1.66959
-1.62042
-1.5948
-1.57312
-1.55698
-1.5453
-1.53129
-1.52066
-1.50874
-1.49535
-1.47915
-1.46168
-1.44768
-1.43236
-1.44107
-1.46137
-1.47938
-1.4924
-1.54261
-1.42058
0.877788
1.31121
2.82275
1.31864
-2.8458
-0.957058
1.06968
-0.193239
-1.28394
-1.32667
-1.33811
-1.28079
-1.253
-1.29893
-1.50959
-1.57227
-1.60323
-1.60697
-1.61331
-1.62619
-1.62603
-1.61844
-1.60794
-1.59606
-1.58429
-1.57281
-1.56245
-1.54629
-1.53344
-1.52586
-1.51242
-1.50347
-1.49291
-1.48698
-1.49882
-1.50515
-1.5244
-1.54576
-1.58092
-0.504486
-1.84103
-1.50894
-1.4406
-1.38954
-1.57846
-1.54701
-1.56675
-1.56676
-1.56219
-1.55864
-1.56201
-1.56512
-1.56735
-1.5735
-1.58335
-1.59162
-1.60671
-1.61881
-1.62874
-1.63315
-1.62752
-1.61935
-1.61327
-1.60692
-1.6044
-1.6
-1.59202
-1.58187
-1.57214
-1.56176
-1.54811
-1.53445
-1.52454
-1.51347
-1.51956
-1.51617
-1.52461
-1.52387
-1.51512
-1.35708
-1.55325
-1.49322
-1.48045
-1.41763
-1.62088
-1.59122
-1.59352
-1.59051
-1.58284
-1.57169
-1.57357
-1.57948
-1.58792
-1.6009
-1.61132
-1.62095
-1.62968
-1.63569
-1.64348
-1.64985
-1.64929
-1.6475
-1.64894
-1.65019
-1.64828
-1.64828
-1.63732
-1.62886
-1.61875
-1.60722
-1.58943
-1.57202
-1.55808
-1.55325
-1.55243
-1.50461
-1.50652
-1.53176
-1.47619
-1.45314
-1.47192
-1.46242
-1.47658
-1.45876
-1.59984
-1.59917
-1.60026
-1.60748
-1.61235
-1.61228
-1.61545
-1.61975
-1.62463
-1.63054
-1.63729
-1.64445
-1.65182
-1.65814
-1.66544
-1.67348
-1.68104
-1.68771
-1.6931
-1.6967
-1.69844
-1.6974
-1.69332
-1.68341
-1.66829
-1.65065
-1.63033
-1.61376
-1.60079
-1.58945
-1.55318
-1.5112
-1.49818
-1.51744
-1.55588
-1.49442
-1.49876
-1.48624
-1.47848
-1.47546
-1.61112
-1.62324
-1.63691
-1.6424
-1.64227
-1.64271
-1.64551
-1.64905
-1.65307
-1.65789
-1.66321
-1.66905
-1.67527
-1.68197
-1.68949
-1.7014
-1.71166
-1.72149
-1.72993
-1.73603
-1.73823
-1.73709
-1.73191
-1.7223
-1.707
-1.68983
-1.6709
-1.65347
-1.63869
-1.63167
-1.54171
-1.57421
-1.66039
-1.619
-1.56879
-1.53156
-1.52088
-1.5171
-1.51046
-1.50282
-1.65568
-1.65851
-1.66153
-1.66667
-1.66737
-1.66982
-1.67353
-1.67646
-1.67979
-1.68369
-1.6881
-1.69316
-1.69913
-1.70611
-1.71642
-1.72899
-1.74084
-1.7519
-1.76039
-1.76626
-1.76848
-1.76671
-1.76083
-1.75064
-1.73622
-1.71853
-1.69915
-1.68228
-1.66968
-1.61396
-1.62932
-1.61422
-1.59024
-1.56755
-1.55742
-1.54836
-1.54328
-1.5441
-1.54504
-1.54596
-1.68464
-1.68687
-1.68997
-1.69164
-1.69341
-1.69788
-1.70017
-1.70251
-1.70555
-1.70889
-1.71277
-1.71726
-1.72254
-1.73036
-1.74094
-1.75147
-1.76257
-1.7731
-1.78082
-1.78602
-1.78774
-1.78573
-1.7805
-1.77188
-1.75963
-1.74495
-1.7277
-1.70704
-1.6876
-1.61042
-1.59705
-1.57003
-1.59301
-1.56386
-1.56975
-1.55539
-1.54731
-1.55283
-1.5656
-1.55706
-1.71192
-1.713
-1.71654
-1.71842
-1.72087
-1.72325
-1.72542
-1.72791
-1.73054
-1.73354
-1.73695
-1.74107
-1.74493
-1.75214
-1.76059
-1.77011
-1.77966
-1.78784
-1.79373
-1.79701
-1.7977
-1.79626
-1.79316
-1.78859
-1.7831
-1.77716
-1.76786
-1.74931
-1.74137
-1.7045
-1.68306
-1.64555
-1.60155
-1.58132
-1.56593
-1.58282
-1.56107
-1.56033
-1.53743
-1.54001
-1.73946
-1.74018
-1.74205
-1.74426
-1.74626
-1.74827
-1.75036
-1.75253
-1.75487
-1.75741
-1.76005
-1.76319
-1.76657
-1.77159
-1.77892
-1.78585
-1.79328
-1.79955
-1.80385
-1.80543
-1.80562
-1.80488
-1.80451
-1.80664
-1.81527
-1.82704
-1.83197
-1.83153
-1.8567
-1.86657
-1.83718
-1.80127
-1.79747
-1.76353
-1.75844
-1.72977
-1.6852
-1.67199
-1.69994
-1.70827
-1.76513
-1.76635
-1.76784
-1.76949
-1.77132
-1.77319
-1.77511
-1.77704
-1.7789
-1.78086
-1.78279
-1.78508
-1.78779
-1.79071
-1.79604
-1.80152
-1.80665
-1.81056
-1.81261
-1.81405
-1.81454
-1.81544
-1.81868
-1.82661
-1.84628
-1.88055
-1.9253
-1.96293
-2.01324
-2.00889
-1.97504
-1.92411
-1.88187
-1.86866
-1.83866
-1.81198
-1.79869
-1.79234
-1.78651
-1.78527
-1.79035
-1.79241
-1.79324
-1.79498
-1.79664
-1.79825
-1.79987
-1.80143
-1.80295
-1.80442
-1.80585
-1.80738
-1.80918
-1.81127
-1.81398
-1.81857
-1.8215
-1.82478
-1.82708
-1.82856
-1.82956
-1.83217
-1.83913
-1.85041
-1.87966
-1.92614
-1.9966
-2.06381
-2.05735
-2.03455
-2.02695
-1.98588
-1.95724
-1.92979
-1.90198
-1.88003
-1.85586
-1.8405
-1.8284
-1.82559
-1.81601
-1.81734
-1.81953
-1.82093
-1.82232
-1.82363
-1.82487
-1.82604
-1.82717
-1.82827
-1.82934
-1.83045
-1.83173
-1.83289
-1.83419
-1.83656
-1.83855
-1.83981
-1.84214
-1.8468
-1.84952
-1.85475
-1.86477
-1.88034
-1.91005
-1.95187
-2.01041
-2.06976
-2.11131
-2.09624
-2.08107
-2.04613
-2.01528
-1.98438
-1.95607
-1.9321
-1.89891
-1.88083
-1.8732
-1.86806
-1.84441
-1.84357
-1.84579
-1.84738
-1.84839
-1.84929
-1.85012
-1.85091
-1.85166
-1.85235
-1.85301
-1.85369
-1.85441
-1.85519
-1.8561
-1.85706
-1.85812
-1.85939
-1.862
-1.86657
-1.87112
-1.87748
-1.88713
-1.90188
-1.92275
-1.95187
-1.98711
-2.02273
-2.04983
-2.05487
-2.04247
-2.02308
-2.005
-1.98553
-1.9666
-1.94898
-1.92252
-1.91164
-1.90492
-1.90216
-1.87023
-1.87177
-1.87182
-1.87485
-1.87519
-1.87537
-1.87559
-1.87585
-1.87614
-1.87646
-1.87679
-1.87714
-1.87753
-1.87795
-1.87842
-1.87917
-1.88059
-1.88208
-1.88453
-1.88826
-1.89375
-1.90007
-1.9078
-1.91753
-1.92937
-1.9437
-1.96016
-1.97585
-1.98974
-1.99682
-1.99489
-1.98831
-1.97954
-1.97018
-1.96162
-1.94771
-1.93959
-1.93061
-1.92514
-1.92356
-1.90238
-1.90087
-1.90135
-1.9006
-1.90149
-1.90112
-1.90087
-1.90073
-1.90067
-1.90068
-1.90074
-1.90086
-1.90105
-1.90135
-1.90181
-1.90249
-1.90361
-1.90528
-1.90775
-1.9111
-1.91591
-1.92202
-1.92879
-1.93511
-1.94129
-1.94762
-1.95546
-1.96378
-1.96941
-1.96704
-1.95956
-1.95656
-1.95379
-1.95027
-1.94693
-1.9464
-1.94444
-1.94205
-1.94011
-1.93915
-1.92634
-1.92727
-1.9274
-1.9274
-1.92697
-1.9264
-1.92594
-1.92556
-1.92529
-1.92508
-1.92494
-1.92487
-1.92488
-1.92502
-1.92536
-1.92594
-1.92689
-1.92833
-1.93044
-1.93358
-1.93865
-1.94429
-1.95097
-1.95342
-1.95521
-1.95833
-1.96317
-1.9697
-1.97736
-1.97898
-1.96093
-1.93749
-1.93785
-1.94758
-1.95201
-1.9536
-1.95413
-1.9539
-1.95363
-1.95327
-1.95501
-1.9572
-1.95647
-1.95549
-1.95371
-1.95247
-1.95156
-1.95088
-1.95037
-1.94996
-1.94963
-1.9494
-1.94928
-1.94934
-1.94955
-1.9499
-1.95051
-1.95154
-1.95327
-1.95622
-1.9614
-1.97136
-1.98006
-1.97819
-1.97397
-1.97586
-1.98235
-1.99447
-2.0187
-2.02316
-2.01801
-1.98773
-1.97616
-1.97093
-1.96945
-1.9684
-1.96776
-1.96727
-1.96687
-1.96622
1419.16
1418.77
1418.58
1418.4
1418.2
1417.83
1416.72
1415.24
1413.72
1413.24
1413.01
1412.79
1412.03
1410.67
1409.51
1407.63
1406.37
1405.55
1405.67
1406.2
1407.16
1409.46
1408.43
1408.85
1408.9
1408.78
1408.45
1407.88
1407.32
1406.96
1406.77
1407.08
1406.97
1406.76
1406.1
1405.18
1404.21
1403.68
1403.29
1402.78
1399.28
1398.88
1398.52
1398.08
1397.48
1398.14
1396.34
1394.39
1393.12
1392.42
1392.02
1391.36
1390.26
1388.55
1386.28
1383.69
1382.9
1383.36
1384.95
1389.66
1392.82
1390.54
1390.44
1389.52
1390.12
1389.08
1388.75
1387.63
1386.82
1386.95
1387.71
1388.37
1388.01
1386.72
1385.52
1384.31
1383.49
1383.58
1383.98
1383.82
1378.51
1378.06
1377.8
1377.42
1376.84
1377.38
1374.14
1372.4
1371.03
1370.47
1369.92
1369.08
1367.69
1365.54
1362.86
1361.76
1362.86
1363.96
1366.38
1369.53
1371.15
1371.38
1371.25
1371.22
1370.36
1369.21
1368.77
1368.03
1367.6
1367.37
1368.1
1368.48
1366.82
1366.29
1364.59
1363.5
1364.58
1365.45
1366.33
1366.79
1357.33
1356.71
1356.47
1356.1
1355.64
1354.37
1352.87
1350.94
1349.39
1348.93
1348.8
1348.17
1346.86
1345.13
1344.6
1344.95
1345.49
1346.09
1346.64
1347.09
1349.62
1350.27
1350.63
1350.79
1350.41
1350.8
1350.99
1350.44
1349.84
1348.32
1346.8
1346.52
1345.74
1345.11
1344.03
1343.33
1345.72
1346.43
1347.25
1347.69
1336.22
1335.61
1335.37
1334.97
1334.19
1332.97
1331.37
1330.5
1327.93
1327.44
1327.51
1327.27
1326.91
1326.62
1327.76
1330.34
1330.2
1329.24
1327.6
1325.93
1326.97
1328.31
1329.48
1330.4
1331.7
1332.79
1332.83
1332.36
1331.32
1329.64
1326.96
1325.72
1324.64
1323.83
1323.45
1323.62
1324.58
1325.77
1328.72
1326.88
1315.62
1314.92
1314.58
1314.19
1313.39
1312.33
1311.34
1310.92
1307.7
1306.38
1305.83
1305.67
1306.15
1307.17
1308.94
1311.6
1313.47
1312.51
1310.69
1308.86
1307.09
1307.74
1308.94
1309.97
1311.14
1312.94
1312.71
1311.71
1311.25
1308.56
1305.81
1303.72
1301.38
1299.03
1299.13
1300.99
1303.81
1305.97
1306.64
1307.89
1294.7
1294.47
1294.19
1293.82
1293.26
1292.14
1291.19
1290.3
1288.31
1285.22
1283.9
1284.31
1284.48
1285.85
1288.58
1291.85
1294.53
1294.67
1294.46
1292.88
1290.23
1289.48
1289.4
1289.72
1290.31
1290.79
1290.93
1290.75
1290.03
1287.38
1284.72
1281.11
1277.31
1275.59
1278.25
1278.15
1281.36
1282.22
1286.95
1286.8
1274.65
1274.52
1274.3
1273.97
1273.52
1272.74
1271.56
1270.23
1268.47
1266.14
1263.23
1262.83
1262.35
1263.02
1265.13
1269.15
1272.61
1274.86
1274.59
1272.43
1274.35
1267.9
1267.66
1268.13
1269.27
1270.16
1270.58
1270.47
1269.5
1268.23
1266.69
1263.51
1262.1
1261.17
1262
1263.09
1264.7
1266.63
1267.76
1266.74
1255.17
1255.14
1255
1254.72
1254.21
1253.44
1252.4
1251.05
1249.42
1248.9
1245.48
1245.37
1244.1
1246.9
1246.19
1247.74
1251.17
1253.67
1254.7
1252.63
1251.72
1251.58
1250.61
1250.43
1250.11
1251.84
1252.14
1252.47
1252.08
1250.99
1251.43
1248.78
1250.19
1250.65
1251.49
1252.1
1252.41
1252.82
1250.8
1250.18
1236.49
1235.84
1235.59
1235.3
1234.83
1234.28
1233.91
1233.58
1232.98
1232.25
1231.49
1230.81
1230.06
1230.42
1230.6
1231.33
1232.63
1235.16
1236.08
1234.17
1234.71
1235.67
1236.41
1235.88
1234.95
1235.92
1235.82
1235.57
1234.99
1234.16
1233.7
1233.01
1234.4
1237.15
1237.8
1238.55
1238.75
1236.69
1235.32
1233.79
1217.37
1216.53
1216.21
1215.16
1214.55
1215.24
1215.83
1215.96
1215.94
1215.98
1216.06
1215.92
1215.63
1215.77
1215.97
1216.81
1216.96
1219.67
1219.41
1219.81
1220.7
1221.74
1222.88
1222.82
1220.35
1220.13
1219.89
1218.97
1218.34
1216.91
1215.97
1215.4
1215.58
1216.07
1216.75
1217.44
1218.17
1218.19
1216.79
1215.41
1198.34
1197.85
1198.19
1197.85
1199.31
1197.61
1198.08
1198.25
1198.49
1198.55
1199.31
1200.44
1200.33
1200.24
1200.46
1201.65
1203.43
1205.92
1204.28
1204.95
1205.61
1206.03
1206.04
1205.27
1203.97
1203.39
1202.52
1202.76
1201.5
1199.91
1198.51
1197.48
1197.03
1197.06
1197.71
1198.54
1198.94
1197.84
1197.76
1196.57
1180.55
1180.16
1180.73
1180.98
1181.45
1181.93
1182.72
1182.27
1182.18
1182.81
1184.16
1185.96
1185.45
1184.72
1183.84
1184.63
1186.2
1188.17
1189.19
1187.28
1191.53
1186.47
1186.92
1186.88
1186.33
1185.77
1185.15
1185.65
1184.03
1182.96
1181.8
1180.75
1179.88
1179.12
1178.69
1178.9
1178.67
1178.36
1178.06
1177.29
1163.48
1162.4
1163.72
1163.97
1164.12
1164.3
1163.54
1164.01
1164.94
1166.32
1167.91
1167.61
1166.76
1165.82
1164.86
1164.18
1162.79
1163.16
1167.26
1168.5
1166.86
1167.57
1167.67
1167.7
1167.52
1167.23
1166.89
1167.56
1165.99
1165.28
1164.36
1163.41
1162.43
1161.6
1160.98
1160.43
1159.81
1159.08
1158.31
1157.66
1145.05
1144.2
1146.34
1146.55
1145.11
1144.82
1144.66
1143.34
1148.73
1144.1
1145.55
1146.2
1145.43
1144.54
1144.42
1143.93
1143.7
1146.86
1149.78
1150.16
1149.14
1149.01
1148.82
1148.45
1148.37
1148.19
1147.81
1148.51
1146.84
1146.59
1145.55
1144.89
1144.09
1143.05
1141.92
1141.6
1140.4
1139.37
1138.62
1137.8
1125.07
1124.95
1128.2
1125.72
1126.04
1126.22
1123.24
1123.96
1125.49
1126.7
1126.57
1125.94
1127.92
1127.57
1126.67
1127.04
1128.08
1129.71
1130.58
1131.17
1131.21
1130.54
1129.55
1128.8
1128.38
1128.18
1127.99
1127.98
1127.43
1127.42
1126.17
1125.55
1124.76
1123.58
1122.55
1121.63
1120.65
1119.68
1118.85
1118.08
1105.73
1106.31
1106.86
1106.76
1106.43
1105.32
1101.37
1102.03
1102.61
1105.35
1106.75
1110.21
1111.06
1110.39
1111.97
1112.76
1112.1
1113.3
1113.55
1113.19
1112.21
1111.22
1109.8
1108.7
1108.25
1108.09
1107.94
1107.67
1107.55
1106.44
1106.22
1105.44
1104.67
1103.9
1102.71
1101.71
1100.67
1099.69
1098.87
1098.34
1086.69
1087.2
1087.38
1086.6
1086.54
1084.93
1082.38
1078.33
1078.82
1085.33
1087.93
1093.28
1095.46
1096.64
1097.84
1098.3
1092.93
1093.8
1093.95
1092.44
1093.2
1090.86
1089.9
1088.73
1088.16
1088.07
1087.97
1087.76
1088.01
1087.28
1086.25
1085.79
1085.22
1084.26
1083.12
1082.14
1080.89
1080
1079.13
1078.54
1071.86
1070.53
1069.91
1069.52
1068.33
1067.77
1068.11
1065.66
1063.56
1064.37
1070.26
1074.3
1076.32
1077.08
1083
1080.49
1076.68
1075.85
1074.33
1075.51
1075.38
1072.27
1071.24
1070.17
1069.25
1069.17
1068.72
1068.79
1067.62
1066.94
1066.57
1065.74
1064.84
1064.51
1063.75
1062.61
1061.82
1060.94
1060.16
1059.63
1057.02
1058.62
1058.3
1057.68
1057.2
1056.83
1055.71
1053.1
1048.78
1049.71
1053.37
1055.98
1057.62
1057.8
1065.44
1058.13
1057.74
1057.47
1055.19
1055.58
1055.07
1054
1052.47
1051.88
1050.75
1050.37
1048.97
1048.55
1047.94
1047.16
1046.35
1046.21
1045.82
1045.2
1044.88
1044.71
1044.09
1043.43
1043.06
1042.43
1038.43
1037.52
1036.79
1036.84
1036.82
1037.68
1036.13
1033.51
1031.06
1029.98
1031.84
1033.69
1034.89
1039.76
1039.79
1038.2
1037.77
1037.1
1036.15
1035.6
1034.76
1033.55
1032.43
1031.55
1030.79
1029.92
1028.97
1028.14
1027.83
1027.18
1026.6
1026.28
1025.8
1025.85
1025.49
1025.27
1024.98
1024.65
1024.24
1023.66
1019.1
1018.72
1017.59
1016.01
1014.67
1012.76
1011.9
1012.49
1012.06
1010.19
1010.6
1012.1
1014.28
1015.76
1016.94
1017.27
1017.22
1016.94
1016.12
1015.59
1014.73
1013.79
1012.78
1011.55
1010.32
1009.31
1008.28
1007.44
1006.76
1006.24
1006.14
1006.11
1006.09
1006.16
1006.37
1006.12
1005.78
1005.39
1005
1004.69
997.34
996.229
995.767
995.373
994.284
992.621
991.715
990.772
991.076
992.335
993.204
993.831
993.902
995.004
995.699
996.144
996.491
996.838
996.61
995.721
995.197
994.721
993.851
991.716
990.202
988.898
987.593
986.468
985.563
985.071
985.075
985.839
986.293
986.69
986.794
986.369
986.124
985.9
985.714
985.496
980.076
978.272
978.846
976.546
976.996
974.782
974.689
974.211
973.766
973.499
973.398
973.969
974.367
974.624
974.84
975.014
975.358
976.353
978.023
978.327
974.742
975.258
972.761
971.33
969.861
968.227
966.687
965.365
964.63
964.267
964.744
965.501
966.058
966.658
967.032
966.705
966.329
966.224
966.142
966.038
964.453
962.796
962.174
960.72
959.625
958.704
957.889
957.327
955.569
955.206
954.729
954.233
953.85
953.831
954.022
953.209
954.075
955.117
953.348
957.054
954.045
955.895
950.857
950.33
949.172
947.673
946.213
944.808
943.776
943.387
943.53
944.009
944.715
946.129
945.552
945.71
945.789
946.02
946.218
946.277
947.877
946.048
945.051
943.527
941.817
940.66
938.84
937.719
936.288
934.873
933.501
933.165
933.104
932.89
933.33
934.102
933.933
931.659
933.429
932.237
933.374
932.799
930.162
929.625
928.478
927.001
925.597
924.098
922.622
921.646
921.383
921.565
921.853
922.163
922.659
923.245
923.853
924.608
925.336
925.938
929.829
927.905
926.88
925.198
923.765
922.357
920.767
919.195
917.585
915.63
914.043
913.597
913.659
913.57
913.639
913.611
912.295
911.382
910.858
910.643
910.553
911.864
910.999
908.929
908.24
906.549
904.557
902.954
900.188
897.507
895.954
896.04
896.914
897.305
897.665
898.873
900.135
901.545
903.07
904.405
910.871
908.969
907.841
906.188
905.036
903.752
902.321
900.699
898.883
898.409
897.666
896.6
895.746
894.877
894.015
892.73
891.477
890.52
889.811
890
890.482
890.907
891.149
891.273
888.914
885.923
883.191
879.875
877.151
877.343
874.698
871.268
874.013
873.466
875.963
874.839
876.167
877.749
879.744
881.945
890.918
889.088
888.064
886.882
885.543
884.41
883.321
881.946
880.45
880.848
880.353
879.083
877.204
875.198
873.183
872.093
871.102
869.982
870.66
870.013
869.455
871.03
872.204
871.528
870.586
868.114
862.038
858.546
855.589
852.568
852.373
851.385
851.091
851.862
853.047
854.213
856.358
858.387
859.963
861.466
870.086
869.048
868.301
867.605
864.945
864.193
863.38
862.318
861.105
860.329
861.314
859.017
855.57
853.82
852.238
851.223
850.575
850.281
850.252
850.838
850.452
849.725
850.309
850.125
848.726
846.309
840.355
832.144
827.914
826.839
826.738
825.576
827.199
829.415
831.025
834.469
836.855
839.869
841.748
843.71
849.276
849.104
848.245
847.098
845.877
844.107
843.178
841.937
840.443
838.9
837.512
836.095
834.483
832.984
831.746
831.179
831.056
831.058
831.197
831.113
830.494
829.927
829.284
830.133
827.264
823.69
815.71
809.746
799.678
795.998
796.539
800.607
802.827
806.044
811.401
815.795
818.956
821.35
823.452
826.878
827.675
828.493
826.647
827.632
826.583
824.319
823.183
822.313
821.297
820.067
818.645
817.13
815.633
814.405
813.576
813.112
812.983
813.01
813.034
812.932
812.452
811.681
810.525
808.85
807.202
805.35
802.527
796.504
790.507
788.236
788.274
789.422
790.617
789.725
793.344
797.931
801.148
804.005
806.384
808.489
806.047
805.431
805.2
806.018
807.342
803.941
803.703
803.41
802.871
802.545
801.422
800.14
798.79
797.653
796.871
796.399
796.151
796.025
795.895
795.706
795.342
794.732
793.848
792.863
791.895
794.213
791.41
788.212
785.655
782.871
781.564
781.372
781.532
778.781
778.959
781.68
784.36
786.235
787.839
790.508
782.137
781.549
782.595
783.435
783.852
783.882
784.618
785.011
785.394
785.389
784.686
783.699
782.345
781.475
780.925
779.877
779.499
779.279
779.082
778.832
778.49
777.94
777.216
776.326
776.12
775.393
775.104
774.261
772.387
772.142
770.639
766.114
765.285
764.974
765.755
765.788
767.916
768.914
769.211
771.501
760.973
760.391
760.428
761.813
763.319
763.82
765.056
766.585
766.365
766.89
766.898
766.318
765.508
764.967
764.164
763.358
762.721
762.591
762.398
762.089
761.758
761.415
761.043
760.597
760.501
760.393
759.518
757.953
755.757
753.06
751.466
750.655
749.977
749.564
749.106
748.981
749.369
749.639
752.838
749.271
743.351
742.91
742.693
743.736
745.251
745.252
748.028
746.315
745.985
746.873
747.378
747.443
747.22
747.163
746.597
745.95
745.466
745.456
745.773
745.672
745.222
744.661
743.693
742.562
742.76
743.313
743.212
741.724
739.518
736.276
735.262
734.658
734.394
733.473
733.132
733.41
733.363
737.394
736.999
735.781
728.402
727.808
728.179
728.508
728.483
726.584
727.762
724.701
724.931
726.11
727.097
727.917
728.304
727.971
727.449
727.592
727.481
728.575
729.496
729.869
729.972
729.547
728.853
734.637
730.681
728.625
726.641
724.86
723.646
723.171
719.963
717.717
718.582
718.017
717.674
717.59
721.431
723.379
722.616
722.548
716.712
714.318
713.627
713.002
712.383
709.63
706.117
704.609
704.859
706.107
707.321
708.168
708.647
708.194
707.232
706.741
708.346
710.894
713.882
715.231
719.222
721.582
721.986
722.055
721.669
720.585
719.427
715.273
707.938
704.637
702.876
701.502
702.599
703.892
703.937
701.936
706.62
704.79
705.218
706.795
700.835
700.612
700.113
700.411
702.032
699.526
695.178
689.55
688.44
688.076
688.386
688.687
688.177
685.822
683.887
686.147
689.712
694.481
699.244
707.384
707.851
704.409
703.265
702.389
700.201
697.034
693.443
691.325
688.151
684.879
682.237
680.795
679.961
678.906
678.058
679.069
681.147
683.476
686.017
688.045
679.53
679.78
684.331
683.309
684.48
683.142
680.015
677.202
674.782
673.387
675.347
677.729
677.546
673.622
673.207
676.253
678.548
681.981
685.431
685.508
687.32
687.692
686.751
684.873
680.968
677.601
673.511
670.242
666.776
662.795
659.972
659.183
659.164
658.491
658.045
658.865
660.079
661.201
662.297
663.53
660.249
658.871
660.325
663.441
663.794
662.656
659.074
655.713
654.088
655.748
657.866
659.915
665.63
664.439
663.141
665.974
661.662
659.485
662.556
664.795
665.49
665.583
664.03
662.513
659.37
655.473
651.571
646.793
643.831
642.911
646.861
642.046
641.28
640.786
640.231
640.48
640.311
640.132
640.672
641.69
637.275
637.858
634.778
634.085
635.037
632.86
629.948
628.574
627.66
628.964
634.362
638.849
640.451
643.391
640.82
638.834
638.598
638.736
639.026
639.961
640.529
640.898
640.276
640.284
636.333
633.565
628.364
628.408
627.258
626.803
627.19
626.969
626.206
626.049
621.977
623.027
621.762
620.554
619.828
619.417
617.836
617.439
611.098
604.394
596.984
591.536
592.26
594.317
595.675
599.571
607.272
611.586
611.51
613.728
614.373
610.381
601.542
602.763
604.524
608.872
613.971
616.076
616.779
616.59
615.751
614.05
612.003
613.319
613.08
613.71
614.047
613.67
613.193
613.292
613.206
610.554
610.084
609.688
608.82
608.05
599.482
596.935
595.828
580.985
573.042
575.504
570.134
573.945
572.888
576.151
581.019
585.195
587.668
587.113
585.793
582.755
593.76
585.282
581.095
586.204
591.276
594.41
596.43
597.345
597.565
597.31
596.582
598.477
600.124
600.528
600.375
599.95
599.301
596.768
598.937
596.475
595.709
598.364
597.416
596.585
584.664
582.295
580.439
569.465
562.945
570.929
571.841
563.417
560.989
562.78
564.153
565.869
568.202
568.702
568.462
569.567
575.96
564.055
565.557
570.797
574.672
577.15
578.91
580.361
581.218
581.663
581.639
582.209
583.06
585.345
585.324
583.815
583.298
581.999
581.324
580.699
579.047
577.602
576.067
574.506
573.379
569.596
567.997
562.79
555.899
559.308
560.482
557.232
555.052
553.36
552.36
551.126
551.145
552.26
554.547
557.462
559.268
555.458
557.77
560.071
561.937
563.044
563.829
565.192
565.864
566.25
566.6
566.759
566.935
566.895
567.796
568.083
566.718
565.766
565.134
563.786
561.773
560.352
559.142
556.587
561.122
557.44
555.659
552.961
551.097
551.486
549.814
545.092
544.838
546.393
546.68
546.934
547.441
548.525
549.427
549.98
549.501
549.836
548.83
548.441
547.226
548.129
549.165
550.306
550.603
550.847
550.955
550.848
550.667
550.519
550.505
550.144
549.599
549.079
548.546
546.586
543.802
539.834
537.15
534.922
548.014
544.1
542.858
540.98
539.148
537.752
534.651
533.859
535.02
538.026
540.198
540.618
541.443
542.687
543.456
542.078
539.508
538.135
537.748
534.471
532.159
533.129
534.142
535.249
535.491
535.382
535.226
534.875
534.383
533.834
533.259
532.747
532.167
531.248
530.045
528.456
526.014
524.149
522.087
517.471
533.126
529.762
529.347
527.666
525.802
523.965
522.398
521.763
526.073
527.138
528.205
529.713
532.177
532.665
531.61
527.294
531.118
524.47
524.483
521.155
518.674
518.738
518.925
519.085
519.342
519.39
519.292
518.898
518.19
517.443
516.676
515.995
515.343
514.587
513.551
511.99
509.481
509.954
507.182
503.694
516.044
514.579
513.294
511.923
510.213
508.771
508.168
514.081
517.736
514.128
519.52
517.908
516.112
514.8
512.469
511.802
511.283
508.263
509.413
505.368
505.162
503.284
503.083
502.777
503.48
503.627
503.855
503.66
502.86
502.1
501.433
500.739
499.966
499.156
498.331
497.213
495.409
493.767
492.075
487.34
495.332
493.845
493.508
492.402
490.955
491.02
492.284
494.838
498.83
502.295
504.669
501.169
496.422
495.395
491.979
492.174
489.872
486.202
485.893
485.093
487.751
487.565
491.289
493.083
492.41
491.748
490.445
489.877
489.226
487.943
487.085
487.049
486.252
485.344
484.437
482.768
479.972
480.093
477.185
473.77
481.352
477.717
481.989
476.514
475.257
475.283
475.438
476.911
479.315
481.733
482.927
481.651
476.741
474.167
470.69
469.785
468.551
475.651
467.705
467.851
472.089
473.74
477.139
479.79
479.596
479.524
479.362
479.735
480.209
478.813
474.803
474.208
473.748
473.328
472.666
471.065
468.302
466.744
461.319
459.302
465.742
462.902
467.825
464.883
461.759
460.656
460.009
460.299
461.021
461.268
460.637
464.413
463.067
456.45
452.535
453.782
459.67
459.748
453.538
454.31
456.724
458.96
461.165
463.133
465.567
466.768
463.803
464.037
463.632
462.681
462.345
463.33
462.321
461.032
461.737
461.618
455.617
451.076
447.808
444.202
450.494
449.444
453.142
448.828
447.01
445.623
444.43
444.057
444.665
445.944
447.08
449.573
445.547
437.497
433.573
429.748
432.134
437.308
437.247
438.536
440.651
442.994
444.871
446.627
447.831
453.401
448.609
448.334
448.078
447.851
447.248
445.828
449.952
447.57
449.346
444.696
444.684
437.881
435.256
431.234
436.397
436.301
436.349
434.417
432.894
431.409
429.918
430.048
429.061
430.277
429.289
427.914
425.577
421.128
413.799
412.354
413.478
416.231
419.324
422.035
424.744
427.47
429.696
431.461
432.831
433.656
433.914
434.01
433.537
432.912
432.508
432.061
431.464
431.481
430.906
429.658
429.443
426.473
421.95
419.116
421.821
422.551
422.736
422.563
421.942
420.495
418.857
416.423
413.101
411.968
407.842
404.782
404.749
402.478
398.988
395.757
396.364
397.347
401.186
405.687
409.988
413.528
416.097
417.746
419.001
419.982
420.437
420.208
419.719
419.154
418.557
417.933
417.371
416.705
416.33
415.417
414.512
411.858
408.447
405.278
406.674
407.115
406.465
404.106
403.169
401.789
400.284
398.549
396.731
395.325
393.787
391.647
392.353
391.544
389.859
386.69
378.215
380.331
385.295
390.339
396.303
400.525
402.855
404.06
405.373
406.175
406.284
406.381
406.643
406.48
405.974
404.842
403.585
402.342
401.272
400.475
399.622
397.274
394.224
390.805
385.535
385.86
385.774
385.032
383.991
383.054
381.992
380.828
379.947
379.696
383.94
385.467
384.986
384.235
383.578
382.912
373.547
373.762
374.883
374.699
380.452
383.988
385.368
386.51
389.736
392.18
392.444
390.462
390.791
391.849
392.234
391.408
390.166
388.832
387.586
385.921
383.873
381.907
378.37
374.451
365.837
365.82
366.061
365.065
364.23
364.679
364.414
363.925
363.752
363.731
366.229
373.121
373.994
374.328
370.75
372.396
368.757
365.503
364.442
362.635
368.223
371.515
369.244
371.14
378.985
381.64
380.998
389.156
380.095
379.523
379.24
377.85
375.981
373.785
371.497
369.277
366.993
364.247
359.898
355.8
345.244
344.293
344.321
344.671
344.86
345.611
346.018
345.932
347.453
347.529
348.171
349.142
350.077
350.627
351.851
355.281
353.292
346.754
350.923
350.388
351.425
354.701
357.334
360.517
368.674
368.009
373.746
377.004
373.086
372.816
371.292
368.382
364.066
358.677
353.569
349.699
347.318
345.05
341.418
336.176
326.845
329.504
326.955
325.203
325.239
325.885
327.175
328.532
328.381
326.939
328.729
328.007
329.773
330.171
334.37
334.474
333.258
329.499
328.961
331.594
333.784
337.953
343.413
349.792
355.035
360.605
367.182
373.93
371.752
371.843
370.733
364.38
355.489
344.938
336.199
332.171
329.323
325.895
319.665
310.344
310.081
309.923
312.781
313.863
312.962
307.456
309.866
308.508
308.322
306.836
306.305
305.372
310.082
311.118
313.304
310.591
310.022
311.763
311.893
313.754
316.249
322.413
327.238
334.125
341.964
350.553
358.955
367.003
372.476
370.788
363.917
356.648
342.298
330.926
325.42
321.089
316.09
306.66
291.765
279.592
296.834
293.061
291.916
295.137
292.02
289.534
292.402
293.276
291.015
290.761
291.975
287.402
291.098
290.183
289.236
287.506
286.574
286.339
286.846
289.623
293.2
298.247
301.4
314.324
322.728
335.583
344.742
345.805
341.876
338.81
334.996
320.114
310.257
301.186
295.753
292.818
288.151
276.315
261.86
250.843
285.301
278.081
278.678
279.675
278.557
275.458
278.626
278.594
276.214
275.982
275.221
270.32
269.139
263.592
263.641
265.823
264.631
261.137
258.293
255.554
258.086
261.328
267.707
275.703
288.928
289.53
298.341
299.181
294.449
289.062
279.695
263.514
255.864
252.287
251.114
250.175
248.429
244.513
239.511
239.192
271.898
265.691
268.529
268.078
268.362
264.617
266.694
264.56
262.907
262.282
256.041
258.525
248.652
250.281
249.834
249.117
245.311
243.713
240.638
237.618
233.511
228.858
225.909
241.587
246.044
242.868
239.139
230.511
217.2
202.557
195.457
193.801
190.144
193.448
196.358
199.749
201.825
204.479
207.915
214.541
251.485
249.103
260.269
260.011
251.549
251.232
250.826
248.284
246.114
245.666
240.011
237.771
232.301
234.632
234.863
233.367
229.247
225.764
221.928
218.242
214.077
209.187
207.312
209.339
194.954
188.319
174.43
152.857
127.12
122.871
111.931
107.36
116.482
130.864
143.442
149.868
156.982
162.904
168.683
175.628
230.791
230.277
230.146
228.158
231.039
232.043
233.257
229.016
224.239
220.981
218.299
216.78
216.118
216.427
223.43
220.024
214.771
209.308
202.649
196.775
192.377
188.361
188.286
171.384
158.554
140.054
118.477
96.2602
82.8123
73.7394
69.6328
72.3063
79.0132
84.6791
95.4354
108.577
118.525
125.27
133.06
138.779
213.1
211.068
214.062
208.522
208.681
204.86
210.478
205.378
199.396
194.946
189.826
195.235
199.551
200.993
210.596
209.767
200.311
196.983
191.878
184.463
175.413
167.012
159.009
144.179
128.762
108.167
85.8968
71.3413
60.7694
53.1651
49.2603
50.5353
53.5007
58.9485
66.7422
72.9738
87.4172
100.809
99.4279
107.504
199.475
197.55
201.356
191.524
192.576
182.292
184.899
183.059
182.04
180.735
180.135
181.149
185.965
190.378
190.822
202.163
192.348
190.018
185.742
179.623
169.072
153.894
145.611
124.931
110.139
85.9189
68.2804
55.1544
43.4002
33.945
28.5954
28.0444
30.5682
36.3457
43.5367
51.2371
59.3139
78.9779
91.1053
89.2781
181.961
181.736
182.86
180.503
181.902
174.014
176.396
176.998
176.872
175.979
174.696
175.454
173.453
179.253
182.476
180.982
188.807
180.702
175.891
169.554
159.046
141.256
131.229
109.869
90.2952
72.8904
60.2838
46.3783
31.9329
19.5276
12.5654
10.9525
13.7122
20.3971
29.935
42.5375
54.4467
65.4462
80.815
88.2092
167.011
167.926
167.968
166.249
165.286
164.014
165.831
170.655
169.85
168.893
168.175
167.499
161.464
163.583
165.36
166.069
162.569
166.78
159.505
152.823
143.677
128.054
110.593
101.84
89.0767
72.9489
59.8012
44.5695
28.4451
14.9003
7.1977
6.79669
13.3287
23.8448
35.9968
49.2416
61.8806
70.2491
81.9758
87.1816
152.02
150.409
150.407
149.546
148.239
148.944
155.557
155.607
152.555
158.829
158.508
146.707
143.524
143.085
142.969
142.481
141.731
138.531
139.589
131.901
126.045
114.756
101.145
92.7707
83.6113
72.027
60.1709
47.5207
35.241
25.4284
21.0824
22.7645
30.1972
41.1594
52.4984
61.9114
70.025
81.556
92.0001
94.239
138.755
137.131
136.753
137.61
138.495
137.953
133.367
133.16
132.017
130.11
126.534
124.519
122.444
120.705
118.543
116.036
115.099
113.423
111.03
110.784
105.794
101.399
94.175
85.7734
77.5969
72.6909
65.0777
57.9867
52.6361
49.437
47.9438
48.9497
53.0327
58.5225
68.1732
78.7022
85.0912
98.4892
104.331
109.425
128.517
127.053
126.803
126.284
125.642
123.905
117.903
114.663
113.425
110.431
106.875
103.789
100.837
97.1702
93.8306
90.3565
87.3601
86.6176
86.5405
86.6296
86.8727
84.791
82.9498
80.3577
76.7583
71.5976
68.5482
67.4877
68.0994
66.4762
64.9504
66.8061
70.6723
70.7525
81.8247
96.0257
106.029
115.041
119.479
121.357
118.733
116.503
118.41
117.312
114.491
108.785
104.367
99.9778
96.0951
91.9503
87.8376
83.5871
77.0634
67.513
56.086
45.3327
42.2612
47.7592
57.191
65.1571
69.1134
70.8628
72.1331
73.0718
73.413
73.3006
72.3302
71.2038
70.2352
69.0983
69.5197
71.8145
75.1355
80.5357
88.6565
98.97
110.267
119.41
126.687
129.418
111.246
108.259
107.303
103.629
99.6757
95.0174
90.8874
86.0386
80.5722
75.0234
69.6644
63.2132
53.4631
39.1755
24.2777
12.1391
19.3683
25.2177
39.7107
48.9409
54.0057
58.7758
62.4133
66.1324
67.1442
67.306
67.9461
68.594
69.8331
71.2129
73.1607
75.045
76.278
77.9211
82.1
89.8486
97.5173
105.341
111.829
115.066
101.656
100.276
96.367
94.0165
89.3057
83.6603
78.6933
73.0694
66.2681
59.3568
53.0055
46.0027
36.4496
25.3925
19.0217
14.738
18.0013
23.0582
30.7633
37.2894
44.2835
51.2277
56.6795
57.879
56.7135
56.2883
55.9138
55.9367
57.7322
58.4582
58.1557
58.5587
60.4216
62.5178
67.9138
70.9863
73.455
78.6402
80.8179
78.0653
95.2313
89.6719
86.3913
80.7978
75.4239
72.1468
69.0918
61.3669
51.3116
41.7719
34.2243
27.0118
24.6614
21.3796
19.232
19.854
22.3905
26.3739
32.2398
38.031
44.0757
46.4023
45.0252
48.2282
45.7229
46.3073
44.8103
43.7405
44.1947
45.1428
42.5107
39.987
39.9906
39.5635
41.189
43.1371
42.9672
43.0762
38.324
25.9674
78.4844
70.0261
71.1415
66.9011
62.0237
63.3963
50.7793
41.7629
24.892
13.1727
17.3022
19.3199
15.6453
14.0812
15.3767
17.5637
19.0187
18.7523
23.8081
27.794
29.4055
29.8012
29.4688
29.0992
26.4149
21.7008
23.2751
26.7303
31.9629
29.3531
24.641
21.9186
19.823
17.5377
17.1651
16.139
16.0703
17.2472
16.1333
12.3396
50.1878
44.2741
41.3232
43.5945
40.991
29.4243
29.5326
26.064
25.5673
31.948
22.0589
11.3132
7.13598
1.27331
4.76284
9.84778
12.1159
12.0756
10.5266
12.7339
14.4384
8.75048
6.16081
7.92555
8.79046
5.81822
11.2593
11.718
12.7457
11.4955
8.97617
5.24538
1.54094
1.70301
1.13734
5.70736
5.27713
5.56105
5.45379
1.15053
34.9361
32.3982
30.4774
28.7611
23.6118
25.0973
19.3428
16.655
15.287
5.66332
7.03459
0.943866
-0.86364
-1.15853
-1.55244
1.95352
7.2763
8.84425
3.27452
0.252212
-0.979359
-1.22339
-1.2023
-1.3719
-1.4999
1.3469
3.63116
3.88942
2.89842
3.38923
1.43157
-1.3878
-1.30315
-1.29317
-1.30352
0.97363
-0.279331
-1.47954
-1.59871
-1.60886
29.9851
28.3164
26.3424
24.2813
19.435
18.6574
17.7075
15.9227
12.9141
3.38695
-2.05836
-1.33315
-1.46465
-1.50966
-1.54989
-1.57024
-1.58451
-1.59593
-1.58287
-1.55658
-1.55722
-1.54576
-1.54077
-1.55241
-1.56071
-1.51018
-0.620205
-0.129372
-1.25313
-1.60519
-1.67811
-1.69496
-1.7019
-1.67198
-1.61923
-1.616
-1.60102
-1.59803
-1.59499
-1.62248
25.6361
21.8773
24.802
17.2381
14.9725
13.6708
12.3262
10.7005
7.85266
0.402292
-2.46162
-1.75957
-1.54978
-1.57345
-1.58825
-1.59862
-1.59655
-1.59375
-1.59186
-1.58831
-1.5836
-1.58295
-1.58507
-1.59041
-1.5977
-1.60159
-1.60445
-1.59564
-1.59819
-1.59714
-1.63175
-1.67031
-1.64831
-1.62961
-1.61571
-1.63994
-1.6309
-1.62922
-1.63079
-1.64109
18.6146
18.2361
17.5504
15.3297
11.8343
9.14785
7.02154
4.2574
0.627769
-1.23875
-1.87799
-1.70508
-1.60868
-1.61634
-1.62286
-1.62495
-1.62802
-1.63052
-1.63282
-1.62965
-1.6241
-1.62266
-1.62491
-1.63313
-1.64598
-1.66412
-1.66477
-1.66589
-1.63451
-1.64805
-1.65117
-1.64715
-1.62899
-1.61855
-1.62733
-1.64876
-1.65362
-1.6592
-1.67736
-1.70623
10.2616
10.535
9.7354
7.1307
4.867
2.11651
-0.409267
-1.15939
-0.760671
-1.55857
-1.73738
-1.68342
-1.66619
-1.65935
-1.66355
-1.66786
-1.66971
-1.6624
-1.65941
-1.65791
-1.65432
-1.65362
-1.65269
-1.65546
-1.66679
-1.67477
-1.67418
-1.66768
-1.66733
-1.66914
-1.66974
-1.66882
-1.66815
-1.67037
-1.67766
-1.69354
-1.69485
-1.68654
-1.68597
-1.69004
0.570512
-0.0162655
-1.1364
-1.68737
-1.80782
-1.80213
-1.78586
-1.76027
-1.79559
-1.79708
-1.76041
-1.72482
-1.71645
-1.70998
-1.71272
-1.71459
-1.71517
-1.71515
-1.71359
-1.70613
-1.69965
-1.69259
-1.68791
-1.69084
-1.6962
-1.69747
-1.69871
-1.70025
-1.6926
-1.6886
-1.69447
-1.69453
-1.69307
-1.69595
-1.69946
-1.70122
-1.69737
-1.69146
-1.6877
-1.68851
-1.77102
-1.77588
-1.78168
-1.78347
-1.79025
-1.8004
-1.81044
-1.80742
-1.81993
-1.82075
-1.81296
-1.79567
-1.78915
-1.78032
-1.77474
-1.76997
-1.76258
-1.75681
-1.75435
-1.7528
-1.74445
-1.7356
-1.72862
-1.72512
-1.72803
-1.72973
-1.72564
-1.72342
-1.7279
-1.70778
-1.72043
-1.71777
-1.71804
-1.71824
-1.7165
-1.71323
-1.70768
-1.70247
-1.69905
-1.69894
-1.79441
-1.7986
-1.80205
-1.80163
-1.8006
-1.80057
-1.79281
-1.81293
-1.8325
-1.85259
-1.8675
-1.87008
-1.8661
-1.85591
-1.84303
-1.83006
-1.81445
-1.80084
-1.79282
-1.7852
-1.78075
-1.77517
-1.76135
-1.75856
-1.75588
-1.74738
-1.74285
-1.74514
-1.74412
-1.74043
-1.73964
-1.74149
-1.74284
-1.7429
-1.74081
-1.73653
-1.73168
-1.72781
-1.72441
-1.72224
-1.81038
-1.8123
-1.81532
-1.81463
-1.81025
-1.80771
-1.80684
-1.82158
-1.85199
-1.88608
-1.91888
-1.93394
-1.93482
-1.92608
-1.90493
-1.8816
-1.86002
-1.84124
-1.82238
-1.81454
-1.8036
-1.7961
-1.79016
-1.78076
-1.77298
-1.76813
-1.76484
-1.75754
-1.76154
-1.76142
-1.76162
-1.76171
-1.76282
-1.76381
-1.76244
-1.75877
-1.75381
-1.7491
-1.74515
-1.74221
-1.82892
-1.82893
-1.83105
-1.82848
-1.82361
-1.8202
-1.81997
-1.83445
-1.86557
-1.90322
-1.94397
-1.96863
-1.97234
-1.96204
-1.9381
-1.91067
-1.88664
-1.86667
-1.84817
-1.83343
-1.82384
-1.81516
-1.80602
-1.79824
-1.79076
-1.78535
-1.78238
-1.77988
-1.77698
-1.77706
-1.77696
-1.77705
-1.77684
-1.77512
-1.77418
-1.77174
-1.769
-1.7654
-1.76178
-1.75972
-1.84299
-1.84572
-1.85085
-1.84776
-1.84403
-1.84118
-1.83907
-1.84667
-1.86613
-1.89197
-1.92051
-1.94257
-1.9501
-1.945
-1.93025
-1.91057
-1.8924
-1.87568
-1.86114
-1.84741
-1.83619
-1.82779
-1.82184
-1.81498
-1.80907
-1.80403
-1.80004
-1.79738
-1.7957
-1.79378
-1.79342
-1.79243
-1.79185
-1.79015
-1.78889
-1.78642
-1.78372
-1.77831
-1.7742
-1.77445
-1.852
-1.85559
-1.86391
-1.86468
-1.86193
-1.8589
-1.85594
-1.8551
-1.85985
-1.86912
-1.88173
-1.8946
-1.90376
-1.90595
-1.90033
-1.89362
-1.88413
-1.87314
-1.86377
-1.85633
-1.84515
-1.84102
-1.83311
-1.82941
-1.82567
-1.82182
-1.81856
-1.8159
-1.8137
-1.81185
-1.81085
-1.81011
-1.80938
-1.80842
-1.80596
-1.80442
-1.80058
-1.79794
-1.79473
-1.79184
-1.85595
-1.85947
-1.86637
-1.86945
-1.86896
-1.86607
-1.86197
-1.85699
-1.85343
-1.85264
-1.85573
-1.86112
-1.86816
-1.87516
-1.87783
-1.87887
-1.87856
-1.87014
-1.86473
-1.8619
-1.85553
-1.85164
-1.84814
-1.84447
-1.84134
-1.83831
-1.83567
-1.83361
-1.83208
-1.83081
-1.82987
-1.82897
-1.82785
-1.82652
-1.82529
-1.8237
-1.82073
-1.81874
-1.81686
-1.81544
-1.85357
-1.85933
-1.85434
-1.86599
-1.86524
-1.86285
-1.8596
-1.85524
-1.85051
-1.84737
-1.84696
-1.84975
-1.85565
-1.86265
-1.86963
-1.87434
-1.87533
-1.87293
-1.86938
-1.86865
-1.86564
-1.86306
-1.86066
-1.85831
-1.85603
-1.85404
-1.85235
-1.851
-1.84998
-1.84895
-1.84802
-1.84738
-1.84645
-1.84551
-1.84453
-1.84329
-1.84204
-1.83889
-1.83834
-1.83839
-1.86248
-1.86654
-1.85767
-1.86424
-1.86508
-1.8633
-1.86073
-1.85753
-1.85392
-1.85134
-1.85074
-1.85193
-1.85502
-1.86107
-1.86138
-1.86706
-1.87742
-1.87741
-1.87678
-1.876
-1.87522
-1.87421
-1.87313
-1.87196
-1.87072
-1.86957
-1.86858
-1.86772
-1.86713
-1.86534
-1.86481
-1.86574
-1.8653
-1.86486
-1.86432
-1.86369
-1.86341
-1.85721
-1.86053
-1.85936
-1.87789
-1.87803
-1.87734
-1.87358
-1.86984
-1.87343
-1.87116
-1.86786
-1.8656
-1.86388
-1.86269
-1.86071
-1.86248
-1.86649
-1.8707
-1.87769
-1.88541
-1.88653
-1.88749
-1.88806
-1.88813
-1.88789
-1.88747
-1.88685
-1.88611
-1.88539
-1.88489
-1.88397
-1.88378
-1.88369
-1.88374
-1.88445
-1.88373
-1.88382
-1.88276
-1.88293
-1.88229
-1.88177
-1.88133
-1.88052
-1.89604
-1.89603
-1.89614
-1.89633
-1.89654
-1.89445
-1.89202
-1.89076
-1.88915
-1.88689
-1.88459
-1.88622
-1.88946
-1.89339
-1.8965
-1.89909
-1.90091
-1.90176
-1.90226
-1.9027
-1.90302
-1.90321
-1.90315
-1.9028
-1.90231
-1.90146
-1.90092
-1.90095
-1.90114
-1.90177
-1.90189
-1.90208
-1.9021
-1.90196
-1.90156
-1.90086
-1.89998
-1.89904
-1.8971
-1.89984
-1.91497
-1.91494
-1.91501
-1.91532
-1.91535
-1.91489
-1.91388
-1.91255
-1.91189
-1.91194
-1.91211
-1.91226
-1.91285
-1.9139
-1.91498
-1.91604
-1.91693
-1.91759
-1.91818
-1.91875
-1.9193
-1.91967
-1.91967
-1.9193
-1.91894
-1.9174
-1.91781
-1.91894
-1.91897
-1.91919
-1.91936
-1.91953
-1.91959
-1.91968
-1.9198
-1.91941
-1.91958
-1.92036
-1.91973
-1.92161
-1.93392
-1.93392
-1.93391
-1.93391
-1.93383
-1.93355
-1.93311
-1.93261
-1.93229
-1.93216
-1.93218
-1.93229
-1.93256
-1.93298
-1.93346
-1.93395
-1.93437
-1.93482
-1.93532
-1.936
-1.93692
-1.93776
-1.93804
-1.93596
-1.93497
-1.93589
-1.93622
-1.93635
-1.93645
-1.9366
-1.93674
-1.93682
-1.93679
-1.93661
-1.93685
-1.93683
-1.93686
-1.93686
-1.93754
-1.93634
-1.95293
-1.95293
-1.95285
-1.95281
-1.95275
-1.95262
-1.95247
-1.95231
-1.9522
-1.95212
-1.95207
-1.95206
-1.95208
-1.95212
-1.95216
-1.95215
-1.95229
-1.95259
-1.95301
-1.9537
-1.95468
-1.95565
-1.95599
-1.95504
-1.95466
-1.95431
-1.95419
-1.95414
-1.95417
-1.95423
-1.9543
-1.95437
-1.95446
-1.9546
-1.95483
-1.95523
-1.95594
-1.95716
-1.95975
-1.96322
)
;

boundaryField
{
    inlet
    {
        type            calculated;
        value           nonuniform List<scalar> 10(-293.439 -293.616 -293.755 -293.886 -293.946 -293.946 -293.872 -293.746 -293.611 -293.435);
    }
    inletWall
    {
        type            calculated;
        value           nonuniform List<scalar> 
30
(
-204.312
-224.373
-244.266
-264.005
-283.629
-118.17
-133.591
-150.062
-166.93
-184.055
-25.0404
-45.2121
-65.3465
-88.0896
-113.209
-204.313
-224.373
-244.265
-264.002
-283.625
-118.153
-133.579
-150.045
-166.915
-184.057
-24.269
-44.823
-65.1487
-87.986
-113.136
)
;
    }
    bottleWall
    {
        type            calculated;
        value           nonuniform List<scalar> 
290
(
1429.91
1410.39
1390.68
1370.67
1349.96
1329.49
1309.26
1288.94
1268.51
1248.28
1227.87
1207.69
1187.77
1168.38
1149.29
1129.34
1110.04
1090.16
1069.52
1047.41
1024.25
999.828
973.923
945.832
916.82
884.806
852.394
826.28
802.834
784.108
769.635
759.407
747.288
740.207
740.012
726.77
706.071
689.549
678.151
671.981
662.555
652.793
647.237
639.304
631.487
625.768
618.869
608.534
592.384
569.589
543.814
519.263
493.433
467.475
442.39
417.589
396.3
375.209
355.771
338.689
323.756
310.935
300.33
297.194
288.278
268.046
242.992
208.696
173.95
143.445
120.988
110.347
108.665
117.953
141.992
170.349
150.662
77.8004
15.5772
17.9334
21.3589
11.3048
1.31864
-1.38954
-1.41763
-1.45876
-1.47546
-1.50282
-1.54596
-1.55706
-1.54001
-1.70827
-1.78527
-1.82559
-1.86806
-1.90216
-1.92356
-1.93915
-1.95327
-1.96622
1416.39
1417.24
1417.13
1416.39
1417.27
1418.15
1419.26
1421.19
1423.16
1424.8
1426.01
1427.27
1428.34
1429.1
1429.93
1430.48
1430.98
1431.4
1431.66
1432.01
1431.51
1431.42
1431.41
1431.45
1431.49
1431.49
1431.86
1432.53
1433.37
1434.27
1435.25
1436.29
1437.33
1438.28
1439
1439.45
1439.64
1439.76
1439.81
1439.64
1412.54
1413.08
1413.69
1413.67
1413.2
1412.66
1412.78
1413.15
1413.89
1414.95
1428.86
1428.56
1428.36
1428.19
1427.87
1427.23
1426.12
1424.64
1423.48
1423.02
1422.79
1422.57
1421.81
1420.36
1418.99
1417.11
1415.88
1414.96
1415.08
1415.5
1416.18
1418.44
1417.91
1418.54
1418.59
1418.46
1418.18
1417.6
1417.04
1416.69
1416.5
1416.72
1416.66
1416.52
1415.88
1414.95
1413.98
1413.45
1413.07
1412.56
1419.16
1399.28
1378.51
1357.33
1336.22
1315.62
1294.7
1274.65
1255.17
1236.49
1217.37
1198.34
1180.55
1163.48
1145.05
1125.07
1105.73
1086.69
1071.86
1057.02
1038.43
1019.1
997.34
980.076
964.453
947.877
929.829
910.871
890.918
870.086
849.276
827.675
806.047
782.137
760.973
743.351
728.402
716.712
700.835
679.53
660.249
637.275
617.836
599.482
584.664
573.379
561.122
548.014
533.126
516.044
495.332
481.352
465.742
450.494
436.397
421.821
406.674
385.535
365.837
345.244
326.845
310.081
296.834
285.301
271.898
251.485
230.791
213.1
199.475
181.961
167.011
152.02
138.755
128.517
118.733
111.246
101.656
95.2313
78.4844
50.1878
34.9361
29.9851
25.6361
18.6146
10.2616
0.570512
-1.77102
-1.79441
-1.81038
-1.82892
-1.84299
-1.852
-1.85595
-1.85357
-1.86248
-1.87789
-1.89604
-1.91497
-1.93392
-1.95293
)
;
    }
    atmosphere
    {
        type            calculated;
        value           nonuniform List<scalar> 
80
(
-1.96814
-1.96814
-1.96848
-1.96474
-1.96592
-1.96543
-1.96456
-1.96382
-1.96323
-1.96275
-1.96237
-1.96212
-1.962
-1.962
-1.962
-1.962
-1.962
-1.96201
-1.96206
-1.96215
-1.96613
-2.00188
-2.03847
-2.00118
-1.96949
-1.96949
-1.96949
-1.96954
-2.18503
-2.2242
-2.22066
-1.96461
-1.97163
-1.97165
-1.97152
-1.97182
-1.97228
-1.97278
-1.97324
-1.97068
-1.96246
-1.96245
-1.96202
-1.96202
-1.96202
-1.96202
-1.96202
-1.96202
-1.96215
-1.9621
-1.96201
-1.962
-1.962
-1.962
-1.962
-1.962
-1.96205
-1.96224
-1.96267
-1.96339
-1.9639
-1.9632
-1.96871
-1.96542
-1.96216
-1.96244
-1.9626
-1.96271
-1.96285
-1.96295
-1.96298
-1.96293
-1.96287
-1.96287
-1.96281
-1.9628
-1.96282
-1.96291
-1.96371
-1.96904
)
;
    }
    frontAndBack
    {
        type            empty;
    }
}


// ************************************************************************* //
