/*--------------------------------*- C++ -*----------------------------------*\
  =========                 |
  \\      /  F ield         | OpenFOAM: The Open Source CFD Toolbox
   \\    /   O peration     | Website:  https://openfoam.org
    \\  /    A nd           | Version:  8
     \\/     M anipulation  |
\*---------------------------------------------------------------------------*/
FoamFile
{
    version     2.0;
    format      ascii;
    class       volScalarField;
    location    "3.35";
    object      p;
}
// * * * * * * * * * * * * * * * * * * * * * * * * * * * * * * * * * * * * * //

dimensions      [1 -1 -2 0 0 0 0];

internalField   nonuniform List<scalar> 
9150
(
-204.817
-205.879
-206.467
-206.942
-207.172
-207.167
-206.931
-206.459
-205.882
-204.821
-224.869
-225.422
-225.832
-226.16
-226.334
-226.331
-226.164
-225.834
-225.424
-224.872
-244.771
-245.076
-245.327
-245.548
-245.665
-245.667
-245.547
-245.328
-245.077
-244.773
-264.514
-264.704
-264.872
-265.033
-265.115
-265.116
-265.031
-264.873
-264.704
-264.515
-284.135
-284.33
-284.467
-284.598
-284.656
-284.658
-284.596
-284.466
-284.33
-284.136
-118.556
-119.512
-119.326
-118.96
-118.816
-118.835
-118.991
-119.396
-119.562
-118.607
-134.337
-135.018
-135.178
-135.255
-135.163
-135.185
-135.299
-135.238
-135.074
-134.392
-150.818
-151.577
-151.83
-152.221
-152.263
-152.264
-152.212
-151.841
-151.574
-150.816
-167.67
-168.849
-169.221
-169.893
-170.048
-170.042
-169.893
-169.212
-168.837
-167.66
-184.496
-186.746
-187.441
-188.181
-188.447
-188.45
-188.2
-187.455
-186.758
-184.507
-24.6533
-26.4382
-28.679
-29.6598
-30.0593
-29.9829
-29.3907
-28.3125
-26.6081
-25.1554
-45.3461
-45.5997
-46.7233
-47.1322
-47.6383
-47.6918
-47.2558
-47.018
-45.948
-45.729
-65.463
-65.3266
-66.5324
-66.1291
-66.6545
-66.7931
-66.1322
-66.7197
-65.4978
-65.6788
-88.3661
-85.4903
-86.8258
-85.1503
-85.4086
-85.5121
-85.0992
-86.9532
-85.5577
-88.4805
-115.009
-104.546
-104.532
-102.858
-102.474
-102.518
-102.843
-104.606
-104.59
-115.104
713.276
714.269
715.119
715.257
714.621
712.8
709.717
706.891
703.919
701.301
691.364
692.11
692.968
693.208
692.71
691.041
688.721
688.072
688.151
685.386
672.119
672.002
672.382
672.962
672.922
671.975
672.091
670.012
668.119
667.329
658.458
657.196
655.046
654.923
655.064
654.607
653.903
652.621
649.996
646.569
645.401
643.206
640.433
638.664
637.869
636.917
635.677
634.027
631.193
627.752
631.074
627.763
624.829
622.22
620.323
618.692
617.105
615.875
612.585
608.773
615.096
611.714
607.795
604.067
601.033
599.44
597.897
596.006
594.295
589.995
597.012
592.853
586.897
581.525
577.297
573.726
573.11
573.542
571.287
569.366
578.219
570.617
562.641
557.366
553.396
546.996
543.357
544.25
544.331
543.799
554.366
547.54
540.632
534.61
527.651
521.549
519.662
519.965
516.026
514.761
530.27
520.395
511.737
509.742
504.371
502.48
503.168
502.082
499.177
492.172
496.065
490.768
477.7
473.514
473.998
468.239
467.227
468.513
468.986
467.084
446.227
447.969
443.35
435.362
427.514
427.085
429.039
430.23
426.716
420.598
401.703
395.533
396.621
386.476
389.448
390.918
385.477
385.096
381.805
377.168
343.826
338.556
334
339.328
351.196
352.157
346.382
344.888
342.736
340.289
300.048
291.178
296.784
312.367
302.549
318.276
323.152
324.877
327.212
327.951
269.647
272.095
297.574
302.377
298.749
305.264
303.576
300.256
300.158
299.424
255.048
269.501
287.267
293.191
289.801
286.622
278.95
270.517
264.612
266.917
221.893
241.131
257.986
271.504
275.461
272.769
268.173
266.375
259.247
274.191
191.223
207.91
228.896
243.958
257.417
259.733
257.931
256.291
255.324
252.279
183.358
191.438
203.182
228.768
238.68
248.057
247.203
246.485
245.613
242.591
182.768
193.038
197.314
204.207
235.25
242.223
239.507
238.967
237.697
232.471
190.687
191.704
211.339
216.849
230.361
247.356
234.926
237.128
236.2
219.842
195.81
206.355
215.074
224.122
215.069
240.063
236.53
241.111
242.305
210.337
193.771
196.272
225.297
210.514
213.478
218.923
217.51
243.649
229.67
216.999
199.463
202.726
230.131
197.442
195.758
196.711
202.566
236.763
211.366
209.872
200.635
221.792
222.324
188.536
178.297
177.208
182.176
224.49
188.847
195.798
203.17
231.695
205.522
187.958
172.581
175.066
183.873
202.879
183.005
190.46
206.641
211.241
190.296
195.892
193.39
193.287
195.192
194.071
189.162
190.426
197.509
196.218
194.647
199.649
199.424
196.769
198.132
196.422
193.077
191.457
200.745
198.706
194.338
194.561
196.272
190.601
192.942
194.006
193.154
190.665
211.616
214.715
191.468
183.496
178.146
175.511
171.963
194.178
190.726
187.826
238.406
236.599
215.319
176.373
160.716
161.907
159.144
195.841
182.957
181.639
254.387
236.931
208.159
164.111
151.418
157.575
161.39
172.334
182.007
158.866
225.847
197.474
181.742
152.014
149.596
156.826
162.2
167.903
167.608
168.81
145.738
119.744
127.441
134.183
139.901
152.315
157.948
163.344
167.825
154.42
73.2275
57.2073
57.1094
83.5337
106.755
141.482
149.281
154.738
155.291
157.607
35.314
23.9795
17.9985
20.9155
57.9725
111.642
149.022
150.691
155.325
148.836
30.6415
22.1041
14.681
8.25043
42.5388
88.8446
138.242
158.664
141.493
144.889
47.3474
48.847
45.0002
40.121
36.9591
48.8111
87.6546
130.44
122.517
107.66
47.3487
55.8718
51.5326
43.4224
46.2712
47.672
71.3463
83.5377
88.2432
69.6526
24.9772
30.5146
39.8404
44.5615
51.9221
36.051
33.7879
39.4851
41.2245
35.4673
31.2132
28.1309
30.6321
34.5218
49.1683
11.747
-3.07737
-6.16035
-4.58434
-0.370189
19.4123
18.951
24.4863
29.159
34.9588
8.20328
-2.02457
-16.5133
-32.6532
7.77976
17.8273
23.4885
28.1435
34.2356
41.5656
17.4705
18.1623
8.63701
2.62534
12.3167
-2.53111
2.30387
15.0281
20.5967
28.0234
9.08717
7.41503
-0.232442
-0.575093
0.0962486
-0.515174
-1.12199
-1.73042
-7.23696
-0.666019
-0.149216
-0.223777
-0.469297
0.218046
0.214594
-1.05738
-1.05115
-0.840768
-0.615627
28.5853
0.637037
-1.68865
-0.316631
-0.138518
-0.0535655
-1.27857
-1.32716
-1.23218
-0.898823
28.7642
17.6562
0.149687
0.474735
0.21227
0.0641343
-1.54701
-1.60699
-1.55772
-1.39727
26.0321
24.1645
0.324952
0.249957
0.130912
0.0689603
-1.43757
-1.42559
-1.5195
-1.42394
28.1122
22.8221
0.0864395
0.0457564
0.015108
-0.00418954
-1.47245
-1.44033
-1.53598
-1.72795
32.1074
16.9773
0.0439683
0.00184066
-0.015524
-0.019832
-1.44347
-1.26472
-1.64965
-1.60937
18.784
29.7511
-0.0434707
-0.0372991
-0.0487608
-0.0544646
-1.07231
-1.36475
-1.66304
-0.554959
10.7581
38.2107
-0.201777
-0.100828
-0.0790212
-0.0823558
-1.8494
-2.17161
-2.49013
-3.16243
37.7878
7.84519
-0.00179951
-0.0676978
-0.0951723
-0.107681
-2.01696
-2.24902
-2.63435
-4.56189
37.995
6.13533
0.049512
-0.0520623
-0.111356
-0.130602
-1.9308
-1.91848
-1.63332
-3.83276
37.4486
6.63233
0.0532326
-0.0662239
-0.11745
-0.147509
-1.89375
-1.86337
-1.80691
-2.11404
36.7134
9.96534
0.00246436
-0.112173
-0.150899
-0.175471
-1.93414
-1.93522
-1.92558
-2.0715
27.5227
20.4118
-0.144999
-0.186039
-0.200822
-0.217439
-1.88645
-1.9109
-1.89167
-1.88891
25.0588
23.0777
-0.242058
-0.240065
-0.24552
-0.261007
-1.83333
-1.85633
-1.81412
-1.85206
31.3224
16.6251
-0.24791
-0.282296
-0.297288
-0.311545
-1.7944
-1.78924
-1.73972
-1.73066
23.8532
24.0728
-0.407791
-0.397428
-0.391701
-0.389741
-1.77622
-1.73721
-1.68773
-1.54564
6.13482
41.68
-0.687907
-0.534824
-0.491942
-0.470202
-1.78047
-1.76827
-1.77183
-1.81138
29.6257
18.999
-0.43539
-0.47582
-0.494549
-0.49056
-1.77549
-1.76585
-1.75905
-1.74005
21.5771
28.0459
-0.527801
-0.499699
-0.513216
-0.512913
-1.77547
-1.77126
-1.76255
-1.77693
27.3613
23.8341
-0.535321
-0.533609
-0.548068
-0.553639
-1.76954
-1.76918
-1.75921
-1.75937
24.1974
28.245
-0.5992
-0.568887
-0.585235
-0.588931
-1.78115
-1.80612
-1.78572
-1.80612
26.6071
26.4182
-0.578735
-0.570511
-0.604911
-0.612162
-1.83017
-1.8323
-1.78509
-1.78397
25.0413
28.0498
-0.573281
-0.561013
-0.615295
-0.618214
-1.82504
-1.84582
-1.79206
-1.81039
27.4081
25.1969
-0.591081
-0.587789
-0.644758
-0.642733
-1.93593
-1.95938
-1.91543
-1.91596
28.4932
22.8137
-0.657491
-0.650388
-0.677329
-0.690759
-1.99221
-2.00585
-2.03251
-2.09597
40.3124
9.64801
-0.565171
-0.658848
-0.693553
-0.714828
-2.01766
-2.00894
-2.04892
-2.10061
40.7164
9.50631
-0.556627
-0.658499
-0.71907
-0.733423
-2.01895
-2.01263
-2.02391
-1.99807
26.2055
24.1466
-0.748138
-0.761937
-0.767513
-0.789862
-2.00763
-2.01794
-2.05507
-2.14493
39.8206
10.2664
-0.707269
-0.80457
-0.825451
-0.85078
-1.98071
-1.97918
-1.95919
-1.87378
11.2241
39.2125
-1.05878
-0.94036
-0.92123
-0.916293
-1.96354
-1.96822
-1.97756
-2.05298
33.4222
16.3789
-0.915827
-0.944016
-0.955439
-0.959577
-1.94819
-1.94566
-1.94037
-1.9623
21.5424
28.6284
-1.06772
-0.997426
-0.997986
-0.998554
-1.93914
-1.93802
-1.92589
-1.99226
27.9072
22.1363
-1.06386
-1.03108
-1.03427
-1.04764
-1.91783
-1.9215
-1.88347
-1.89541
22.6138
26.5364
-1.1321
-1.10109
-1.10228
-1.10408
-1.93632
-1.94921
-1.90516
-1.88635
24.1144
23.4002
-1.11866
-1.14816
-1.15115
-1.14864
-1.95958
-1.92002
-1.92641
-1.87532
24.0343
21.6225
-1.12334
-1.18256
-1.18469
-1.18762
-1.97992
-1.97031
-1.96795
-1.93195
24.3542
19.8062
-1.1503
-1.20792
-1.21616
-1.21808
-1.98611
-1.97601
-1.96775
-1.98332
26.128
16.5018
-1.22713
-1.24258
-1.25046
-1.26165
-1.96064
-1.96933
-1.94873
-2.05413
24.082
17.6967
-1.37504
-1.30193
-1.30528
-1.30987
-1.96205
-1.96471
-1.92964
-2.07679
14.5783
24.8498
-1.55308
-1.36527
-1.35786
-1.35774
-1.96163
-1.96192
-1.94853
-2.07954
19.9863
16.1769
-1.50155
-1.38867
-1.39046
-1.3935
-1.9628
-1.95589
-1.95639
-1.90596
16.5261
14.9321
-1.28577
-1.42552
-1.42713
-1.4311
-1.95519
-1.95439
-1.95482
-1.92893
12.5607
16.0105
-1.01342
-1.46959
-1.46805
-1.47184
-1.95261
-1.95251
-1.95668
-1.87082
14.931
7.43477
-1.63686
-1.51861
-1.5167
-1.51742
-1.95079
-1.95151
-1.96081
-1.47856
10.9804
3.86919
-2.53226
-1.56481
-1.566
-1.5638
-1.95242
-1.95276
-1.95158
-2.13383
5.716
6.8875
-2.38366
-1.60434
-1.60438
-1.60593
-1.94981
-1.95192
-1.93729
-2.91076
2.63162
5.21353
-1.59795
-1.6742
-1.64368
-1.64666
-1.96018
-1.96084
-2.00569
-2.52301
0.647008
2.81728
-1.74032
-1.75203
-1.68698
-1.68797
-1.96533
-1.96516
-2.09307
-1.97417
-0.280662
0.918999
-1.31703
-1.89032
-1.72899
-1.72855
-1.96574
-1.96644
-2.23812
-1.15009
-0.291465
-0.0416635
-1.29992
-2.30386
-1.77277
-1.76949
-1.96343
-1.96974
-3.33882
-2.01479
-0.96436
-0.612155
-1.00305
-3.12824
-1.78646
-1.81108
-1.96483
-2.22613
-4.31453
-2.07291
-1.37577
-1.87158
-3.00698
-4.51857
-2.56042
-1.85473
-1.98038
-3.96484
-5.8644
-5.81165
-5.69798
-5.53719
-5.01336
-4.87682
-3.91339
-1.8807
-2.66166
-9.09895
-12.4197
-14.294
-15.1477
-15.2897
-14.8475
-13.3385
-10.0463
-2.86171
699.185
693.896
690.274
688.305
684.401
681.252
679.165
677.139
674.666
671.757
668.551
665.204
662.026
658.853
656.072
653.201
650.923
649.176
647.885
646.566
645.451
638.683
632.812
627.944
623.138
619.721
616.958
614.768
612.776
610.734
611.926
616.604
625.627
638.211
649.663
657.237
662.792
667.679
673.453
676.31
681.911
678.594
675.416
672.423
668.794
663.238
661.027
659.214
657.002
653.744
649.923
645.991
642.308
638.771
635.49
632.306
629.595
627.061
624.446
620.861
622.568
616.905
607.923
604.051
599.57
595.687
592.548
589.447
588.368
587.578
586.463
586.864
594.753
607.193
619.1
630.623
640.224
647
652.564
655.57
665.088
660.793
657.132
653.114
648.869
644.951
642.386
640.85
638.078
633.682
629.318
624.691
621.137
617.582
614.065
610.728
608.032
605.138
602.093
600.388
598.153
592.424
586.859
583.778
579.819
575.936
571.722
569.847
567.821
565.637
564.951
567.226
571.181
580.994
590.247
599.769
610.616
617.501
624.265
628.085
643.061
639.307
635.217
630.72
626.343
621.368
618.151
616.079
613.33
609.542
605.523
602.063
598.517
595.138
591.701
588.408
585.398
582.521
579.936
579.017
575.804
570.764
564.928
558.543
554.394
551.461
545.348
544.335
542.069
541.042
540.551
541.097
544.932
552.343
560.226
568.546
575.067
580.81
586.467
590.045
623.894
619.616
614.879
609.844
604.258
598.57
597.815
596.645
590.407
585.997
581.953
578.131
574.307
570.876
567.718
564.619
561.977
560.064
558.362
556.537
554.282
550.926
545.806
540.61
535.897
530.055
524.291
520.5
517.828
519.551
523.327
525.358
529.82
537.312
545.147
549.286
555.276
559.133
564.543
567.431
604.765
600.563
596.398
591.613
587.275
582.005
578.852
579.251
567.945
563.849
558.575
553.932
549.086
544.911
541.412
538.498
536.82
536.227
535.739
535.345
533.95
531.477
528.447
525.115
523.63
519.882
512.719
510.98
511.976
512.727
520.308
518.284
523.483
529.196
535.32
541.023
545.869
550.602
549.876
555.099
585.196
581.061
576.791
573.028
568.818
564.113
559.784
560.574
545.546
539.78
534.856
529.047
522.842
517.541
513.203
509.908
508.182
509.009
510.763
511.598
512.361
512.663
512.022
509.835
506.972
504.904
504.399
504.666
505.212
505.383
507.303
511.028
515.311
519.978
525.353
530.592
535.009
543.783
541.982
545.235
567.479
561.864
558.635
554.825
549.951
545.231
538.302
536.823
525.906
513.95
508.963
502.938
498.515
492.568
486.147
482.046
479.92
482.062
485.52
486.973
487.254
488.03
490.992
492.232
492.203
491.898
492.261
493.84
495.243
496.985
499.125
502.483
506.026
510.439
515.463
519.909
523.912
532.491
528.356
529.665
539.33
537.454
534.73
530.937
525.952
523.703
518.386
509.319
503.567
490.807
489.57
483.307
485.78
483.649
478.058
472.325
468.11
467.863
471.385
473.509
472.255
467.825
472.876
474.16
474.343
473.579
473.477
476.168
480.045
484.044
488.038
491.78
496.382
500.297
505.148
508.52
511.394
517.504
512.257
512.883
511.801
508.236
504.298
501.314
497.995
494.504
489.876
485.269
478.955
472.716
468.136
464.176
463.345
463.002
462.748
461.584
459.176
458.929
461.051
463.439
464.922
466.927
469.585
474.081
475.554
471.129
460.58
464.038
469.247
473.979
478.124
481.74
485.27
491.475
491.762
496.182
496.676
502.355
496.564
497.421
483.355
478.815
474.128
470.265
466.844
462.869
461.118
457.165
453.112
448.235
445.029
442.945
442.469
442.758
443.491
443.98
445.243
446.451
451.202
452.377
453.597
454.707
452.625
455.589
463.323
455.41
458.91
458.649
459.714
464.545
468.41
471.108
474.831
478.286
478.828
482.775
483.009
488.765
482.751
483.728
451.671
444.329
439.285
436.193
434.415
433.174
430.845
425.872
423.378
421.976
420.154
419.396
419.245
419.646
420.234
421.67
423.767
425.471
428.261
431.041
432.854
432.791
432.474
433.639
436.522
438.366
443.312
446.044
448.612
452.303
457.316
457.046
460.594
462.363
467.092
469.082
476.385
476.746
470.484
471.801
413.035
411.603
400.003
399.282
400.134
399.953
397.846
393.967
390.836
391.067
392.483
393.698
394.524
394.372
397.236
398.126
397.899
399.862
401.185
402.786
404.181
405.035
405.104
404.482
408.33
414.03
421.142
425.562
429.619
432.597
436.61
442.028
446.202
448.515
453.745
456.126
469.324
469.98
460.495
461.547
372.828
369.928
370.427
372.459
370.914
371.903
371.243
370.952
374.923
367.717
364.141
366.122
367.026
367.057
367.034
368.681
368.801
368.593
368.236
371.076
374.609
379.31
382.033
381.432
382.345
389.188
397.017
405.02
410.599
416.024
420.439
423.437
430.285
435.81
439.973
442.971
458.356
457.457
450.007
449.795
339.983
340.296
343.261
345.893
358.117
358.855
357.556
356.415
356.163
356.715
354.382
350.359
350.453
346.97
340.417
342.157
340.843
336.163
331.038
334.623
337.129
336.655
335.901
334.466
347.774
360.855
371.105
383.518
393.214
401.179
407.107
409.34
414.866
420.569
425.283
429.225
440.183
440.215
434.674
435.033
325.782
321.768
320.922
323.415
327.599
328.847
332.59
337.073
333.737
333.011
335.241
329.961
332.437
330.736
322.738
332.247
329.085
332.639
322.047
323.39
317.832
311.32
313.339
320.715
322.544
320.629
355.222
363.049
377.84
386.669
392.047
393.822
397.986
402.051
405.802
409.612
421.833
423.28
414.758
416.07
294.204
286.427
285.176
286.768
289.084
292.832
297.394
298.192
297.018
296.152
299.583
301.652
306.867
308.69
313.814
314.989
322.402
324.654
326.977
313.801
310.47
311.651
312.717
314.862
313.92
305.274
332.907
351.073
366.061
380.248
375.756
378.255
379.024
380.496
381.461
382.364
408.257
391.957
388.139
387.75
251.195
248.85
249.624
252.313
257.25
262.165
264.143
262.268
262.462
265.458
275.134
284.315
291.467
293.36
292.285
312.954
315.593
323.532
317.641
307.508
307.419
309.074
310.054
311.158
308.552
303.957
316.459
331.609
349.569
355.374
357.628
358.386
357.716
357.201
354.124
354.2
371.001
352.135
360.912
361.296
253.459
252.028
252.613
244.759
241.801
242.545
244.97
238.175
236.402
248.502
256.831
263.139
268.098
275.409
285.768
291.127
305.654
311.975
299.891
301.12
302.573
303.773
304.574
303.799
303.042
304.173
311.05
321.528
332.802
340.544
339.481
336.962
336.583
338.24
339.378
342.151
344.185
337.48
345.225
348.573
258.551
247.075
245.257
241.525
236.847
239.783
239.156
244.172
247.775
252.946
260.576
263.752
266.786
269.465
269.092
284.588
285.714
288.043
293.706
296.128
297.267
297.427
297.158
297.393
297.646
299.46
303.526
313.342
321.327
325.223
325.017
333.288
334.547
334.65
335.84
338.438
343.449
334.839
339.947
343.146
274.803
240.396
241.401
231.677
232.32
232.54
235.562
236.479
237.317
237.405
238.186
240.559
244.906
252.752
256.042
258.374
269.206
284.612
289.658
289.846
287.442
287.69
287.763
287.599
289.012
291.824
300.513
305.763
306.089
314.849
312.332
324.744
327.971
330.442
335.992
338.106
338.072
333.909
333.274
335.424
260.057
230.679
227.517
223.654
213.542
212.975
213.748
216.375
218.342
221.676
223.164
224.95
228.347
232.975
237.673
251.185
258.418
262.107
261.932
268.415
270.553
271.927
273.403
274.74
276.647
278.833
287.448
289.873
290.624
296.443
298.962
304.178
310.064
316.23
320.646
324.814
324.556
319.005
317.56
320.682
241.82
217.003
216.788
215.567
212.24
210.883
203.938
197.52
198.357
203.638
207.982
212.528
216.522
222.204
229.37
233.466
236.891
245.521
248.52
251.746
253.928
255.81
257.807
259.997
262.622
265.727
269.041
273.087
272.325
276.869
281.618
286.899
292.673
299.056
304.512
307.341
304.335
308.237
307.756
305.76
221.933
208.425
209.754
207.038
202.905
196.955
185.89
175.568
177.863
193.117
196.392
204.605
215.73
218.871
217.832
225.437
229.228
232.775
235.332
237.448
238.856
240.253
241.938
244.419
246.809
249.285
250.373
254.023
256.268
258.164
262.675
268.154
273.716
278.972
283.19
290.578
294.017
294.902
296.118
296.711
217.071
208.278
213.588
213.52
191.964
198.204
194.638
185.899
185.62
192.531
201.996
204.46
203.49
208.629
213.167
216.628
218.877
220.978
222.662
223.768
224.334
225.609
227.127
228.217
229.087
232.662
236.722
233.294
236.25
239.612
244.061
248.564
252.892
257.856
264.324
271.728
271.082
275.019
278.792
279.578
208.849
201.774
219.696
216.14
204.855
205.211
202.85
200.226
203.008
197.049
197.271
198.832
201.597
204.192
205.074
205.242
206.086
207.171
208.013
209.065
210.945
211.618
212.489
212.263
214.086
217.277
219.297
216.641
221
223.188
226.36
230.171
233.841
235.338
239.42
243.99
248.543
252.778
257.028
259.126
200.252
202.921
209.656
230.018
211.137
211.149
205.677
200.198
196.246
194.781
194.421
194.92
195.039
193.939
192.55
190.632
189.861
191.81
193.858
196.966
198.532
199.034
199.767
199.058
202.864
201.575
201.662
202.751
202.43
202.868
203.969
205.704
207.367
209.117
211.407
214.639
219.868
225.14
230.551
234.343
196.73
202.038
207.92
214.057
224.97
221.283
211.429
203.874
197.525
193.768
190.584
187.783
184.58
181.368
179.459
178.064
179.903
182.874
184.744
186.242
187.215
187.377
184.904
186.797
186.373
184.895
184.143
184.081
184.46
184.03
181.14
180.886
180.705
179.708
180.833
183.137
188.913
194.493
202.375
206.232
194.3
199.132
203.89
207.932
208.019
217.1
220.594
212.41
195.162
188.311
184.39
182.478
176.602
171.23
170.781
171.932
173.432
176.693
177.117
177.079
176.015
175.334
173.428
171.116
169.012
168.026
167.412
166.499
164.776
162.949
159.698
155.795
153.838
152.589
152.493
152.293
155.705
161.293
167.08
171.388
191.427
193.82
195.511
197.101
198.117
198.992
195.602
187.346
188.509
175.005
178.631
174.823
167.032
168.648
161.894
158.715
169.445
169.045
169.553
168.53
164.028
162.861
159.947
157.334
155.64
153.183
150.707
147.764
143.604
139.449
134.917
131.933
128.694
125.903
124.234
122.474
127.247
132.827
134.014
136.684
188.23
187.344
185.851
185.047
183.12
179.658
173.394
166.996
156.588
159.243
161.267
161.495
162.05
161.771
160.254
159.77
156.633
161.712
161.326
158.146
156.119
151.974
150.707
147.608
143.73
138.901
135.697
130.103
122.49
114.758
109.518
104.558
100.411
95.51
94.946
95.4815
96.0468
101.068
105.743
106.52
184.932
182.964
177.722
175.253
171.931
167.545
162.085
155.481
147.446
152.173
158.049
158.783
158.774
158.505
157.523
157.146
154.477
150.505
152.973
151.341
149.34
147.875
145.539
140.167
133.332
124.697
115.373
104.965
95.8924
85.1364
77.8823
76.2907
77.501
75.7621
73.6673
72.9669
76.9178
81.5734
86.0055
89.2496
176.492
171.75
167.958
166.115
164.023
161.166
157.008
152.137
148.429
150.988
154.864
155.946
156.203
156.039
155.728
155.457
151.884
144.354
144.653
144.528
143.764
140.405
137.853
132.204
123.388
110.758
94.8906
80.7359
72.1893
66.7825
71.9146
70.7197
67.0746
66.3105
69.5933
70.0904
67.5613
73.6745
78.8076
83.4959
158.97
158.164
158.139
157.994
156.696
154.58
151.719
148.079
144.643
143.7
148.182
153.698
154.668
152.83
149.466
144.469
137.834
134.677
133.539
132.37
130.837
128.563
125.638
115.73
105.339
96.8609
80.7368
68.141
60.4773
56.211
59.7103
63.2283
59.6559
60.7258
64.5266
66.3662
64.7448
68.8586
76.4554
79.6271
161.332
152.061
148.776
147.761
145.964
143.279
141.555
138.786
135.354
133.219
132.437
133.114
133.45
134.093
133.147
130.473
126.308
121.526
117.206
113.27
108.99
103.987
99.139
95.1804
89.6989
82.6393
73.937
66.5807
60.2419
56.0029
56.4939
59.9954
56.9845
59.5807
62.3058
64.8182
64.2875
69.355
75.2652
78.5857
162.908
140.843
136.995
133.474
129.523
125.685
124.27
121.977
119.595
118.069
117.875
117.907
117.67
116.999
115.537
113.068
109.235
104.39
98.4263
91.676
84.2953
79.9788
80.8355
75.8585
69.3435
65.2098
63.9189
60.5945
54.835
51.7511
53.8607
55.9092
52.077
60.9091
62.7334
61.7111
64.0005
69.9602
74.6105
77.6775
148.331
137.125
127.779
119.856
111.631
113.096
114.794
103.467
101.369
99.5923
99.3473
99.4576
99.1736
98.06
96.3405
94.1149
91.079
86.9074
81.2848
73.8831
72.3457
74.1688
76.2533
72.5339
68.4872
62.321
54.5145
50.7739
49.8732
46.5118
52.4508
51.1067
44.9461
67.2769
55.3103
59.9415
64.6676
70.9746
76.3557
80.5778
155.498
133.413
122.843
109.842
100.404
98.5509
95.4515
89.6237
82.9128
78.4587
77.9315
78.6102
79.0141
78.7751
77.6351
75.9899
73.8633
70.9174
67.3142
62.7143
60.8623
68.1049
69.0228
63.7595
56.5412
52.2005
45.9379
37.6316
32.8698
33.8195
43.9496
37.9874
55.7722
44.5203
56.6131
60.0746
65.3012
73.6057
82.6324
90.2568
144.472
131.151
117.765
100.862
87.7809
84.5546
79.9776
74.4026
69.0489
63.3326
58.2258
58.2483
59.7012
60.2049
60.3201
60.8069
59.3476
57.6953
56.1419
55.8462
59.4451
62.3239
63.6246
64.965
58.6869
44.9024
28.481
33.7526
17.8975
12.693
25.4091
42.5732
42.8917
49.9301
52.2068
47.6362
54.5651
66.1418
76.1606
81.8472
115.957
117.643
113.865
99.0105
78.5932
71.6501
65.3838
60.0001
54.8439
50.0901
45.3138
41.5193
45.1754
45.3841
45.3634
44.5673
44.0371
43.0782
41.9193
42.4122
45.263
48.6927
51.6364
53.7323
44.2464
27.6008
19.1098
17.8111
12.8991
7.83269
7.74751
15.7898
26.5564
33.4327
48.05
40.5886
44.2718
51.4736
53.723
56.0064
77.8723
85.3173
84.26
80.1801
75.5831
62.2144
49.6007
44.2677
41.0333
37.4725
32.767
31.354
29.5423
27.8859
27.8063
26.9783
27.6087
26.5906
23.7696
19.7593
15.9081
11.0781
6.36781
12.2712
11.3987
9.44138
11.4451
9.27376
5.55231
3.03252
-0.702467
4.53882
6.75775
7.69743
19.3315
23.3013
28.2552
30.5465
32.4935
34.1426
33.6933
32.7994
24.4989
42.7165
27.8758
21.7061
23.5126
21.5678
19.7611
19.6027
16.9827
12.5347
8.46506
5.62932
6.36812
7.28036
7.38431
7.71831
6.50144
4.51739
2.86454
0.823325
1.14177
0.685073
0.859245
1.19923
5.77051
2.39234
0.599958
0.64827
0.919683
1.51505
0.322593
2.10884
19.7282
19.043
14.4135
11.2867
12.8687
14.9831
4.78454
-27.5392
-10.9465
4.08444
3.23246
2.97264
-0.96914
-8.66581
-10.9719
-8.74297
-4.86054
-2.91802
-0.901687
-0.405152
-0.280856
0.52422
0.40615
0.365972
0.319492
0.303593
0.314544
0.34298
0.391301
0.396677
0.380196
0.522839
0.199058
0.25027
0.294916
0.30576
0.32429
0.323426
0.21937
7.35578
7.70001
3.0159
1.86434
1.8873
2.34432
3.33467
-5.46185
-11.841
-9.54204
-0.0566742
1.36605
-0.473385
-1.50369
-2.33173
-3.22053
-1.70955
0.0871101
-0.526675
-0.325605
0.318229
0.168232
0.160304
0.209942
0.227702
0.234528
0.238425
0.256425
0.258194
0.325355
0.33564
0.342527
0.2626
0.208966
0.23865
0.289016
0.299151
0.294282
0.306673
0.995322
0.0777086
0.0261502
0.0310871
0.121403
0.212324
0.23999
0.20966
18.8802
3.18403
3.89824
9.24931
9.0522
6.74119
4.4505
4.18314
2.06286
0.682789
-0.308968
0.00476195
0.0728004
0.120599
0.122743
0.126286
0.139008
0.152464
0.155074
0.152295
0.148452
0.158475
0.17338
0.171992
0.154597
0.15429
0.162944
0.150766
0.182526
0.112834
0.125333
0.141177
1.50896
-0.0326485
0.0506066
0.00432373
-0.0419015
-0.00231471
0.0347544
0.0367131
-0.986557
-1.48298
2.38724
7.66309
8.68257
5.95341
4.77307
2.9582
-0.313544
0.200773
0.0512142
0.0790029
0.0912346
0.0990421
0.105484
0.108482
0.10607
0.103759
0.0977163
0.0741722
0.0407808
0.00865851
-0.0147387
-0.0322714
-0.0537403
-0.0508276
0.0338121
0.00255034
0.0192487
-0.0495949
-0.0371111
-0.0128984
0.873303
-0.0254
-0.0392195
-0.0717861
-0.0854496
-0.0919697
-0.00814283
-0.0206771
0.172901
0.259897
0.46591
3.64759
3.33818
2.13486
0.361755
0.150126
0.0687739
0.107589
0.0989464
0.0648914
0.082256
0.0877974
0.0806028
0.0627392
0.0422656
0.033026
0.0121638
-0.0363737
-0.0926044
-0.151978
-0.200343
-0.223909
-0.229999
-0.204299
-0.133542
-0.144412
-0.115845
-0.162368
-0.148834
-0.136801
-0.105544
-0.116204
-0.109064
-0.116496
-0.120548
-0.118039
-0.0736508
-0.076148
0.0813703
0.109997
0.0932544
0.0589562
-0.0767654
-0.0281671
-0.0119207
0.0203799
0.0206605
0.0350813
0.0419196
0.0461552
0.0447866
0.0584664
0.0570585
0.0245515
-0.0190778
-0.0875581
-0.147069
-0.186173
-0.211231
-0.246014
-0.28935
-0.307038
-0.304532
-0.269393
-0.237474
-0.212915
-0.175514
-0.209758
-0.203186
-0.181767
-0.173417
-0.155393
-0.153938
-0.147086
-0.141546
-0.117222
-0.104839
-0.0951107
0.0543391
0.0488
0.0311119
0.0448679
0.00239128
-0.0167051
-0.0181123
0.00502905
0.0120403
0.0138228
0.00697833
-0.00367067
0.00407209
-0.0162953
-0.0498169
-0.0945329
-0.154066
-0.206311
-0.22629
-0.252426
-0.277612
-0.297222
-0.310882
-0.317851
-0.315784
-0.292255
-0.276828
-0.264537
-0.208832
-0.235669
-0.229366
-0.194017
-0.174804
-0.169839
-0.16579
-0.158092
-0.150244
-0.0780359
-0.0961164
-0.0670381
0.0496992
0.0363202
0.0286605
0.027993
0.0278362
0.0142326
-0.00474617
-0.0131456
-0.0256514
-0.0361892
-0.0511744
-0.0751533
-0.072789
-0.11488
-0.182915
-0.199912
-0.223694
-0.251054
-0.274565
-0.297221
-0.316408
-0.329754
-0.336781
-0.336499
-0.329008
-0.31477
-0.298702
-0.283197
-0.226076
-0.238061
-0.21059
-0.169701
-0.146151
-0.139715
-0.136332
-0.131501
-0.119278
-0.0631348
-0.0870989
-0.0633056
-0.0143562
-0.012255
-0.0116141
-0.00741012
0.000739825
-0.00316228
-0.0143796
-0.0346017
-0.0521675
-0.0663477
-0.096389
-0.144457
-0.142602
-0.21007
-0.220087
-0.235154
-0.257102
-0.28192
-0.304372
-0.324408
-0.339834
-0.348412
-0.351244
-0.34796
-0.338299
-0.322706
-0.3031
-0.281295
-0.251816
-0.194554
-0.166388
-0.116211
-0.0995176
-0.0950068
-0.103021
-0.121157
-0.0892716
-0.078172
-0.0820882
-0.0712104
-0.0320571
-0.0362368
-0.0453353
-0.0455982
-0.0383771
-0.0462334
-0.0556528
-0.0722203
-0.0889981
-0.104381
-0.12172
-0.189314
-0.156339
-0.249556
-0.251073
-0.253877
-0.266297
-0.287267
-0.310703
-0.333494
-0.352577
-0.364231
-0.361806
-0.352787
-0.335052
-0.32314
-0.301738
-0.281505
-0.25833
-0.223871
-0.154836
-0.11602
-0.10009
-0.106413
-0.127372
-0.105631
-0.0994972
-0.0987794
-0.0919439
-0.0917035
-0.0657307
-0.0711643
-0.0875044
-0.113628
-0.105647
-0.102385
-0.116506
-0.131889
-0.15063
-0.174355
-0.151664
-0.189074
-0.189202
-0.232305
-0.231593
-0.233146
-0.246122
-0.267552
-0.290679
-0.31589
-0.331036
-0.332873
-0.343448
-0.348029
-0.333658
-0.318783
-0.301823
-0.284361
-0.265634
-0.247759
-0.21554
-0.187704
-0.164492
-0.13286
-0.119533
-0.128333
-0.127292
-0.114976
-0.111257
-0.120357
-0.0964757
-0.105186
-0.12271
-0.144209
-0.15128
-0.151396
-0.161875
-0.172776
-0.183709
-0.198157
-0.209134
-0.192779
-0.189964
-0.192277
-0.195613
-0.199245
-0.209599
-0.228512
-0.24608
-0.265584
-0.286402
-0.299144
-0.31721
-0.325912
-0.324723
-0.319492
-0.309261
-0.295055
-0.277265
-0.252093
-0.233423
-0.201949
-0.176271
-0.170899
-0.161243
-0.151225
-0.155549
-0.151403
-0.15567
-0.149305
-0.118341
-0.128766
-0.13969
-0.149739
-0.157736
-0.157191
-0.166662
-0.185291
-0.197048
-0.210992
-0.211028
-0.209158
-0.193757
-0.184481
-0.183649
-0.189448
-0.201232
-0.216815
-0.228898
-0.248811
-0.274623
-0.298935
-0.310625
-0.318369
-0.322116
-0.321512
-0.316092
-0.308213
-0.296051
-0.249427
-0.245409
-0.252757
-0.228363
-0.212028
-0.203213
-0.195365
-0.201067
-0.190399
-0.188341
-0.193296
-0.145229
-0.150698
-0.154727
-0.158341
-0.162161
-0.169078
-0.181039
-0.195754
-0.210481
-0.224666
-0.229702
-0.226796
-0.214559
-0.203947
-0.204343
-0.211548
-0.221782
-0.23234
-0.254922
-0.270285
-0.288745
-0.309391
-0.32005
-0.328034
-0.331755
-0.332002
-0.329849
-0.32534
-0.319091
-0.315187
-0.306862
-0.293997
-0.279561
-0.264703
-0.256562
-0.247354
-0.244354
-0.242525
-0.241736
-0.241978
-0.170324
-0.172073
-0.176842
-0.180225
-0.183117
-0.193818
-0.204744
-0.218271
-0.231473
-0.248106
-0.257337
-0.25479
-0.24222
-0.239414
-0.246287
-0.250133
-0.261342
-0.261488
-0.273587
-0.305254
-0.30813
-0.318774
-0.342739
-0.349097
-0.351806
-0.352178
-0.349503
-0.342521
-0.337163
-0.329498
-0.323078
-0.316731
-0.308866
-0.299391
-0.291331
-0.283995
-0.280476
-0.275949
-0.273865
-0.274216
-0.193163
-0.201992
-0.207865
-0.212865
-0.217759
-0.22711
-0.238486
-0.251438
-0.24245
-0.260577
-0.291793
-0.285206
-0.276241
-0.283172
-0.281565
-0.290572
-0.301203
-0.314803
-0.338727
-0.343013
-0.36173
-0.339533
-0.368103
-0.377395
-0.378173
-0.377252
-0.372622
-0.365413
-0.356796
-0.348615
-0.341476
-0.33686
-0.332876
-0.33039
-0.327485
-0.322141
-0.322144
-0.321123
-0.314954
-0.307861
-0.231096
-0.241137
-0.243952
-0.251717
-0.257021
-0.264713
-0.274382
-0.282379
-0.269915
-0.320052
-0.328318
-0.328873
-0.330774
-0.329858
-0.339625
-0.353597
-0.368892
-0.378569
-0.38491
-0.406663
-0.40064
-0.407107
-0.407986
-0.405154
-0.403769
-0.401332
-0.396496
-0.390003
-0.380831
-0.371497
-0.365142
-0.360118
-0.354393
-0.358542
-0.361367
-0.359376
-0.365893
-0.35863
-0.357841
-0.357107
-0.275455
-0.286951
-0.293343
-0.298247
-0.305755
-0.308895
-0.317456
-0.329771
-0.343694
-0.36267
-0.366236
-0.375519
-0.383681
-0.386025
-0.398813
-0.417479
-0.426338
-0.431571
-0.44212
-0.442296
-0.437901
-0.435651
-0.437444
-0.436632
-0.437258
-0.43237
-0.429727
-0.425106
-0.40247
-0.399497
-0.396523
-0.38959
-0.385806
-0.394779
-0.395703
-0.398459
-0.423685
-0.417131
-0.416163
-0.414653
-0.326778
-0.337151
-0.346832
-0.350709
-0.354522
-0.360509
-0.357274
-0.37169
-0.37267
-0.387159
-0.403379
-0.416677
-0.430014
-0.427852
-0.425617
-0.457801
-0.459919
-0.467764
-0.474194
-0.476626
-0.481509
-0.470747
-0.468844
-0.469176
-0.479593
-0.463811
-0.469964
-0.475195
-0.473719
-0.476225
-0.47373
-0.469234
-0.464845
-0.460807
-0.462111
-0.46929
-0.468222
-0.489049
-0.483182
-0.47927
-0.392673
-0.392811
-0.400467
-0.402299
-0.400183
-0.402545
-0.409423
-0.394038
-0.420169
-0.430534
-0.444622
-0.458973
-0.473835
-0.479189
-0.467334
-0.489532
-0.49544
-0.50821
-0.518055
-0.524599
-0.531683
-0.523937
-0.529788
-0.539561
-0.542355
-0.544852
-0.543039
-0.548829
-0.550688
-0.560346
-0.570583
-0.572996
-0.571559
-0.559864
-0.538604
-0.529154
-0.535227
-0.530857
-0.543235
-0.535638
-0.464598
-0.454394
-0.453891
-0.454163
-0.45341
-0.451291
-0.456279
-0.423743
-0.461774
-0.474099
-0.485377
-0.499101
-0.51294
-0.524416
-0.525783
-0.520271
-0.54443
-0.55045
-0.559182
-0.568926
-0.575472
-0.578035
-0.581494
-0.586192
-0.599411
-0.597649
-0.591388
-0.578807
-0.578474
-0.588062
-0.599096
-0.608247
-0.612013
-0.615962
-0.6113
-0.58161
-0.587836
-0.577065
-0.577679
-0.579939
-0.514896
-0.507551
-0.502996
-0.500446
-0.499904
-0.498021
-0.501641
-0.4836
-0.491249
-0.515107
-0.52475
-0.535663
-0.548822
-0.562028
-0.572906
-0.585838
-0.593677
-0.59301
-0.610079
-0.619358
-0.615363
-0.619497
-0.618772
-0.620712
-0.62982
-0.623629
-0.615332
-0.618083
-0.621002
-0.624916
-0.631371
-0.63934
-0.646285
-0.646847
-0.640733
-0.635653
-0.602766
-0.610897
-0.602758
-0.605726
-0.543902
-0.542739
-0.541619
-0.541365
-0.541282
-0.541781
-0.544083
-0.54348
-0.544034
-0.552846
-0.560158
-0.569353
-0.582038
-0.594918
-0.608471
-0.621894
-0.638248
-0.658492
-0.661668
-0.657434
-0.65778
-0.658989
-0.657442
-0.645585
-0.628183
-0.628044
-0.625785
-0.622313
-0.617062
-0.609005
-0.615833
-0.658069
-0.674457
-0.670126
-0.664233
-0.657367
-0.650892
-0.631083
-0.633531
-0.633292
-0.562955
-0.569163
-0.57417
-0.577605
-0.580227
-0.582423
-0.585564
-0.589206
-0.590092
-0.591602
-0.595143
-0.607858
-0.614208
-0.625371
-0.639545
-0.653546
-0.668481
-0.684354
-0.701486
-0.679373
-0.684355
-0.693577
-0.717939
-0.693982
-0.706817
-0.69581
-0.700125
-0.711148
-0.711121
-0.707251
-0.674877
-0.691887
-0.720394
-0.706811
-0.69573
-0.687839
-0.685096
-0.676998
-0.664958
-0.669846
-0.59747
-0.601968
-0.608146
-0.612822
-0.617605
-0.621294
-0.625039
-0.629573
-0.631463
-0.632406
-0.63338
-0.633496
-0.642147
-0.661974
-0.672868
-0.681012
-0.696006
-0.708779
-0.722955
-0.723151
-0.73954
-0.731846
-0.751377
-0.764799
-0.771905
-0.706534
-0.751605
-0.743909
-0.743856
-0.747022
-0.752413
-0.752501
-0.746842
-0.738283
-0.729413
-0.722999
-0.717988
-0.713935
-0.708343
-0.705954
-0.639129
-0.640345
-0.645244
-0.649587
-0.653947
-0.658049
-0.66182
-0.666304
-0.672384
-0.674832
-0.68075
-0.686523
-0.684056
-0.684325
-0.687412
-0.700348
-0.717125
-0.727355
-0.733111
-0.742466
-0.751037
-0.754993
-0.764872
-0.758717
-0.775709
-0.765323
-0.764628
-0.763315
-0.762531
-0.764134
-0.767995
-0.76776
-0.76221
-0.757048
-0.752789
-0.749493
-0.746415
-0.743022
-0.740355
-0.739402
-0.673639
-0.674614
-0.678693
-0.682979
-0.687727
-0.691123
-0.692943
-0.694658
-0.697365
-0.700088
-0.702165
-0.703405
-0.711275
-0.719793
-0.733561
-0.738776
-0.740286
-0.74446
-0.75177
-0.759482
-0.771479
-0.770049
-0.77394
-0.782794
-0.79201
-0.790683
-0.792105
-0.792904
-0.791851
-0.791002
-0.789776
-0.787318
-0.783633
-0.780976
-0.779494
-0.777884
-0.775461
-0.772428
-0.770246
-0.770013
-0.695842
-0.700723
-0.706782
-0.713555
-0.719533
-0.723929
-0.7258
-0.725575
-0.724438
-0.723138
-0.72294
-0.726634
-0.741105
-0.7536
-0.763687
-0.768538
-0.77693
-0.783668
-0.788526
-0.79341
-0.789776
-0.801019
-0.817533
-0.824568
-0.827018
-0.827067
-0.827993
-0.826075
-0.820789
-0.816466
-0.815884
-0.813766
-0.811252
-0.809644
-0.808589
-0.808576
-0.805681
-0.803708
-0.798731
-0.800826
-0.713233
-0.723717
-0.733744
-0.742673
-0.750507
-0.757428
-0.761696
-0.762849
-0.760864
-0.756364
-0.756997
-0.761205
-0.769821
-0.778004
-0.790996
-0.808594
-0.811024
-0.815841
-0.829367
-0.844848
-0.852992
-0.856671
-0.85962
-0.861168
-0.8621
-0.862867
-0.863951
-0.863584
-0.859134
-0.856355
-0.853048
-0.849013
-0.844904
-0.841233
-0.838645
-0.842179
-0.83831
-0.838282
-0.833126
-0.83701
-0.735023
-0.750363
-0.762542
-0.77307
-0.782235
-0.790905
-0.798586
-0.80468
-0.808931
-0.803864
-0.801196
-0.813992
-0.828681
-0.85191
-0.860902
-0.860729
-0.867715
-0.875538
-0.881865
-0.884091
-0.88594
-0.888329
-0.891108
-0.89404
-0.895894
-0.896512
-0.898419
-0.902631
-0.895
-0.893551
-0.890735
-0.886795
-0.882526
-0.87869
-0.874996
-0.870917
-0.871882
-0.875171
-0.874081
-0.876865
-0.775975
-0.786668
-0.796909
-0.806913
-0.815845
-0.825269
-0.836855
-0.85069
-0.867083
-0.87411
-0.878839
-0.88472
-0.896973
-0.897221
-0.897478
-0.898467
-0.901528
-0.905943
-0.908985
-0.912551
-0.916256
-0.919665
-0.92271
-0.925568
-0.928567
-0.923645
-0.924776
-0.933203
-0.922692
-0.93146
-0.92971
-0.925526
-0.920981
-0.916286
-0.911878
-0.907557
-0.909541
-0.911232
-0.911496
-0.909933
-0.796254
-0.820262
-0.832379
-0.844692
-0.848693
-0.864335
-0.876591
-0.893054
-0.913473
-0.933147
-0.923444
-0.938542
-0.940437
-0.937592
-0.93723
-0.935817
-0.93489
-0.938601
-0.941981
-0.943249
-0.946835
-0.950434
-0.954266
-0.957159
-0.961264
-0.952221
-0.964808
-0.966984
-0.967225
-0.967655
-0.965602
-0.967723
-0.961665
-0.955791
-0.951074
-0.94847
-0.949934
-0.94991
-0.950001
-0.94859
-0.853377
-0.867259
-0.876165
-0.888795
-0.892895
-0.90332
-0.917757
-0.931927
-0.946339
-0.964716
-0.974142
-0.976056
-0.975715
-0.976617
-0.97692
-0.97729
-0.977875
-0.976979
-0.978327
-0.97978
-0.982294
-0.985932
-0.991433
-0.998248
-0.998416
-1.00672
-1.0049
-1.00325
-1.004
-1.00152
-1.0056
-1.00347
-0.998282
-0.993966
-0.990944
-0.99082
-0.990056
-0.990556
-0.989874
-0.989349
-0.914825
-0.919368
-0.925357
-0.934805
-0.942086
-0.948235
-0.956334
-0.967507
-0.980192
-0.992117
-1.00026
-1.00635
-1.01206
-1.01162
-1.01394
-1.01688
-1.01476
-1.01358
-1.01814
-1.02184
-1.02533
-1.0309
-1.03745
-1.04103
-1.04411
-1.04627
-1.04373
-1.041
-1.03884
-1.04138
-1.04222
-1.04319
-1.04234
-1.03839
-1.03576
-1.03604
-1.03109
-1.03182
-1.02901
-1.03066
-0.961728
-0.965632
-0.970567
-0.976627
-0.983852
-0.996344
-1.00344
-1.00978
-1.02157
-1.03135
-1.03867
-1.04597
-1.04902
-1.05227
-1.05871
-1.0559
-1.05577
-1.05679
-1.05598
-1.05872
-1.06558
-1.06926
-1.07437
-1.07933
-1.0849
-1.08586
-1.08432
-1.08114
-1.07699
-1.07414
-1.08043
-1.08427
-1.0892
-1.08798
-1.08418
-1.07883
-1.07533
-1.07334
-1.07092
-1.0727
-1.00637
-1.01023
-1.01355
-1.0208
-1.02831
-1.03658
-1.04578
-1.05524
-1.0638
-1.07165
-1.07803
-1.08828
-1.08917
-1.09412
-1.09679
-1.09638
-1.09915
-1.09812
-1.09898
-1.10121
-1.10439
-1.10809
-1.10846
-1.11556
-1.11457
-1.1205
-1.11786
-1.11821
-1.11705
-1.11745
-1.11604
-1.12295
-1.12616
-1.12426
-1.12201
-1.11911
-1.11652
-1.11447
-1.11174
-1.11279
-1.04766
-1.05234
-1.05796
-1.06353
-1.07007
-1.0803
-1.08732
-1.09399
-1.10055
-1.10747
-1.11489
-1.12334
-1.12286
-1.13111
-1.13386
-1.13527
-1.13922
-1.13833
-1.13866
-1.14015
-1.14275
-1.14625
-1.14538
-1.15102
-1.15142
-1.15831
-1.15677
-1.15784
-1.15811
-1.15569
-1.15593
-1.15927
-1.16375
-1.16169
-1.15947
-1.15732
-1.15578
-1.14968
-1.15203
-1.1505
-1.1035
-1.10483
-1.10971
-1.11466
-1.11924
-1.12392
-1.13018
-1.1337
-1.13809
-1.14261
-1.14708
-1.15346
-1.1554
-1.1654
-1.16817
-1.17073
-1.17432
-1.17526
-1.17626
-1.17796
-1.18085
-1.1842
-1.1839
-1.18863
-1.18652
-1.19087
-1.1933
-1.19591
-1.20119
-1.20476
-1.19368
-1.19846
-1.2045
-1.20035
-1.197
-1.19442
-1.19262
-1.18411
-1.18834
-1.18679
-1.15129
-1.15664
-1.16008
-1.16198
-1.16381
-1.16815
-1.17177
-1.17244
-1.17419
-1.17723
-1.18009
-1.18449
-1.19165
-1.19624
-1.20017
-1.20403
-1.20768
-1.21043
-1.21178
-1.2159
-1.22012
-1.22237
-1.22349
-1.22479
-1.22456
-1.22438
-1.2296
-1.2303
-1.23333
-1.23673
-1.22375
-1.23267
-1.23975
-1.23629
-1.23271
-1.22951
-1.22858
-1.22291
-1.22483
-1.22417
-1.18974
-1.19411
-1.19796
-1.202
-1.20549
-1.20743
-1.20821
-1.20925
-1.21099
-1.21264
-1.21468
-1.21957
-1.2244
-1.22819
-1.23236
-1.23652
-1.24084
-1.24545
-1.24619
-1.25454
-1.25713
-1.25902
-1.25983
-1.26007
-1.26087
-1.26266
-1.2632
-1.26556
-1.26636
-1.26863
-1.27041
-1.27141
-1.27107
-1.26913
-1.26743
-1.26415
-1.26113
-1.26191
-1.26381
-1.2622
-1.2293
-1.23111
-1.23395
-1.23751
-1.24025
-1.24237
-1.24321
-1.24518
-1.24775
-1.24987
-1.25123
-1.2563
-1.2584
-1.2617
-1.26518
-1.26901
-1.273
-1.27838
-1.28368
-1.28801
-1.29111
-1.29338
-1.29422
-1.29403
-1.29466
-1.29701
-1.29074
-1.30107
-1.30277
-1.30321
-1.30434
-1.30474
-1.30461
-1.30411
-1.30282
-1.29925
-1.29867
-1.30172
-1.30171
-1.30116
-1.26465
-1.27154
-1.27367
-1.27581
-1.27845
-1.28009
-1.28094
-1.28155
-1.2828
-1.28468
-1.28686
-1.28891
-1.29183
-1.29394
-1.29808
-1.30165
-1.30575
-1.31062
-1.31536
-1.31946
-1.32247
-1.32448
-1.32526
-1.32454
-1.32384
-1.32144
-1.32464
-1.33442
-1.33565
-1.33685
-1.33786
-1.33852
-1.33931
-1.34038
-1.34059
-1.33695
-1.34049
-1.34016
-1.33909
-1.3395
-1.31122
-1.31074
-1.31261
-1.31707
-1.32005
-1.32005
-1.3198
-1.31942
-1.31941
-1.32008
-1.32169
-1.32468
-1.32678
-1.3305
-1.33294
-1.33661
-1.3408
-1.34509
-1.349
-1.35215
-1.355
-1.35693
-1.35802
-1.3539
-1.35723
-1.36045
-1.36633
-1.36958
-1.36998
-1.3708
-1.37146
-1.37234
-1.37383
-1.37558
-1.37365
-1.37487
-1.37496
-1.37547
-1.37612
-1.37539
-1.35886
-1.3608
-1.35958
-1.36213
-1.3624
-1.35978
-1.35802
-1.35708
-1.35772
-1.3589
-1.35931
-1.36178
-1.36426
-1.36638
-1.36992
-1.37395
-1.37766
-1.38129
-1.38432
-1.38708
-1.38956
-1.3916
-1.39422
-1.39239
-1.39549
-1.39848
-1.40349
-1.40463
-1.40536
-1.40577
-1.40616
-1.40644
-1.40691
-1.40811
-1.39968
-1.40791
-1.40981
-1.4104
-1.41264
-1.41284
-1.39616
-1.39919
-1.40196
-1.40256
-1.40124
-1.39943
-1.3982
-1.39752
-1.39682
-1.39821
-1.39889
-1.39999
-1.40286
-1.40171
-1.40783
-1.41285
-1.41576
-1.41863
-1.42068
-1.42275
-1.42398
-1.42609
-1.42895
-1.43291
-1.43298
-1.43409
-1.43451
-1.43892
-1.44097
-1.44083
-1.44082
-1.44063
-1.44135
-1.44267
-1.43959
-1.44185
-1.44611
-1.44657
-1.44811
-1.44957
-1.43401
-1.43662
-1.43874
-1.43987
-1.44054
-1.44052
-1.43965
-1.43995
-1.44168
-1.44029
-1.44036
-1.4413
-1.44117
-1.44287
-1.44934
-1.45245
-1.45415
-1.45578
-1.45665
-1.45681
-1.45738
-1.45856
-1.46071
-1.46448
-1.46966
-1.4744
-1.47374
-1.46603
-1.47793
-1.4757
-1.47748
-1.4775
-1.47847
-1.48146
-1.47978
-1.47936
-1.48421
-1.48406
-1.48479
-1.48617
-1.47439
-1.47649
-1.4787
-1.48056
-1.48245
-1.48365
-1.48233
-1.48476
-1.48411
-1.4839
-1.48391
-1.48519
-1.48736
-1.48926
-1.49209
-1.49383
-1.49513
-1.49568
-1.49487
-1.49257
-1.48972
-1.49142
-1.49691
-1.50078
-1.50336
-1.50827
-1.5115
-1.51371
-1.51449
-1.5168
-1.51847
-1.51578
-1.5195
-1.5174
-1.52027
-1.52191
-1.52149
-1.52279
-1.52259
-1.52277
-1.51876
-1.51998
-1.5213
-1.52318
-1.52454
-1.52613
-1.52713
-1.52773
-1.52828
-1.52868
-1.52936
-1.53143
-1.53379
-1.53601
-1.53849
-1.53877
-1.53937
-1.53973
-1.53545
-1.53063
-1.53158
-1.53413
-1.53758
-1.54059
-1.54673
-1.55078
-1.55282
-1.55421
-1.55544
-1.55662
-1.55754
-1.55767
-1.55871
-1.5531
-1.55793
-1.55794
-1.55903
-1.55856
-1.56132
-1.56032
-1.56394
-1.5641
-1.56507
-1.56599
-1.56747
-1.56867
-1.56989
-1.57127
-1.57272
-1.57293
-1.57453
-1.57688
-1.57959
-1.58252
-1.58446
-1.58336
-1.58459
-1.5858
-1.58173
-1.5815
-1.5835
-1.58668
-1.59042
-1.59319
-1.59473
-1.59553
-1.59847
-1.59783
-1.59702
-1.59657
-1.59605
-1.59555
-1.59519
-1.58853
-1.58913
-1.59614
-1.59911
-1.59868
-1.5996
-1.59918
-1.60603
-1.60667
-1.608
-1.60891
-1.61014
-1.61166
-1.61325
-1.61463
-1.617
-1.61719
-1.61841
-1.62135
-1.62417
-1.62668
-1.62656
-1.62711
-1.62906
-1.63135
-1.6331
-1.63241
-1.63282
-1.63484
-1.63746
-1.6396
-1.6414
-1.64235
-1.64391
-1.64177
-1.63949
-1.63827
-1.63755
-1.6375
-1.63429
-1.63335
-1.63351
-1.63628
-1.63928
-1.63921
-1.63881
-1.63852
-1.64753
-1.64882
-1.64988
-1.65119
-1.65256
-1.65414
-1.65569
-1.65771
-1.66031
-1.66137
-1.65724
-1.66526
-1.66605
-1.66682
-1.66782
-1.66891
-1.67079
-1.67307
-1.67575
-1.67854
-1.67957
-1.68013
-1.68122
-1.6829
-1.68512
-1.68678
-1.68783
-1.68415
-1.68054
-1.67857
-1.67788
-1.6789
-1.67339
-1.67395
-1.67827
-1.67989
-1.67879
-1.67746
-1.67734
-1.67664
-1.68909
-1.6901
-1.69123
-1.69256
-1.69396
-1.69549
-1.69708
-1.69874
-1.70035
-1.70165
-1.7036
-1.70464
-1.70569
-1.70721
-1.70706
-1.70828
-1.71093
-1.71365
-1.7159
-1.71936
-1.72192
-1.72253
-1.72344
-1.72505
-1.72809
-1.72897
-1.72954
-1.72299
-1.71811
-1.71606
-1.71677
-1.71899
-1.72011
-1.72032
-1.71914
-1.71751
-1.71608
-1.71518
-1.715
-1.71461
-1.72952
-1.73068
-1.73198
-1.73338
-1.73483
-1.73631
-1.73785
-1.73937
-1.74082
-1.74276
-1.74394
-1.74508
-1.74658
-1.74808
-1.74885
-1.74952
-1.75102
-1.75283
-1.75523
-1.75784
-1.75848
-1.76285
-1.76303
-1.75862
-1.76399
-1.76726
-1.76215
-1.7589
-1.75608
-1.75283
-1.75273
-1.757
-1.75599
-1.75544
-1.75426
-1.75403
-1.75319
-1.75288
-1.75214
-1.75273
-1.77042
-1.7716
-1.77284
-1.77414
-1.77548
-1.77682
-1.77814
-1.77954
-1.78106
-1.7825
-1.78368
-1.78492
-1.78623
-1.78756
-1.78875
-1.78981
-1.79113
-1.79224
-1.79284
-1.79593
-1.79645
-1.79823
-1.79974
-1.79915
-1.79816
-1.80173
-1.79814
-1.79898
-1.79553
-1.79484
-1.79493
-1.79483
-1.79645
-1.7923
-1.79299
-1.79042
-1.7889
-1.78911
-1.79023
-1.78988
-1.80546
-1.81111
-1.81268
-1.81444
-1.8159
-1.81712
-1.81826
-1.81943
-1.82065
-1.82189
-1.82301
-1.82404
-1.82503
-1.82599
-1.8269
-1.82773
-1.8286
-1.82957
-1.83049
-1.83042
-1.83041
-1.83156
-1.83221
-1.83309
-1.83385
-1.83588
-1.83847
-1.8382
-1.836
-1.83659
-1.83703
-1.83624
-1.83507
-1.83351
-1.83234
-1.83106
-1.83047
-1.82998
-1.82922
-1.82997
-1.85683
-1.85652
-1.85678
-1.85723
-1.85778
-1.8584
-1.8591
-1.85991
-1.86078
-1.86169
-1.86251
-1.86329
-1.86403
-1.86473
-1.86539
-1.86599
-1.86656
-1.86716
-1.8678
-1.86822
-1.86747
-1.86777
-1.86852
-1.86842
-1.86925
-1.87234
-1.8761
-1.87788
-1.87413
-1.87681
-1.87522
-1.87409
-1.87282
-1.87131
-1.87013
-1.86951
-1.86921
-1.86898
-1.86884
-1.86856
-1.88901
-1.89275
-1.89503
-1.89685
-1.89821
-1.89925
-1.90004
-1.90065
-1.90118
-1.90169
-1.90219
-1.90268
-1.90314
-1.90357
-1.90397
-1.90434
-1.90469
-1.90503
-1.90538
-1.90571
-1.90589
-1.90578
-1.90559
-1.90653
-1.90744
-1.90938
-1.91202
-1.91435
-1.91515
-1.91503
-1.91452
-1.91335
-1.91155
-1.90962
-1.90813
-1.90705
-1.90639
-1.90604
-1.9059
-1.90585
-1.94503
-1.94531
-1.94403
-1.94332
-1.94274
-1.9424
-1.9422
-1.9421
-1.94209
-1.94214
-1.94224
-1.94233
-1.94243
-1.94255
-1.94268
-1.94283
-1.94299
-1.94318
-1.94342
-1.94372
-1.94408
-1.94448
-1.94528
-1.94628
-1.94682
-1.94714
-1.9483
-1.94935
-1.94989
-1.94901
-1.94752
-1.94758
-1.94774
-1.94705
-1.94597
-1.94489
-1.94411
-1.94363
-1.94345
-1.94349
639.669
639.584
635.892
624.82
622.17
620.845
620.038
618.922
620.173
624.251
631.43
633.489
634.204
633.912
632.812
632.243
631.827
629.857
624.161
616.626
613.278
611.089
613.98
623.044
628.878
638.419
651.711
663.907
679.468
687.675
695.507
702.328
706.007
708.264
710.226
711.563
712.57
712.41
712.351
712.581
625.758
612.459
607.208
601.909
598.849
598.883
596.827
598.566
600.158
604.201
607.587
610.33
612.255
612.917
610.054
610.009
607.591
603.11
598.843
589.261
584.662
582.037
590.202
598.23
608.243
619.704
623.175
642.584
659.092
670.986
677.2
684.736
688.166
689.92
692.007
693.371
693.898
693.835
692.699
691.414
599.574
580.52
566.746
567.589
566.036
564.283
563.605
566.264
570.342
575.19
580.401
583.651
585.751
586.291
586.013
585.173
584.118
582.488
578.386
574.007
578.363
578.67
583.449
590.487
598.591
607.461
611.328
621.799
633.569
643.435
653.53
663.551
669.398
672.569
674.488
675.527
675.806
675.405
674.242
673.455
566.983
551.275
542.541
526.816
511.719
510.285
518.402
528.795
537.396
544.841
551.325
556.036
559.504
561.946
562.9
562.781
564.29
566.742
568.035
572.163
577.362
578.747
581.793
586.281
591.244
597.013
604.582
614.585
624.536
633.286
641.363
648.377
653.425
657.027
659.756
660.889
661.714
660.987
661.292
660.074
521.24
507.379
503.855
481.84
490.432
473.101
477.861
493.225
505.927
516.007
524.574
531.44
536.984
541.308
543.441
545.51
547.679
550.808
556.811
564.88
573.643
576.672
579.509
581.98
583.076
589.123
597.201
605.683
614.161
622.319
629.817
635.904
641.625
644.867
645.969
647.525
647.88
647.677
648.113
647.407
472.654
460.864
459.769
461.344
461.614
457.786
458.586
464.929
478.45
491.245
501.706
510.247
517.198
522.32
526.254
529.83
532.982
536.135
542.27
547.587
554.82
564.782
567.297
567.251
572.757
579.96
587.735
595.657
603.743
611.49
618.788
624.723
629.086
631.647
633.345
634.199
634.27
633.84
633.756
633.483
456.179
451.413
452.539
454.182
453.061
450.856
450.034
451.189
459.174
472.116
484.112
493.733
501.16
507.631
512.674
517.55
520.884
523.189
527.445
531.722
537.264
542.292
547.873
554.024
560.78
567.228
575.435
583.744
591.536
599.233
606.869
613.394
617.28
619.823
620.817
620.75
620.191
619.619
619.333
617.164
468.485
459.328
457.23
454.989
451.088
447.805
446.661
447.178
449.897
459.403
470.297
479.54
486.586
494.391
499.238
504.642
508.051
511.961
514.563
518.127
521.934
526.437
531.526
537.498
544.557
552.559
561.14
570.06
578.844
587.101
596.104
602.647
606.346
607.467
606.735
604.871
603.205
602.469
602.232
600.444
463.07
456.226
459.171
454.583
449.181
445.527
444.144
444.347
444.963
447.987
457.9
465.757
471.925
479.011
482.942
486.992
490.632
493.663
496.608
499.973
503.564
507.705
512.706
518.859
525.438
532.768
541.471
551.272
560.256
569.992
579.805
586.619
589.671
589.145
585.991
584.756
585.447
586.589
586.591
583.879
446.449
447.574
448.25
443.553
439.796
437.841
437.619
438.849
439.959
439.632
444.848
451.694
456.956
461.919
464.059
466.449
468.742
471.017
474.154
477.702
481.049
484.931
488.54
492.733
498.418
505.086
513.045
522.533
532.299
541.814
553.061
559.225
563.565
563.967
562.007
566.961
569.17
570.732
569.49
562.185
428.829
430.042
429.218
425.32
421.906
425.236
428.479
430.441
431.348
427.81
429.987
435.897
440.695
441.882
443.071
442.775
442.908
444.559
451.243
453.059
456.624
457.989
459.403
462.165
467.214
472.308
475.052
479.465
488.692
498.798
511.51
517.74
518.911
519.692
524.251
536.256
540.413
538.341
536.722
535.681
410.985
408.866
407.775
410.125
408.025
414.926
417.765
419.84
419.88
414.751
418.254
422.006
423.811
421.176
421.114
421.383
420.791
419.029
416.035
419.9
423.088
422.055
419.826
419.995
426.768
428.923
426.517
417.571
412.702
423.022
432.597
441.022
450.953
460.329
469.511
477.491
483.253
489.87
493.372
496.227
387.14
384.159
383.489
388.983
397.506
407.016
405.952
404.671
404.561
403.806
401.927
399.991
394.96
398.604
388.28
386.835
379.593
374.223
372.235
369.343
369.684
372.007
378.026
370.11
365.967
357.484
345.914
325.086
302.798
298.398
310.823
335.03
362.931
383.42
399.25
412.376
421.946
429.945
442.278
449.405
374.779
371.267
362.578
358.935
368.711
374.472
378.357
379.571
381.385
380.632
373.276
367.327
368.762
359.683
355.341
344.638
330.811
319.509
316.535
321.552
335.779
341.862
329.842
321.55
307.979
291.476
267.927
239.5
225.082
223.373
220.422
254.464
292.251
317.917
337.134
354.299
369.674
387.523
399.432
402.65
386.038
376.465
367.886
357.119
352.215
353.499
356.031
356.773
351.961
348.894
347.277
344.943
340.018
342.07
326.02
307.861
305.185
303.012
302.014
304.733
308.589
307.221
297.235
282.42
265.697
241.977
214.21
195.397
187.034
177.535
177.321
203.239
243.611
273.128
296.013
314.733
326.665
340.549
350.118
349.211
399.821
381.729
372.778
364.82
357.869
351.061
343.522
340.873
338.632
335.183
331.255
324.833
326.151
316.266
309.85
303.155
297.244
293.222
292.125
293.446
292.433
280.91
268.458
252.963
235.811
213.481
191.754
180.619
171.917
166.021
165.716
181.515
214.568
242.018
261.681
275.564
284.643
293.384
300.178
304.589
385.727
374.819
366.806
358.283
349.942
341.167
332.866
329.021
325.206
320.406
312.734
309.695
303.429
300.889
296.997
292.313
288.017
284.833
282.757
282.479
275.398
261.427
246.978
231.075
215.017
196.889
185.628
178.475
170.943
165.028
161.533
168.579
194.102
213.267
228.015
239.719
246.489
252.062
264.127
270.677
376.878
366.293
357.471
348.623
338.71
327.679
318.457
315.864
311.58
305.299
300.019
287.403
286.066
285.299
282.674
278.502
273.226
267.652
264.332
266.466
260.913
249.534
230.647
213.903
200.667
188.432
183.158
178.304
171.775
165.622
159.362
166.319
171.556
176.334
195.33
204.02
214.803
217.935
221.339
240.616
368.952
359.469
350.711
341.188
330.078
318.757
317.596
307.369
298.698
291.562
280.592
272.551
272.648
270.647
267.699
264.199
259.549
252.319
237.934
232.698
232.162
223.743
207.334
195.272
187.268
182.109
179.156
175.756
170.859
165.522
161.298
172.142
166.814
182.558
166.985
187.001
185.808
190.029
193.424
199.632
362.939
353.344
344.504
333.54
318.298
311.556
310.085
295.276
286.232
276.726
267.182
258.872
263.86
262.158
257.738
250.959
251.396
232.01
225.804
208.165
205.448
201.002
193.505
190.957
186.641
183.173
179.588
177.055
178
177.933
175.199
172.259
166.753
177.305
175.447
185.711
184.475
169.019
176.811
185.486
358.084
346.835
337.523
324.14
306.479
291.942
297.855
277.986
268.766
261.338
254.746
250.559
250.19
244.76
239.234
238.783
232.921
221.336
200.418
191.192
196.056
191.534
189.586
188.961
187.405
188.538
192.557
188.273
182.748
178.136
173.149
173.225
173.322
174.969
175.367
176.049
174.689
174.882
167.947
174.337
344.647
331.216
320.073
307.515
290.202
276.439
276.894
254.394
246.416
239.815
231.871
225.961
224.482
218.991
208.782
206.091
205.543
201.755
190.582
177.001
183.518
180.018
184.612
177.732
178.588
180.977
181.612
177.335
174.715
173.774
173.867
174.488
174.762
174.996
175.148
175.114
175.439
174.502
183.751
182.312
315.067
302.641
290.542
277.225
260.758
267.908
245.73
234.402
222.079
213.257
204.931
196.746
193.711
191.545
192.743
190.344
187.183
185.83
183.483
181.123
179.765
173.622
172.705
174.463
174.762
174.453
177.474
175.777
175.347
175.158
175.103
175.328
175.557
175.659
175.848
176.149
176.514
176.232
178.147
188.683
287.958
274.548
263.378
254.157
241.823
237.555
223.425
198.159
196.603
187.436
188.237
190.628
191.741
192.057
191.283
189.668
187.915
187.937
188.598
186.506
182.371
177.014
172.529
172.71
173.638
173.78
174.485
175.442
175.601
175.52
175.543
175.634
175.86
176.065
176.341
176.832
177.191
177.521
174.73
185.765
266.657
257.425
250.778
242.234
227.965
215.309
197.037
187.274
188.883
186.189
187.978
190.581
192.15
189.304
184.834
179.943
173.787
169.779
175.668
187.374
186.807
182.92
174.074
170.293
171.181
171.456
172.453
174.808
175.283
175.295
175.475
175.84
176.092
176.508
176.945
177.496
177.9
178.325
176.96
186.802
265.807
259.224
249.307
237.718
226.023
214.436
200.242
186.86
182.428
184.903
189.538
189.271
186.164
183.606
179.408
176.019
174.772
176.024
179.341
183.261
184.832
182.305
176.946
173.634
171.582
167.132
176.125
177.856
176.238
174.91
175.397
175.822
176.264
176.769
177.268
177.815
178.135
178.366
182.093
192.141
282.85
275.601
265.95
254.663
239.941
221.418
215.088
197.802
189.523
192.094
195.099
187.164
188.166
188.839
184.395
180.925
179.236
178.986
179.106
180.123
181.573
182.199
181.195
179.51
177.813
173.675
186.324
183.321
179.051
189.537
176.968
176.013
176.453
176.497
176.851
177.315
177.815
178.193
187.061
194.892
288.941
283.669
272.233
263.454
250.379
233.481
224.128
199.72
193.541
203.053
188.187
186.658
187.425
186.04
183.618
181.334
180.742
180.611
180.432
180.922
182.049
183.774
186.619
189.622
191.542
205.673
205.65
200.542
199.022
198.071
193.673
191.087
177.211
175.167
175.557
175.751
176.94
178.562
191.308
196.353
274.954
271.726
263.43
252.334
241.334
229.33
214.756
198.126
195.992
193.855
181.58
182.713
182.961
182.695
182.509
181.426
180.959
180.707
180.693
181.3
183.652
185.617
189.47
196.114
201.074
203.281
202.234
199.099
192.877
190.1
187.835
187.089
174.069
173.038
173.309
173.228
174.011
180.918
187.321
183.85
245.193
243.204
238.438
230.78
222.484
212.746
202.364
193.308
189.003
181.102
176.784
176.87
177.751
179.234
180.033
178.76
177.083
176.111
175.74
178.573
183.226
186.281
188.074
186.404
182.241
183.018
183.042
180.363
175.499
170.557
169.298
171.192
171.069
171.187
171.168
170.894
170.997
177.652
180.381
163.894
215.073
213.621
210.194
205.295
199.876
194.008
188.496
182.804
177.023
172.369
170.358
169.698
169.588
169.83
169.8
168.736
166.966
168.196
174.757
175.712
176.911
176.708
174.115
174.976
174.238
173.94
172.784
170.36
168.467
168.931
169.081
169.454
169.552
169.661
169.558
169.545
168.568
174.728
181.609
167.879
187.616
185.819
184.071
180.863
176.641
173.671
170.597
167.43
164.278
161.563
159.369
157.624
156.419
155.605
154.864
154.01
153.553
155.325
168.108
168.882
161.116
162.785
165.204
167.033
168.519
168.667
168.784
169.111
166.935
167.161
167.533
167.821
168.104
168.421
168.388
169.032
167.167
180.41
194.92
195.316
162.136
161.037
159.35
156.275
154.267
152.949
151.822
150.234
148.978
146.974
144.678
142.519
140.764
139.552
138.828
138.611
138.674
139.19
142.489
143.466
144.675
148.19
150.131
151.501
153.122
153.959
159.877
164.852
165.157
165.619
166.072
166.438
166.792
167.328
167.597
167.886
169.596
189.114
200.035
204.792
138.607
138.49
135.356
134.435
131.728
131.344
131.368
131.675
131.062
129.713
128.014
125.64
123.829
122.577
122.038
122.406
123.505
125.237
127.427
129.587
131.427
133.759
139.035
143.911
147.525
149.768
159.337
162.845
163.566
164.283
164.737
165.037
165.277
165.609
165.681
165.738
178.359
193.958
209.726
222.455
114.982
113.517
119.514
110.18
109.644
108.585
107.222
107.137
105.585
104.548
104.495
104.218
103.811
102.86
102.51
103.384
105.403
108.126
111.422
114.849
118.303
122.142
128.365
133.818
142.947
148.456
153.705
161.287
162.71
163.359
163.822
163.734
163.479
160.513
166.283
173.454
180.55
187.644
197.283
206.328
90.7086
90.0863
91.7103
91.0519
87.9825
87.4253
84.4402
77.7321
76.1045
76.7409
72.0392
72.6326
76.6568
75.775
76.8036
80.8689
85.7457
90.4929
94.9793
99.324
103.569
108.308
114.127
120.596
127.276
136.09
144.233
150.29
153.085
160.881
161.217
157.291
154.126
154.602
155.072
156.557
158.814
155.057
154.014
149.288
68.3444
67.9562
67.2551
72.9348
72.3135
76.0395
63.5138
69.6861
68.4996
63.7806
60.4491
58.3515
56.2332
54.5842
53.7372
56.9983
65.1373
72.8005
77.9629
81.9343
86.2508
91.48
98.001
104.596
109.131
115.689
120.808
123.454
132.447
131.533
131.488
133.577
133.083
129.339
128.746
126.009
122.472
112.171
97.8481
86.2087
48.2949
48.2581
48.5743
51.6675
52.4925
53.0629
56.5093
64.1371
61.1788
53.6447
51.9353
50.4053
49.1595
50.2293
52.7349
52.7404
55.2629
59.8513
62.3929
64.5326
67.9964
72.9966
78.8448
84.745
91.068
95.7826
100.191
107.276
108.507
109.111
109.317
109.159
107.293
103.717
103.263
97.2874
91.3135
78.9663
60.5047
47.6163
28.4203
28.235
30.4629
35.4214
40.6252
43.6679
45.3758
53.1596
53.0131
45.8229
45.8766
45.7536
44.9962
44.8537
43.9711
44.2092
48.3638
49.1631
48.9894
49.6268
51.9147
55.7867
60.8315
66.5346
72.1957
78.1552
85.1211
87.5798
90.1543
90.9131
89.536
85.2328
81.3746
80.1273
77.7372
73.4531
67.2506
61.9116
44.9559
36.5242
4.5733
1.96752
7.45829
16.0084
23.9752
30.2623
37.3383
43.1185
41.8319
40.8611
41.4162
41.2142
40.5388
37.8048
34.463
31.1558
37.1534
38.6885
36.1443
36.1021
38.2367
42.0115
46.3738
51.2747
56.4448
61.9728
64.589
68.1158
69.9887
69.8523
66.053
60.2515
64.8156
59.5059
60.2693
56.8542
53.6356
52.9671
46.4779
41.9803
-0.0728345
-0.591825
0.263701
1.12529
-0.335904
7.06299
23.837
35.6875
35.7285
39.0773
37.5284
32.5268
36.0612
27.7774
25.2204
23.4957
24.8885
23.2415
23.0946
22.1707
24.9789
29.2513
33.3396
37.965
41.8711
45.3763
48.6185
50.4494
51.9862
52.8542
48.5322
45.4459
51.7169
50.6356
46.4826
44.9082
41.7561
40.2297
40.5932
43.1508
-0.488638
-0.52659
-0.526539
-0.543419
-0.233718
-0.148578
1.54435
12.2708
31.1306
44.1596
41.2002
39.3243
25.3662
19.635
17.3775
18.5867
19.1659
17.9195
16.3093
14.4607
18.4241
21.2644
23.978
27.2283
30.436
32.8469
34.6423
35.2215
35.4889
34.0854
33.4605
33.4771
34.4873
43.6867
38.9577
36.6773
30.3484
20.3682
18.1266
20.9475
-0.523228
-0.546257
-0.535231
-0.489619
-0.416298
-0.369701
-0.34489
-0.398534
0.495006
21.3126
9.51993
11.3085
0.525938
4.35297
6.03074
8.9728
7.65838
5.77028
11.2481
9.58836
17.2938
19.2685
20.1092
22.1766
23.4873
23.5604
23.8459
22.3029
20.0814
20.0184
20.0987
29.1385
36.5056
28.9801
31.1732
21.4414
24.6834
20.3132
18.1634
28.3082
-0.610273
-0.609214
-0.593598
-0.575431
-0.570061
-0.892345
-0.860767
-0.738509
5.27317
18.8847
-0.782561
0.399105
-0.400121
-0.593638
-0.870298
4.25045
7.26811
-2.5324
3.23015
1.14049
6.8838
10.4291
13.6251
16.1967
17.67
17.3896
17.1643
12.0612
7.71082
6.20647
7.77601
4.66216
13.029
14.6134
15.8162
17.5071
14.2141
14.5474
14.9075
15.4049
-0.711679
-0.710991
-0.684699
-0.720306
-0.667472
-0.538572
-0.766683
-0.853794
-1.64981
-0.566226
-1.70819
-1.44856
-1.31056
-1.27736
-1.25922
-1.31715
-1.43104
-0.761452
-0.238878
3.41855
2.9855
2.99985
4.1208
4.61409
2.98089
2.58149
2.49115
2.05957
2.65518
2.13613
2.00748
0.588404
0.786962
1.79843
2.82047
9.18542
15.5344
10.9626
12.0309
6.69744
-0.816166
-0.819454
-0.820795
-0.708948
-0.930963
-0.928715
-0.976191
-1.02857
-1.23412
-1.23604
-1.1833
-1.20804
-1.2373
-1.25233
-1.28416
-1.29424
-1.28762
-1.27392
-1.36565
-1.38627
-1.33575
-0.400902
0.336146
-0.257704
-0.327093
-0.790068
0.194797
0.609071
-0.125812
-0.340649
-0.767398
-1.21187
-1.26458
-0.877028
0.0302237
4.04819
10.0667
10.9476
4.77974
-1.59811
-0.910498
-0.922155
-0.994089
-0.654521
-1.04797
-1.01316
-1.03901
-1.09346
-1.15206
-1.20557
-1.23341
-1.21895
-1.2576
-1.2925
-1.30904
-1.3173
-1.31742
-1.31239
-1.35558
-1.35174
-1.34992
-1.3683
-1.43701
-1.46727
-1.36409
-1.33118
-1.34258
-1.35152
-1.3337
-1.31405
-1.20723
-1.34917
-1.44048
-1.209
-0.927117
1.28123
3.25976
0.111302
-1.51819
-0.967356
-1.06831
-1.11084
-1.10904
-0.958592
-1.07423
-1.10586
-1.10401
-1.12956
-1.14659
-1.22065
-1.31978
-1.37026
-1.40718
-1.40888
-1.40707
-1.38246
-1.34611
-1.33242
-1.32894
-1.35078
-1.38085
-1.4179
-1.41793
-1.39833
-1.38368
-1.38705
-1.38501
-1.38005
-1.37346
-1.37803
-1.39973
-1.42115
-1.40273
-1.30314
-1.28274
-1.27344
-1.27449
-1.30697
-1.31175
-1.19469
-1.22665
-1.26258
-1.17381
-1.22737
-1.17273
-1.00222
-1.12225
-1.15564
-1.21284
-1.2589
-1.32142
-1.38067
-1.42177
-1.4291
-1.39919
-1.34785
-1.30129
-1.29328
-1.3152
-1.33749
-1.37614
-1.4056
-1.43021
-1.44579
-1.44845
-1.43917
-1.42324
-1.40621
-1.39636
-1.40343
-1.38747
-1.39721
-1.39215
-1.37866
-1.38819
-1.40973
-1.4621
-1.35072
-1.25084
-1.20928
-1.30739
-1.35337
-1.37303
-1.33777
-1.3382
-1.34304
-1.33881
-1.22474
-1.30478
-1.26929
-1.2975
-1.33616
-1.3037
-1.37321
-1.36521
-1.3437
-1.33044
-1.32515
-1.34942
-1.36917
-1.41496
-1.4449
-1.46936
-1.48599
-1.4909
-1.4828
-1.40853
-1.43193
-1.41762
-1.40761
-1.40789
-1.40056
-1.38746
-1.38625
-1.38716
-1.38648
-1.39272
-1.40281
-1.375
-1.32346
-1.33021
-1.38798
-1.41069
-1.38741
-1.39339
-1.40713
-1.41715
-1.42859
-1.39576
-1.30779
-1.38817
-1.41993
-1.38355
-1.36
-1.42066
-1.40284
-1.39081
-1.39082
-1.41081
-1.43422
-1.46051
-1.48615
-1.50656
-1.51946
-1.52388
-1.51179
-1.47864
-1.45609
-1.44435
-1.43395
-1.42392
-1.41615
-1.4148
-1.41986
-1.42836
-1.44009
-1.45605
-1.47294
-1.47492
-1.44574
-1.35306
-1.42538
-1.41195
-1.43471
-1.44914
-1.49556
-1.51999
-1.54829
-1.56866
-1.58613
-1.65423
-1.71315
-1.68011
-1.60299
-1.56822
-1.50276
-1.48167
-1.47295
-1.47568
-1.49137
-1.51235
-1.5303
-1.54654
-1.55842
-1.56438
-1.54963
-1.53577
-1.51908
-1.49892
-1.48054
-1.47367
-1.47349
-1.47806
-1.48253
-1.48729
-1.49174
-1.49386
-1.49345
-1.49662
-1.47831
-1.45402
-1.47278
-1.46831
-1.49029
-1.52329
-1.56077
-1.57834
-1.59188
-1.61877
-1.65341
-1.71766
-1.75029
-1.78483
-1.7061
-1.63941
-1.5907
-1.55951
-1.54252
-1.53961
-1.54078
-1.56133
-1.57467
-1.58876
-1.60275
-1.61594
-1.6109
-1.59996
-1.58453
-1.56681
-1.54814
-1.5315
-1.52874
-1.53525
-1.54254
-1.54974
-1.55733
-1.56476
-1.57465
-1.57421
-1.48306
-1.45266
-1.48027
-1.4888
-1.50536
-1.53402
-1.56507
-1.59424
-1.62439
-1.66071
-1.69904
-1.73069
-1.74049
-1.72671
-1.6958
-1.65771
-1.62495
-1.6008
-1.59475
-1.58825
-1.59175
-1.60462
-1.61625
-1.62897
-1.64276
-1.65541
-1.66353
-1.66432
-1.65593
-1.63851
-1.61773
-1.6005
-1.5913
-1.59705
-1.60479
-1.61253
-1.6223
-1.63693
-1.65735
-1.65407
-1.55519
-1.45238
-1.4808
-1.49199
-1.50629
-1.52905
-1.55195
-1.57407
-1.59899
-1.62539
-1.64911
-1.66356
-1.66399
-1.66336
-1.64483
-1.63021
-1.62231
-1.61516
-1.6274
-1.62896
-1.63203
-1.63892
-1.65177
-1.66404
-1.67686
-1.68988
-1.70051
-1.7079
-1.71217
-1.70485
-1.67645
-1.65344
-1.64408
-1.65154
-1.66333
-1.67229
-1.68571
-1.70954
-1.74434
-1.78125
-1.8495
-1.45212
-1.47779
-1.49505
-1.51076
-1.5306
-1.54941
-1.57272
-1.59204
-1.60997
-1.62451
-1.63398
-1.63673
-1.63507
-1.61399
-1.61006
-1.61219
-1.61651
-1.6323
-1.65369
-1.66509
-1.67131
-1.68304
-1.69282
-1.70498
-1.71718
-1.72703
-1.73453
-1.73928
-1.73889
-1.72655
-1.6903
-1.67852
-1.6933
-1.70288
-1.71552
-1.73309
-1.75722
-1.79311
-1.86031
-1.97112
-1.49839
-1.48083
-1.50661
-1.51952
-1.53371
-1.55169
-1.56886
-1.59377
-1.61042
-1.62272
-1.63035
-1.63293
-1.63278
-1.61828
-1.61126
-1.6171
-1.62235
-1.63523
-1.65574
-1.67179
-1.6847
-1.69698
-1.70824
-1.71914
-1.72918
-1.73845
-1.74672
-1.75273
-1.75594
-1.76057
-1.67148
-1.68979
-1.71587
-1.72985
-1.74512
-1.75974
-1.77826
-1.81031
-1.85542
-1.90535
-1.51939
-1.53066
-1.50982
-1.52929
-1.54189
-1.56162
-1.58901
-1.608
-1.63445
-1.64472
-1.65211
-1.6555
-1.65413
-1.6498
-1.64077
-1.63573
-1.63786
-1.64722
-1.65851
-1.67613
-1.68738
-1.69964
-1.70885
-1.71786
-1.72581
-1.73362
-1.73988
-1.7443
-1.74592
-1.74472
-1.63009
-1.70887
-1.70405
-1.73885
-1.74483
-1.77908
-1.80143
-1.82444
-1.84915
-1.88036
-1.53897
-1.5456
-1.52421
-1.54988
-1.56326
-1.57963
-1.60162
-1.62149
-1.64633
-1.66941
-1.68142
-1.6884
-1.68262
-1.67765
-1.6649
-1.6592
-1.66151
-1.67056
-1.67829
-1.68834
-1.68872
-1.68207
-1.70152
-1.71262
-1.7152
-1.71935
-1.72126
-1.71981
-1.7143
-1.70837
-1.68194
-1.71264
-1.72089
-1.75068
-1.75071
-1.79198
-1.81142
-1.83328
-1.86226
-1.9001
-1.55996
-1.56364
-1.55106
-1.56204
-1.57741
-1.5926
-1.61083
-1.63381
-1.65444
-1.67313
-1.68392
-1.69595
-1.70229
-1.69979
-1.69202
-1.68507
-1.68453
-1.68817
-1.69607
-1.70708
-1.7145
-1.7099
-1.71311
-1.71515
-1.71527
-1.71856
-1.71503
-1.71051
-1.70457
-1.69918
-1.7027
-1.72112
-1.73955
-1.75865
-1.77986
-1.78602
-1.81411
-1.8308
-1.84072
-1.86479
-1.57194
-1.57862
-1.57701
-1.57591
-1.58838
-1.60005
-1.61522
-1.63395
-1.65286
-1.67284
-1.69183
-1.70679
-1.71407
-1.71323
-1.71117
-1.70906
-1.70791
-1.71031
-1.71856
-1.72597
-1.73439
-1.73969
-1.73533
-1.7321
-1.72855
-1.7229
-1.71869
-1.71743
-1.71779
-1.72413
-1.73156
-1.7537
-1.76475
-1.78146
-1.79766
-1.79959
-1.80733
-1.8176
-1.83014
-1.83904
-1.5892
-1.58739
-1.59551
-1.59986
-1.60244
-1.61405
-1.62549
-1.64953
-1.66703
-1.68409
-1.69972
-1.7142
-1.7258
-1.72611
-1.72973
-1.7346
-1.73082
-1.73247
-1.74136
-1.74258
-1.74729
-1.75403
-1.74995
-1.7475
-1.74485
-1.74237
-1.74159
-1.74375
-1.74696
-1.75511
-1.77239
-1.78434
-1.79169
-1.80482
-1.82903
-1.82147
-1.81677
-1.81289
-1.80659
-1.8016
-1.59235
-1.59323
-1.60224
-1.61822
-1.63374
-1.6421
-1.65707
-1.68229
-1.69728
-1.71163
-1.7248
-1.73866
-1.75021
-1.75551
-1.7581
-1.76203
-1.7619
-1.75037
-1.76356
-1.76363
-1.76511
-1.7672
-1.76761
-1.76756
-1.767
-1.76793
-1.772
-1.77633
-1.77826
-1.78373
-1.79167
-1.79994
-1.8097
-1.81355
-1.82608
-1.83132
-1.82741
-1.81874
-1.81058
-1.79721
-1.60167
-1.60391
-1.61358
-1.63352
-1.63198
-1.66049
-1.71772
-1.73403
-1.74301
-1.75456
-1.76575
-1.77563
-1.78321
-1.78849
-1.78969
-1.78917
-1.78768
-1.78624
-1.78355
-1.78119
-1.78121
-1.78094
-1.7821
-1.78442
-1.78935
-1.79054
-1.79824
-1.79995
-1.79869
-1.7984
-1.79929
-1.80203
-1.80621
-1.80411
-1.81117
-1.81142
-1.811
-1.80739
-1.80106
-1.79134
-1.65633
-1.65789
-1.67576
-1.69848
-1.72191
-1.75438
-1.77753
-1.78093
-1.78514
-1.79237
-1.80083
-1.80867
-1.81519
-1.81863
-1.81922
-1.81769
-1.81409
-1.80913
-1.80353
-1.79893
-1.79574
-1.7876
-1.79129
-1.78835
-1.79683
-1.80676
-1.81296
-1.81308
-1.81166
-1.80832
-1.80562
-1.80458
-1.80647
-1.80382
-1.80917
-1.80851
-1.80624
-1.80141
-1.79372
-1.78446
-1.71902
-1.72846
-1.74955
-1.77994
-1.79256
-1.80185
-1.81004
-1.81543
-1.8213
-1.82826
-1.83491
-1.84101
-1.84536
-1.84741
-1.84667
-1.84363
-1.83867
-1.83189
-1.82408
-1.81734
-1.81007
-1.80479
-1.80447
-1.80547
-1.80996
-1.81501
-1.81884
-1.82154
-1.82246
-1.81726
-1.8125
-1.81037
-1.81165
-1.81068
-1.81369
-1.81108
-1.80724
-1.80168
-1.79406
-1.7835
-1.75555
-1.7747
-1.80246
-1.80624
-1.81534
-1.82384
-1.83106
-1.83826
-1.84628
-1.85399
-1.86033
-1.86536
-1.86798
-1.86814
-1.8663
-1.86171
-1.85498
-1.84693
-1.83906
-1.83271
-1.8275
-1.82444
-1.82247
-1.82283
-1.81819
-1.82095
-1.82667
-1.82998
-1.83161
-1.82431
-1.81852
-1.81477
-1.81438
-1.81555
-1.81519
-1.81395
-1.8127
-1.79275
-1.79605
-1.77727
-1.77678
-1.77758
-1.81848
-1.82095
-1.82702
-1.83427
-1.84223
-1.85085
-1.86041
-1.86873
-1.87447
-1.87824
-1.87907
-1.87744
-1.87396
-1.86849
-1.86214
-1.85576
-1.84992
-1.84496
-1.84132
-1.83857
-1.83581
-1.83476
-1.83073
-1.82058
-1.83556
-1.83896
-1.8344
-1.82663
-1.81983
-1.81474
-1.81406
-1.81553
-1.81598
-1.81513
-1.8017
-1.7872
-1.78149
-1.79275
-1.79639
-1.7904
-1.82159
-1.82303
-1.83079
-1.83409
-1.84653
-1.85407
-1.86184
-1.86844
-1.87238
-1.87492
-1.8748
-1.87279
-1.86891
-1.86552
-1.86236
-1.85982
-1.85557
-1.85314
-1.851
-1.84864
-1.84688
-1.84525
-1.84977
-1.84877
-1.84474
-1.83988
-1.83245
-1.82538
-1.8214
-1.82047
-1.82095
-1.82453
-1.83503
-1.82371
-1.82731
-1.82812
-1.82641
-1.83265
-1.80375
-1.80846
-1.80134
-1.81814
-1.82473
-1.81888
-1.84828
-1.85226
-1.85664
-1.86142
-1.86387
-1.8646
-1.86463
-1.86338
-1.86087
-1.86098
-1.85818
-1.85294
-1.85244
-1.85795
-1.85643
-1.8538
-1.8527
-1.85169
-1.85178
-1.85124
-1.84606
-1.83705
-1.8303
-1.83094
-1.8313
-1.83501
-1.83866
-1.83283
-1.83961
-1.85303
-1.8667
-1.86942
-1.85422
-1.86769
-1.79745
-1.81299
-1.80148
-1.82978
-1.81199
-1.82828
-1.83694
-1.84898
-1.85036
-1.85882
-1.86187
-1.86323
-1.86188
-1.86015
-1.86036
-1.85968
-1.85833
-1.85695
-1.85695
-1.86078
-1.86023
-1.85769
-1.85772
-1.85715
-1.85783
-1.85658
-1.85168
-1.84147
-1.82884
-1.84223
-1.84631
-1.83175
-1.83842
-1.8679
-1.88091
-1.88624
-1.90134
-1.90245
-1.90236
-1.92204
-1.81686
-1.83405
-1.81696
-1.82485
-1.82837
-1.83202
-1.8375
-1.84387
-1.85125
-1.85174
-1.85341
-1.85685
-1.86222
-1.85519
-1.86428
-1.86455
-1.8647
-1.86445
-1.86381
-1.86511
-1.86393
-1.86277
-1.86348
-1.86007
-1.85869
-1.86912
-1.86786
-1.86318
-1.855
-1.83892
-1.86793
-1.89451
-1.9025
-1.9091
-1.91341
-1.92255
-1.92634
-1.94801
-1.92578
-1.94635
-1.8289
-1.83444
-1.82717
-1.82786
-1.8274
-1.83341
-1.84027
-1.84916
-1.84961
-1.84934
-1.85899
-1.85794
-1.85681
-1.86083
-1.86617
-1.86728
-1.86752
-1.86746
-1.8683
-1.86842
-1.86704
-1.86681
-1.86906
-1.87287
-1.87875
-1.89504
-1.91239
-1.88812
-1.88048
-1.92959
-1.92579
-1.92418
-1.92805
-1.93029
-1.93485
-1.94354
-1.95204
-1.96592
-1.95075
-1.97236
-1.85187
-1.85006
-1.8536
-1.83972
-1.83688
-1.84389
-1.84951
-1.84534
-1.84886
-1.85612
-1.86224
-1.86367
-1.867
-1.86144
-1.86027
-1.86947
-1.86483
-1.86353
-1.8623
-1.86308
-1.86497
-1.86788
-1.87373
-1.8835
-1.89559
-1.91721
-1.94625
-1.9016
-1.92219
-1.92953
-1.93468
-1.93817
-1.94172
-1.943
-1.94589
-1.95072
-1.95995
-1.96584
-1.97156
-1.98278
-1.85546
-1.8645
-1.8689
-1.86003
-1.85617
-1.85618
-1.85236
-1.85955
-1.86291
-1.86714
-1.86887
-1.87073
-1.87315
-1.87079
-1.86483
-1.86225
-1.86161
-1.86186
-1.86122
-1.86079
-1.8618
-1.86721
-1.87547
-1.88744
-1.90419
-1.92577
-1.94707
-1.94518
-1.91863
-1.95904
-1.96404
-1.96494
-1.96199
-1.95836
-1.95641
-1.95712
-1.963
-1.9718
-1.98264
-1.99207
-1.85108
-1.86948
-1.86952
-1.86324
-1.86323
-1.86267
-1.86352
-1.86576
-1.86886
-1.87213
-1.87538
-1.87765
-1.87866
-1.87792
-1.87536
-1.87419
-1.8672
-1.85506
-1.85053
-1.85419
-1.86143
-1.86814
-1.87831
-1.89151
-1.90571
-1.92234
-1.94029
-1.95814
-1.95735
-1.96198
-1.97279
-1.97126
-1.96902
-1.96471
-1.96077
-1.95911
-1.96113
-1.96723
-1.97317
-1.97804
-1.87136
-1.86905
-1.87329
-1.87142
-1.86791
-1.87264
-1.87483
-1.87724
-1.87986
-1.88131
-1.88263
-1.88327
-1.88362
-1.88089
-1.88416
-1.88201
-1.88153
-1.88196
-1.88388
-1.87803
-1.87887
-1.88375
-1.89492
-1.90266
-1.91202
-1.91925
-1.93023
-1.93768
-1.948
-1.95514
-1.95757
-1.95887
-1.9573
-1.95484
-1.95554
-1.95339
-1.95391
-1.95631
-1.95813
-1.96089
-1.87648
-1.87712
-1.88101
-1.87688
-1.87624
-1.87843
-1.87911
-1.88036
-1.89093
-1.89165
-1.89149
-1.89034
-1.89027
-1.89055
-1.89357
-1.89407
-1.89432
-1.8949
-1.89581
-1.89766
-1.90156
-1.90028
-1.90307
-1.9079
-1.91845
-1.92375
-1.92547
-1.92573
-1.92807
-1.93201
-1.93567
-1.93822
-1.93599
-1.92969
-1.94218
-1.9431
-1.94274
-1.94581
-1.94674
-1.94792
-1.88527
-1.88611
-1.88743
-1.88666
-1.88732
-1.88897
-1.88959
-1.89222
-1.89976
-1.90189
-1.90188
-1.90101
-1.9012
-1.90232
-1.904
-1.9057
-1.90724
-1.9088
-1.91065
-1.913
-1.91547
-1.91224
-1.91503
-1.92628
-1.9275
-1.92387
-1.92205
-1.91937
-1.91748
-1.91953
-1.92748
-1.93007
-1.92973
-1.92925
-1.93314
-1.93476
-1.93486
-1.93786
-1.93943
-1.94087
-1.89176
-1.89219
-1.89322
-1.89446
-1.89666
-1.90007
-1.90338
-1.90406
-1.90587
-1.90665
-1.90669
-1.90687
-1.9076
-1.90906
-1.91122
-1.91378
-1.91661
-1.91942
-1.92165
-1.92388
-1.92611
-1.93249
-1.93487
-1.93229
-1.9277
-1.92315
-1.91993
-1.92033
-1.91698
-1.91827
-1.92498
-1.93179
-1.93415
-1.93332
-1.93352
-1.93249
-1.9346
-1.93618
-1.93779
-1.93873
-1.89787
-1.89878
-1.89975
-1.8953
-1.90021
-1.90364
-1.90457
-1.90633
-1.90771
-1.90866
-1.90938
-1.91009
-1.9111
-1.91253
-1.91441
-1.91668
-1.91916
-1.92176
-1.92412
-1.92645
-1.92825
-1.92855
-1.92671
-1.92366
-1.9215
-1.92158
-1.92266
-1.92517
-1.92216
-1.92915
-1.93622
-1.93799
-1.93824
-1.93826
-1.93759
-1.93771
-1.9396
-1.94184
-1.94099
-1.94418
-1.90269
-1.90354
-1.90114
-1.89944
-1.90361
-1.90572
-1.90679
-1.90831
-1.90963
-1.91052
-1.91125
-1.91225
-1.91336
-1.91469
-1.91614
-1.91766
-1.9194
-1.92123
-1.92304
-1.92371
-1.92398
-1.92352
-1.92103
-1.91859
-1.91842
-1.92077
-1.92527
-1.93073
-1.93487
-1.93673
-1.94401
-1.94626
-1.94365
-1.94354
-1.94653
-1.94682
-1.94753
-1.95079
-1.95051
-1.94501
-1.90779
-1.90898
-1.90732
-1.90288
-1.9049
-1.90871
-1.90941
-1.90981
-1.9116
-1.91237
-1.91334
-1.91379
-1.91473
-1.91598
-1.91708
-1.91768
-1.91878
-1.92038
-1.92158
-1.9165
-1.91697
-1.91809
-1.91799
-1.92031
-1.92122
-1.92415
-1.92826
-1.9322
-1.93609
-1.94146
-1.94417
-1.94516
-1.94687
-1.94941
-1.95039
-1.95331
-1.95468
-1.95529
-1.95544
-1.94845
-1.91334
-1.9142
-1.91498
-1.91121
-1.90648
-1.90496
-1.91163
-1.90624
-1.90974
-1.90798
-1.91464
-1.91513
-1.91559
-1.91631
-1.91701
-1.91778
-1.91891
-1.92073
-1.92364
-1.92033
-1.92118
-1.92178
-1.92249
-1.92403
-1.92374
-1.92526
-1.93095
-1.93288
-1.93769
-1.9392
-1.94133
-1.9442
-1.94827
-1.95169
-1.95243
-1.95542
-1.9596
-1.96204
-1.96825
-1.96495
-1.9152
-1.9154
-1.91591
-1.9171
-1.9168
-1.90293
-1.91041
-1.91052
-1.91128
-1.91184
-1.91439
-1.91621
-1.9155
-1.91758
-1.91664
-1.91718
-1.92029
-1.92173
-1.92322
-1.92836
-1.92939
-1.93039
-1.9317
-1.93226
-1.931
-1.93102
-1.93115
-1.93404
-1.93888
-1.94009
-1.94266
-1.9445
-1.94749
-1.95074
-1.95398
-1.95411
-1.95821
-1.9603
-1.96236
-1.96516
-1.91576
-1.91557
-1.91609
-1.91652
-1.91684
-1.91658
-1.915
-1.91056
-1.9059
-1.92093
-1.92087
-1.91704
-1.91786
-1.91806
-1.9188
-1.92076
-1.92159
-1.92437
-1.92831
-1.92851
-1.93136
-1.93168
-1.93182
-1.93188
-1.93253
-1.93161
-1.93204
-1.92858
-1.94054
-1.94108
-1.94164
-1.94393
-1.94773
-1.95188
-1.95499
-1.95736
-1.95677
-1.96114
-1.96366
-1.9679
-1.91598
-1.91707
-1.91846
-1.92009
-1.92081
-1.92052
-1.92156
-1.9237
-1.92216
-1.92059
-1.92465
-1.92533
-1.92508
-1.9256
-1.92538
-1.92572
-1.92731
-1.92866
-1.93054
-1.93224
-1.93397
-1.93384
-1.93604
-1.92718
-1.92897
-1.93547
-1.93323
-1.93651
-1.9368
-1.94068
-1.94261
-1.94531
-1.94652
-1.94898
-1.9566
-1.95752
-1.95981
-1.96458
-1.96957
-1.97273
-1.91958
-1.92023
-1.92049
-1.9202
-1.92157
-1.9258
-1.92767
-1.92796
-1.92817
-1.9289
-1.92949
-1.92478
-1.92385
-1.92561
-1.92681
-1.93163
-1.93351
-1.93412
-1.93488
-1.93607
-1.93698
-1.93759
-1.93821
-1.93598
-1.93523
-1.93866
-1.93818
-1.93632
-1.93935
-1.94291
-1.94233
-1.94514
-1.94832
-1.95213
-1.9567
-1.95871
-1.96021
-1.96251
-1.96501
-1.96713
-1.92752
-1.92746
-1.92744
-1.92974
-1.93005
-1.93073
-1.93224
-1.9346
-1.93445
-1.93467
-1.93514
-1.93469
-1.93293
-1.935
-1.93706
-1.93755
-1.93975
-1.94018
-1.9403
-1.94083
-1.94139
-1.94192
-1.94294
-1.94279
-1.9438
-1.94447
-1.94698
-1.94216
-1.94308
-1.94645
-1.94533
-1.94668
-1.94985
-1.95268
-1.95664
-1.95752
-1.95612
-1.95524
-1.95492
-1.95449
-1.93201
-1.93198
-1.93323
-1.93454
-1.93561
-1.93691
-1.93756
-1.93905
-1.93984
-1.94046
-1.94109
-1.9423
-1.9437
-1.94146
-1.9439
-1.9486
-1.9479
-1.94533
-1.94481
-1.94543
-1.94678
-1.94687
-1.9492
-1.9535
-1.95511
-1.95431
-1.95398
-1.94893
-1.94833
-1.95012
-1.94947
-1.94892
-1.95165
-1.95252
-1.95318
-1.95245
-1.95207
-1.95141
-1.95088
-1.95112
-1.93627
-1.93745
-1.93617
-1.93685
-1.93851
-1.9409
-1.94346
-1.94369
-1.94401
-1.94458
-1.94535
-1.94594
-1.9479
-1.95127
-1.95284
-1.95178
-1.94982
-1.94894
-1.94818
-1.94903
-1.94928
-1.94817
-1.94939
-1.9581
-1.96153
-1.96019
-1.95664
-1.95314
-1.95146
-1.95112
-1.95143
-1.95154
-1.95112
-1.95099
-1.95155
-1.95149
-1.94986
-1.94973
-1.95013
-1.95043
-1.94035
-1.94152
-1.94009
-1.9408
-1.94237
-1.94474
-1.94776
-1.94706
-1.948
-1.94809
-1.94807
-1.94808
-1.94931
-1.95009
-1.95057
-1.95043
-1.94991
-1.94984
-1.95049
-1.95159
-1.95305
-1.95555
-1.95871
-1.95985
-1.9584
-1.95604
-1.95354
-1.95182
-1.95117
-1.95112
-1.95143
-1.95108
-1.95123
-1.95153
-1.95182
-1.95299
-1.95358
-1.95292
-1.95172
-1.95206
-1.9448
-1.94523
-1.94474
-1.94387
-1.94481
-1.94824
-1.95092
-1.94895
-1.94977
-1.94952
-1.94958
-1.95004
-1.95022
-1.95059
-1.95089
-1.95107
-1.95117
-1.95156
-1.95193
-1.95251
-1.95344
-1.95452
-1.95491
-1.9542
-1.95294
-1.9515
-1.95052
-1.95021
-1.9505
-1.95055
-1.95106
-1.95156
-1.95179
-1.95269
-1.95322
-1.95378
-1.95403
-1.95402
-1.95138
-1.94985
-1.94688
-1.94705
-1.94716
-1.94823
-1.94749
-1.9516
-1.95199
-1.95125
-1.95132
-1.95049
-1.95083
-1.95117
-1.95117
-1.95133
-1.9516
-1.95194
-1.95217
-1.95253
-1.95273
-1.95291
-1.95301
-1.95287
-1.95235
-1.9515
-1.95071
-1.94998
-1.9498
-1.95017
-1.95091
-1.95176
-1.95249
-1.95325
-1.9539
-1.9547
-1.95538
-1.95601
-1.9566
-1.95711
-1.95743
-1.95831
-1.94808
-1.94886
-1.94877
-1.94931
-1.95005
-1.95096
-1.9515
-1.95173
-1.95183
-1.9517
-1.95167
-1.95167
-1.95172
-1.95205
-1.95257
-1.95303
-1.95343
-1.95379
-1.95385
-1.95377
-1.95353
-1.95312
-1.95248
-1.95174
-1.95125
-1.95114
-1.95116
-1.95168
-1.95261
-1.95345
-1.95435
-1.95527
-1.95616
-1.95701
-1.95784
-1.95876
-1.95976
-1.96072
-1.96181
-1.96307
-1.94951
-1.95026
-1.9503
-1.95041
-1.95073
-1.95121
-1.95157
-1.95174
-1.9517
-1.95152
-1.95134
-1.95141
-1.95195
-1.95267
-1.95352
-1.95433
-1.95499
-1.95547
-1.95552
-1.9554
-1.95507
-1.95454
-1.95401
-1.9536
-1.95321
-1.95323
-1.95359
-1.95413
-1.95477
-1.95553
-1.95638
-1.95727
-1.95819
-1.95916
-1.96023
-1.96082
-1.96235
-1.96341
-1.9644
-1.96507
-1.95219
-1.95225
-1.95248
-1.95254
-1.95263
-1.95272
-1.95273
-1.9526
-1.95223
-1.95195
-1.95169
-1.95163
-1.95222
-1.95329
-1.95448
-1.95556
-1.95636
-1.95683
-1.95689
-1.95669
-1.95552
-1.95653
-1.95594
-1.95583
-1.95543
-1.95552
-1.95598
-1.95635
-1.95683
-1.95741
-1.95808
-1.95881
-1.95961
-1.9605
-1.96117
-1.96099
-1.96412
-1.965
-1.96651
-1.96817
-1.95484
-1.95511
-1.95544
-1.95553
-1.95546
-1.95522
-1.9548
-1.95421
-1.95347
-1.95235
-1.9517
-1.95196
-1.95251
-1.95403
-1.95528
-1.95648
-1.95731
-1.95774
-1.95721
-1.95655
-1.9566
-1.95733
-1.95767
-1.95765
-1.95765
-1.95797
-1.95814
-1.95838
-1.95872
-1.95912
-1.95963
-1.96021
-1.96086
-1.96161
-1.96218
-1.96205
-1.96478
-1.96568
-1.96662
-1.97431
-1.95868
-1.95869
-1.9592
-1.95922
-1.95905
-1.9587
-1.95821
-1.95755
-1.95672
-1.95578
-1.95483
-1.95404
-1.954
-1.95566
-1.95785
-1.95791
-1.95893
-1.9608
-1.95878
-1.95958
-1.95922
-1.95939
-1.95949
-1.95953
-1.95967
-1.95971
-1.95975
-1.95982
-1.95994
-1.96016
-1.96044
-1.96072
-1.96105
-1.96148
-1.96199
-1.96262
-1.96395
-1.96597
-1.96878
-1.97557
-1.96375
-1.96313
-1.96315
-1.96293
-1.96277
-1.96258
-1.96236
-1.96221
-1.96216
-1.96219
-1.96231
-1.96274
-1.96357
-1.96551
-1.96543
-1.96282
-1.96283
-1.96913
-1.96744
-1.96614
-1.96418
-1.96296
-1.9623
-1.96194
-1.96174
-1.96161
-1.96157
-1.96163
-1.96178
-1.96199
-1.96222
-1.96256
-1.96321
-1.9641
-1.96512
-1.96704
-1.97043
-1.97535
-1.98577
-1.98449
)
;

boundaryField
{
    inlet
    {
        type            calculated;
        value           nonuniform List<scalar> 10(-293.945 -294.14 -294.277 -294.408 -294.466 -294.468 -294.406 -294.276 -294.14 -293.946);
    }
    inletWall
    {
        type            calculated;
        value           nonuniform List<scalar> 
30
(
-204.817
-224.869
-244.771
-264.514
-284.135
-118.259
-134.086
-150.6
-167.478
-184.324
-24.6533
-45.3461
-65.463
-88.3661
-115.009
-204.821
-224.872
-244.773
-264.515
-284.136
-118.31
-134.141
-150.598
-167.467
-184.335
-25.1554
-45.729
-65.6788
-88.4805
-115.104
)
;
    }
    bottleWall
    {
        type            calculated;
        value           nonuniform List<scalar> 
290
(
676.31
655.57
628.085
590.045
567.431
555.099
545.235
529.665
512.883
497.421
483.728
471.801
461.547
449.795
435.033
416.07
387.75
361.296
348.573
343.146
335.424
320.682
305.76
296.711
279.578
259.126
234.343
206.232
171.388
136.684
106.52
89.2496
83.4959
79.6271
78.5857
77.6775
80.5778
90.2568
81.8472
56.0064
34.1426
14.9831
3.33467
0.20966
0.0367131
-0.0206771
-0.076148
-0.0951107
-0.0670381
-0.0633056
-0.0712104
-0.0917035
-0.120357
-0.149305
-0.193296
-0.241978
-0.274216
-0.307861
-0.357107
-0.414653
-0.47927
-0.535638
-0.579939
-0.605726
-0.633292
-0.669846
-0.705954
-0.739402
-0.770013
-0.800826
-0.83701
-0.876865
-0.909933
-0.94859
-0.989349
-1.03066
-1.0727
-1.11279
-1.1505
-1.18679
-1.22417
-1.2622
-1.30116
-1.3395
-1.37539
-1.41284
-1.44957
-1.48617
-1.52277
-1.56032
-1.59918
-1.63852
-1.67664
-1.71461
-1.75273
-1.78988
-1.82997
-1.86856
-1.90585
-1.94349
708.556
702.681
697.571
695.602
691.899
690.62
688.66
686.661
684.187
681.277
678.062
674.642
671.465
668.32
665.582
662.698
660.218
658.471
657.293
655.937
653.61
647.293
642.118
637.249
632.443
629.026
626.263
624.073
622.042
619.99
621.219
625.864
635.024
647.619
659.06
666.229
671.301
676.449
682.522
685.381
722.809
723.802
724.646
724.787
724.155
722.334
719.224
716.204
713.29
710.672
643.333
643.216
640.329
632.904
630.505
629.298
628.243
627.129
628.411
631.946
637.961
640.016
640.73
640.437
639.338
638.772
638.371
636.409
630.894
625.782
622.645
620.461
623.352
632.384
636.884
646.312
659.74
671.932
686.223
694.609
704.743
711.84
715.512
717.718
719.68
721.057
721.998
721.879
721.885
722.115
639.669
625.758
599.574
566.983
521.24
472.654
456.179
468.485
463.07
446.449
428.829
410.985
387.14
374.779
386.038
399.821
385.727
376.878
368.952
362.939
358.084
344.647
315.067
287.958
266.657
265.807
282.85
288.941
274.954
245.193
215.073
187.616
162.136
138.607
114.982
90.7086
68.3444
48.2949
28.4203
4.5733
-0.0728345
-0.488638
-0.523228
-0.610273
-0.711679
-0.816166
-0.910498
-1.06831
-1.22665
-1.30739
-1.33021
-1.35306
-1.45402
-1.45266
-1.45238
-1.45212
-1.49839
-1.51939
-1.53897
-1.55996
-1.57194
-1.5892
-1.59235
-1.60167
-1.65633
-1.71902
-1.75555
-1.77678
-1.79639
-1.80375
-1.79745
-1.81686
-1.8289
-1.85187
-1.85546
-1.85108
-1.87136
-1.87648
-1.88527
-1.89176
-1.89787
-1.90269
-1.90779
-1.91334
-1.9152
-1.91576
-1.91598
-1.91958
-1.92752
-1.93201
-1.93627
-1.94035
-1.9448
-1.94688
-1.94808
-1.94951
-1.95219
-1.95484
-1.95868
-1.96375
)
;
    }
    atmosphere
    {
        type            calculated;
        value           nonuniform List<scalar> 
80
(
-1.96624
-1.96201
-1.962
-1.962
-1.962
-1.962
-1.962
-1.962
-1.96202
-1.96204
-1.96206
-1.96203
-1.962
-1.962
-1.962
-1.962
-1.962
-1.962
-1.962
-1.962
-1.96201
-1.96208
-1.96532
-1.9695
-1.96905
-1.96683
-1.96682
-1.96686
-1.96708
-1.96732
-1.96883
-1.96877
-1.96419
-1.96208
-1.96276
-1.96313
-1.96295
-1.96253
-1.9622
-1.96202
-1.96934
-1.96307
-1.96448
-1.96481
-1.96477
-1.96459
-1.96433
-1.96402
-1.96371
-1.96345
-1.96326
-1.96325
-1.96267
-1.97954
-1.9795
-1.97014
-1.97421
-2.01732
-1.96271
-1.96489
-1.96478
-1.96395
-1.96341
-1.96306
-1.96283
-1.96262
-1.96245
-1.96232
-1.96224
-1.96218
-1.96213
-1.96208
-1.96202
-1.96204
-1.96204
-1.96599
-1.96641
-1.96938
-2.03358
-2.03406
)
;
    }
    frontAndBack
    {
        type            empty;
    }
}


// ************************************************************************* //
