/*--------------------------------*- C++ -*----------------------------------*\
  =========                 |
  \\      /  F ield         | OpenFOAM: The Open Source CFD Toolbox
   \\    /   O peration     | Website:  https://openfoam.org
    \\  /    A nd           | Version:  8
     \\/     M anipulation  |
\*---------------------------------------------------------------------------*/
FoamFile
{
    version     2.0;
    format      ascii;
    class       volScalarField;
    location    "1.7";
    object      k;
}
// * * * * * * * * * * * * * * * * * * * * * * * * * * * * * * * * * * * * * //

dimensions      [0 2 -2 0 0 0 0];

internalField   nonuniform List<scalar> 
9150
(
0.00182782
0.000942831
0.000484091
0.00032119
0.000228176
0.000228173
0.000321187
0.000484089
0.000942831
0.00182782
0.00178509
0.000748677
0.000407573
0.000274938
0.000192375
0.000192373
0.000274935
0.000407569
0.000748672
0.00178509
0.00171365
0.000653385
0.000374823
0.000254326
0.000178266
0.000178263
0.000254322
0.000374819
0.000653378
0.00171365
0.00163509
0.000603394
0.000361877
0.000246189
0.000173062
0.00017306
0.000246186
0.000361873
0.000603388
0.00163509
0.00155162
0.000581942
0.000357206
0.000243397
0.000171539
0.000171538
0.000243395
0.000357203
0.000581937
0.00155162
0.00285561
0.00260056
0.00195454
0.00178277
0.00157419
0.00157436
0.0017832
0.00195517
0.00260152
0.00285571
0.00230606
0.00151626
0.00133598
0.00132448
0.00115685
0.00115691
0.00132465
0.0013362
0.00151643
0.00230605
0.0020499
0.0012581
0.000917537
0.000878498
0.000743904
0.000743924
0.000878539
0.000917597
0.00125815
0.00204989
0.00186808
0.00111439
0.000666798
0.000572974
0.000459407
0.00045941
0.000572978
0.000666812
0.0011144
0.00186807
0.00178779
0.00102364
0.00053546
0.00039882
0.000300338
0.000300338
0.000398819
0.000535463
0.00102364
0.00178778
0.0110737
0.00485289
0.0026886
0.00207457
0.00179252
0.00179147
0.00207286
0.00270722
0.00511177
0.0123874
0.00492601
0.00385786
0.0026244
0.0020722
0.00180418
0.00180362
0.00207164
0.00262377
0.00384747
0.00493787
0.00442259
0.0034843
0.00260585
0.00207046
0.00181638
0.00181628
0.00207092
0.00260656
0.0034804
0.00442357
0.00393061
0.0032059
0.00259003
0.00206704
0.00182798
0.00182817
0.00206771
0.00259097
0.00320637
0.00393099
0.00336811
0.00315115
0.00248385
0.00201912
0.0018007
0.00180098
0.00201981
0.00248477
0.00315277
0.00336829
0.246038
0.246227
0.246196
0.245902
0.245318
0.244425
0.243209
0.241655
0.239748
0.237462
0.512079
0.512131
0.511634
0.510582
0.508961
0.506756
0.50395
0.500522
0.496448
0.491706
0.638442
0.638629
0.638178
0.637082
0.635327
0.632893
0.629756
0.625888
0.621261
0.615846
0.726481
0.726869
0.726614
0.725703
0.724117
0.721828
0.718801
0.714996
0.710371
0.704883
0.799117
0.799773
0.799842
0.799304
0.798131
0.796279
0.7937
0.790334
0.786118
0.780983
0.86444
0.865445
0.865981
0.866017
0.865511
0.864403
0.862622
0.860085
0.856696
0.852351
0.926146
0.92761
0.928786
0.929635
0.930097
0.930095
0.929532
0.928295
0.926247
0.923238
0.986062
0.988128
0.990162
0.992113
0.99391
0.995458
0.996638
0.997301
0.997269
0.996333
1.04499
1.04784
1.05098
1.05438
1.05795
1.06158
1.06514
1.06846
1.07133
1.07347
1.10306
1.10689
1.11144
1.11665
1.12247
1.12878
1.13547
1.14235
1.14919
1.1557
1.15991
1.16494
1.17117
1.17857
1.18711
1.19671
1.20727
1.21867
1.2307
1.24307
1.21487
1.22128
1.22943
1.23934
1.25099
1.26439
1.27951
1.29629
1.31464
1.33437
1.26704
1.27497
1.28521
1.29781
1.31283
1.33035
1.35044
1.3732
1.39869
1.42695
1.31547
1.32499
1.33737
1.3527
1.37112
1.39278
1.4179
1.44673
1.47958
1.51681
1.35922
1.37034
1.38482
1.40277
1.42439
1.44989
1.47961
1.51394
1.55338
1.59862
1.39752
1.41024
1.4267
1.44707
1.47153
1.50036
1.53391
1.57262
1.61709
1.66803
1.42986
1.44415
1.4625
1.48505
1.512
1.54361
1.58021
1.62221
1.67014
1.72461
1.45591
1.47182
1.492
1.51658
1.54575
1.57974
1.61885
1.66342
1.71384
1.77054
1.47557
1.49315
1.51515
1.5417
1.57297
1.60918
1.65059
1.69747
1.75011
1.8088
1.48883
1.50814
1.53197
1.56045
1.59379
1.6322
1.67593
1.72525
1.78043
1.84171
1.49577
1.51681
1.54242
1.57278
1.60811
1.64867
1.69475
1.74665
1.80472
1.86925
1.49651
1.51918
1.54644
1.5785
1.61562
1.65813
1.70636
1.76072
1.82163
1.88955
1.49125
1.51535
1.54399
1.57742
1.61596
1.65996
1.70985
1.7661
1.82928
1.90002
1.48028
1.50551
1.53517
1.56953
1.60893
1.65376
1.70447
1.7616
1.82579
1.89778
1.46405
1.49007
1.52032
1.5551
1.59472
1.6396
1.69018
1.74697
1.81055
1.88159
1.4432
1.46965
1.50008
1.53476
1.57402
1.61823
1.66783
1.72328
1.78512
1.85394
1.41854
1.44509
1.47529
1.50943
1.54781
1.59077
1.63872
1.69207
1.7513
1.81695
1.39099
1.41731
1.44695
1.48017
1.51726
1.55854
1.60434
1.65503
1.71102
1.77275
1.36148
1.38728
1.41606
1.44808
1.48359
1.52288
1.56624
1.61398
1.66644
1.72395
1.33086
1.35586
1.38355
1.41415
1.4479
1.48504
1.52584
1.57056
1.61947
1.67285
1.29979
1.3238
1.35021
1.37924
1.41111
1.44603
1.48425
1.52599
1.5715
1.62101
1.26881
1.29165
1.31665
1.344
1.37392
1.4066
1.44225
1.4811
1.52337
1.56927
1.23833
1.25987
1.28334
1.30895
1.33686
1.36728
1.40039
1.43641
1.47555
1.518
1.20865
1.22879
1.25068
1.27447
1.30034
1.32848
1.35907
1.3923
1.42836
1.46745
1.18004
1.19872
1.21895
1.24089
1.26471
1.29056
1.31863
1.34908
1.38211
1.41789
1.15273
1.1699
1.18844
1.20851
1.23026
1.25382
1.27938
1.30708
1.3371
1.3696
1.1269
1.14254
1.1594
1.17759
1.19727
1.21857
1.24164
1.26662
1.29367
1.32294
1.10277
1.11688
1.13204
1.14838
1.16602
1.18508
1.2057
1.22801
1.25215
1.27825
1.0805
1.09311
1.10661
1.12113
1.13676
1.15363
1.17186
1.19156
1.21286
1.23588
1.06029
1.07142
1.08331
1.09605
1.10975
1.1245
1.14041
1.15758
1.17612
1.19614
1.04231
1.05202
1.06236
1.07339
1.08522
1.09793
1.11161
1.12636
1.14225
1.15939
1.02675
1.03511
1.04395
1.05336
1.06341
1.07418
1.08575
1.09818
1.11156
1.12595
1.0138
1.02087
1.0283
1.03616
1.04453
1.05348
1.06305
1.07333
1.08435
1.09617
1.00367
1.0095
1.01559
1.022
1.02879
1.03603
1.04376
1.05202
1.06087
1.07034
0.996572
1.00123
1.00604
1.01108
1.01638
1.02202
1.02804
1.03447
1.04134
1.04867
0.99276
0.996276
0.999861
1.00358
1.00748
1.01163
1.01606
1.0208
1.02588
1.03131
0.992514
0.994896
0.997273
0.999711
1.00227
1.005
1.00794
1.01113
1.01458
1.01831
0.996157
0.997375
0.998526
0.999683
1.00091
1.00227
1.00379
1.00552
1.00748
1.00968
1.00407
1.00404
1.00389
1.00372
1.00359
1.00357
1.0037
1.00404
1.0046
1.00539
1.01668
1.01525
1.01367
1.01205
1.01047
1.00902
1.00776
1.00672
1.00594
1.00542
1.03449
1.0314
1.02816
1.0249
1.02173
1.01874
1.016
1.01356
1.01147
1.00972
1.05804
1.05292
1.04769
1.0425
1.03748
1.03276
1.02842
1.02453
1.02111
1.01819
1.0879
1.08021
1.0725
1.06497
1.05778
1.05106
1.04494
1.03947
1.03469
1.03063
1.12457
1.11359
1.10277
1.09234
1.08252
1.07346
1.06529
1.05808
1.05188
1.04669
1.16844
1.15321
1.13845
1.12444
1.11142
1.09957
1.08902
1.07986
1.07212
1.0658
1.21964
1.19898
1.17925
1.1608
1.14389
1.12872
1.11541
1.10403
1.09462
1.08715
1.27798
1.25039
1.22447
1.20057
1.17899
1.1599
1.1434
1.12955
1.11833
1.1097
1.34275
1.30647
1.27292
1.24247
1.21537
1.19174
1.17164
1.15505
1.14194
1.13218
1.41247
1.36551
1.32281
1.28466
1.2512
1.22246
1.1984
1.17891
1.16385
1.15308
1.48457
1.4249
1.37159
1.32472
1.28423
1.24997
1.22172
1.19926
1.18234
1.17075
1.55501
1.48093
1.41592
1.35968
1.31182
1.27191
1.23951
1.21421
1.19564
1.1835
1.61807
1.52878
1.45178
1.38621
1.33121
1.28597
1.24978
1.22201
1.20216
1.1898
1.66667
1.56294
1.47491
1.401
1.33981
1.29012
1.25091
1.22133
1.20072
1.18858
1.69353
1.57815
1.48151
1.40132
1.33568
1.28299
1.24195
1.21154
1.19095
1.17956
1.69337
1.5709
1.4693
1.38577
1.31802
1.26421
1.22288
1.19287
1.17328
1.16341
1.66439
1.54047
1.43822
1.35465
1.28738
1.2345
1.19455
1.16636
1.149
1.1417
1.6096
1.48967
1.39078
1.31016
1.24566
1.19557
1.15856
1.13362
1.11988
1.11655
1.53674
1.42445
1.33155
1.25588
1.1957
1.14968
1.11682
1.09632
1.0875
1.08968
1.45543
1.35187
1.26585
1.19581
1.14055
1.09918
1.07106
1.05576
1.05288
1.06192
1.37368
1.27801
1.1983
1.13352
1.0829
1.04601
1.02261
1.01267
1.01615
1.03287
1.29608
1.20678
1.1322
1.07166
1.02484
0.991665
0.972346
0.967257
0.976791
1.00117
1.22495
1.14055
1.06971
1.01215
0.967896
0.937263
0.920856
0.919476
0.933973
0.965026
1.16225
1.08117
1.01254
0.956456
0.913294
0.88371
0.868648
0.869287
0.886903
0.922679
1.10988
1.03016
0.961954
0.905682
0.861997
0.831818
0.816339
0.816986
0.835279
0.872612
1.06872
0.98823
0.918585
0.860421
0.814611
0.78227
0.764764
0.763664
0.780587
0.816876
1.03818
0.954996
0.882198
0.820591
0.771226
0.735391
0.714612
0.710629
0.725256
0.760078
1.01642
0.929124
0.851828
0.785502
0.731384
0.69095
0.6659
0.658161
0.669803
0.702779
1.00131
0.908963
0.826174
0.754132
0.694302
0.648378
0.618257
0.60604
0.613987
0.644295
0.991292
0.893011
0.803891
0.725348
0.659079
0.60702
0.571293
0.554163
0.557985
0.584974
0.984769
0.879612
0.783474
0.697883
0.624719
0.56617
0.524629
0.502557
0.502318
0.525854
0.979177
0.866558
0.763068
0.670239
0.590066
0.525
0.477803
0.451261
0.447745
0.46863
0.971272
0.851231
0.740556
0.640726
0.553804
0.482529
0.4302
0.400217
0.395061
0.415261
0.958041
0.831066
0.713809
0.607625
0.514579
0.437725
0.381226
0.349358
0.344669
0.366759
0.936579
0.803577
0.680806
0.569347
0.47118
0.389865
0.330694
0.298897
0.29743
0.324369
0.903324
0.766272
0.639807
0.524653
0.422824
0.338736
0.278658
0.249539
0.25452
0.288978
0.855133
0.717865
0.590227
0.473266
0.369721
0.284538
0.225893
0.202852
0.217624
0.261248
0.797077
0.66149
0.534063
0.41672
0.312732
0.228347
0.17435
0.161742
0.189098
0.242148
0.73538
0.600683
0.473346
0.356043
0.252954
0.171966
0.127264
0.129863
0.170789
0.232395
0.671845
0.536287
0.408431
0.291927
0.191973
0.118304
0.0888087
0.109531
0.162232
0.230918
0.60714
0.468913
0.340437
0.226548
0.133306
0.0720572
0.0624332
0.099624
0.160894
0.235828
0.543632
0.401842
0.273369
0.164896
0.0826648
0.0383848
0.0476753
0.0954681
0.162458
0.243813
0.484906
0.338775
0.212488
0.112444
0.0449434
0.0187873
0.0396667
0.0919234
0.162396
0.24909
0.433048
0.281804
0.161048
0.0720678
0.0213465
0.00964279
0.0334933
0.0863441
0.158886
0.249712
0.38277
0.230645
0.117918
0.0433879
0.00930711
0.00579447
0.0270213
0.0779988
0.151739
0.245735
0.334554
0.184917
0.0826222
0.0239256
0.00437866
0.00400099
0.0202362
0.066814
0.140849
0.237817
0.280545
0.141251
0.0537108
0.0121296
0.00258835
0.0028821
0.013744
0.0533893
0.125836
0.225717
0.217202
0.0994169
0.0315188
0.00606776
0.00201354
0.00222869
0.00841479
0.038676
0.106078
0.206757
0.151084
0.0640702
0.0170849
0.00355327
0.00184506
0.00192813
0.00488731
0.0246252
0.0816433
0.17875
0.0978164
0.0395794
0.00924095
0.00257672
0.00179779
0.00181778
0.00302466
0.0133189
0.0538971
0.132268
0.0684819
0.0237127
0.00498417
0.00219069
0.00178711
0.0017884
0.00225658
0.00599137
0.028165
0.0787163
0.234548
0.231085
0.227111
0.22262
0.217618
0.212116
0.206134
0.1997
0.192846
0.185666
0.178705
0.17183
0.164926
0.157981
0.151024
0.1441
0.137259
0.130544
0.123995
0.117638
0.111493
0.105571
0.0998707
0.0943851
0.0890986
0.0839902
0.0790344
0.0742035
0.0694687
0.0648004
0.0601678
0.0555357
0.0508596
0.0460706
0.041008
0.035506
0.0296684
0.0233009
0.0168563
0.00795356
0.485929
0.479004
0.471198
0.462519
0.452984
0.442632
0.431513
0.419694
0.407254
0.394274
0.380821
0.367065
0.353121
0.339093
0.325079
0.311172
0.297452
0.283987
0.27083
0.258021
0.245583
0.233526
0.221849
0.210536
0.199562
0.188896
0.178498
0.168324
0.158327
0.148457
0.13866
0.12887
0.119009
0.108966
0.098587
0.0876651
0.0761602
0.0637263
0.0482131
0.0213677
0.609227
0.601207
0.592126
0.581984
0.570802
0.558624
0.545517
0.531566
0.516878
0.501567
0.48575
0.469529
0.453016
0.436323
0.419555
0.402812
0.386186
0.369754
0.353582
0.337723
0.322215
0.30708
0.29233
0.277962
0.263963
0.250311
0.236973
0.22391
0.211077
0.198419
0.185879
0.173385
0.160853
0.148174
0.135202
0.12174
0.10747
0.0915861
0.0709447
0.0322641
0.698092
0.689739
0.680163
0.669349
0.657306
0.644073
0.629723
0.614357
0.598103
0.581102
0.563499
0.545402
0.526941
0.508245
0.489433
0.470618
0.451899
0.433362
0.415076
0.397099
0.379471
0.362221
0.345362
0.328899
0.312823
0.297119
0.281758
0.266706
0.251918
0.237344
0.222922
0.208581
0.194231
0.179754
0.16498
0.149637
0.133216
0.114518
0.0897784
0.041778
0.774479
0.766279
0.756674
0.745609
0.733065
0.719066
0.703682
0.687033
0.669278
0.650602
0.631169
0.611143
0.590693
0.569982
0.549157
0.528349
0.507673
0.48722
0.467061
0.447251
0.427831
0.408823
0.39024
0.372081
0.35434
0.337
0.320033
0.303403
0.287066
0.270969
0.255046
0.23922
0.223389
0.207414
0.191085
0.174055
0.155662
0.134413
0.105818
0.0496106
0.846603
0.839038
0.829839
0.818886
0.806104
0.791478
0.775069
0.757019
0.737541
0.716897
0.695304
0.673011
0.650257
0.627257
0.604198
0.581237
0.558502
0.536088
0.514066
0.492481
0.471364
0.45073
0.430577
0.410899
0.391681
0.372903
0.354532
0.336527
0.318839
0.301406
0.284159
0.267006
0.249831
0.232467
0.214665
0.196006
0.175706
0.152024
0.119819
0.0561954
0.918841
0.912529
0.9043
0.893922
0.881211
0.86607
0.848525
0.828749
0.807056
0.783852
0.75948
0.734327
0.708735
0.682991
0.657326
0.631919
0.606903
0.582371
0.558384
0.534972
0.512146
0.489902
0.468221
0.447081
0.426459
0.406324
0.386637
0.367347
0.348395
0.329712
0.311215
0.2928
0.274331
0.255617
0.236367
0.216103
0.193935
0.167914
0.132322
0.0619796
0.994119
0.989962
0.98357
0.974512
0.962395
0.946931
0.92803
0.905902
0.881085
0.854264
0.826095
0.797188
0.768011
0.738919
0.710169
0.681945
0.654364
0.627502
0.601391
0.576038
0.551427
0.527524
0.504287
0.481673
0.459646
0.438167
0.417185
0.396635
0.376448
0.356542
0.33682
0.317163
0.297416
0.277362
0.256674
0.234821
0.21082
0.182534
0.14373
0.0671545
1.07462
1.07399
1.07085
1.06443
1.05393
1.03861
1.01803
0.992445
0.962709
0.930361
0.896808
0.862915
0.829227
0.796092
0.763733
0.73229
0.701839
0.672404
0.64398
0.616535
0.590026
0.564385
0.539517
0.51536
0.491886
0.46904
0.446748
0.424931
0.403504
0.382373
0.361426
0.340528
0.319503
0.298109
0.275988
0.252555
0.226747
0.196252
0.154357
0.0718725
1.16183
1.16672
1.16905
1.1676
1.16086
1.14712
1.12464
1.09364
1.05451
1.01342
0.972417
0.932143
0.892978
0.855114
0.81864
0.783588
0.749951
0.717696
0.686765
0.657079
0.628538
0.601013
0.574395
0.548631
0.52366
0.499402
0.475764
0.45265
0.429962
0.407588
0.385402
0.363252
0.340942
0.318205
0.29465
0.269644
0.242044
0.209373
0.164465
0.0762651
1.25616
1.26921
1.28032
1.28794
1.28998
1.28303
1.25592
1.20576
1.15432
1.10242
1.05255
1.00494
0.959567
0.916388
0.875324
0.836284
0.799165
0.763855
0.730218
0.6981
0.667341
0.637785
0.609327
0.581881
0.555348
0.529618
0.504584
0.480133
0.45615
0.432507
0.409062
0.385644
0.362037
0.337949
0.312953
0.286376
0.256989
0.222157
0.17427
0.080445
1.35651
1.38072
1.40475
1.42741
1.44734
1.43901
1.3856
1.323
1.25701
1.19444
1.13571
1.08051
1.02861
0.979777
0.933814
0.890517
0.849681
0.811095
0.77454
0.739793
0.706651
0.674956
0.644571
0.61536
0.587187
0.559924
0.533441
0.50761
0.482295
0.457355
0.432628
0.407926
0.383012
0.357569
0.331139
0.302994
0.271825
0.234837
0.183979
0.0847043
1.45984
1.49776
1.53806
1.57914
1.6168
1.58173
1.51295
1.43514
1.35903
1.28744
1.22043
1.15781
1.09935
1.04477
0.993784
0.946087
0.901375
0.859348
0.819712
0.782203
0.746595
0.712686
0.68029
0.649234
0.619355
0.5905
0.562518
0.535262
0.50858
0.482312
0.456279
0.430275
0.404041
0.377235
0.349363
0.319649
0.286701
0.247556
0.193727
0.0890278
1.56145
1.61534
1.67651
1.74524
1.79986
1.72509
1.64753
1.55203
1.46367
1.38191
1.30618
1.23602
1.17098
1.11066
1.05464
1.00251
0.953873
0.908346
0.865588
0.825289
0.787175
0.750998
0.716534
0.683579
0.651943
0.621448
0.591926
0.563208
0.535125
0.507501
0.48014
0.452815
0.425247
0.397069
0.367751
0.336467
0.301742
0.260445
0.203644
0.0934093
1.65377
1.72218
1.80322
1.9008
1.94473
1.85366
1.77489
1.66678
1.56715
1.47556
1.3913
1.31376
1.24234
1.17647
1.11558
1.05915
1.00669
0.957753
0.911936
0.868882
0.828271
0.789819
0.75327
0.71839
0.684968
0.652804
0.621709
0.5915
0.56199
0.532986
0.504276
0.475614
0.446702
0.417143
0.386377
0.353524
0.317027
0.273586
0.213812
0.0978992
1.73006
1.80681
1.89709
2.00393
2.04636
1.95718
1.88552
1.77624
1.667
1.5662
1.4739
1.38948
1.31215
1.24115
1.17576
1.11535
1.05933
1.00718
0.958457
0.912752
0.869713
0.829026
0.790409
0.753609
0.718392
0.684544
0.651859
0.620139
0.589182
0.55878
0.528705
0.498694
0.468428
0.437485
0.40527
0.370854
0.332592
0.287013
0.224256
0.102515
1.79028
1.87039
1.96291
2.06977
2.11789
2.03554
1.96579
1.88019
1.76247
1.6518
1.55197
1.46148
1.37908
1.3037
1.23444
1.17054
1.11135
1.05629
1.00488
0.956684
0.911328
0.868479
0.827839
0.789141
0.75214
0.716606
0.682323
0.649079
0.616662
0.58485
0.553399
0.522031
0.490407
0.458079
0.42442
0.388448
0.348434
0.30073
0.234984
0.107272
1.83802
1.91887
2.01015
2.11247
2.16264
2.09137
2.0157
1.94931
1.84273
1.72658
1.62222
1.52784
1.44194
1.36334
1.29108
1.22435
1.16247
1.10486
1.05102
1.00052
0.952977
0.908053
0.865447
0.824884
0.786113
0.748899
0.713016
0.678243
0.644358
0.611127
0.578294
0.545566
0.512582
0.478875
0.44378
0.406267
0.36452
0.314713
0.245989
0.112176
1.87785
1.95916
2.04871
2.14419
2.18404
2.13063
2.05558
1.99414
1.90394
1.78872
1.68379
1.58812
1.50053
1.42
1.34565
1.27675
1.21266
1.15285
1.09683
1.04419
0.99458
0.947657
0.903131
0.860731
0.820205
0.781314
0.74383
0.707523
0.672165
0.63751
0.603293
0.569204
0.534866
0.499787
0.463271
0.424237
0.380782
0.328901
0.257221
0.11721
1.9135
1.99765
2.08984
2.18747
2.21863
2.15796
2.08708
2.02211
1.9513
1.84308
1.73949
1.64409
1.55603
1.47449
1.39874
1.32816
1.26221
1.20043
1.14239
1.08773
1.03611
0.987229
0.940805
0.896577
0.854297
0.813727
0.774635
0.73679
0.699953
0.663874
0.628272
0.592827
0.557144
0.520706
0.482787
0.442256
0.397124
0.343204
0.268599
0.122339
1.94501
2.03417
2.13258
2.23954
2.26869
2.19377
2.11775
2.04782
1.98324
1.89472
1.79273
1.69823
1.6103
1.52819
1.45135
1.37929
1.3116
1.24791
1.18788
1.1312
1.07757
1.02672
0.978378
0.932304
0.888252
0.845989
0.805279
0.765887
0.727569
0.690064
0.653083
0.61629
0.579274
0.541497
0.502198
0.4602
0.413427
0.357509
0.280021
0.127515
1.96962
2.06444
2.16979
2.2852
2.31979
2.23981
2.15888
2.08427
2.0169
1.94059
1.84518
1.75287
1.66543
1.58278
1.50472
1.43102
1.36141
1.29566
1.23351
1.17468
1.11895
1.06604
1.01573
0.967762
0.921905
0.877922
0.835579
0.794632
0.75483
0.715904
0.677553
0.639427
0.601098
0.562006
0.521359
0.477929
0.429557
0.371693
0.291387
0.132696
1.98395
2.08443
2.19789
2.32554
2.37356
2.29234
2.20853
2.12968
2.05776
1.99008
1.90558
1.81301
1.72454
1.64026
1.56015
1.48415
1.41214
1.34393
1.27935
1.21816
1.16014
1.10506
1.05267
1.00274
0.955036
0.909308
0.865315
0.822809
0.781529
0.741193
0.70149
0.662055
0.622441
0.582067
0.540109
0.495292
0.445373
0.385623
0.30257
0.137816
1.98351
2.08696
2.20563
2.34374
2.42311
2.35012
2.26444
2.18357
2.11096
2.04715
1.97432
1.88064
1.78929
1.70176
1.61834
1.53907
1.46391
1.3927
1.32528
1.26142
1.20091
1.14349
1.08892
1.03697
0.987367
0.939871
0.894225
0.850168
0.807427
0.765707
0.724682
0.683972
0.643114
0.601502
0.558283
0.512135
0.460734
0.399178
0.313494
0.142853
1.9657
2.06608
2.17872
2.30388
2.43358
2.42063
2.32381
2.23885
2.16528
2.10232
2.04589
1.95902
1.8607
1.76749
1.67912
1.59546
1.51632
1.44152
1.37084
1.30402
1.24079
1.18091
1.12408
1.07005
1.01854
0.969281
0.922002
0.876424
0.83226
0.789199
0.746901
0.704969
0.66292
0.620129
0.57571
0.528298
0.47549
0.412221
0.32403
0.147775
1.93511
2.03163
2.1398
2.26071
2.39547
2.44375
2.36473
2.28517
2.21385
2.15214
2.10018
2.03638
1.93454
1.83514
1.74094
1.65205
1.56831
1.48946
1.4152
1.3452
1.27915
1.21673
1.15762
1.10152
1.04813
0.997155
0.948298
0.901261
0.85574
0.811408
0.767907
0.724824
0.681657
0.63776
0.59222
0.543625
0.489501
0.424624
0.334075
0.1525
1.89411
1.98563
2.08817
2.2034
2.3338
2.44663
2.41124
2.32969
2.25741
2.19527
2.14084
2.09774
2.01363
1.90395
1.80207
1.70708
1.61829
1.53515
1.45719
1.38398
1.31512
1.25021
1.18889
1.13081
1.07564
1.02305
0.972719
0.924329
0.877553
0.832049
0.787443
0.743306
0.699119
0.654212
0.607646
0.557968
0.502635
0.436276
0.343538
0.157024
1.84488
1.92979
2.02403
2.12843
2.24373
2.36966
2.42387
2.36264
2.29098
2.22679
2.17026
2.12289
2.06647
1.96567
1.85779
1.75745
1.664
1.57683
1.4954
1.41919
1.34771
1.28052
1.21719
1.15732
1.10054
1.04651
0.99486
0.945264
0.897375
0.850833
0.805248
0.760176
0.715082
0.669276
0.621793
0.571144
0.514719
0.44701
0.352264
0.161299
1.79075
1.86878
1.9546
2.04867
2.15138
2.26306
2.3539
2.35483
2.30532
2.24629
2.1898
2.14155
2.1003
2.01721
1.90586
1.80115
1.70362
1.61291
1.52846
1.44966
1.37596
1.30683
1.2418
1.18043
1.12232
1.06707
1.01432
0.96372
0.914898
0.867484
0.821074
0.77521
0.729344
0.682767
0.634492
0.582998
0.525614
0.45671
0.360176
0.165282
1.73454
1.80618
1.88443
1.96949
2.06139
2.15981
2.2621
2.31486
2.29793
2.25488
2.19896
2.1455
2.10241
2.05053
1.9493
1.83765
1.73575
1.64194
1.55509
1.47433
1.39897
1.3284
1.26211
1.19961
1.14049
1.08433
1.03075
0.979378
0.929839
0.881749
0.834693
0.788204
0.74172
0.694518
0.645593
0.593392
0.535196
0.465264
0.367183
0.168926
1.67807
1.74412
1.81608
1.89415
1.97849
2.06915
2.16616
2.24627
2.26361
2.24251
2.19583
2.13858
2.08733
2.03677
1.96267
1.85937
1.75678
1.66194
1.57403
1.49227
1.416
1.34461
1.27757
1.21441
1.15467
1.09794
1.04383
0.991963
0.941952
0.893408
0.845909
0.798979
0.752048
0.704383
0.654961
0.602204
0.543348
0.472557
0.37314
0.171919
1.6221
1.68319
1.74973
1.822
1.90023
1.98464
2.07536
2.16835
2.22032
2.21675
2.18116
2.12455
2.06718
2.01571
1.95898
1.86981
1.76771
1.67295
1.58497
1.50309
1.42665
1.35508
1.28785
1.22449
1.16456
1.10763
1.05333
1.00125
0.951037
0.902278
0.854554
0.807384
0.760192
0.712238
0.662487
0.609341
0.549998
0.478546
0.378072
0.174475
1.56684
1.62331
1.68486
1.75182
1.82452
1.90338
1.98896
2.08211
2.16226
2.17825
2.15218
2.10067
2.04129
1.98577
1.93113
1.862
1.76856
1.67485
1.58774
1.50656
1.4307
1.35958
1.29272
1.22965
1.16995
1.11321
1.05905
1.00708
0.956934
0.908213
0.860494
0.813295
0.76604
0.717983
0.668082
0.614725
0.555085
0.48319
0.381963
0.176635
1.51241
1.56439
1.62104
1.6827
1.74966
1.82225
1.90075
1.98532
2.07486
2.13084
2.11779
2.07184
2.01267
1.95434
1.89966
1.84058
1.75832
1.66747
1.58238
1.50276
1.42815
1.35808
1.2921
1.22978
1.17073
1.11455
1.06087
1.00932
0.95953
0.911104
0.863626
0.816618
0.769503
0.721534
0.671668
0.618288
0.558548
0.486443
0.384782
0.178381
1.45901
1.50655
1.55836
1.61474
1.67599
1.74244
1.81444
1.8925
1.97739
2.05345
2.06888
2.03536
1.97984
1.9202
1.86388
1.80728
1.73814
1.6531
1.56995
1.49215
1.41921
1.35063
1.28597
1.22484
1.16683
1.11159
1.05873
1.00791
0.958749
0.910879
0.863882
0.817284
0.770514
0.722829
0.673186
0.619969
0.56033
0.488248
0.38649
0.179734
1.40695
1.45009
1.49709
1.54822
1.60372
1.66386
1.72886
1.79893
1.87419
1.95416
2.00633
1.99029
1.94176
1.88262
1.82523
1.77003
1.70831
1.62984
1.5498
1.47455
1.40382
1.33721
1.27433
1.21479
1.15823
1.10428
1.05258
1.00279
0.954557
0.907503
0.861225
0.815258
0.769038
0.721829
0.672595
0.619724
0.560372
0.488518
0.386921
0.18029
1.35656
1.39539
1.43767
1.48365
1.53354
1.58756
1.64591
1.70877
1.77637
1.84898
1.91385
1.92986
1.89615
1.84072
1.78354
1.72948
1.67236
1.59913
1.52239
1.45008
1.38201
1.31783
1.25718
1.19966
1.14494
1.09264
1.04245
0.994001
0.946968
0.900987
0.855664
0.810545
0.765076
0.718532
0.669887
0.617541
0.558663
0.487252
0.386121
0.180355
1.30823
1.34283
1.38052
1.42149
1.46596
1.51412
1.56614
1.62217
1.68235
1.74687
1.81591
1.86578
1.84658
1.79498
1.73957
1.68724
1.63177
1.56152
1.48805
1.41891
1.35388
1.29258
1.23458
1.17953
1.12704
1.07678
1.02841
0.981618
0.936064
0.891406
0.847264
0.8032
0.758673
0.712974
0.665091
0.613442
0.55522
0.484465
0.384107
0.17983
1.2623
1.29279
1.326
1.36212
1.40137
1.44393
1.48999
1.5397
1.59306
1.64991
1.7095
1.76836
1.78791
1.74471
1.6928
1.64301
1.58618
1.5162
1.44631
1.38084
1.3194
1.2615
1.20669
1.15455
1.10473
1.05687
1.01067
0.965822
0.92201
0.878909
0.836161
0.793344
0.749936
0.705247
0.658285
0.607491
0.550092
0.480192
0.380886
0.178709
1.21911
1.2456
1.27445
1.30584
1.33999
1.37713
1.41753
1.46153
1.50954
1.56219
1.62066
1.68699
1.7328
1.69612
1.64659
1.59719
1.53296
1.46219
1.39651
1.33557
1.27855
1.2248
1.17378
1.12508
1.07835
1.03327
0.98955
0.946915
0.905081
0.863747
0.822577
0.781175
0.73904
0.695505
0.649602
0.599802
0.543376
0.474506
0.376509
0.176999
1.17902
1.20162
1.2262
1.25292
1.28197
1.31356
1.34797
1.38557
1.42688
1.47267
1.52428
1.58403
1.65539
1.63934
1.59049
1.52568
1.45778
1.39516
1.33714
1.28288
1.23169
1.18304
1.1365
1.09176
1.04852
1.00653
0.965555
0.925354
0.885685
0.84628
0.806833
0.766976
0.726235
0.683968
0.639236
0.590545
0.535216
0.467527
0.371066
0.174733
1.14239
1.16127
1.18173
1.20387
1.22782
1.25371
1.28171
1.31199
1.3448
1.3804
1.41909
1.46136
1.50768
1.52206
1.47837
1.4224
1.36961
1.31933
1.27125
1.22511
1.18069
1.13778
1.09618
1.05571
1.0162
0.977491
0.939405
0.901763
0.864364
0.826982
0.789345
0.751113
0.711842
0.670918
0.627436
0.579937
0.525802
0.459419
0.364685
0.171967
1.10963
1.12502
1.14159
1.1594
1.17849
1.19887
1.22056
1.24352
1.26764
1.29269
1.31813
1.34288
1.36456
1.37532
1.3519
1.3175
1.28055
1.24257
1.20433
1.16626
1.12856
1.09135
1.05465
1.01843
0.982629
0.947179
0.911973
0.876884
0.841759
0.806407
0.770593
0.734005
0.69623
0.656683
0.614489
0.568234
0.515357
0.450371
0.357517
0.168773
1.08108
1.09328
1.10634
1.12025
1.13497
1.15045
1.16658
1.18319
1.20002
1.21666
1.23245
1.24635
1.25673
1.26058
1.24988
1.22782
1.20132
1.17231
1.14177
1.11032
1.07837
1.04616
1.01383
0.981466
0.949084
0.916666
0.884162
0.851489
0.81853
0.785129
0.751077
0.716092
0.679786
0.641603
0.6007
0.555702
0.504118
0.440588
0.349722
0.16521
1.05697
1.06637
1.07635
1.08688
1.09789
1.10927
1.12088
1.1325
1.14384
1.15453
1.16402
1.17165
1.17655
1.17758
1.1717
1.15631
1.13537
1.11178
1.0864
1.05974
1.03216
1.00392
0.975193
0.946076
0.916628
0.886863
0.856759
0.82626
0.795274
0.763669
0.731258
0.697781
0.662873
0.626002
0.586356
0.542601
0.492312
0.430266
0.34146
0.161369
1.03746
1.04441
1.05176
1.05945
1.06739
1.07547
1.08353
1.09137
1.09871
1.10526
1.11062
1.11434
1.11593
1.11488
1.11038
1.0991
1.08131
1.06084
1.03869
1.01526
0.990795
0.965512
0.939554
0.913019
0.885962
0.858406
0.830338
0.801715
0.772459
0.74245
0.711517
0.679416
0.645801
0.61016
0.571709
0.529156
0.480141
0.419581
0.33287
0.157315
1.02257
1.0274
1.03251
1.03783
1.04328
1.04872
1.054
1.05894
1.06331
1.06684
1.06924
1.0702
1.06938
1.06647
1.0611
1.05178
1.03669
1.0181
0.997939
0.976596
0.954265
0.931091
0.907183
0.882616
0.857432
0.831647
0.805246
0.778189
0.750401
0.721769
0.692131
0.661256
0.628808
0.594297
0.556962
0.51555
0.467767
0.40867
0.324062
0.153098
1.01226
1.01525
1.01846
1.02181
1.0252
1.02851
1.03159
1.03425
1.03629
1.03747
1.03756
1.0363
1.03344
1.02876
1.02208
1.01297
0.999526
0.98216
0.963168
0.943121
0.922183
0.900453
0.878005
0.854887
0.831123
0.806715
0.781641
0.755856
0.729283
0.701813
0.673287
0.64348
0.612069
0.578577
0.542268
0.501923
0.455314
0.39764
0.315115
0.148746
1.00647
1.00786
1.00945
1.01114
1.01284
1.01441
1.0157
1.01651
1.01665
1.01589
1.01401
1.01079
1.00605
0.999635
0.991475
0.9814
0.96838
0.951853
0.933455
0.914126
0.894031
0.873236
0.851782
0.829692
0.80697
0.783602
0.759557
0.73478
0.709193
0.682684
0.655095
0.626205
0.5957
0.563116
0.527735
0.488375
0.442873
0.386566
0.306084
0.144279
1.00515
1.00514
1.00535
1.00567
1.00599
1.00616
1.00598
1.00527
1.00381
1.00134
0.997651
0.992529
0.985841
0.977534
0.967612
0.956075
0.942575
0.92622
0.907977
0.888953
0.869299
0.849052
0.828227
0.806826
0.784835
0.762226
0.738956
0.714961
0.690157
0.664429
0.637618
0.609505
0.579783
0.547997
0.513449
0.47499
0.430516
0.375507
0.297007
0.139712
1.00822
1.007
1.00607
1.00532
1.00459
1.00369
1.00241
1.0005
0.997685
0.993684
0.988211
0.981056
0.97218
0.961682
0.949703
0.936384
0.92164
0.90471
0.886232
0.867157
0.847604
0.827581
0.807084
0.786093
0.764575
0.742489
0.719777
0.696369
0.672172
0.647067
0.620892
0.593431
0.564378
0.533289
0.499481
0.461837
0.418311
0.364515
0.287901
0.135228
1.01558
1.01336
1.01157
1.01007
1.00868
1.00716
1.00523
1.00257
0.998794
0.99346
0.986129
0.976517
0.964845
0.951567
0.937058
0.921563
0.905068
0.887001
0.86789
0.84843
0.828671
0.808592
0.788161
0.767338
0.746072
0.724305
0.701968
0.678979
0.655237
0.630616
0.604954
0.578031
0.549544
0.519058
0.485905
0.448994
0.406338
0.353677
0.278873
0.130796
1.02704
1.02403
1.02169
1.01985
1.01828
1.01672
1.0148
1.01205
1.00793
1.00179
0.992846
0.980008
0.964142
0.946941
0.929181
0.911035
0.892343
0.872715
0.852638
0.832489
0.812247
0.791861
0.77127
0.750408
0.729205
0.707584
0.685463
0.662748
0.63933
0.615075
0.589816
0.563332
0.535321
0.505354
0.472776
0.436523
0.394661
0.343061
0.269991
0.126376
1.04222
1.03864
1.03607
1.03431
1.0331
1.03212
1.03091
1.02898
1.02571
1.02021
1.01108
0.993328
0.96995
0.947454
0.92576
0.904493
0.883128
0.861546
0.84016
0.819032
0.798067
0.777163
0.756223
0.735151
0.713852
0.692234
0.670197
0.647636
0.624431
0.600441
0.575492
0.549361
0.521748
0.492225
0.460153
0.424491
0.383359
0.332752
0.26134
0.122008
1.06054
1.05659
1.05409
1.05281
1.05243
1.05258
1.05288
1.05301
1.05239
1.04922
1.0318
1.0053
0.977777
0.950777
0.925376
0.900852
0.876596
0.85287
0.829945
0.807653
0.785806
0.764241
0.742816
0.721406
0.699893
0.678164
0.656106
0.633601
0.610518
0.586708
0.561993
0.536145
0.508862
0.479724
0.448099
0.412972
0.372513
0.322841
0.253015
0.117746
1.08119
1.07708
1.07495
1.07451
1.07538
1.07719
1.07967
1.0826
1.08121
1.06566
1.03753
1.00849
0.982028
0.955032
0.926325
0.898045
0.871063
0.84554
0.821222
0.797817
0.775079
0.752808
0.730835
0.709012
0.687205
0.665285
0.643127
0.620602
0.59757
0.573874
0.54933
0.523707
0.496702
0.467898
0.436675
0.402039
0.362211
0.313427
0.245114
0.113653
1.10315
1.09914
1.09776
1.09864
1.10135
1.10548
1.11045
1.11326
1.10259
1.07431
1.04155
1.00989
0.980856
0.953257
0.922822
0.893108
0.865119
0.838622
0.813351
0.789064
0.765547
0.742611
0.720087
0.697823
0.675678
0.653516
0.631203
0.608603
0.585567
0.561935
0.537514
0.512071
0.485304
0.456798
0.425943
0.391766
0.352537
0.304603
0.237736
0.109793
1.12522
1.12167
1.12157
1.12452
1.13017
1.13822
1.14797
1.148
1.12257
1.08546
1.04709
1.0115
0.978703
0.947728
0.917013
0.887427
0.859153
0.832117
0.806184
0.781205
0.757022
0.733479
0.710426
0.687718
0.665216
0.642783
0.62028
0.597566
0.57449
0.550882
0.526549
0.501255
0.474697
0.446463
0.415953
0.382216
0.343564
0.296451
0.230963
0.106221
1.14598
1.14332
1.14513
1.15104
1.16078
1.17402
1.18584
1.17333
1.13509
1.09138
1.05021
1.01269
0.978151
0.945116
0.913235
0.882963
0.854088
0.826434
0.799858
0.774234
0.749429
0.72531
0.701744
0.678595
0.655728
0.633008
0.610295
0.587445
0.564303
0.540697
0.51643
0.491264
0.464897
0.43692
0.406743
0.373434
0.335347
0.289032
0.224852
0.10298
1.16383
1.16257
1.16699
1.17679
1.19171
1.21097
1.21809
1.18827
1.14138
1.09497
1.05258
1.01378
0.977849
0.943506
0.91077
0.879714
0.850091
0.821709
0.79443
0.768133
0.742699
0.718005
0.693928
0.670339
0.647106
0.624095
0.601166
0.578171
0.554954
0.531339
0.507129
0.482082
0.455899
0.428174
0.398326
0.365442
0.327914
0.282377
0.219435
0.100096
1.17713
1.1778
1.18558
1.2003
1.22177
1.24582
1.24308
1.1992
1.14662
1.09867
1.05527
1.01549
0.978388
0.943151
0.909619
0.877688
0.847177
0.817938
0.789855
0.762818
0.736715
0.711428
0.686834
0.662806
0.639213
0.615917
0.592777
0.569643
0.546355
0.522737
0.498586
0.473664
0.447668
0.4202
0.390686
0.358231
0.32126
0.276484
0.214708
0.0975769
1.18433
1.18728
1.19884
1.21918
1.24847
1.27001
1.25052
1.20156
1.14882
1.10133
1.05831
1.0186
0.980988
0.944764
0.910099
0.876982
0.845321
0.815019
0.785983
0.758109
0.73128
0.705373
0.680257
0.6558
0.631862
0.608302
0.584974
0.561723
0.538386
0.514783
0.490711
0.465929
0.440137
0.41294
0.383774
0.351757
0.315347
0.271317
0.210639
0.0954115
1.18426
1.18954
1.20458
1.22949
1.26298
1.27753
1.24801
1.19821
1.14773
1.10264
1.0619
1.0239
0.986458
0.948753
0.912312
0.877478
0.844275
0.812644
0.782486
0.753677
0.726078
0.699542
0.67392
0.649062
0.624819
0.601037
0.577564
0.554237
0.53089
0.507338
0.483377
0.458765
0.433205
0.406304
0.377505
0.345944
0.310102
0.266809
0.207167
0.0935745
1.17678
1.18453
1.20296
1.23223
1.26416
1.26536
1.23355
1.18791
1.14217
1.10154
1.06505
1.03098
0.995377
0.955276
0.915825
0.878513
0.843335
0.810146
0.778765
0.748996
0.720648
0.693531
0.667466
0.642279
0.617802
0.593871
0.57032
0.546982
0.523682
0.500234
0.476432
0.452032
0.426741
0.400169
0.371767
0.340685
0.305427
0.262867
0.204214
0.0920306
1.16265
1.17296
1.19418
1.2258
1.24952
1.23914
1.20987
1.1708
1.13081
1.09552
1.06441
1.03608
1.0032
0.96228
0.918565
0.878329
0.84109
0.806411
0.773933
0.743354
0.714408
0.686857
0.660487
0.6351
0.610508
0.586533
0.563001
0.539737
0.516562
0.493287
0.469703
0.44557
0.420595
0.394394
0.366426
0.335853
0.3012
0.259382
0.201688
0.0907404
1.14389
1.15732
1.18109
1.21138
1.22414
1.20722
1.1784
1.14574
1.11283
1.08312
1.0572
1.033
0.99674
0.960346
0.915815
0.874068
0.835655
0.800111
0.767013
0.736001
0.706766
0.679041
0.652585
0.627183
0.602637
0.578759
0.555367
0.532284
0.509327
0.486306
0.463012
0.439209
0.414605
0.388824
0.361333
0.331306
0.297289
0.256232
0.199492
0.0896718
1.12329
1.14167
1.1698
1.19619
1.19373
1.17172
1.14582
1.11939
1.09222
1.06628
1.04186
1.01207
0.976639
0.943969
0.905595
0.864475
0.825964
0.790388
0.757317
0.726384
0.697271
0.669703
0.643436
0.618248
0.59394
0.57032
0.547208
0.524424
0.501787
0.479109
0.456184
0.432777
0.408605
0.383297
0.356331
0.326894
0.293553
0.253291
0.197533
0.0888994
1.10287
1.12858
1.16323
1.1837
1.16696
1.1424
1.12105
1.10087
1.0743
1.04359
1.01348
0.981845
0.94891
0.916301
0.883749
0.848282
0.811653
0.776957
0.744588
0.714261
0.685695
0.658632
0.632839
0.608104
0.584233
0.56104
0.53835
0.515988
0.493777
0.471533
0.449054
0.426113
0.402432
0.377651
0.351259
0.322457
0.289836
0.250416
0.195691
0.0883422
1.08354
1.11942
1.16401
1.17651
1.14795
1.12167
1.1041
1.08095
1.04695
1.01407
0.982162
0.95014
0.918051
0.886718
0.856047
0.825048
0.79297
0.760281
0.729046
0.699708
0.672035
0.64578
0.620721
0.596659
0.573411
0.550804
0.528671
0.506846
0.485159
0.463433
0.441473
0.419061
0.395928
0.371724
0.345952
0.317828
0.285967
0.247427
0.193779
0.0877325
1.06422
1.11237
1.16886
1.17462
1.13548
1.10258
1.07867
1.05357
1.01951
0.984848
0.95115
0.918572
0.887286
0.85729
0.828123
0.799082
0.769717
0.740121
0.710907
0.6829
0.656408
0.631208
0.607094
0.58389
0.561428
0.539548
0.518092
0.496905
0.475828
0.454691
0.433311
0.41148
0.388941
0.365357
0.340241
0.312828
0.281756
0.244128
0.191605
0.0869464
1.04265
1.10416
1.1759
1.18121
1.1312
1.0901
1.05932
1.03065
0.995062
0.958147
0.922427
0.888758
0.85738
0.828061
0.800097
0.772614
0.745055
0.71745
0.690267
0.663994
0.638897
0.614964
0.592
0.569809
0.548269
0.527236
0.506566
0.486107
0.465707
0.44521
0.42445
0.403236
0.381324
0.358389
0.333956
0.307271
0.277005
0.240304
0.188936
0.0860578
1.01583
1.09028
1.1819
1.19907
1.13419
1.08239
1.04397
1.01066
0.972672
0.933566
0.895634
0.860262
0.82804
0.798769
0.771608
0.745447
0.719484
0.693572
0.668054
0.643352
0.61971
0.597111
0.575395
0.554375
0.533903
0.51386
0.494085
0.474432
0.454745
0.4349
0.41477
0.394187
0.372922
0.350659
0.326935
0.301015
0.271588
0.235849
0.185709
0.0848947
0.980862
1.0673
1.17919
1.21411
1.13807
1.07638
1.03001
0.991344
0.950221
0.909037
0.869169
0.832197
0.79902
0.76955
0.742903
0.717816
0.693172
0.668556
0.644337
0.621086
0.598925
0.577689
0.557238
0.537447
0.51818
0.499308
0.480709
0.462011
0.442964
0.423709
0.404187
0.384237
0.36363
0.342051
0.319045
0.293893
0.265309
0.230551
0.181704
0.0832294
0.933532
1.02433
1.14222
1.2175
1.14632
1.0714
1.01167
0.966516
0.925934
0.881866
0.840409
0.802782
0.769465
0.740255
0.714222
0.689686
0.665348
0.641413
0.618593
0.596972
0.576368
0.556615
0.537561
0.519073
0.501017
0.483285
0.465792
0.44833
0.430242
0.411491
0.392551
0.373241
0.353305
0.332422
0.310142
0.285763
0.258033
0.224287
0.17682
0.0810235
0.876619
0.964689
1.07483
1.19557
1.17014
1.06901
0.993056
0.936625
0.891304
0.849
0.807798
0.770924
0.738644
0.710453
0.684764
0.659553
0.63561
0.613188
0.592086
0.572087
0.552998
0.534663
0.516943
0.499705
0.482827
0.466206
0.449747
0.433269
0.415905
0.397913
0.379701
0.361103
0.341878
0.321713
0.300174
0.276583
0.249732
0.217044
0.171074
0.0783684
0.819418
0.908895
1.02333
1.15707
1.15471
1.04846
0.965967
0.903658
0.855363
0.812801
0.773322
0.738113
0.707033
0.679334
0.653471
0.628874
0.606208
0.585237
0.565626
0.547066
0.529331
0.512288
0.495805
0.479746
0.463982
0.448466
0.433033
0.417045
0.400174
0.383072
0.365692
0.347872
0.329394
0.309974
0.289198
0.266421
0.240483
0.208915
0.164569
0.075385
0.761934
0.854349
0.976943
1.12957
1.14396
1.02633
0.936679
0.869008
0.818533
0.776608
0.737379
0.703638
0.673899
0.646739
0.621529
0.598326
0.577117
0.557596
0.539439
0.522251
0.505672
0.489703
0.4743
0.459354
0.444638
0.429882
0.414822
0.399211
0.383354
0.367221
0.350714
0.3337
0.315996
0.297344
0.277357
0.255423
0.230441
0.200056
0.157451
0.0720827
0.702031
0.795066
0.92115
1.08185
1.11175
0.993316
0.901901
0.831617
0.777633
0.735285
0.698202
0.666222
0.637897
0.61222
0.588842
0.567608
0.548084
0.529963
0.513113
0.497298
0.481907
0.466853
0.452412
0.438304
0.424084
0.409809
0.395434
0.380817
0.365921
0.350682
0.335014
0.318802
0.301882
0.284014
0.264839
0.243779
0.219794
0.190651
0.149883
0.0685393
0.639974
0.730763
0.854846
1.0125
1.05623
0.949694
0.862282
0.79268
0.737559
0.693538
0.657381
0.626226
0.599272
0.575704
0.554646
0.535517
0.517901
0.501512
0.486158
0.47146
0.457094
0.443179
0.429609
0.416242
0.402904
0.389506
0.375967
0.362201
0.348139
0.333714
0.318844
0.303417
0.287278
0.270201
0.251853
0.231691
0.208737
0.180886
0.142028
0.0648418
0.577249
0.663257
0.780489
0.927038
0.996439
0.910105
0.825389
0.756173
0.700593
0.655954
0.619643
0.589425
0.563788
0.541601
0.522005
0.504364
0.488205
0.473176
0.459001
0.445433
0.432283
0.419454
0.406841
0.394335
0.381831
0.369239
0.356481
0.34349
0.330202
0.316547
0.302442
0.287777
0.272406
0.25612
0.238607
0.21936
0.197462
0.170936
0.134033
0.0610698
0.516631
0.596463
0.702828
0.829121
0.934564
0.88767
0.795267
0.723084
0.66642
0.621468
0.585335
0.555758
0.531044
0.509927
0.491468
0.474979
0.459951
0.446007
0.432862
0.420294
0.408124
0.396214
0.384451
0.37274
0.360999
0.349152
0.337131
0.324874
0.312317
0.299392
0.286017
0.272089
0.257471
0.241969
0.225293
0.20697
0.186143
0.160959
0.126031
0.0572923
0.462084
0.538228
0.636988
0.751301
0.865756
0.848286
0.758113
0.687425
0.631926
0.58795
0.552713
0.524042
0.500263
0.480107
0.462623
0.447107
0.433033
0.420015
0.407761
0.396048
0.384702
0.373583
0.362581
0.351605
0.340577
0.32943
0.3181
0.306532
0.294663
0.282429
0.269752
0.256537
0.242656
0.227928
0.212085
0.194687
0.174934
0.151095
0.118131
0.0535935
0.415137
0.490185
0.583469
0.68609
0.787373
0.78535
0.709403
0.646304
0.595142
0.55396
0.520652
0.493432
0.47084
0.451724
0.435194
0.420574
0.407354
0.395154
0.383685
0.372728
0.36211
0.351698
0.341384
0.33108
0.320712
0.310216
0.299534
0.288612
0.277393
0.265815
0.253808
0.241282
0.22812
0.214154
0.199137
0.182659
0.163977
0.141476
0.110454
0.0500572
0.376951
0.452839
0.541206
0.631674
0.718189
0.722456
0.657903
0.602449
0.556807
0.519456
0.488842
0.463575
0.442467
0.424539
0.409012
0.395279
0.382869
0.371425
0.360671
0.350398
0.34044
0.330668
0.32098
0.311291
0.301531
0.29164
0.281563
0.271248
0.260643
0.249692
0.238327
0.226468
0.214006
0.200787
0.186582
0.171014
0.15339
0.132209
0.103092
0.0466699
0.347432
0.424881
0.507839
0.585457
0.657731
0.662978
0.607291
0.558603
0.518343
0.485052
0.457452
0.434428
0.415018
0.398418
0.38397
0.371149
0.359541
0.348822
0.338742
0.329104
0.319755
0.310573
0.301461
0.29234
0.283143
0.273815
0.264303
0.25456
0.244538
0.234183
0.223435
0.212218
0.200435
0.187944
0.174533
0.159855
0.143267
0.123373
0.0960997
0.0434576
0.325885
0.404679
0.481454
0.546931
0.607243
0.606798
0.557407
0.515377
0.480404
0.4512
0.426723
0.406075
0.388489
0.373315
0.360012
0.348138
0.337342
0.32734
0.317911
0.308878
0.300102
0.291472
0.282898
0.274306
0.265636
0.256834
0.247854
0.238651
0.22918
0.219394
0.209236
0.198638
0.18751
0.175724
0.163083
0.149267
0.133681
0.115028
0.0895155
0.0404358
0.312508
0.392679
0.460292
0.509052
0.552138
0.54801
0.507876
0.472944
0.443345
0.418253
0.396909
0.378674
0.362962
0.349263
0.337144
0.326245
0.316272
0.306987
0.298197
0.28975
0.281523
0.273416
0.265348
0.257255
0.249079
0.240773
0.232295
0.223603
0.214656
0.205411
0.195818
0.185813
0.175315
0.164206
0.152306
0.139318
0.124693
0.107224
0.0833821
0.0376263
0.3082
0.390004
0.442875
0.468217
0.495848
0.492452
0.460647
0.432147
0.407686
0.38656
0.36828
0.352427
0.33858
0.326361
0.315435
0.305518
0.29637
0.287796
0.279635
0.271757
0.264057
0.256449
0.248862
0.241239
0.23353
0.225693
0.217688
0.20948
0.201032
0.192303
0.183248
0.17381
0.163913
0.15345
0.142257
0.130058
0.116345
0.099996
0.0777241
0.0350401
0.312237
0.39018
0.421775
0.427191
0.441377
0.438875
0.415522
0.393316
0.373714
0.356384
0.341067
0.327522
0.315495
0.30473
0.294982
0.286035
0.277702
0.269826
0.262278
0.254949
0.247753
0.240618
0.233486
0.226306
0.219036
0.21164
0.204083
0.196332
0.188356
0.180117
0.171574
0.162674
0.153349
0.143499
0.132973
0.121517
0.108659
0.0933555
0.0725401
0.032674
0.323934
0.388211
0.392267
0.386809
0.391795
0.390896
0.374706
0.357668
0.342186
0.328162
0.315526
0.304151
0.293873
0.284517
0.275917
0.267917
0.260376
0.253174
0.246211
0.239402
0.232679
0.225985
0.219273
0.212503
0.20564
0.198654
0.191514
0.184193
0.176661
0.168884
0.160825
0.152436
0.14365
0.134378
0.124477
0.113713
0.101646
0.0873045
0.0678218
0.0305192
0.341781
0.387429
0.363888
0.351827
0.352065
0.352325
0.340457
0.32665
0.314077
0.302655
0.292237
0.282744
0.274046
0.266008
0.258497
0.251392
0.244594
0.238018
0.231589
0.225248
0.218944
0.212639
0.206298
0.19989
0.19339
0.186771
0.180011
0.173084
0.165964
0.158621
0.151017
0.143108
0.134832
0.126102
0.116786
0.106661
0.0953173
0.0818455
0.0635625
0.0285658
0.355873
0.388267
0.344532
0.32407
0.319679
0.321584
0.313523
0.300694
0.289761
0.280235
0.271623
0.263742
0.256458
0.249629
0.243131
0.236859
0.230728
0.224687
0.218698
0.212727
0.206749
0.200741
0.194685
0.188562
0.182353
0.176039
0.169602
0.16302
0.156271
0.149325
0.142147
0.134693
0.126901
0.118686
0.109919
0.100387
0.0897002
0.0770025
0.0597759
0.0268118
0.364602
0.388094
0.329018
0.301197
0.292722
0.29395
0.290585
0.27931
0.269517
0.261403
0.254332
0.247905
0.241917
0.236207
0.230635
0.225088
0.219492
0.213819
0.208085
0.202297
0.196463
0.190586
0.184664
0.178687
0.172646
0.166529
0.160324
0.154014
0.147578
0.140987
0.134206
0.127187
0.119865
0.112156
0.103928
0.0949637
0.084882
0.0728659
0.0565531
0.0253052
0.366823
0.383701
0.313957
0.280101
0.26758
0.265569
0.266462
0.260898
0.252784
0.246343
0.241039
0.236247
0.231659
0.227126
0.22247
0.217534
0.212248
0.206633
0.200797
0.194826
0.188793
0.182738
0.176672
0.170594
0.1645
0.158389
0.152257
0.146095
0.139884
0.133594
0.127182
0.1206
0.113777
0.106607
0.0989343
0.09053
0.0810135
0.0696032
0.0540574
0.0241466
0.363262
0.373487
0.297662
0.260023
0.24542
0.242444
0.243293
0.242303
0.239168
0.236043
0.233372
0.230842
0.228144
0.225124
0.221524
0.217083
0.211706
0.205535
0.198873
0.191997
0.185119
0.178328
0.171622
0.164981
0.158414
0.151942
0.145586
0.139351
0.13322
0.127154
0.121101
0.115009
0.108768
0.102236
0.0952144
0.0874221
0.0784554
0.0675799
0.0526556
0.0237831
0.356473
0.359675
0.281053
0.240732
0.224967
0.222867
0.226065
0.228679
0.230458
0.23224
0.233967
0.235298
0.235864
0.235412
0.233507
0.22961
0.223443
0.215449
0.206438
0.197221
0.188334
0.179878
0.171651
0.163521
0.155567
0.147938
0.140749
0.134025
0.127726
0.121773
0.116087
0.110574
0.105087
0.0994347
0.0933172
0.0863194
0.0780104
0.0677044
0.0532268
0.0246008
0.346462
0.35233
0.266766
0.221652
0.203304
0.201115
0.207549
0.216711
0.226041
0.236244
0.246963
0.257021
0.264449
0.269293
0.271118
0.26846
0.260067
0.247227
0.232339
0.217836
0.20506
0.193727
0.18245
0.170625
0.158936
0.148219
0.138901
0.130914
0.124025
0.117986
0.112627
0.107776
0.10325
0.0988355
0.0941495
0.0883764
0.081104
0.0716162
0.0571702
0.0267886
0.336031
0.350824
0.252256
0.198659
0.175951
0.172495
0.180252
0.196351
0.219314
0.248661
0.283003
0.316506
0.336153
0.351326
0.361531
0.361916
0.347762
0.322929
0.294333
0.268385
0.24907
0.235911
0.221831
0.200201
0.176062
0.156008
0.141708
0.131265
0.123235
0.116771
0.111506
0.107241
0.1038
0.100951
0.0983019
0.0949272
0.0894913
0.0816404
0.0687802
0.0361125
0.262183
0.300126
0.225246
0.164772
0.138929
0.135116
0.140572
0.156155
0.18976
0.247392
0.36182
0.491998
0.499733
0.520011
0.55521
0.572241
0.543436
0.48152
0.408167
0.355668
0.340278
0.352926
0.342482
0.274816
0.202027
0.160507
0.144173
0.133928
0.125826
0.118701
0.112567
0.107884
0.104826
0.103449
0.103065
0.103517
0.103419
0.0995422
0.0893644
0.0678677
0.126982
0.147972
0.134787
0.109348
0.105567
0.105848
0.10831
0.112574
0.12556
0.124983
0.172274
0.188447
0.640805
0.731354
0.766404
0.760792
0.716545
0.630011
0.498909
0.38782
0.318152
0.16548
0.196464
0.16433
0.127927
0.113116
0.124989
0.129067
0.12801
0.1227
0.114861
0.107591
0.102592
0.101999
0.102153
0.102838
0.104197
0.114409
0.118057
0.0908995
0.00805002
0.0176906
0.0251126
0.0323854
0.0394349
0.0458949
0.0521212
0.0583362
0.0646204
0.0710192
0.0775722
0.0843217
0.0913097
0.0985654
0.106096
0.113881
0.121881
0.130042
0.138303
0.146599
0.154874
0.163087
0.171251
0.179508
0.188043
0.196137
0.203653
0.210538
0.216759
0.2223
0.227161
0.231361
0.234926
0.237894
0.240305
0.242202
0.243628
0.244631
0.245275
0.245688
0.0230835
0.0526678
0.0699888
0.0842887
0.097774
0.110775
0.1236
0.136448
0.149432
0.162626
0.17609
0.189887
0.204078
0.218712
0.233815
0.249376
0.265348
0.281656
0.298204
0.31488
0.331567
0.348139
0.364464
0.380392
0.395696
0.410292
0.424065
0.436907
0.44873
0.459476
0.469117
0.477655
0.485116
0.49154
0.496982
0.501499
0.505151
0.507992
0.510074
0.511441
0.0360278
0.0788465
0.101725
0.120009
0.136841
0.153126
0.169259
0.185459
0.201854
0.218523
0.235522
0.252906
0.270711
0.288952
0.30763
0.326723
0.346172
0.365885
0.385753
0.40565
0.425443
0.444994
0.464161
0.482798
0.500774
0.51794
0.534143
0.549248
0.563147
0.575775
0.587105
0.597144
0.605929
0.613514
0.619967
0.625358
0.629755
0.633222
0.635811
0.637563
0.046804
0.0999294
0.127814
0.149402
0.168836
0.187453
0.205828
0.224254
0.242896
0.261843
0.281146
0.300858
0.321008
0.341592
0.362617
0.384061
0.405861
0.427925
0.450137
0.472362
0.494453
0.516252
0.537587
0.558283
0.578194
0.59713
0.614903
0.631353
0.646373
0.659911
0.671968
0.682583
0.691828
0.699787
0.706554
0.712221
0.716871
0.720579
0.723403
0.725385
0.0555226
0.117881
0.150235
0.17482
0.196609
0.21726
0.237502
0.257715
0.278114
0.298819
0.3199
0.341419
0.363395
0.385839
0.408777
0.432195
0.45603
0.480197
0.504584
0.529052
0.553434
0.577537
0.601137
0.623991
0.645848
0.66648
0.685626
0.703093
0.718784
0.732696
0.744894
0.755487
0.76461
0.772402
0.779
0.784529
0.789095
0.792788
0.795676
0.797805
0.0628399
0.133506
0.169998
0.197401
0.22142
0.243978
0.265939
0.287759
0.309696
0.331906
0.354506
0.377582
0.40117
0.425306
0.450015
0.475298
0.501118
0.527406
0.554065
0.580962
0.607919
0.634706
0.661026
0.686519
0.710768
0.733402
0.753998
0.772301
0.788275
0.802036
0.813781
0.823744
0.832162
0.839257
0.845224
0.850227
0.854404
0.85786
0.860672
0.86289
0.0691663
0.147437
0.187805
0.217893
0.244051
0.268442
0.292047
0.31539
0.338782
0.36242
0.386449
0.410982
0.436097
0.461854
0.488294
0.515441
0.543299
0.571829
0.600965
0.6306
0.660577
0.690663
0.720512
0.749607
0.777235
0.802635
0.824991
0.843893
0.859534
0.872341
0.882786
0.891311
0.898299
0.904072
0.908888
0.912953
0.916428
0.91943
0.922041
0.92431
0.0747992
0.160172
0.204208
0.236867
0.265091
0.291259
0.316463
0.341292
0.366108
0.391151
0.416598
0.442582
0.469215
0.496589
0.524775
0.553835
0.583814
0.614727
0.64656
0.679269
0.71277
0.746912
0.781417
0.815766
0.84893
0.878889
0.903462
0.922164
0.936184
0.946629
0.954448
0.960391
0.965008
0.968704
0.971781
0.974463
0.976915
0.979254
0.981557
0.983866
0.079961
0.172095
0.219636
0.254772
0.284997
0.312895
0.339661
0.365953
0.392181
0.418623
0.445489
0.472944
0.501131
0.530172
0.560163
0.591206
0.623402
0.656836
0.691571
0.727658
0.765137
0.804017
0.844251
0.885676
0.927877
0.969415
0.996757
1.0117
1.02088
1.02651
1.02984
1.03179
1.03296
1.03378
1.03453
1.0354
1.03654
1.03803
1.03995
1.04232
0.0848307
0.183484
0.23441
0.271945
0.304115
0.333697
0.36199
0.389718
0.41734
0.445174
0.47346
0.502394
0.532145
0.562869
0.594706
0.627798
0.662294
0.698341
0.736092
0.775708
0.817371
0.861291
0.907736
0.957091
1.00994
1.0608
1.10237
1.11579
1.11413
1.11148
1.10828
1.1049
1.1017
1.09897
1.09691
1.09563
1.09524
1.09578
1.09729
1.09978
0.089766
0.19455
0.248765
0.288619
0.322656
0.353857
0.383625
0.412746
0.441726
0.47092
0.500602
0.530997
0.562303
0.594705
0.628383
0.663516
0.700293
0.738914
0.779596
0.822574
0.868115
0.916514
0.968109
1.02332
1.08265
1.13829
1.1933
1.21972
1.20959
1.19798
1.18739
1.17801
1.16994
1.16329
1.15814
1.15454
1.1525
1.15204
1.15316
1.15587
0.0946409
0.205423
0.262807
0.304886
0.340713
0.373465
0.404645
0.435103
0.465389
0.495895
0.526923
0.558728
0.591535
0.625558
0.661004
0.698085
0.737023
0.778055
0.821438
0.867451
0.916399
0.968609
1.02442
1.08416
1.1481
1.20713
1.2635
1.31138
1.30577
1.28344
1.26488
1.24926
1.23618
1.2255
1.21719
1.2112
1.2075
1.20607
1.20688
1.20991
0.0994603
0.216181
0.276593
0.320783
0.358302
0.39252
0.425034
0.456754
0.488274
0.520015
0.552311
0.58544
0.619653
0.655185
0.692269
0.731141
0.77205
0.815258
0.861048
0.909729
0.961632
1.01712
1.07657
1.14038
1.20829
1.26971
1.32854
1.3859
1.38882
1.36203
1.3378
1.31675
1.29893
1.28432
1.27289
1.26457
1.25929
1.25697
1.25757
1.26105
0.104253
0.226832
0.290106
0.33627
0.375366
0.410945
0.444695
0.477584
0.510239
0.543116
0.576569
0.610901
0.646381
0.683266
0.721808
0.762263
0.804899
0.849997
0.89786
0.94881
1.0032
1.0614
1.12381
1.1909
1.26194
1.32626
1.38905
1.45521
1.4706
1.43874
1.40736
1.38014
1.35727
1.33865
1.32414
1.3136
1.30686
1.30379
1.3043
1.30833
0.108998
0.237306
0.30326
0.351247
0.391789
0.428609
0.463479
0.497419
0.531089
0.564972
0.599442
0.63482
0.671393
0.709433
0.749209
0.790992
0.835067
0.88173
0.931297
0.984102
1.0405
1.10084
1.1655
1.23481
1.30894
1.37741
1.44118
1.50953
1.54417
1.51372
1.47226
1.43782
1.40961
1.38704
1.36966
1.35712
1.34916
1.34556
1.34616
1.35088
0.113618
0.247449
0.315921
0.365577
0.407422
0.445346
0.481203
0.516056
0.550598
0.585331
0.620648
0.656885
0.69434
0.7333
0.774046
0.816862
0.862047
0.909912
0.96079
1.01503
1.07301
1.13512
1.20175
1.2733
1.3501
1.42175
1.48699
1.55832
1.60264
1.57368
1.52571
1.48586
1.45341
1.42766
1.40801
1.394
1.38523
1.38141
1.38235
1.38792
0.118116
0.25722
0.327977
0.379119
0.422106
0.460982
0.497675
0.533286
0.568535
0.603941
0.639912
0.676792
0.71489
0.754502
0.795916
0.839428
0.885347
0.933998
0.985732
1.04092
1.09998
1.16333
1.23145
1.30486
1.38406
1.45814
1.52307
1.5959
1.64772
1.61933
1.5662
1.5224
1.48699
1.45913
1.43809
1.4233
1.41427
1.41068
1.41227
1.41889
0.122426
0.266478
0.339283
0.39172
0.435678
0.475344
0.512708
0.54891
0.584688
0.620574
0.656986
0.694274
0.732753
0.772721
0.814472
0.858306
0.904537
0.953498
1.00555
1.06108
1.12052
1.18434
1.25306
1.32725
1.40751
1.4824
1.54693
1.62033
1.67568
1.64778
1.59182
1.54598
1.50921
1.48055
1.45917
1.44443
1.43581
1.43294
1.43554
1.44346
0.126507
0.275113
0.3497
0.403231
0.447984
0.488272
0.52614
0.562755
0.598875
0.635042
0.671672
0.709121
0.747705
0.78772
0.829458
0.873216
0.919305
0.968054
1.01982
1.07499
1.13399
1.19729
1.26539
1.33888
1.41831
1.49221
1.55626
1.62889
1.68417
1.65757
1.60156
1.55589
1.51956
1.49154
1.47098
1.45719
1.44967
1.44803
1.45202
1.46149
0.130276
0.282939
0.359074
0.413515
0.458893
0.499634
0.537835
0.574685
0.610954
0.647187
0.683808
0.721167
0.759575
0.799323
0.840692
0.883969
0.929452
0.977455
1.02832
1.0824
1.14011
1.20187
1.26815
1.33943
1.41615
1.48693
1.55029
1.62052
1.67264
1.64839
1.59537
1.55226
1.51826
1.49236
1.47373
1.46175
1.45597
1.45605
1.46176
1.473
0.133815
0.289794
0.367241
0.422413
0.468253
0.509288
0.547657
0.584569
0.620803
0.656905
0.693298
0.730325
0.76829
0.807469
0.848131
0.890545
0.934985
0.981741
1.03112
1.08346
1.13911
1.19845
1.26188
1.32978
1.40229
1.46816
1.52929
1.59452
1.64102
1.62065
1.57421
1.53617
1.50631
1.48383
1.46811
1.45867
1.45515
1.4573
1.46498
1.47814
0.136885
0.2956
0.374108
0.429834
0.475977
0.517153
0.555535
0.592348
0.628374
0.66416
0.700122
0.736595
0.77387
0.812208
0.851859
0.893067
0.936081
0.981158
1.02857
1.07861
1.13158
1.18783
1.24774
1.31171
1.37717
1.43575
1.49395
1.55285
1.59367
1.57896
1.54142
1.51015
1.48561
1.46742
1.45523
1.44877
1.44783
1.45227
1.46203
1.47712
0.139445
0.300306
0.37962
0.435722
0.48202
0.523195
0.561447
0.598013
0.633675
0.668979
0.70433
0.740054
0.776425
0.813689
0.85207
0.891788
0.933061
0.976108
1.02116
1.06846
1.11825
1.1708
1.22636
1.2851
1.34428
1.39773
1.45034
1.50224
1.53967
1.53107
1.5021
1.47766
1.4586
1.44487
1.43638
1.43303
1.43475
1.44151
1.45332
1.47026
0.14147
0.303887
0.383755
0.440065
0.486378
0.527422
0.565419
0.601608
0.636773
0.671452
0.70604
0.740852
0.776145
0.812144
0.849052
0.887059
0.926351
0.967112
1.00953
1.05379
1.10009
1.14864
1.19964
1.25322
1.30758
1.35724
1.404
1.44896
1.48368
1.48162
1.46005
1.44149
1.4273
1.41769
1.4127
1.41234
1.41664
1.42561
1.43933
1.45793
0.142948
0.306349
0.386529
0.44289
0.489091
0.529893
0.567526
0.603232
0.637789
0.671728
0.705435
0.739209
0.77329
0.807884
0.84317
0.879311
0.91646
0.954764
0.994367
1.03542
1.07806
1.12245
1.16874
1.21707
1.26744
1.31595
1.35773
1.3958
1.4305
1.43603
1.41793
1.40318
1.39279
1.38675
1.38497
1.38744
1.39416
1.40519
1.42063
1.44063
0.143885
0.307727
0.387996
0.444267
0.490246
0.530711
0.567893
0.603031
0.636898
0.670014
0.702755
0.735404
0.768186
0.801287
0.834861
0.869047
0.903965
0.939726
0.976433
1.01418
1.05307
1.0932
1.13468
1.17767
1.22235
1.26789
1.30946
1.3439
1.37532
1.3841
1.37098
1.36067
1.35441
1.35211
1.35363
1.35891
1.36799
1.38094
1.3979
1.41904
0.144306
0.308091
0.388247
0.444304
0.489972
0.530024
0.56669
0.601203
0.634325
0.666568
0.698295
0.729776
0.761221
0.792795
0.824634
0.856848
0.889531
0.922755
0.956582
0.991053
1.02619
1.06201
1.09846
1.13547
1.17283
1.20997
1.24584
1.27799
1.29918
1.30902
1.31214
1.31164
1.31178
1.31423
1.31945
1.32765
1.33902
1.35372
1.37195
1.39395
0.14425
0.307543
0.38741
0.44315
0.488434
0.528022
0.56413
0.597984
0.630336
0.661689
0.692393
0.722708
0.752827
0.782901
0.813047
0.843354
0.87389
0.904701
0.935811
0.967221
0.9989
1.03078
1.06273
1.09454
1.12587
1.15609
1.1843
1.20927
1.22985
1.24574
1.25692
1.26348
1.26897
1.27567
1.28425
1.29507
1.30842
1.32457
1.34377
1.3663
0.14378
0.306209
0.38564
0.440983
0.485832
0.524921
0.560452
0.593638
0.625224
0.655701
0.685411
0.714602
0.743456
0.772112
0.800671
0.829211
0.857781
0.886409
0.915101
0.943836
0.972562
1.00119
1.02958
1.05751
1.0847
1.11072
1.13511
1.15742
1.17738
1.19482
1.20906
1.21961
1.22882
1.23866
1.24976
1.26255
1.27737
1.29453
1.31432
1.33701
0.142968
0.304233
0.383114
0.437998
0.482379
0.520954
0.555908
0.588441
0.619288
0.648931
0.677705
0.705848
0.733536
0.760897
0.788027
0.814992
0.841834
0.868575
0.895212
0.921723
0.948057
0.974133
0.999833
1.025
1.04941
1.07285
1.09506
1.11587
1.13522
1.15303
1.16863
1.18126
1.19261
1.20434
1.21703
1.23106
1.24677
1.26445
1.2844
1.30691
0.141889
0.301767
0.38001
0.434395
0.478292
0.516356
0.550749
0.582659
0.612813
0.641684
0.6696
0.696795
0.723438
0.749653
0.775531
0.801135
0.826504
0.851659
0.876601
0.901311
0.92575
0.949856
0.973543
0.996701
1.0192
1.0409
1.06169
1.0815
1.10033
1.11813
1.1342
1.14774
1.16016
1.17289
1.18641
1.20105
1.21711
1.23488
1.25463
1.27662
0.140622
0.298958
0.376505
0.430367
0.473778
0.511343
0.545204
0.576535
0.606052
0.634224
0.661373
0.687729
0.713458
0.73868
0.763486
0.787937
0.812075
0.835922
0.859484
0.88275
0.905694
0.928273
0.950431
0.972096
0.993192
1.01364
1.0334
1.05244
1.07078
1.08834
1.10436
1.11811
1.13096
1.1441
1.15791
1.17269
1.1887
1.20619
1.22542
1.24664
0.13924
0.295941
0.372757
0.426088
0.469021
0.50611
0.539475
0.570275
0.59922
0.62677
0.653246
0.678872
0.703814
0.728191
0.752093
0.775582
0.798701
0.821477
0.843921
0.866031
0.88779
0.909174
0.930145
0.950662
0.970681
0.990164
1.00909
1.02746
1.04531
1.0625
1.07813
1.09168
1.10455
1.1177
1.13144
1.14601
1.16165
1.1786
1.19707
1.21731
0.137813
0.292832
0.368902
0.421706
0.464177
0.50082
0.533728
0.564051
0.592487
0.619493
0.645385
0.670386
0.69466
0.718326
0.741472
0.764165
0.786448
0.808351
0.829891
0.851071
0.871885
0.892318
0.912351
0.931957
0.951114
0.969806
0.988027
1.00579
1.02312
1.03983
1.05484
1.06792
1.08057
1.09347
1.10688
1.12101
1.13608
1.15227
1.16982
1.18892
0.136369
0.289718
0.365051
0.417341
0.459373
0.495602
0.528096
0.557993
0.585982
0.612518
0.637911
0.662382
0.686094
0.709167
0.73169
0.753727
0.775327
0.796521
0.817329
0.83776
0.857815
0.877487
0.896765
0.915637
0.934091
0.952122
0.969734
0.986944
1.00375
1.0199
1.03412
1.04659
1.05883
1.0713
1.0842
1.09772
1.11204
1.12735
1.14383
1.16169
0.134973
0.286685
0.361294
0.413088
0.454707
0.490554
0.522676
0.552197
0.5798
0.605932
0.630902
0.65493
0.678177
0.700761
0.722771
0.744275
0.76532
0.785941
0.806159
0.825987
0.845431
0.864489
0.883157
0.90143
0.919303
0.936779
0.953864
0.970575
0.986874
1.00233
1.01567
1.02749
1.03919
1.0511
1.06337
1.07615
1.08962
1.10393
1.11927
1.1358
0.133652
0.283785
0.357692
0.409012
0.450244
0.485744
0.517535
0.546728
0.574
0.599792
0.62441
0.648071
0.670936
0.693122
0.714719
0.735793
0.756393
0.776555
0.796301
0.815646
0.834599
0.853162
0.871333
0.889111
0.906497
0.923495
0.940114
0.956367
0.972163
0.98676
0.999137
1.01035
1.02147
1.03276
1.04433
1.05632
1.06887
1.08213
1.09627
1.11144
0.132457
0.281051
0.354279
0.405149
0.446025
0.481213
0.512714
0.541626
0.568618
0.594128
0.618457
0.641821
0.664379
0.686249
0.707518
0.728253
0.748504
0.768305
0.78768
0.806646
0.82521
0.843377
0.861147
0.878519
0.895496
0.912081
0.928284
0.944109
0.959387
0.972984
0.984387
0.995029
1.00559
1.01624
1.02708
1.03825
1.04986
1.06205
1.07497
1.08877
0.131357
0.27846
0.351049
0.401507
0.442064
0.476979
0.508232
0.536908
0.56367
0.58895
0.613049
0.63618
0.6585
0.680125
0.701144
0.721622
0.741608
0.761137
0.780232
0.79891
0.817179
0.835042
0.852501
0.869553
0.886202
0.902449
0.918303
0.93374
0.948453
0.960981
0.971502
0.981589
0.991581
1.00159
1.0117
1.02203
1.0327
1.04382
1.05552
1.06795
0.130107
0.275936
0.347976
0.398081
0.438364
0.473048
0.504093
0.532577
0.559154
0.584256
0.608178
0.631133
0.653277
0.674725
0.695565
0.715861
0.735661
0.755
0.7739
0.792377
0.810437
0.828083
0.845315
0.862131
0.878533
0.89452
0.910097
0.925184
0.939112
0.950583
0.960479
0.970045
0.979482
0.988856
0.99825
1.00776
1.01749
1.02755
1.03806
1.04915
0.128901
0.273536
0.345087
0.394881
0.434929
0.469418
0.500293
0.528622
0.555057
0.580026
0.603822
0.626656
0.648682
0.670017
0.690745
0.71093
0.73062
0.749848
0.768634
0.786992
0.804928
0.822441
0.839529
0.856187
0.872414
0.888207
0.903558
0.91829
0.931208
0.941698
0.951206
0.960367
0.969311
0.9781
0.986811
0.995532
1.00436
1.01339
1.02275
1.03254
0.127833
0.271322
0.342405
0.391914
0.431753
0.466074
0.49681
0.525021
0.551353
0.576231
0.599948
0.622712
0.644678
0.66596
0.686642
0.706788
0.726444
0.745639
0.764396
0.782722
0.800623
0.818094
0.835128
0.85172
0.86786
0.883543
0.89872
0.912984
0.924885
0.934706
0.943894
0.952706
0.961206
0.969454
0.977522
0.985492
0.993454
1.00151
1.00975
1.01829
0.126864
0.269281
0.339919
0.389159
0.428808
0.462987
0.493612
0.521736
0.548001
0.57283
0.596514
0.619261
0.641223
0.662513
0.683217
0.703396
0.723094
0.742341
0.761155
0.779543
0.797505
0.815033
0.832116
0.848742
0.864897
0.880567
0.895617
0.909126
0.920133
0.929717
0.938698
0.947221
0.95533
0.963085
0.970554
0.977815
0.984955
0.992068
0.99925
1.0066
0.126012
0.267392
0.337592
0.386576
0.426053
0.46011
0.490651
0.518719
0.544955
0.569776
0.593474
0.616254
0.638269
0.659633
0.680428
0.700716
0.720541
0.739929
0.758896
0.777447
0.795576
0.813272
0.830517
0.84729
0.863569
0.879305
0.894191
0.906904
0.917367
0.926894
0.935779
0.944089
0.951874
0.959192
0.966112
0.97271
0.979072
0.985289
0.991454
0.997666
0.125176
0.265573
0.335361
0.384105
0.423429
0.457388
0.487872
0.515918
0.54216
0.567017
0.590776
0.613644
0.635774
0.657278
0.678239
0.69872
0.718761
0.738389
0.757618
0.776448
0.794869
0.812864
0.830405
0.847464
0.864003
0.87989
0.894381
0.906507
0.916973
0.926566
0.935427
0.943595
0.951117
0.958052
0.964468
0.970444
0.976064
0.98142
0.986606
0.99172
0.124361
0.263771
0.333157
0.38168
0.420872
0.45476
0.485217
0.513275
0.539564
0.564501
0.588373
0.611386
0.633695
0.655411
0.676621
0.697384
0.717743
0.737724
0.757338
0.776581
0.795439
0.813886
0.831885
0.84939
0.866334
0.882436
0.896577
0.908503
0.919229
0.929035
0.937972
0.94608
0.953407
0.960011
0.965964
0.971346
0.976248
0.980763
0.98499
0.989029
0.123481
0.261903
0.330906
0.379231
0.41832
0.452166
0.482631
0.51074
0.537119
0.562184
0.586222
0.609443
0.631999
0.654006
0.675551
0.696698
0.717488
0.737948
0.758088
0.777902
0.79737
0.816458
0.835115
0.853282
0.870813
0.887067
0.901154
0.91346
0.924621
0.934752
0.943866
0.951997
0.959191
0.965508
0.971026
0.975829
0.980015
0.983685
0.986945
0.989904
0.122487
0.259903
0.328541
0.376698
0.415716
0.449558
0.48007
0.508271
0.534787
0.560032
0.584295
0.607787
0.630664
0.653046
0.675023
0.69666
0.718006
0.739088
0.759915
0.780481
0.80076
0.820707
0.840257
0.859323
0.87764
0.894256
0.908735
0.92178
0.933611
0.944236
0.953659
0.96191
0.969035
0.975102
0.980194
0.984407
0.987848
0.990632
0.992879
0.994708
0.121326
0.257716
0.326017
0.374041
0.413027
0.446904
0.477506
0.505846
0.532549
0.558029
0.582577
0.606408
0.629684
0.652529
0.675038
0.697285
0.719322
0.741183
0.76288
0.784407
0.805736
0.826813
0.847559
0.867831
0.887123
0.904545
0.920059
0.93416
0.946892
0.958203
0.968083
0.976555
0.983672
0.989507
0.994157
0.997732
1.00035
1.00216
1.00329
1.00388
0.120025
0.255319
0.323316
0.371247
0.410243
0.444198
0.474935
0.503464
0.530407
0.556178
0.581075
0.605316
0.62907
0.652469
0.675619
0.6986
0.721474
0.744285
0.767055
0.789783
0.812444
0.834977
0.857293
0.879185
0.899907
0.918704
0.935798
0.951367
0.965324
0.977573
0.98809
0.996898
1.00406
1.00966
1.0138
1.01663
1.01829
1.01895
1.01877
1.01793
0.118673
0.252741
0.320462
0.368343
0.407395
0.441476
0.472397
0.501161
0.528394
0.554513
0.579821
0.604542
0.628855
0.652903
0.676806
0.700649
0.724511
0.748451
0.772508
0.796694
0.820992
0.845346
0.86966
0.893675
0.916507
0.937444
0.956754
0.974359
0.990003
1.00354
1.01492
1.0242
1.03145
1.03676
1.04028
1.04217
1.04263
1.04184
1.04005
1.03747
0.117209
0.250012
0.317489
0.365367
0.404523
0.438782
0.469939
0.498997
0.526579
0.553112
0.5789
0.604179
0.629137
0.653926
0.67868
0.703508
0.728508
0.753762
0.779337
0.80526
0.831537
0.85814
0.884991
0.91182
0.93767
0.961748
0.984145
1.00456
1.02252
1.03779
1.05032
1.06021
1.06753
1.07243
1.07508
1.0757
1.07454
1.07186
1.06798
1.06318
0.115643
0.247186
0.314462
0.362386
0.401699
0.436188
0.467637
0.497045
0.525041
0.552053
0.578396
0.604315
0.630009
0.655647
0.681377
0.707333
0.733635
0.760393
0.787703
0.815644
0.844269
0.8736
0.903604
0.93407
0.964071
0.992562
1.01933
1.04378
1.06507
1.08269
1.0967
1.10729
1.11458
1.11878
1.12012
1.1189
1.11547
1.11021
1.10352
1.0958
0.114019
0.244347
0.311472
0.359494
0.399017
0.433789
0.465587
0.495406
0.523879
0.551441
0.578417
0.605063
0.631593
0.658192
0.685029
0.712262
0.740041
0.768511
0.79781
0.828068
0.859402
0.891896
0.925607
0.960493
0.995991
1.03068
1.06379
1.09439
1.12071
1.14148
1.1573
1.16857
1.17552
1.17845
1.17772
1.17377
1.16708
1.15821
1.14771
1.1361
0.112398
0.24162
0.308642
0.356811
0.396594
0.431704
0.463905
0.494197
0.523213
0.5514
0.579093
0.60656
0.634032
0.661714
0.689797
0.718468
0.747909
0.778304
0.809841
0.842711
0.877103
0.913202
0.951175
0.991164
1.03315
1.07617
1.11877
1.15963
1.19382
1.21813
1.23585
1.24761
1.25366
1.25444
1.25051
1.24252
1.23118
1.21726
1.20153
1.18472
0.110846
0.239123
0.306102
0.354469
0.394562
0.430062
0.462725
0.493551
0.523182
0.552074
0.580573
0.608964
0.637496
0.666395
0.695878
0.72616
0.75746
0.790006
0.824037
0.859807
0.897588
0.937671
0.980363
1.02599
1.07488
1.12715
1.18251
1.23995
1.28785
1.31691
1.33638
1.34817
1.35258
1.35006
1.3414
1.32756
1.30963
1.28871
1.26588
1.24213
0.109435
0.236983
0.303991
0.352607
0.39306
0.429002
0.462186
0.493614
0.523936
0.553619
0.583025
0.612455
0.642178
0.672444
0.703497
0.735583
0.76896
0.803897
0.840686
0.879644
0.921119
0.96549
1.01318
1.06465
1.12039
1.1809
1.24667
1.3179
1.3901
1.44138
1.46376
1.4752
1.47698
1.46958
1.454
1.43174
1.4045
1.37389
1.34146
1.30853
0.108236
0.235325
0.302444
0.351363
0.392226
0.428666
0.462433
0.494534
0.525631
0.556202
0.586627
0.617226
0.648289
0.680091
0.712906
0.747012
0.782703
0.820292
0.86012
0.902558
0.948013
0.996933
1.04981
1.10717
1.16957
1.23754
1.31157
1.39208
1.47939
1.57074
1.62314
1.63629
1.6342
1.61923
1.59326
1.55867
1.5181
1.47405
1.42863
1.38361
0.107316
0.23426
0.301584
0.350864
0.39219
0.429186
0.463602
0.496455
0.528418
0.559986
0.591557
0.62347
0.656041
0.689571
0.724363
0.76073
0.799003
0.839536
0.882712
0.928951
0.978711
1.03249
1.09084
1.15434
1.22361
1.29928
1.38196
1.4723
1.57113
1.67928
1.79135
1.84236
1.83555
1.80814
1.76567
1.71248
1.65268
1.5899
1.52705
1.46634
0.106726
0.233875
0.30151
0.351213
0.39306
0.430673
0.46581
0.499501
0.532433
0.565118
0.597973
0.631364
0.66563
0.701101
0.738114
0.777014
0.818171
0.861977
0.908859
0.959279
1.01374
1.07279
1.13704
1.20713
1.28378
1.36775
1.45985
1.56096
1.6721
1.79431
1.92793
2.06409
2.09858
2.04886
1.97891
1.89704
1.80938
1.72081
1.63498
1.55438
0.106501
0.234225
0.302287
0.352482
0.394911
0.433209
0.469146
0.503766
0.537776
0.571708
0.606002
0.641048
0.677215
0.714865
0.754368
0.796107
0.840488
0.887946
0.938946
0.993992
1.05363
1.11847
1.18915
1.26642
1.35109
1.44412
1.54656
1.65964
1.78476
1.9234
2.0768
2.24273
2.38963
2.35417
2.23911
2.11351
1.98628
1.86326
1.74824
1.64345
0.106658
0.235329
0.303942
0.354703
0.397779
0.436831
0.47365
0.509298
0.544503
0.57982
0.615715
0.652607
0.690898
0.730983
0.773271
0.818184
0.866169
0.917702
0.973289
1.03347
1.09884
1.17003
1.24775
1.33282
1.42616
1.52889
1.64241
1.76842
1.90904
2.06687
2.24492
2.44455
2.66282
2.72751
2.54578
2.35636
2.17552
2.00895
1.85912
1.72684
0.107192
0.237169
0.306457
0.357859
0.401649
0.441527
0.479311
0.516087
0.552606
0.58945
0.627115
0.666053
0.706699
0.749492
0.794878
0.843325
0.895326
0.951396
1.01208
1.07797
1.14967
1.22784
1.31323
1.40667
1.50916
1.62194
1.74662
1.88533
2.04095
2.21745
2.42028
2.65615
2.87781
3.08615
2.8895
2.6073
2.3592
2.14283
1.9557
1.79536
0.108079
0.239692
0.30977
0.361884
0.406451
0.447225
0.486056
0.524057
0.562008
0.600521
0.640125
0.681307
0.724544
0.770317
0.819123
0.871476
0.927917
0.98901
1.05534
1.12753
1.20621
1.29204
1.38576
1.48816
1.60021
1.7231
1.85837
2.00817
2.17549
2.36461
2.58173
2.83501
3.04463
3.30443
3.16162
2.80927
2.50327
2.24293
2.02313
1.83878
0.109282
0.242809
0.313775
0.366663
0.412064
0.453796
0.493748
0.533065
0.572558
0.612873
0.654573
0.698189
0.744242
0.79326
0.845792
0.902408
0.963704
1.0303
1.10282
1.18192
1.26825
1.36248
1.46529
1.5774
1.69964
1.83298
1.97866
2.13832
2.3142
2.50942
2.72812
2.96947
3.14627
3.37498
3.32229
2.94282
2.58801
2.29338
2.04989
1.84925
0.110755
0.246404
0.31833
0.372035
0.418311
0.46105
0.502183
0.542894
0.584025
0.626259
0.670198
0.716417
0.765483
0.817978
0.874507
0.9357
1.00221
1.07472
1.15391
1.24048
1.33511
1.43848
1.55125
1.67406
1.8076
1.95262
2.10998
2.28077
2.46624
2.6679
2.88556
3.06521
3.18953
3.36221
3.33365
2.97322
2.59151
2.28124
2.02877
1.82301
0.112573
0.250354
0.32326
0.377795
0.424965
0.46874
0.511099
0.55326
0.596104
0.640351
0.686643
0.735599
0.787837
0.843991
0.904725
0.970727
1.04272
1.12144
1.20765
1.3021
1.40553
1.51866
1.64218
1.77676
1.92302
2.08164
2.25339
2.43927
2.6397
2.85159
2.99859
3.06866
3.18766
3.28411
3.19237
2.86556
2.50326
2.20489
1.96162
1.76298
0.114741
0.254496
0.328343
0.383688
0.431745
0.476563
0.520166
0.563812
0.608418
0.654741
0.703465
0.755253
0.81077
0.870703
0.935768
1.00671
1.08432
1.1694
1.26276
1.36524
1.47766
1.60085
1.73558
1.88262
2.04269
2.21645
2.40444
2.60922
2.79979
2.89756
2.93354
2.99797
3.06721
3.05997
2.91377
2.64977
2.34915
2.08349
1.86248
1.67947
0.11688
0.25855
0.333285
0.389398
0.438314
0.484157
0.528998
0.574135
0.62052
0.668948
0.720144
0.774813
0.833664
0.897431
0.96688
1.04281
1.12604
1.21745
1.31789
1.42828
1.54954
1.6826
1.82845
1.98801
2.16214
2.35168
2.54046
2.67314
2.72934
2.76332
2.80671
2.84454
2.85054
2.7873
2.63484
2.4221
2.17786
1.94793
1.75149
1.58604
0.11883
0.262234
0.337766
0.394574
0.44429
0.491111
0.537154
0.583751
0.631895
0.682416
0.73608
0.793632
0.855825
0.923433
0.997263
1.07815
1.16696
1.26458
1.37192
1.48993
1.61959
1.76193
1.9182
2.08927
2.26845
2.42257
2.51341
2.55577
2.59474
2.63772
2.67864
2.70811
2.70477
2.61043
2.43404
2.23717
2.02626
1.82191
1.64448
1.49368
0.120454
0.265277
0.341435
0.398835
0.449258
0.496972
0.544136
0.592121
0.641953
0.694505
0.75058
0.810967
0.876458
0.947872
1.02605
1.11187
1.20621
1.30999
1.42411
1.54948
1.68711
1.83723
1.99477
2.14228
2.25814
2.3311
2.38002
2.42455
2.47117
2.51949
2.56736
2.60178
2.56906
2.42674
2.24783
2.07505
1.8952
1.7106
1.54708
1.40761
0.12161
0.267394
0.343949
0.401777
0.452774
0.501251
0.549405
0.598642
0.650027
0.704471
0.762825
0.82592
0.894597
0.969719
1.05218
1.1429
1.24282
1.35283
1.47383
1.60588
1.74309
1.87481
1.9911
2.08396
2.15392
2.20679
2.2537
2.30135
2.35136
2.40534
2.46079
2.47576
2.37311
2.21425
2.05951
1.9161
1.77245
1.6109
1.45966
1.32969
0.122153
0.268294
0.344964
0.403012
0.454393
0.503444
0.552387
0.60266
0.655367
0.71146
0.771839
0.837386
0.909002
0.987621
1.07421
1.16975
1.27522
1.39083
1.51263
1.63317
1.74473
1.84331
1.92669
1.99387
2.04732
2.09247
2.13595
2.18179
2.23195
2.2878
2.33369
2.28507
2.15677
2.02287
1.89476
1.77581
1.66191
1.52373
1.3839
1.26188
0.121965
0.267726
0.344174
0.402184
0.453702
0.503067
0.552516
0.60351
0.657183
0.714531
0.776499
0.844036
0.918126
0.999808
1.09011
1.18966
1.29688
1.40695
1.51477
1.61619
1.70727
1.78571
1.85115
1.90425
1.94741
1.98492
2.02183
2.06155
2.10538
2.14939
2.16111
2.08891
1.97674
1.86623
1.76155
1.6648
1.57493
1.45517
1.32352
1.20669
0.121049
0.265506
0.341348
0.399017
0.450369
0.49972
0.549304
0.600592
0.654736
0.712757
0.77564
0.844395
0.920101
1.00388
1.0957
1.19368
1.29423
1.39395
1.48917
1.57641
1.65286
1.71737
1.77074
1.81414
1.84935
1.87975
1.90931
1.94071
1.97346
1.99921
1.99298
1.92716
1.8359
1.74696
1.66286
1.58537
1.51472
1.40823
1.28042
1.16534
0.119351
0.261631
0.336417
0.393375
0.444198
0.493143
0.542418
0.593483
0.647486
0.705442
0.768334
0.837168
0.913007
0.996846
1.08733
1.17978
1.27221
1.3618
1.44579
1.52146
1.58651
1.64053
1.68519
1.72168
1.75108
1.77611
1.80005
1.82495
1.84957
1.86596
1.85582
1.80623
1.73739
1.66752
1.60005
1.53749
1.48137
1.3823
1.2537
1.13705
0.116849
0.256094
0.329365
0.385241
0.435161
0.483289
0.531786
0.582074
0.635269
0.692359
0.754294
0.822039
0.896589
0.978853
1.06694
1.15373
1.23788
1.31788
1.39189
1.45788
1.51399
1.56002
1.59773
1.62864
1.65404
1.67599
1.69716
1.71942
1.74179
1.75806
1.75405
1.72325
1.67895
1.62889
1.57361
1.51913
1.46948
1.37063
1.23915
1.11912
0.113603
0.248992
0.320296
0.374716
0.423357
0.470258
0.517508
0.566474
0.61822
0.673682
0.73375
0.799315
0.871298
0.950551
1.0356
1.11795
1.19519
1.26728
1.33318
1.3913
1.4404
1.48027
1.51232
1.53861
1.56097
1.58132
1.60188
1.62438
1.64827
1.66926
1.67852
1.66973
1.64683
1.61141
1.56737
1.52239
1.47293
1.3659
1.23237
1.10864
0.109711
0.240495
0.309414
0.362026
0.409037
0.454326
0.499894
0.547032
0.596732
0.64985
0.70718
0.769486
0.83751
0.911941
0.993117
1.07469
1.14737
1.2137
1.27341
1.32548
1.36909
1.40422
1.43205
1.45483
1.47479
1.49406
1.51476
1.53847
1.56497
1.59083
1.60938
1.61597
1.6107
1.59313
1.56619
1.53277
1.48183
1.36866
1.23265
1.10424
0.105271
0.230818
0.296989
0.347489
0.392565
0.435915
0.479433
0.524321
0.571488
0.621702
0.67566
0.734016
0.797403
0.86644
0.941623
1.02021
1.0926
1.1568
1.2132
1.26143
1.30124
1.33312
1.3583
1.37877
1.39704
1.4155
1.43626
1.4609
1.48951
1.51944
1.54539
1.56346
1.57379
1.57721
1.57253
1.55361
1.50334
1.38285
1.24029
1.10478
0.100396
0.220205
0.283343
0.331489
0.374386
0.415551
0.456742
0.499068
0.543351
0.590268
0.640413
0.694331
0.752519
0.815437
0.883504
0.956931
1.03114
1.09527
1.1508
1.19754
1.23564
1.26608
1.29031
1.31005
1.3276
1.34557
1.36626
1.39142
1.4216
1.45523
1.48828
1.51721
1.54225
1.56435
1.5807
1.57816
1.53259
1.4043
1.25187
1.10731
0.0952036
0.208919
0.26882
0.314445
0.35501
0.393819
0.432506
0.472084
0.513285
0.556699
0.602824
0.652099
0.704899
0.761536
0.822248
0.887173
0.956178
1.02533
1.08504
1.13304
1.1715
1.20257
1.22757
1.24803
1.2659
1.28378
1.30432
1.32965
1.36089
1.39749
1.43683
1.47556
1.51285
1.54971
1.58239
1.5943
1.55652
1.42347
1.26137
1.10763
0.0898099
0.19722
0.253763
0.296768
0.334923
0.3713
0.407408
0.444172
0.482243
0.52213
0.564253
0.608965
0.656555
0.707241
0.761158
0.81835
0.878745
0.942011
1.00647
1.06388
1.10707
1.14142
1.16916
1.19179
1.21115
1.22964
1.25015
1.27546
1.30745
1.34647
1.39098
1.43778
1.4846
1.53187
1.5748
1.5959
1.56563
1.43304
1.26403
1.10221
0.0843215
0.185344
0.238489
0.278856
0.314584
0.348524
0.382067
0.416054
0.451066
0.487546
0.52585
0.566271
0.60904
0.65433
0.702241
0.752791
0.805923
0.861485
0.919192
0.978826
1.03477
1.0778
1.11141
1.13864
1.16158
1.18215
1.20334
1.22891
1.26188
1.30352
1.353
1.40703
1.46212
1.5167
1.56352
1.58451
1.55668
1.43094
1.25656
1.08775
0.0788349
0.173494
0.223261
0.261034
0.294375
0.325935
0.356996
0.388322
0.420432
0.453718
0.488486
0.524986
0.563417
0.603927
0.646612
0.691507
0.738588
0.787776
0.838954
0.891984
0.946564
1.00009
1.0462
1.08347
1.11411
1.13972
1.16329
1.18998
1.22457
1.26963
1.32511
1.38786
1.45271
1.51414
1.56073
1.57034
1.53413
1.41329
1.23334
1.0595
0.073423
0.161832
0.208314
0.243559
0.274594
0.303877
0.332586
0.361418
0.39084
0.421197
0.452763
0.485757
0.520357
0.556702
0.594893
0.634994
0.677027
0.720974
0.766788
0.814401
0.86371
0.914507
0.966589
1.0175
1.06304
1.10096
1.13019
1.15892
1.19489
1.24257
1.30288
1.37283
1.44548
1.51134
1.55599
1.54615
1.46317
1.33105
1.1751
1.00982
0.0681357
0.150471
0.193792
0.226611
0.255455
0.282594
0.309115
0.33565
0.362622
0.390344
0.419059
0.448966
0.480232
0.512994
0.547367
0.583444
0.621298
0.66099
0.702573
0.746101
0.791656
0.839357
0.889386
0.941938
0.997426
1.05538
1.10505
1.13783
1.17218
1.21802
1.27787
1.34897
1.42348
1.49055
1.53016
1.46386
1.34087
1.22272
1.0963
0.946718
0.0630286
0.139515
0.1798
0.210314
0.237098
0.262246
0.286755
0.311204
0.335978
0.361359
0.38757
0.414796
0.443195
0.472908
0.504064
0.536786
0.5712
0.607443
0.645677
0.686105
0.728991
0.774689
0.823686
0.876644
0.934476
0.998413
1.06961
1.12575
1.15799
1.19694
1.25186
1.32029
1.39075
1.44412
1.44871
1.36567
1.24408
1.13729
1.0261
0.882825
0.0581246
0.128999
0.166396
0.194741
0.219606
0.24292
0.265599
0.288173
0.310995
0.334322
0.358361
0.383282
0.409241
0.436378
0.464836
0.494763
0.526329
0.559737
0.595249
0.633203
0.674047
0.718374
0.766971
0.820897
0.881591
0.951001
1.03173
1.10912
1.14803
1.1812
1.23133
1.29778
1.36826
1.41587
1.3529
1.24328
1.14587
1.05795
0.959372
0.819624
0.0534234
0.118943
0.153615
0.179931
0.203019
0.224652
0.245674
0.266576
0.28768
0.309225
0.331401
0.354368
0.378272
0.403253
0.429454
0.457039
0.486202
0.517194
0.55035
0.586122
0.62512
0.668164
0.716328
0.770989
0.83385
0.906865
0.991942
1.08805
1.14652
1.17115
1.21707
1.27933
1.33461
1.29871
1.20949
1.1268
1.0531
0.983765
0.89695
0.758361
0.0490054
0.109363
0.141475
0.165899
0.18734
0.207433
0.226959
0.246371
0.265974
0.285993
0.306598
0.327939
0.350151
0.373363
0.39771
0.423343
0.450455
0.47931
0.510275
0.543876
0.580854
0.622242
0.669437
0.724256
0.788944
0.866069
0.958013
1.06561
1.13704
1.1613
1.2128
1.25839
1.23258
1.15804
1.07776
1.01481
0.964272
0.917034
0.842627
0.700552
0.044841
0.100284
0.129995
0.152651
0.172564
0.19124
0.209407
0.227493
0.245786
0.264502
0.283806
0.303838
0.324718
0.346558
0.369472
0.393567
0.418989
0.445966
0.474831
0.506099
0.540551
0.579344
0.624134
0.677202
0.741575
0.821138
0.920253
1.04193
1.11577
1.14307
1.19243
1.15483
1.07195
1.00246
0.946371
0.9039
0.873289
0.85659
0.805212
0.6542
0.0409118
0.0917046
0.11917
0.140167
0.158636
0.175977
0.19288
0.209761
0.226909
0.244539
0.262819
0.281885
0.30184
0.322766
0.344726
0.367776
0.391993
0.417512
0.444508
0.473344
0.504669
0.539532
0.579534
0.626992
0.685152
0.758668
0.854199
0.980494
1.0428
1.09874
1.05828
0.973599
0.909508
0.859797
0.823046
0.7995
0.791064
0.805512
0.786731
0.622706
0.0372774
0.083688
0.109085
0.1285
0.145547
0.161553
0.1772
0.192915
0.209005
0.225707
0.243207
0.261651
0.28114
0.301734
0.323446
0.346247
0.370077
0.394865
0.420577
0.447328
0.475352
0.505302
0.53835
0.576222
0.621173
0.676006
0.743938
0.827298
0.890996
0.912762
0.852575
0.803074
0.763389
0.732918
0.713151
0.708104
0.728321
0.79564
0.790601
0.587724
0.0340968
0.0765705
0.100046
0.117899
0.133435
0.147965
0.162206
0.176636
0.191609
0.20741
0.224275
0.242395
0.261902
0.282862
0.305265
0.329005
0.353854
0.379454
0.405355
0.431127
0.456541
0.481653
0.507002
0.533768
0.563403
0.597257
0.635872
0.677077
0.714474
0.710131
0.687458
0.663442
0.642275
0.626655
0.620422
0.630981
0.673576
0.770462
0.785341
0.553001
0.032014
0.0713714
0.093054
0.10911
0.122795
0.135454
0.147889
0.160655
0.17418
0.188836
0.204965
0.222866
0.242771
0.264839
0.289131
0.315546
0.34372
0.37292
0.402013
0.429636
0.454544
0.476052
0.494138
0.509879
0.524962
0.540914
0.558181
0.575403
0.587455
0.583745
0.573182
0.56123
0.551134
0.546005
0.550382
0.572854
0.627961
0.731924
0.750136
0.499089
0.0327944
0.0705929
0.0901965
0.103741
0.114775
0.124797
0.134658
0.144975
0.156267
0.169024
0.183768
0.201011
0.221243
0.244923
0.272439
0.30397
0.339221
0.377057
0.415195
0.450528
0.479791
0.500667
0.512553
0.517091
0.517736
0.517967
0.519394
0.520717
0.51812
0.511045
0.503332
0.497517
0.495437
0.499098
0.51257
0.545356
0.611426
0.719761
0.686242
0.415005
0.0410356
0.0774003
0.0933455
0.103073
0.110554
0.117207
0.123681
0.130503
0.138261
0.14757
0.159226
0.174006
0.193044
0.217586
0.248965
0.288542
0.337004
0.393108
0.451324
0.505016
0.547573
0.573596
0.581227
0.573363
0.557104
0.540222
0.526449
0.514226
0.497829
0.482195
0.476304
0.479747
0.489767
0.503324
0.522851
0.564628
0.650654
0.706755
0.514947
0.292364
0.0669465
0.0905173
0.0994633
0.104563
0.108827
0.112766
0.116087
0.119154
0.122761
0.126935
0.133262
0.141662
0.154635
0.175003
0.206093
0.252088
0.318479
0.412415
0.515205
0.610683
0.681651
0.720476
0.726783
0.701975
0.655553
0.614191
0.593532
0.582505
0.532117
0.479592
0.485346
0.522709
0.575662
0.608671
0.607971
0.625337
0.703703
0.631031
0.331052
0.178095
0.0980699
0.0998849
0.100799
0.101987
0.103567
0.105289
0.106601
0.107617
0.108391
0.109125
0.114168
0.115084
0.11837
0.12436
0.132094
0.136737
0.154534
0.375425
0.567563
0.704984
0.784578
0.826025
0.833738
0.810917
0.749498
0.669738
0.558045
0.203085
0.172632
0.163659
0.404504
0.587133
0.711286
0.725193
0.672249
0.555674
0.175796
0.171874
0.128
0.107339
)
;

boundaryField
{
    inlet
    {
        type            kqRWallFunction;
        value           nonuniform List<scalar> 10(0.00155162 0.000581942 0.000357206 0.000243397 0.000171539 0.000171538 0.000243395 0.000357203 0.000581937 0.00155162);
    }
    inletWall
    {
        type            kqRWallFunction;
        value           nonuniform List<scalar> 
30
(
0.00182782
0.00178509
0.00171365
0.00163509
0.00155162
0.00285561
0.00230606
0.0020499
0.00186808
0.00178779
0.0110737
0.00492601
0.00442259
0.00393061
0.00336811
0.00182782
0.00178509
0.00171365
0.00163509
0.00155162
0.00285571
0.00230605
0.00204989
0.00186807
0.00178778
0.0123874
0.00493787
0.00442357
0.00393099
0.00336829
)
;
    }
    bottleWall
    {
        type            kqRWallFunction;
        value           nonuniform List<scalar> 
290
(
0.00795356
0.0213677
0.0322641
0.041778
0.0496106
0.0561954
0.0619796
0.0671545
0.0718725
0.0762651
0.080445
0.0847043
0.0890278
0.0934093
0.0978992
0.102515
0.107272
0.112176
0.11721
0.122339
0.127515
0.132696
0.137816
0.142853
0.147775
0.1525
0.157024
0.161299
0.165282
0.168926
0.171919
0.174475
0.176635
0.178381
0.179734
0.18029
0.180355
0.17983
0.178709
0.176999
0.174733
0.171967
0.168773
0.16521
0.161369
0.157315
0.153098
0.148746
0.144279
0.139712
0.135228
0.130796
0.126376
0.122008
0.117746
0.113653
0.109793
0.106221
0.10298
0.100096
0.0975769
0.0954115
0.0935745
0.0920306
0.0907404
0.0896718
0.0888994
0.0883422
0.0877325
0.0869464
0.0860578
0.0848947
0.0832294
0.0810235
0.0783684
0.075385
0.0720827
0.0685393
0.0648418
0.0610698
0.0572923
0.0535935
0.0500572
0.0466699
0.0434576
0.0404358
0.0376263
0.0350401
0.032674
0.0305192
0.0285658
0.0268118
0.0253052
0.0241466
0.0237831
0.0246008
0.0267886
0.0361125
0.0678677
0.0908995
0.234548
0.231085
0.227111
0.22262
0.217618
0.212116
0.206134
0.1997
0.192846
0.185666
0.178705
0.17183
0.164926
0.157981
0.151024
0.1441
0.137259
0.130544
0.123995
0.117638
0.111493
0.105571
0.0998707
0.0943851
0.0890986
0.0839902
0.0790344
0.0742035
0.0694687
0.0648004
0.0601678
0.0555357
0.0508596
0.0460706
0.041008
0.035506
0.0296684
0.0233009
0.0168563
0.00795356
0.246038
0.246227
0.246196
0.245902
0.245318
0.244425
0.243209
0.241655
0.239748
0.237462
0.00805002
0.0176906
0.0251126
0.0323854
0.0394349
0.0458949
0.0521212
0.0583362
0.0646204
0.0710192
0.0775722
0.0843217
0.0913097
0.0985654
0.106096
0.113881
0.121881
0.130042
0.138303
0.146599
0.154874
0.163087
0.171251
0.179508
0.188043
0.196137
0.203653
0.210538
0.216759
0.2223
0.227161
0.231361
0.234926
0.237894
0.240305
0.242202
0.243628
0.244631
0.245275
0.245688
0.00805002
0.0230835
0.0360278
0.046804
0.0555226
0.0628399
0.0691663
0.0747992
0.079961
0.0848307
0.089766
0.0946409
0.0994603
0.104253
0.108998
0.113618
0.118116
0.122426
0.126507
0.130276
0.133815
0.136885
0.139445
0.14147
0.142948
0.143885
0.144306
0.14425
0.14378
0.142968
0.141889
0.140622
0.13924
0.137813
0.136369
0.134973
0.133652
0.132457
0.131357
0.130107
0.128901
0.127833
0.126864
0.126012
0.125176
0.124361
0.123481
0.122487
0.121326
0.120025
0.118673
0.117209
0.115643
0.114019
0.112398
0.110846
0.109435
0.108236
0.107316
0.106726
0.106501
0.106658
0.107192
0.108079
0.109282
0.110755
0.112573
0.114741
0.11688
0.11883
0.120454
0.12161
0.122153
0.121965
0.121049
0.119351
0.116849
0.113603
0.109711
0.105271
0.100396
0.0952036
0.0898099
0.0843215
0.0788349
0.073423
0.0681357
0.0630286
0.0581246
0.0534234
0.0490054
0.044841
0.0409118
0.0372774
0.0340968
0.032014
0.0327944
0.0410356
0.0669465
0.0980699
)
;
    }
    atmosphere
    {
        type            inletOutlet;
        inletValue      uniform 0.1;
        value           nonuniform List<scalar> 
80
(
0.1
0.1
0.1
0.1
0.1
0.1
0.1
0.1
0.12556
0.1
0.1
0.1
0.640805
0.731354
0.766404
0.760792
0.716545
0.630011
0.498909
0.38782
0.318152
0.1
0.1
0.1
0.1
0.1
0.124989
0.129067
0.12801
0.1227
0.114861
0.107591
0.1
0.1
0.1
0.1
0.1
0.114409
0.118057
0.0908995
0.1
0.1
0.1
0.1
0.1
0.1
0.1
0.1
0.1
0.1
0.114168
0.1
0.1
0.1
0.1
0.1
0.1
0.375425
0.567563
0.704984
0.784578
0.826025
0.833738
0.810917
0.749498
0.669738
0.558045
0.1
0.1
0.1
0.404504
0.587133
0.711286
0.725193
0.672249
0.555674
0.1
0.1
0.1
0.1
)
;
    }
    frontAndBack
    {
        type            empty;
    }
}


// ************************************************************************* //
