/*--------------------------------*- C++ -*----------------------------------*\
  =========                 |
  \\      /  F ield         | OpenFOAM: The Open Source CFD Toolbox
   \\    /   O peration     | Website:  https://openfoam.org
    \\  /    A nd           | Version:  8
     \\/     M anipulation  |
\*---------------------------------------------------------------------------*/
FoamFile
{
    version     2.0;
    format      ascii;
    class       volScalarField;
    location    "1.15";
    object      k;
}
// * * * * * * * * * * * * * * * * * * * * * * * * * * * * * * * * * * * * * //

dimensions      [0 2 -2 0 0 0 0];

internalField   nonuniform List<scalar> 
9150
(
0.00183039
0.000947588
0.00050123
0.000356438
0.000282783
0.000282783
0.000356438
0.000501229
0.000947585
0.00183039
0.00178749
0.000753605
0.00042509
0.000307258
0.00024014
0.00024014
0.000307258
0.000425089
0.000753603
0.00178749
0.00171611
0.00065833
0.000392816
0.000285603
0.000223639
0.000223639
0.000285603
0.000392816
0.000658329
0.00171611
0.00163752
0.000608441
0.000380237
0.000277282
0.000217782
0.000217782
0.000277282
0.000380237
0.000608441
0.00163752
0.001554
0.000587128
0.000375797
0.000274567
0.000216239
0.000216239
0.000274567
0.000375797
0.000587129
0.00155399
0.00287077
0.00267769
0.00213829
0.00206122
0.00194012
0.00194015
0.00206129
0.00213839
0.00267781
0.00287079
0.00231072
0.0015397
0.00143794
0.00152263
0.00143181
0.00143182
0.00152266
0.00143798
0.00153972
0.00231072
0.00205236
0.00126939
0.000973179
0.00100303
0.000923295
0.000923299
0.00100305
0.000973194
0.0012694
0.00205236
0.00187058
0.00112249
0.000699577
0.000648682
0.000570846
0.000570847
0.000648686
0.000699581
0.00112248
0.00187058
0.00179061
0.00102958
0.00055764
0.000446958
0.000372924
0.000372924
0.000446958
0.00055764
0.00102958
0.00179061
0.0155791
0.00682732
0.00322112
0.0023984
0.00217597
0.00217596
0.00239844
0.0032226
0.006835
0.0156082
0.00499572
0.00393828
0.00284046
0.00236564
0.00218973
0.00218976
0.00236571
0.00284059
0.00393724
0.00499622
0.00445274
0.00356814
0.00282618
0.00236658
0.00220879
0.00220884
0.00236671
0.00282636
0.00356782
0.00445291
0.00395294
0.00330177
0.00281329
0.00236487
0.00222688
0.00222694
0.002365
0.00281346
0.0033019
0.00395301
0.00338524
0.00324305
0.00269956
0.00231499
0.00219983
0.00219988
0.00231511
0.00269971
0.00324326
0.00338528
0.769376
0.773662
0.776642
0.778462
0.779316
0.779596
0.779336
0.778161
0.775838
0.772198
1.58731
1.59783
1.60584
1.61139
1.6145
1.61521
1.61348
1.6093
1.60263
1.5934
1.97512
1.98786
1.99761
2.0044
2.00826
2.00917
2.00712
2.0021
1.99408
1.98303
2.24574
2.25957
2.27019
2.27763
2.2819
2.28299
2.28091
2.27562
2.2671
2.25531
2.47083
2.48517
2.49621
2.50399
2.50854
2.50984
2.50788
2.50266
2.49412
2.4822
2.67613
2.69059
2.70176
2.7097
2.71443
2.71597
2.7143
2.70938
2.70118
2.68961
2.8739
2.88813
2.89918
2.90712
2.912
2.91382
2.91256
2.9082
2.90066
2.88985
3.07082
3.08448
3.09517
3.10298
3.10795
3.11011
3.10942
3.10586
3.09933
3.08973
3.27065
3.2834
3.29349
3.30102
3.30606
3.30861
3.30867
3.30617
3.30103
3.29311
3.47534
3.48682
3.49607
3.50319
3.50826
3.51129
3.51227
3.51113
3.50777
3.50203
3.68561
3.69547
3.70363
3.71021
3.71528
3.71887
3.72096
3.72148
3.72032
3.71733
3.90129
3.9092
3.91605
3.92196
3.92701
3.93124
3.93462
3.93711
3.93859
3.93891
4.12164
4.12728
4.1326
4.13772
4.14272
4.14765
4.15251
4.15725
4.16178
4.16596
4.34558
4.34864
4.35219
4.35637
4.36127
4.36694
4.3734
4.38063
4.38854
4.39707
4.57191
4.572
4.5735
4.57654
4.58124
4.58767
4.59583
4.60571
4.61727
4.63045
4.7994
4.79595
4.79499
4.79666
4.80104
4.8082
4.81815
4.83085
4.84626
4.86432
5.02624
5.01866
5.01483
5.01488
5.01885
5.02678
5.03866
5.05444
5.07402
5.09728
5.24988
5.23776
5.2308
5.22907
5.23262
5.24146
5.25556
5.27486
5.29923
5.3285
5.46764
5.45074
5.44044
5.43684
5.44
5.44995
5.46667
5.4901
5.52011
5.55654
5.67733
5.65516
5.64118
5.63553
5.63831
5.64955
5.66928
5.69745
5.73402
5.77883
5.87671
5.84841
5.83018
5.82216
5.82443
5.83704
5.86004
5.89347
5.93733
5.99162
6.06239
6.02703
6.00398
5.99325
5.99483
6.00877
6.03513
6.07402
6.1256
6.19004
6.22934
6.18655
6.1585
6.14496
6.14578
6.16094
6.19052
6.2347
6.29382
6.3683
6.37156
6.32214
6.28965
6.27362
6.2738
6.29007
6.32251
6.37139
6.43715
6.52045
6.48437
6.42999
6.39425
6.3765
6.37637
6.39369
6.42854
6.48118
6.55213
6.64213
6.56523
6.50817
6.47076
6.45231
6.45239
6.47082
6.50764
6.56311
6.63769
6.73206
6.61441
6.55695
6.5195
6.5014
6.50227
6.52196
6.56052
6.61819
6.69539
6.79269
6.63449
6.57856
6.54241
6.52554
6.52767
6.54876
6.58892
6.64848
6.72793
6.82785
6.63018
6.5768
6.54268
6.52745
6.531
6.55337
6.59485
6.65591
6.73722
6.83968
6.60634
6.55593
6.524
6.51036
6.51504
6.5382
6.58023
6.64176
6.72369
6.82724
6.56839
6.52043
6.49026
6.47775
6.48293
6.50601
6.54739
6.60772
6.68794
6.78932
6.52031
6.47401
6.44505
6.43315
6.43819
6.4603
6.4998
6.55724
6.63342
6.7294
6.46326
6.41896
6.3914
6.38005
6.38468
6.40528
6.44208
6.49551
6.56621
6.65504
6.39832
6.35782
6.33265
6.32234
6.32667
6.34561
6.37932
6.42817
6.49267
6.57355
6.33108
6.29564
6.2736
6.26474
6.26893
6.28621
6.31672
6.36076
6.41878
6.49138
6.2695
6.23879
6.21979
6.21235
6.21641
6.23201
6.25928
6.29847
6.34995
6.41423
6.21908
6.1924
6.17604
6.16981
6.17365
6.18756
6.21163
6.24605
6.2911
6.34718
6.18307
6.16008
6.14613
6.14101
6.14461
6.15689
6.17791
6.20779
6.24673
6.29502
6.16399
6.14473
6.13321
6.12924
6.13269
6.14353
6.16175
6.18745
6.22077
6.26192
6.16468
6.14916
6.14013
6.13742
6.14091
6.15054
6.16631
6.18826
6.2165
6.25119
6.18778
6.17598
6.1695
6.16818
6.17191
6.18062
6.19431
6.21298
6.2367
6.26559
6.23561
6.22749
6.22358
6.22377
6.22796
6.23609
6.24811
6.264
6.28378
6.30753
6.31028
6.30566
6.30427
6.30605
6.31094
6.31886
6.32972
6.34343
6.35993
6.37922
6.41352
6.41197
6.4129
6.41632
6.42219
6.4304
6.44079
6.45313
6.46717
6.48264
6.54618
6.54701
6.54991
6.55499
6.56224
6.57152
6.58257
6.59496
6.60818
6.62155
6.70803
6.71024
6.71457
6.7213
6.7305
6.74199
6.7554
6.77012
6.7853
6.79985
6.89804
6.89979
6.9046
6.91287
6.92469
6.93989
6.95798
6.97819
6.99938
7.02006
7.11204
7.11124
7.11549
7.1252
7.14046
7.1611
7.18663
7.21616
7.24838
7.28144
7.34266
7.33768
7.34061
7.35178
7.3713
7.39911
7.43488
7.47788
7.52692
7.58003
7.58052
7.57085
7.57215
7.58476
7.60901
7.64512
7.6932
7.75314
7.82449
7.90608
7.81823
7.8037
7.80293
7.81645
7.84484
7.88882
7.94917
8.02679
8.12267
8.23779
8.05187
8.0318
8.02787
8.04072
8.07123
8.12049
8.18991
8.28125
8.39679
8.53959
8.27983
8.25339
8.24465
8.25443
8.28382
8.33418
8.40719
8.50493
8.63002
8.78573
8.50496
8.47041
8.45432
8.45785
8.48228
8.5291
8.60001
8.69707
8.82287
8.9808
8.73369
8.68756
8.66033
8.65366
8.66905
8.70797
8.7719
8.86238
8.98104
9.1296
8.97462
8.91029
8.86629
8.84469
8.84708
8.87476
8.92893
9.01071
9.12103
9.26021
9.23306
9.1403
9.0724
9.03089
9.01676
9.0308
9.07388
9.14717
9.25233
9.39196
9.5009
9.36912
9.27181
9.20735
9.17478
9.17368
9.20404
9.26629
9.36127
9.49031
9.73395
9.5724
9.45066
9.36611
9.31693
9.30187
9.32021
9.37163
9.45623
9.57453
9.92541
9.74334
9.60364
9.50375
9.44161
9.41564
9.42464
9.46774
9.5442
9.65309
10.0821
9.88443
9.73143
9.62044
9.54925
9.51615
9.51989
9.55962
9.6349
9.74569
10.2068
9.99773
9.83542
9.717
9.64018
9.60323
9.60493
9.64453
9.72168
9.83636
10.3009
10.0853
9.9174
9.79466
9.71495
9.67668
9.67879
9.72075
9.80252
9.92465
10.3722
10.1523
9.98075
9.85546
9.7745
9.73647
9.74044
9.78601
9.87324
10.0027
10.4295
10.2039
10.0287
9.90127
9.81982
9.78291
9.78971
9.83987
9.93351
10.0711
10.4704
10.2403
10.0619
9.93276
9.85123
9.81599
9.82632
9.88207
9.98363
10.1321
10.4991
10.2636
10.0814
9.95029
9.86861
9.83514
9.8492
9.91065
10.0199
10.1777
10.5181
10.2747
10.0873
9.95342
9.87127
9.83957
9.85762
9.9253
10.043
10.2116
10.5218
10.2703
10.0773
9.94038
9.85761
9.82775
9.85013
9.92467
10.0519
10.2327
10.5091
10.2487
10.0496
9.90911
9.82549
9.79748
9.82448
9.9065
10.0442
10.2387
10.4771
10.2078
10.0018
9.85722
9.77231
9.74601
9.77777
9.86765
10.0163
10.2252
10.4309
10.1479
9.93242
9.78201
9.69496
9.67009
9.70678
9.80498
9.96511
10.188
10.3611
10.063
9.83625
9.67878
9.5889
9.56547
9.60786
9.71605
9.8905
10.1321
10.2651
9.94846
9.7079
9.54165
9.44808
9.42605
9.47498
9.59489
9.78632
10.05
10.1398
9.79823
9.54005
9.36286
9.26459
9.24387
9.30009
9.4335
9.64504
9.93608
9.9683
9.5987
9.32114
9.13211
9.02875
9.00928
9.07306
9.22067
9.45376
9.77475
9.72978
9.33403
9.03863
8.83888
8.73107
8.71291
8.78374
8.94454
9.19777
9.54697
9.40864
8.99175
8.68282
8.47547
8.36488
8.34821
8.42477
8.59602
8.86542
9.23796
8.98978
8.56245
8.24838
8.03907
7.92861
7.91369
7.99366
8.17047
8.44865
8.8353
8.46015
8.04407
7.73819
7.53472
7.42808
7.41514
7.49532
7.67059
7.94539
8.3264
7.84984
7.45839
7.16978
6.97776
6.87763
6.86669
6.94446
7.1127
7.37522
7.7375
7.19666
6.83407
6.56639
6.38833
6.29591
6.28682
6.36065
6.51894
6.76495
7.10336
6.52715
6.19476
5.94914
5.78582
5.7014
5.69392
5.76305
5.91008
6.13778
6.45007
5.86153
5.55926
5.33552
5.18671
5.11007
5.10399
5.16818
5.30368
5.51272
5.79842
5.21685
4.94276
4.73943
4.60412
4.53466
4.52976
4.58917
4.71372
4.90513
5.16578
4.60509
4.35604
4.17086
4.04753
3.9844
3.98046
4.03552
4.15019
4.32578
4.564
4.03313
3.80563
3.63603
3.52295
3.46519
3.46202
3.51328
3.61938
3.78124
4.00001
3.50418
3.29476
3.13815
3.03355
2.98022
2.97764
3.02568
3.12458
3.27488
3.47719
3.01884
2.82428
2.67821
2.58042
2.53059
2.52844
2.57385
2.66689
2.8077
2.99636
2.57605
2.39348
2.25572
2.16318
2.11599
2.11414
2.15753
2.24599
2.37923
2.55674
2.17392
2.00085
1.8694
1.78067
1.73534
1.73369
1.77563
1.86072
1.98815
2.15674
1.81009
1.64449
1.51764
1.43145
1.38726
1.38574
1.42681
1.50964
1.63278
1.7943
1.48204
1.32254
1.19906
1.11438
1.07072
1.06929
1.10999
1.19149
1.31148
1.46716
1.18724
1.03355
0.91296
0.829198
0.785631
0.784267
0.825017
0.905727
1.02297
1.17302
0.923336
0.776796
0.66001
0.577409
0.533829
0.53256
0.573494
0.653182
0.766742
0.909744
0.688329
0.552656
0.442848
0.363322
0.320402
0.31931
0.359897
0.436741
0.54346
0.675626
0.48122
0.362956
0.266343
0.19484
0.155096
0.154321
0.192304
0.261566
0.355352
0.470144
0.30445
0.2117
0.136179
0.081127
0.050699
0.0503528
0.0798333
0.133378
0.206658
0.296274
0.167583
0.104815
0.0544048
0.0228806
0.0090828
0.00903373
0.0225953
0.0535246
0.102763
0.16355
0.0846734
0.0420168
0.0144592
0.0044851
0.0024422
0.00244147
0.00448049
0.0144282
0.0418518
0.0842104
0.766633
0.759212
0.749916
0.738657
0.72539
0.710095
0.692792
0.673544
0.652468
0.629723
0.6055
0.580039
0.554078
0.529506
0.505373
0.481407
0.45761
0.434087
0.410972
0.388386
0.366428
0.345165
0.324637
0.304852
0.285797
0.267437
0.249722
0.232588
0.215962
0.199762
0.183897
0.168264
0.152739
0.137165
0.121263
0.104148
0.0861927
0.0670042
0.0468601
0.0220529
1.58079
1.56418
1.54415
1.52066
1.49373
1.46339
1.42979
1.39311
1.35366
1.31176
1.26782
1.22221
1.17528
1.12742
1.07919
1.03096
0.98307
0.935804
0.889395
0.844029
0.799838
0.75691
0.715286
0.674971
0.635936
0.598123
0.561452
0.525821
0.491115
0.457197
0.423916
0.391095
0.358523
0.325941
0.293012
0.259301
0.224422
0.186891
0.140431
0.0615888
1.96799
1.94815
1.92428
1.89635
1.86437
1.82843
1.78867
1.74535
1.69881
1.64947
1.59779
1.54427
1.48938
1.43345
1.37689
1.32006
1.2633
1.20689
1.15111
1.09616
1.04224
0.989466
0.937945
0.887727
0.83883
0.791237
0.744901
0.699749
0.65568
0.612572
0.570276
0.528613
0.487367
0.446264
0.40493
0.362813
0.318923
0.270761
0.210024
0.0964038
2.23924
2.21796
2.19232
2.16226
2.12775
2.08885
2.04569
1.99851
1.94764
1.89355
1.83674
1.77778
1.71721
1.65544
1.59287
1.52991
1.46692
1.40422
1.34209
1.28074
1.22038
1.16115
1.10315
1.04647
0.991118
0.937112
0.884416
0.832973
0.782696
0.733474
0.685165
0.637591
0.590522
0.543646
0.496498
0.448302
0.397551
0.34072
0.266896
0.125065
2.46589
2.44418
2.41788
2.38689
2.35111
2.31052
2.26515
2.21518
2.16089
2.10273
2.04125
1.97714
1.91109
1.8436
1.77521
1.70644
1.6377
1.56935
1.50167
1.43491
1.36923
1.30477
1.24163
1.17987
1.11952
1.06057
1.00299
0.946711
0.891659
0.837713
0.784724
0.732495
0.680763
0.629148
0.577061
0.523499
0.466518
0.401702
0.315779
0.148715
2.67364
2.65221
2.62609
2.59506
2.55893
2.51754
2.47078
2.41865
2.3613
2.29907
2.2325
2.16253
2.09021
2.01625
1.94146
1.86647
1.79178
1.71777
1.6447
1.57279
1.50219
1.43301
1.3653
1.29911
1.23443
1.17124
1.10949
1.04911
0.989992
0.932002
0.874968
0.818663
0.762771
0.706836
0.650144
0.591481
0.528536
0.456144
0.358977
0.168988
2.87477
2.85433
2.82916
2.79897
2.76344
2.72224
2.675
2.62142
2.5613
2.4948
2.4221
2.3447
2.26431
2.18241
2.1001
2.01814
1.93702
1.85707
1.77849
1.70143
1.626
1.55225
1.48019
1.40982
1.34112
1.27402
1.20844
1.14429
1.08144
1.01973
0.958949
0.898831
0.839005
0.778935
0.717788
0.654164
0.585433
0.505771
0.398025
0.186944
3.07611
3.05737
3.03398
3.00558
2.97171
2.93179
2.88522
2.83141
2.76971
2.70029
2.6198
2.53041
2.43889
2.34713
2.25601
2.16619
2.07802
1.99171
1.90735
1.82499
1.74463
1.66627
1.58988
1.51539
1.44274
1.37182
1.30254
1.23475
1.1683
1.103
1.03859
0.974774
0.911114
0.846997
0.781481
0.712998
0.638626
0.551949
0.434155
0.20339
3.28155
3.26528
3.24456
3.21891
3.18766
3.15012
3.1058
3.05422
2.99263
2.912
2.81895
2.71911
2.61544
2.51247
2.41171
2.31335
2.21762
2.12455
2.03408
1.94615
1.86067
1.77755
1.6967
1.61801
1.54135
1.46659
1.39359
1.32217
1.25214
1.18327
1.11528
1.0478
0.980343
0.912226
0.842398
0.769132
0.689238
0.59574
0.468272
0.218689
3.4932
3.48023
3.46313
3.4412
3.41359
3.37944
3.33785
3.2857
3.21405
3.11738
3.00952
2.89927
2.78818
2.67651
2.56664
2.46005
2.35684
2.25692
2.16018
2.06649
1.97569
1.88763
1.80216
1.71912
1.63834
1.55965
1.48285
1.40774
1.3341
1.26164
1.19004
1.1189
1.04766
0.975567
0.901465
0.823473
0.738142
0.63796
0.501066
0.233199
3.71195
3.70324
3.69089
3.67407
3.65182
3.6232
3.58655
3.53127
3.44341
3.3287
3.20449
3.0809
2.95945
2.83895
2.72084
2.60657
2.49613
2.38946
2.28642
2.18685
2.09059
1.99743
1.90719
1.81965
1.73462
1.65188
1.57119
1.49231
1.41498
1.33888
1.26366
1.18883
1.11381
1.03775
0.959396
0.876718
0.786008
0.679232
0.533071
0.247221
3.93778
3.9344
3.92822
3.9184
3.90401
3.88382
3.85321
3.79233
3.68212
3.54442
3.40327
3.26708
3.13346
3.00259
2.87607
2.75395
2.63615
2.52259
2.41312
2.30756
2.20569
2.10729
2.01214
1.92
1.83061
1.74372
1.65907
1.57637
1.49531
1.41555
1.33667
1.25815
1.17934
1.09931
1.01673
0.929393
0.833346
0.720029
0.564685
0.260962
4.16985
4.17292
4.1744
4.17369
4.17015
4.1627
4.13821
4.05711
3.91798
3.75952
3.60536
3.45569
3.30949
3.16864
3.03306
2.90261
2.77713
2.65646
2.54038
2.42868
2.32109
2.21736
2.11721
2.02036
1.92653
1.83543
1.74675
1.66017
1.57534
1.49188
1.40932
1.32711
1.24451
1.16054
1.07375
0.981798
0.880456
0.76064
0.596148
0.275165
4.40661
4.41706
4.42747
4.43753
4.4468
4.45372
4.42856
4.31713
4.15041
3.97689
3.80981
3.64584
3.48801
3.3366
3.19142
3.05224
2.91879
2.7908
2.66799
2.55005
2.43667
2.32753
2.22233
2.12073
2.02242
1.92706
1.83432
1.74383
1.65522
1.56804
1.4818
1.39588
1.30951
1.22163
1.13066
1.03413
0.927542
0.801284
0.627717
0.289399
4.6461
4.66449
4.68468
4.70685
4.73134
4.75497
4.71933
4.57599
4.38608
4.20022
4.0171
3.83839
3.66793
3.50534
3.35018
3.20202
3.06045
2.92507
2.79547
2.67127
2.5521
2.43756
2.32731
2.22096
2.11817
2.01856
1.92175
1.82735
1.73494
1.64405
1.55414
1.46454
1.37442
1.28264
1.18753
1.08647
0.974701
0.842076
0.659518
0.303714
4.88622
4.91256
4.94219
4.9757
5.01445
5.0441
4.99464
4.8312
4.62703
4.42592
4.22292
4.02982
3.84666
3.67285
3.50775
3.3507
3.20111
3.05844
2.92217
2.79182
2.66694
2.54708
2.43184
2.32081
2.21357
2.10974
2.00889
1.91061
1.81443
1.71985
1.62629
1.53303
1.43919
1.34356
1.24437
1.13883
1.02195
0.883045
0.69159
0.318153
5.1257
5.1599
5.19787
5.2392
5.28209
5.30247
5.2659
5.08857
4.86917
4.64991
4.42564
4.21694
4.0212
3.83671
3.66224
3.49682
3.33965
3.19005
3.04739
2.91112
2.78072
2.65569
2.53559
2.41996
2.30837
2.20039
2.09556
1.99344
1.89354
1.79531
1.69813
1.60126
1.50374
1.4043
1.30108
1.19114
1.06923
0.924142
0.723883
0.332708
5.36454
5.40812
5.4566
5.50921
5.55989
5.57101
5.51701
5.29769
5.08677
4.84147
4.60951
4.39185
4.18718
3.99422
3.81185
3.63908
3.47509
3.31912
3.1705
3.02865
2.89299
2.76301
2.63821
2.51813
2.40229
2.29025
2.18152
2.07563
1.97206
1.87023
1.7695
1.66906
1.56792
1.46474
1.35756
1.24329
1.11643
0.965267
0.756318
0.347352
5.60177
5.65692
5.71872
5.78621
5.84121
5.82426
5.72867
5.48983
5.27341
5.01904
4.78033
4.55594
4.34451
4.14487
3.95598
3.77693
3.60691
3.44519
3.2911
3.14403
3.00341
2.86871
2.73941
2.61502
2.49507
2.37906
2.26652
2.15694
2.04977
1.94441
1.84018
1.73624
1.63155
1.52468
1.41361
1.29511
1.16341
1.00628
0.788762
0.362029
5.83497
5.90412
5.98237
6.06853
6.11799
6.0491
5.90302
5.66091
5.43874
5.18193
4.93955
4.71064
4.49419
4.28924
4.09493
3.91047
3.7351
3.56817
3.40903
3.25708
3.11177
2.97256
2.83894
2.71039
2.58644
2.46659
2.35033
2.23713
2.12643
2.01761
1.90995
1.80258
1.6944
1.58394
1.46906
1.34641
1.20997
1.04699
0.821049
0.376659
6.06029
6.14585
6.24387
6.3531
6.38691
6.25457
6.06961
5.82396
5.59418
5.3361
5.0912
4.85883
4.63826
4.42877
4.22968
4.04031
3.86004
3.68825
3.52435
3.36777
3.21797
3.07442
2.93661
2.80404
2.6762
2.55259
2.43268
2.31595
2.2018
2.08959
1.97857
1.86783
1.75625
1.64227
1.52368
1.39698
1.25593
1.08725
0.853045
0.391189
6.27235
6.37623
6.49695
6.63334
6.65449
6.46598
6.23921
5.9867
5.74629
5.48706
5.23964
5.00382
4.77916
4.56521
4.36143
4.1673
3.98226
3.80574
3.63721
3.47613
3.32195
3.17417
3.03228
2.89576
2.76411
2.63682
2.51335
2.39315
2.27562
2.16009
2.04578
1.93176
1.81684
1.69943
1.57723
1.4466
1.30106
1.12684
0.884589
0.405549
6.46433
6.5871
6.73218
6.89926
6.91232
6.67579
6.41478
6.15369
5.90272
5.64073
5.38922
5.14872
4.91912
4.70012
4.4913
4.29217
4.10222
3.92093
3.74775
3.58217
3.42365
3.27169
3.12575
2.98534
2.84994
2.71903
2.59206
2.46846
2.34761
2.22883
2.11131
1.99408
1.87592
1.75518
1.62947
1.49503
1.34514
1.16555
0.915486
0.419645
6.62853
6.76792
6.93452
7.12791
7.13624
6.87549
6.59908
6.32996
6.07227
5.80195
5.54276
5.29534
5.05934
4.83433
4.61981
4.41525
4.22012
4.03387
3.85594
3.68581
3.52293
3.36677
3.21682
3.07255
2.93343
2.79894
2.66852
2.54158
2.41748
2.29552
2.17486
2.05451
1.9332
1.80923
1.68013
1.54201
1.38793
1.20316
0.945547
0.433391
6.75914
6.91048
7.09229
7.30207
7.32021
7.06074
6.77663
6.50225
6.24283
5.96732
5.69864
5.44283
5.19933
4.96751
4.74672
4.53634
4.33576
4.14436
3.96156
3.7868
3.61951
3.45915
3.30518
3.15707
3.01428
2.87625
2.74243
2.6122
2.48492
2.35984
2.23613
2.11275
1.98839
1.8613
1.72893
1.58727
1.42917
1.23944
0.974577
0.446695
6.8543
7.0115
7.19859
7.40167
7.46084
7.238
6.94332
6.66407
6.405
6.13314
5.85395
5.58902
5.33751
5.0985
4.87117
4.65477
4.44857
4.25192
4.06418
3.88474
3.71302
3.54846
3.39048
3.23855
3.09211
2.9506
2.81343
2.67998
2.54958
2.42148
2.2948
2.16848
2.04118
1.91109
1.77559
1.63055
1.46862
1.27415
1.00238
0.459466
6.91814
7.0782
7.26637
7.46066
7.56238
7.38916
7.08892
6.80729
6.54719
6.28756
6.0043
5.73098
5.47179
5.22577
4.99199
4.76961
4.55783
4.35594
4.16327
3.97916
3.80302
3.63426
3.47231
3.31659
3.16655
3.0216
2.88114
2.74454
2.61111
2.48007
2.35052
2.22137
2.09125
1.95829
1.81981
1.67157
1.506
1.30706
1.02876
0.471613
6.95649
7.12028
7.3119
7.50304
7.60727
7.49211
7.211
6.92962
6.66631
6.41773
6.14698
5.8667
5.60052
5.34799
5.10812
4.88
4.66281
4.45579
4.25825
4.06953
3.88901
3.7161
3.5502
3.39075
3.23716
3.08883
2.94516
2.8055
2.66912
2.53524
2.40293
2.27108
2.13827
2.0026
1.8613
1.71004
1.54107
1.33794
1.05353
0.483044
6.97218
7.1423
7.34396
7.54282
7.63481
7.57946
7.33314
7.04218
6.77035
6.51717
6.26803
5.99492
5.72265
5.46429
5.21884
4.98534
4.76296
4.55096
4.34864
4.15537
3.97051
3.79348
3.62369
3.46055
3.30347
3.15185
3.00505
2.86242
2.7232
2.58661
2.45167
2.31726
2.18192
2.04369
1.89976
1.74568
1.57355
1.36654
1.07649
0.493668
6.96199
7.13704
7.34859
7.5705
7.69754
7.66867
7.43937
7.14315
6.86264
6.60155
6.35536
6.10557
5.83744
5.5744
5.32398
5.08542
4.85802
4.64111
4.43405
4.23623
4.04705
3.86593
3.69228
3.5255
3.36501
3.21018
3.06036
2.91486
2.77295
2.63377
2.49636
2.35954
2.22183
2.08124
1.93488
1.77822
1.60319
1.39265
1.09745
0.503397
6.92134
7.09306
7.30081
7.53616
7.72506
7.7302
7.52129
7.22743
6.93837
6.67048
6.42124
6.18312
5.93936
5.67947
5.4243
5.18059
4.94802
4.72605
4.51413
4.31168
4.11813
3.9329
3.75541
3.58506
3.42123
3.26329
3.11057
2.96236
2.8179
2.67631
2.5366
2.39756
2.25769
2.11493
1.96637
1.80737
1.62975
1.41604
1.11624
0.512143
6.85384
7.01447
7.20591
7.42464
7.64989
7.73951
7.56178
7.2707
6.98022
6.71162
6.46154
6.22681
6.00198
5.77196
5.52118
5.27136
5.03298
4.80555
4.58847
4.38119
4.18315
3.99377
3.81245
3.63859
3.47153
3.31062
3.15516
3.00442
2.85759
2.71379
2.57199
2.43096
2.28914
2.14446
1.99394
1.8329
1.65298
1.43649
1.13267
0.519817
6.76984
6.9174
7.09248
7.29526
7.51924
7.63844
7.51173
7.25904
6.97886
6.71379
6.46811
6.23739
6.01998
5.81147
5.59657
5.35607
5.11218
4.87898
4.65635
4.44395
4.24125
4.04768
3.86258
3.68532
3.5152
3.35152
3.19354
3.0405
2.89156
2.74579
2.60215
2.45937
2.31587
2.16954
2.01735
1.85455
1.67269
1.45384
1.14661
0.526477
6.67785
6.81157
6.96994
7.15413
7.36074
7.4849
7.40284
7.19889
6.94363
6.68444
6.44172
6.21595
6.00346
5.80318
5.61021
5.40933
5.18264
4.9457
4.71668
4.49873
4.29124
4.0935
3.90479
3.72434
3.55142
3.38526
3.22507
3.07004
2.91929
2.77186
2.62668
2.48245
2.33757
2.18988
2.03632
1.87209
1.68866
1.4679
1.15791
0.531952
6.58485
6.70447
6.8458
7.00952
7.18935
7.3024
7.25367
7.09052
6.86605
6.62301
6.38687
6.16655
5.96004
5.76544
5.58113
5.40089
5.20978
4.99557
4.76672
4.54333
4.33128
4.12971
3.93776
3.75455
3.57927
3.41106
3.24908
3.09247
2.9403
2.7916
2.64524
2.49991
2.35397
2.20525
2.05066
1.88536
1.70073
1.47854
1.16647
0.536154
6.49683
6.60238
6.72696
6.86972
7.02099
7.11608
7.08051
6.94477
6.74892
6.52771
6.3052
6.09357
5.89481
5.70646
5.52765
5.35623
5.18349
4.99769
4.79409
4.57459
4.35913
4.15453
3.96006
3.77479
3.59779
3.42815
3.26496
3.10729
2.9542
2.80466
2.65754
2.51149
2.36487
2.21549
2.06023
1.89422
1.70881
1.48567
1.17223
0.539051
6.419
6.51038
6.61776
6.74107
6.87345
6.95303
6.91249
6.7872
6.61063
6.40939
6.20288
6.00263
5.81288
5.63237
5.45975
5.29424
5.13166
4.9633
4.78187
4.58446
4.37313
4.16632
3.9703
3.78394
3.60614
3.43588
3.2722
3.11412
2.96068
2.81082
2.66341
2.51708
2.37018
2.22052
2.06497
1.89864
1.71286
1.48926
1.17516
0.54063
6.35666
6.43469
6.52594
6.6308
6.74664
6.81342
6.76241
6.63857
6.47217
6.28475
6.09155
5.90219
5.72106
5.54846
5.38284
5.22316
5.06739
4.90958
4.74243
4.56149
4.36587
4.16264
3.96703
3.78109
3.60372
3.43388
3.27056
3.11282
2.95966
2.81005
2.66284
2.51668
2.36992
2.22037
2.0649
1.89864
1.71292
1.48937
1.17531
0.540905
6.31427
6.3803
6.45729
6.54568
6.64373
6.69468
6.63455
6.50892
6.34658
6.16674
5.98212
5.80063
5.62617
5.45956
5.29989
5.14581
4.99538
4.84453
4.68766
4.51995
4.33851
4.14263
3.94988
3.76616
3.5906
3.42225
3.26021
3.10354
2.95131
2.8025
2.65599
2.51045
2.36424
2.21519
2.06019
1.89437
1.70911
1.48609
1.17275
0.539912
6.29514
6.35035
6.41451
6.48821
6.56829
6.5988
6.52843
6.39925
6.23775
6.0613
5.88121
5.70433
5.53412
5.37149
5.21583
5.06584
4.91961
4.77401
4.6248
4.46744
4.29748
4.1092
3.92069
3.74041
3.56771
3.40176
3.24174
3.08682
2.93609
2.7886
2.64324
2.49873
2.35345
2.20525
2.05106
1.88605
1.70164
1.47959
1.16764
0.537714
6.30196
6.34728
6.39958
6.45981
6.51877
6.52005
6.43935
6.30663
6.14461
5.96928
5.79116
5.61659
5.44876
5.28859
5.13556
4.98837
4.84525
4.7036
4.5598
4.40942
4.2472
4.06529
3.88174
3.70563
3.53646
3.37354
3.21613
3.06346
2.9147
2.76893
2.62511
2.48198
2.33796
2.19094
2.03787
1.87399
1.69077
1.47013
1.16015
0.534395
6.3371
6.37329
6.41399
6.45978
6.49454
6.46685
6.37256
6.23288
6.06731
5.8905
5.71224
5.53831
5.3716
5.21287
5.06155
4.91632
4.77536
4.63618
4.49533
4.34848
4.19046
4.01368
3.83529
3.66369
3.49844
3.33893
3.18449
3.03443
2.88797
2.74425
2.60226
2.46079
2.3183
2.17271
2.02104
1.85856
1.67685
1.45799
1.15051
0.53006
6.40279
6.43001
6.45638
6.48368
6.49188
6.43824
6.32761
6.17703
6.00465
5.82402
5.64398
5.46953
5.303
5.14484
4.99437
4.85021
4.71042
4.57241
4.43254
4.28628
4.12942
3.95665
3.78343
3.61643
3.45524
3.2993
3.14804
3.00079
2.85684
2.71537
2.57541
2.43581
2.29505
2.15111
2.00105
1.84021
1.66026
1.44349
1.139
0.524827
6.50029
6.51489
6.52123
6.52961
6.51555
6.43196
6.29886
6.13391
5.95307
5.76786
5.58553
5.41005
5.24305
5.08466
4.93409
4.78988
4.65004
4.51179
4.37107
4.22352
4.06563
3.89615
3.728
3.56552
3.40836
3.25603
3.10798
2.96362
2.82227
2.68316
2.54536
2.40775
2.26886
2.12671
1.97842
1.81938
1.64141
1.427
1.12588
0.518825
6.63505
6.6365
6.61929
6.60103
6.55416
6.43706
6.28066
6.10133
5.91228
5.72263
5.53788
5.36088
5.19266
5.03308
4.88121
4.73556
4.59403
4.4535
4.31016
4.16038
4.00095
3.83425
3.67076
3.51255
3.35926
3.21041
3.06551
2.924
2.78523
2.64849
2.51288
2.37731
2.24036
2.1001
1.95367
1.79658
1.62074
1.4089
1.11145
0.512191
6.81299
6.80136
6.75609
6.70638
6.61947
6.46564
6.28323
6.0874
5.88841
5.69278
5.50419
5.32431
5.15351
4.99136
4.83683
4.68835
4.54346
4.39893
4.25159
4.09858
3.93581
3.77207
3.61316
3.459
3.30931
3.16371
3.02175
2.88293
2.74665
2.6122
2.47874
2.34521
2.21021
2.07185
1.92735
1.77228
1.59868
1.38954
1.09602
0.505066
7.03908
7.01465
6.9335
6.84563
6.71216
6.51907
6.30971
6.0963
5.88574
5.68197
5.48718
5.30211
5.12665
4.9601
4.80121
4.64808
4.49805
4.34813
4.19499
4.03595
3.87298
3.71278
3.55735
3.40647
3.25984
3.11707
2.97774
2.84137
2.70737
2.57508
2.44366
2.31208
2.17899
2.04253
1.89996
1.74694
1.57563
1.36931
1.07986
0.497583
7.31414
7.2753
7.14678
7.01287
6.82751
6.59541
6.36057
6.12926
5.90509
5.69059
5.48686
5.29404
5.11158
4.93843
4.77296
4.6131
4.45651
4.30038
4.14153
3.97711
3.81457
3.65704
3.50429
3.356
3.21184
3.07143
2.93435
2.80011
2.66815
2.5378
2.40827
2.27853
2.14726
2.01264
1.87197
1.72099
1.552
1.34853
1.06325
0.489855
7.63657
7.58234
7.38903
7.19137
6.95336
6.68953
6.4326
6.18312
5.94361
5.71598
5.50097
5.29825
5.10672
4.9249
4.75105
4.58322
4.41903
4.2553
4.08739
3.92165
3.76105
3.60548
3.45467
3.3083
3.16604
3.0275
2.89224
2.75979
2.62958
2.50096
2.37312
2.24507
2.11551
1.98263
1.84381
1.69483
1.52813
1.32752
1.04644
0.482016
7.99969
7.93016
7.6514
7.36961
7.09182
6.80645
6.52428
6.25349
5.99639
5.7539
5.526
5.31168
5.10942
4.91748
4.73403
4.55702
4.38365
4.20929
4.0383
3.87301
3.71323
3.55868
3.40902
3.2639
3.12297
2.9858
2.85195
2.72093
2.59217
2.46502
2.33867
2.21214
2.08414
1.9529
1.81583
1.66879
1.50433
1.30655
1.02965
0.474172
8.38014
8.29741
7.92954
7.57983
7.25562
6.9376
6.6274
6.33403
6.05823
5.79976
5.55773
5.3306
5.11649
4.91349
4.71945
4.53213
4.34798
4.16918
3.99701
3.83115
3.67122
3.51683
3.36759
3.22309
3.08292
2.94665
2.81381
2.68387
2.55627
2.43032
2.30525
2.18006
2.05348
1.92376
1.78834
1.64315
1.48087
1.28585
1.01307
0.466412
8.72419
8.62654
8.18886
7.78536
7.41699
7.06742
6.73145
6.41694
6.1229
5.84837
5.59198
5.35176
5.12557
4.91119
4.70614
4.50861
4.31896
4.13726
3.96301
3.79568
3.63478
3.47983
3.33036
3.18591
3.04603
2.91023
2.77801
2.64883
2.5221
2.39713
2.27312
2.14909
2.02377
1.89544
1.76157
1.61814
1.45795
1.26562
0.99685
0.458811
8.98773
8.88664
8.41007
7.96777
7.56098
7.18512
6.83074
6.49665
6.18606
5.89694
5.62707
5.37406
5.13581
4.91017
4.69581
4.49197
4.29776
4.11247
3.93541
3.76593
3.60342
3.44733
3.29712
3.15226
3.01224
2.87654
2.74461
2.6159
2.48978
2.36556
2.24242
2.11939
1.99519
1.86812
1.73568
1.59391
1.43573
1.24598
0.981104
0.451424
9.18773
9.09956
8.60021
8.13017
7.69633
7.29558
6.9228
6.57337
6.24834
5.94564
5.66272
5.39749
5.14838
4.91368
4.69196
4.48205
4.28288
4.09353
3.91318
3.74107
3.5765
3.41885
3.2675
3.12186
2.98136
2.84545
2.71355
2.58506
2.45934
2.33567
2.21324
2.09105
1.96784
1.84191
1.71079
1.57059
1.41431
1.22704
0.965917
0.444302
9.32101
9.2674
8.76576
8.27473
7.82045
7.39989
7.00976
6.6469
6.30859
5.99316
5.69854
5.42287
5.16444
4.9216
4.69287
4.47695
4.2727
4.07909
3.8952
3.72019
3.5533
3.3938
3.24103
3.09434
2.95312
2.81677
2.68467
2.5562
2.4307
2.30743
2.18555
2.06407
1.94173
1.81684
1.68695
1.54821
1.39374
1.20885
0.951334
0.437463
9.43723
9.40684
8.91018
8.40237
7.93245
7.49669
7.09201
6.71571
6.36539
6.03889
5.73414
5.44922
5.1824
4.93205
4.69669
4.475
4.26577
4.06791
3.88043
3.70242
3.53305
3.37154
3.21718
3.06927
2.92716
2.7902
2.65775
2.52916
2.40373
2.28072
2.15928
2.03841
1.91684
1.7929
1.66415
1.5268
1.37405
1.19144
0.937377
0.430922
9.5817
9.54185
9.02728
8.51247
8.0321
7.58466
7.16814
6.7804
6.41929
6.08272
5.7687
5.4753
5.20078
4.94351
4.70198
4.47485
4.26087
4.05889
3.86788
3.68689
3.51501
3.35145
3.19541
3.04619
2.90309
2.76541
2.63251
2.50369
2.37824
2.25541
2.13432
2.01397
1.8931
1.77002
1.64235
1.50631
1.35521
1.17478
0.924035
0.424684
9.66517
9.65305
9.14757
8.61858
8.12544
7.66609
7.23837
6.84012
6.4692
6.12352
5.80107
5.49996
5.21841
4.95478
4.70758
4.47539
4.25695
4.05107
3.85669
3.6728
3.49849
3.33288
3.17518
3.02463
2.88048
2.74205
2.60864
2.47953
2.354
2.23128
2.11048
1.9906
1.87036
1.7481
1.62145
1.48667
1.33715
1.15882
0.911267
0.418731
9.73693
9.75459
9.26381
8.71932
8.2124
7.74089
7.3023
6.89421
6.51428
6.16032
5.83026
5.52216
5.23425
4.96486
4.71247
4.47565
4.25309
4.0436
3.84607
3.65946
3.48282
3.31526
3.15595
3.00409
2.85892
2.71973
2.58579
2.45637
2.33074
2.2081
2.08756
1.96811
1.84847
1.72699
1.60131
1.46775
1.31976
1.14347
0.899007
0.413046
9.80111
9.84837
9.37855
8.81298
8.29093
7.80744
7.3587
6.94163
6.55359
6.19222
5.85536
5.54103
5.24743
4.97287
4.71581
4.4748
4.24851
4.03572
3.83529
3.64617
3.46738
3.29801
3.13718
2.98409
2.83797
2.69805
2.56361
2.43391
2.30817
2.18561
2.06532
1.94629
1.82723
1.70652
1.58179
1.44941
1.30292
1.12862
0.887175
0.4076
9.90151
9.94077
9.45253
8.88287
8.35362
7.86221
7.40566
6.9812
6.58624
6.21843
5.87562
5.55581
5.25719
4.97806
4.71685
4.4721
4.24248
4.02674
3.82371
3.63233
3.4516
3.28058
3.11839
2.96419
2.8172
2.67664
2.54176
2.4118
2.286
2.16354
2.04352
1.9249
1.80644
1.68648
1.5627
1.43149
1.28648
1.11414
0.87567
0.40236
9.99809
10.0289
9.52056
8.94215
8.40537
7.90691
7.44367
7.01286
6.61193
6.23855
5.89055
5.56595
5.26294
4.9798
4.71495
4.46694
4.23439
4.01605
3.81074
3.61738
3.43495
3.26249
3.0991
2.94395
2.79621
2.65511
2.51987
2.38974
2.26392
2.14161
2.02188
1.90372
1.78586
1.66666
1.54383
1.41379
1.27025
1.09987
0.864371
0.3973
10.0984
10.1105
9.57431
8.99023
8.44722
7.94256
7.47336
7.0369
6.63069
6.25239
5.89984
5.57106
5.26422
4.9776
4.70961
4.45877
4.2237
4.00313
3.79587
3.60082
3.41694
3.24327
3.0789
2.92296
2.77462
2.63311
2.49762
2.3674
2.24166
2.11955
2.00018
1.8825
1.76526
1.64685
1.52497
1.39609
1.254
1.08557
0.853083
0.392587
10.1862
10.1825
9.62354
9.03157
8.48152
7.97049
7.49547
7.0537
6.64263
6.25989
5.90329
5.57084
5.26068
4.97107
4.70039
4.44714
4.20995
3.98752
3.77864
3.5822
3.39716
3.22253
3.05738
2.90085
2.7521
2.61031
2.47472
2.34452
2.21893
2.09711
1.97816
1.86102
1.74445
1.62683
1.50591
1.37818
1.23749
1.07085
0.841079
0.386735
10.2645
10.2472
9.66697
9.06602
8.50846
7.99092
7.51018
7.06332
6.64771
6.26092
5.9007
5.56503
5.25199
4.95982
4.68689
4.43166
4.19274
3.96881
3.75866
3.56115
3.37522
3.19989
3.03421
2.8773
2.72831
2.58643
2.45087
2.32083
2.19551
2.07408
1.95562
1.83909
1.72324
1.60647
1.48654
1.35997
1.22068
1.05577
0.828398
0.38023
10.3415
10.3044
9.69973
9.09158
8.52717
8.00345
7.51723
7.06556
6.64572
6.25523
5.89179
5.55331
5.23783
4.94354
4.66876
4.41196
4.17169
3.94663
3.73555
3.5373
3.35079
3.17503
3.00907
2.85201
2.70299
2.5612
2.42584
2.2961
2.17119
2.05025
1.93238
1.81655
1.7015
1.58565
1.46678
1.34147
1.2037
1.04084
0.816714
0.374753
10.3983
10.3493
9.72695
9.10981
8.53795
8.00793
7.51633
7.06008
6.63633
6.24251
5.87625
5.53538
5.21787
4.92187
4.64568
4.3877
4.14648
3.92067
3.70902
3.51034
3.32357
3.14767
2.98169
2.82472
2.6759
2.53441
2.39942
2.27016
2.14579
2.02549
1.90833
1.7933
1.67914
1.5643
1.44657
1.32259
1.18643
1.02567
0.80469
0.369142
10.4462
10.3848
9.74443
9.11876
8.53966
8.00355
7.50686
7.04635
6.61907
6.22234
5.85369
5.51086
5.19176
4.89449
4.6173
4.35857
4.1168
3.89062
3.67875
3.48001
3.29328
3.11755
2.95183
2.79521
2.64683
2.50584
2.37144
2.24283
2.11918
1.99966
1.88336
1.76925
1.65611
1.54238
1.42588
1.30327
1.16873
1.00996
0.791857
0.362995
10.4831
10.4092
9.7513
9.11728
8.53127
7.98945
7.48807
7.02375
6.59342
6.19424
5.82367
5.47935
5.15913
4.86105
4.58331
4.32426
4.08236
3.85621
3.6445
3.44604
3.2597
3.08444
2.91927
2.76328
2.61559
2.47534
2.34174
2.21398
2.09123
1.97267
1.85738
1.74435
1.63235
1.51984
1.40468
1.28356
1.15073
0.994098
0.779144
0.356973
10.5075
10.4206
9.7458
9.104
8.51164
7.96466
7.45918
6.99163
6.55878
6.1577
5.78573
5.44043
5.1196
4.82121
4.5434
4.28447
4.04287
3.81717
3.60602
3.40822
3.22261
3.04815
2.88384
2.72876
2.58201
2.44275
2.31018
2.18347
2.06182
1.94439
1.83027
1.71847
1.60776
1.49662
1.38293
1.26345
1.13253
0.97826
0.766703
0.351169
10.5132
10.4152
9.72622
9.07759
8.47968
7.92833
7.41944
6.94931
6.51457
6.11219
5.7394
5.39371
5.07281
4.77462
4.49725
4.23894
3.9981
3.77327
3.5631
3.36633
3.18182
3.0085
2.84537
2.69148
2.54595
2.40794
2.27661
2.15118
2.03082
1.9147
1.80193
1.6915
1.58223
1.4726
1.36052
1.24282
1.11394
0.962182
0.754185
0.345407
10.4919
10.3905
9.69198
9.03729
8.43467
7.8797
7.36814
6.89613
6.46019
6.05718
5.68423
5.33875
5.01838
4.72097
4.44457
4.18739
3.94781
3.72431
3.51553
3.32021
3.13718
2.96535
2.80371
2.65132
2.50729
2.37077
2.24094
2.11699
1.99812
1.8835
1.77224
1.66334
1.55564
1.44765
1.33731
1.2215
1.09476
0.945611
0.741267
0.339483
10.4609
10.3522
9.64227
8.98236
8.37582
7.81802
7.30456
6.83145
6.39507
5.99215
5.61974
5.27515
4.95595
4.65994
4.3851
4.1296
3.89178
3.6701
3.46318
3.26972
3.08855
2.91857
2.75877
2.60819
2.46595
2.33118
2.20308
2.08084
1.96366
1.85071
1.74113
1.63392
1.52793
1.42169
1.3132
1.19938
1.07488
0.928425
0.727839
0.333323
10.4073
10.2963
9.57685
8.91221
8.30239
7.74252
7.22797
6.75457
6.31855
5.91653
5.54544
5.20249
4.88517
4.59122
4.31857
4.06535
3.82984
3.6105
3.4059
3.21475
3.03586
2.86811
2.71048
2.56203
2.42186
2.28911
2.16298
2.04267
1.92738
1.81629
1.70854
1.60317
1.49902
1.39468
1.28814
1.17642
1.05424
0.91058
0.713872
0.326922
10.3308
10.2224
9.494
8.82535
8.2131
7.65207
7.13737
6.66463
6.22993
5.82971
5.4608
5.12032
4.80568
4.51453
4.24476
3.99445
3.76185
3.54539
3.34363
3.15525
2.97905
2.81391
2.65882
2.51281
2.37501
2.24455
2.12064
2.00247
1.88927
1.78023
1.67448
1.57108
1.46892
1.36658
1.26211
1.15258
1.03283
0.892063
0.699353
0.320282
10.2117
10.1237
9.39054
8.71945
8.10613
7.54519
7.03153
6.56061
6.12832
5.73097
5.36526
5.0282
4.71712
4.4296
4.16347
3.91677
3.68772
3.47473
3.27633
3.0912
2.91813
2.75601
2.6038
2.46058
2.32544
2.19754
2.07609
1.96029
1.84937
1.74254
1.63895
1.53768
1.43762
1.3374
1.23512
1.12788
1.01065
0.872874
0.684298
0.313433
10.0238
9.98745
9.2623
8.59213
7.97953
7.42019
6.909
6.44126
6.01271
5.6195
5.25819
4.92567
4.61917
4.33621
4.07457
3.83224
3.60744
3.39853
3.20405
3.02267
2.85319
2.69448
2.54554
2.40542
2.27324
2.14816
2.0294
1.91618
1.80773
1.70329
1.60202
1.50301
1.40518
1.30719
1.20718
1.10233
0.987722
0.853022
0.668691
0.306274
9.74904
9.81331
9.10727
8.44318
7.83173
7.27516
6.76797
6.30509
5.88195
5.49445
5.13898
4.81231
4.51158
4.23424
3.97802
3.7409
3.52107
3.3169
3.12692
2.94981
2.78437
2.6295
2.48418
2.34749
2.21855
2.09655
1.98071
1.87026
1.76447
1.66257
1.56376
1.46714
1.37167
1.27602
1.17839
1.07601
0.964103
0.832582
0.652623
0.298898
9.37126
9.56837
8.89892
8.26417
7.65786
7.10653
6.60585
6.15025
5.73475
5.35499
5.00715
4.68789
4.39428
4.12373
3.87396
3.64293
3.42884
3.23008
3.04519
2.87287
2.71193
2.56128
2.41994
2.28699
2.16157
2.04288
1.93017
1.8227
1.71974
1.62054
1.52432
1.43022
1.3372
1.24399
1.14882
1.04902
0.939903
0.811663
0.636214
0.291434
8.85284
9.14702
8.61384
8.01395
7.45203
6.91005
6.41971
5.97489
5.57007
5.2006
4.86254
4.55248
4.26749
4.00499
3.76272
3.53869
3.33113
3.13844
2.95922
2.79219
2.63618
2.49014
2.3531
2.22418
2.10253
1.98739
1.87802
1.77369
1.67371
1.57735
1.48385
1.39237
1.30191
1.21123
1.11861
1.02145
0.915201
0.790316
0.619466
0.283805
8.23504
8.58106
8.208
7.66951
7.17258
6.67875
6.2066
5.77786
5.38769
5.03157
4.70567
4.40671
4.13188
3.87869
3.64497
3.42881
3.22851
3.04254
2.86952
2.70824
2.55756
2.41646
2.28403
2.15939
2.04175
1.93035
1.82449
1.72348
1.62662
1.53322
1.44254
1.35378
1.26596
1.17788
1.08788
0.993421
0.890097
0.768623
0.60244
0.276028
7.56665
7.937
7.70744
7.26409
6.81325
6.39389
5.96728
5.56102
5.1895
4.84964
4.53811
4.25198
3.98868
3.74592
3.52168
3.31417
3.12178
2.94305
2.77671
2.62156
2.47655
2.34071
2.21313
2.09301
1.97957
1.8721
1.7699
1.67233
1.5787
1.48837
1.40061
1.31464
1.22953
1.14412
1.05678
0.965073
0.864714
0.746694
0.585226
0.268153
6.87647
7.25146
7.13982
6.80527
6.4154
6.04548
5.69096
5.32869
4.97991
4.65823
4.36254
4.09045
3.83968
3.60819
3.39414
3.19586
3.01187
2.84082
2.68151
2.53282
2.39376
2.2634
2.1409
2.02547
1.9164
1.81298
1.71458
1.62055
1.53026
1.44307
1.3583
1.27519
1.19284
1.11013
1.0255
0.936575
0.839209
0.724668
0.567943
0.260249
6.18694
6.55186
6.5277
6.29934
5.98703
5.66553
5.36161
5.06443
4.7604
4.46141
4.18215
3.92464
3.68695
3.46722
3.26377
3.0751
2.89985
2.73677
2.58474
2.44274
2.30982
2.18512
2.06784
1.95725
1.85266
1.75341
1.65888
1.56848
1.48159
1.3976
1.31587
1.23566
1.15611
1.07613
0.99423
0.908102
0.813739
0.702681
0.550697
0.25237
5.51876
5.86681
5.906
5.76607
5.53329
5.26882
5.0067
4.75604
4.50856
4.25488
3.99923
3.75694
3.53257
3.32477
3.13209
2.95318
2.78682
2.63185
2.48725
2.35206
2.2254
2.10647
1.99452
1.88885
1.78881
1.69379
1.6032
1.51647
1.43302
1.35228
1.27361
1.19632
1.11959
1.04235
0.963178
0.879842
0.788469
0.680873
0.533594
0.244554
4.88531
5.21383
5.29644
5.226
5.06506
4.86052
4.64323
4.42929
4.22209
4.01649
3.80545
3.58867
3.37865
3.18257
3.00054
2.83135
2.67387
2.52703
2.38989
2.26155
2.1412
2.02809
1.9215
1.82079
1.72534
1.63457
1.54794
1.4649
1.38492
1.30743
1.23183
1.15747
1.08354
1.00904
0.932577
0.852008
0.763589
0.659406
0.516759
0.236855
4.29381
4.60227
4.7129
4.69372
4.59405
4.44618
4.27558
4.09862
3.92358
3.75217
3.58125
3.40545
3.22312
3.04173
2.87031
2.71072
2.56199
2.4232
2.29345
2.17194
2.05789
1.95058
1.84936
1.7536
1.66273
1.57622
1.49353
1.41418
1.33764
1.26339
1.19086
1.11941
1.04827
0.976473
0.902682
0.824834
0.739313
0.638468
0.500338
0.229334
3.74762
4.0371
4.1654
4.18444
4.13271
4.03377
3.90746
3.76783
3.62386
3.48012
3.33766
3.19469
3.04817
2.89637
2.74176
2.59234
2.45212
2.32117
2.1987
2.08392
1.97611
1.87459
1.7787
1.68785
1.60152
1.5192
1.44042
1.36471
1.29158
1.22054
1.15104
1.08246
1.01408
0.944939
0.87377
0.798586
0.715895
0.618294
0.484534
0.222096
3.24718
3.51926
3.6578
3.70431
3.68915
3.63061
3.54372
3.43969
3.32648
3.20925
3.09079
2.97201
2.85237
2.73036
2.60417
2.47406
2.3447
2.22158
2.10624
1.99813
1.89652
1.80074
1.71012
1.62411
1.54224
1.46404
1.38909
1.31694
1.24714
1.17925
1.11272
1.04698
0.981284
0.91474
0.846134
0.773558
0.693631
0.599187
0.469642
0.215354
2.79121
3.04758
3.19107
3.25637
3.26783
3.24238
3.18929
3.1175
3.0336
2.94227
2.84669
2.74878
2.6495
2.549
2.44665
2.34161
2.23364
2.12382
2.01653
1.91508
1.81972
1.72969
1.64431
1.56305
1.48552
1.41132
1.34005
1.27132
1.20474
1.13988
1.07626
1.01328
0.95022
0.88618
0.820079
0.750069
0.672864
0.581523
0.456092
0.209573
2.37769
2.62008
2.76514
2.84323
2.87503
2.87459
2.84895
2.8049
2.74756
2.68074
2.60727
2.52924
2.44812
2.36492
2.28017
2.19406
2.10648
2.01709
1.9259
1.83456
1.74637
1.66232
1.58206
1.50544
1.43212
1.36169
1.29386
1.22835
1.16479
1.1028
1.04192
0.981611
0.921141
0.859557
0.795917
0.72842
0.653892
0.565634
0.444306
0.205245
2.00396
2.23386
2.37815
2.46449
2.51104
2.52947
2.52577
2.50486
2.47066
2.42611
2.37347
2.31458
2.25096
2.18389
2.11432
2.04295
1.97026
1.89653
1.82196
1.74657
1.67056
1.5954
1.52215
1.45115
1.38234
1.31564
1.25106
1.18851
1.12773
1.06839
1.01006
0.95226
0.894219
0.835168
0.773839
0.708695
0.636718
0.551463
0.434447
0.204852
1.66699
1.8854
2.02725
2.1186
2.17553
2.20789
2.22183
2.21984
2.20512
2.17997
2.14614
2.1051
2.0582
2.00674
1.95182
1.89431
1.83485
1.77395
1.71198
1.6491
1.5854
1.52124
1.45722
1.39389
1.33157
1.27041
1.21043
1.15157
1.09379
1.03708
0.981095
0.925457
0.869551
0.812584
0.753421
0.690351
0.62031
0.536916
0.422351
0.201447
1.3633
1.57041
1.70845
1.80265
1.86745
1.91107
1.93856
1.95166
1.95293
1.94417
1.92675
1.90181
1.87045
1.83379
1.79288
1.74862
1.7017
1.65266
1.60193
1.54977
1.49636
1.44191
1.38681
1.33151
1.2764
1.22172
1.16758
1.11395
1.06071
1.00762
0.954605
0.901473
0.847808
0.792918
0.735676
0.674274
0.605382
0.522055
0.408773
0.246491
1.08905
1.28371
1.4163
1.5117
1.58273
1.63585
1.67459
1.70049
1.71528
1.72062
1.71755
1.7071
1.6901
1.66728
1.63954
1.60774
1.57259
1.5347
1.49452
1.45234
1.40837
1.36281
1.31599
1.26829
1.2201
1.17168
1.1232
1.07471
1.02616
0.977399
0.928251
0.878477
0.827718
0.775435
0.720712
0.662013
0.596566
0.518784
0.41587
0.283651
0.840225
1.01943
1.14432
1.23961
1.31618
1.3783
1.42772
1.46583
1.49312
1.51153
1.52193
1.5249
1.52108
1.5111
1.49561
1.47535
1.45112
1.42359
1.39327
1.36044
1.32525
1.28788
1.24862
1.20783
1.16592
1.12321
1.07991
1.03616
0.991947
0.947202
0.901765
0.855396
0.807754
0.758338
0.706327
0.650315
0.587719
0.513177
0.414228
0.287141
0.613336
0.770663
0.884064
0.977918
1.05979
1.13122
1.19239
1.24377
1.28496
1.31744
1.34197
1.3587
1.36793
1.3702
1.3661
1.35647
1.34221
1.32409
1.30266
1.2782
1.25083
1.22065
1.18791
1.15305
1.1165
1.07866
1.03982
1.00015
0.959717
0.918485
0.876338
0.833062
0.78833
0.741645
0.692217
0.638714
0.57865
0.506589
0.408801
0.268522
0.407867
0.530765
0.624717
0.712805
0.797394
0.877186
0.95127
1.01968
1.08201
1.13497
1.17808
1.21134
1.2351
1.25002
1.25702
1.25727
1.25193
1.24193
1.22795
1.21039
1.18938
1.16493
1.1373
1.10703
1.07467
1.04069
1.00541
0.969052
0.9317
0.893353
0.853917
0.813199
0.770887
0.726489
0.67923
0.627807
0.569802
0.499943
0.405081
0.268583
0.229591
0.298678
0.359271
0.424636
0.496173
0.574151
0.659808
0.756768
0.867237
0.96048
1.03362
1.08898
1.12954
1.15778
1.17562
1.18475
1.18679
1.18303
1.17445
1.16174
1.14519
1.12464
1.10031
1.07303
1.04349
1.0122
0.979482
0.94553
0.910437
0.874205
0.836751
0.797894
0.757331
0.714572
0.668816
0.618676
0.561538
0.491952
0.397785
0.263665
0.111809
0.124936
0.132755
0.136709
0.140668
0.14801
0.168598
0.259998
0.624385
0.811254
0.929271
1.00935
1.06528
1.10427
1.13035
1.14595
1.15256
1.15192
1.14591
1.13561
1.1215
1.10309
1.0802
1.05425
1.02612
0.996274
0.964973
0.93237
0.898537
0.863472
0.827099
0.789249
0.749641
0.707827
0.663093
0.61426
0.559153
0.492994
0.403526
0.274931
0.0220951
0.046785
0.0668422
0.0858649
0.103584
0.12044
0.136052
0.151319
0.166521
0.181823
0.197351
0.213213
0.229503
0.246307
0.263702
0.281754
0.300517
0.320026
0.340297
0.361319
0.383054
0.405435
0.428362
0.451715
0.475361
0.499193
0.523201
0.547637
0.573385
0.598794
0.623021
0.645828
0.667035
0.686488
0.704078
0.719738
0.733448
0.74522
0.755094
0.76315
0.061491
0.139941
0.185999
0.223086
0.257473
0.290634
0.322968
0.354923
0.386843
0.418992
0.451588
0.484813
0.518826
0.553769
0.589766
0.626923
0.665326
0.705036
0.746087
0.788476
0.832162
0.877061
0.923042
0.96992
1.01747
1.0654
1.11339
1.16107
1.20792
1.25351
1.29753
1.33962
1.37941
1.41655
1.45078
1.48189
1.50974
1.53428
1.55549
1.57339
0.0959055
0.208798
0.268946
0.316493
0.359715
0.40112
0.441702
0.482019
0.52245
0.563276
0.604721
0.646968
0.690175
0.734471
0.779963
0.82673
0.874827
0.924273
0.975057
1.02713
1.08039
1.13472
1.18994
1.24584
1.30215
1.35859
1.41484
1.47054
1.52532
1.57884
1.63065
1.68029
1.7273
1.77128
1.81189
1.84888
1.88209
1.91142
1.93684
1.95838
0.124083
0.26478
0.337829
0.393905
0.443865
0.491228
0.537502
0.58347
0.629599
0.676211
0.72354
0.77177
0.821052
0.871503
0.923215
0.976254
1.03066
1.08643
1.14354
1.20192
1.26148
1.32207
1.3835
1.44556
1.50798
1.57045
1.63262
1.69411
1.75452
1.81347
1.87045
1.92493
1.97639
2.02442
2.06866
2.10887
2.1449
2.1767
2.20425
2.22759
0.147135
0.312668
0.397608
0.461527
0.517596
0.570211
0.62131
0.671902
0.722578
0.773724
0.825608
0.878435
0.932359
0.987503
1.04396
1.1018
1.16105
1.22174
1.28383
1.34728
1.41199
1.47784
1.54465
1.61221
1.68024
1.74839
1.81626
1.88338
1.94919
2.01326
2.07492
2.13353
2.18857
2.23959
2.28629
2.32849
2.36614
2.39923
2.42783
2.45203
0.166947
0.354849
0.450763
0.522082
0.583974
0.641563
0.697147
0.751937
0.806649
0.861743
0.91754
0.974272
1.03212
1.09122
1.15168
1.21359
1.277
1.34193
1.40841
1.47639
1.54583
1.61663
1.68864
1.76167
1.83545
1.90964
1.98376
2.05719
2.12915
2.19897
2.26568
2.32844
2.38672
2.44016
2.48858
2.53195
2.57036
2.60393
2.63282
2.65721
0.184358
0.392791
0.498994
0.577384
0.644902
0.707308
0.767209
0.825998
0.884506
0.94327
1.00267
1.06296
1.12438
1.18707
1.25118
1.31681
1.38404
1.45294
1.52354
1.59586
1.66989
1.74558
1.82285
1.90156
1.98152
2.06243
2.14384
2.22501
2.30486
2.38185
2.45447
2.52162
2.58297
2.63826
2.6876
2.73127
2.76958
2.80284
2.83133
2.85531
0.200206
0.427702
0.543642
0.62883
0.701808
0.768911
0.833025
0.895705
0.95789
1.02019
1.08304
1.14675
1.21158
1.27771
1.34532
1.41453
1.48547
1.55824
1.63292
1.70956
1.78821
1.8689
1.95161
2.03632
2.12297
2.2114
2.30128
2.39205
2.48282
2.57112
2.65039
2.72118
2.78486
2.84107
2.89037
2.93336
2.97063
3.00273
3.03007
3.05302
0.214852
0.460478
0.585753
0.677522
0.755823
0.827525
0.895774
0.962279
1.02808
1.09386
1.1601
1.22718
1.29536
1.3649
1.43597
1.50877
1.58344
1.66012
1.73894
1.82001
1.90343
1.98931
2.07772
2.16876
2.2625
2.35896
2.45795
2.55937
2.66182
2.76053
2.85338
2.93331
2.99806
3.05305
3.10085
3.1421
3.17739
3.20743
3.23285
3.25413
0.228644
0.491801
0.626129
0.724318
0.807834
0.884056
0.956381
1.02666
1.09604
1.16528
1.2349
1.30533
1.37689
1.44985
1.52444
1.60088
1.67935
1.76004
1.84312
1.92876
2.01711
2.10832
2.20255
2.29997
2.4007
2.50488
2.61244
2.72196
2.83141
2.94089
3.04925
3.14659
3.2213
3.27646
3.32151
3.3597
3.39192
3.41898
3.44166
3.4606
0.241872
0.522189
0.66538
0.769875
0.858523
0.939203
1.01556
1.08958
1.16252
1.23519
1.3082
1.38202
1.45698
1.5334
1.61156
1.69171
1.77407
1.85887
1.94631
2.03662
2.12998
2.22659
2.32666
2.43035
2.5378
2.6491
2.76425
2.8821
3.00125
3.12265
3.24539
3.36127
3.45459
3.51389
3.55466
3.58776
3.61531
3.63822
3.65726
3.67314
0.254872
0.552048
0.703981
0.814699
0.90841
0.993491
1.07383
1.15156
1.22803
1.30413
1.38051
1.45768
1.53605
1.61596
1.69773
1.78163
1.86794
1.95691
2.04879
2.14383
2.24227
2.34434
2.45029
2.5603
2.67457
2.79321
2.91634
3.04394
3.17465
3.30799
3.44609
3.58217
3.69532
3.76574
3.80285
3.82726
3.84777
3.86503
3.87946
3.89159
0.268185
0.581629
0.742211
0.859072
0.957773
1.04719
1.13146
1.21286
1.29282
1.37232
1.45206
1.5326
1.61438
1.69779
1.78318
1.87085
1.96113
2.05429
2.15062
2.25041
2.35394
2.46149
2.57334
2.68976
2.81099
2.93727
3.06882
3.20587
3.34861
3.49509
3.64522
3.7996
3.93739
4.02627
4.06016
4.07503
4.08747
4.09819
4.10732
4.11513
0.281458
0.611171
0.780284
0.903194
1.00681
1.10049
1.18863
1.27365
1.35707
1.43995
1.52302
1.60691
1.69209
1.77898
1.86797
1.95941
2.05362
2.15094
2.25168
2.35618
2.46474
2.5777
2.6954
2.81817
2.94635
3.08031
3.2204
3.36702
3.52053
3.68098
3.84341
4.0099
4.17062
4.28229
4.3216
4.32888
4.33277
4.33639
4.33964
4.34265
0.294752
0.640803
0.818315
0.947167
1.0556
1.15348
1.24543
1.33402
1.42085
1.50706
1.59344
1.68063
1.76917
1.85952
1.95207
2.04721
2.1453
2.2467
2.35176
2.46083
2.57429
2.69249
2.81584
2.94473
3.07961
3.22096
3.36931
3.52532
3.6898
3.86383
4.04047
4.21464
4.39705
4.52495
4.57483
4.58437
4.58172
4.57844
4.57541
4.57308
0.308104
0.670555
0.856338
0.991014
1.10417
1.20617
1.30186
1.39395
1.48415
1.57363
1.66326
1.75372
1.84557
1.9393
2.03534
2.13411
2.23598
2.34135
2.45058
2.56406
2.68219
2.80538
2.93404
3.06865
3.20969
3.35771
3.51332
3.67721
3.85017
4.03302
4.22627
4.41063
4.60385
4.75912
4.83168
4.84766
4.83742
4.82524
4.81435
4.80546
0.321519
0.700403
0.894321
1.0347
1.15248
1.2585
1.35785
1.45338
1.54688
1.63958
1.7324
1.82607
1.92116
2.01821
2.11766
2.21995
2.32549
2.43468
2.54792
2.66561
2.78817
2.91602
3.04961
3.18943
3.33599
3.48987
3.65168
3.82217
4.00221
4.19294
4.396
4.59739
4.79295
4.98475
5.08497
5.1184
5.10136
5.07627
5.0551
5.03814
0.334974
0.730274
0.932184
1.07814
1.20043
1.31039
1.41332
1.51221
1.60893
1.70479
1.80074
1.89754
1.99582
2.0961
2.19887
2.30459
2.41368
2.52656
2.64363
2.76532
2.89205
3.02426
3.1624
3.30696
3.45844
3.61738
3.78435
3.95996
4.14483
4.33953
4.54443
4.75877
4.95546
5.16685
5.30531
5.37797
5.36542
5.32622
5.29389
5.26815
0.348424
0.760062
0.969812
1.12121
1.2479
1.36169
1.46812
1.57029
1.67018
1.76912
1.86814
1.96801
2.06939
2.17283
2.27884
2.38789
2.50042
2.61685
2.73762
2.86313
2.99383
3.13015
3.27255
3.42149
3.57747
3.74099
3.91259
4.09281
4.28219
4.48127
4.69055
4.91037
5.11386
5.331
5.50043
5.61621
5.61916
5.56935
5.52687
5.49247
0.361805
0.789629
1.00707
1.16377
1.29475
1.41227
1.52211
1.62749
1.73046
1.83242
1.93444
2.03731
2.14172
2.24826
2.35744
2.46974
2.58562
2.70551
2.82985
2.95907
3.09359
3.23386
3.38032
3.53344
3.69369
3.86156
4.03756
4.22222
4.41608
4.61975
4.8339
5.05931
5.26933
5.48927
5.68504
5.83784
5.86362
5.80608
5.75308
5.70937
0.375076
0.818872
1.04381
1.20567
1.34081
1.46197
1.57512
1.68362
1.78961
1.89453
1.99947
2.10529
2.21269
2.32226
2.43454
2.55004
2.6692
2.79249
2.92034
3.05318
3.19145
3.33559
3.48604
3.64325
3.8077
3.97985
4.16019
4.34923
4.54749
4.75552
4.97389
5.20312
5.42119
5.64506
5.8622
6.04368
6.10041
6.03887
5.97238
5.91728
0.388183
0.847663
1.07989
1.24676
1.38593
1.51061
1.62698
1.73853
1.84745
1.95526
2.06308
2.17179
2.28211
2.39467
2.51002
2.62867
2.75109
2.87774
3.00907
3.14552
3.28753
3.43554
3.58999
3.75134
3.92004
4.09656
4.28136
4.47493
4.67776
4.89035
5.11322
5.34683
5.57223
5.80196
6.03488
6.23705
6.32788
6.26664
6.18227
6.11306
0.401049
0.875842
1.11514
1.28685
1.42993
1.55801
1.67751
1.79202
1.9038
2.01444
2.12508
2.23663
2.34984
2.46535
2.58374
2.70551
2.83117
2.96118
3.096
3.23609
3.38188
3.53382
3.69238
3.85799
4.03112
4.21223
4.40178
4.60022
4.80802
5.02563
5.25349
5.49199
5.72316
5.95908
6.2034
6.42216
6.54301
6.48166
6.37593
6.29089
0.413606
0.903265
1.14939
1.32576
1.4726
1.60398
1.7265
1.84389
1.95847
2.07186
2.18526
2.29961
2.41567
2.53411
2.6555
2.7804
2.9093
3.04269
3.18104
3.3248
3.47445
3.63045
3.79326
3.96335
4.14118
4.32722
4.52194
4.72579
4.9392
5.16256
5.39618
5.63976
5.87356
6.11323
6.36394
6.60042
6.73846
6.66625
6.54197
6.44284
0.425782
0.929776
1.18247
1.36331
1.51376
1.64831
1.77376
1.89393
2.01123
2.12732
2.24343
2.36052
2.4794
2.60073
2.72512
2.85313
2.98528
3.12207
3.26398
3.4115
3.5651
3.72528
3.89252
4.06732
4.25016
4.44155
4.64198
4.85193
5.07188
5.30227
5.54342
5.79073
6.02063
6.26091
6.51105
6.74859
6.89077
6.81079
6.67265
6.56294
0.437502
0.955225
1.21418
1.3993
1.55321
1.6908
1.81907
1.94193
2.06186
2.18057
2.29933
2.41913
2.54077
2.66497
2.79234
2.92345
3.05885
3.19905
3.34456
3.49588
3.65352
3.818
3.98983
4.16955
4.35769
4.55482
4.76147
4.9782
5.20557
5.44415
5.69437
5.93515
6.15707
6.39602
6.64199
6.87063
6.99855
6.90869
6.76337
6.64785
0.448698
0.979462
1.24436
1.43354
1.59074
1.73124
1.8622
1.98765
2.11013
2.23139
2.35272
2.47516
2.59953
2.72655
2.85687
2.99107
3.1297
3.27332
3.42243
3.57758
3.73929
3.90812
4.08463
4.26941
4.46307
4.66621
4.87947
5.10345
5.33871
5.58574
5.83648
6.05753
6.27854
6.51566
6.7551
6.96539
7.06174
6.96104
6.81452
6.69779
0.459296
1.00234
1.27283
1.46582
1.62613
1.76938
1.90291
2.03084
2.15577
2.27949
2.40333
2.52834
2.65538
2.78517
2.91839
3.05564
3.19748
3.34448
3.49717
3.65611
3.82187
3.99503
4.1762
4.36604
4.56525
4.77455
4.99469
5.22641
5.47028
5.7252
5.95712
6.16295
6.38568
6.62223
6.85616
7.03396
7.07786
6.96971
6.82929
6.71579
0.469224
1.02369
1.29939
1.49595
1.65917
1.80501
1.94097
2.07125
2.19852
2.3246
2.45086
2.57837
2.708
2.84051
2.97658
3.11682
3.26182
3.41214
3.56835
3.73101
3.9007
4.07804
4.26368
4.45836
4.66287
4.87813
5.10516
5.34514
5.59909
5.84089
6.04113
6.24871
6.47449
6.7103
6.93345
7.06836
7.0618
6.94974
6.81661
6.70798
0.478403
1.04337
1.32386
1.52372
1.68964
1.83789
1.97612
2.10862
2.2381
2.36643
2.49501
2.62492
2.75707
2.89223
3.03107
3.17425
3.32234
3.47592
3.63556
3.80182
3.97527
4.15654
4.34629
4.54525
4.75431
4.97448
5.20702
5.45339
5.69533
5.89952
6.09976
6.31505
6.54572
6.78191
6.98472
7.05923
7.01119
6.90408
6.78206
6.67988
0.486755
1.06123
1.34607
1.54892
1.71731
1.86777
2.00811
2.14267
2.27422
2.40468
2.53546
2.66767
2.80224
2.93995
3.0815
3.22755
3.37868
3.53547
3.69847
3.86824
4.04532
4.23027
4.42368
4.6262
4.83863
5.06192
5.29712
5.53112
5.73706
5.9356
6.14427
6.36878
6.60851
6.85456
7.00791
7.0074
6.94708
6.84922
6.73568
6.63847
0.49428
1.07712
1.36583
1.57137
1.74196
1.89444
2.03668
2.17313
2.3066
2.43903
2.57186
2.70625
2.84312
2.98329
3.12747
3.27632
3.43046
3.59045
3.75684
3.93015
4.11087
4.29946
4.49637
4.70199
4.91675
5.14103
5.36314
5.56345
5.75795
5.96031
6.1771
6.41012
6.65792
6.89836
7.0055
6.97039
6.89753
6.79771
6.68428
6.58852
0.500942
1.09089
1.38298
1.59085
1.76339
1.91763
2.06157
2.19971
2.33491
2.46913
2.60386
2.74026
2.8793
3.0218
3.16851
3.32011
3.47723
3.64046
3.81035
3.98742
4.1721
4.3648
4.56578
4.77502
4.99091
5.19959
5.38843
5.57382
5.76664
5.9722
6.193
6.43017
6.6782
6.88568
6.96741
6.93621
6.85284
6.73965
6.62309
6.52911
0.506563
1.10243
1.39734
1.60719
1.78138
1.93712
2.08252
2.22213
2.35884
2.49465
2.63107
2.76928
2.91029
3.05496
3.20405
3.3583
3.51836
3.68487
3.85843
4.03959
4.22886
4.42665
4.63322
4.84251
5.03752
5.21446
5.38847
5.56945
5.76113
5.96546
6.18376
6.41521
6.64325
6.8215
6.89781
6.86224
6.76545
6.65117
6.54403
6.45846
0.511094
1.11162
1.40878
1.62022
1.79574
1.95271
2.09931
2.24013
2.37809
2.51523
2.65308
2.79286
2.93558
3.08215
3.23339
3.39006
3.5529
3.72262
3.89991
4.08542
4.27972
4.48292
4.68541
4.86951
5.03785
5.20244
5.37245
5.55125
5.74024
5.94033
6.15204
6.37086
6.57712
6.73794
6.79839
6.7434
6.64441
6.54605
6.45656
6.38335
0.514497
1.1184
1.41721
1.62982
1.80634
1.96424
2.11174
2.25349
2.39242
2.53059
2.66955
2.81055
2.95464
3.10275
3.25575
3.41445
3.57968
3.75225
3.93303
4.1229
4.32096
4.51581
4.69349
4.85685
5.01487
5.17617
5.3445
5.52109
5.70669
5.90288
6.10888
6.31504
6.50072
6.63701
6.69004
6.63815
6.54391
6.45559
6.37807
6.31478
0.51675
1.12272
1.42258
1.63594
1.8131
1.9716
2.11971
2.26206
2.40163
2.54049
2.6802
2.82202
2.96703
3.11618
3.27037
3.43047
3.59735
3.77191
3.95507
4.14608
4.3351
4.51079
4.67284
4.82678
4.98084
5.14028
5.30635
5.47953
5.66179
5.85444
6.05371
6.2482
6.4179
6.53762
6.58406
6.54657
6.46457
6.3838
6.31446
6.25867
0.517853
1.12459
1.42488
1.63856
1.81601
1.97479
2.12317
2.26581
2.40567
2.54484
2.68488
2.82706
2.97246
3.12205
3.27674
3.43743
3.605
3.7804
3.9645
4.14981
4.32252
4.48486
4.6382
4.78756
4.93916
5.09604
5.25874
5.42874
5.60795
5.7959
5.98767
6.17225
6.33218
6.44586
6.49334
6.46782
6.39992
6.32805
6.26635
6.21746
0.517825
1.12406
1.42417
1.63776
1.81514
1.97386
2.1222
2.26478
2.40459
2.54368
2.68363
2.82569
2.97093
3.12031
3.27475
3.43512
3.60234
3.7773
3.95823
4.13217
4.29528
4.44943
4.59719
4.74334
4.89233
5.04613
5.2061
5.37391
5.55046
5.73437
5.92059
6.09928
6.25589
6.37192
6.429
6.41102
6.34876
6.2867
6.23442
6.19302
0.516708
1.12122
1.42059
1.63367
1.81064
1.96899
2.11697
2.25918
2.39859
2.53724
2.67668
2.81815
2.9627
3.11125
3.26467
3.42378
3.58937
3.76214
3.93821
4.10443
4.26091
4.40958
4.5535
4.69685
4.84322
4.99472
5.15303
5.31953
5.49455
5.67637
5.86022
6.03755
6.19566
6.31777
6.38474
6.37238
6.3173
6.26544
6.22235
6.18835
0.514565
1.11622
1.41429
1.62649
1.80273
1.96043
2.10776
2.24931
2.38802
2.52589
2.66447
2.80495
2.94836
3.09558
3.24742
3.40464
3.56795
3.73793
3.90992
4.07079
4.22263
4.36762
4.50893
4.65023
4.79475
4.9449
5.10244
5.26854
5.44333
5.62508
5.80951
5.98903
6.15203
6.2819
6.35818
6.35446
6.30932
6.26749
6.23308
6.2062
0.511473
1.10922
1.40551
1.61648
1.79172
1.94849
2.09493
2.23557
2.37331
2.51015
2.64757
2.78677
2.9287
3.07424
3.22413
3.37907
3.53973
3.7066
3.87576
4.03462
4.1839
4.32649
4.4659
4.60575
4.74925
4.89887
5.05639
5.22288
5.39847
5.58165
5.76863
5.95251
6.12214
6.2611
6.34849
6.35803
6.3256
6.29438
6.26875
6.24888
0.507526
1.10045
1.39451
1.60396
1.77793
1.93357
2.0789
2.21843
2.35501
2.4906
2.62666
2.76434
2.90459
3.04822
3.19594
3.34843
3.5063
3.6701
3.83751
3.99657
4.14496
4.28652
4.42529
4.56479
4.70821
4.85812
5.0163
5.18389
5.36111
5.5468
5.73761
5.92704
6.10414
6.25275
6.35314
6.38353
6.36867
6.34881
6.33189
6.3187
0.502831
1.09012
1.38159
1.58925
1.76177
1.91608
2.06015
2.19841
2.33367
2.46787
2.60243
2.73848
2.87692
3.01853
3.16398
3.31389
3.46879
3.62913
3.79513
3.95829
4.10716
4.24913
4.3884
4.52857
4.67276
4.8236
4.98307
5.15241
5.33207
5.52129
5.71728
5.91404
6.10086
6.26179
6.37818
6.43237
6.44066
6.43383
6.42521
6.41776
0.4975
1.07849
1.36705
1.57272
1.74361
1.89647
2.03915
2.17603
2.30989
2.44261
2.5756
2.70996
2.84656
2.98615
3.12939
3.27687
3.42911
3.58662
3.74983
3.91443
4.06843
4.21363
4.35518
4.49714
4.64293
4.79536
4.95666
5.12832
5.31101
5.50438
5.70634
5.91176
6.11057
6.28735
6.42402
6.50213
6.53652
6.55
6.55039
6.54727
0.491652
1.06581
1.3512
1.55472
1.72386
1.87517
2.01638
2.15183
2.28422
2.41544
2.54685
2.67952
2.8143
2.95194
3.09306
3.23822
3.38794
3.54267
3.70284
3.86818
4.02936
4.17916
4.32426
4.46932
4.61789
4.77289
4.93675
5.11124
5.29725
5.49478
5.70254
5.91649
6.12839
6.3266
6.49324
6.59087
6.64726
6.69314
6.70739
6.70735
0.485384
1.05232
1.33437
1.53561
1.70293
1.85262
1.99232
2.1263
2.25723
2.38695
2.5168
2.64784
2.7809
2.9167
3.05585
3.19889
3.34633
3.49865
3.6563
3.81969
3.9853
4.14222
4.29315
4.44325
4.59632
4.75541
4.9231
5.10144
5.29169
5.49406
5.70753
5.92933
6.15415
6.37321
6.57122
6.70366
6.7917
6.8726
6.90044
6.89866
0.478827
1.03826
1.31684
1.51574
1.68118
1.82922
1.96741
2.09992
2.22941
2.35768
2.48606
2.61556
2.74702
2.88114
3.0185
3.15965
3.30507
3.4552
3.61043
3.77115
3.9375
4.10375
4.26173
4.41823
4.57729
4.74188
4.91484
5.09848
5.29448
5.50355
5.72519
5.95735
6.196
6.43533
6.66515
6.84061
6.96431
7.08499
7.12654
7.11749
0.472086
1.02385
1.29889
1.49541
1.65895
1.80536
1.94204
2.07313
2.20124
2.32814
2.45514
2.58324
2.71327
2.8459
2.98173
3.12129
3.26504
3.4134
3.56677
3.72549
3.88982
4.05892
4.2273
4.39266
4.5593
4.73075
4.91007
5.10012
5.30302
5.52004
5.75121
5.99487
6.2473
6.50272
6.75484
6.97192
7.14803
7.32067
7.37707
7.35583
0.465255
1.0093
1.28078
1.47491
1.63656
1.78135
1.91657
2.0463
2.1731
2.29873
2.42448
2.55135
2.68014
2.81153
2.94612
3.08442
3.22692
3.37405
3.52622
3.68381
3.84721
4.0167
4.19075
4.36509
4.5405
4.71984
4.90661
5.10374
5.31376
5.53848
5.77884
6.03397
6.30086
6.57358
6.83199
7.07347
7.3199
7.5568
7.63521
7.60196
0.458417
0.994777
1.2627
1.45447
1.61427
1.75748
1.8913
2.01974
2.14533
2.26982
2.39446
2.52026
2.64802
2.77843
2.91207
3.04948
3.19116
3.33756
3.48911
3.64623
3.80933
3.97881
4.15497
4.33688
4.52161
4.70963
4.90456
5.10957
5.32704
5.55907
5.8072
6.07171
6.35089
6.6401
6.92106
7.19914
7.495
7.78773
7.89075
7.84761
0.451643
0.980426
1.24486
1.4343
1.59229
1.73399
1.86647
1.9937
2.11819
2.24165
2.36534
2.49025
2.61719
2.74686
2.87984
3.01671
3.15796
3.30409
3.45556
3.61282
3.77632
3.94653
4.12387
4.30877
4.50151
4.70025
4.90449
5.11824
5.34396
5.58402
5.84057
6.11487
6.40643
6.7115
7.01675
7.32895
7.66481
8.0076
8.14201
8.08966
0.444994
0.966362
1.22737
1.41455
1.57079
1.71103
1.84225
1.96837
2.09186
2.21441
2.33729
2.46148
2.58781
2.71696
2.84956
2.98618
3.12736
3.27362
3.42546
3.58339
3.74791
3.91955
4.09886
4.28642
4.48288
4.68898
4.90438
5.12862
5.36389
5.61282
5.87809
6.16212
6.46573
6.78434
7.11058
7.45385
7.82366
8.20895
8.38248
8.32581
0.438514
0.952671
1.21035
1.39533
1.54989
1.68874
1.81878
1.94387
2.06645
2.18821
2.31041
2.43404
2.55993
2.68877
2.82122
2.95786
3.09926
3.24598
3.39856
3.55755
3.72353
3.89709
4.07886
4.2695
4.46975
4.68042
4.90231
5.13629
5.38297
5.64343
5.91957
6.21434
6.53101
6.86219
7.20406
7.57286
7.97023
8.39012
8.61382
8.55983
0.432234
0.939411
1.19386
1.37672
1.52966
1.66719
1.79611
1.92025
2.04201
2.16309
2.28474
2.40794
2.53353
2.66224
2.79472
2.9316
3.07346
3.2209
3.3745
3.53486
3.70261
3.8784
4.06293
4.25693
4.46121
4.67665
4.90419
5.14491
5.40006
5.6708
5.95865
6.26517
6.58947
6.93121
7.29558
7.68705
8.10805
8.55757
8.84255
8.80025
0.426172
0.926613
1.17794
1.35875
1.51013
1.6464
1.77427
1.89753
2.01856
2.13904
2.26022
2.38311
2.50854
2.63725
2.76993
2.90721
3.04971
3.19806
3.35288
3.51483
3.68456
3.8628
4.0503
4.24786
4.45635
4.67672
4.91
5.1573
5.41984
5.69889
5.99582
6.31194
6.64838
7.00657
7.38964
7.8003
8.24105
8.71349
9.07708
9.06089
0.420382
0.914289
1.16259
1.34141
1.49129
1.62635
1.75323
1.87566
1.99602
2.11598
2.23678
2.35944
2.48481
2.61363
2.74662
2.88443
3.02771
3.17712
3.33332
3.49699
3.66887
3.84969
4.04029
4.24153
4.45434
4.67973
4.9188
5.17274
5.44284
5.73047
6.03712
6.36434
6.71384
7.08748
7.48746
7.91602
8.37523
8.8665
9.31981
9.35418
0.414816
0.90241
1.14778
1.32467
1.47309
1.60698
1.7329
1.85456
1.9743
2.09379
2.21427
2.33677
2.46214
2.59116
2.72454
2.86296
3.00712
3.15768
3.31534
3.48084
3.65494
3.83845
4.03223
4.23722
4.45441
4.68489
4.92984
5.19054
5.46839
5.76488
6.08167
6.42052
6.78334
7.17218
7.58922
8.03666
8.51652
9.03003
9.56643
9.68013
0.409456
0.890948
1.13344
1.30844
1.45543
1.58819
1.71319
1.8341
1.95325
2.0723
2.19251
2.31489
2.44031
2.56957
2.70338
2.84248
2.98754
3.1393
3.29848
3.46585
3.64221
3.82843
4.02541
4.23415
4.45573
4.6913
4.94212
5.20958
5.49517
5.80055
6.1275
6.47798
6.85413
7.25828
7.69295
8.16094
8.66531
9.20945
9.79598
9.95152
0.404282
0.879842
1.1195
1.29263
1.43821
1.56985
1.69394
1.81412
1.9327
2.05134
2.17129
2.29356
2.41906
2.54856
2.68283
2.8226
2.9686
3.12156
3.28224
3.45146
3.63006
3.81893
4.01906
4.23149
4.45735
4.69788
4.95441
5.22843
5.52154
5.8355
6.17224
6.53389
6.92277
7.34147
7.79283
8.28004
8.8067
9.37696
9.99456
10.1668
0.399257
0.868984
1.10584
1.27711
1.42129
1.5518
1.675
1.79445
1.91247
2.03069
2.15037
2.27254
2.39809
2.52784
2.66255
2.80297
2.94986
3.10397
3.26611
3.4371
3.61784
3.80927
4.0124
4.22834
4.45827
4.7035
4.96544
5.24563
5.54577
5.86772
6.21351
6.58539
6.98582
7.41754
7.88354
8.38717
8.93213
9.52238
10.162
10.3428
0.394385
0.858217
1.09229
1.2617
1.40448
1.53388
1.65616
1.77488
1.89232
2.01012
2.12952
2.25156
2.37714
2.50709
2.64218
2.7832
2.9309
3.08608
3.24956
3.4222
3.60493
3.79872
4.00464
4.22383
4.45752
4.70707
4.97394
5.25976
5.56627
5.8954
6.24926
6.63017
7.04066
7.48353
7.96184
8.47887
9.03829
9.64423
10.3009
10.4824
0.389789
0.847428
1.07864
1.2462
1.38758
1.51586
1.63724
1.75521
1.87206
1.9894
2.10848
2.23034
2.35589
2.48597
2.62138
2.76289
2.9113
3.06742
3.23208
3.4062
3.5907
3.78661
3.99502
4.21711
4.45416
4.70756
4.97883
5.26961
5.58172
5.91712
6.27796
6.6666
7.0856
7.53777
8.02603
8.55366
9.12425
9.74168
10.4091
10.5839
0.384458
0.836021
1.06456
1.23035
1.37038
1.49758
1.61804
1.73525
1.85147
1.9683
2.08701
2.20863
2.33408
2.4642
2.59981
2.74169
2.89066
3.04754
3.2132
3.38856
3.57458
3.77231
3.98286
4.20746
4.4474
4.70411
4.97915
5.2742
5.5911
5.93183
6.29859
6.69374
7.11986
7.57965
8.07608
8.61238
9.19206
9.81857
10.4941
10.6597
0.378031
0.823659
1.04992
1.21409
1.35281
1.47889
1.59841
1.71482
1.83036
1.94663
2.06489
2.18619
2.31143
2.44148
2.57715
2.71925
2.8686
3.02605
3.19247
3.3688
3.55604
3.75524
3.96755
4.1942
4.43654
4.696
4.97418
5.27277
5.59365
5.93882
6.31051
6.71109
7.14311
7.6093
8.11268
8.65651
9.24436
9.87979
10.5654
10.7258
0.372673
0.812244
1.03541
1.19763
1.33487
1.45976
1.57827
1.6938
1.80859
1.92422
2.04194
2.1628
2.28772
2.41755
2.55313
2.69526
2.84479
3.00256
3.16948
3.3465
3.53461
3.73491
3.94855
4.1768
4.42101
4.68265
4.96331
5.26475
5.58883
5.93762
6.31333
6.71839
7.15534
7.62698
8.13639
8.6869
9.28215
9.92576
10.6196
10.7724
0.367366
0.800751
1.0207
1.18084
1.31652
1.44012
1.55753
1.67211
1.78605
1.90094
2.01801
2.1383
2.26274
2.39219
2.52749
2.66945
2.81892
2.97676
3.14389
3.32126
3.5099
3.7109
3.92544
4.1548
4.40034
4.66357
4.94611
5.2497
5.57627
5.92789
6.30682
6.71553
7.15661
7.63294
8.14768
8.70426
9.30645
9.958
10.6602
10.8079
0.36133
0.788173
1.00537
1.16356
1.29767
1.41994
1.53616
1.64968
1.76267
1.87668
1.99295
2.11253
2.23633
2.36521
2.50002
2.64158
2.79073
2.94836
3.11539
3.29277
3.48156
3.68285
3.89783
4.12781
4.37417
4.63842
4.9222
5.22731
5.55567
5.90941
6.29082
6.70244
7.14694
7.62728
8.14675
8.70892
9.31777
9.97734
10.6901
10.8391
0.355342
0.775598
0.989774
1.1459
1.27836
1.39919
1.51413
1.62647
1.73836
1.85135
1.96667
2.08535
2.20832
2.33643
2.47052
2.61143
2.76
2.91712
3.08372
3.26076
3.4493
3.65046
3.86544
4.09554
4.34217
4.60688
4.89131
5.19729
5.52679
5.88197
6.26517
6.67897
7.1262
7.60989
8.13342
8.70054
9.31542
9.98232
10.7043
10.8541
0.34965
0.763383
0.974194
1.12801
1.25862
1.37786
1.49136
1.60238
1.71303
1.82484
1.93904
2.05664
2.17857
2.30569
2.43883
2.57882
2.72653
2.88283
3.04866
3.22499
3.41289
3.61349
3.82799
4.05772
4.30411
4.5687
4.8532
5.15944
5.48943
5.84538
6.22969
6.645
7.09422
7.58053
8.1074
8.67871
9.29875
9.97196
10.7022
10.8539
0.343906
0.750977
0.958333
1.1097
1.23832
1.35582
1.46775
1.5773
1.68656
1.79703
1.90993
2.02627
2.14696
2.27286
2.4048
2.54361
2.69016
2.84532
3.01003
3.18528
3.37214
3.57173
3.78529
4.01415
4.25975
4.52368
4.80765
5.11353
5.44338
5.79944
6.18419
6.60033
7.05084
7.53902
8.06848
8.64321
9.26758
9.94604
10.6821
10.8321
0.338061
0.738252
0.942003
1.0908
1.21731
1.33296
1.44319
1.55114
1.65885
1.76783
1.87926
1.99414
2.11338
2.23782
2.36831
2.50567
2.65076
2.80445
2.9677
3.14148
3.32687
3.52502
3.73716
3.96464
4.20892
4.47161
4.75445
5.05936
5.38841
5.74393
6.12844
6.54472
6.99585
7.48522
8.01659
8.59412
9.22243
9.90629
10.6508
10.8057
0.331997
0.725032
0.925061
1.07119
1.19549
1.30917
1.41758
1.52379
1.62982
1.73714
1.84693
1.96016
2.07774
2.20051
2.32929
2.46492
2.60824
2.76014
2.92155
3.09348
3.27698
3.47323
3.68346
3.90904
4.15146
4.41232
4.69342
4.9967
5.32431
5.67859
6.06216
6.47788
6.92892
7.41878
7.95134
8.53091
9.16228
9.85043
10.6009
10.7557
0.32568
0.711246
0.907429
1.05079
1.17278
1.28439
1.39086
1.49521
1.59942
1.70494
1.8129
1.92429
2.04
2.16086
2.28769
2.4213
2.56255
2.71231
2.87153
3.0412
3.2224
3.41628
3.6241
3.84724
4.08721
4.34564
4.62435
4.92534
5.25078
5.60311
5.98501
6.39941
6.84961
7.33923
7.87227
8.4532
9.08694
9.77853
10.5336
10.6833
0.319104
0.696887
0.889087
1.02958
1.14916
1.2586
1.36303
1.4654
1.56765
1.6712
1.77717
1.88654
2.00017
2.11889
2.2435
2.37482
2.51369
2.66098
2.81764
2.98464
3.16308
3.35411
3.559
3.77914
4.01605
4.2714
4.54703
4.84499
5.16751
5.51709
5.89649
6.30877
6.75733
7.24592
7.77876
8.36049
8.99632
9.69166
10.4523
10.593
0.312221
0.681901
0.870033
1.00758
1.12466
1.23183
1.33411
1.43437
1.53452
1.63596
1.73978
1.84693
1.95828
2.07463
2.19677
2.32552
2.4617
2.60618
2.7599
2.92383
3.09906
3.28674
3.48816
3.7047
3.9379
4.18946
4.46126
4.75537
5.07411
5.42003
5.79599
6.20518
6.65113
7.13777
7.66947
8.25113
8.88817
9.58615
10.3498
10.4623
0.305147
0.666469
0.850382
0.984861
1.09934
1.20414
1.30414
1.40217
1.5001
1.59928
1.70078
1.80555
1.91441
2.02817
2.1476
2.2735
2.40669
2.54802
2.69842
2.85887
3.03042
3.21425
3.41161
3.62393
3.85273
4.09973
4.36685
4.65619
4.97013
5.31131
5.6827
6.08761
6.52975
7.01324
7.54266
8.12307
8.75987
9.45678
10.2113
10.2617
0.297904
0.65061
0.830161
0.961465
1.07325
1.17557
1.2732
1.3689
1.46447
1.56125
1.6603
1.76251
1.8687
1.97966
2.09614
2.21893
2.34883
2.48668
2.63338
2.78992
2.95734
3.13678
3.32951
3.53693
3.76059
4.0022
4.26368
4.5472
4.85516
5.1903
5.55568
5.95477
6.3915
6.8703
7.39613
7.97456
8.61164
9.30083
10.0401
9.97336
0.29051
0.634352
0.809423
0.937463
1.04646
1.14622
1.24139
1.33465
1.42776
1.52203
1.61847
1.71796
1.82131
1.92927
2.04259
2.16201
2.28834
2.42239
2.56504
2.71726
2.88007
3.05461
3.24211
3.44396
3.66168
3.897
4.15182
4.42831
4.72891
5.0564
5.41394
5.80515
6.23416
6.70575
7.22535
7.79911
8.43162
9.08681
9.79064
9.57573
0.282932
0.617732
0.788238
0.912943
1.01909
1.11621
1.20883
1.29957
1.39012
1.48176
1.57547
1.67211
1.77246
1.87724
1.98718
2.10302
2.22551
2.35546
2.49373
2.64124
2.79901
2.96812
3.14981
3.34541
3.55641
3.78451
4.03157
4.29974
4.59143
4.90941
5.25686
5.63747
6.05555
6.51618
7.02546
7.59028
8.17236
8.78928
9.34742
9.02923
0.275211
0.600835
0.766706
0.888019
0.991257
1.08568
1.17569
1.26382
1.35174
1.44065
1.53152
1.62518
1.72238
1.82383
1.93022
2.04226
2.16069
2.28628
2.41986
2.56232
2.71463
2.87786
3.05318
3.24188
3.44542
3.6654
3.90363
4.16217
4.44335
4.74982
5.08465
5.4514
5.85424
6.29813
6.78853
7.30073
7.80958
8.36421
8.75199
8.38226
0.267393
0.583754
0.744944
0.862823
0.96311
1.05479
1.14214
1.22761
1.31281
1.39892
1.48686
1.57744
1.67138
1.76935
1.87204
1.98011
2.09427
2.21528
2.3439
2.48101
2.62753
2.78447
2.95296
3.13421
3.32962
3.54069
3.76915
4.0169
4.28612
4.57926
4.89911
5.24886
5.63217
6.05259
6.49484
6.92503
7.38614
7.84312
8.08093
7.68881
0.259552
0.566615
0.723097
0.837519
0.934826
1.02373
1.10838
1.19114
1.27358
1.35682
1.44177
1.52918
1.61976
1.71416
1.81301
1.91697
2.02672
2.14295
2.26642
2.39794
2.53839
2.68873
2.85001
3.02339
3.21016
3.41173
3.62969
3.86579
4.12203
4.40059
4.7039
5.03458
5.39438
5.76967
6.13413
6.51194
6.91159
7.25711
7.37248
6.97768
0.251742
0.549528
0.701307
0.812268
0.906587
0.992707
1.07463
1.15466
1.2343
1.31463
1.39653
1.48072
1.56788
1.65861
1.75355
1.8533
1.9585
2.06983
2.18799
2.31375
2.44794
2.59146
2.74529
2.91052
3.08832
3.28002
3.48707
3.71106
3.95379
4.21726
4.50353
4.81124
5.12566
5.43132
5.74183
6.07062
6.39178
6.62826
6.6526
6.27008
0.244009
0.532608
0.679722
0.787244
0.878588
0.961925
1.04113
1.11842
1.19524
1.27264
1.35146
1.4324
1.51608
1.60312
1.69408
1.78956
1.89015
1.99649
2.10925
2.22914
2.35696
2.49353
2.63979
2.79672
2.96543
3.14712
3.34312
3.55485
3.7839
4.03181
4.29452
4.55629
4.81047
5.06646
5.33404
5.60497
5.84459
5.98944
5.94893
5.58608
0.236412
0.515982
0.658507
0.76264
0.851044
0.931624
1.00812
1.08268
1.15669
1.23116
1.30689
1.38456
1.46477
1.54808
1.63505
1.72623
1.82218
1.9235
2.03081
2.14481
2.26621
2.39581
2.53447
2.68311
2.84275
3.01451
3.19959
3.39927
3.61382
3.83639
4.05338
4.26419
4.4757
4.69384
4.91588
5.1257
5.29165
5.36499
5.28021
4.93946
0.22902
0.499804
0.637854
0.738671
0.824192
0.902061
0.975892
1.04775
1.11897
1.19052
1.26319
1.3376
1.41434
1.49394
1.57692
1.66381
1.75513
1.85144
1.95332
2.06142
2.17643
2.29909
2.43023
2.57069
2.72142
2.88341
3.05772
3.24282
3.42975
3.60997
3.78471
3.95952
4.13786
4.31837
4.49294
4.645
4.74844
4.76907
4.65596
4.33745
0.221928
0.484267
0.617992
0.71559
0.798297
0.873513
0.944729
1.01393
1.0824
1.15108
1.2207
1.29189
1.3652
1.44113
1.52018
1.60283
1.68956
1.7809
1.87739
1.97963
2.0883
2.20412
2.32787
2.46035
2.60243
2.75421
2.91191
3.06727
3.21707
3.36292
3.508
3.6543
3.80095
3.94351
4.07299
4.17507
4.2293
4.21133
4.0808
3.78314
0.215352
0.46966
0.599219
0.693689
0.773653
0.846276
0.914942
0.981557
1.04734
1.11318
1.17982
1.24785
1.3178
1.39014
1.46533
1.54382
1.62605
1.71249
1.80364
1.90006
2.00244
2.1115
2.22798
2.35256
2.4839
2.61648
2.74523
2.86967
2.99155
3.11242
3.2329
3.3522
3.46762
3.57407
3.66352
3.72456
3.74166
3.69595
3.55554
3.2767
0.209704
0.456381
0.581896
0.67331
0.750585
0.820666
0.886841
0.950964
1.01412
1.07719
1.14092
1.20589
1.2726
1.34149
1.41296
1.48741
1.56524
1.64688
1.73273
1.82331
1.91935
2.02165
2.13011
2.24161
2.35144
2.45831
2.56241
2.66462
2.76556
2.8651
2.96231
3.05533
3.14108
3.21492
3.27025
3.29803
3.28812
3.22356
3.07858
2.81651
0.205434
0.444835
0.566358
0.654767
0.72942
0.797025
0.860761
0.922442
0.983019
1.04342
1.10437
1.16645
1.2301
1.29574
1.36373
1.43436
1.50793
1.58484
1.66547
1.75002
1.83887
1.93125
2.02374
2.11442
2.20324
2.29062
2.37667
2.4612
2.54363
2.62295
2.69772
2.76593
2.82483
2.87069
2.89835
2.90081
2.87075
2.79358
2.64743
2.40012
0.205033
0.435257
0.552673
0.638184
0.710339
0.775624
0.837068
0.896234
0.954364
1.01223
1.07062
1.13
1.19082
1.25345
1.31814
1.38499
1.45398
1.52519
1.59873
1.67436
1.75108
1.82733
1.90282
1.97749
2.05117
2.12356
2.19416
2.26226
2.32687
2.38674
2.4404
2.48612
2.52177
2.54448
2.55032
2.53388
2.48915
2.40387
2.2588
2.02452
0.200085
0.423954
0.539391
0.622975
0.693061
0.75619
0.815433
0.872488
0.928475
0.984151
1.04014
1.09686
1.15464
1.21349
1.27343
1.33453
1.39682
1.46019
1.52439
1.58893
1.65321
1.71682
1.77959
1.84132
1.90161
1.95994
2.01561
2.06775
2.11532
2.15709
2.19177
2.21801
2.23423
2.2382
2.2266
2.19635
2.1413
2.05113
1.90872
1.68631
0.247039
0.417825
0.529367
0.610683
0.67867
0.739787
0.797003
0.851942
0.905638
0.958764
1.01171
1.06468
1.1177
1.17099
1.22474
1.27905
1.33386
1.38901
1.44419
1.49898
1.55301
1.60595
1.65749
1.7073
1.75491
1.79975
1.84108
1.87806
1.90977
1.93524
1.95349
1.96349
1.964
1.95318
1.92809
1.88677
1.82393
1.73098
1.59255
1.38172
0.264105
0.415894
0.522443
0.601063
0.666781
0.725693
0.780608
0.833018
0.883789
0.933435
0.982298
1.03063
1.07861
1.12643
1.17421
1.22197
1.26961
1.31698
1.3638
1.40972
1.45439
1.49743
1.53844
1.57702
1.61266
1.64476
1.67262
1.69548
1.71272
1.72372
1.72779
1.72419
1.71174
1.68848
1.65196
1.60104
1.53194
1.43782
1.30496
1.10671
0.269689
0.414316
0.516775
0.592576
0.655789
0.712213
0.764493
0.814019
0.861586
0.907672
0.952609
0.996655
1.04
1.08277
1.12502
1.16673
1.2078
1.24804
1.28719
1.32493
1.36088
1.39463
1.42575
1.4538
1.47824
1.49848
1.51399
1.52425
1.52872
1.52688
1.51812
1.50178
1.47687
1.44121
1.39404
1.33406
1.25933
1.16522
1.03999
0.857072
0.272098
0.41253
0.511152
0.584152
0.644927
0.698907
0.748591
0.795317
0.839866
0.88272
0.924199
0.96452
1.00383
1.04219
1.07962
1.11605
1.15136
1.18535
1.21774
1.24821
1.27635
1.30171
1.32385
1.34229
1.35657
1.36622
1.37066
1.36932
1.36164
1.34708
1.32509
1.29517
1.25643
1.20737
1.14814
1.07832
0.997699
0.904464
0.790281
0.628784
0.264563
0.403788
0.501778
0.574432
0.634085
0.686336
0.733931
0.778335
0.820387
0.860582
0.899226
0.936501
0.972506
1.00727
1.04076
1.07289
1.10349
1.13237
1.15922
1.18369
1.20534
1.22368
1.23821
1.24847
1.25402
1.25428
1.24843
1.23562
1.21497
1.18555
1.14665
1.09806
1.03955
0.971561
0.897231
0.817187
0.73226
0.6435
0.547984
0.420431
0.267893
0.402447
0.497022
0.567712
0.625749
0.676411
0.722361
0.76504
0.805272
0.843539
0.880125
0.915187
0.948793
0.980944
1.01158
1.04059
1.06781
1.09299
1.11584
1.13598
1.15292
1.16612
1.17499
1.17905
1.17776
1.17025
1.15518
1.13094
1.09564
1.04713
0.983263
0.902194
0.803417
0.692317
0.597619
0.514951
0.440456
0.372763
0.310003
0.236773
0.271105
0.402021
0.49446
0.563763
0.620755
0.670501
0.715559
0.757325
0.796597
0.833843
0.869332
0.903207
0.935524
0.966268
0.995368
1.0227
1.04807
1.07125
1.09192
1.10969
1.12409
1.13454
1.14041
1.14106
1.13585
1.12355
1.10197
1.06868
1.02052
0.952616
0.856942
0.718236
0.490446
0.202197
0.154324
0.14298
0.138264
0.134114
0.126163
0.112465
)
;

boundaryField
{
    inlet
    {
        type            kqRWallFunction;
        value           nonuniform List<scalar> 10(0.001554 0.000587128 0.000375797 0.000274567 0.000216239 0.000216239 0.000274567 0.000375797 0.000587129 0.00155399);
    }
    inletWall
    {
        type            kqRWallFunction;
        value           nonuniform List<scalar> 
30
(
0.00183039
0.00178749
0.00171611
0.00163752
0.001554
0.00287077
0.00231072
0.00205236
0.00187058
0.00179061
0.0155791
0.00499572
0.00445274
0.00395294
0.00338524
0.00183039
0.00178749
0.00171611
0.00163752
0.00155399
0.00287079
0.00231072
0.00205236
0.00187058
0.00179061
0.0156082
0.00499622
0.00445291
0.00395301
0.00338528
)
;
    }
    bottleWall
    {
        type            kqRWallFunction;
        value           nonuniform List<scalar> 
290
(
0.0220529
0.0615888
0.0964038
0.125065
0.148715
0.168988
0.186944
0.20339
0.218689
0.233199
0.247221
0.260962
0.275165
0.289399
0.303714
0.318153
0.332708
0.347352
0.362029
0.376659
0.391189
0.405549
0.419645
0.433391
0.446695
0.459466
0.471613
0.483044
0.493668
0.503397
0.512143
0.519817
0.526477
0.531952
0.536154
0.539051
0.54063
0.540905
0.539912
0.537714
0.534395
0.53006
0.524827
0.518825
0.512191
0.505066
0.497583
0.489855
0.482016
0.474172
0.466412
0.458811
0.451424
0.444302
0.437463
0.430922
0.424684
0.418731
0.413046
0.4076
0.40236
0.3973
0.392587
0.386735
0.38023
0.374753
0.369142
0.362995
0.356973
0.351169
0.345407
0.339483
0.333323
0.326922
0.320282
0.313433
0.306274
0.298898
0.291434
0.283805
0.276028
0.268153
0.260249
0.25237
0.244554
0.236855
0.229334
0.222096
0.215354
0.209573
0.205245
0.204852
0.201447
0.246491
0.283651
0.287141
0.268522
0.268583
0.263665
0.274931
0.766633
0.759212
0.749916
0.738657
0.72539
0.710095
0.692792
0.673544
0.652468
0.629723
0.6055
0.580039
0.554078
0.529506
0.505373
0.481407
0.45761
0.434087
0.410972
0.388386
0.366428
0.345165
0.324637
0.304852
0.285797
0.267437
0.249722
0.232588
0.215962
0.199762
0.183897
0.168264
0.152739
0.137165
0.121263
0.104148
0.0861927
0.0670042
0.0468601
0.0220529
0.769376
0.773662
0.776642
0.778462
0.779316
0.779596
0.779336
0.778161
0.775838
0.772198
0.0220951
0.046785
0.0668422
0.0858649
0.103584
0.12044
0.136052
0.151319
0.166521
0.181823
0.197351
0.213213
0.229503
0.246307
0.263702
0.281754
0.300517
0.320026
0.340297
0.361319
0.383054
0.405435
0.428362
0.451715
0.475361
0.499193
0.523201
0.547637
0.573385
0.598794
0.623021
0.645828
0.667035
0.686488
0.704078
0.719738
0.733448
0.74522
0.755094
0.76315
0.0220951
0.061491
0.0959055
0.124083
0.147135
0.166947
0.184358
0.200206
0.214852
0.228644
0.241872
0.254872
0.268185
0.281458
0.294752
0.308104
0.321519
0.334974
0.348424
0.361805
0.375076
0.388183
0.401049
0.413606
0.425782
0.437502
0.448698
0.459296
0.469224
0.478403
0.486755
0.49428
0.500942
0.506563
0.511094
0.514497
0.51675
0.517853
0.517825
0.516708
0.514565
0.511473
0.507526
0.502831
0.4975
0.491652
0.485384
0.478827
0.472086
0.465255
0.458417
0.451643
0.444994
0.438514
0.432234
0.426172
0.420382
0.414816
0.409456
0.404282
0.399257
0.394385
0.389789
0.384458
0.378031
0.372673
0.367366
0.36133
0.355342
0.34965
0.343906
0.338061
0.331997
0.32568
0.319104
0.312221
0.305147
0.297904
0.29051
0.282932
0.275211
0.267393
0.259552
0.251742
0.244009
0.236412
0.22902
0.221928
0.215352
0.209704
0.205434
0.205033
0.200085
0.247039
0.264105
0.269689
0.272098
0.264563
0.267893
0.271105
)
;
    }
    atmosphere
    {
        type            inletOutlet;
        inletValue      uniform 0.1;
        value           nonuniform List<scalar> 
80
(
0.1
0.1
0.1
0.1
0.1
0.1
0.1
0.1
0.624385
0.811254
0.929271
1.00935
1.06528
1.10427
1.13035
1.14595
1.15256
1.15192
1.14591
1.13561
1.1215
1.10309
1.0802
1.05425
1.02612
0.996274
0.964973
0.93237
0.898537
0.863472
0.827099
0.789249
0.749641
0.707827
0.663093
0.61426
0.559153
0.492994
0.403526
0.274931
0.271105
0.402021
0.49446
0.563763
0.620755
0.670501
0.715559
0.757325
0.796597
0.833843
0.869332
0.903207
0.935524
0.966268
0.995368
1.0227
1.04807
1.07125
1.09192
1.10969
1.12409
1.13454
1.14041
1.14106
1.13585
1.12355
1.10197
1.06868
1.02052
0.952616
0.856942
0.718236
0.490446
0.1
0.1
0.1
0.1
0.1
0.1
0.1
)
;
    }
    frontAndBack
    {
        type            empty;
    }
}


// ************************************************************************* //
