/*--------------------------------*- C++ -*----------------------------------*\
  =========                 |
  \\      /  F ield         | OpenFOAM: The Open Source CFD Toolbox
   \\    /   O peration     | Website:  https://openfoam.org
    \\  /    A nd           | Version:  8
     \\/     M anipulation  |
\*---------------------------------------------------------------------------*/
FoamFile
{
    version     2.0;
    format      ascii;
    class       volScalarField;
    location    "2.75";
    object      k;
}
// * * * * * * * * * * * * * * * * * * * * * * * * * * * * * * * * * * * * * //

dimensions      [0 2 -2 0 0 0 0];

internalField   nonuniform List<scalar> 
9150
(
0.00182759
0.000940955
0.000476307
0.000303686
0.000197096
0.000197223
0.000303875
0.000476474
0.000941059
0.0018276
0.00178504
0.000746462
0.000399631
0.000258846
0.000165081
0.000165186
0.000259017
0.000399792
0.000746553
0.00178506
0.0017135
0.000651217
0.000366693
0.000238754
0.000152285
0.000152381
0.000238915
0.000366852
0.000651301
0.00171353
0.00163492
0.00060118
0.000353592
0.000230719
0.000147436
0.000147527
0.000230876
0.000353752
0.000601259
0.00163495
0.00155145
0.00057962
0.000348828
0.000227902
0.000145928
0.000146018
0.000228058
0.000348987
0.000579696
0.00155148
0.00285287
0.00257421
0.0018657
0.00163806
0.00136352
0.00136383
0.001638
0.00186463
0.00257215
0.00285261
0.00230565
0.00150724
0.00128778
0.00122251
0.000999071
0.00099945
0.0012228
0.00128749
0.00150693
0.00230573
0.00205064
0.00125418
0.000892074
0.000815144
0.000641354
0.000641663
0.000815467
0.000892139
0.00125424
0.00205072
0.00186849
0.00111158
0.000652207
0.000534827
0.000395882
0.000396103
0.000535107
0.000652378
0.00111173
0.00186854
0.00178767
0.00102191
0.000525575
0.000374739
0.000259013
0.000259173
0.000374963
0.000525757
0.00102205
0.00178771
0.0160159
0.00646687
0.00281531
0.00192534
0.00156768
0.00157
0.00192024
0.00270652
0.00598331
0.0149188
0.004964
0.00374394
0.00251462
0.00191455
0.00157646
0.00157788
0.00191489
0.00251401
0.0037683
0.00494562
0.0044198
0.00341368
0.00249533
0.0019167
0.00158587
0.00158641
0.00191583
0.002494
0.0034233
0.00441486
0.0039267
0.00315894
0.00247641
0.00191309
0.00159482
0.00159486
0.00191193
0.00247477
0.00315749
0.00392478
0.00336615
0.00311565
0.00237442
0.00186599
0.00156967
0.00156965
0.00186516
0.00237281
0.00311139
0.00336548
0.00299514
0.00298337
0.00297045
0.00295669
0.00294237
0.0029278
0.00291327
0.00289904
0.00288532
0.0028723
0.00655752
0.00653404
0.00650771
0.00647902
0.00644852
0.00641676
0.00638428
0.00635156
0.00631908
0.00628727
0.00839137
0.00836846
0.00834178
0.00831184
0.00827916
0.00824426
0.00820766
0.00816984
0.00813128
0.00809239
0.00970859
0.00968771
0.00966239
0.00963308
0.00960025
0.00956437
0.00952594
0.00948539
0.00944317
0.00939968
0.0107886
0.0107701
0.0107466
0.0107185
0.0106861
0.01065
0.0106105
0.0105681
0.0105232
0.0104762
0.0117305
0.0117147
0.0116932
0.0116666
0.011635
0.0115991
0.011559
0.0115153
0.0114683
0.0114183
0.0125819
0.0125689
0.0125498
0.0125249
0.0124945
0.012459
0.0124187
0.0123741
0.0123254
0.012273
0.0133698
0.0133599
0.0133434
0.0133206
0.0132917
0.0132571
0.013217
0.0131718
0.0131219
0.0130675
0.0141115
0.0141052
0.0140918
0.0140714
0.0140444
0.014011
0.0139716
0.0139263
0.0138755
0.0138195
0.0148193
0.014817
0.014807
0.0147897
0.0147651
0.0147335
0.0146951
0.0146502
0.014599
0.0145419
0.015502
0.0155042
0.0154984
0.0154846
0.0154631
0.0154338
0.0153971
0.0153532
0.0153022
0.0152444
0.0161668
0.0161743
0.0161733
0.0161638
0.016146
0.0161199
0.0160856
0.0160433
0.0159931
0.0159353
0.0168195
0.016833
0.0168377
0.0168334
0.0168202
0.0167981
0.0167671
0.0167272
0.0166787
0.0166216
0.017465
0.0174855
0.0174969
0.0174989
0.0174913
0.0174743
0.0174476
0.0174112
0.0173653
0.0173098
0.0181078
0.0181365
0.0181556
0.0181651
0.0181645
0.0181538
0.0181327
0.018101
0.0180588
0.018006
0.0187518
0.0187899
0.0188182
0.0188366
0.0188445
0.0188416
0.0188277
0.0188023
0.0187652
0.0187165
0.0194004
0.0194493
0.0194884
0.0195174
0.0195355
0.0195424
0.0195374
0.0195201
0.0194901
0.0194472
0.0200565
0.0201177
0.0201693
0.0202108
0.0202413
0.0202602
0.0202666
0.0202598
0.0202393
0.0202045
0.0207223
0.0207974
0.0208635
0.0209197
0.0209651
0.0209988
0.0210196
0.0210266
0.0210186
0.0209949
0.0213994
0.0214902
0.0215728
0.0216462
0.0217092
0.0217607
0.0217993
0.0218236
0.0218322
0.0218236
0.0220885
0.0221968
0.022298
0.022391
0.0224746
0.0225473
0.0226075
0.0226535
0.0226834
0.022695
0.0227899
0.0229173
0.0230391
0.0231543
0.0232615
0.0233591
0.0234452
0.0235179
0.0235746
0.0236128
0.0235034
0.0236512
0.0237955
0.0239351
0.0240688
0.0241948
0.0243111
0.0244153
0.0245047
0.0245759
0.0242283
0.0243975
0.0245656
0.0247316
0.0248943
0.0250518
0.025202
0.0253422
0.0254693
0.0255793
0.0249631
0.0251549
0.0253478
0.0255416
0.0257353
0.0259274
0.0261157
0.0262978
0.0264702
0.0266284
0.0257065
0.0259205
0.0261387
0.0263606
0.0265855
0.0268127
0.0270403
0.0272656
0.027485
0.0276935
0.0264588
0.0266928
0.0269343
0.0271827
0.0274369
0.0276958
0.0279585
0.0282221
0.0284828
0.0287354
0.027224
0.0274755
0.0277376
0.0280099
0.0282915
0.0285811
0.0288769
0.0291778
0.0294809
0.0297821
0.0280102
0.0282775
0.0285581
0.028852
0.0291589
0.0294775
0.0298066
0.0301443
0.0304895
0.0308401
0.0288307
0.0291136
0.0294121
0.0297268
0.0300575
0.0304039
0.0307647
0.0311385
0.0315234
0.0319183
0.0297043
0.0300041
0.0303222
0.0306591
0.031015
0.0313899
0.0317834
0.0321941
0.0326201
0.033059
0.0306548
0.0309752
0.0313166
0.0316798
0.0320654
0.0324739
0.0329054
0.0333593
0.0338345
0.0343285
0.0317108
0.0320569
0.032427
0.0328224
0.0332442
0.0336934
0.0341708
0.0346768
0.0352113
0.0357732
0.0329059
0.0332835
0.0336883
0.034122
0.0345862
0.0350827
0.0356129
0.0361778
0.0367781
0.0374137
0.0342812
0.0346962
0.0351411
0.0356181
0.0361295
0.0366772
0.037263
0.0378882
0.0385533
0.0392569
0.0358913
0.036349
0.0368385
0.0373621
0.0379222
0.038521
0.0391601
0.03984
0.0405593
0.0413122
0.037814
0.0383203
0.0388579
0.0394291
0.0400362
0.0406808
0.0413643
0.0420862
0.0428416
0.0436228
0.0401659
0.0407295
0.0413208
0.0419414
0.0425925
0.0432751
0.0439895
0.0447329
0.0455018
0.0462886
0.0431207
0.0437589
0.0444174
0.0450964
0.0457956
0.0465141
0.04725
0.0479982
0.048756
0.0495178
0.0469214
0.0476667
0.048422
0.049185
0.0499528
0.0507216
0.0514856
0.0522378
0.0529756
0.0536961
0.0518737
0.0527813
0.0536861
0.0545828
0.055464
0.0563212
0.0571432
0.0579181
0.0586406
0.0593079
0.0583013
0.0594525
0.0605865
0.0616931
0.062759
0.0637701
0.0647096
0.0655562
0.066302
0.0669459
0.0664492
0.0679503
0.0694155
0.0708266
0.0721636
0.0734085
0.0745408
0.0755286
0.076359
0.0770335
0.0763399
0.0783028
0.0802039
0.0820165
0.0837164
0.0852811
0.0866866
0.0879038
0.0889119
0.0897064
0.0876498
0.0901423
0.0925538
0.0948567
0.0970176
0.0990005
0.100777
0.102326
0.10362
0.104631
0.0997688
0.102827
0.105796
0.108643
0.111321
0.113792
0.116015
0.117951
0.119571
0.120833
0.111966
0.115616
0.119172
0.122576
0.12577
0.128703
0.131333
0.133632
0.135573
0.137097
0.123425
0.127644
0.13176
0.135698
0.139383
0.142752
0.145758
0.148374
0.150571
0.152303
0.133315
0.138034
0.142649
0.147059
0.151166
0.154895
0.158197
0.16105
0.163447
0.165373
0.141096
0.1462
0.151202
0.155964
0.160358
0.164294
0.167735
0.170692
0.173194
0.175264
0.146843
0.152137
0.157323
0.162222
0.166667
0.170549
0.17387
0.176702
0.17914
0.181237
0.151499
0.156659
0.161698
0.166384
0.170476
0.173871
0.176656
0.17902
0.181149
0.183126
0.156746
0.161389
0.165886
0.169877
0.172961
0.175206
0.176878
0.178323
0.179818
0.181513
0.16348
0.167076
0.170996
0.174176
0.175541
0.175768
0.175697
0.175798
0.176401
0.177671
0.170896
0.173065
0.175706
0.178094
0.178122
0.175981
0.173839
0.172494
0.172171
0.173009
0.175542
0.177043
0.17838
0.179922
0.179099
0.175231
0.171398
0.168896
0.167911
0.168538
0.177939
0.178291
0.178811
0.179593
0.178243
0.173491
0.168552
0.165316
0.164061
0.164838
0.182481
0.179796
0.178861
0.178967
0.17696
0.171505
0.165796
0.16215
0.160971
0.162253
0.189839
0.183795
0.180745
0.179689
0.176596
0.170013
0.163564
0.159705
0.15886
0.160945
0.198031
0.188885
0.183958
0.181689
0.176998
0.168887
0.161774
0.157938
0.157698
0.160872
0.203895
0.1926
0.186553
0.183242
0.176688
0.167245
0.1599
0.15651
0.157252
0.161856
0.205663
0.193458
0.187152
0.182849
0.174496
0.164492
0.157562
0.155142
0.157302
0.1637
0.202957
0.191211
0.185424
0.180098
0.170334
0.160664
0.154804
0.153821
0.157758
0.166232
0.196514
0.186548
0.181719
0.175493
0.165152
0.156371
0.151973
0.152708
0.158617
0.169292
0.187874
0.180596
0.17667
0.169463
0.159445
0.152034
0.149335
0.15193
0.159878
0.172765
0.178658
0.174464
0.170791
0.162594
0.153701
0.148035
0.147127
0.1516
0.161558
0.176589
0.17069
0.169254
0.165168
0.156629
0.148929
0.144871
0.145623
0.151848
0.163692
0.180748
0.165994
0.166142
0.160477
0.152149
0.145571
0.142799
0.144942
0.152721
0.166315
0.185296
0.164869
0.164695
0.157152
0.149066
0.143404
0.141645
0.144965
0.154162
0.169434
0.190311
0.16718
0.164146
0.155382
0.147388
0.142214
0.141177
0.14551
0.156051
0.172982
0.195768
0.171958
0.164421
0.154723
0.146605
0.141588
0.141079
0.146353
0.158236
0.176835
0.201512
0.176883
0.16601
0.154868
0.146126
0.141048
0.141016
0.147265
0.160543
0.180856
0.207433
0.180412
0.167121
0.154818
0.145464
0.140348
0.140839
0.148104
0.162796
0.184817
0.213293
0.184364
0.168441
0.154794
0.144755
0.13957
0.140559
0.148795
0.164815
0.188392
0.218545
0.189312
0.170635
0.155348
0.144382
0.138924
0.140243
0.149315
0.16655
0.191601
0.223423
0.1951
0.173778
0.156644
0.144482
0.138486
0.139911
0.149646
0.16796
0.194381
0.227822
0.20153
0.177728
0.158614
0.145005
0.138205
0.139518
0.149752
0.169001
0.196631
0.231535
0.208372
0.182238
0.161061
0.145788
0.137945
0.138974
0.149625
0.169768
0.198542
0.234822
0.215629
0.187244
0.163886
0.146701
0.137571
0.138192
0.149289
0.170446
0.20048
0.238209
0.223284
0.192765
0.167061
0.147654
0.136958
0.137078
0.148759
0.171223
0.202829
0.242272
0.231486
0.198945
0.170628
0.148585
0.135979
0.135513
0.148014
0.172231
0.205893
0.247533
0.240791
0.20608
0.174674
0.149431
0.134482
0.13334
0.146978
0.173504
0.209778
0.254047
0.251846
0.214421
0.179221
0.150068
0.13226
0.130354
0.145538
0.175047
0.214551
0.26181
0.265068
0.224051
0.184149
0.150258
0.129029
0.126309
0.143584
0.176919
0.220414
0.271087
0.281051
0.235059
0.189245
0.149677
0.124461
0.120936
0.140999
0.179197
0.227677
0.282399
0.300578
0.247558
0.194237
0.147968
0.118243
0.113964
0.137598
0.18182
0.236542
0.296387
0.324484
0.26154
0.1987
0.144734
0.110136
0.105167
0.133121
0.184548
0.247058
0.313473
0.353582
0.276612
0.201891
0.139529
0.10007
0.0944483
0.127201
0.186943
0.259563
0.336476
0.3884
0.291574
0.202588
0.131903
0.0882725
0.0819192
0.119147
0.187446
0.272252
0.364524
0.427573
0.303646
0.198964
0.121465
0.0753047
0.0680532
0.10832
0.184022
0.28213
0.395022
0.464371
0.307656
0.18877
0.108135
0.062049
0.0537658
0.0944959
0.174557
0.285004
0.42281
0.484195
0.296077
0.170477
0.0927114
0.0495976
0.0402989
0.0783172
0.157612
0.275516
0.438671
0.463041
0.263551
0.145793
0.077118
0.0388136
0.0287955
0.0615735
0.134002
0.248994
0.423256
0.37641
0.213374
0.119116
0.0628469
0.0297464
0.019692
0.0462551
0.107122
0.20693
0.363652
0.278463
0.166607
0.0961598
0.0505148
0.0219956
0.0128332
0.033765
0.0823057
0.16168
0.286089
0.212608
0.132674
0.0776559
0.0394015
0.015125
0.00787827
0.0241256
0.0625228
0.124179
0.218697
0.16719
0.106622
0.0613282
0.0286452
0.00917311
0.00456446
0.0165065
0.0470207
0.0955804
0.166039
0.132665
0.0844577
0.0454103
0.0180777
0.004698
0.00267182
0.0102766
0.0339887
0.0738538
0.126873
0.104431
0.0631952
0.0286321
0.00869264
0.00228224
0.00183733
0.00541649
0.0216312
0.0555725
0.0982819
0.0788699
0.0378926
0.0117034
0.00302026
0.00161647
0.00159573
0.00256926
0.00957179
0.034747
0.0759238
0.00285977
0.00284764
0.00283685
0.00282743
0.00281928
0.00281221
0.00280596
0.00280029
0.00279535
0.00279296
0.00279607
0.00279913
0.00280089
0.00280077
0.00279825
0.00279278
0.00278376
0.00277056
0.0027525
0.00272894
0.00269922
0.00266288
0.00261975
0.00256994
0.00251456
0.00245175
0.0023779
0.00229174
0.00219208
0.00207809
0.00194907
0.00180467
0.00164767
0.00149529
0.001338
0.00117285
0.000998846
0.000816714
0.000638282
0.000564472
0.00625486
0.00622218
0.00619146
0.0061629
0.00613653
0.00611224
0.00608976
0.00606873
0.00604865
0.0060289
0.00600896
0.00598806
0.00596545
0.0059403
0.00591173
0.00587881
0.00584049
0.00579566
0.0057431
0.00568151
0.00560954
0.00552577
0.00542872
0.00531687
0.00518862
0.00504202
0.0048748
0.00468812
0.00448103
0.00425304
0.00400441
0.00373531
0.00344555
0.00313323
0.00280624
0.00246654
0.00211606
0.00175851
0.00140347
0.00108725
0.00805133
0.00800829
0.007966
0.00792468
0.00788436
0.00784497
0.00780629
0.00776795
0.00772949
0.00769027
0.00765002
0.00760805
0.00756355
0.00751563
0.0074633
0.0074055
0.00734109
0.00726884
0.00718746
0.00709555
0.00699166
0.0068743
0.00674193
0.00659302
0.00642607
0.00623963
0.00603251
0.00580394
0.00555325
0.00527985
0.00498566
0.00467069
0.00433476
0.003977
0.00359996
0.00320354
0.00278645
0.0023445
0.00186716
0.00138758
0.00935265
0.00930207
0.00925103
0.00919973
0.00914823
0.00909649
0.0090443
0.00899134
0.00893718
0.00888123
0.00882299
0.00876212
0.00869779
0.00862907
0.00855496
0.00847437
0.00838617
0.00828915
0.00818205
0.00806355
0.00793231
0.00778698
0.00762621
0.00744872
0.00725327
0.00703878
0.00680429
0.00654907
0.00627254
0.0059743
0.0056542
0.005312
0.00494742
0.00456004
0.00415082
0.00371819
0.003257
0.00275138
0.00214894
0.00140487
0.0104244
0.0103677
0.0103094
0.0102497
0.0101886
0.0101262
0.0100622
0.0099964
0.00992824
0.00985721
0.00978262
0.00970435
0.00962156
0.00953334
0.0094387
0.00933659
0.00922592
0.00910556
0.00897435
0.00883112
0.00867473
0.00850406
0.00831807
0.00811578
0.00789632
0.00765893
0.00740293
0.00712765
0.00683239
0.0065162
0.00617784
0.00581575
0.00542846
0.00501529
0.00457629
0.00411015
0.00360868
0.00304688
0.00235013
0.00140144
0.0113626
0.0113006
0.0112359
0.0111688
0.0110993
0.0110273
0.0109527
0.0108751
0.0107941
0.0107092
0.0106195
0.0105248
0.0104246
0.0103178
0.0102036
0.010081
0.00994884
0.00980618
0.00965197
0.00948522
0.00930499
0.00911044
0.00890082
0.00867553
0.00843408
0.00817612
0.00790134
0.00760939
0.00729963
0.0069708
0.00662062
0.00624552
0.00584105
0.00540417
0.00493517
0.00443387
0.00389132
0.00327439
0.00249204
0.00139511
0.0122138
0.0121472
0.0120769
0.0120031
0.0119258
0.011845
0.0117606
0.0116721
0.0115791
0.0114811
0.0113773
0.011267
0.0111501
0.0110256
0.0108927
0.0107504
0.0105976
0.0104336
0.0102572
0.0100679
0.00986463
0.00964697
0.0094144
0.00916663
0.00890355
0.00862524
0.00833192
0.00802379
0.00770086
0.00736244
0.00700634
0.00662767
0.00621761
0.00576582
0.00527156
0.00474111
0.00416636
0.00350321
0.00264494
0.00140003
0.0130053
0.0129346
0.0128591
0.0127791
0.0126947
0.0126057
0.0125119
0.0124131
0.0123088
0.0121984
0.0120812
0.0119563
0.0118234
0.011682
0.0115311
0.0113699
0.0111974
0.0110128
0.0108153
0.0106041
0.0103786
0.0101383
0.00988298
0.00961253
0.00932707
0.00902695
0.00871278
0.00838531
0.0080454
0.00769364
0.00732977
0.0069511
0.00654926
0.00610522
0.00560799
0.0050681
0.00447513
0.00378492
0.00286971
0.00141123
0.0137548
0.0136804
0.0136002
0.0135145
0.0134234
0.0133266
0.0132241
0.0131156
0.0130005
0.0128782
0.0127482
0.0126096
0.0124616
0.012304
0.0121361
0.0119569
0.0117657
0.0115616
0.0113439
0.0111118
0.010865
0.0106029
0.0103253
0.0100322
0.00972371
0.00940021
0.00906231
0.00871087
0.00834695
0.00797186
0.00758708
0.00719413
0.0067933
0.00637474
0.00591201
0.00536366
0.00473608
0.00400739
0.00307017
0.00141375
0.0144751
0.0143975
0.0143131
0.0142221
0.0141247
0.0140207
0.0139099
0.013792
0.0136667
0.0135332
0.0133911
0.0132395
0.0130777
0.0129048
0.0127208
0.0125249
0.0123162
0.012094
0.0118576
0.0116064
0.0113399
0.0110576
0.0107593
0.010445
0.0101148
0.00976901
0.00940817
0.0090331
0.00864493
0.00824506
0.00783516
0.00741676
0.00698961
0.00654579
0.0060627
0.00551873
0.00487671
0.00409513
0.00306495
0.00142279
0.0151761
0.0150958
0.0150077
0.0149119
0.0148087
0.0146978
0.0145793
0.0144527
0.0143177
0.0141738
0.0140203
0.0138566
0.013682
0.0134955
0.0132968
0.0130856
0.0128612
0.0126229
0.01237
0.0121019
0.0118182
0.0115185
0.0112025
0.0108703
0.0105219
0.0101576
0.00977813
0.00938426
0.00897716
0.00855814
0.00812836
0.00768793
0.00723391
0.0067566
0.00623744
0.00565849
0.00499167
0.00421321
0.00319752
0.00142061
0.0158661
0.0157837
0.0156923
0.0155924
0.0154838
0.0153667
0.015241
0.0151063
0.0149625
0.0148089
0.0146451
0.0144705
0.0142843
0.014086
0.0138747
0.0136502
0.0134124
0.0131604
0.0128938
0.0126119
0.0123143
0.0120007
0.0116709
0.0113248
0.0109625
0.0105843
0.0101908
0.00978259
0.00936062
0.00892559
0.00847764
0.0080154
0.00753439
0.00702507
0.0064721
0.005857
0.0051562
0.00433092
0.00324974
0.00145739
0.0165522
0.0164683
0.0163745
0.0162709
0.0161578
0.0160351
0.0159029
0.015761
0.0156092
0.0154471
0.0152742
0.0150902
0.0148943
0.0146859
0.0144645
0.0142294
0.0139808
0.0137183
0.0134413
0.0131492
0.0128416
0.0125181
0.0121786
0.0118227
0.0114506
0.0110624
0.0106582
0.0102386
0.00980369
0.00935356
0.00888743
0.00840307
0.00789571
0.00735689
0.00677364
0.00612822
0.00539505
0.00452603
0.00339239
0.00155099
0.017241
0.0171566
0.0170611
0.0169546
0.0168376
0.0167102
0.0165724
0.0164243
0.0162657
0.0160965
0.0159162
0.0157246
0.015521
0.0153051
0.0150763
0.0148341
0.014578
0.0143085
0.0140249
0.0137265
0.013413
0.0130838
0.0127386
0.0123769
0.0119986
0.0116034
0.0111912
0.0107618
0.0103149
0.00984992
0.00936537
0.00885864
0.00832511
0.00775724
0.00714359
0.00646707
0.00570044
0.00479167
0.00360717
0.00167114
0.0179389
0.017855
0.0177587
0.0176504
0.0175305
0.0173992
0.0172569
0.0171038
0.0169399
0.0167652
0.0165795
0.0163826
0.016174
0.0159535
0.0157204
0.0154745
0.0152153
0.0149428
0.0146568
0.0143566
0.0140415
0.0137109
0.013364
0.0130003
0.012619
0.0122197
0.0118015
0.0113639
0.010906
0.0104265
0.00992371
0.00939472
0.00883497
0.00823712
0.00758981
0.00687528
0.00606393
0.0050991
0.00383763
0.00179906
0.0186524
0.0185703
0.0184744
0.0183653
0.0182435
0.0181096
0.017964
0.0178073
0.0176398
0.0174616
0.0172728
0.0170734
0.0168629
0.0166412
0.0164078
0.0161623
0.0159044
0.0156336
0.0153499
0.0150526
0.0147406
0.0144129
0.0140686
0.0137066
0.0133258
0.0129252
0.0125035
0.0120595
0.0115919
0.0110992
0.0105793
0.0100292
0.00944432
0.00881697
0.00813478
0.00737831
0.00651536
0.00548472
0.00413143
0.00196107
0.019388
0.0193094
0.0192154
0.0191067
0.0189841
0.0188487
0.0187012
0.0185425
0.0183733
0.018194
0.018005
0.0178062
0.0175975
0.0173786
0.0171492
0.0169088
0.016657
0.0163931
0.0161171
0.0158277
0.0155238
0.0152039
0.0148666
0.0145105
0.0141339
0.0137352
0.0133129
0.0128651
0.0123903
0.0118865
0.0113518
0.0107833
0.0101766
0.00952317
0.00880892
0.00801131
0.00709385
0.00598774
0.00452138
0.00217775
0.020152
0.0200788
0.0199883
0.0198815
0.0197595
0.0196239
0.0194761
0.0193174
0.0191488
0.0189712
0.018785
0.0185905
0.0183877
0.0181764
0.0179559
0.0177258
0.0174856
0.0172342
0.0169714
0.0166955
0.0164049
0.0160979
0.0157725
0.0154267
0.0150585
0.0146657
0.0142462
0.013798
0.0133191
0.0128075
0.0122611
0.011678
0.0110541
0.0103799
0.00963848
0.00880325
0.00783212
0.00664654
0.00504918
0.00246765
0.0209522
0.0208865
0.0208011
0.0206974
0.0205773
0.020443
0.0202967
0.0201401
0.0199749
0.0198021
0.0196224
0.0194364
0.0192442
0.0190453
0.0188392
0.0186251
0.0184021
0.0181693
0.0179254
0.0176687
0.0173971
0.0171083
0.0167998
0.0164692
0.0161138
0.0157311
0.0153185
0.0148739
0.0143949
0.0138794
0.0133254
0.0127316
0.012095
0.0114042
0.0106377
0.00976544
0.00874205
0.00748091
0.0057561
0.0028363
0.0217948
0.0217402
0.0216624
0.0215632
0.0214459
0.0213142
0.0211712
0.0210193
0.0208605
0.0206962
0.0205273
0.0203543
0.0201774
0.0199962
0.0198099
0.0196175
0.0194177
0.0192092
0.0189904
0.0187588
0.0185117
0.0182465
0.0179601
0.0176495
0.0173118
0.0169438
0.0165426
0.0161058
0.0156312
0.0151166
0.0145597
0.0139593
0.0133137
0.0126078
0.0118145
0.0109008
0.00981661
0.00846277
0.00657171
0.00326638
0.0226852
0.0226466
0.0225789
0.0224854
0.0223724
0.0222453
0.0221082
0.0219643
0.0218156
0.0216638
0.0215099
0.0213546
0.021198
0.0210395
0.0208784
0.0207133
0.0205425
0.0203641
0.020176
0.0199749
0.0197576
0.019521
0.0192616
0.0189761
0.018661
0.018313
0.0179285
0.0175044
0.0170387
0.0165296
0.0159752
0.0153737
0.0147211
0.0139999
0.0131801
0.0122236
0.0110731
0.00960986
0.00751489
0.00376611
0.0236299
0.0236133
0.0235582
0.0234718
0.0233654
0.0232459
0.0231183
0.0229861
0.0228516
0.0227164
0.0225818
0.0224484
0.0223162
0.0221849
0.0220537
0.021921
0.0217844
0.0216415
0.0214888
0.0213227
0.0211397
0.0209361
0.0207081
0.0204523
0.020165
0.0198426
0.019481
0.0190761
0.0186251
0.0181269
0.0175794
0.0169797
0.0163208
0.0155848
0.014739
0.0137403
0.0125231
0.0109517
0.00865798
0.00435568
0.0246276
0.0246421
0.024606
0.0245313
0.0244362
0.0243289
0.024215
0.0240984
0.0239819
0.0238671
0.0237552
0.0236468
0.0235422
0.0234413
0.0233433
0.0232467
0.0231481
0.0230443
0.0229306
0.0228031
0.0226578
0.0224908
0.0222981
0.0220759
0.0218205
0.0215286
0.0211957
0.0208165
0.0203865
0.0199041
0.0193669
0.0187702
0.018105
0.0173517
0.0164769
0.0154335
0.0141461
0.0124606
0.00995504
0.00501233
0.0256726
0.0257293
0.0257204
0.0256663
0.0255893
0.0255015
0.0254084
0.0253136
0.0252196
0.0251285
0.0250417
0.0249603
0.0248848
0.0248153
0.0247519
0.0246929
0.0246339
0.0245705
0.0244972
0.0244101
0.024305
0.0241778
0.024024
0.0238393
0.0236197
0.0233623
0.0230634
0.0227165
0.0223135
0.0218515
0.0213265
0.0207323
0.0200583
0.0192829
0.0183719
0.0172732
0.0158996
0.014074
0.0113113
0.00571244
0.0267747
0.0268896
0.0269301
0.0268948
0.0268367
0.0267765
0.0267132
0.0266462
0.0265781
0.026512
0.0264506
0.0263957
0.0263486
0.0263101
0.0262805
0.0262576
0.0262359
0.0262105
0.0261761
0.0261294
0.026066
0.0259815
0.0258706
0.0257282
0.0255485
0.025329
0.0250687
0.0247593
0.0243889
0.0239513
0.0234408
0.0228494
0.022165
0.0213644
0.0204106
0.0192452
0.0177692
0.0157817
0.0127325
0.00642542
0.0278962
0.0280744
0.0281907
0.0282116
0.0281967
0.0281798
0.0281528
0.0281157
0.0280718
0.0280274
0.0279877
0.0279557
0.0279332
0.027922
0.0279219
0.0279297
0.0279404
0.0279469
0.0279466
0.0279371
0.0279142
0.0278733
0.0278086
0.0277138
0.0275813
0.0274064
0.0271881
0.0269191
0.0265855
0.0261773
0.0256868
0.0251028
0.0244099
0.023583
0.0225812
0.0213394
0.0197466
0.0175776
0.0142155
0.00714878
0.0289882
0.0292264
0.0294234
0.0295464
0.0295903
0.0296323
0.029669
0.0296804
0.0296723
0.0296557
0.0296398
0.0296291
0.0296267
0.029635
0.0296548
0.0296836
0.0297175
0.0297495
0.0297778
0.0298015
0.0298175
0.0298209
0.0298054
0.0297632
0.0296852
0.0295641
0.029396
0.0291738
0.0288843
0.0285131
0.0280488
0.027478
0.0267809
0.0259286
0.0248755
0.0235498
0.0218278
0.0194598
0.0157601
0.00788322
0.0300945
0.0304074
0.0306916
0.0309275
0.0310847
0.0311686
0.0312516
0.0313104
0.0313447
0.0313668
0.0313825
0.031394
0.0314049
0.0314212
0.0314477
0.031486
0.0315305
0.0315789
0.0316305
0.0316848
0.0317396
0.0317898
0.0318278
0.0318437
0.0318272
0.0317696
0.0316634
0.0314988
0.0312621
0.0309371
0.0305085
0.0299591
0.0292648
0.0283909
0.0272862
0.0258713
0.0240099
0.0214274
0.0173672
0.00863178
0.0312141
0.0316048
0.0319806
0.0323257
0.0326154
0.0327947
0.0328907
0.0330215
0.0331137
0.0331786
0.0332246
0.0332486
0.0332541
0.0332557
0.0332666
0.0332928
0.0333324
0.0333873
0.0334585
0.0335438
0.0336399
0.0337404
0.0338359
0.0339151
0.0339679
0.033984
0.0339514
0.0338573
0.0336866
0.0334211
0.0330412
0.0325244
0.0318415
0.0309521
0.0297983
0.028292
0.0262837
0.0234731
0.0190314
0.00939075
0.0323459
0.032802
0.0332527
0.0336854
0.0340845
0.0344001
0.0345336
0.0347736
0.0350301
0.0351503
0.0352003
0.0351989
0.0351569
0.0351032
0.0350667
0.0350559
0.0350771
0.0351326
0.0352214
0.0353392
0.0354792
0.035633
0.03579
0.0359394
0.0360716
0.036174
0.0362309
0.0362254
0.0361387
0.0359491
0.0356326
0.0351615
0.0345005
0.033603
0.0324038
0.0308053
0.0286444
0.0255942
0.020751
0.01016
0.0335371
0.034052
0.0345666
0.0350685
0.0355456
0.0359613
0.0362146
0.0364973
0.0369115
0.0371934
0.0372761
0.0371906
0.0370293
0.036878
0.0367687
0.0367134
0.0367165
0.0367762
0.0368871
0.0370419
0.0372314
0.0374443
0.0376713
0.037904
0.038132
0.0383392
0.0385048
0.0386068
0.0386219
0.0385245
0.0382862
0.0378739
0.037246
0.0363484
0.0351075
0.0334167
0.031099
0.0277996
0.0225364
0.0109491
0.0348702
0.0354609
0.0360587
0.036648
0.0372116
0.0377066
0.0380537
0.0384199
0.0388892
0.0392622
0.0393374
0.0390734
0.0387368
0.0384762
0.0383044
0.0382216
0.0382236
0.0383026
0.0384492
0.0386532
0.038904
0.0391898
0.0395006
0.0398312
0.0401719
0.0405014
0.0407935
0.0410209
0.0411549
0.0411654
0.0410197
0.040679
0.0400952
0.0392051
0.0379253
0.036141
0.0336662
0.0301172
0.0244273
0.0118219
0.0363963
0.037081
0.0377812
0.0384751
0.039138
0.0397037
0.0401461
0.0406649
0.0412095
0.0414579
0.0411784
0.0406473
0.0401954
0.0398743
0.0396782
0.0395981
0.0396232
0.0397415
0.039941
0.0402095
0.0405349
0.0409042
0.0413069
0.0417471
0.0422135
0.0426791
0.0431132
0.0434828
0.0437527
0.0438872
0.0438485
0.0435923
0.0430626
0.042186
0.0408709
0.0389877
0.0363358
0.0325089
0.0263711
0.0128292
0.0381232
0.0389072
0.0397103
0.0405067
0.0412448
0.0418197
0.0423793
0.0430081
0.0433441
0.0430685
0.0424483
0.041869
0.0414215
0.0411158
0.0409465
0.0409048
0.0409797
0.0411587
0.0414283
0.0417733
0.0421776
0.0426231
0.0431139
0.0436722
0.0442699
0.0448796
0.0454676
0.045995
0.0464181
0.0466929
0.046776
0.0466145
0.0461418
0.0452746
0.0438953
0.0418868
0.0390449
0.0349368
0.0283505
0.0139109
0.0400409
0.0409029
0.0417807
0.0426318
0.0433129
0.0438488
0.0444354
0.0447523
0.0444981
0.04395
0.0433886
0.0429084
0.0425442
0.0423092
0.0422059
0.0422311
0.0423772
0.0426329
0.0429825
0.0434044
0.0438704
0.0443638
0.0449439
0.0456139
0.0463435
0.0471031
0.0478547
0.0485527
0.0491444
0.049576
0.0497934
0.0497348
0.0493219
0.0484343
0.0469786
0.0448464
0.041815
0.037425
0.0303907
0.0150575
0.0421378
0.0430206
0.0438934
0.0446745
0.0452034
0.0456198
0.0458215
0.0456163
0.045218
0.0447728
0.0443509
0.0439967
0.0437394
0.0435957
0.043574
0.0436756
0.0438962
0.0442247
0.0446423
0.0451181
0.0456053
0.0461453
0.0468126
0.0475883
0.0484484
0.0493618
0.0502858
0.0511674
0.0519438
0.0525482
0.0529104
0.0529545
0.0525826
0.0516768
0.0501446
0.0478733
0.0446346
0.0399482
0.0324564
0.0162413
0.04446
0.045316
0.0460954
0.0466861
0.0469885
0.0470699
0.0469066
0.0466141
0.0462672
0.0459141
0.0455952
0.0453418
0.0451771
0.0451163
0.0451689
0.0453389
0.0456248
0.0460175
0.0464953
0.0470018
0.0474553
0.0480328
0.0487699
0.0496432
0.0506302
0.0516988
0.052803
0.0538807
0.0548567
0.0556477
0.0561653
0.0563174
0.0559802
0.0550469
0.0534215
0.0509829
0.0475004
0.042478
0.0344975
0.0174222
0.0471271
0.0479828
0.0486962
0.0490354
0.0489964
0.0487937
0.0485293
0.0482276
0.0479028
0.0475886
0.0473199
0.0471229
0.047015
0.0470079
0.0471101
0.0473265
0.0476581
0.0480982
0.0486092
0.0490655
0.049484
0.0500886
0.0508797
0.0518397
0.0529481
0.0541735
0.0554658
0.0567523
0.057942
0.0589337
0.0596218
0.0598849
0.0595878
0.0586158
0.0568667
0.0542199
0.0504384
0.0450049
0.0364738
0.0185326
0.050323
0.0511606
0.0518869
0.0521679
0.0519384
0.0515233
0.0511243
0.0507432
0.0503695
0.0500238
0.0497368
0.0495331
0.0494254
0.0494215
0.0495283
0.049751
0.0500914
0.0505453
0.0510611
0.0514451
0.0518056
0.0524006
0.0532211
0.0542494
0.0554688
0.05685
0.0583385
0.0598473
0.0612647
0.0624725
0.0633488
0.0637275
0.0634631
0.0624229
0.060495
0.0575691
0.0534365
0.0475755
0.0384771
0.0196815
0.0544395
0.0552051
0.0559279
0.0563241
0.0560665
0.0554939
0.0549345
0.0544221
0.0539396
0.0534902
0.053102
0.0528042
0.0526117
0.0525318
0.0525703
0.0527314
0.0530167
0.0534243
0.0539024
0.0542385
0.054519
0.0550628
0.055881
0.0569506
0.0582614
0.0597906
0.0614838
0.0632342
0.0649008
0.0663525
0.0674333
0.0679488
0.067715
0.0665681
0.0643887
0.061085
0.0564781
0.0500787
0.0403458
0.0207518
0.0599569
0.0605732
0.0611372
0.0615929
0.0616513
0.0611674
0.0604066
0.0596467
0.0589508
0.0583069
0.0577188
0.0572109
0.0568143
0.0565448
0.0564098
0.056411
0.0565465
0.0568142
0.0571786
0.0574801
0.0576923
0.0581365
0.0589218
0.0600041
0.0613815
0.0630455
0.0649488
0.0669655
0.0689163
0.0706546
0.0719908
0.0726953
0.0725098
0.0712105
0.0686684
0.0648334
0.0595902
0.0525015
0.0420346
0.0216676
0.0675252
0.0680165
0.068396
0.0686715
0.0687802
0.068528
0.0677642
0.0667366
0.0657187
0.0647504
0.06384
0.0630116
0.0622966
0.0617157
0.0612846
0.0610104
0.0608901
0.0609162
0.061068
0.0612717
0.0614274
0.0617252
0.0624053
0.0634666
0.0648827
0.0666647
0.0687687
0.0710549
0.0733294
0.0754026
0.0770745
0.0780619
0.0779791
0.0764775
0.0734233
0.0688649
0.0628004
0.054854
0.0435409
0.0224353
0.0775896
0.077988
0.0781979
0.0782188
0.0780383
0.0776316
0.0769418
0.0758811
0.0745512
0.0731258
0.0717334
0.0704526
0.0693056
0.0683
0.0674515
0.0667766
0.0662791
0.0659544
0.0657866
0.0657475
0.0657894
0.0659369
0.0664239
0.0673817
0.0687912
0.0706614
0.0729518
0.0755124
0.078118
0.0805839
0.0826765
0.0840779
0.0842248
0.0825113
0.0787847
0.0733023
0.0661975
0.0571902
0.0449299
0.0230778
0.090315
0.0906629
0.0907157
0.0904854
0.0899749
0.0891927
0.0881676
0.0868957
0.0853382
0.0835269
0.0816094
0.0797567
0.0780483
0.0765001
0.0751179
0.0739233
0.0729308
0.0721432
0.0715566
0.0711561
0.070932
0.0708812
0.0711393
0.0718873
0.0732049
0.0750816
0.0774665
0.0802163
0.0831499
0.0860355
0.0886194
0.0905531
0.0911441
0.0893121
0.0848022
0.0782807
0.0699967
0.0598076
0.046478
0.0237096
0.105368
0.105722
0.105645
0.105165
0.104331
0.103165
0.101686
0.099938
0.0979564
0.0957614
0.0933931
0.0909719
0.0886223
0.0864227
0.0843997
0.0825689
0.080959
0.0795892
0.0784689
0.0775997
0.0769779
0.0766259
0.0766357
0.0771173
0.0782039
0.0799516
0.0823177
0.0852019
0.0884451
0.0917627
0.0948545
0.0973289
0.0983223
0.0963282
0.0912147
0.0838574
0.074535
0.0631802
0.0486434
0.0245664
0.121756
0.122187
0.122064
0.121424
0.120346
0.118874
0.117032
0.114866
0.112428
0.109761
0.106896
0.103906
0.100905
0.0979945
0.0952439
0.0926873
0.0903559
0.0882865
0.0865176
0.0850792
0.083976
0.0832306
0.0828994
0.0830582
0.0838433
0.0853552
0.0875941
0.0905117
0.0939668
0.0976563
0.101225
0.104224
0.105613
0.103674
0.0983079
0.0903696
0.0801945
0.0677369
0.0518356
0.0259225
0.138229
0.138803
0.138763
0.138159
0.137034
0.135424
0.133371
0.130923
0.12813
0.125033
0.12168
0.118141
0.114512
0.110899
0.107394
0.104068
0.100968
0.0981387
0.0956521
0.093575
0.0919263
0.0906816
0.089889
0.0896499
0.0900893
0.0912908
0.0932902
0.096091
0.0995975
0.103541
0.107526
0.111043
0.112978
0.111548
0.106343
0.0981138
0.0873027
0.07387
0.0564969
0.0281056
0.153619
0.154402
0.15459
0.154186
0.1532
0.151657
0.149592
0.147046
0.144062
0.140685
0.136966
0.132978
0.128813
0.124576
0.120376
0.11631
0.112457
0.108881
0.105685
0.102958
0.10069
0.09886
0.0975281
0.0968032
0.0967929
0.0975792
0.0992239
0.101772
0.105197
0.10929
0.113641
0.117673
0.120315
0.119862
0.115339
0.107246
0.0961068
0.081831
0.0628776
0.0313159
0.166902
0.167944
0.168422
0.168323
0.167634
0.166357
0.164501
0.162087
0.159142
0.155702
0.151818
0.147561
0.143024
0.138313
0.133547
0.12884
0.124302
0.120041
0.116182
0.112832
0.109936
0.107475
0.105557
0.104295
0.103772
0.104066
0.105262
0.107447
0.110671
0.114816
0.119487
0.124048
0.127585
0.128568
0.125208
0.117623
0.106532
0.0916592
0.0711069
0.0357233
0.177003
0.178339
0.179184
0.179514
0.179294
0.178492
0.177084
0.175056
0.172412
0.169169
0.165368
0.161074
0.156376
0.151384
0.146223
0.141026
0.135927
0.131064
0.12658
0.122585
0.119066
0.116027
0.113573
0.11181
0.11079
0.110566
0.111252
0.112995
0.115931
0.120058
0.125049
0.130317
0.135037
0.137649
0.135891
0.129322
0.118567
0.103281
0.08113
0.0413753
0.183141
0.184809
0.186126
0.187043
0.187487
0.187385
0.18667
0.185288
0.183208
0.180425
0.176959
0.172866
0.168229
0.16316
0.157791
0.152272
0.146757
0.141407
0.136379
0.131755
0.127612
0.124016
0.121085
0.118926
0.117482
0.116762
0.116939
0.118228
0.12084
0.12491
0.13027
0.136382
0.142346
0.146714
0.147395
0.142589
0.132429
0.116782
0.0928923
0.0482252
0.185139
0.187178
0.18908
0.190745
0.192048
0.192862
0.193067
0.192564
0.191281
0.189181
0.186265
0.182573
0.178186
0.17322
0.167818
0.162143
0.156366
0.150663
0.1452
0.140077
0.135395
0.131262
0.127852
0.125241
0.123406
0.122337
0.122102
0.122974
0.125295
0.129323
0.135065
0.142094
0.149595
0.156288
0.159855
0.157209
0.147894
0.131823
0.105901
0.0559187
0.183576
0.186015
0.188596
0.191145
0.193465
0.195363
0.196658
0.1972
0.196871
0.1956
0.193363
0.190189
0.186162
0.181407
0.176088
0.170383
0.164483
0.158572
0.152813
0.147334
0.14227
0.13775
0.133911
0.130844
0.128596
0.127178
0.126644
0.127219
0.129323
0.133371
0.139581
0.147784
0.157361
0.166918
0.173788
0.174042
0.165488
0.148056
0.119167
0.0635858
0.179725
0.182579
0.185903
0.189423
0.192856
0.195928
0.198394
0.200045
0.200715
0.200296
0.198739
0.196066
0.192371
0.187807
0.18257
0.176871
0.170918
0.164907
0.158979
0.153301
0.14802
0.143266
0.139155
0.135775
0.133201
0.131494
0.130731
0.131116
0.133078
0.137182
0.143936
0.153551
0.165703
0.179007
0.190608
0.194883
0.186336
0.165549
0.132072
0.0705577
0.175083
0.17841
0.182547
0.187109
0.191708
0.195984
0.199619
0.202346
0.203951
0.204282
0.203264
0.200909
0.197337
0.192765
0.187455
0.181666
0.175629
0.16954
0.163547
0.157813
0.15248
0.14767
0.143481
0.139991
0.137276
0.135418
0.134536
0.13484
0.136742
0.140942
0.148288
0.159548
0.174909
0.19319
0.211205
0.220829
0.210949
0.183737
0.143752
0.0760979
0.170833
0.174818
0.179924
0.185649
0.191493
0.197003
0.201788
0.205531
0.207965
0.20888
0.20815
0.20577
0.20191
0.196917
0.191193
0.185077
0.178827
0.172612
0.166584
0.160879
0.155615
0.150893
0.146791
0.143372
0.140708
0.138894
0.138073
0.138446
0.140414
0.144811
0.152857
0.166028
0.185481
0.210618
0.237514
0.254249
0.23898
0.20124
0.153591
0.0799329
0.167696
0.172644
0.178979
0.186078
0.193326
0.200167
0.206148
0.210911
0.214132
0.215517
0.214852
0.212089
0.207426
0.201414
0.194726
0.187858
0.181102
0.174595
0.168445
0.162747
0.15758
0.153014
0.1491
0.145882
0.143418
0.141805
0.141188
0.141751
0.143895
0.148603
0.15751
0.172965
0.197644
0.232547
0.272621
0.296182
0.265735
0.216763
0.162657
0.0837176
0.166037
0.172289
0.180155
0.18889
0.197751
0.20606
0.213306
0.219147
0.223274
0.225336
0.224925
0.22172
0.215699
0.207856
0.199474
0.191289
0.183573
0.176395
0.169825
0.16392
0.15872
0.154249
0.15052
0.147544
0.145349
0.144014
0.143668
0.144463
0.146811
0.15185
0.161617
0.179424
0.210061
0.258102
0.319852
0.331581
0.280251
0.228457
0.171409
0.0893637
0.165971
0.173829
0.183484
0.194064
0.204665
0.214431
0.222808
0.229748
0.235268
0.23877
0.238899
0.234463
0.226528
0.216934
0.206661
0.196636
0.187361
0.178935
0.171441
0.164935
0.159415
0.154847
0.151183
0.148384
0.146434
0.14537
0.145277
0.146258
0.148757
0.154015
0.164309
0.183659
0.218769
0.278407
0.344415
0.330639
0.279025
0.23329
0.17789
0.096438
0.167433
0.177158
0.188792
0.20131
0.213614
0.224631
0.233616
0.240893
0.246704
0.249769
0.24888
0.244025
0.236318
0.227218
0.216821
0.204598
0.192819
0.182426
0.173489
0.165986
0.159845
0.154949
0.151173
0.14841
0.146595
0.145715
0.145772
0.146825
0.149388
0.154704
0.165009
0.184316
0.219353
0.277658
0.324998
0.308192
0.26686
0.226598
0.176729
0.100843
0.170275
0.182148
0.195965
0.210531
0.224552
0.236466
0.244939
0.250456
0.253993
0.255495
0.254437
0.250387
0.24332
0.234206
0.2245
0.21219
0.198089
0.18567
0.175261
0.166708
0.159858
0.154522
0.1505
0.147623
0.14579
0.144943
0.144992
0.145973
0.148478
0.153693
0.163706
0.182322
0.215387
0.261889
0.289116
0.278895
0.247212
0.210519
0.165903
0.0986574
0.174316
0.188672
0.205011
0.222011
0.238126
0.250559
0.257719
0.26171
0.264219
0.264546
0.261222
0.254548
0.246245
0.237034
0.225929
0.21398
0.19996
0.186781
0.175622
0.166451
0.159118
0.153426
0.149145
0.146068
0.144069
0.143082
0.142951
0.143708
0.145965
0.150833
0.160336
0.178035
0.208222
0.242014
0.255676
0.24811
0.223538
0.190621
0.1498
0.0925338
0.179302
0.196423
0.215676
0.235649
0.254377
0.266857
0.272459
0.276083
0.278991
0.279549
0.273923
0.263207
0.251428
0.239803
0.225646
0.211793
0.198225
0.185305
0.174159
0.164897
0.157427
0.151577
0.147119
0.14384
0.141595
0.140283
0.13976
0.140133
0.141959
0.14629
0.155107
0.171474
0.196028
0.217966
0.225582
0.21881
0.199556
0.170972
0.132753
0.0872179
0.184891
0.204812
0.227026
0.250014
0.270482
0.281988
0.286968
0.291556
0.296605
0.300773
0.293136
0.275464
0.259469
0.245003
0.226908
0.209819
0.195302
0.182413
0.17142
0.162292
0.154899
0.149048
0.144504
0.141059
0.138561
0.136839
0.135791
0.135588
0.136685
0.140024
0.147346
0.16096
0.17956
0.194668
0.199559
0.193555
0.178038
0.153531
0.119022
0.08476
0.190855
0.213473
0.238427
0.26394
0.284506
0.29449
0.29998
0.306231
0.313873
0.320074
0.30834
0.285805
0.266582
0.249525
0.228673
0.208706
0.192631
0.179261
0.168207
0.159165
0.151882
0.146105
0.141549
0.137989
0.13525
0.133122
0.131504
0.130575
0.130681
0.13259
0.137739
0.147891
0.161427
0.172414
0.176263
0.171538
0.159157
0.138638
0.108863
0.0800091
0.197072
0.22226
0.249719
0.277244
0.297308
0.306086
0.312205
0.32012
0.33004
0.333846
0.316471
0.293215
0.272713
0.253217
0.229474
0.207608
0.190247
0.176297
0.165072
0.156068
0.148881
0.143157
0.138581
0.13491
0.131948
0.129439
0.127251
0.125527
0.124497
0.124715
0.127288
0.133681
0.143093
0.151285
0.154702
0.151425
0.141839
0.125448
0.100318
0.0748955
0.203495
0.231132
0.260905
0.289742
0.308463
0.316217
0.323159
0.3329
0.345416
0.348277
0.327667
0.303288
0.281065
0.25743
0.230311
0.207075
0.188659
0.174084
0.162556
0.153444
0.146234
0.140496
0.135873
0.132093
0.128928
0.12606
0.123315
0.1208
0.118632
0.117167
0.117173
0.119688
0.125397
0.131817
0.134507
0.132288
0.125329
0.113397
0.0934167
0.0694437
0.210207
0.2402
0.272115
0.301036
0.317089
0.323964
0.331889
0.343344
0.358176
0.363187
0.34312
0.317697
0.292361
0.262138
0.231805
0.207239
0.187875
0.172687
0.160801
0.151494
0.144175
0.138362
0.133664
0.129776
0.126439
0.12325
0.11997
0.116684
0.113457
0.110538
0.108444
0.107858
0.109446
0.11324
0.116238
0.114642
0.10921
0.101719
0.0872247
0.0634153
0.217381
0.249635
0.283239
0.310506
0.32302
0.329337
0.338365
0.35143
0.368185
0.380043
0.365024
0.336953
0.305472
0.267794
0.234689
0.208623
0.188254
0.172397
0.160068
0.150466
0.142944
0.136983
0.132168
0.128174
0.124709
0.121271
0.11746
0.113364
0.109178
0.10514
0.101587
0.0989034
0.0974527
0.0974336
0.0984535
0.0978813
0.0935615
0.0887239
0.0769216
0.0556074
0.22506
0.259622
0.294312
0.317926
0.326298
0.332752
0.343411
0.358801
0.378863
0.402085
0.395347
0.360226
0.315871
0.273014
0.238591
0.21141
0.190126
0.173545
0.160652
0.150614
0.142756
0.136544
0.131553
0.127448
0.123901
0.120289
0.115915
0.110913
0.105906
0.101105
0.0966747
0.092785
0.0895735
0.0871089
0.0852775
0.0834789
0.0802901
0.0766679
0.0639174
0.0455612
0.233019
0.269914
0.304055
0.321335
0.32666
0.334413
0.347176
0.365424
0.389948
0.422216
0.424484
0.375279
0.323061
0.279469
0.244242
0.216144
0.193936
0.176496
0.162847
0.152169
0.143793
0.137186
0.131932
0.127698
0.12412
0.120394
0.115319
0.109401
0.10378
0.0985094
0.0935869
0.0890509
0.0849213
0.081168
0.0776848
0.0742307
0.0703445
0.0660015
0.0538052
0.0362371
0.241031
0.279753
0.310322
0.320695
0.32514
0.334125
0.348545
0.368618
0.39517
0.429328
0.437189
0.385728
0.332333
0.288277
0.252365
0.223359
0.200111
0.181604
0.166942
0.155358
0.146214
0.139004
0.133337
0.128903
0.125334
0.121589
0.115605
0.108925
0.102876
0.0972943
0.0920677
0.0871608
0.0825375
0.0781157
0.0737481
0.0692119
0.0641799
0.0581014
0.0474959
0.0300688
0.248977
0.289392
0.313633
0.31745
0.32206
0.331868
0.347225
0.368307
0.396145
0.432314
0.446017
0.397354
0.343954
0.299659
0.263213
0.233342
0.208956
0.189161
0.173192
0.160381
0.150153
0.142047
0.135715
0.130904
0.12724
0.123117
0.116456
0.109401
0.10304
0.097203
0.0917528
0.0866148
0.0817172
0.076934
0.0720836
0.0669315
0.0611517
0.0541099
0.0433641
0.0266041
0.255812
0.295471
0.31326
0.313384
0.317557
0.327451
0.342793
0.3634
0.389483
0.42074
0.443069
0.408396
0.356574
0.312939
0.276517
0.24605
0.220558
0.19932
0.181778
0.167422
0.15577
0.146415
0.139053
0.133452
0.129222
0.124516
0.117771
0.110607
0.104016
0.0979454
0.0923024
0.0870083
0.0819581
0.0769813
0.0718588
0.0663387
0.0600872
0.0524775
0.0415898
0.0249496
0.262335
0.299341
0.310117
0.308157
0.311576
0.321057
0.335856
0.355388
0.379004
0.405739
0.43253
0.416298
0.368963
0.327472
0.291897
0.261247
0.234784
0.212059
0.192782
0.17665
0.163302
0.152379
0.143611
0.136752
0.131393
0.126112
0.119545
0.11242
0.105629
0.0993387
0.0934932
0.0880385
0.0828603
0.0777527
0.0724673
0.0667353
0.0602117
0.052299
0.0413897
0.0244118
0.268396
0.303325
0.308124
0.303027
0.30488
0.31342
0.327371
0.345858
0.368142
0.394033
0.423927
0.421512
0.380878
0.342814
0.308976
0.278681
0.251414
0.227258
0.206253
0.18824
0.172994
0.160241
0.149747
0.141244
0.134301
0.128098
0.121592
0.114623
0.107722
0.101216
0.0951104
0.0894121
0.0840544
0.0788131
0.0734222
0.0675988
0.0609827
0.0529693
0.0420497
0.0245333
0.273702
0.30677
0.306023
0.297413
0.297386
0.304767
0.317715
0.334944
0.355297
0.377815
0.401045
0.415522
0.392964
0.359178
0.327286
0.297524
0.269939
0.244819
0.222267
0.202409
0.185138
0.170321
0.157815
0.147364
0.138543
0.130824
0.123686
0.116706
0.109765
0.103084
0.0967508
0.0908185
0.0852593
0.0798721
0.0744014
0.0685548
0.0619532
0.0539612
0.0430414
0.0250492
0.278552
0.309557
0.303069
0.290878
0.288935
0.295213
0.307372
0.323823
0.343217
0.364491
0.386815
0.408942
0.405953
0.37718
0.347218
0.317938
0.290269
0.264537
0.240847
0.219297
0.199941
0.182892
0.168122
0.15547
0.144635
0.135218
0.126802
0.119028
0.111678
0.104756
0.0982629
0.0921739
0.0864273
0.0808787
0.0753083
0.0694299
0.0628511
0.0549066
0.0440149
0.0257373
0.283592
0.311817
0.298989
0.283286
0.279386
0.284495
0.295879
0.311723
0.330689
0.351487
0.373006
0.394136
0.411834
0.402264
0.371725
0.341376
0.313043
0.286516
0.261664
0.238535
0.217254
0.197984
0.180849
0.165833
0.152796
0.14146
0.131477
0.122528
0.114389
0.106938
0.100082
0.0937207
0.0877348
0.0819778
0.0762498
0.070278
0.0636668
0.0557283
0.0448362
0.0263971
0.289635
0.313986
0.294041
0.275017
0.26905
0.272749
0.283131
0.29827
0.316793
0.33752
0.359299
0.381064
0.401498
0.413062
0.394687
0.365002
0.336626
0.309603
0.283813
0.25932
0.236318
0.215036
0.195681
0.178361
0.163068
0.149667
0.137914
0.127531
0.118289
0.110017
0.102552
0.0957287
0.0893785
0.0833226
0.0773538
0.0712043
0.0644807
0.0564824
0.0455414
0.0270153
0.297638
0.316641
0.288849
0.266924
0.258765
0.260758
0.269853
0.284122
0.302275
0.323264
0.346087
0.369749
0.393406
0.415637
0.415504
0.388409
0.360165
0.332845
0.306351
0.280765
0.256323
0.233306
0.211964
0.192501
0.175028
0.159538
0.145909
0.133926
0.123384
0.114077
0.105799
0.0983408
0.0914844
0.0850115
0.078695
0.0722652
0.0653362
0.0572104
0.0461959
0.0276689
0.307343
0.320671
0.285237
0.260162
0.249453
0.249334
0.256733
0.269752
0.287226
0.308289
0.332099
0.357726
0.384147
0.409847
0.429377
0.414571
0.385046
0.356733
0.329227
0.30248
0.276674
0.252068
0.228924
0.207487
0.187962
0.170462
0.154971
0.141358
0.129439
0.118995
0.109786
0.101566
0.094079
0.087065
0.0802744
0.0734382
0.0661877
0.0578553
0.0467686
0.0282992
0.3183
0.32641
0.28418
0.255544
0.241856
0.239179
0.244411
0.255677
0.271949
0.292601
0.31708
0.344743
0.374795
0.406199
0.436645
0.437399
0.409534
0.380755
0.352112
0.324026
0.296767
0.270581
0.245724
0.222463
0.201055
0.181695
0.164462
0.149304
0.136062
0.124503
0.114354
0.105329
0.0971319
0.0894659
0.0820664
0.0746734
0.066947
0.0582758
0.0470714
0.0286436
0.330772
0.334061
0.285795
0.253478
0.236487
0.230846
0.233464
0.242465
0.256926
0.276454
0.300821
0.32977
0.362874
0.399271
0.436759
0.460475
0.441144
0.408264
0.376266
0.345624
0.316292
0.28826
0.261632
0.236623
0.213493
0.192474
0.173703
0.15719
0.142798
0.130269
0.119286
0.109512
0.100594
0.0922033
0.0840796
0.0759815
0.0675947
0.0583597
0.0467559
0.028304
0.345224
0.343862
0.290198
0.254187
0.233623
0.22466
0.224296
0.230609
0.242686
0.260307
0.283552
0.312656
0.348047
0.390007
0.438007
0.487505
0.475681
0.438184
0.401353
0.366997
0.33484
0.304551
0.275996
0.24926
0.22456
0.202116
0.182074
0.164475
0.149196
0.135943
0.124342
0.113984
0.104419
0.0952897
0.0863823
0.0774732
0.0682514
0.0581517
0.0453837
0.0272486
0.362978
0.356789
0.297598
0.257618
0.233113
0.220569
0.217054
0.220454
0.229711
0.244609
0.265375
0.292669
0.327789
0.372655
0.430322
0.506139
0.508254
0.467054
0.426533
0.3876
0.351996
0.319016
0.288308
0.259839
0.233716
0.210093
0.189083
0.170734
0.154904
0.141247
0.129345
0.118681
0.108607
0.0987653
0.0890816
0.0793158
0.0691221
0.0579014
0.0434208
0.0260468
0.381339
0.370268
0.307998
0.263113
0.234275
0.218143
0.211442
0.211849
0.2181
0.229662
0.246587
0.269594
0.299987
0.339611
0.391064
0.458185
0.520251
0.484487
0.443323
0.405487
0.367366
0.331399
0.298384
0.268168
0.240697
0.216078
0.194429
0.175735
0.159729
0.14602
0.134156
0.123501
0.113088
0.102653
0.0922847
0.0816731
0.0705119
0.0581332
0.0421242
0.0249427
0.409737
0.389622
0.320234
0.269769
0.236608
0.217079
0.207455
0.205112
0.208399
0.216453
0.229099
0.246743
0.270325
0.301231
0.341196
0.392384
0.456879
0.481446
0.440518
0.40387
0.3717
0.33917
0.306047
0.274162
0.245189
0.21985
0.198027
0.179376
0.163523
0.150046
0.138485
0.128103
0.117667
0.106904
0.0960364
0.0847631
0.0726782
0.0590851
0.0419694
0.0242197
0.451815
0.422009
0.339489
0.281189
0.242968
0.219553
0.206851
0.201767
0.202211
0.207006
0.215697
0.228384
0.245578
0.268049
0.296676
0.332223
0.374813
0.419245
0.420062
0.38908
0.358932
0.331437
0.304035
0.274842
0.246136
0.221034
0.199495
0.181175
0.16568
0.152614
0.141532
0.131672
0.121602
0.110876
0.0999005
0.0883955
0.0756253
0.0609944
0.0433824
0.0241575
0.507688
0.468654
0.369283
0.300495
0.255297
0.2271
0.210816
0.202728
0.200358
0.202226
0.207596
0.216254
0.228364
0.244288
0.264361
0.288887
0.318229
0.352788
0.375995
0.365722
0.341675
0.316798
0.292499
0.267903
0.242268
0.218491
0.197857
0.180229
0.165312
0.152826
0.142385
0.133255
0.123886
0.113699
0.103183
0.0918854
0.0788982
0.0637116
0.0464516
0.0249913
0.580701
0.54454
0.417469
0.332229
0.276434
0.241301
0.220186
0.208422
0.203003
0.202083
0.204634
0.210174
0.2186
0.229933
0.243844
0.260059
0.278927
0.300975
0.326098
0.338715
0.326212
0.304082
0.280591
0.258018
0.234566
0.212288
0.192938
0.176331
0.162218
0.150405
0.140608
0.132235
0.12388
0.114845
0.10531
0.0944921
0.0816082
0.0668169
0.0505513
0.027508
0.664506
0.644553
0.490003
0.381177
0.309348
0.263813
0.235695
0.219033
0.209966
0.206106
0.206044
0.209013
0.214682
0.222894
0.232984
0.243554
0.254399
0.266385
0.279607
0.292403
0.297717
0.287102
0.265981
0.244253
0.222713
0.202844
0.185553
0.170488
0.157467
0.146391
0.137092
0.129209
0.121921
0.114398
0.106054
0.0958979
0.0836425
0.0699638
0.0544657
0.0310252
0.698141
0.719126
0.584224
0.454687
0.356096
0.295311
0.257706
0.234704
0.221147
0.213912
0.211118
0.211698
0.215114
0.221131
0.229385
0.237504
0.243073
0.24797
0.253012
0.257346
0.258968
0.25529
0.244788
0.22675
0.208806
0.192719
0.178185
0.165071
0.153383
0.143145
0.134259
0.126508
0.119738
0.113351
0.10597
0.0968325
0.0861782
0.0727853
0.0564836
0.0324438
0.617173
0.780059
0.617498
0.512206
0.412737
0.335726
0.286873
0.256086
0.236914
0.225505
0.219479
0.217424
0.218596
0.222674
0.229509
0.238028
0.242797
0.243062
0.24311
0.24276
0.240719
0.235758
0.227046
0.214393
0.200626
0.187515
0.175423
0.164269
0.154115
0.145124
0.13709
0.129028
0.121154
0.114135
0.107409
0.101331
0.0907734
0.0739097
0.0550513
0.0318263
0.485717
0.675021
0.599138
0.502171
0.437765
0.381477
0.323324
0.284277
0.258199
0.241333
0.230969
0.225399
0.223696
0.22532
0.23
0.237321
0.245689
0.248237
0.245803
0.243263
0.240098
0.235229
0.227828
0.217801
0.206273
0.194862
0.184524
0.175456
0.167943
0.162521
0.158576
0.150855
0.138574
0.125129
0.115834
0.109408
0.0957987
0.074631
0.0534783
0.0299139
0.369651
0.53083
0.518557
0.463847
0.41045
0.372727
0.343148
0.3153
0.285059
0.262267
0.246359
0.2357
0.229744
0.227748
0.229679
0.235117
0.243133
0.251293
0.255063
0.254501
0.252312
0.249611
0.245719
0.239645
0.231385
0.222595
0.215241
0.21069
0.211155
0.219226
0.221843
0.199735
0.165892
0.1372
0.127884
0.115271
0.0958534
0.0742597
0.0511858
0.0255054
0.275767
0.39707
0.413547
0.397482
0.370355
0.342138
0.322273
0.31099
0.299022
0.284789
0.265805
0.248482
0.23663
0.228376
0.22593
0.229357
0.237315
0.247174
0.25598
0.264164
0.269848
0.273605
0.277375
0.279954
0.280058
0.279198
0.280356
0.287716
0.307693
0.340665
0.314203
0.235798
0.187288
0.164243
0.140071
0.107325
0.0824935
0.0635903
0.0452412
0.0198214
0.202627
0.282128
0.304729
0.310251
0.305945
0.295757
0.284348
0.279283
0.280092
0.281935
0.27526
0.259582
0.240552
0.223506
0.213881
0.215964
0.228441
0.239274
0.244506
0.256736
0.274288
0.294263
0.316542
0.338703
0.357944
0.375612
0.39437
0.421406
0.468981
0.466672
0.350503
0.275822
0.232162
0.181742
0.143739
0.115703
0.0983858
0.0869357
0.074339
0.04451
0.144753
0.184708
0.200638
0.204412
0.204842
0.209256
0.221141
0.232367
0.245872
0.25947
0.267163
0.262505
0.238965
0.20518
0.178563
0.17099
0.177274
0.190972
0.202487
0.214851
0.24309
0.286807
0.352494
0.413293
0.466021
0.526619
0.582452
0.621669
0.657013
0.551945
0.409783
0.351847
0.316529
0.267007
0.224669
0.208743
0.212303
0.2227
0.247007
0.139082
0.105697
0.119497
0.121816
0.118281
0.114533
0.115945
0.157842
0.190946
0.214746
0.232905
0.242699
0.237651
0.211297
0.164543
0.117142
0.113085
0.113147
0.115764
0.119129
0.118659
0.142627
0.138482
0.159893
0.401799
0.562857
0.677414
0.73953
0.74476
0.706702
0.595479
0.50544
0.50145
0.485032
0.390511
0.278474
0.218002
0.139533
0.158445
0.182173
0.10373
0.000664466
0.000673721
0.000778797
0.000911685
0.00105192
0.00118587
0.00131398
0.00143748
0.00155436
0.00166629
0.00177357
0.00187627
0.00197446
0.00206816
0.00215739
0.00224216
0.00232247
0.00239829
0.00246963
0.0025365
0.00259905
0.00265777
0.00271351
0.00276507
0.00281177
0.00285369
0.00289083
0.00292326
0.00295107
0.00297436
0.00299322
0.00300778
0.00301821
0.0030247
0.00302761
0.00302799
0.00302641
0.00302228
0.00301547
0.00300617
0.00120233
0.00154256
0.00189861
0.00222266
0.0025178
0.00279319
0.00305366
0.00330182
0.00353896
0.00376603
0.00398364
0.00419217
0.00439185
0.00458281
0.00476512
0.00493882
0.00510389
0.0052603
0.00540803
0.00554703
0.00567726
0.00579867
0.00591111
0.00601483
0.00610992
0.0061964
0.00627432
0.00634375
0.00640481
0.00645761
0.00650232
0.00653916
0.00656839
0.00659042
0.00660567
0.00661355
0.00661431
0.00660842
0.00659642
0.00657888
0.00139922
0.00208202
0.00262379
0.00305507
0.00343149
0.00377489
0.00409541
0.00439818
0.00468602
0.00496059
0.00522294
0.00547374
0.00571346
0.00594241
0.0061608
0.00636879
0.00656645
0.00675385
0.00693102
0.00709799
0.00725475
0.00740132
0.00753769
0.00766384
0.00778005
0.00788632
0.00798271
0.00806929
0.00814619
0.00821356
0.00827158
0.0083205
0.00836066
0.00839216
0.00841496
0.00842936
0.00843573
0.0084345
0.00842614
0.0084112
0.00140201
0.00253078
0.0032201
0.00373049
0.00416255
0.00455023
0.00490842
0.00524458
0.00556282
0.00586554
0.00615423
0.00642984
0.00669305
0.00694429
0.00718391
0.00741212
0.0076291
0.00783496
0.0080298
0.00821366
0.00838661
0.00854867
0.00869987
0.00884025
0.00896991
0.00908901
0.00919759
0.00929574
0.0093836
0.00946132
0.0095291
0.00958719
0.00963563
0.00967454
0.00970418
0.00972485
0.00973691
0.00974074
0.0097368
0.00972559
0.00141537
0.00294062
0.00373697
0.00431212
0.00479025
0.00521381
0.00560162
0.00596328
0.00630417
0.00662748
0.00693518
0.00722858
0.00750855
0.0077757
0.00803046
0.00827316
0.00850403
0.00872323
0.0089309
0.00912713
0.009312
0.00948556
0.00964789
0.00979902
0.00993903
0.0100681
0.0101862
0.0102936
0.0103904
0.0104767
0.0105527
0.0106184
0.0106741
0.0107198
0.0107559
0.0107825
0.0108002
0.0108091
0.0108097
0.0108024
0.00155605
0.0033072
0.0041933
0.00482489
0.00534409
0.00579967
0.0062136
0.00659735
0.00695747
0.00729794
0.00762126
0.0079291
0.00822259
0.0085025
0.00876941
0.00902373
0.00926575
0.00949571
0.00971378
0.00992008
0.0101147
0.0102978
0.0104693
0.0106295
0.0107783
0.0109158
0.0110423
0.0111578
0.0112625
0.0113564
0.0114396
0.0115124
0.0115748
0.011627
0.0116692
0.0117018
0.0117249
0.0117389
0.0117442
0.011741
0.00171399
0.00363381
0.0046005
0.00528382
0.00584094
0.00632616
0.00676422
0.00716824
0.00754584
0.00790174
0.00823896
0.00855952
0.00886484
0.00915588
0.00943334
0.00969776
0.00994949
0.0101888
0.010416
0.0106311
0.0108344
0.0110259
0.0112057
0.0113739
0.0115306
0.0116759
0.01181
0.0119329
0.0120448
0.0121458
0.012236
0.0123155
0.0123844
0.012443
0.0124914
0.0125298
0.0125585
0.0125777
0.0125877
0.0125888
0.00185789
0.00392949
0.00496959
0.00570046
0.00629271
0.00680555
0.00726618
0.00768918
0.00808313
0.00845341
0.00880354
0.0091359
0.00945214
0.00975344
0.0100406
0.0103144
0.010575
0.0108231
0.0110586
0.011282
0.0114933
0.0116926
0.0118801
0.0120559
0.01222
0.0123727
0.012514
0.012644
0.0127629
0.0128708
0.0129677
0.0130538
0.0131293
0.0131943
0.0132489
0.0132933
0.0133276
0.0133522
0.0133672
0.0133729
0.00199133
0.00420149
0.00530886
0.00608348
0.00670821
0.00724674
0.00772848
0.00816932
0.0085787
0.00896261
0.00932501
0.0096686
0.00999528
0.0103064
0.0106029
0.0108856
0.0111549
0.0114113
0.011655
0.0118863
0.0121053
0.0123123
0.0125073
0.0126904
0.0128618
0.0130216
0.01317
0.013307
0.0134328
0.0135474
0.0136511
0.0137439
0.013826
0.0138975
0.0139584
0.014009
0.0140493
0.0140795
0.0140999
0.0141105
0.00211737
0.00445529
0.0056246
0.00643947
0.00709413
0.00765641
0.00815777
0.0086153
0.00903924
0.00943612
0.00981031
0.0101648
0.0105017
0.0108224
0.0111282
0.0114198
0.0116977
0.0119624
0.0122143
0.0124535
0.0126803
0.0128948
0.0130972
0.0132877
0.0134663
0.0136333
0.0137887
0.0139326
0.0140653
0.0141869
0.0142974
0.014397
0.0144858
0.014564
0.0146315
0.0146885
0.0147352
0.0147715
0.0147976
0.0148136
0.00223887
0.00469531
0.00592169
0.00677343
0.00745543
0.00803945
0.00855885
0.00903189
0.00946953
0.00987881
0.0102644
0.0106296
0.0109767
0.0113072
0.0116223
0.0119229
0.0122096
0.0124829
0.0127431
0.0129904
0.0132251
0.0134474
0.0136574
0.0138553
0.0140412
0.0142154
0.0143779
0.0145289
0.0146686
0.0147971
0.0149146
0.0150212
0.015117
0.0152021
0.0152766
0.0153405
0.0153938
0.0154367
0.0154691
0.015491
0.00235809
0.00492499
0.00620386
0.00708901
0.0077956
0.00839916
0.00893495
0.00942228
0.00987281
0.010294
0.0106909
0.0110669
0.0114243
0.0117648
0.0120897
0.0123998
0.0126957
0.0129779
0.0132468
0.0135026
0.0137455
0.0139758
0.0141936
0.0143991
0.0145925
0.014774
0.0149438
0.015102
0.0152488
0.0153845
0.0155092
0.015623
0.015726
0.0158184
0.0159002
0.0159713
0.0160319
0.0160819
0.0161212
0.0161499
0.00247705
0.00514678
0.00647353
0.00738838
0.00811648
0.00873718
0.00928759
0.00978805
0.0102508
0.0106838
0.0110921
0.0114791
0.0118474
0.0121986
0.0125339
0.0128541
0.0131599
0.0134517
0.0137298
0.0139946
0.0142461
0.0144848
0.0147107
0.0149241
0.0151252
0.0153142
0.0154914
0.0156569
0.0158111
0.0159541
0.0160862
0.0162075
0.0163181
0.0164181
0.0165076
0.0165865
0.0166549
0.0167126
0.0167596
0.0167957
0.00259523
0.00536047
0.00673062
0.00767131
0.00841766
0.00905297
0.00961632
0.010129
0.0106039
0.0110489
0.0114692
0.0118683
0.0122485
0.0126114
0.0129581
0.0132894
0.0136059
0.0139081
0.0141962
0.0144705
0.0147312
0.0149787
0.0152131
0.0154346
0.0156436
0.0158404
0.0160251
0.0161982
0.0163599
0.0165105
0.0166501
0.0167791
0.0168975
0.0170056
0.0171032
0.0171905
0.0172673
0.0173336
0.0173891
0.0174336
0.00270714
0.00556179
0.00697193
0.00793437
0.00869531
0.00934275
0.00991792
0.010443
0.0109307
0.0113891
0.0118231
0.0122358
0.0126295
0.0130056
0.0133651
0.0137089
0.0140373
0.0143508
0.0146497
0.0149343
0.0152049
0.0154616
0.0157049
0.0159349
0.0161521
0.0163568
0.0165493
0.01673
0.0168993
0.0170575
0.017205
0.0173419
0.0174685
0.0175849
0.0176912
0.0177874
0.0178733
0.0179488
0.0180137
0.0180676
0.00278713
0.00573898
0.00719
0.0081695
0.00894059
0.00959816
0.0101856
0.010725
0.0112286
0.0117034
0.0121539
0.012583
0.0129926
0.013384
0.0137582
0.0141159
0.0144576
0.0147836
0.0150944
0.0153902
0.0156712
0.0159378
0.0161904
0.0164292
0.0166547
0.0168674
0.0170677
0.0172561
0.0174331
0.0175991
0.0177544
0.0178995
0.0180345
0.0181596
0.018275
0.0183806
0.0184763
0.0185619
0.0186371
0.0187016
0.00281588
0.00587762
0.00736745
0.0083569
0.00913455
0.00980387
0.0104087
0.0109688
0.0114943
0.011991
0.0124627
0.012912
0.0133406
0.0137498
0.0141408
0.0145142
0.0148707
0.0152107
0.0155344
0.0158423
0.0161345
0.0164116
0.0166737
0.0169216
0.0171556
0.0173763
0.0175844
0.0177805
0.0179651
0.0181388
0.0183021
0.0184553
0.0185989
0.018733
0.0188578
0.0189733
0.0190795
0.019176
0.0192626
0.0193388
0.00300004
0.00594103
0.00743907
0.00843893
0.00923586
0.00993513
0.0105746
0.0111695
0.0117276
0.0122538
0.0127524
0.0132261
0.013677
0.0141068
0.0145167
0.0149078
0.0152806
0.0156359
0.0159739
0.016295
0.0165993
0.0168873
0.0171594
0.0174163
0.0176588
0.0178874
0.0181031
0.0183066
0.0184987
0.01868
0.0188511
0.0190126
0.0191648
0.019308
0.0194425
0.0195684
0.0196856
0.0197939
0.0198929
0.0199821
0.00287417
0.00577723
0.00732349
0.00837518
0.0092294
0.00999095
0.010688
0.011333
0.0119341
0.0124977
0.0130287
0.0135309
0.0140072
0.0144599
0.0148907
0.015301
0.0156917
0.0160636
0.0164171
0.0167524
0.0170697
0.0173693
0.0176517
0.0179177
0.0181682
0.0184044
0.0186273
0.0188378
0.019037
0.0192257
0.0194045
0.019574
0.0197348
0.0198872
0.0200316
0.0201682
0.0202969
0.0204177
0.0205302
0.0206337
0.00263628
0.00550281
0.00712552
0.0082613
0.00919959
0.0100352
0.0107949
0.0114925
0.0121384
0.0127403
0.0133046
0.013836
0.0143383
0.0148146
0.0152672
0.0156976
0.0161073
0.0164971
0.0168674
0.0172185
0.0175498
0.0178616
0.0181544
0.0184291
0.0186873
0.0189303
0.0191597
0.0193766
0.0195824
0.0197779
0.019964
0.0201414
0.0203107
0.0204724
0.0206269
0.0207744
0.0209152
0.0210491
0.0211759
0.021295
0.00246158
0.00528937
0.00698449
0.00821634
0.00923768
0.0101355
0.0109448
0.0116843
0.0123665
0.0130007
0.0135939
0.0141515
0.014678
0.0151767
0.0156503
0.0161009
0.01653
0.0169385
0.017327
0.0176955
0.0180425
0.0183674
0.0186705
0.0189533
0.0192181
0.0194671
0.019702
0.0199247
0.0201364
0.0203382
0.0205311
0.020716
0.0208936
0.0210645
0.0212294
0.0213883
0.0215416
0.0216892
0.0218311
0.0219669
0.0024179
0.0053249
0.00705665
0.00833682
0.00939888
0.0103288
0.0111653
0.0119297
0.0126356
0.0132925
0.0139076
0.0144863
0.0150329
0.0155512
0.0160439
0.0165132
0.016961
0.0173885
0.0177961
0.0181837
0.0185487
0.0188881
0.0192011
0.0194907
0.0197609
0.0200148
0.0202547
0.0204824
0.0206996
0.0209073
0.0211067
0.0212988
0.0214845
0.0216645
0.0218395
0.02201
0.0221763
0.0223385
0.0224963
0.0226498
0.00248881
0.00553193
0.00729368
0.0085936
0.00966946
0.0106102
0.0114571
0.012233
0.0129516
0.0136224
0.0142522
0.0148462
0.0154086
0.0159428
0.0164516
0.0169373
0.017402
0.0178469
0.0182732
0.0186805
0.0190656
0.0194214
0.0197436
0.0200386
0.0203136
0.0205724
0.0208173
0.0210502
0.0212729
0.0214865
0.0216923
0.0218913
0.0220847
0.0222734
0.0224584
0.0226403
0.0228196
0.0229966
0.0231715
0.0233436
0.00262421
0.00582951
0.00762213
0.0089335
0.0100143
0.0109576
0.0118073
0.0125873
0.0133119
0.0139905
0.0146296
0.0152342
0.0158083
0.0163549
0.0168768
0.0173762
0.0178551
0.0183149
0.0187566
0.0191801
0.0195828
0.0199562
0.0202916
0.020594
0.0208756
0.0211406
0.0213915
0.0216304
0.0218588
0.0220783
0.0222902
0.0224959
0.0226965
0.0228935
0.0230878
0.0232805
0.0234724
0.0236641
0.0238559
0.0240477
0.00279556
0.00615828
0.00798917
0.00931527
0.0104025
0.0113486
0.0122001
0.0129821
0.0137099
0.014393
0.0150382
0.0156503
0.0162328
0.0167889
0.0173211
0.0178315
0.0183219
0.0187934
0.0192461
0.0196804
0.0200964
0.0204921
0.0208481
0.0211631
0.0214541
0.0217267
0.0219843
0.0222291
0.0224632
0.0226882
0.0229056
0.0231169
0.0233239
0.0235279
0.0237305
0.023933
0.0241365
0.024342
0.0245501
0.0247611
0.00296838
0.00648257
0.00836472
0.00971391
0.0108137
0.0117669
0.0126227
0.013408
0.0141389
0.0148258
0.0154756
0.0160932
0.0166821
0.0172453
0.0177854
0.0183049
0.0188056
0.0192877
0.0197513
0.0201972
0.0206292
0.0210469
0.0214224
0.021753
0.022056
0.022338
0.0226031
0.022854
0.0230932
0.0233226
0.0235442
0.0237599
0.0239715
0.024181
0.0243902
0.0246009
0.0248145
0.0250323
0.0252553
0.0254843
0.00313361
0.00679772
0.00873893
0.0101202
0.0112387
0.0122041
0.013068
0.0138591
0.0145947
0.015286
0.0159403
0.0165626
0.0171565
0.0177249
0.0182709
0.0187976
0.0193071
0.0198013
0.0202804
0.0207418
0.0211863
0.0216168
0.0220072
0.0223582
0.0226788
0.0229747
0.0232503
0.0235088
0.0237533
0.0239866
0.0242113
0.0244296
0.024644
0.024857
0.0250709
0.0252878
0.0255095
0.0257377
0.0259736
0.0262185
0.0032959
0.00711252
0.00911662
0.010534
0.0116762
0.0126578
0.0135332
0.0143328
0.0150751
0.0157722
0.0164321
0.0170599
0.0176586
0.018231
0.0187799
0.0193095
0.0198235
0.0203252
0.0208177
0.0213028
0.0217775
0.0222275
0.0226335
0.0230017
0.0233377
0.0236467
0.0239325
0.0241985
0.0244479
0.0246841
0.0249103
0.0251295
0.0253449
0.0255597
0.0257765
0.0259978
0.0262258
0.0264624
0.0267093
0.0269678
0.00346078
0.0074362
0.00950569
0.0109614
0.0121298
0.0131302
0.0140195
0.0148297
0.0155806
0.0162853
0.0169527
0.0175884
0.0181948
0.0187722
0.0193256
0.0198616
0.0203844
0.020897
0.021403
0.0219079
0.0224084
0.0228738
0.0232934
0.0236766
0.0240279
0.024351
0.0246485
0.024923
0.0251775
0.025416
0.0256426
0.0258615
0.0260769
0.0262922
0.0265108
0.0267354
0.0269686
0.0272125
0.027469
0.0277398
0.00363314
0.00777809
0.00991458
0.0114096
0.0126054
0.0136262
0.014531
0.015353
0.0161132
0.0168257
0.0175001
0.0181426
0.0187554
0.0193382
0.0198971
0.0204412
0.0209749
0.0215
0.0220166
0.0225297
0.0230379
0.0235134
0.0239519
0.0243577
0.0247323
0.0250766
0.0253915
0.0256784
0.0259398
0.0261809
0.026408
0.0266268
0.0268421
0.0270583
0.027279
0.0275072
0.0277459
0.0279972
0.0282634
0.0285463
0.00381593
0.0081452
0.0103506
0.0118859
0.0131104
0.0141531
0.015075
0.0159097
0.0166786
0.0173961
0.0180723
0.0187144
0.0193269
0.0199163
0.0204838
0.0210358
0.0215785
0.0221158
0.0226507
0.0231832
0.0237016
0.0241885
0.0246456
0.0250734
0.0254715
0.0258383
0.026172
0.0264711
0.0267381
0.0269813
0.0272095
0.0274293
0.0276462
0.0278649
0.0280894
0.0283231
0.028569
0.0288297
0.0291074
0.0294042
0.00400969
0.00853986
0.0108182
0.0123957
0.0136508
0.0147165
0.0156562
0.016505
0.0172843
0.0180079
0.0186853
0.019324
0.0199331
0.0205243
0.0210998
0.0216636
0.022221
0.0227748
0.0233275
0.0238781
0.0244082
0.024911
0.0253881
0.0258385
0.0262607
0.0266513
0.0270023
0.0273095
0.0275798
0.0278254
0.0280561
0.0282789
0.0284999
0.0287241
0.0289556
0.0291981
0.0294547
0.0297282
0.030021
0.0303353
0.00422134
0.00895636
0.011308
0.0129309
0.0142194
0.0153109
0.0162713
0.0171371
0.0179298
0.0186627
0.0193437
0.0199792
0.0205821
0.0211711
0.02175
0.0223224
0.0228924
0.023465
0.0240417
0.0246108
0.0251576
0.0256831
0.026186
0.0266638
0.0271143
0.0275305
0.0278947
0.0282046
0.0284775
0.0287267
0.028962
0.0291911
0.0294201
0.0296541
0.0298972
0.0301533
0.0304254
0.0307167
0.0310297
0.0313669
0.00443628
0.00937883
0.0118137
0.0134869
0.0148103
0.0159281
0.0169091
0.017791
0.0185961
0.0193383
0.0200263
0.0206667
0.0212738
0.0218681
0.0224545
0.0230368
0.0236174
0.024202
0.0247946
0.0253796
0.025951
0.0265083
0.0270467
0.0275604
0.0280432
0.0284796
0.0288491
0.0291609
0.0294396
0.0296972
0.0299431
0.0301848
0.0304282
0.0306784
0.0309396
0.0312157
0.0315099
0.0318254
0.032165
0.0325314
0.00465513
0.00981737
0.012341
0.0140676
0.0154265
0.0165709
0.0175726
0.0184712
0.0192899
0.0200421
0.0207326
0.0213694
0.0219822
0.0225866
0.0231867
0.0237839
0.0243824
0.0249887
0.0256003
0.0262096
0.026814
0.0274092
0.0279887
0.028542
0.0290529
0.0294968
0.0298663
0.0301878
0.0304813
0.0307569
0.0310231
0.0312866
0.0315535
0.0318287
0.0321166
0.032421
0.0327455
0.033093
0.0334668
0.0338697
0.00488085
0.0102778
0.0128963
0.0146762
0.0160704
0.0172392
0.0182577
0.019167
0.0199908
0.0207422
0.0214328
0.0220896
0.0227338
0.0233621
0.0239834
0.0246068
0.0252391
0.0258806
0.0265241
0.0271663
0.0278051
0.0284379
0.0290584
0.0296501
0.030175
0.030611
0.030987
0.0313275
0.0316443
0.0319466
0.032242
0.0325371
0.0328375
0.0331482
0.0334735
0.0338169
0.0341817
0.0345712
0.0349882
0.0354359
0.00511589
0.0107659
0.0134848
0.0153201
0.0167511
0.0179453
0.0189813
0.0199022
0.0207312
0.0214814
0.02218
0.0228643
0.0235438
0.0242124
0.0248733
0.025535
0.0262071
0.0268894
0.0275735
0.0282557
0.028936
0.0296146
0.0302838
0.0309006
0.0314156
0.0318551
0.0322512
0.032619
0.0329683
0.0333076
0.0336441
0.0339838
0.0343319
0.0346928
0.0350702
0.0354673
0.0358868
0.0363313
0.0368037
0.0373065
0.00535651
0.0112812
0.0141023
0.0159976
0.0174686
0.0186904
0.0197454
0.0206779
0.0215105
0.0222695
0.0229954
0.0237148
0.0244294
0.0251415
0.0258527
0.026565
0.0272842
0.0280112
0.0287398
0.0294682
0.030198
0.03093
0.0316317
0.0322392
0.0327603
0.0332291
0.033664
0.0340782
0.03448
0.0348772
0.0352764
0.035683
0.0361015
0.0365354
0.0369876
0.0374604
0.0379556
0.038475
0.0390206
0.0395943
0.00561137
0.0118172
0.0147478
0.0167082
0.0182233
0.0194766
0.0205554
0.0215045
0.0223499
0.0231322
0.0238917
0.0246501
0.0254077
0.0261665
0.026927
0.0276921
0.0284635
0.0292387
0.0300152
0.0307931
0.0315765
0.0323471
0.0330436
0.0336581
0.0342184
0.0347429
0.0352459
0.0357365
0.0362222
0.0367098
0.037205
0.0377123
0.0382352
0.0387761
0.0393369
0.0399183
0.0405212
0.0411459
0.0417931
0.0424635
0.00590112
0.0123695
0.0154177
0.0174486
0.0190102
0.0202942
0.0213942
0.0223612
0.0232367
0.0240657
0.0248794
0.0256877
0.0264934
0.0272997
0.028109
0.0289246
0.0297464
0.0305722
0.0313998
0.0322343
0.0330677
0.033845
0.0345527
0.0352129
0.0358417
0.0364531
0.0370581
0.0376622
0.0382715
0.0388914
0.0395263
0.0401795
0.0408533
0.0415488
0.0422659
0.043004
0.0437619
0.0445382
0.0453316
0.046141
0.00622612
0.0129609
0.0161382
0.0182494
0.0198656
0.021187
0.0223131
0.023305
0.0242168
0.0250926
0.0259603
0.0268225
0.0276809
0.0285391
0.0294003
0.0302669
0.0311402
0.0320185
0.0329086
0.0338088
0.0346669
0.0354682
0.0362319
0.0369733
0.0377059
0.0384413
0.0391883
0.0399495
0.0407299
0.0415331
0.0423622
0.0432191
0.0441042
0.0450169
0.0459552
0.0469161
0.0478958
0.0488905
0.0498963
0.0509098
0.00657513
0.0135976
0.0169164
0.0191153
0.0207918
0.0221576
0.023322
0.0243569
0.0253147
0.0262373
0.0271522
0.0280635
0.0289733
0.0298842
0.0307976
0.0317157
0.0326399
0.0335838
0.0345543
0.0354981
0.0363983
0.0372729
0.038136
0.039002
0.0398833
0.0407894
0.0417271
0.0426985
0.0437071
0.0447552
0.0458443
0.0469746
0.0481449
0.0493523
0.0505928
0.0518604
0.0531486
0.0544501
0.0557583
0.0570669
0.00695126
0.0142895
0.017765
0.0200628
0.0218085
0.0232278
0.0244395
0.0255212
0.0265254
0.027493
0.0284502
0.029406
0.0303641
0.0313253
0.0322877
0.0332516
0.0342406
0.0352761
0.0363072
0.037312
0.0383062
0.0393029
0.0403162
0.0413593
0.0424426
0.0435742
0.0447603
0.0460031
0.0473048
0.0486664
0.0500878
0.0515677
0.0531033
0.0546901
0.0563217
0.0579899
0.0596848
0.0613961
0.0631143
0.0648314
0.00735607
0.0150478
0.0187028
0.0211155
0.0229407
0.0244172
0.0256727
0.0267915
0.0278342
0.0288417
0.0298371
0.0308328
0.0318342
0.0328371
0.0338379
0.0348688
0.0359613
0.0370744
0.0381833
0.0393013
0.0404403
0.0416131
0.0428321
0.044108
0.0454497
0.0468642
0.048358
0.0499338
0.051592
0.0533321
0.0551526
0.0570512
0.059024
0.0610656
0.0631684
0.0653223
0.0675153
0.0697349
0.0719715
0.0742175
0.00777899
0.0158702
0.0197337
0.0222805
0.0241923
0.0257225
0.027014
0.0281619
0.0292322
0.0302678
0.0312941
0.0323254
0.0333591
0.0343909
0.0354631
0.0366108
0.0378009
0.0390093
0.0402481
0.0415291
0.0428642
0.0442649
0.0457414
0.0473019
0.048953
0.0507008
0.0525506
0.0545076
0.0565697
0.0587344
0.0609992
0.0633613
0.0658171
0.0683616
0.0709874
0.0736844
0.0764397
0.079241
0.0820799
0.084944
0.00819979
0.0167428
0.0208499
0.0235566
0.0255613
0.0271322
0.0284454
0.0296114
0.0306994
0.0317545
0.032806
0.0338614
0.0349206
0.0360288
0.0372276
0.0384909
0.0397944
0.0411479
0.0425629
0.0440517
0.0456265
0.0472976
0.0490726
0.0509563
0.0529524
0.0550648
0.0572958
0.0596556
0.0621391
0.0647414
0.0674599
0.0702931
0.0732394
0.0762959
0.0794578
0.0827161
0.0860581
0.0894713
0.092944
0.0964513
0.00861677
0.0176617
0.0220314
0.0249153
0.027009
0.0286004
0.0299262
0.0311106
0.0322171
0.0332923
0.0343656
0.03545
0.0365907
0.0378309
0.039158
0.0405481
0.0420052
0.0435392
0.0451627
0.0468893
0.0487316
0.0506987
0.0527949
0.0550194
0.057371
0.059851
0.0624614
0.0652081
0.0680916
0.0711035
0.0742423
0.0775108
0.0809115
0.0844458
0.088112
0.0919025
0.0958053
0.0998085
0.103896
0.108033
0.00912994
0.0186887
0.0232574
0.0262396
0.0283876
0.0300378
0.0314191
0.032656
0.0338052
0.0349159
0.0360286
0.0371911
0.0384551
0.0398295
0.0412864
0.0428247
0.0444522
0.0461812
0.0480267
0.0500026
0.0521202
0.054387
0.0568037
0.0593612
0.0620508
0.0648725
0.0678286
0.0709145
0.0741378
0.0774922
0.0809785
0.0846059
0.0883822
0.0923132
0.0964015
0.100643
0.105027
0.109545
0.114181
0.118901
0.0096132
0.0196815
0.0243736
0.0273812
0.0296296
0.0314378
0.0329472
0.0342854
0.0355156
0.0366967
0.0378885
0.0391485
0.0405171
0.0420044
0.0435906
0.0452774
0.0470761
0.0490022
0.0510702
0.0532916
0.0556744
0.0582224
0.0609328
0.0637918
0.0667814
0.0698955
0.0731349
0.0764974
0.0799772
0.0835867
0.0873259
0.0912076
0.095247
0.0994576
0.103847
0.108413
0.113148
0.118043
0.123095
0.128285
0.0100728
0.0205541
0.0252854
0.0283505
0.0307788
0.0328138
0.0345244
0.0360194
0.0373695
0.0386474
0.0399308
0.0412789
0.0427292
0.0443037
0.0459999
0.0478228
0.049785
0.0519
0.0541787
0.0566285
0.0592516
0.0620451
0.0650028
0.0681104
0.0713471
0.0746987
0.0781602
0.0817315
0.0854079
0.0891864
0.0930877
0.0971219
0.10131
0.105675
0.110232
0.114976
0.119889
0.124966
0.130229
0.135706
0.0105011
0.021259
0.0260272
0.0292764
0.0319371
0.034221
0.0361843
0.0378882
0.0393877
0.0407625
0.0421119
0.0435184
0.045029
0.0466682
0.0484512
0.0503899
0.0524956
0.0547772
0.0572406
0.059886
0.0627096
0.0657053
0.0688634
0.0721677
0.0755989
0.0791437
0.0827935
0.0865418
0.0903821
0.0943087
0.0983283
0.102462
0.106733
0.111174
0.115807
0.120618
0.125558
0.130601
0.135813
0.141312
0.0108524
0.0218112
0.026731
0.0302316
0.0331546
0.035723
0.0379766
0.0399163
0.0415611
0.0429953
0.0443688
0.0457925
0.0473269
0.0490069
0.0508558
0.0528883
0.0551127
0.0575326
0.0601475
0.0629512
0.0659361
0.0690924
0.0724105
0.0758787
0.0794815
0.0832061
0.0870464
0.0909958
0.0950462
0.0991857
0.103402
0.107707
0.112116
0.116674
0.121418
0.126307
0.131218
0.13606
0.140951
0.146155
0.0112429
0.0222709
0.0274617
0.0312503
0.0344793
0.0373698
0.0399273
0.0420988
0.0438395
0.0452627
0.0465957
0.0479896
0.0495134
0.0512112
0.0531079
0.0552153
0.0575359
0.0600669
0.0628017
0.0657311
0.0688444
0.0721314
0.0755853
0.0792018
0.0829746
0.0868995
0.0909789
0.095216
0.0996091
0.104143
0.108783
0.11348
0.118221
0.123097
0.128202
0.133433
0.138431
0.14295
0.147313
0.151946
0.0115721
0.0227951
0.0283372
0.0324025
0.035925
0.0391259
0.0419896
0.0443837
0.0461118
0.0474504
0.0486916
0.0500114
0.0514942
0.0531891
0.0551171
0.0572817
0.0596772
0.0622933
0.0651191
0.0681439
0.0713567
0.0747533
0.0783326
0.0820978
0.0860555
0.0902178
0.0946028
0.0992319
0.104123
0.109272
0.11461
0.119929
0.125186
0.13066
0.136531
0.14244
0.147767
0.152281
0.15625
0.159968
0.0114704
0.0232147
0.0292582
0.0337116
0.0375672
0.0410432
0.0441364
0.0466517
0.0483224
0.0494626
0.0505413
0.051745
0.0531671
0.0548489
0.0567984
0.0590056
0.061454
0.0641281
0.0670155
0.0701071
0.0733981
0.0768895
0.0805875
0.0845049
0.088661
0.0930813
0.0977973
0.102842
0.108244
0.114016
0.120085
0.126071
0.131684
0.137414
0.143733
0.15014
0.155875
0.160836
0.165054
0.168431
0.0116137
0.0238371
0.0303475
0.0351874
0.039383
0.0431547
0.0464015
0.0486723
0.0501699
0.0510284
0.0519239
0.0530316
0.0544185
0.0561043
0.0580796
0.0603198
0.062799
0.0655028
0.0684227
0.0715544
0.0748995
0.0784659
0.0822689
0.0863304
0.0906776
0.0953393
0.10034
0.105699
0.111436
0.117469
0.123471
0.12944
0.135481
0.141766
0.14853
0.155421
0.161661
0.16671
0.170494
0.173359
0.0118728
0.0245932
0.0315084
0.0366485
0.0410739
0.0450504
0.0482125
0.0500893
0.0514524
0.0520618
0.052814
0.0538644
0.0552435
0.0569444
0.0589408
0.0611953
0.0636758
0.0663784
0.0693003
0.0724417
0.0758102
0.0794226
0.0833036
0.0874844
0.0919982
0.096872
0.102109
0.107666
0.113466
0.119352
0.125303
0.131726
0.138882
0.146806
0.155394
0.163984
0.171223
0.175871
0.17785
0.178061
0.0122642
0.0255879
0.0326924
0.0379802
0.0424891
0.0463405
0.0487985
0.0510191
0.0521868
0.0526079
0.0532601
0.0542825
0.0556691
0.0573847
0.0593849
0.0616244
0.0640804
0.0667559
0.0696509
0.0727697
0.076127
0.0797481
0.0836671
0.087925
0.0925646
0.0976235
0.1031
0.108879
0.114818
0.121001
0.127789
0.135691
0.14513
0.156212
0.168668
0.181166
0.190247
0.193223
0.191125
0.186649
0.012743
0.0265972
0.0337918
0.0391248
0.0435382
0.0466936
0.0488022
0.0512596
0.0522031
0.0525619
0.0532179
0.0542766
0.0557031
0.0574436
0.0594412
0.0616506
0.0640672
0.0666968
0.0695415
0.0726127
0.0759336
0.079539
0.0834736
0.0877905
0.0925483
0.0978092
0.103617
0.109849
0.116351
0.123513
0.132092
0.142763
0.15619
0.172979
0.193181
0.214725
0.226188
0.222077
0.210804
0.198975
0.0133182
0.0273127
0.0345247
0.0397828
0.0436241
0.0461026
0.048463
0.0506599
0.0514848
0.0519588
0.0527521
0.0539171
0.0554095
0.0571783
0.059175
0.0613629
0.0637397
0.0663127
0.069096
0.0721128
0.0753977
0.0789981
0.0829728
0.0873892
0.0923284
0.0978853
0.104173
0.111237
0.119062
0.128098
0.139538
0.154478
0.173948
0.19938
0.232374
0.26327
0.282085
0.258601
0.232779
0.212238
0.0138751
0.0275411
0.0345656
0.0395359
0.0428551
0.0453879
0.0478361
0.0496114
0.0503492
0.0510464
0.052056
0.0533738
0.0549558
0.0567633
0.0587651
0.0609404
0.0632814
0.0658021
0.0685346
0.0715174
0.0748003
0.0784461
0.0825345
0.0871638
0.0924552
0.09856
0.105673
0.114037
0.12401
0.136201
0.151834
0.172427
0.198942
0.232316
0.272578
0.31372
0.328309
0.2856
0.249163
0.221926
0.0140116
0.0271058
0.0337477
0.0384218
0.0418719
0.0447112
0.0468298
0.0481383
0.0490025
0.0500253
0.0512948
0.0527897
0.0544826
0.0563525
0.0583847
0.0605665
0.0628888
0.0653818
0.0680967
0.071093
0.0744437
0.0782407
0.0826005
0.0876717
0.0936448
0.100769
0.109381
0.119938
0.133098
0.149824
0.171518
0.199999
0.236114
0.277395
0.320704
0.373908
0.357712
0.300445
0.257113
0.22578
0.0134598
0.0258266
0.0320629
0.036447
0.0400283
0.0429772
0.0449014
0.0463274
0.0476537
0.0490608
0.0505974
0.0522755
0.0540982
0.0560619
0.0581562
0.0603663
0.0626993
0.0652134
0.0679811
0.0710886
0.0746439
0.0787846
0.0836872
0.0895803
0.0967629
0.105632
0.116724
0.130773
0.148793
0.172189
0.202832
0.24291
0.290528
0.334857
0.387377
0.419127
0.363229
0.301184
0.255444
0.223121
0.0126144
0.0242216
0.030127
0.0342964
0.037679
0.0404837
0.042784
0.0447244
0.0465115
0.0482681
0.0500645
0.0519445
0.0539316
0.056024
0.0582046
0.0604618
0.0628507
0.0654623
0.0683936
0.0717681
0.0757455
0.0805321
0.0863965
0.0936898
0.102874
0.114561
0.129556
0.148928
0.174095
0.206933
0.249773
0.303306
0.350445
0.406277
0.46412
0.423113
0.346385
0.287767
0.244725
0.214678
0.0118725
0.0228711
0.0285892
0.0326603
0.0359702
0.0387974
0.0412967
0.0435585
0.0456712
0.0477163
0.0497614
0.0518593
0.0540384
0.0562863
0.0585803
0.0609384
0.0634681
0.0662931
0.0695516
0.0734231
0.0781427
0.0840191
0.0914598
0.101002
0.113348
0.129406
0.150323
0.177536
0.212862
0.258644
0.316863
0.36475
0.414444
0.485253
0.469793
0.387915
0.319391
0.266951
0.22875
0.202721
0.0113149
0.0219191
0.0275959
0.0316449
0.0349594
0.0378476
0.0404701
0.0429122
0.0452373
0.047505
0.0497728
0.0520876
0.0544587
0.0568633
0.0592932
0.0618339
0.0646346
0.0678518
0.0716809
0.0763826
0.0823033
0.0899053
0.0998042
0.11281
0.129964
0.152561
0.18215
0.22054
0.269815
0.332003
0.382734
0.422241
0.491131
0.514345
0.433564
0.35231
0.289502
0.242991
0.21034
0.18933
0.0110462
0.0213988
0.0270693
0.0311432
0.0344892
0.0374436
0.040163
0.0427304
0.045207
0.0476496
0.0501118
0.0526283
0.0551861
0.0577646
0.0603993
0.063244
0.0664859
0.0703328
0.075062
0.0810497
0.0888039
0.0990069
0.112564
0.130647
0.154723
0.186566
0.228239
0.281948
0.349201
0.403586
0.436111
0.498163
0.551135
0.481532
0.384081
0.31027
0.255726
0.216977
0.191259
0.176411
0.011001
0.0212619
0.0269216
0.0310294
0.0344257
0.0374482
0.0402507
0.0429183
0.0455191
0.0481142
0.0507511
0.0534397
0.056167
0.0589553
0.0619102
0.0652306
0.0691451
0.07394
0.0800094
0.0878917
0.0983143
0.112244
0.130928
0.15593
0.189161
0.232961
0.290147
0.363033
0.419097
0.44761
0.505444
0.567771
0.506577
0.40319
0.323376
0.263676
0.220642
0.191406
0.173759
0.166071
0.0111025
0.0213548
0.0270326
0.0311814
0.0346372
0.0377253
0.0405999
0.0433551
0.0460688
0.0488048
0.0516061
0.0544627
0.057385
0.0604664
0.0638852
0.0678808
0.0727483
0.0788901
0.0868586
0.0974014
0.111511
0.130459
0.15581
0.189427
0.233517
0.290701
0.362842
0.415269
0.443575
0.498089
0.558127
0.503596
0.404172
0.324922
0.264267
0.219637
0.188586
0.169135
0.159972
0.159905
0.0113308
0.0215878
0.0272889
0.0314717
0.0349802
0.0381287
0.0410707
0.0439066
0.0467193
0.0495769
0.0525214
0.0555518
0.0587324
0.0622358
0.0662866
0.0711882
0.0773478
0.0853234
0.0958636
0.109955
0.128858
0.15411
0.187493
0.230985
0.286633
0.347495
0.38931
0.421097
0.473538
0.528556
0.481286
0.389268
0.31468
0.256653
0.213173
0.182251
0.162234
0.152117
0.151589
0.159513
0.0114784
0.0218298
0.0275844
0.0317999
0.0353491
0.0385458
0.0415457
0.0444565
0.0473594
0.0503219
0.0533951
0.0566207
0.0601253
0.0641449
0.068973
0.0750178
0.0828398
0.0931833
0.107011
0.125544
0.15027
0.182883
0.225211
0.276985
0.322112
0.351403
0.385316
0.434947
0.480819
0.4405
0.359537
0.293201
0.240892
0.20105
0.17214
0.152902
0.142639
0.141417
0.149528
0.16526
0.0115801
0.0220309
0.0278564
0.0321015
0.0356722
0.0389031
0.0419489
0.0449184
0.0478933
0.0509433
0.0541386
0.0575802
0.0614452
0.0660208
0.071713
0.0790777
0.0888556
0.101987
0.119641
0.143172
0.174072
0.213586
0.254272
0.28405
0.308739
0.340643
0.381471
0.411291
0.376561
0.313788
0.260605
0.217389
0.183582
0.158387
0.141101
0.131411
0.129772
0.137183
0.153818
0.174497
0.0116987
0.0221762
0.0280385
0.0323243
0.0359101
0.0391535
0.0422174
0.0452091
0.0482127
0.051308
0.0545881
0.0581912
0.062344
0.0674006
0.0738773
0.0824875
0.0941711
0.110123
0.131733
0.160335
0.193078
0.220728
0.242087
0.264869
0.293418
0.32449
0.332179
0.299718
0.258053
0.220447
0.188378
0.162208
0.141929
0.127462
0.11888
0.116848
0.122781
0.138367
0.164039
0.185913
0.0119694
0.0222922
0.0281307
0.0324096
0.0359871
0.0392128
0.0422542
0.0452167
0.0481854
0.0512468
0.0545089
0.0581307
0.0623682
0.0676215
0.0744744
0.0837482
0.0965933
0.114518
0.138998
0.165597
0.184724
0.20156
0.221645
0.243787
0.261223
0.257742
0.232626
0.205151
0.180254
0.158249
0.139501
0.12435
0.113073
0.105998
0.103861
0.108032
0.120298
0.142469
0.175666
0.197165
0.0120354
0.022245
0.0280467
0.0322984
0.0358404
0.0390099
0.0419752
0.0448404
0.047689
0.0506058
0.0536946
0.0571092
0.0610979
0.0660386
0.0724629
0.0811062
0.0930169
0.109464
0.129491
0.146292
0.160104
0.17463
0.188043
0.195193
0.189704
0.17535
0.159666
0.144427
0.130322
0.117731
0.107108
0.0988628
0.0934319
0.0915295
0.0943748
0.103619
0.120963
0.148109
0.186486
0.207577
0.0119296
0.0220368
0.0277981
0.0320016
0.0354736
0.0385401
0.04137
0.0440649
0.0467044
0.0493642
0.0521218
0.0550934
0.058491
0.0626138
0.0678453
0.0746616
0.0836267
0.0951605
0.108795
0.122839
0.133252
0.138775
0.140216
0.137944
0.132147
0.123954
0.115112
0.106437
0.0983526
0.0912684
0.0855584
0.0816418
0.080142
0.0820711
0.0888633
0.102112
0.123326
0.154189
0.196222
0.217173
0.0117185
0.0217134
0.0274076
0.031526
0.0348934
0.0378202
0.0404727
0.042949
0.0453205
0.0476506
0.0499868
0.0523997
0.0550501
0.0581467
0.0619263
0.0666454
0.0725241
0.079635
0.0876959
0.0955372
0.101235
0.103753
0.103584
0.101317
0.0974422
0.0925148
0.0872287
0.0821531
0.0775841
0.0737941
0.0711161
0.0700425
0.0713585
0.0762302
0.086097
0.102396
0.126535
0.160286
0.205308
0.226499
0.011489
0.0212989
0.0268913
0.0308888
0.0341148
0.0368779
0.0393376
0.0415863
0.0436868
0.0456878
0.0476181
0.0495215
0.0515046
0.0536996
0.0562396
0.0592471
0.0627946
0.0668324
0.0710862
0.0749928
0.077882
0.0792876
0.0791676
0.0777227
0.075294
0.0723055
0.0692477
0.0664119
0.0639967
0.0622512
0.061541
0.0624406
0.0658361
0.0729433
0.0851395
0.103754
0.13018
0.16632
0.214046
0.235822
0.0112261
0.0208099
0.0262645
0.0301095
0.0331686
0.0357588
0.038034
0.04008
0.0419505
0.0436822
0.0452952
0.0468146
0.0483056
0.049848
0.0515125
0.0533535
0.0553886
0.0575649
0.059725
0.061621
0.0629892
0.0636204
0.0634385
0.0625338
0.0611098
0.0594181
0.0577685
0.056309
0.0552285
0.0547919
0.0554034
0.0576966
0.0626164
0.0713962
0.0853692
0.105811
0.134123
0.172324
0.222561
0.245257
0.0109448
0.0202229
0.0255159
0.0292018
0.0320981
0.0345342
0.0366557
0.0385411
0.0402373
0.0417743
0.0431692
0.0444344
0.0456036
0.0467241
0.0478354
0.0489651
0.0501175
0.0512618
0.0523234
0.0531947
0.0537656
0.0539526
0.0537351
0.0531661
0.0523551
0.0514501
0.0506199
0.04999
0.0497436
0.0501565
0.0516609
0.054934
0.0609699
0.0710313
0.0864421
0.108443
0.138416
0.178447
0.230993
0.254664
0.0105858
0.0195065
0.0246176
0.028184
0.0309599
0.0332855
0.0352984
0.0370709
0.0386459
0.0400495
0.0412981
0.0424041
0.043381
0.0442533
0.0450467
0.0457796
0.0464572
0.047067
0.0475773
0.0479468
0.0481371
0.0481263
0.0479197
0.0475545
0.0470977
0.0466526
0.0463126
0.0461937
0.0464762
0.047443
0.0495484
0.0535099
0.0603777
0.0714689
0.0881275
0.11156
0.143073
0.1847
0.238985
0.263629
0.0101592
0.018616
0.0236198
0.027111
0.0298156
0.03207
0.03401
0.035707
0.0372021
0.0385203
0.0396767
0.0406831
0.0415525
0.0422945
0.042924
0.0434561
0.0438987
0.0442511
0.044506
0.0446551
0.0446945
0.0446294
0.0444771
0.0442696
0.0440542
0.0439012
0.0438768
0.0440901
0.0447185
0.0460511
0.0485607
0.0530034
0.0604931
0.0724257
0.0902017
0.115011
0.148043
0.191073
0.246004
0.272167
0.00978168
0.017921
0.0227162
0.0261032
0.0287381
0.0309279
0.032808
0.0344494
0.0358922
0.0371605
0.0382692
0.0392262
0.0400396
0.0407198
0.0412761
0.0417216
0.0420667
0.0423171
0.0424789
0.0425618
0.0425802
0.0425527
0.0425014
0.0424534
0.0424439
0.0425175
0.0427304
0.0431852
0.0440577
0.0456419
0.0484247
0.0531943
0.0611288
0.0737276
0.0925056
0.118703
0.153402
0.197981
0.253136
0.281729
0.00943209
0.0172963
0.0218692
0.0251368
0.0277029
0.0298388
0.0316758
0.0332824
0.0346976
0.0359451
0.0370393
0.0379865
0.0387883
0.0394527
0.0399914
0.0404186
0.0407448
0.0409807
0.0411429
0.0412528
0.0413358
0.0414167
0.0415177
0.0416592
0.0418629
0.0421557
0.0425827
0.0432412
0.044308
0.0460811
0.0490557
0.0540406
0.0622728
0.0753833
0.095087
0.122801
0.159613
0.206619
0.263631
0.294926
0.0090336
0.0164947
0.0209445
0.0241303
0.0266549
0.0287672
0.0305898
0.0321881
0.0336006
0.0348519
0.035957
0.0369252
0.0377592
0.038456
0.0390263
0.0394852
0.0398453
0.0401256
0.0403521
0.040557
0.0407727
0.0410255
0.0413354
0.0417144
0.0421668
0.0427011
0.0433478
0.0442018
0.045446
0.0473838
0.0505119
0.0556478
0.0640797
0.0775991
0.0982241
0.127719
0.167365
0.218184
0.279474
0.313384
0.00854417
0.01552
0.0199088
0.0230799
0.0256111
0.0277323
0.0295654
0.0311766
0.0326064
0.0338817
0.0350202
0.0360338
0.0369298
0.0377073
0.038366
0.0389143
0.0393663
0.0397505
0.0401042
0.0404697
0.0408811
0.0413654
0.0419435
0.042622
0.0433834
0.0441998
0.0450855
0.0461413
0.0475685
0.0496785
0.0529631
0.0582364
0.0668289
0.0807109
0.102299
0.133898
0.177216
0.233416
0.301379
0.338141
0.00801882
0.0145699
0.0188872
0.0220707
0.0246255
0.0267727
0.0286295
0.0302685
0.031733
0.0330522
0.0342469
0.0353317
0.0363171
0.0372101
0.0380119
0.0387187
0.0393409
0.0399177
0.0404919
0.0411023
0.0417804
0.0425562
0.0434597
0.0445087
0.0456712
0.0468182
0.0479654
0.0492403
0.0508802
0.0532044
0.0566914
0.0621426
0.0709191
0.0851687
0.107769
0.141761
0.189589
0.252877
0.330214
0.370531
0.00753153
0.0138551
0.0180493
0.0211958
0.0237454
0.0259054
0.0277911
0.0294715
0.0309911
0.032381
0.0336648
0.0348604
0.0359811
0.0370358
0.0380293
0.0389661
0.0398699
0.0407702
0.0416921
0.0426613
0.0437042
0.0448503
0.0461361
0.0476053
0.0492496
0.0508103
0.052247
0.053781
0.0557069
0.0583374
0.0621299
0.0678715
0.0769482
0.091667
0.115378
0.152014
0.205146
0.277422
0.367759
0.412996
0.0070987
0.0132804
0.0173379
0.0204261
0.0229564
0.0251248
0.0270439
0.0287812
0.0303819
0.0318799
0.0333024
0.0346718
0.0360052
0.0373153
0.0386118
0.0399068
0.0412209
0.0425712
0.0439714
0.0454353
0.0469801
0.0486291
0.0504031
0.0523278
0.0544417
0.056616
0.0583282
0.060188
0.0625405
0.0656489
0.0699477
0.0762235
0.0859006
0.101428
0.126582
0.166238
0.225438
0.308678
0.416612
0.469168
0.00668901
0.0127252
0.0166586
0.0196914
0.022209
0.0243978
0.026368
0.0281907
0.0299168
0.0315861
0.0332325
0.0348838
0.0365618
0.0382816
0.040053
0.0418839
0.0437814
0.0457499
0.0477934
0.0499165
0.0521345
0.0544694
0.0569498
0.0596201
0.0623244
0.0645811
0.0666888
0.0691775
0.0722568
0.0761731
0.0813691
0.0886711
0.099601
0.116791
0.144396
0.188164
0.254782
0.351164
0.481538
0.542883
0.00626928
0.0121336
0.0159541
0.0189438
0.021466
0.0237013
0.0257624
0.0277293
0.0296628
0.0316137
0.0336255
0.0357318
0.0379546
0.0403043
0.042781
0.0453784
0.0480859
0.0508929
0.0538015
0.0568178
0.0599463
0.0632053
0.0664769
0.0695872
0.0724751
0.0753218
0.0784807
0.0821566
0.0865483
0.0919351
0.0987919
0.108064
0.12159
0.142386
0.175063
0.22644
0.30523
0.421719
0.583254
0.637662
0.00582375
0.0114995
0.0152132
0.0181766
0.0207369
0.0230732
0.0253038
0.0275187
0.0297945
0.0321992
0.0347871
0.0375934
0.0406324
0.0438974
0.0473661
0.0510118
0.0548083
0.0587361
0.0628056
0.0670398
0.0712344
0.0751706
0.0788448
0.0825707
0.0865616
0.0909532
0.0958895
0.101572
0.108327
0.116498
0.126505
0.139558
0.158449
0.186752
0.229346
0.295375
0.397471
0.553469
0.749904
0.751208
0.00533828
0.010812
0.0144501
0.0174482
0.0201402
0.0226989
0.0252427
0.027874
0.0306918
0.0337873
0.0372294
0.0410513
0.0452449
0.0497644
0.0545473
0.059556
0.0647753
0.0701576
0.075566
0.0806818
0.0853782
0.090174
0.095283
0.100809
0.106929
0.11385
0.12171
0.130709
0.141619
0.155113
0.171303
0.191799
0.221745
0.262969
0.320422
0.408061
0.542753
0.699203
0.905584
0.811805
0.00475178
0.0100537
0.0138676
0.0171847
0.0202831
0.0233138
0.0263969
0.0296598
0.0332474
0.0373006
0.04192
0.0471289
0.0528628
0.0589929
0.0653905
0.0720096
0.0788449
0.0854265
0.0914422
0.0974458
0.103704
0.110466
0.117944
0.126217
0.135505
0.146405
0.159218
0.173799
0.191607
0.212719
0.23925
0.277087
0.323948
0.375734
0.432206
0.504738
0.606435
0.748825
0.924538
0.677644
0.00439037
0.0104897
0.0154039
0.0198363
0.0238639
0.0276408
0.0313818
0.0353242
0.039739
0.0448952
0.0509657
0.057929
0.0655645
0.0735719
0.0816905
0.0897624
0.0974337
0.104426
0.111477
0.119059
0.127453
0.136961
0.147956
0.160552
0.174524
0.190653
0.208733
0.233199
0.258948
0.279705
0.300397
0.324081
0.353764
0.390208
0.435352
0.49697
0.579137
0.662719
0.683313
0.46779
0.00600263
0.0165973
0.025374
0.0325156
0.0380773
0.0424882
0.0463803
0.0503902
0.0551371
0.0612158
0.0689588
0.0781122
0.0878965
0.0975947
0.106696
0.114869
0.121986
0.128782
0.13636
0.145531
0.156887
0.170592
0.186178
0.203011
0.223039
0.240364
0.253822
0.266744
0.277649
0.286587
0.296077
0.31162
0.334587
0.363416
0.39785
0.436706
0.472444
0.494753
0.478314
0.337884
0.0212465
0.0405106
0.05471
0.0639682
0.0699329
0.0739094
0.077048
0.0806419
0.0858259
0.0936947
0.10492
0.117983
0.129796
0.13898
0.145544
0.150375
0.15429
0.158264
0.164732
0.175212
0.189974
0.209481
0.229913
0.245854
0.255983
0.260938
0.260949
0.259973
0.261364
0.265846
0.274222
0.288034
0.306246
0.32583
0.343613
0.355988
0.364331
0.36647
0.348511
0.255273
0.056309
0.084564
0.100461
0.107321
0.111934
0.11524
0.117693
0.122616
0.132971
0.150483
0.17455
0.196724
0.208076
0.207627
0.20265
0.199395
0.195001
0.188558
0.188633
0.201279
0.224664
0.251847
0.271523
0.275328
0.268923
0.259924
0.250569
0.24266
0.238558
0.238979
0.243592
0.251487
0.260249
0.266679
0.268867
0.270313
0.270527
0.267967
0.255396
0.19587
0.0772819
0.104964
0.120343
0.130694
0.140636
0.147524
0.150118
0.161748
0.189396
0.238951
0.318743
0.371832
0.352115
0.305346
0.266368
0.258987
0.227042
0.191434
0.185863
0.209954
0.245339
0.278469
0.298167
0.295617
0.276133
0.255094
0.236867
0.223024
0.213804
0.207863
0.202813
0.195831
0.184905
0.176953
0.17565
0.178857
0.18392
0.186522
0.179459
0.146974
0.0865361
0.101529
0.105603
0.110996
0.118771
0.12533
0.127735
0.140636
0.131985
0.339242
0.498686
0.571597
0.545362
0.347071
0.138736
0.1461
0.135538
0.119982
0.119464
0.172069
0.227689
0.272744
0.296932
0.29182
0.269568
0.244311
0.223881
0.208552
0.196883
0.185823
0.170571
0.145443
0.112929
0.109111
0.110096
0.113411
0.118196
0.122485
0.121644
0.107668
)
;

boundaryField
{
    inlet
    {
        type            kqRWallFunction;
        value           nonuniform List<scalar> 10(0.00155145 0.00057962 0.000348828 0.000227902 0.000145928 0.000146018 0.000228058 0.000348987 0.000579696 0.00155148);
    }
    inletWall
    {
        type            kqRWallFunction;
        value           nonuniform List<scalar> 
30
(
0.00182759
0.00178504
0.0017135
0.00163492
0.00155145
0.00285287
0.00230565
0.00205064
0.00186849
0.00178767
0.0160159
0.004964
0.0044198
0.0039267
0.00336615
0.0018276
0.00178506
0.00171353
0.00163495
0.00155148
0.00285261
0.00230573
0.00205072
0.00186854
0.00178771
0.0149188
0.00494562
0.00441486
0.00392478
0.00336548
)
;
    }
    bottleWall
    {
        type            kqRWallFunction;
        value           nonuniform List<scalar> 
290
(
0.000564472
0.00108725
0.00138758
0.00140487
0.00140144
0.00139511
0.00140003
0.00141123
0.00141375
0.00142279
0.00142061
0.00145739
0.00155099
0.00167114
0.00179906
0.00196107
0.00217775
0.00246765
0.0028363
0.00326638
0.00376611
0.00435568
0.00501233
0.00571244
0.00642542
0.00714878
0.00788322
0.00863178
0.00939075
0.01016
0.0109491
0.0118219
0.0128292
0.0139109
0.0150575
0.0162413
0.0174222
0.0185326
0.0196815
0.0207518
0.0216676
0.0224353
0.0230778
0.0237096
0.0245664
0.0259225
0.0281056
0.0313159
0.0357233
0.0413753
0.0482252
0.0559187
0.0635858
0.0705577
0.0760979
0.0799329
0.0837176
0.0893637
0.096438
0.100843
0.0986574
0.0925338
0.0872179
0.08476
0.0800091
0.0748955
0.0694437
0.0634153
0.0556074
0.0455612
0.0362371
0.0300688
0.0266041
0.0249496
0.0244118
0.0245333
0.0250492
0.0257373
0.0263971
0.0270153
0.0276689
0.0282992
0.0286436
0.028304
0.0272486
0.0260468
0.0249427
0.0242197
0.0241575
0.0249913
0.027508
0.0310252
0.0324438
0.0318263
0.0299139
0.0255054
0.0198214
0.04451
0.139082
0.10373
0.00285977
0.00284764
0.00283685
0.00282743
0.00281928
0.00281221
0.00280596
0.00280029
0.00279535
0.00279296
0.00279607
0.00279913
0.00280089
0.00280077
0.00279825
0.00279278
0.00278376
0.00277056
0.0027525
0.00272894
0.00269922
0.00266288
0.00261975
0.00256994
0.00251456
0.00245175
0.0023779
0.00229174
0.00219208
0.00207809
0.00194907
0.00180467
0.00164767
0.00149529
0.001338
0.00117285
0.000998846
0.000816714
0.000638282
0.000564472
0.00299514
0.00298337
0.00297045
0.00295669
0.00294237
0.0029278
0.00291327
0.00289904
0.00288532
0.0028723
0.000664466
0.000673721
0.000778797
0.000911685
0.00105192
0.00118587
0.00131398
0.00143748
0.00155436
0.00166629
0.00177357
0.00187627
0.00197446
0.00206816
0.00215739
0.00224216
0.00232247
0.00239829
0.00246963
0.0025365
0.00259905
0.00265777
0.00271351
0.00276507
0.00281177
0.00285369
0.00289083
0.00292326
0.00295107
0.00297436
0.00299322
0.00300778
0.00301821
0.0030247
0.00302761
0.00302799
0.00302641
0.00302228
0.00301547
0.00300617
0.000664466
0.00120233
0.00139922
0.00140201
0.00141537
0.00155605
0.00171399
0.00185789
0.00199133
0.00211737
0.00223887
0.00235809
0.00247705
0.00259523
0.00270714
0.00278713
0.00281588
0.00300004
0.00287417
0.00263628
0.00246158
0.0024179
0.00248881
0.00262421
0.00279556
0.00296838
0.00313361
0.0032959
0.00346078
0.00363314
0.00381593
0.00400969
0.00422134
0.00443628
0.00465513
0.00488085
0.00511589
0.00535651
0.00561137
0.00590112
0.00622612
0.00657513
0.00695126
0.00735607
0.00777899
0.00819979
0.00861677
0.00912994
0.0096132
0.0100728
0.0105011
0.0108524
0.0112429
0.0115721
0.0114704
0.0116137
0.0118728
0.0122642
0.012743
0.0133182
0.0138751
0.0140116
0.0134598
0.0126144
0.0118725
0.0113149
0.0110462
0.011001
0.0111025
0.0113308
0.0114784
0.0115801
0.0116987
0.0119694
0.0120354
0.0119296
0.0117185
0.011489
0.0112261
0.0109448
0.0105858
0.0101592
0.00978168
0.00943209
0.0090336
0.00854417
0.00801882
0.00753153
0.0070987
0.00668901
0.00626928
0.00582375
0.00533828
0.00475178
0.00439037
0.00600263
0.0212465
0.056309
0.0772819
0.0865361
)
;
    }
    atmosphere
    {
        type            inletOutlet;
        inletValue      uniform 0.1;
        value           nonuniform List<scalar> 
80
(
0.1
0.1
0.1
0.1
0.1
0.1
0.157842
0.190946
0.214746
0.232905
0.242699
0.237651
0.211297
0.164543
0.1
0.1
0.1
0.1
0.1
0.1
0.142627
0.1
0.1
0.401799
0.562857
0.677414
0.73953
0.74476
0.706702
0.595479
0.50544
0.50145
0.485032
0.390511
0.278474
0.218002
0.1
0.1
0.1
0.1
0.0865361
0.1
0.1
0.1
0.1
0.1
0.1
0.1
0.1
0.339242
0.498686
0.571597
0.545362
0.347071
0.1
0.1
0.1
0.1
0.1
0.172069
0.227689
0.272744
0.296932
0.29182
0.269568
0.244311
0.223881
0.208552
0.196883
0.185823
0.170571
0.145443
0.1
0.1
0.1
0.1
0.1
0.1
0.1
0.1
)
;
    }
    frontAndBack
    {
        type            empty;
    }
}


// ************************************************************************* //
