/*--------------------------------*- C++ -*----------------------------------*\
  =========                 |
  \\      /  F ield         | OpenFOAM: The Open Source CFD Toolbox
   \\    /   O peration     | Website:  https://openfoam.org
    \\  /    A nd           | Version:  8
     \\/     M anipulation  |
\*---------------------------------------------------------------------------*/
FoamFile
{
    version     2.0;
    format      ascii;
    class       volScalarField;
    location    "4.8";
    object      epsilon;
}
// * * * * * * * * * * * * * * * * * * * * * * * * * * * * * * * * * * * * * //

dimensions      [0 2 -3 0 0 0 0];

internalField   nonuniform List<scalar> 
9150
(
0.0313103
0.012444
0.00309725
0.000936235
0.000440763
0.00044047
0.000935585
0.00309571
0.0124413
0.0313105
0.0302217
0.00874642
0.00172978
0.000600404
0.00033132
0.000331131
0.000600022
0.00172882
0.0087442
0.0302215
0.0284245
0.00694421
0.00111508
0.000491406
0.000295998
0.000295846
0.000491139
0.0011145
0.00694235
0.0284242
0.0264921
0.00600394
0.00083496
0.000458616
0.000285076
0.000284937
0.00045839
0.000834607
0.00600236
0.0264917
0.0244895
0.00559878
0.000695732
0.000451354
0.000283244
0.000283111
0.000451141
0.000695502
0.00559734
0.0244891
0.123494
0.0522838
0.0222769
0.0135128
0.0095965
0.00960518
0.0135434
0.0223514
0.0524768
0.123553
0.0761039
0.0229652
0.0130035
0.00859806
0.0059571
0.0059593
0.00860836
0.013029
0.0229871
0.0760999
0.05535
0.0178556
0.00756453
0.00448714
0.00291899
0.00291896
0.00448929
0.00757009
0.017857
0.0553455
0.0425015
0.0152093
0.00476628
0.00226732
0.00132332
0.0013229
0.00226701
0.00476616
0.0152056
0.0424993
0.0356069
0.0137103
0.00350742
0.0012893
0.000669007
0.000668646
0.00128862
0.00350601
0.0137064
0.0356059
1.16868
0.164499
0.0480309
0.0208274
0.0122864
0.0121119
0.0202851
0.0477043
0.170582
1.52327
0.276496
0.120524
0.0457625
0.0205206
0.0123255
0.0122203
0.0202294
0.0449145
0.115494
0.279849
0.234353
0.104066
0.0445939
0.0202312
0.0123763
0.0123334
0.020129
0.0443417
0.102298
0.235301
0.196501
0.0912131
0.0436998
0.0199424
0.0124402
0.0124332
0.0199289
0.0436602
0.0910705
0.196866
0.156049
0.0858754
0.0400198
0.0187371
0.0120861
0.0120961
0.0187702
0.0401045
0.0862131
0.156181
0.0050412
0.00500641
0.00497133
0.00493539
0.00489805
0.00485888
0.00481757
0.00477392
0.00472789
0.00467944
0.00301398
0.00300893
0.00300062
0.00298883
0.00297344
0.00295437
0.00293164
0.00290536
0.0028757
0.00284295
0.00282924
0.00283375
0.00283438
0.00283102
0.00282366
0.00281237
0.00279733
0.0027788
0.00275713
0.00273274
0.00293179
0.00294575
0.0029564
0.00296371
0.00296777
0.00296875
0.00296693
0.00296268
0.00295642
0.00294861
0.00316296
0.00319087
0.00321708
0.00324172
0.00326504
0.0032874
0.0033092
0.00333101
0.00335337
0.00337682
0.00350236
0.00355265
0.00360431
0.00365777
0.00371365
0.00377276
0.00383551
0.00390287
0.00397583
0.00405535
0.00396611
0.00405253
0.00414582
0.00424675
0.00435641
0.00447633
0.00460804
0.00475323
0.00491363
0.00509099
0.00459078
0.00473426
0.00489313
0.00506966
0.00526637
0.00548602
0.00573159
0.00600613
0.00631271
0.0066543
0.00542763
0.00565896
0.00592007
0.00621523
0.00654912
0.00692668
0.00735299
0.007833
0.00837128
0.00897169
0.00654485
0.00690776
0.00732245
0.00779618
0.00833655
0.00895123
0.00964746
0.0104315
0.0113079
0.0122791
0.00802207
0.00857307
0.00920672
0.00993368
0.0107645
0.0117089
0.0127744
0.0139658
0.0152839
0.0167245
0.00993722
0.0107406
0.0116648
0.0127231
0.0139273
0.0152863
0.0168045
0.0184805
0.0203065
0.0222674
0.0123444
0.0134602
0.014737
0.0161884
0.0178242
0.0196491
0.0216607
0.0238485
0.0261934
0.028669
0.0152491
0.0167174
0.0183814
0.0202521
0.0223354
0.0246301
0.0271272
0.0298077
0.0326433
0.0355987
0.0185948
0.0204245
0.0224729
0.0247475
0.0272506
0.0299784
0.0329202
0.0360557
0.0393533
0.0427689
0.0222743
0.0244447
0.0268448
0.0294797
0.0323509
0.0354572
0.0387936
0.0423504
0.0461072
0.0500213
0.0261592
0.0286355
0.0313475
0.0343006
0.0374992
0.0409473
0.0446483
0.0486056
0.052818
0.0572661
0.0301201
0.0328658
0.0358559
0.0391002
0.0426085
0.0463914
0.0504592
0.054822
0.0594929
0.0644881
0.0340394
0.0370197
0.0402607
0.0437791
0.0475937
0.0517236
0.0561878
0.0610048
0.0661987
0.0718232
0.0378394
0.0410264
0.0444998
0.0482859
0.0524143
0.0569163
0.0618242
0.0671736
0.0730229
0.0794867
0.0415095
0.0448931
0.0486025
0.0526764
0.0571575
0.0620924
0.0675331
0.0735485
0.0802608
0.087814
0.0451016
0.0486918
0.0526649
0.0570738
0.0619767
0.0674389
0.0735398
0.0804029
0.0882047
0.0971033
0.0487113
0.0525361
0.0568177
0.0616235
0.0670308
0.0731324
0.0800549
0.0879908
0.0971603
0.107774
0.0524768
0.0565816
0.0612304
0.066509
0.0725247
0.0794164
0.0873873
0.0967002
0.107642
0.120523
0.0565793
0.0610031
0.0660696
0.0719013
0.0786545
0.0865413
0.0958636
0.106979
0.120285
0.136259
0.061203
0.0659512
0.0714755
0.0779541
0.085618
0.0947823
0.105877
0.119392
0.135891
0.156105
0.0664996
0.0716052
0.0776519
0.0848972
0.093683
0.104473
0.117876
0.134557
0.155334
0.181325
0.0725474
0.0781158
0.084802
0.0929708
0.103114
0.115912
0.132227
0.152986
0.179357
0.213073
0.0793196
0.0855368
0.0930661
0.102402
0.11423
0.129517
0.149412
0.175125
0.208512
0.252241
0.0867328
0.0939101
0.102664
0.11361
0.127529
0.145696
0.169833
0.201392
0.243445
0.299997
0.0946138
0.103174
0.113687
0.126784
0.143465
0.165328
0.194476
0.23362
0.286745
0.358933
0.102643
0.112809
0.125471
0.141311
0.161491
0.187926
0.223294
0.271461
0.337662
0.428821
0.110622
0.122306
0.137069
0.155946
0.180401
0.212547
0.255492
0.314141
0.395785
0.50994
0.118474
0.131476
0.148055
0.169533
0.197811
0.235701
0.28744
0.359351
0.460548
0.603552
0.126203
0.140307
0.158434
0.182205
0.214022
0.257509
0.318114
0.403926
0.526624
0.702412
0.13401
0.149046
0.168509
0.194303
0.229315
0.277924
0.346738
0.445707
0.589558
0.799182
0.142189
0.157999
0.178538
0.20594
0.243475
0.296152
0.371603
0.481606
0.644115
0.885233
0.15101
0.167438
0.188763
0.217239
0.256343
0.311499
0.391134
0.508521
0.684765
0.950898
0.160687
0.177613
0.199465
0.228485
0.268142
0.323974
0.404942
0.525391
0.708089
0.98848
0.17149
0.188896
0.211137
0.240371
0.279951
0.335298
0.415209
0.533778
0.713994
0.993656
0.183858
0.20178
0.224351
0.253612
0.292703
0.34658
0.423288
0.536076
0.70707
0.9732
0.198187
0.216753
0.239725
0.268972
0.30733
0.359231
0.43179
0.536718
0.693611
0.935697
0.214787
0.234233
0.257845
0.287305
0.325129
0.375174
0.443511
0.539952
0.680738
0.893392
0.233794
0.254482
0.279167
0.309378
0.347355
0.396438
0.46172
0.551141
0.677433
0.861791
0.255042
0.277374
0.303646
0.3353
0.374413
0.424014
0.488555
0.574595
0.691855
0.855558
0.278005
0.302292
0.330538
0.364156
0.405188
0.456621
0.522864
0.610279
0.727089
0.88014
0.301891
0.328278
0.358652
0.394409
0.437599
0.491299
0.560221
0.651157
0.768039
0.919193
0.325721
0.354078
0.386333
0.423785
0.468367
0.52303
0.592476
0.683829
0.801241
0.920926
0.348857
0.378836
0.412372
0.450451
0.494439
0.546203
0.60827
0.684113
0.778052
0.892911
0.371644
0.403015
0.437488
0.475702
0.518478
0.566829
0.621905
0.684876
0.757171
0.840563
0.395641
0.428608
0.464302
0.503094
0.545417
0.591775
0.642717
0.698726
0.760122
0.827272
0.423244
0.458574
0.496507
0.537276
0.581111
0.628277
0.679081
0.733804
0.792679
0.855992
0.457206
0.496177
0.537954
0.582768
0.630823
0.682351
0.73768
0.7971
0.860857
0.929349
0.500206
0.544554
0.592276
0.643712
0.699178
0.75902
0.823681
0.893583
0.969169
1.05106
0.553739
0.605344
0.661371
0.72236
0.788819
0.861349
0.940574
1.02735
1.1228
1.22803
0.617639
0.678306
0.745241
0.819072
0.900853
0.991598
1.09259
1.20514
1.33095
1.47182
0.689312
0.761504
0.84206
0.932565
1.0345
1.14958
1.27974
1.42706
1.59379
1.78117
0.763988
0.849114
0.945809
1.05597
1.18171
1.32538
1.48928
1.67575
1.88796
2.12666
0.833603
0.932481
1.04611
1.17676
1.32684
1.49932
1.69744
1.92016
2.1683
2.45198
0.89022
1.00184
1.13131
1.2811
1.45336
1.65041
1.86849
2.11837
2.39486
2.68418
0.928007
1.05028
1.19254
1.352
1.53484
1.74468
1.97573
2.22823
2.52145
2.86971
0.947516
1.07832
1.22921
1.39876
1.59132
1.81866
2.08995
2.41697
2.82024
3.31972
0.955156
1.09432
1.26239
1.4638
1.70242
1.99209
2.35121
2.80338
3.38176
4.11929
0.979108
1.13949
1.33887
1.58757
1.89663
2.28341
2.77411
3.40681
4.23062
5.25956
1.02953
1.22353
1.47114
1.78785
2.19256
2.71108
3.38173
4.25706
5.36762
6.57202
1.11246
1.35371
1.66806
2.07723
2.60828
3.29837
4.1991
5.36426
6.68744
7.82652
1.23445
1.54016
1.94442
2.47548
3.16915
4.076
5.25893
6.6905
8.00644
8.73578
1.40747
1.80112
2.32546
3.01595
3.91931
5.09828
6.59312
8.1078
9.02017
8.84419
1.65103
2.16294
2.84499
3.74162
4.91191
6.41644
8.111
9.27369
9.26564
8.32022
1.9942
2.66106
3.54687
4.70814
6.209
8.03422
9.54343
9.76338
8.84319
7.62354
2.46184
3.33183
4.48498
5.99124
7.88728
9.76788
10.3782
9.49343
8.15453
6.9486
3.08707
4.2281
5.74231
7.69618
9.93141
11.1411
10.3556
8.85484
7.46721
6.34598
3.93013
5.4492
7.47179
10.0021
12.0166
11.5851
9.85303
8.1978
6.85065
5.82649
5.07104
7.13971
9.90206
12.8634
13.2331
11.2793
9.2406
7.56908
6.28888
5.38539
6.57927
9.40043
13.1025
15.1528
13.2656
10.7106
8.58336
6.95285
5.77848
5.03246
8.60173
12.4812
16.7811
16.2262
12.9126
10.0873
7.93999
6.38079
5.34498
4.79012
11.3848
16.859
19.6356
16.004
12.2829
9.40168
7.2949
5.85193
4.99802
4.67292
14.8799
21.5061
20.8138
15.6579
11.6159
8.68846
6.65432
5.37436
4.75098
4.69701
19.8414
25.0114
20.0635
14.7351
10.7209
7.87788
6.00202
4.95539
4.62067
4.88198
25.2369
27.1348
19.6386
13.8592
9.7854
7.0415
5.37706
4.62425
4.63178
5.24936
31.0042
26.6459
18.3848
12.5803
8.66368
6.15418
4.79407
4.40321
4.8044
5.81569
33.7689
24.6321
16.681
11.1648
7.5175
5.30756
4.30302
4.31761
5.15058
6.58772
36.6671
23.5729
15.163
9.80575
6.43421
4.54795
3.92478
4.37132
5.66499
7.55954
32.2645
20.6095
13.1453
8.39273
5.42159
3.88868
3.65616
4.5459
6.32344
8.71506
28.2452
18.1375
11.5499
7.26783
4.59343
3.35333
3.47932
4.80258
7.08681
10.0452
26.2087
16.6368
10.464
6.42206
3.92289
2.91018
3.35197
5.08649
7.89861
11.5086
24.5982
15.5866
9.66934
5.74771
3.35112
2.51796
3.22951
5.34509
8.71278
13.0919
23.5933
14.8848
9.05445
5.16907
2.83275
2.14641
3.0786
5.53818
9.50243
14.8306
22.9446
14.3711
8.52683
4.62325
2.33506
1.78021
2.87948
5.63107
10.2348
16.7823
22.9129
14.0072
7.98841
4.04942
1.84218
1.4202
2.62102
5.57552
10.81
18.8736
23.1194
13.6431
7.38104
3.4354
1.36962
1.08051
2.29776
5.30471
11.0136
20.6743
23.3316
13.1303
6.62968
2.76921
0.937559
0.777751
1.91786
4.77118
10.5833
21.3836
23.1707
12.262
5.67785
2.07328
0.57673
0.527003
1.50769
3.99466
9.3814
20.2797
22.4997
11.0174
4.58568
1.42162
0.315138
0.335117
1.10684
3.07743
7.50758
16.9879
21.0495
9.40144
3.44588
0.882116
0.153754
0.19854
0.755892
2.18382
5.4132
12.4405
18.4093
7.43116
2.35287
0.487682
0.0692532
0.10792
0.477565
1.43932
3.56789
8.1459
14.4791
5.23453
1.40457
0.235001
0.0315524
0.0532565
0.274902
0.886682
2.18004
4.8113
9.44374
3.0625
0.69439
0.0991644
0.0175602
0.0252464
0.139624
0.509651
1.26372
2.61106
4.69217
1.44543
0.285883
0.0427368
0.0134202
0.0145985
0.0609023
0.264043
0.71325
1.30936
1.33152
0.526678
0.102822
0.0245034
0.0124242
0.012248
0.0265837
0.113781
0.411576
0.785171
0.00462508
0.00456635
0.00450523
0.00444237
0.0043784
0.00431473
0.00425418
0.00419706
0.00414116
0.00408492
0.00402743
0.00396823
0.0039085
0.00385262
0.00380943
0.00378519
0.00376033
0.00375962
0.00374564
0.0037545
0.00374884
0.0037402
0.00374056
0.000885999
0.00374542
0.00374435
0.00373887
0.000884751
0.0037416
0.000884631
0.000884762
0.000883148
0.000855124
0.000803167
0.000735524
0.000655497
0.000564271
0.00046146
0.000344263
0.000527278
0.00280522
0.0027629
0.0027183
0.00267176
0.00262372
0.00257513
0.00252627
0.00247744
0.0024288
0.00238046
0.0023326
0.00228561
0.00223996
0.00219619
0.00215465
0.00211454
0.00207229
0.00202575
0.00197782
0.00192025
0.00186737
0.0018109
0.00175207
0.00168132
0.00161545
0.00153979
0.00145284
0.00135358
0.00125039
0.00113417
0.00101039
0.00088297
0.000784001
0.000709303
0.000643702
0.00058375
0.000530797
0.000493283
0.000505675
0.000812052
0.00270442
0.00267223
0.00263831
0.00260361
0.00256855
0.00253355
0.00249895
0.00246503
0.00243202
0.00240009
0.00236935
0.00233982
0.00231138
0.00228363
0.00225584
0.00222685
0.00219508
0.00215907
0.00211815
0.00207143
0.00201889
0.00196099
0.00189886
0.00183044
0.00175418
0.00166918
0.00157491
0.00147168
0.00136031
0.00124337
0.00112455
0.0010094
0.000905178
0.000814502
0.000737535
0.000675022
0.000630651
0.000616955
0.00068152
0.00114785
0.00293919
0.00292868
0.0029183
0.0029087
0.00290037
0.00289375
0.00288917
0.00288684
0.00288691
0.00288932
0.00289385
0.00289995
0.00290669
0.00291268
0.00291606
0.00291458
0.00290581
0.00288742
0.00285758
0.00281526
0.00276042
0.00269417
0.0026189
0.00253444
0.00243631
0.00232176
0.002189
0.00203794
0.00187123
0.00169357
0.00151266
0.00133785
0.0011785
0.00104153
0.000930142
0.0008455
0.000791695
0.000784957
0.000881115
0.00146021
0.00340354
0.00343491
0.00347019
0.00351011
0.00355529
0.00360623
0.00366327
0.00372657
0.00379597
0.00387094
0.00395041
0.00403262
0.00411496
0.0041939
0.00426521
0.00432431
0.00436661
0.00438783
0.00438476
0.00435591
0.00430172
0.00422439
0.00412766
0.00401816
0.00388331
0.0037137
0.00350447
0.00325471
0.00296876
0.00265622
0.00233249
0.00201703
0.00173081
0.00149078
0.0013027
0.00116231
0.00106769
0.00104237
0.00113955
0.00175982
0.00414755
0.00425592
0.00437631
0.00450981
0.00465737
0.00481972
0.00499725
0.00518986
0.00539659
0.00561543
0.00584316
0.00607507
0.00630466
0.00652389
0.00672417
0.00689737
0.00703641
0.00713483
0.00718768
0.00719347
0.00715424
0.0070736
0.00695566
0.00681063
0.00662561
0.00637766
0.00605544
0.00565679
0.00518867
0.00466681
0.00411714
0.00357338
0.00307381
0.0026532
0.00231695
0.00204356
0.00179599
0.00163067
0.00159463
0.00212011
0.00529819
0.00554311
0.00581559
0.00611731
0.00644955
0.00681312
0.00720802
0.00763279
0.00808368
0.00855426
0.00903567
0.00951648
0.00998246
0.0104179
0.010809
0.0111466
0.0114255
0.01164
0.0117834
0.0118541
0.0118585
0.0118023
0.0116882
0.0115138
0.011298
0.0110055
0.0106255
0.0101609
0.00962653
0.0090441
0.00844585
0.00786979
0.00733279
0.00684336
0.0062836
0.00553528
0.00464443
0.00366754
0.0028269
0.00275325
0.00705451
0.0075285
0.0080551
0.00863559
0.00927017
0.00995793
0.0106965
0.0114802
0.0122977
0.0131319
0.0139625
0.0147667
0.0155192
0.0161951
0.0167826
0.0172858
0.0177144
0.0180699
0.0183372
0.0185088
0.018606
0.0186492
0.0186406
0.0185837
0.0185322
0.0185253
0.0185769
0.0187384
0.019087
0.0196776
0.0204971
0.0214501
0.0222546
0.0224554
0.0215058
0.0191983
0.0157284
0.0113872
0.00710059
0.004143
0.00967246
0.0104978
0.011406
0.0123941
0.0134566
0.0145864
0.0157757
0.0170132
0.0182752
0.0195262
0.0207286
0.021846
0.0228446
0.0236983
0.0244111
0.02503
0.0255988
0.0261279
0.0265832
0.026943
0.0272699
0.0276655
0.0281563
0.0287749
0.0296221
0.0310306
0.0331376
0.0361506
0.0402771
0.0455049
0.0514218
0.0572038
0.0617335
0.0638025
0.062482
0.0572837
0.0481045
0.0355258
0.0211742
0.00674117
0.0133992
0.0146992
0.0161037
0.0175991
0.0191683
0.020792
0.0224561
0.0241494
0.0258435
0.027486
0.0290182
0.0303868
0.031545
0.0324911
0.0332614
0.0339487
0.0346595
0.0354406
0.0362435
0.0370657
0.0380579
0.0394093
0.041297
0.0438784
0.0474324
0.0523431
0.0593913
0.0688435
0.0805199
0.0936054
0.106576
0.11773
0.125606
0.129077
0.127453
0.120294
0.107175
0.0874145
0.0605124
0.0423142
0.0183554
0.0202088
0.0221644
0.0241952
0.0262727
0.0283652
0.0304515
0.0325245
0.0345739
0.0365557
0.0383967
0.0400112
0.0413225
0.0423048
0.043085
0.0438232
0.0446661
0.0457464
0.0471332
0.0489054
0.0512915
0.0546202
0.0592075
0.0654413
0.0737939
0.0846918
0.09834
0.115064
0.133879
0.152727
0.169291
0.181918
0.18981
0.192695
0.190678
0.1841
0.17287
0.155288
0.127301
0.0914896
0.0244413
0.0268575
0.0293511
0.0318851
0.0344292
0.0369554
0.0394366
0.0418593
0.0442109
0.0464606
0.0485561
0.0504076
0.0519075
0.0530157
0.053889
0.0546921
0.0556169
0.0570297
0.0593653
0.0627437
0.0672424
0.0731988
0.0810289
0.0912663
0.104433
0.120768
0.140015
0.161331
0.183732
0.204547
0.221156
0.23208
0.237313
0.237696
0.234509
0.229011
0.221978
0.213315
0.200969
0.178547
0.0313637
0.0343051
0.0372976
0.040305
0.0433015
0.0462606
0.0491529
0.0519473
0.0546174
0.0571262
0.0594614
0.0615977
0.0634587
0.0649715
0.0661584
0.0671876
0.0684479
0.0704504
0.0737292
0.0786023
0.085125
0.0933865
0.103727
0.116833
0.133326
0.153344
0.176424
0.201456
0.226808
0.249183
0.265007
0.272817
0.273826
0.270052
0.263648
0.256615
0.250827
0.248906
0.25581
0.27986
0.0387762
0.0422107
0.0456826
0.0491757
0.0526629
0.0561162
0.0595063
0.0627965
0.0659625
0.0689865
0.0718394
0.0744871
0.0768491
0.0788574
0.0805912
0.0822679
0.0842327
0.0869463
0.0910308
0.0969907
0.105089
0.11532
0.127956
0.143869
0.163539
0.186899
0.213574
0.242839
0.27254
0.297347
0.310845
0.312814
0.307276
0.29755
0.28621
0.275478
0.267839
0.267896
0.288866
0.38367
0.0464194
0.0503665
0.0543723
0.0584301
0.0625219
0.0666264
0.0707261
0.0747967
0.0788058
0.0827125
0.08646
0.0900049
0.093285
0.0962481
0.0988879
0.101381
0.104137
0.107671
0.112632
0.119782
0.129738
0.142923
0.159841
0.180576
0.204913
0.232602
0.263528
0.297501
0.332462
0.357945
0.362011
0.353071
0.338539
0.321708
0.304813
0.289836
0.279414
0.279244
0.30893
0.476801
0.054214
0.0587639
0.0634252
0.0682059
0.0731079
0.0781318
0.0832777
0.0885153
0.0937814
0.0990269
0.104186
0.109204
0.114009
0.118487
0.122569
0.126466
0.130594
0.135527
0.142023
0.151006
0.163468
0.181125
0.205452
0.233625
0.264539
0.298758
0.336321
0.377083
0.41488
0.426537
0.411352
0.389407
0.365756
0.342089
0.319938
0.300971
0.28782
0.286757
0.321292
0.549983
0.0621007
0.0673997
0.0729096
0.0786816
0.0847385
0.091079
0.0976861
0.104542
0.111589
0.118759
0.125974
0.133148
0.140175
0.146919
0.153319
0.159534
0.166003
0.173445
0.18281
0.195257
0.212168
0.235504
0.267003
0.303901
0.342243
0.383328
0.428101
0.469962
0.487072
0.47379
0.447403
0.417596
0.387306
0.358221
0.331776
0.30954
0.294091
0.291897
0.32847
0.601031
0.070057
0.0763154
0.0829529
0.0900564
0.0976681
0.105793
0.114419
0.123512
0.13301
0.142825
0.15285
0.16297
0.173062
0.183002
0.19271
0.202265
0.212165
0.223404
0.237127
0.254607
0.277247
0.306421
0.342896
0.385939
0.430064
0.474415
0.513189
0.527627
0.520477
0.498932
0.468887
0.435222
0.401172
0.36885
0.33984
0.315703
0.298942
0.296054
0.333676
0.633387
0.0782453
0.085702
0.0937997
0.10264
0.112293
0.122789
0.134119
0.146228
0.159016
0.172335
0.186011
0.199864
0.21375
0.227593
0.241317
0.254884
0.268863
0.284628
0.303423
0.326399
0.354729
0.389484
0.431426
0.47947
0.526381
0.560114
0.570084
0.561746
0.542348
0.51425
0.480273
0.443934
0.408035
0.37456
0.344962
0.32063
0.303878
0.301105
0.339547
0.654601
0.0870139
0.0959372
0.105851
0.116903
0.129205
0.142817
0.15773
0.173847
0.190974
0.208826
0.22706
0.245334
0.263378
0.281061
0.298262
0.315398
0.333652
0.353838
0.377066
0.404365
0.436667
0.474745
0.518801
0.565176
0.59802
0.607545
0.600772
0.582434
0.555186
0.52147
0.484309
0.446584
0.410562
0.377845
0.349561
0.326777
0.311477
0.309752
0.348896
0.673179
0.09672
0.107447
0.119646
0.133537
0.149299
0.167028
0.186698
0.208117
0.230905
0.254514
0.278288
0.301583
0.323906
0.345043
0.364982
0.385198
0.407514
0.431719
0.458462
0.488667
0.522965
0.561391
0.601097
0.631615
0.643473
0.63926
0.622736
0.596054
0.562126
0.524077
0.484863
0.446965
0.41222
0.381839
0.356576
0.337106
0.324968
0.325669
0.365458
0.696109
0.107739
0.120798
0.135981
0.153626
0.174007
0.197263
0.223316
0.251788
0.281977
0.312885
0.34337
0.372354
0.399098
0.423468
0.446064
0.46936
0.495433
0.52334
0.552891
0.58478
0.619368
0.654226
0.681981
0.694842
0.690902
0.673611
0.645581
0.609685
0.569163
0.527138
0.486344
0.448922
0.41635
0.389508
0.368836
0.354659
0.348035
0.353632
0.395793
0.729708
0.120684
0.136876
0.156101
0.178866
0.205583
0.236437
0.27123
0.309267
0.349309
0.389678
0.428542
0.464308
0.49604
0.523872
0.549223
0.575209
0.604022
0.634947
0.666447
0.698484
0.730228
0.755109
0.766516
0.762356
0.743635
0.71281
0.673037
0.627812
0.580634
0.534646
0.492402
0.455772
0.425979
0.403726
0.389341
0.383004
0.385342
0.39984
0.448291
0.784319
0.136521
0.157025
0.181867
0.211811
0.247456
0.289014
0.336066
0.387383
0.440887
0.493884
0.543598
0.587814
0.625466
0.6571
0.685035
0.712905
0.743307
0.775941
0.808605
0.839151
0.862094
0.870898
0.864739
0.842964
0.807614
0.761811
0.709333
0.654137
0.599921
0.549784
0.506074
0.470426
0.443932
0.427347
0.421265
0.426213
0.442847
0.473464
0.53557
0.881229
0.156533
0.183088
0.215904
0.256125
0.304603
0.361539
0.426108
0.496216
0.568507
0.638847
0.703179
0.758482
0.80362
0.839768
0.870194
0.899247
0.930327
0.963789
0.996575
1.02058
1.02735
1.01599
0.987939
0.944332
0.888599
0.824951
0.757777
0.691328
0.629333
0.5747
0.52948
0.495077
0.472562
0.463007
0.467815
0.488864
0.528443
0.589035
0.681252
1.05879
0.182332
0.21744
0.261658
0.316682
0.383707
0.462844
0.552575
0.649416
0.748131
0.842538
0.926847
0.996963
1.05176
1.0934
1.12652
1.15659
1.18775
1.22026
1.24779
1.2556
1.23699
1.19854
1.14123
1.06931
0.988119
0.902921
0.818486
0.739158
0.668509
0.609103
0.562585
0.530189
0.513032
0.512707
0.53202
0.575548
0.65139
0.769112
0.925741
1.38606
0.215801
0.26294
0.323359
0.399536
0.493099
0.603947
0.729477
0.864236
1.00034
1.12881
1.24137
1.33245
1.40093
1.45033
1.4871
1.51794
1.5471
1.57364
1.58353
1.55777
1.50075
1.42262
1.32563
1.21686
1.10376
0.992322
0.887422
0.793351
0.713172
0.648984
0.602151
0.573098
0.563153
0.575264
0.614762
0.690153
0.818275
1.04351
1.33831
1.96627
0.258802
0.322586
0.405589
0.511329
0.64197
0.797092
0.972691
1.16085
1.35034
1.52835
1.68301
1.80635
1.89665
1.95848
2.00012
2.02969
2.0509
2.05671
2.02296
1.93851
1.82422
1.68727
1.53561
1.37932
1.22686
1.084
0.955589
0.84538
0.755622
0.687654
0.640953
0.615759
0.614169
0.641469
0.708067
0.83137
1.04125
1.43796
2.00494
2.86168
0.312936
0.399132
0.512693
0.658491
0.839382
1.05467
1.29893
1.56168
1.82792
2.07998
2.30066
2.47733
2.60544
2.68886
2.73642
2.75685
2.75064
2.69494
2.56962
2.39445
2.19401
1.97542
1.75225
1.53724
1.33873
1.16203
1.01043
0.885231
0.787707
0.71669
0.670372
0.64874
0.654902
0.697392
0.79529
0.987666
1.33098
1.77603
2.93259
3.92817
0.379985
0.495164
0.648564
0.846985
1.09418
1.38948
1.72658
2.09301
2.47038
2.83546
3.16309
3.43153
3.62809
3.75148
3.807
3.79351
3.69147
3.49071
3.21687
2.90892
2.58332
2.25645
1.94621
1.66497
1.41905
1.2112
1.04085
0.905685
0.803705
0.731722
0.686692
0.668465
0.681301
0.737161
0.863398
1.11863
1.54071
1.90663
3.51782
4.77604
0.462448
0.613566
0.817842
1.08466
1.41848
1.81962
2.28221
2.79359
3.33424
3.87547
4.37934
4.80808
5.13076
5.33218
5.39851
5.27721
4.94655
4.48427
3.97615
3.46488
2.96596
2.50405
2.09551
1.74688
1.45841
1.22652
1.0448
0.906427
0.804839
0.734558
0.692247
0.677766
0.696447
0.762728
0.908156
1.19257
1.52404
1.94221
3.21036
4.4661
0.561148
0.758054
1.02672
1.3806
1.82878
2.37512
3.01711
3.74418
4.53565
5.35849
6.16797
6.90393
7.49137
7.85931
7.90613
7.45803
6.62836
5.71761
4.83823
4.02598
3.30577
2.69141
2.18409
1.77614
1.45635
1.21158
1.02788
0.892705
0.795836
0.730102
0.69183
0.681531
0.70576
0.781197
0.94271
1.22794
1.45053
1.84297
2.67581
3.74931
0.678529
0.932584
1.28341
1.75166
2.35506
3.10737
4.01703
5.08415
6.29515
7.61819
9.00228
10.367
11.5143
12.101
11.6866
10.455
8.67767
7.05007
5.6556
4.48693
3.53736
2.78364
2.19766
1.75115
1.41792
1.17406
0.997879
0.871424
0.782108
0.722483
0.689272
0.683806
0.714242
0.800571
0.982602
1.22372
1.35966
1.76319
2.07937
3.1422
0.816384
1.14039
1.59469
2.21316
3.02915
4.07808
5.39599
7.01535
8.95713
11.2196
13.7439
16.3287
18.0717
17.7445
17.3438
13.8404
10.6067
8.10708
6.18345
4.71166
3.59494
2.75573
2.13301
1.67837
1.35265
1.12332
0.962688
0.848723
0.768279
0.715006
0.686433
0.684393
0.71763
0.806427
0.982606
1.14304
1.26435
1.548
1.5344
2.65305
0.967189
1.3763
1.95928
2.76853
3.86609
5.32875
7.25271
9.74914
12.9451
16.9418
21.5862
24.0024
23.3123
25.043
22.4664
16.0422
11.5947
8.48334
6.25708
4.64159
3.46625
2.61493
2.00442
1.57269
1.27273
1.06843
0.929029
0.82881
0.756913
0.709486
0.684364
0.682954
0.712604
0.78917
0.928166
1.04767
1.16642
1.28232
1.23693
2.33938
1.11992
1.62496
2.3598
3.40467
4.86314
6.87529
9.63781
13.4319
18.6367
25.4587
28.6159
26.9303
28.2015
29.8887
23.0902
16.1438
11.4448
8.21179
5.94409
4.33713
3.19797
2.39541
1.83538
1.44904
1.18666
1.0129
0.897827
0.813224
0.749529
0.707428
0.684703
0.681701
0.703508
0.761078
0.864884
0.986728
1.06118
1.0608
1.07528
2.12614
1.26064
1.86448
2.76362
4.07448
5.95554
8.63445
12.4565
17.9652
25.9727
31.1176
29.1619
29.3001
32.5572
29.655
21.1923
14.9468
10.5846
7.53066
5.38876
3.89109
2.85241
2.13921
1.65332
1.32441
1.1042
0.959845
0.867074
0.801649
0.748739
0.71183
0.690692
0.685037
0.697385
0.733509
0.802151
0.904402
0.927856
0.905214
0.988058
1.96818
1.37267
2.06677
3.12596
4.70831
7.03285
10.4169
15.3421
22.5572
30.7602
31.1781
29.7156
32.0382
33.9101
26.9353
19.0845
13.4495
9.46014
6.65991
4.71608
3.3848
2.48596
1.88492
1.48351
1.21515
1.03688
0.920287
0.845376
0.795591
0.756302
0.726034
0.707176
0.699728
0.704154
0.721844
0.753918
0.794389
0.824085
0.853667
0.979904
1.87902
1.44106
2.20511
3.40431
5.2452
8.01493
12.1199
18.1365
26.8255
33.4981
31.4734
31.5669
35.5004
33.6932
24.4077
17.0911
11.8808
8.22559
5.70754
4.00629
2.87833
2.14092
1.65972
1.34229
1.13138
0.992004
0.901089
0.842441
0.803586
0.775587
0.754298
0.73991
0.733316
0.734556
0.743507
0.759526
0.781989
0.815439
0.876735
1.04437
1.95921
1.45473
2.25421
3.5469
5.58975
8.73792
13.4777
20.458
30.4347
36.1724
33.0472
35.1323
39.1974
31.7531
21.8355
14.9257
10.1479
6.89353
4.72655
3.3167
2.41542
1.84357
1.47731
1.23689
1.07782
0.973452
0.905916
0.863028
0.834784
0.814916
0.801093
0.792094
0.788001
0.789249
0.796082
0.808775
0.82937
0.865697
0.93971
1.13893
2.18274
1.41652
2.20333
3.51542
5.65891
9.06583
14.326
22.2031
33.5175
39.1108
35.9691
40.5114
39.8138
27.9434
18.8545
12.5763
8.3434
5.57168
3.80935
2.7116
2.03229
1.61093
1.34456
1.17072
1.05671
0.982775
0.935657
0.906298
0.887898
0.875859
0.868063
0.863739
0.862514
0.864756
0.871678
0.884393
0.90647
0.946987
1.03132
1.26093
2.49362
1.33838
2.06156
3.29799
5.38781
8.84201
14.4043
23.1354
36.3931
42.9938
40.0068
47.2762
39.0993
25.193
16.1283
10.2973
6.6311
4.38493
3.03705
2.23272
1.74776
1.45066
1.26466
1.14559
1.06905
1.0206
0.990674
0.972673
0.962075
0.95592
0.952616
0.951648
0.952697
0.956383
0.964128
0.977722
1.00222
1.04817
1.14449
1.40769
2.84732
1.2414
1.86112
2.92532
4.7512
7.82686
12.8684
20.9332
33.6521
42.8907
41.9686
47.2659
31.8084
20.1084
12.5167
7.80971
5.00416
3.37149
2.42898
1.88052
1.55422
1.3563
1.23505
1.16016
1.11434
1.08719
1.0718
1.06345
1.05902
1.0566
1.0553
1.05506
1.05634
1.06054
1.06912
1.08439
1.11202
1.16442
1.27476
1.57616
3.23343
1.15432
1.66274
2.52213
3.98934
6.46287
10.5031
16.8151
26.0979
36.465
37.349
40.4347
25.2197
15.1861
9.10418
5.61978
3.68026
2.60348
1.99473
1.64451
1.44014
1.32017
1.2507
1.21185
1.1916
1.18234
1.17905
1.17845
1.17849
1.17816
1.17726
1.17628
1.1763
1.17917
1.18715
1.20357
1.23471
1.29446
1.42071
1.76541
3.66315
1.10415
1.52136
2.20927
3.36343
5.29184
8.44851
13.4576
21.1169
28.2298
31.5686
29.7689
18.1414
10.6392
6.34279
4.01234
2.76714
2.09376
1.72105
1.51228
1.39701
1.3366
1.30872
1.29963
1.30062
1.30603
1.3123
1.3173
1.31998
1.32011
1.3182
1.31536
1.31323
1.31399
1.32057
1.33723
1.37149
1.4391
1.58299
1.97649
4.15491
1.09808
1.45466
2.03047
2.97884
4.54227
7.0813
11.0741
16.721
21.4549
25.9265
19.9815
11.7912
6.95613
4.31698
2.92309
2.18574
1.79019
1.57804
1.46874
1.41933
1.40505
1.4105
1.42553
1.4434
1.45986
1.47253
1.48041
1.48344
1.48225
1.478
1.47235
1.46736
1.4656
1.47047
1.48701
1.52405
1.59994
1.7637
2.21265
4.72745
1.12198
1.44018
1.94974
2.77869
4.10547
6.1333
8.8677
12.0738
15.8462
15.8164
10.2902
6.51214
4.22993
2.93696
2.22707
1.84296
1.64066
1.54302
1.50732
1.50844
1.53039
1.56217
1.59568
1.62528
1.64783
1.66235
1.6692
1.66954
1.66488
1.65694
1.64767
1.63934
1.63475
1.63768
1.65384
1.6934
1.77785
1.96415
2.48012
5.38654
1.10993
1.4082
1.85263
2.47985
3.28922
4.33494
5.73543
7.40299
7.93139
6.53116
4.82733
3.52955
2.67229
2.14946
1.85015
1.69299
1.62463
1.61204
1.6338
1.67523
1.72567
1.777
1.82238
1.8563
1.8769
1.88569
1.88544
1.87883
1.86807
1.85504
1.84155
1.82974
1.82239
1.82344
1.83917
1.881
1.97356
2.18271
2.76982
6.11225
1.02265
1.20751
1.4723
1.81733
2.25247
2.77231
3.24435
3.49889
3.41093
3.04572
2.60868
2.23944
1.97821
1.81882
1.74151
1.72522
1.75131
1.80508
1.87456
1.9496
2.02176
2.08471
2.13154
2.15511
2.15777
2.14713
2.12984
2.11014
2.09007
2.07066
2.05283
2.03801
2.02855
2.02835
2.04413
2.08853
2.18918
2.42098
3.0815
6.85813
0.940494
1.06425
1.21395
1.39184
1.58243
1.76811
1.9192
2.00275
2.00817
1.95643
1.8862
1.83056
1.80686
1.82053
1.87052
1.95036
2.05194
2.16555
2.28113
2.38836
2.47784
2.54609
2.57813
2.55547
2.50315
2.4469
2.39735
2.35692
2.32447
2.29823
2.27698
2.26066
2.25072
2.25073
2.26761
2.31508
2.42362
2.67732
3.41296
7.67457
0.904495
0.994637
1.09368
1.20022
1.30906
1.41494
1.51241
1.59609
1.6658
1.72767
1.79168
1.8674
1.96235
2.08152
2.22541
2.39133
2.57454
2.76052
2.93036
3.05296
3.13486
3.21784
3.25019
3.09156
2.90378
2.76474
2.66761
2.60139
2.5564
2.52543
2.50384
2.48939
2.48228
2.48544
2.50589
2.55837
2.67632
2.95324
3.76673
8.54558
0.927526
1.00881
1.09555
1.18761
1.28456
1.38618
1.49275
1.60557
1.72566
1.85671
2.00245
2.1654
2.35103
2.56675
2.8145
3.09575
3.39768
3.63356
3.75149
3.89784
3.97062
3.93586
3.79636
3.5163
3.22451
3.02227
2.89115
2.80963
2.7608
2.73269
2.71758
2.71127
2.71267
2.72407
2.75251
2.81367
2.94377
3.24489
4.13267
9.39853
1.00703
1.09604
1.19226
1.29642
1.40953
1.53297
1.66879
1.81988
1.98911
2.18035
2.39705
2.64257
2.92777
3.26145
3.63016
4.07969
4.4094
4.77977
4.92996
4.76938
4.44118
4.10537
3.80727
3.51831
3.28649
3.1197
3.00979
2.94443
2.91114
2.89936
2.90126
2.91191
2.92949
2.95579
2.99785
3.07211
3.21717
3.54301
4.50226
10.25
1.14494
1.25447
1.37563
1.50985
1.65833
1.8221
2.00234
2.2005
2.41782
2.65801
2.9271
3.23447
3.60061
4.05743
4.60664
5.21042
5.58201
5.39272
4.93641
4.49442
4.12115
3.81732
3.57034
3.36859
3.21258
3.1025
3.03519
3.00423
3.0012
3.01761
3.04633
3.08236
3.12347
3.17114
3.23234
3.3241
3.48721
3.8394
4.86972
11.0903
1.35092
1.49705
1.66154
1.84656
2.05436
2.28606
2.54149
2.81677
3.10196
3.3937
3.67356
3.93052
4.17309
4.39809
4.63467
4.71454
4.61018
4.40686
4.15951
3.90966
3.68007
3.48147
3.31685
3.18635
3.09131
3.03291
3.00986
3.01771
3.04989
3.09922
3.15916
3.22473
3.29346
3.3665
3.45073
3.5636
3.74779
4.12823
5.22746
11.8852
1.63835
1.83949
2.06826
2.32839
2.62727
2.97181
3.37303
3.80826
4.21564
4.50928
4.64222
4.67263
4.62279
4.49002
4.33194
4.17141
4.00514
3.83272
3.66047
3.49677
3.34816
3.21949
3.11455
3.03653
2.98823
2.97132
2.98505
3.02607
3.08909
3.16792
3.25651
3.34998
3.44565
3.54438
3.65292
3.78909
3.99715
4.40824
5.57408
12.6205
2.00247
2.27164
2.58011
2.93735
3.34482
3.78376
4.17556
4.49785
4.79683
5.01453
5.04193
4.90147
4.66929
4.4006
4.13885
3.90921
3.71151
3.53967
3.38998
3.26071
3.15133
3.0625
2.99596
2.95401
2.93882
2.95157
2.9917
3.05665
3.14214
3.24286
3.35341
3.46916
3.58746
3.70905
3.84091
4.00196
4.23871
4.69116
5.95095
13.5069
2.40875
2.76009
3.17735
3.63344
4.05191
4.3089
4.45999
4.59468
4.70454
4.75225
4.70526
4.56422
4.37145
4.16274
3.9535
3.75353
3.57099
3.41073
3.27443
3.16189
3.07246
3.00588
2.96256
2.94349
2.94969
2.98161
3.03861
3.11853
3.21788
3.33222
3.45688
3.58775
3.72269
3.86192
4.01157
4.19031
4.44809
4.93469
6.28705
14.4511
2.79222
3.17714
3.53661
3.88458
4.22624
4.51611
4.72685
4.82512
4.7907
4.67898
4.53857
4.38382
4.21739
4.0436
3.86812
3.69663
3.53591
3.39221
3.26947
3.16945
3.0926
3.03897
3.00867
3.00202
3.01938
3.06076
3.12542
3.21159
3.31638
3.43618
3.56716
3.70497
3.84611
3.99143
4.1482
4.33658
4.60881
5.12307
6.55596
15.2555
3.00422
3.38828
3.81799
4.2805
4.73244
5.08677
5.25356
5.18388
4.97626
4.74561
4.53053
4.33895
4.16579
4.00363
3.84921
3.70307
3.56802
3.44747
3.34413
3.25969
3.19505
3.15068
3.12702
3.12458
3.14388
3.18517
3.24815
3.33158
3.43333
3.55032
3.67733
3.81062
3.94824
4.09146
4.24798
4.43902
4.7192
5.25391
6.7518
15.8843
3.31011
3.86254
4.49746
5.16201
5.73082
5.92256
5.70709
5.35577
5.02499
4.7396
4.50006
4.30332
4.1403
4.00086
3.87763
3.7665
3.66596
3.57607
3.49757
3.4314
3.37841
3.33953
3.31587
3.30884
3.31997
3.35064
3.40165
3.47285
3.56173
3.66404
3.7768
3.89702
4.02304
4.15636
4.30513
4.49159
4.7726
5.31886
6.86117
16.292
3.97463
4.8126
5.7341
6.48309
6.60635
6.18258
5.67289
5.24873
4.91023
4.6413
4.43309
4.27553
4.15665
4.06472
3.98996
3.92519
3.86589
3.80974
3.75599
3.70499
3.65774
3.61575
3.58116
3.55686
3.54636
3.55321
3.58023
3.62588
3.68823
3.76584
3.85607
3.95587
4.06328
4.17963
4.31335
4.48778
4.76187
5.30957
6.87185
16.4338
5.08809
6.19407
7.04375
7.18925
6.6218
5.95835
5.43036
5.03406
4.74139
4.53381
4.39585
4.31222
4.26756
4.24709
4.23784
4.2296
4.21547
4.19146
4.15607
4.10983
4.05486
3.9941
3.931
3.87054
3.81987
3.78637
3.77057
3.77415
3.79852
3.84301
3.90465
3.97911
4.06288
4.15631
4.26821
4.42339
4.68294
5.22197
6.77718
16.2663
6.43997
7.38841
7.62841
7.0678
6.27523
5.62627
5.15167
4.82043
4.6083
4.4945
4.45856
4.47971
4.53714
4.61073
4.68244
4.73805
4.76808
4.76733
4.7345
4.67164
4.58475
4.48072
4.36367
4.23997
4.12361
4.02195
3.94365
3.89296
3.87176
3.87935
3.91134
3.96007
4.01841
4.08473
4.16889
4.29916
4.53902
5.06148
6.58216
15.7706
7.63572
8.05764
7.53848
6.63062
5.85368
5.28503
4.8997
4.67117
4.57653
4.59213
4.69262
4.85092
5.03885
5.22824
5.39295
5.51352
5.5786
5.58207
5.52649
5.41668
5.26542
5.09392
4.89812
4.66474
4.42579
4.22463
4.07071
3.95972
3.89087
3.86305
3.87029
3.89941
3.93306
3.96671
4.01904
4.1246
4.34646
4.84988
6.31336
14.9944
8.44233
7.99169
6.99893
6.1044
5.43756
4.98763
4.7306
4.6449
4.70771
4.89268
5.1691
5.50187
5.85245
6.18064
6.44798
6.63538
6.73866
6.72962
6.6034
6.37584
6.07174
5.77206
5.45589
5.04257
4.64482
4.34858
4.13356
3.97564
3.87032
3.81424
3.79945
3.80775
3.80917
3.80695
3.83582
3.92854
4.14064
4.62644
6.01885
14.0874
8.42446
7.37922
6.3802
5.61396
5.08815
4.78722
4.69493
4.79279
5.05742
5.45896
5.96003
6.51546
7.07421
7.58359
7.98519
8.24469
8.38953
8.28445
7.85779
7.266
6.59846
5.9472
5.41132
4.99771
4.62914
4.34489
4.13204
3.97286
3.86073
3.78888
3.74644
3.70862
3.66555
3.6445
3.66732
3.75654
3.96219
4.42817
5.74348
13.2372
7.81433
6.70775
5.83128
5.21282
4.84645
4.72435
4.83531
5.16234
5.68072
6.35656
7.14575
7.99508
8.84484
9.61427
10.1891
10.2587
9.72418
8.85145
7.84376
6.90517
6.15599
5.58673
5.16001
4.82246
4.56643
4.36688
4.19024
4.04453
3.93179
3.8432
3.7578
3.65692
3.57363
3.53548
3.54986
3.63149
3.82478
4.26469
5.50457
12.5592
7.12288
6.11325
5.37933
4.92163
4.74024
4.83295
5.19181
5.801
6.63499
7.65748
8.82179
10.0713
11.3346
12.1453
11.841
10.6883
9.22651
7.97032
7.0468
6.36816
5.84216
5.418
5.06856
4.79157
4.57716
4.39947
4.23812
4.10144
3.98728
3.8828
3.76071
3.62285
3.51704
3.46381
3.46536
3.53332
3.70906
4.12012
5.29235
12.0365
6.48358
5.60711
5.03012
4.75759
4.79518
5.14497
5.80278
6.75553
7.97948
9.44038
11.0904
12.8126
13.7166
12.853
11.1781
9.50486
8.17593
7.24427
6.55655
6.02234
5.61169
5.28748
5.01922
4.78963
4.58937
4.40781
4.23805
4.08256
3.94183
3.81323
3.68312
3.54897
3.44341
3.38373
3.3749
3.43033
3.58995
3.97453
5.08571
11.5571
5.92297
5.19545
4.79849
4.74233
5.037
5.68994
6.70337
8.07029
9.77284
11.7782
13.9182
14.9169
13.6843
11.6334
9.76089
8.4008
7.45597
6.75878
6.24657
5.86658
5.57015
5.31925
5.08958
4.86984
4.65616
4.44734
4.24598
4.05749
3.88501
3.72891
3.5852
3.45369
3.34965
3.28567
3.26917
3.31457
3.46004
3.81924
4.8666
11.0078
5.45099
4.89308
4.70414
4.89739
5.48812
6.49242
7.9238
9.78602
12.0638
14.5572
15.7133
14.2926
12.0026
10.0118
8.63018
7.67073
6.98935
6.51793
6.18887
5.9452
5.73524
5.51866
5.27919
5.02229
4.75917
4.49929
4.2524
4.0264
3.82484
3.64742
3.49137
3.35726
3.25226
3.18399
3.16017
3.19545
3.32583
3.65671
4.62728
10.3108
5.07934
4.71657
4.7647
5.23956
6.16487
7.57058
9.48928
11.934
14.716
16.0977
14.6295
12.2332
10.2001
8.81281
7.85035
7.19921
6.78193
6.52899
6.37792
6.2723
6.14334
5.91938
5.5926
5.22524
4.86538
4.53124
4.23447
3.97679
3.75587
3.56754
3.40702
3.27166
3.16377
3.09005
3.05837
3.08288
3.19736
3.49973
4.39732
9.53752
4.81619
4.67894
4.99262
5.77921
7.07688
8.93583
11.4156
14.405
16.1487
14.8065
12.3699
10.2924
8.88875
7.93325
7.31966
6.96125
6.79038
6.75579
6.80944
6.88911
6.86103
6.54394
5.99346
5.42725
4.93548
4.52542
4.19029
3.91491
3.68753
3.49741
3.33527
3.19756
3.08665
3.00794
2.96864
2.98225
3.0801
3.35175
4.16508
8.72543
4.67633
4.79338
5.39628
6.5203
8.22731
10.5891
13.6277
15.8565
14.8983
12.4972
10.33
8.86731
7.90828
7.32413
7.01899
6.92453
6.99446
7.19651
7.48145
7.55658
7.2391
6.69412
6.08182
5.45203
4.90282
4.4663
4.12084
3.84278
3.61537
3.42588
3.26422
3.12684
3.01525
2.93317
2.88723
2.89006
2.97009
3.20711
3.9239
7.8946
4.67794
5.07155
5.97869
7.45862
9.61146
12.4964
15.2713
15.1891
12.8069
10.4357
8.83615
7.82625
7.24136
6.96963
6.93443
7.08567
7.3951
7.76748
7.8159
7.44864
6.88582
6.31149
5.76946
5.23038
4.74483
4.34544
4.01992
3.75295
3.53118
3.34511
3.18683
3.05226
2.9414
2.85712
2.80531
2.79728
2.85814
3.05687
3.67055
7.08618
4.83527
5.52158
6.73598
8.57627
11.2072
14.3758
15.4524
13.3044
10.6727
8.84805
7.72519
7.09764
6.8317
6.83613
7.04808
7.42624
7.8457
7.92908
7.60858
7.08359
6.49771
5.94833
5.44043
4.96722
4.55114
4.19625
3.898
3.6474
3.43534
3.25481
3.10015
2.9679
2.8575
2.77095
2.71296
2.69316
2.73323
2.89121
3.40292
6.33789
5.16332
6.15124
7.6586
9.83027
12.8394
15.0406
13.7392
11.0839
8.95318
7.63807
6.9098
6.60855
6.62787
6.89412
7.34977
7.92517
8.23502
7.98236
7.41835
6.76568
6.16105
5.63943
5.16472
4.73625
4.36253
4.0405
3.76512
3.52938
3.32649
3.15106
2.99901
2.86783
2.75684
2.66722
2.60234
2.56975
2.58769
2.70599
3.13154
5.6714
5.68033
6.97232
8.73649
11.1432
13.7506
13.9832
11.6498
9.20892
7.60616
6.70388
6.30547
6.2885
6.57615
7.11565
7.85856
8.51373
8.48757
7.93318
7.15647
6.44438
5.86743
5.38467
4.93153
4.53019
4.18196
3.88128
3.62174
3.39653
3.19999
3.02789
2.87721
2.74612
2.63393
2.54109
2.46959
2.42473
2.42139
2.50496
2.86401
5.09178
6.40566
8.00266
9.96709
12.3874
13.5102
11.9413
9.55562
7.66129
6.52694
5.96223
5.83279
6.05902
6.59676
7.4176
8.45975
9.09264
8.71423
7.81979
6.88648
6.1619
5.61802
5.1584
4.72212
4.33243
3.99815
3.71065
3.46132
3.24297
3.05052
2.88053
2.7307
2.59961
2.48663
2.39177
2.31596
2.26213
2.24151
2.29812
2.61148
4.5872
7.35742
9.26876
11.2848
12.8605
12.0696
10.0137
7.96826
6.4919
5.67572
5.35023
5.41761
5.8304
6.57924
7.6763
9.01862
9.57487
8.70425
7.53542
6.59074
5.90274
5.34853
4.87575
4.46561
4.10236
3.78795
3.51491
3.27568
3.06413
2.87611
2.70888
2.56067
2.43043
2.31766
2.22238
2.14514
2.08804
2.05809
2.09543
2.37535
4.1476
8.54724
10.8027
12.3429
11.9515
10.2776
8.44482
6.75941
5.58298
4.97649
4.80073
4.98254
5.49746
6.35964
7.60574
9.22735
9.7389
8.34627
7.1484
6.28873
5.58278
5.01142
4.54852
4.16389
3.83402
3.54601
3.29169
3.06566
2.86363
2.68252
2.52026
2.37552
2.24752
2.13598
2.04109
1.96397
1.90738
1.8748
1.90161
2.14858
3.74557
9.96714
12.4578
12.7833
10.8578
9.0446
7.3483
5.81422
4.84264
4.36632
4.26688
4.4857
5.01262
5.87494
7.12622
8.80725
9.11154
7.7243
6.65636
5.80251
5.14149
4.62152
4.20104
3.851
3.55094
3.28779
3.05356
2.84336
2.65377
2.4824
2.32767
2.18858
2.06453
1.95538
1.86151
1.78461
1.72779
1.69546
1.72131
1.93911
3.35585
11.6088
14.1058
13.3704
10.5501
8.20657
6.38268
5.03832
4.21983
3.82052
3.74085
3.93156
4.38698
5.13816
6.25769
7.85848
8.19555
6.999
6.01235
5.2643
4.68662
4.22849
3.85475
3.54101
3.27034
3.03163
2.8179
2.62476
2.44931
2.2896
2.14431
2.01253
1.89369
1.78775
1.69548
1.61848
1.55923
1.52648
1.5473
1.73741
2.98606
13.5452
15.9888
14.102
10.4814
7.66039
5.72054
4.46882
3.72718
3.35543
3.25576
3.37564
3.69618
4.21831
4.95051
5.88213
6.73141
6.12321
5.32531
4.71463
4.23387
3.84511
3.52198
3.2466
3.00609
2.7918
2.59848
2.42265
2.26197
2.1148
1.97994
1.8564
1.74331
1.64055
1.54865
1.46901
1.4071
1.37282
1.38667
1.55213
2.66026
15.761
18.2819
15.2604
10.8069
7.5136
5.40673
4.12028
3.37831
2.99561
2.85868
2.90575
3.1072
3.45025
3.92742
4.52887
5.18387
5.12635
4.61233
4.17026
3.79847
3.48419
3.21481
2.97953
2.76896
2.57843
2.40498
2.24614
2.10002
1.96532
1.84104
1.72617
1.61913
1.51821
1.42381
1.34092
1.27734
1.23957
1.24747
1.39435
2.39888
18.31
21.2196
17.1004
11.629
7.7506
5.36699
3.96384
3.1701
2.7503
2.56885
2.55265
2.66395
2.8834
3.19958
3.6014
4.05064
4.27129
4.01741
3.70532
3.42373
3.17365
2.95129
2.75156
2.56903
2.40061
2.24567
2.10262
1.97013
1.84722
1.73305
1.62627
1.52365
1.42173
1.32433
1.23982
1.17445
1.13413
1.13892
1.27509
2.21471
21.34
25.1386
19.8347
12.9294
8.30065
5.55708
3.98103
3.09819
2.621
2.38915
2.31701
2.35931
2.49169
2.70008
2.97275
3.28899
3.57885
3.5704
3.35883
3.14263
2.93993
2.75267
2.57973
2.41875
2.2686
2.12887
1.99901
1.87835
1.76598
1.66093
1.56067
1.4598
1.35549
1.25576
1.17017
1.10362
1.06275
1.06793
1.20314
2.1204
25.2288
30.4619
23.3539
14.6236
9.16223
5.99374
4.18972
3.17741
2.61789
2.32398
2.19568
2.17938
2.24545
2.37763
2.56504
2.79674
3.05019
3.23277
3.16656
2.98756
2.80992
2.64143
2.4831
2.33404
2.19413
2.06406
1.94332
1.83118
1.72693
1.6294
1.53421
1.43294
1.32443
1.22187
1.13497
1.06805
1.02862
1.03808
1.18218
2.13217
30.3134
37.7019
27.5499
16.8395
10.4894
6.78951
4.66543
3.45734
2.77252
2.39131
2.19472
2.11779
2.12383
2.19303
2.31555
2.48551
2.69547
2.92728
3.06546
2.97353
2.80298
2.63519
2.47727
2.32889
2.18982
2.06101
1.94245
1.83399
1.73507
1.64362
1.55287
1.44701
1.33144
1.2251
1.13636
1.06955
1.03324
1.05096
1.21507
2.26815
36.1817
47.5268
33.7371
20.5642
12.7833
8.21844
5.56982
4.03961
3.15124
2.63425
2.33997
2.18617
2.12475
2.12849
2.1885
2.30096
2.45995
2.66072
2.88632
3.01643
2.92462
2.74865
2.5763
2.41615
2.26748
2.13006
2.00465
1.89218
1.79271
1.70396
1.61463
1.50114
1.37833
1.26827
1.17742
1.11093
1.07917
1.10945
1.30773
2.56023
40.9539
60.6477
45.861
27.4966
16.911
10.7472
7.17904
5.10089
3.87357
3.13537
2.68836
2.42219
2.26837
2.1907
2.17892
2.22602
2.32466
2.47041
2.65963
2.87643
3.02598
2.97243
2.79886
2.61638
2.44569
2.28838
2.14557
2.01878
1.90939
1.81528
1.71774
1.59553
1.46744
1.35449
1.26238
1.19734
1.17236
1.22136
1.47605
3.07875
42.4054
74.4338
58.6423
38.9253
24.1997
15.0841
9.92577
6.9262
5.1388
4.03502
3.33785
2.894
2.60995
2.42574
2.31878
2.27824
2.29966
2.37737
2.50684
2.68361
2.89536
3.08234
3.09852
2.95037
2.75746
2.56905
2.39701
2.24477
2.11376
2.00212
1.89238
1.75679
1.61781
1.49899
1.40412
1.33952
1.32158
1.39321
1.7171
3.75777
37.7433
77.5347
66.6156
45.6891
32.0882
21.8388
14.4179
9.93808
7.25116
5.55048
4.44681
3.7056
3.20981
2.87494
2.64737
2.49363
2.40863
2.39604
2.44995
2.56398
2.73315
2.94988
3.1818
3.29964
3.21394
3.01682
2.81151
2.62095
2.45465
2.31382
2.18428
2.03533
1.88783
1.75969
1.65488
1.58038
1.55888
1.64759
2.03764
4.41208
28.0989
57.2438
61.2249
43.7924
31.8597
24.3464
19.0744
14.4593
10.4696
7.95799
6.25183
5.02171
4.17824
3.58624
3.16379
2.86944
2.66455
2.53592
2.48896
2.52343
2.63325
2.81264
3.05792
3.35485
3.61266
3.63792
3.4499
3.22573
3.022
2.84059
2.68289
2.53813
2.40622
2.29044
2.16615
2.04663
1.97702
2.05129
2.51573
4.95431
18.2477
35.0224
39.2788
35.1766
28.0867
22.2992
18.1772
15.4931
13.3215
11.2979
8.86099
6.98223
5.65378
4.65786
3.9362
3.41025
3.00993
2.73674
2.57634
2.51914
2.56158
2.69889
2.92784
3.2506
3.66328
4.11577
4.32839
4.20616
3.99358
3.78954
3.62072
3.49926
3.45556
3.50002
3.37425
3.08496
2.80766
2.72232
3.18959
5.66353
10.3726
19.2684
22.2395
22.2177
20.9046
18.3773
15.7481
13.6501
12.221
11.2444
10.2603
8.99582
7.47287
6.00473
4.99974
4.20705
3.44013
2.91004
2.58794
2.42715
2.4019
2.50168
2.72583
3.08322
3.58824
4.24288
4.9947
5.61443
5.73011
5.61754
5.48347
5.45706
5.69043
6.18068
6.2557
5.44661
4.55083
4.15185
4.42588
6.3294
5.26239
9.26243
10.8412
11.8087
12.3531
12.492
11.7944
10.7803
9.91282
9.33591
8.9846
8.699
8.0116
6.9414
5.75127
4.7084
3.68277
2.8359
2.30859
2.04905
1.98799
2.07379
2.29097
2.67255
3.30057
4.24447
5.51589
7.03024
8.52652
9.08367
9.10795
9.26937
9.86169
10.6147
11.0817
10.4649
8.61153
7.18287
6.58054
7.037
2.05401
3.2269
3.82638
4.23412
4.59991
5.08551
5.86496
6.523
6.81772
6.9765
7.13435
7.28403
7.28482
7.03653
6.36081
5.02066
3.35077
2.03787
1.40441
1.19093
1.20586
1.34971
1.52539
1.79316
2.4214
3.73359
5.99977
9.1958
12.9346
15.7782
16.9846
16.9674
17.0428
18.2924
20.7642
21.2821
18.7153
17.285
19.4824
18.6852
0.405222
0.485433
0.516062
0.507283
0.49826
0.532333
0.775836
2.79137
4.2978
5.13854
5.65821
6.02906
6.23976
6.15846
5.55688
4.21568
2.19406
0.565025
0.331411
0.295823
0.318663
0.360836
0.380015
0.400132
0.528459
0.805565
1.64354
10.1094
19.7595
26.6697
27.2212
25.2399
23.1765
24.8835
33.01
43.5792
41.4713
26.5831
5.49197
9.40763
0.00125899
0.000652093
0.000800732
0.000885327
0.000886093
0.00378164
0.00417843
0.00461047
0.00500558
0.0053459
0.00562864
0.00585592
0.00603209
0.00616219
0.00625148
0.00630509
0.00632786
0.00632425
0.00629829
0.00625356
0.00619313
0.00611962
0.00603527
0.00594402
0.0058674
0.00579983
0.00573719
0.00567705
0.00561821
0.0055602
0.00550309
0.00544721
0.005393
0.00534085
0.00529106
0.00524377
0.00519898
0.00515647
0.00511588
0.00507675
0.00168694
0.00137286
0.00150456
0.00173317
0.00201943
0.00225301
0.00243295
0.00258018
0.00269909
0.00279259
0.00286379
0.00291584
0.00295174
0.00297425
0.00298589
0.00298891
0.00298527
0.00297665
0.00296451
0.00295003
0.00293425
0.00291805
0.00290238
0.00288888
0.00288392
0.00288539
0.00289152
0.00290083
0.00291214
0.00292465
0.00293769
0.00295079
0.00296356
0.00297567
0.00298683
0.0029967
0.00300495
0.00301119
0.00301502
0.00301602
0.00288006
0.00234279
0.0023428
0.00242298
0.00251394
0.0025932
0.00265634
0.00270322
0.00273444
0.00275137
0.00275597
0.00275045
0.002737
0.00271772
0.00269451
0.00266906
0.00264282
0.00261703
0.00259272
0.00257071
0.00255172
0.00253638
0.00252539
0.00251974
0.00252015
0.00252623
0.00253737
0.00255291
0.0025721
0.00259421
0.00261848
0.00264419
0.00267065
0.00269716
0.00272305
0.00274765
0.00277032
0.00279044
0.0028074
0.00282067
0.00414489
0.00334063
0.00319925
0.00316927
0.00316122
0.00315303
0.00313857
0.00311623
0.00308606
0.00304892
0.00300616
0.00295934
0.00291005
0.00285984
0.00281011
0.00276213
0.00271698
0.00267557
0.00263869
0.00260694
0.00258087
0.00256098
0.00254782
0.00254128
0.00254109
0.00254687
0.00255819
0.00257449
0.0025952
0.00261967
0.00264722
0.00267714
0.0027087
0.00274114
0.00277373
0.0028057
0.00283635
0.00286498
0.00289097
0.00291374
0.00533362
0.00427013
0.00400625
0.00389648
0.00382356
0.00375697
0.00368801
0.00361474
0.00353752
0.0034575
0.00337609
0.00329473
0.00321484
0.00313769
0.00306441
0.00299601
0.00293331
0.00287702
0.00282769
0.00278582
0.0027518
0.00272609
0.00270849
0.0026984
0.00269543
0.00269917
0.00270914
0.00272483
0.00274569
0.00277112
0.0028005
0.00283317
0.00286844
0.00290563
0.00294403
0.00298295
0.00302174
0.00305979
0.00309659
0.00313169
0.00639668
0.00510795
0.00475392
0.00459161
0.00447638
0.00437008
0.00426214
0.00415068
0.00403664
0.00392174
0.00380782
0.00369657
0.00358949
0.00348787
0.00339278
0.00330512
0.00322561
0.00315481
0.00309317
0.00304107
0.00299882
0.0029667
0.0029435
0.00292884
0.00292229
0.0029234
0.00293168
0.00294664
0.00296775
0.00299448
0.00302626
0.00306252
0.00310268
0.00314618
0.00319246
0.00324101
0.00329137
0.00334317
0.00339616
0.00345023
0.00730881
0.00587789
0.00548221
0.0052916
0.0051469
0.00500885
0.00486785
0.00472314
0.00457649
0.00443025
0.00428667
0.00414774
0.00401511
0.00389017
0.00377404
0.00366758
0.00357149
0.00348628
0.00341235
0.00335006
0.00329974
0.00326025
0.003231
0.00321153
0.00320139
0.00320013
0.00320726
0.00322234
0.0032449
0.00327448
0.00331064
0.00335295
0.003401
0.00345446
0.00351302
0.0035765
0.00364482
0.00371806
0.00379649
0.0038806
0.00804332
0.00663863
0.00625499
0.00604768
0.00587277
0.00569975
0.00552299
0.00534335
0.00516329
0.00498543
0.00481219
0.00464561
0.00448746
0.00433915
0.00420183
0.00407638
0.00396349
0.00386368
0.0037773
0.00370463
0.00364569
0.00359884
0.00356368
0.00353978
0.00352672
0.00352407
0.00353143
0.00354842
0.00357467
0.00360987
0.00365376
0.00370614
0.0037669
0.00383607
0.0039138
0.00400045
0.00409659
0.00420312
0.00432116
0.00445249
0.00856021
0.00753106
0.00716231
0.0069125
0.00668601
0.00646341
0.00624151
0.0060211
0.00580397
0.00559217
0.00538767
0.00519232
0.00500771
0.00483523
0.004676
0.00453095
0.00440076
0.00428599
0.00418704
0.00410431
0.00403609
0.00398189
0.00394126
0.00391379
0.00389908
0.0038968
0.00390661
0.00392827
0.0039616
0.00400649
0.00406298
0.00413124
0.00421165
0.00430482
0.00441166
0.00453335
0.00467167
0.00482903
0.00500712
0.00520944
0.0087855
0.00886483
0.00831412
0.00792432
0.00760166
0.00730714
0.00702821
0.00676038
0.00650225
0.006254
0.00601652
0.00579105
0.00557887
0.00538122
0.0051992
0.00503376
0.00488565
0.00475546
0.00464359
0.00455016
0.00447315
0.00441229
0.00436724
0.00433769
0.00432337
0.00432403
0.00433951
0.00436975
0.00441483
0.004475
0.00455076
0.00464287
0.00475241
0.00488098
0.00503087
0.00520403
0.00540367
0.00563397
0.00589981
0.00620723
0.0088359
0.0106096
0.00968321
0.00906786
0.00860856
0.00822368
0.00787932
0.00756004
0.00725882
0.00697286
0.0067015
0.00644513
0.00620462
0.00598102
0.00577544
0.00558893
0.00542241
0.00527666
0.00515239
0.00504767
0.00496217
0.0048956
0.00484773
0.00481835
0.00480729
0.00481448
0.00483999
0.00488403
0.0049471
0.00502993
0.00513375
0.00526039
0.00541158
0.00559007
0.00579958
0.00604462
0.00633084
0.00666521
0.00705613
0.00751357
0.00882921
0.0128698
0.0111845
0.01029
0.00967835
0.00919804
0.00878721
0.00841684
0.00807314
0.00775003
0.00744517
0.00715806
0.0068891
0.00663922
0.00640959
0.00620149
0.00601611
0.00585445
0.0057172
0.00560211
0.00550932
0.00543883
0.00539059
0.00536455
0.00536072
0.00537924
0.00542047
0.00548511
0.00557429
0.00568915
0.00583179
0.00600504
0.00621251
0.00645888
0.00675009
0.00709352
0.00749814
0.0079748
0.00853631
0.00919758
0.0374485
0.0153501
0.0127659
0.0115625
0.0107933
0.0102194
0.00974597
0.00932821
0.008945
0.00858698
0.00825036
0.00793377
0.00763711
0.00736115
0.0071073
0.00687732
0.00667306
0.00649627
0.00634534
0.00622045
0.00612199
0.00605015
0.006005
0.00598664
0.00599531
0.00603138
0.00609551
0.00618882
0.00631303
0.00647055
0.00666469
0.00689989
0.00718187
0.00751784
0.00791674
0.00838946
0.00894906
0.00961088
0.0103925
0.0113138
0.00885006
0.0178523
0.014413
0.0128668
0.0119421
0.011281
0.0107516
0.0102923
0.0098744
0.00948541
0.00912028
0.00877679
0.00845414
0.00815286
0.00787475
0.00762237
0.00739853
0.00720571
0.00704214
0.0069092
0.00680775
0.00673841
0.00670118
0.00669616
0.00672369
0.00678442
0.00687952
0.00701083
0.00718101
0.0073938
0.00765418
0.00796869
0.00834564
0.0087953
0.0093301
0.00996485
0.0107168
0.0116056
0.0126529
0.0138817
0.0417551
0.0201897
0.0159426
0.0141581
0.0131126
0.0123793
0.011802
0.0113075
0.010861
0.0104466
0.0100579
0.00969151
0.0093457
0.00902051
0.00871833
0.00844319
0.00819979
0.00798909
0.0078137
0.00767541
0.00757513
0.00751318
0.00748961
0.00750453
0.00755839
0.00765219
0.00778768
0.00796758
0.00819577
0.00847757
0.00881996
0.00923199
0.00972496
0.0103125
0.0110105
0.0118373
0.0128138
0.0139626
0.0153073
0.0168712
0.0469526
0.0222883
0.0174663
0.0154652
0.0143111
0.0135142
0.0128947
0.0123703
0.0119014
0.0114685
0.0110626
0.0106791
0.0103145
0.00996756
0.00964207
0.00934395
0.00907846
0.00885017
0.0086647
0.00852466
0.00843072
0.0083827
0.00838022
0.00842321
0.00851217
0.00864846
0.00883453
0.00907415
0.00937265
0.00973714
0.0101768
0.0107034
0.0113313
0.0120776
0.0129609
0.0140021
0.0152238
0.0166498
0.018303
0.020204
0.0523159
0.0244248
0.0190199
0.0168014
0.01554
0.0146825
0.0140249
0.0134755
0.0129899
0.0125451
0.0121291
0.0117352
0.0113585
0.0109962
0.0106498
0.0103263
0.0100334
0.00978738
0.00959578
0.00946065
0.00938118
0.0093559
0.00938365
0.00946403
0.00959759
0.00978607
0.0100327
0.0103425
0.0107225
0.0111817
0.0117314
0.0123859
0.0131627
0.0140813
0.0151624
0.0164278
0.0179004
0.0196025
0.021554
0.0237715
0.0578373
0.0266136
0.0206156
0.0181747
0.0168038
0.0158851
0.015191
0.0146204
0.0141227
0.013671
0.0132513
0.0128539
0.0124713
0.0120984
0.0117334
0.0113746
0.0110522
0.0107944
0.0106073
0.0104888
0.0104352
0.0104433
0.0105114
0.0106387
0.0108261
0.0110756
0.0113913
0.0117797
0.0122495
0.0128117
0.01348
0.0142705
0.0152023
0.0162961
0.0175741
0.019059
0.0207718
0.0227313
0.0249539
0.0274532
0.0635965
0.0288717
0.0222633
0.019593
0.018111
0.0171319
0.0164039
0.015815
0.015308
0.0148521
0.0144295
0.0140271
0.0136353
0.0132462
0.0128443
0.0124504
0.0121166
0.0118687
0.0117062
0.0116205
0.0116054
0.0116573
0.0117745
0.0119571
0.0122058
0.0125231
0.0129138
0.0133859
0.0139499
0.0146188
0.0154082
0.0163354
0.0174192
0.0186812
0.020144
0.0218295
0.0237564
0.0259405
0.0283955
0.0311342
0.0695874
0.0312502
0.023981
0.0210693
0.0194743
0.0184361
0.0176769
0.0170723
0.0165593
0.0161017
0.0156757
0.015262
0.01484
0.0143914
0.0139224
0.0135223
0.0132275
0.013025
0.0129083
0.0128692
0.0129021
0.0130051
0.0131781
0.0134219
0.0137373
0.0141266
0.0145954
0.015154
0.0158146
0.0165904
0.017497
0.0185527
0.019777
0.0211912
0.0228173
0.0246756
0.0267824
0.0291516
0.0317966
0.0347326
0.0755294
0.0336565
0.025737
0.0225896
0.0208854
0.0197915
0.0190038
0.0183858
0.017868
0.0174093
0.0169796
0.0165529
0.0160922
0.0155712
0.0150602
0.0146706
0.014416
0.0142691
0.0142113
0.01423
0.0143193
0.0144799
0.0147149
0.0150254
0.0154115
0.0158759
0.0164264
0.0170743
0.0178312
0.0187097
0.0197253
0.0208967
0.0222445
0.02379
0.0255534
0.0275532
0.0298051
0.032323
0.0351222
0.0382238
0.0814581
0.0360759
0.0275184
0.024142
0.0223318
0.0211828
0.0203643
0.0197271
0.0191948
0.0187205
0.0182696
0.0178104
0.0172992
0.0167443
0.0162554
0.0159157
0.0157125
0.0156208
0.0156207
0.0156985
0.0158477
0.016071
0.0163731
0.0167545
0.017215
0.0177602
0.0183988
0.0191385
0.0199891
0.0209632
0.0220774
0.0233513
0.0248056
0.0264609
0.0283368
0.0304512
0.0328203
0.0354603
0.0383907
0.0416417
0.0873684
0.0385006
0.029319
0.025722
0.0238111
0.0226099
0.0217608
0.0211023
0.0205504
0.0200534
0.0195729
0.0190746
0.018521
0.0179608
0.0175135
0.0172285
0.0170781
0.0170408
0.017099
0.0172409
0.0174628
0.0177637
0.0181435
0.0186029
0.0191453
0.019778
0.0205077
0.0213389
0.0222802
0.0233449
0.024551
0.0259185
0.0274672
0.0292172
0.0311882
0.0333993
0.035869
0.0386171
0.0416687
0.0450662
0.0932119
0.0409168
0.0311322
0.0273269
0.0253246
0.0240794
0.0232075
0.0225353
0.0219714
0.0214589
0.0209561
0.0204237
0.0198364
0.0192819
0.0188719
0.0186275
0.0185178
0.0185246
0.018637
0.0188485
0.0191553
0.0195483
0.020022
0.0205742
0.0212099
0.0219359
0.0227584
0.0236811
0.0247126
0.0258676
0.0271646
0.0286237
0.0302644
0.0321063
0.0341693
0.0364734
0.0390403
0.041894
0.0450655
0.0486174
0.0989217
0.0433057
0.0329448
0.0289449
0.0268614
0.0255804
0.0246932
0.0240148
0.023447
0.0229292
0.0224155
0.0218574
0.0212537
0.0207133
0.0203289
0.0201116
0.0200401
0.0200968
0.0202694
0.0205559
0.0209496
0.0214405
0.0220165
0.022673
0.0234115
0.0242383
0.0251579
0.0261757
0.0273023
0.0285541
0.0299505
0.0315113
0.0332561
0.0352045
0.0373757
0.0397901
0.0424706
0.0454442
0.0487444
0.0524693
0.104415
0.0456479
0.0347447
0.0305646
0.0284076
0.0270951
0.0261948
0.025511
0.0249412
0.0244229
0.0239061
0.0233309
0.0227305
0.0222132
0.0218549
0.0216765
0.0216636
0.0217915
0.0220455
0.022417
0.0228963
0.0234761
0.0241449
0.0248992
0.0257427
0.0266786
0.0277067
0.028832
0.0300669
0.0314303
0.032943
0.0346265
0.0365013
0.0385864
0.0409002
0.0434627
0.046298
0.0494349
0.0529119
0.0568445
0.109553
0.0479237
0.0365229
0.0321781
0.0299542
0.028612
0.0276966
0.0270023
0.0264225
0.0258954
0.025366
0.0247893
0.02422
0.0237522
0.0234509
0.0233426
0.0234081
0.0236182
0.0239559
0.0244068
0.0249643
0.0256258
0.0263875
0.0272467
0.028205
0.0292607
0.0304112
0.0316599
0.03302
0.0345141
0.0361668
0.0380022
0.0400417
0.0423042
0.044807
0.0475695
0.0506126
0.0539654
0.0576804
0.0618653
0.114391
0.0501359
0.038275
0.0337793
0.0314962
0.0301292
0.0292013
0.0284963
0.0279028
0.0273593
0.0268104
0.0262485
0.0257388
0.0253494
0.0251359
0.0251164
0.0252648
0.0255527
0.0259631
0.0264849
0.0271163
0.0278587
0.028714
0.029683
0.0307659
0.0319584
0.0332531
0.0346458
0.0361502
0.0377951
0.0396115
0.0416268
0.0438649
0.0463468
0.0490876
0.0521004
0.0553973
0.0590125
0.0630108
0.0675277
0.118993
0.0523002
0.0400059
0.0353695
0.0330353
0.0316529
0.0307243
0.0300229
0.0294319
0.0288795
0.0283296
0.0278039
0.0273634
0.027055
0.0269294
0.0269921
0.0272144
0.0275708
0.0280461
0.0286334
0.0293336
0.0301515
0.0310932
0.0321671
0.0333772
0.0347194
0.0361793
0.0377354
0.0393984
0.0412051
0.0431959
0.0454015
0.0478487
0.0505636
0.0535627
0.0568487
0.0604322
0.0643636
0.0687423
0.0737388
0.123451
0.0544427
0.0417267
0.0369526
0.0345707
0.0331784
0.0322575
0.0315723
0.0309971
0.0304634
0.0299535
0.0294986
0.0291378
0.0289078
0.0288531
0.0289753
0.0292518
0.0296624
0.0301931
0.0308369
0.0315954
0.0324782
0.0334986
0.0346679
0.0359917
0.0374695
0.0390898
0.0408248
0.0426566
0.0446245
0.0467847
0.0491686
0.0518037
0.0547166
0.0579321
0.0614735
0.0653848
0.0697369
0.0746514
0.0803305
0.12786
0.0565895
0.0434534
0.0385413
0.0361127
0.034714
0.0338075
0.0331457
0.0325988
0.0321139
0.0316785
0.0313124
0.0310348
0.0308767
0.0308782
0.0310432
0.0313582
0.0318091
0.0323838
0.0330738
0.0338799
0.0348173
0.0359065
0.0371571
0.0385691
0.0401431
0.0419055
0.0438462
0.045855
0.0479784
0.0502925
0.0528326
0.0556281
0.0587111
0.0621209
0.0659105
0.0701613
0.0749805
0.0805369
0.0870893
0.132315
0.058765
0.0452062
0.0401574
0.0376878
0.0362927
0.0354105
0.0347802
0.0342825
0.0338613
0.0334992
0.0332056
0.0330026
0.0329183
0.0329729
0.033171
0.0335107
0.0339861
0.0345888
0.0353101
0.036151
0.0371368
0.0382881
0.0396127
0.0411153
0.0428282
0.0447835
0.0468873
0.0490427
0.0513148
0.0537703
0.0564499
0.0593904
0.0626337
0.0662353
0.0702727
0.0748574
0.0801455
0.0863676
0.0938592
0.136845
0.0609813
0.0469958
0.0418121
0.0393063
0.0379162
0.0370562
0.0364709
0.0360337
0.0356823
0.0353928
0.0351693
0.0350335
0.0350081
0.0351059
0.0353331
0.0356904
0.0361752
0.0367857
0.0375205
0.0383933
0.0394356
0.0406605
0.0420802
0.0437229
0.0456245
0.0477483
0.0499734
0.0522684
0.05469
0.0572901
0.0601129
0.0632028
0.0666136
0.070416
0.074709
0.0796322
0.0853846
0.0922516
0.100641
0.141449
0.0632399
0.0488241
0.0435052
0.0409541
0.0395571
0.0387243
0.0381881
0.0378142
0.0375348
0.0373202
0.0371698
0.0371004
0.0371294
0.0372676
0.0375197
0.0378863
0.0383662
0.0389658
0.0397121
0.0406395
0.0417563
0.0430776
0.0446334
0.0464621
0.0485523
0.0508124
0.0531601
0.0556037
0.0581825
0.0609385
0.0639175
0.0671714
0.0707647
0.074782
0.0793401
0.0846024
0.0907999
0.0982606
0.107451
0.14608
0.0655353
0.0506905
0.0452176
0.0426047
0.0412026
0.0403976
0.0399097
0.0395961
0.039382
0.0392361
0.0391596
0.039162
0.0392491
0.0394263
0.0396982
0.040068
0.0405441
0.0411538
0.0419455
0.0429475
0.0441657
0.045629
0.0473689
0.0493927
0.0516462
0.0540357
0.0565249
0.0591275
0.0618716
0.0647956
0.0679472
0.0713841
0.0751786
0.079426
0.0842558
0.089848
0.0964561
0.104439
0.114311
0.15069
0.0678711
0.0525684
0.0469211
0.0442448
0.0428326
0.0420484
0.0416006
0.041339
0.0411863
0.0411124
0.0411148
0.0411928
0.0413428
0.0415654
0.041864
0.0422467
0.0427452
0.0434124
0.0442946
0.0454061
0.0467652
0.0484007
0.0503304
0.0525323
0.0549373
0.0574703
0.0601154
0.0628842
0.0658031
0.0689112
0.072258
0.0759045
0.0799281
0.0844299
0.089547
0.0954701
0.102468
0.110923
0.121385
0.155224
0.0702343
0.0544495
0.0486195
0.0458674
0.0444331
0.0436582
0.0432388
0.0430182
0.042921
0.0429178
0.043
0.0431573
0.0433792
0.0436626
0.04401
0.0444424
0.0450089
0.0457691
0.0467666
0.0480235
0.049558
0.051381
0.0534817
0.0558388
0.058394
0.0610838
0.0638972
0.066847
0.0699627
0.0732852
0.0768655
0.0807663
0.0850663
0.0898686
0.0953138
0.101598
0.109001
0.11792
0.128927
0.161302
0.0728748
0.05641
0.050331
0.0474697
0.0459902
0.0452056
0.0447982
0.0446087
0.0445622
0.0446265
0.0447861
0.0450247
0.0453289
0.0456888
0.0461058
0.0466227
0.0473039
0.0482031
0.0493534
0.0507808
0.0524951
0.0544906
0.0567438
0.0592362
0.0619292
0.064779
0.0677764
0.0709361
0.0742891
0.0778771
0.0817518
0.0859751
0.090625
0.095804
0.101652
0.108366
0.116231
0.125649
0.137188
0.168364
0.0756855
0.0584206
0.0520464
0.0490472
0.0474993
0.0466828
0.0462672
0.0460936
0.0460845
0.0462041
0.0464317
0.0467473
0.0471373
0.0475916
0.048124
0.0487903
0.0496503
0.050739
0.0520734
0.0536711
0.055538
0.0576696
0.0600513
0.0626631
0.065482
0.0684915
0.0716899
0.0750937
0.0787334
0.0826506
0.086896
0.0915295
0.0966259
0.102287
0.108647
0.115898
0.124318
0.134285
0.146356
0.175592
0.0785489
0.0604466
0.0537537
0.050597
0.048962
0.0480952
0.0476553
0.0474799
0.0474881
0.0476433
0.0479224
0.0483063
0.0487853
0.0493623
0.0500697
0.0509534
0.0520501
0.053364
0.0548901
0.0566396
0.0586274
0.0608614
0.0633403
0.0660565
0.0690045
0.0721861
0.0756113
0.0793007
0.0832854
0.0876058
0.0923113
0.0974595
0.103121
0.109393
0.116395
0.1243
0.133364
0.143948
0.156611
0.182943
0.0814365
0.0624705
0.0554435
0.052114
0.0503749
0.0494414
0.0489622
0.0487682
0.0487756
0.0489444
0.0492515
0.0496885
0.050264
0.0509995
0.0519342
0.0530992
0.0544895
0.0560542
0.057757
0.0596164
0.0616747
0.0639662
0.0665121
0.0693256
0.0724192
0.0758079
0.0795112
0.0835537
0.0879662
0.0927868
0.0980639
0.103852
0.110212
0.117225
0.125001
0.133692
0.143538
0.154896
0.168315
0.19035
0.0843155
0.0644744
0.057108
0.0535986
0.0517444
0.0507302
0.0501942
0.0499611
0.0499442
0.0501022
0.0504157
0.050891
0.0515565
0.0524568
0.0536461
0.0551524
0.0569082
0.0587536
0.0605821
0.0624698
0.0645294
0.066837
0.0694389
0.0723674
0.0756487
0.0793074
0.0833685
0.0878589
0.0928085
0.0982529
0.104236
0.110801
0.117998
0.125902
0.134612
0.144268
0.155096
0.167438
0.18181
0.197755
0.0871483
0.0664396
0.0587454
0.0550645
0.0530984
0.0520029
0.0514053
0.0511213
0.0510571
0.0511687
0.0514423
0.0518993
0.0526086
0.0536619
0.0551196
0.0569942
0.0591617
0.0612749
0.0631301
0.0649458
0.06697
0.0693023
0.0720008
0.0751071
0.0786551
0.0826746
0.0871936
0.0922404
0.0978444
0.104038
0.11086
0.118346
0.126534
0.1355
0.145336
0.156168
0.168204
0.181763
0.197334
0.205107
0.0898908
0.0683412
0.0603491
0.0565217
0.0544607
0.0532934
0.0526432
0.0523176
0.0522132
0.052269
0.0524528
0.0528176
0.0535329
0.0546962
0.0563218
0.0583687
0.0606646
0.062961
0.0649737
0.0667824
0.068847
0.0712941
0.0741867
0.0775712
0.0814865
0.0859671
0.0910447
0.0967498
0.103113
0.110165
0.11794
0.126474
0.135806
0.145996
0.157137
0.16935
0.182826
0.197867
0.214935
0.212483
0.092495
0.0701346
0.0618826
0.0579428
0.0558075
0.0545789
0.0538845
0.0535181
0.0533576
0.0533159
0.0533473
0.0536107
0.0543316
0.0555306
0.0571479
0.0590512
0.0611737
0.0637897
0.0661691
0.0681168
0.0703141
0.0729657
0.0761398
0.0798872
0.0842514
0.0892716
0.0949844
0.101424
0.108624
0.116617
0.125437
0.13512
0.145709
0.157266
0.169875
0.183655
0.198788
0.215563
0.234428
0.219644
0.0948685
0.0717608
0.0632855
0.0592472
0.0570478
0.0557865
0.0550697
0.0546658
0.0544295
0.0542267
0.0540573
0.0542354
0.0549274
0.0560888
0.0575813
0.0592653
0.0614216
0.0642256
0.0668078
0.069022
0.0714821
0.0744348
0.0779684
0.0821448
0.0870152
0.0926264
0.0990217
0.106242
0.114327
0.123313
0.133239
0.144144
0.156077
0.1691
0.183295
0.198783
0.215741
0.234455
0.255359
0.225587
0.0968
0.0730874
0.0644456
0.0603414
0.0581144
0.0568445
0.0560905
0.0555927
0.0551782
0.0547406
0.0544433
0.0545824
0.0552056
0.0562549
0.0575553
0.0591867
0.0615112
0.0643703
0.0670436
0.069568
0.0723996
0.0757449
0.0797079
0.0843649
0.08978
0.0960113
0.103113
0.111136
0.120126
0.13013
0.141189
0.153351
0.166669
0.181205
0.197048
0.21432
0.233206
0.253982
0.277068
0.229778
0.0981415
0.0740429
0.0653343
0.0612522
0.0590908
0.0578765
0.0571137
0.0564988
0.0558274
0.0550749
0.0545628
0.0545303
0.0549885
0.0558901
0.057154
0.0589888
0.0615099
0.0643704
0.0671236
0.0699756
0.073209
0.0769768
0.0813928
0.0865472
0.0925183
0.0993775
0.107191
0.116019
0.125917
0.136938
0.149131
0.162548
0.177247
0.193299
0.210793
0.229863
0.250693
0.273538
0.298785
0.232323
0.0989338
0.0746412
0.0659724
0.0620207
0.0600284
0.0589485
0.0582089
0.0574544
0.0564747
0.0553383
0.0545527
0.0543145
0.054614
0.0554236
0.0568017
0.0588287
0.0614173
0.064257
0.067177
0.0703539
0.0739635
0.0781426
0.0830077
0.0886592
0.0951878
0.102676
0.111202
0.120834
0.131637
0.143671
0.15699
0.171651
0.187718
0.205265
0.22439
0.245221
0.267934
0.292759
0.320033
0.233609
0.0992868
0.0748918
0.0662776
0.0624537
0.0606057
0.0596069
0.0588441
0.0580058
0.0568318
0.0554403
0.0544484
0.054036
0.0542124
0.0549849
0.0564281
0.0584956
0.0610929
0.0639922
0.0671334
0.0706259
0.0746026
0.079193
0.0845148
0.0906757
0.0977754
0.105907
0.115155
0.125601
0.137316
0.150368
0.164819
0.180732
0.198174
0.217223
0.237977
0.26056
0.28513
0.311884
0.341089
0.233788
0.0992527
0.0747584
0.0661274
0.0623307
0.0605215
0.0595309
0.0587664
0.0579111
0.0565713
0.0550857
0.0540476
0.0535848
0.0537355
0.0545211
0.0559733
0.0580465
0.0606629
0.0636569
0.0670114
0.0708049
0.0751496
0.0801638
0.0859631
0.0926587
0.100357
0.109159
0.11916
0.130448
0.143107
0.157214
0.172841
0.190061
0.208947
0.229584
0.25207
0.276524
0.303076
0.331891
0.363183
0.233455
0.0988668
0.0742381
0.0655275
0.0616829
0.0598362
0.0588221
0.0580848
0.0572353
0.0558377
0.0544031
0.0534269
0.0530272
0.0532551
0.0541244
0.0556306
0.0577238
0.0603507
0.0634277
0.0669697
0.0710462
0.0757534
0.081199
0.0874949
0.0947539
0.103087
0.112604
0.123408
0.135601
0.149277
0.164529
0.181443
0.200106
0.220607
0.243039
0.267507
0.294125
0.323019
0.354335
0.388246
0.233037
0.0981605
0.0734025
0.0646073
0.0607022
0.0588167
0.0578068
0.0571051
0.0562425
0.0548389
0.0536007
0.0527605
0.0524552
0.0527784
0.0537519
0.0553563
0.0575171
0.0601857
0.0633741
0.0671124
0.0714731
0.0765479
0.0824401
0.08926
0.0971226
0.106145
0.116444
0.128136
0.141338
0.156162
0.172719
0.19112
0.211472
0.233887
0.258475
0.285358
0.314661
0.346525
0.381104
0.418568
0.23231
0.0971572
0.0723503
0.0635215
0.0596006
0.0577368
0.0567949
0.0561482
0.0551766
0.0536801
0.0526677
0.0520163
0.0518467
0.0522852
0.0533765
0.0550976
0.0573664
0.0601521
0.0634986
0.0674639
0.0721365
0.0776093
0.0839856
0.0913777
0.0999053
0.109694
0.120874
0.133578
0.147943
0.164107
0.182209
0.202389
0.224788
0.249549
0.276814
0.306733
0.339466
0.375188
0.414098
0.456411
0.2309
0.0958259
0.0711035
0.0623032
0.0584006
0.0565831
0.0557168
0.0550573
0.053854
0.0523442
0.0515421
0.0511155
0.0511445
0.0517456
0.0529713
0.0548088
0.0572114
0.0601839
0.0637599
0.0680171
0.0730603
0.078987
0.085906
0.0939372
0.103211
0.113866
0.126052
0.139926
0.155652
0.173402
0.193354
0.215689
0.24059
0.268238
0.298818
0.332519
0.36955
0.410146
0.454591
0.503187
0.228322
0.0940711
0.0696146
0.0608948
0.0569924
0.0551579
0.054284
0.0535028
0.052152
0.0508634
0.0503324
0.0501665
0.0504038
0.0511784
0.0525538
0.0545346
0.057106
0.0603057
0.0641778
0.0687973
0.0742734
0.0807144
0.0882407
0.0969855
0.107095
0.118729
0.132061
0.147278
0.164583
0.184191
0.206328
0.231229
0.259127
0.290252
0.324826
0.363069
0.405217
0.451565
0.502543
0.558736
0.223703
0.0917809
0.0678462
0.0592927
0.0553909
0.0534781
0.0525132
0.0516233
0.0503463
0.0493506
0.0490654
0.049173
0.0496252
0.0505918
0.0521481
0.0543133
0.0571045
0.0605738
0.0647845
0.0698147
0.0757733
0.0827813
0.0909743
0.100503
0.111533
0.124249
0.138853
0.155568
0.174639
0.196334
0.220939
0.24875
0.280061
0.315149
0.354261
0.397614
0.44539
0.497813
0.555604
0.620127
0.216836
0.0889234
0.0657555
0.0574712
0.0536294
0.0516433
0.0505593
0.0496641
0.0486109
0.0478891
0.0477798
0.0481166
0.0488111
0.050009
0.0517916
0.0541923
0.0572512
0.061027
0.065598
0.0710587
0.0775253
0.085132
0.0940301
0.104388
0.116394
0.130255
0.146203
0.164493
0.185413
0.209283
0.236448
0.267265
0.302077
0.341196
0.384876
0.433322
0.486605
0.544933
0.610034
0.683858
0.208039
0.0855428
0.0633629
0.0554167
0.051679
0.0496638
0.0484886
0.0476753
0.0469448
0.0465351
0.0465711
0.0470714
0.0480242
0.0494952
0.0515413
0.0542056
0.0575466
0.0616382
0.066573
0.0724629
0.079438
0.0876465
0.0972542
0.108446
0.121426
0.136422
0.153685
0.173496
0.196171
0.222068
0.251577
0.285083
0.322926
0.365363
0.412559
0.464491
0.521706
0.586156
0.658805
0.741879
0.197458
0.0817534
0.0607698
0.0532018
0.0495706
0.0475401
0.0463216
0.0456007
0.0451856
0.0450811
0.0453201
0.0460416
0.0472921
0.0490515
0.0513616
0.0542834
0.0578955
0.0622905
0.0675767
0.0738806
0.0813452
0.0901302
0.100412
0.112386
0.126264
0.142284
0.160707
0.181821
0.205948
0.23347
0.264806
0.300338
0.340341
0.384921
0.433911
0.487778
0.548695
0.617685
0.696352
0.787832
0.184971
0.0777214
0.0581297
0.0509907
0.0474956
0.0454716
0.0442682
0.0436375
0.0434059
0.0435219
0.044039
0.0450305
0.0465455
0.0485617
0.051115
0.0542794
0.0581485
0.0628302
0.0684466
0.0751351
0.0830481
0.092352
0.103227
0.115867
0.130483
0.147305
0.16659
0.188616
0.213682
0.24217
0.274508
0.311036
0.351912
0.396857
0.445953
0.501285
0.564242
0.635922
0.719057
0.817045
0.171291
0.0738176
0.0556119
0.0488982
0.0455654
0.0435964
0.0424563
0.0419313
0.0418523
0.0421632
0.0428892
0.0440792
0.0457804
0.0479902
0.0507434
0.0541191
0.0582175
0.0631539
0.0690588
0.0760769
0.0843653
0.0940913
0.105431
0.118567
0.133692
0.151014
0.170759
0.193178
0.218556
0.247236
0.27959
0.315882
0.356045
0.399949
0.448918
0.504646
0.567908
0.640997
0.727087
0.829874
0.158954
0.0705991
0.0533724
0.0469846
0.0438015
0.0419239
0.0408646
0.0404429
0.0405105
0.0409938
0.041882
0.0432066
0.0450335
0.0473776
0.050279
0.0538166
0.0580907
0.0632194
0.0693382
0.0765955
0.0851485
0.0951595
0.106793
0.120215
0.135591
0.153093
0.172903
0.19523
0.220331
0.248515
0.280111
0.315295
0.353915
0.396628
0.445021
0.499851
0.562775
0.636724
0.725082
0.831891
0.147897
0.0675302
0.0512728
0.0451911
0.0421671
0.0404058
0.0394382
0.0391103
0.0392936
0.039909
0.04093
0.0423681
0.0443076
0.0467602
0.0497611
0.053395
0.0577646
0.0629971
0.0692278
0.076603
0.0852769
0.0954001
0.107119
0.120575
0.135905
0.153243
0.172726
0.19453
0.218873
0.246027
0.27632
0.309962
0.347313
0.389105
0.436516
0.490827
0.554608
0.631206
0.724822
0.841158
0.138201
0.0643988
0.0491806
0.0434476
0.0406241
0.0390081
0.038155
0.0379264
0.0382003
0.0389092
0.0400291
0.0415653
0.0435807
0.0461046
0.0491656
0.0528393
0.0572283
0.0624617
0.0686844
0.0760419
0.0846845
0.0947395
0.106322
0.119554
0.134548
0.151412
0.170265
0.191255
0.21459
0.240548
0.269502
0.301921
0.338431
0.379666
0.426974
0.482437
0.549371
0.631755
0.7353
0.867564
0.129687
0.0614774
0.0472596
0.041891
0.039285
0.0378292
0.03708
0.036933
0.0372782
0.0380556
0.0392431
0.0408407
0.0428777
0.0453997
0.0484523
0.0521074
0.0564587
0.0616304
0.0677653
0.0749971
0.0834522
0.093247
0.104488
0.117287
0.131736
0.1479
0.165896
0.18588
0.208078
0.232818
0.260564
0.291968
0.327976
0.36979
0.418942
0.477386
0.549436
0.640953
0.759673
0.916004
0.122018
0.0591989
0.0457964
0.0407146
0.0382613
0.036925
0.0362363
0.0361253
0.0365128
0.0373355
0.0385647
0.0401915
0.0422245
0.044708
0.0476952
0.0512602
0.0555066
0.0605535
0.0665275
0.0735478
0.0817239
0.0911569
0.101939
0.114156
0.127892
0.143234
0.160307
0.17929
0.200449
0.224179
0.251049
0.281901
0.317934
0.360631
0.411887
0.475135
0.555873
0.661473
0.801766
0.99121
0.115135
0.057767
0.0449111
0.0399522
0.0375428
0.0362594
0.0356041
0.0354887
0.0358873
0.0367301
0.0379727
0.0395985
0.0416067
0.0440276
0.0469154
0.0503508
0.0544429
0.059306
0.065054
0.071792
0.0796174
0.0886199
0.098882
0.110483
0.123505
0.138051
0.154264
0.172355
0.192641
0.215583
0.241868
0.272516
0.308998
0.353198
0.407987
0.47824
0.570886
0.695258
0.864986
1.09944
0.109541
0.0572257
0.0445987
0.0395547
0.0370753
0.035785
0.0351379
0.0349862
0.0353557
0.0361867
0.0374198
0.0390244
0.0409896
0.04333
0.0461009
0.0493968
0.0533158
0.0579611
0.0634362
0.0698401
0.0772643
0.0857935
0.0955086
0.106492
0.118835
0.132659
0.148138
0.165527
0.1852
0.207718
0.233918
0.265071
0.302951
0.349933
0.409866
0.489053
0.596416
0.74482
0.954981
1.25318
0.106169
0.0573568
0.0446706
0.0393162
0.0366312
0.0352879
0.034678
0.0345505
0.0349103
0.0357181
0.0369208
0.0384833
0.0403888
0.0426479
0.0453093
0.0484565
0.0521826
0.0565845
0.0617586
0.067798
0.0747921
0.0828279
0.0919925
0.10238
0.114101
0.127304
0.142201
0.159098
0.178444
0.200921
0.227562
0.259948
0.300353
0.351864
0.419333
0.511008
0.63941
0.823899
1.0912
1.47663
0.105604
0.057572
0.0448287
0.0390984
0.0361398
0.0347425
0.0342412
0.0342456
0.0346574
0.0354488
0.0365898
0.038069
0.0398819
0.0420395
0.0445805
0.0475698
0.0510904
0.0552341
0.0600922
0.0657549
0.0723109
0.0798527
0.0884812
0.098309
0.109474
0.122162
0.13663
0.153248
0.17256
0.195384
0.222977
0.257273
0.301164
0.358744
0.436644
0.546149
0.704794
0.939376
1.28444
1.78623
0.107067
0.0570481
0.0447649
0.0389219
0.0357501
0.0343341
0.0339726
0.0341648
0.0346498
0.0353923
0.0364215
0.0377721
0.0394601
0.0414978
0.0439103
0.0467415
0.0500557
0.053937
0.0584778
0.0637704
0.0699037
0.0769745
0.0850988
0.0944155
0.1051
0.117387
0.131598
0.148189
0.167814
0.191451
0.220601
0.257606
0.306088
0.371673
0.463716
0.597736
0.798197
1.09909
1.54723
2.20276
0.107671
0.0558399
0.0445468
0.0388886
0.0355595
0.0341238
0.0337878
0.0340531
0.0345895
0.0353012
0.0362341
0.0374538
0.0390086
0.0409254
0.0432212
0.045917
0.0490505
0.0526924
0.0569387
0.0618899
0.0676389
0.0742852
0.0819575
0.0908253
0.101115
0.113133
0.127297
0.144179
0.164575
0.189641
0.22114
0.261904
0.31657
0.392829
0.503546
0.669836
0.92504
1.3143
1.8995
2.76053
0.10414
0.0544243
0.0441838
0.0389361
0.0354986
0.033859
0.0333674
0.0335578
0.0341232
0.0348748
0.035798
0.0369571
0.0384175
0.0402293
0.0424264
0.0450214
0.0480212
0.05147
0.0554675
0.0601343
0.0655654
0.0718574
0.0791481
0.0876425
0.0976324
0.109525
0.123876
0.141432
0.163185
0.190476
0.225281
0.270966
0.333504
0.423333
0.558095
0.766491
1.09283
1.59723
2.363
3.50178
0.0974623
0.052343
0.0430006
0.0384499
0.0351463
0.0333043
0.0326141
0.0326679
0.0331811
0.0339778
0.0349737
0.0361714
0.0376175
0.039363
0.0414711
0.0439822
0.0468984
0.0502329
0.054063
0.0585238
0.0637163
0.0697336
0.0767232
0.0849279
0.0947128
0.10661
0.121365
0.139984
0.163764
0.194273
0.233469
0.285074
0.356746
0.462664
0.626931
0.888363
1.30383
1.95426
2.95347
4.46236
0.09004
0.0494112
0.0409446
0.037166
0.0343728
0.032541
0.0317227
0.0316431
0.0320626
0.0328353
0.0338678
0.0351173
0.0365886
0.0383146
0.0403585
0.0427832
0.045645
0.0489719
0.0527674
0.0571063
0.0621124
0.0679129
0.0746754
0.0826748
0.0923484
0.10436
0.119676
0.139655
0.16607
0.200821
0.245338
0.303349
0.384908
0.509276
0.709196
1.03617
1.56469
2.40306
3.71001
5.72004
0.0830994
0.046326
0.0387038
0.0355692
0.033365
0.0316567
0.030754
0.0305601
0.0308866
0.0315957
0.0326024
0.0338599
0.0353521
0.0371005
0.0391345
0.0415062
0.0443202
0.047651
0.0514824
0.055807
0.0607184
0.0663736
0.0729935
0.0809003
0.090599
0.102875
0.118873
0.14018
0.169004
0.208134
0.258905
0.323001
0.414431
0.56031
0.804493
1.21422
1.8874
2.9705
4.68909
7.39491
0.0771017
0.043299
0.0363933
0.0337146
0.0320566
0.0306849
0.0297955
0.0295144
0.0297437
0.0303611
0.0312975
0.0325143
0.0339957
0.0357523
0.0378067
0.0402032
0.0430174
0.0463121
0.0501104
0.0544304
0.0593377
0.0649784
0.0716167
0.0796224
0.0895542
0.102273
0.118986
0.141159
0.170863
0.212571
0.269918
0.34158
0.443801
0.616105
0.91624
1.42975
2.28455
3.67729
5.92211
9.52011
0.0722585
0.0405523
0.0342428
0.0319221
0.0306695
0.0296641
0.0288439
0.028503
0.0286565
0.0291925
0.0300495
0.0312001
0.0326366
0.0343683
0.0364142
0.0388144
0.0416211
0.0448751
0.0486164
0.0529147
0.0578583
0.0636124
0.0704583
0.0787957
0.0892152
0.102506
0.119658
0.142154
0.173119
0.2174
0.278237
0.356677
0.475008
0.684244
1.05723
1.70285
2.78978
4.58298
7.5225
12.362
0.0684929
0.0381252
0.03226
0.0301921
0.029192
0.0285147
0.0279277
0.0275967
0.027687
0.0281532
0.0289336
0.0300052
0.0313687
0.033035
0.0350237
0.0373705
0.0401189
0.0433012
0.0469801
0.051269
0.0562912
0.0622374
0.0694018
0.0782189
0.0893346
0.103464
0.121365
0.145261
0.178073
0.224036
0.286039
0.37183
0.515377
0.776394
1.24622
2.06546
3.45817
5.77286
9.57281
15.7891
0.0656057
0.0359933
0.0304543
0.0285888
0.0277871
0.0273509
0.0270136
0.0267655
0.0268199
0.0272392
0.027959
0.0289571
0.0302406
0.0318224
0.0337226
0.0359721
0.0386116
0.0416927
0.0453076
0.0495712
0.0546356
0.0607195
0.0681359
0.0773473
0.0890639
0.10423
0.124087
0.150565
0.184513
0.230442
0.294636
0.395948
0.575527
0.90447
1.50046
2.55038
4.35674
7.42203
12.5466
20.9322
0.0634042
0.0341426
0.0288319
0.0271248
0.026489
0.0262515
0.0261495
0.026068
0.0261094
0.0264691
0.0271347
0.028072
0.0292782
0.0307687
0.0325657
0.0347009
0.037219
0.0401841
0.0436869
0.0478481
0.0528301
0.0588545
0.0662265
0.0753907
0.0870328
0.102217
0.122632
0.149732
0.185041
0.234737
0.310856
0.438759
0.667071
1.08203
1.82788
3.14236
5.42118
9.34256
16.0682
27.366
0.0617709
0.0325533
0.0273936
0.0257912
0.025265
0.0251635
0.0252359
0.0253629
0.025529
0.0258894
0.0265243
0.0274077
0.0285335
0.0299237
0.0316043
0.0336096
0.0359861
0.0387976
0.04213
0.0460975
0.0508521
0.0565964
0.0636108
0.0723175
0.0833924
0.097959
0.117714
0.14494
0.184267
0.244165
0.341771
0.510779
0.813314
1.35636
2.31959
4.01021
6.96323
12.1097
21.0793
36.7434
0.0607201
0.0312891
0.0262289
0.0247026
0.0242591
0.0242678
0.0244914
0.024814
0.0251568
0.0255524
0.0261638
0.0270037
0.0280584
0.0293495
0.0309072
0.0327681
0.0349782
0.0375976
0.0407056
0.0444071
0.0488422
0.0541996
0.0607453
0.0689299
0.079528
0.093856
0.114011
0.143452
0.188914
0.263269
0.391244
0.618697
1.02565
1.74736
3.01751
5.25659
9.24051
16.4342
29.1598
42.703
0.0605357
0.0305012
0.0254696
0.0240061
0.0236391
0.0237422
0.0240827
0.0245502
0.025079
0.0256315
0.0262765
0.0270798
0.0280573
0.02924
0.0306606
0.0323569
0.0343737
0.0367676
0.0396137
0.0430136
0.0471072
0.0520917
0.0582474
0.0660785
0.0765389
0.091245
0.112922
0.14641
0.200967
0.294565
0.460473
0.756072
1.27503
2.17144
3.71265
6.38429
11.0914
19.5173
33.7505
42.872
0.0621955
0.0305305
0.0253806
0.023977
0.0237231
0.0239636
0.0244534
0.0250773
0.0257716
0.0264907
0.0272273
0.0280374
0.0289507
0.0300161
0.0312779
0.0327794
0.0345652
0.0366921
0.039237
0.0423068
0.0460537
0.0506998
0.0565704
0.0642349
0.0748287
0.0903369
0.114245
0.1529
0.218499
0.334239
0.540489
0.901804
1.51814
2.55126
4.28095
7.20524
12.1483
20.6687
35.3401
41.6081
0.0674861
0.0320297
0.026531
0.0252155
0.0251698
0.0256603
0.0264077
0.0272721
0.0281749
0.0290666
0.0299184
0.0307432
0.0315779
0.0325036
0.0335725
0.0348254
0.0363091
0.0380871
0.0402466
0.0429093
0.0462491
0.0505226
0.0561192
0.063692
0.0745189
0.0909599
0.117272
0.161332
0.238016
0.374348
0.61437
1.0243
1.70492
2.82031
4.59604
7.47497
12.2638
20.559
36.0694
38.9972
0.0804019
0.0365483
0.0301703
0.0289483
0.0292585
0.0301878
0.0313804
0.0326528
0.0338839
0.0350003
0.0359616
0.0367842
0.037533
0.0382832
0.0390769
0.0399584
0.0409868
0.0422409
0.0438265
0.0458897
0.0486354
0.0523629
0.0575308
0.0648918
0.0758408
0.0930339
0.121347
0.169857
0.255108
0.405345
0.663592
1.09109
1.77948
2.84677
4.48393
7.0354
11.0953
17.6953
28.2771
33.7987
0.107662
0.0468178
0.0384778
0.0372464
0.0380741
0.0396905
0.0415923
0.0435147
0.0452799
0.0467741
0.047944
0.0487997
0.0494123
0.049877
0.0502468
0.0505662
0.050896
0.0513298
0.0520014
0.0530951
0.0548639
0.057665
0.0620321
0.0688197
0.0795248
0.0969734
0.126375
0.177369
0.266934
0.422235
0.68216
1.09959
1.75155
2.74379
4.2543
6.62891
10.5193
17.2068
28.9343
34.0282
0.158434
0.0666557
0.0544598
0.0528898
0.0543257
0.0568602
0.0597454
0.0625981
0.0651684
0.0672956
0.0688867
0.0699165
0.0704434
0.0706095
0.0704932
0.0701083
0.0694969
0.0687545
0.0680423
0.0675995
0.0677575
0.0689663
0.0718594
0.0773985
0.087179
0.10411
0.133452
0.184727
0.274291
0.427294
0.678606
1.07539
1.68696
2.62634
4.07832
6.42071
10.3983
17.4596
30.1263
34.9231
0.242875
0.100509
0.0815798
0.0789391
0.0807973
0.0842411
0.088175
0.0920793
0.0956515
0.0987087
0.101107
0.102746
0.103586
0.103797
0.103493
0.102636
0.101193
0.0991973
0.0967826
0.0942285
0.0919773
0.0906422
0.0910388
0.0943007
0.102162
0.117553
0.145567
0.195186
0.281523
0.427659
0.666028
1.04251
1.62802
2.54138
3.99182
6.38198
10.5524
18.1257
31.9424
36.5833
0.368835
0.152907
0.123436
0.118315
0.119742
0.123425
0.127845
0.132396
0.136808
0.14093
0.144625
0.147667
0.149825
0.151158
0.151775
0.151619
0.150524
0.148288
0.144823
0.140297
0.135227
0.130455
0.12712
0.126703
0.131218
0.14367
0.168957
0.215406
0.296829
0.434542
0.659707
1.01914
1.58928
2.5006
3.9768
6.44965
10.8411
18.9234
33.9759
38.4532
0.537971
0.228586
0.183987
0.17374
0.17249
0.174373
0.177552
0.181423
0.185806
0.190652
0.195898
0.201299
0.206485
0.211265
0.215552
0.219137
0.221691
0.222659
0.221358
0.217373
0.210963
0.203106
0.195295
0.189583
0.188668
0.196095
0.216887
0.258882
0.334813
0.464765
0.67928
1.0259
1.58462
2.49406
3.9846
6.53228
11.134
19.7006
35.874
40.273
0.763593
0.33885
0.269884
0.248138
0.239016
0.234795
0.233289
0.233904
0.236537
0.241223
0.248011
0.256837
0.267421
0.279394
0.29239
0.305942
0.319359
0.331655
0.341315
0.346421
0.345887
0.340039
0.329985
0.318007
0.308155
0.30598
0.31806
0.352691
0.421981
0.544933
0.751395
1.08909
1.63973
2.54446
4.04222
6.65456
11.456
20.5078
37.7833
41.8324
1.06323
0.499005
0.388588
0.342885
0.316276
0.298729
0.287353
0.281185
0.279868
0.283302
0.291591
0.304944
0.323555
0.347514
0.376714
0.410955
0.449479
0.490747
0.532582
0.570662
0.600454
0.618347
0.620134
0.603864
0.575027
0.547265
0.535332
0.552174
0.610745
0.729444
0.936919
1.27905
1.83451
2.74457
4.27548
6.96971
11.9752
21.5389
40.1472
42.5935
1.50593
0.734221
0.548016
0.454519
0.394785
0.354365
0.327611
0.311598
0.304671
0.306053
0.315745
0.334434
0.363315
0.403959
0.458352
0.529042
0.618217
0.726187
0.851297
0.98757
1.12528
1.2475
1.32015
1.30629
1.20861
1.08548
0.986734
0.939848
0.962195
1.07082
1.28838
1.65263
2.23731
3.16678
4.68395
7.35003
12.357
22.0363
41.0677
40.8553
2.43355
1.11968
0.754395
0.565902
0.452674
0.382241
0.338709
0.313224
0.301106
0.30035
0.310756
0.333699
0.372155
0.43097
0.517548
0.643063
0.822527
1.07247
1.40543
1.82458
2.31989
2.8369
3.2135
3.19367
2.78217
2.27127
1.84957
1.58324
1.48261
1.53529
1.72862
2.08054
2.65702
3.56596
5.02756
7.5546
12.1001
20.5866
37.6484
34.6679
3.91593
1.64311
0.93407
0.61109
0.445522
0.356866
0.307878
0.280266
0.266407
0.264154
0.273364
0.295929
0.336708
0.404897
0.516627
0.700632
1.00688
1.51645
2.33889
3.5712
5.24924
7.11473
8.52151
8.35926
6.74188
4.89819
3.44785
2.51545
2.04227
1.86225
1.87481
2.06896
2.48381
3.18785
4.34498
6.37003
10.1087
17.1605
30.329
24.9746
5.83097
1.69499
0.761764
0.453411
0.325712
0.266865
0.23952
0.222053
0.209765
0.206372
0.211669
0.226373
0.255863
0.31004
0.407901
0.590055
0.951706
1.73221
3.4145
6.43928
11.5845
18.6373
24.9612
24.4479
17.9276
11.0174
6.19671
3.44437
2.31637
1.76453
1.46571
1.37322
1.47829
1.75367
2.17727
2.86282
4.58033
9.03011
17.8602
12.9145
9.15916
0.819337
0.285515
0.188507
0.158933
0.152419
0.167729
0.163667
0.143709
0.138997
0.139727
0.144198
0.155004
0.174748
0.207025
0.258048
0.34339
0.523423
0.844901
2.04436
19.3279
39.3348
48.123
44.3846
34.2152
19.9714
8.24645
1.47747
1.29907
0.717147
0.505425
0.399389
0.351693
0.375095
0.427132
0.457839
0.500895
0.728121
1.59337
1.1472
)
;

boundaryField
{
    inlet
    {
        type            epsilonWallFunction;
        value           nonuniform List<scalar> 10(0.0244895 0.00559878 0.000695732 0.000451354 0.000283244 0.000283111 0.000451141 0.000695502 0.00559734 0.0244891);
    }
    inletWall
    {
        type            epsilonWallFunction;
        value           nonuniform List<scalar> 
30
(
0.0313103
0.0302217
0.0284245
0.0264921
0.0244895
0.123494
0.0761039
0.05535
0.0425015
0.0356069
1.16868
0.276496
0.234353
0.196501
0.156049
0.0313105
0.0302215
0.0284242
0.0264917
0.0244891
0.123553
0.0760999
0.0553455
0.0424993
0.0356059
1.52327
0.279849
0.235301
0.196866
0.156181
)
;
    }
    bottleWall
    {
        type            epsilonWallFunction;
        value           nonuniform List<scalar> 
290
(
0.000527278
0.000812052
0.00114785
0.00146021
0.00175982
0.00212011
0.00275325
0.004143
0.00674117
0.0423142
0.0914896
0.178547
0.27986
0.38367
0.476801
0.549983
0.601031
0.633387
0.654601
0.673179
0.696109
0.729708
0.784319
0.881229
1.05879
1.38606
1.96627
2.86168
3.92817
4.77604
4.4661
3.74931
3.1422
2.65305
2.33938
2.12614
1.96818
1.87902
1.95921
2.18274
2.49362
2.84732
3.23343
3.66315
4.15491
4.72745
5.38654
6.11225
6.85813
7.67457
8.54558
9.39853
10.25
11.0903
11.8852
12.6205
13.5069
14.4511
15.2555
15.8843
16.292
16.4338
16.2663
15.7706
14.9944
14.0874
13.2372
12.5592
12.0365
11.5571
11.0078
10.3108
9.53752
8.72543
7.8946
7.08618
6.33789
5.6714
5.09178
4.5872
4.1476
3.74557
3.35585
2.98606
2.66026
2.39888
2.21471
2.1204
2.13217
2.26815
2.56023
3.07875
3.75777
4.41208
4.95431
5.66353
6.3294
7.037
18.6852
9.40763
0.00462508
0.00456635
0.00450523
0.00444237
0.0043784
0.00431473
0.00425418
0.00419706
0.00414116
0.00408492
0.00402743
0.00396823
0.0039085
0.00385262
0.00380943
0.00378519
0.00376033
0.00375962
0.00374564
0.0037545
0.00374884
0.0037402
0.00374056
0.000885999
0.00374542
0.00374435
0.00373887
0.000884751
0.0037416
0.000884631
0.000884762
0.000883148
0.000855124
0.000803167
0.000735524
0.000655497
0.000564271
0.00046146
0.000344263
0.000527278
0.0050412
0.00500641
0.00497133
0.00493539
0.00489805
0.00485888
0.00481757
0.00477392
0.00472789
0.00467944
0.00125899
0.000652093
0.000800732
0.000885327
0.000886093
0.00378164
0.00417843
0.00461047
0.00500558
0.0053459
0.00562864
0.00585592
0.00603209
0.00616219
0.00625148
0.00630509
0.00632786
0.00632425
0.00629829
0.00625356
0.00619313
0.00611962
0.00603527
0.00594402
0.0058674
0.00579983
0.00573719
0.00567705
0.00561821
0.0055602
0.00550309
0.00544721
0.005393
0.00534085
0.00529106
0.00524377
0.00519898
0.00515647
0.00511588
0.00507675
0.00125899
0.00168694
0.00288006
0.00414489
0.00533362
0.00639668
0.00730881
0.00804332
0.00856021
0.0087855
0.0088359
0.00882921
0.0374485
0.00885006
0.0417551
0.0469526
0.0523159
0.0578373
0.0635965
0.0695874
0.0755294
0.0814581
0.0873684
0.0932119
0.0989217
0.104415
0.109553
0.114391
0.118993
0.123451
0.12786
0.132315
0.136845
0.141449
0.14608
0.15069
0.155224
0.161302
0.168364
0.175592
0.182943
0.19035
0.197755
0.205107
0.212483
0.219644
0.225587
0.229778
0.232323
0.233609
0.233788
0.233455
0.233037
0.23231
0.2309
0.228322
0.223703
0.216836
0.208039
0.197458
0.184971
0.171291
0.158954
0.147897
0.138201
0.129687
0.122018
0.115135
0.109541
0.106169
0.105604
0.107067
0.107671
0.10414
0.0974623
0.09004
0.0830994
0.0771017
0.0722585
0.0684929
0.0656057
0.0634042
0.0617709
0.0607201
0.0605357
0.0621955
0.0674861
0.0804019
0.107662
0.158434
0.242875
0.368835
0.537971
0.763593
1.06323
1.50593
2.43355
3.91593
5.83097
9.15916
)
;
    }
    atmosphere
    {
        type            inletOutlet;
        inletValue      uniform 0.1;
        value           nonuniform List<scalar> 
80
(
0.1
0.1
0.1
0.1
0.1
0.1
0.1
2.79137
4.2978
5.13854
5.65821
6.02906
6.23976
6.15846
5.55688
4.21568
2.19406
0.1
0.1
0.1
0.1
0.1
0.1
0.1
0.1
0.1
0.1
10.1094
19.7595
26.6697
27.2212
25.2399
23.1765
24.8835
33.01
43.5792
41.4713
26.5831
0.1
0.1
0.1
0.1
0.1
0.1
0.1
0.1
0.167729
0.163667
0.1
0.1
0.1
0.1
0.1
0.1
0.1
0.1
0.1
0.1
0.1
0.1
19.3279
39.3348
48.123
44.3846
34.2152
19.9714
8.24645
0.1
1.29907
0.1
0.1
0.1
0.1
0.1
0.1
0.1
0.1
0.1
0.1
0.1
)
;
    }
    frontAndBack
    {
        type            empty;
    }
}


// ************************************************************************* //
