/*--------------------------------*- C++ -*----------------------------------*\
  =========                 |
  \\      /  F ield         | OpenFOAM: The Open Source CFD Toolbox
   \\    /   O peration     | Website:  https://openfoam.org
    \\  /    A nd           | Version:  8
     \\/     M anipulation  |
\*---------------------------------------------------------------------------*/
FoamFile
{
    version     2.0;
    format      ascii;
    class       volScalarField;
    location    "4.9";
    object      p_rgh;
}
// * * * * * * * * * * * * * * * * * * * * * * * * * * * * * * * * * * * * * //

dimensions      [1 -1 -2 0 0 0 0];

internalField   nonuniform List<scalar> 
9150
(
1962.85
1961.84
1961.24
1960.76
1960.52
1960.52
1960.75
1961.23
1961.85
1962.85
1962.42
1961.9
1961.49
1961.15
1960.99
1960.99
1961.16
1961.49
1961.9
1962.42
1962.15
1961.86
1961.61
1961.39
1961.28
1961.28
1961.39
1961.61
1961.86
1962.15
1962.03
1961.85
1961.68
1961.53
1961.44
1961.45
1961.53
1961.69
1961.85
1962.03
1962.03
1961.85
1961.71
1961.58
1961.52
1961.52
1961.58
1961.71
1961.85
1962.03
1951.14
1950.23
1950.41
1950.89
1951.06
1951.08
1950.93
1950.5
1950.3
1951.21
1955.14
1954.43
1954.21
1954.16
1954.26
1954.26
1954.16
1954.22
1954.44
1955.16
1958.22
1957.48
1957.17
1956.81
1956.76
1956.75
1956.81
1957.17
1957.47
1958.22
1960.92
1959.81
1959.36
1958.73
1958.58
1958.57
1958.74
1959.38
1959.82
1960.94
1963.59
1961.5
1960.75
1960.04
1959.78
1959.78
1960.05
1960.76
1961.51
1963.6
1945.11
1944.47
1942.97
1942.11
1941.6
1941.63
1942.14
1943.26
1945.48
1947.29
1944.98
1944.9
1944.07
1943.85
1943.52
1943.67
1944.21
1944.7
1945.78
1946.06
1944.92
1945.08
1944.11
1944.61
1944.13
1944.26
1944.7
1944.5
1945.55
1945.52
1941.87
1944.64
1943.59
1945.26
1945
1945.12
1945.33
1943.89
1944.88
1942.17
1935.35
1945.31
1945.67
1947.25
1947.57
1947.61
1947.26
1945.8
1945.43
1935.59
938.106
940.886
943.268
946.002
945.9
946.644
946.719
946.158
945.253
944.299
935.573
938.31
940.703
943.4
944.075
945.307
945.747
944.933
943.668
942.691
931.732
933.289
935.715
937.327
939.171
940.841
941.479
940.446
938.552
937.101
926.858
928.868
931.163
933.086
935.49
935.695
934.637
932.94
933.456
932.702
926.096
928.409
930.286
931.406
932.474
933.302
924.402
924.653
921.715
934.929
929.157
928.944
928.503
928.093
923.32
913.54
914.832
925.775
926.255
911.708
930.275
929.144
927.631
909.715
889.566
894.398
925.271
928.75
921.755
896.119
933.108
927.755
905.347
876.904
876.174
889.714
924.324
924.957
919.298
899.626
937.694
904.019
873.938
871.889
866.959
875.944
920.311
919.237
916.044
912.89
940.603
902.831
869.475
866.826
862.876
858.198
887.767
919.289
919.556
919.652
942.473
924.878
872.893
864.668
862.646
859.868
860.109
921.085
925.779
924.773
928.55
924.621
916.798
885.946
869.16
872.546
893.356
931.187
932.466
931.313
926.882
931.285
944.549
940.98
934.521
935.498
939.055
939.936
935.863
932.983
935.162
941.147
943.868
944.945
945.277
945.677
945.5
944.905
938.905
938.142
939.773
943.233
945.608
947.216
947.941
948.753
948.674
948.385
947.201
942.118
940.496
943.883
941.293
941.882
943.061
949.523
949.91
950.173
950.446
950.372
922.745
924.108
926.241
935.037
946.176
949.353
950.184
951.03
951.915
952.709
917.764
918.102
925.753
943.567
948.531
949.481
950.528
951.566
952.622
953.489
919.336
920.947
938.905
946.306
941.562
943.386
944.522
944.044
944.112
948.945
928.393
936.11
945.741
945.596
946.013
938.419
931.751
930.531
930.008
931.963
943.971
946.483
945.777
944.544
944.06
934.767
931.183
932.195
923.636
891.11
949.919
950.472
912.351
863.205
886.125
927.152
924.358
922.391
906.965
884.061
956.6
955.859
854.879
818.377
813.134
812.245
814.272
817.798
851.604
876.831
810.864
811.453
818.189
822.466
819.413
811.893
842.505
838.398
831.481
831.384
768.366
859.569
956.142
959.078
955.853
949.008
942.206
936.119
929.26
920.976
937.846
937.046
937.234
967.136
960.503
950.911
937.232
904.755
851.845
776.778
864.546
820.614
808.551
822.847
820.761
766.722
650.052
557.015
534.806
531.099
970.175
984.55
781.89
671.443
636.211
605.334
576.397
561.173
547.274
539.799
1005.22
1008.54
1008.46
1005.23
1001.56
972.471
898.159
869.931
871.318
887.058
980.308
985.59
988.183
989.556
991.17
992.874
993.85
994.683
996.37
997.861
945.67
965.142
971.582
976.235
980.638
985.613
989.892
993.43
996.304
998.29
720.5
877.296
902.985
950.827
972.433
979.324
985.779
991.251
995.154
996.887
655.402
658.31
655.16
701.662
844.626
935.692
982.335
989.939
995.383
998.68
904.363
718.162
649.115
652.637
656.591
676.798
920.677
989.066
999.764
1003.07
906.377
916.464
844.97
671.81
658.414
672.362
687.708
821.204
973.212
1010.47
892.958
877.043
894.456
936.772
934.43
893.842
856.814
765.268
767.838
981.118
813.624
823.494
831.885
932.522
988.533
998.285
1006.24
900.84
766.934
775.262
807.362
815.848
824.065
902.547
978.55
985.985
992.078
996.14
995.876
894.717
803.451
810.673
844.569
945.844
967.431
969.382
965.409
871.46
718.865
677.504
821.986
897.403
950.49
963.535
967.039
968.63
935.582
503.181
256.919
256.677
941.806
954.54
961.375
966.356
970.741
974.111
896.356
463.59
255.306
254.276
896.787
872.451
919.105
958.447
969.121
977.701
975.349
898.413
377.364
272.593
639.44
388.299
458.412
778.718
954.993
978.029
989.282
996.117
873.036
749.892
354.571
211.243
208.628
292.801
699.266
961.035
997.276
1000.59
994.372
978.812
247.246
211.151
208.57
206.492
307.793
656.033
894.644
921.938
821.322
618.389
260.051
213.752
213.088
212.265
211.352
328.221
452.085
462.977
352.974
355.544
324.227
217.098
216.34
216.331
216.016
269.073
286.039
305.362
319.893
504.26
370.096
221.648
220.517
220.245
219.527
375.834
517.266
438.673
590.098
821.715
447.932
227.801
226.096
225.673
224.84
369.217
738.054
881.433
864.055
842.622
756.595
268.569
233.162
232.287
231.362
533.735
913.587
901.261
884.074
829.96
1057.69
550.247
243.512
241.289
300.001
858.704
933.857
918.549
892.285
432.691
1075.97
689.651
273.345
263.995
782.592
957.292
940.113
924.288
468.131
405.633
953.97
578.311
309.619
704.644
976.885
962.4
937.704
586.832
319.335
395.534
237.091
250.891
645.534
856.742
848.611
987.744
900.911
324.106
309.807
579.709
221.69
493.739
898.809
673.015
742.476
1005.72
792.878
302.78
307.151
549.669
220.428
897.141
900.659
557.674
933.407
975.038
762.798
293.886
298.561
842.47
236.058
891.635
631.849
519.42
979.941
961.16
695.845
270.218
271.535
914.58
469.094
883.782
353.427
473.333
986.927
978.954
615.44
269.477
381.28
1085.23
797.164
787.997
342.348
313.921
991.887
979.412
899.067
874.03
1092.75
1095.77
914.664
1132.9
428.117
258.334
978.741
944.414
1104.53
1107.5
1108.76
1110.35
1173.31
1172.24
456.685
228.145
948.878
800.228
815.647
1122.01
929.843
950.767
1184.78
1178.62
515.388
178.724
918.426
931.786
342.939
543.167
215.408
143.205
1195.21
1184.14
525.217
132.362
928.136
928.327
75.219
42.177
0.845642
0.144254
1213.47
1131.41
497.918
134.089
915.316
996.461
49.8808
46.0772
30.0284
7.56854
1212.56
1165.24
842.672
145.779
985.006
1040.86
55.57
48.654
22.3165
11.4251
424.404
564.33
700.117
120.185
1042.94
1081.53
60.1169
33.5348
0.35553
0.340106
49.2412
159.542
437.108
114.459
1108.84
1129.64
82.9853
67.2426
0.41912
0.402651
51.0682
58.2972
62.3924
101.094
1156.58
1154.04
91.4288
84.7722
12.6893
0.489872
45.1428
44.0911
18.7305
114.723
1189.55
1187.45
110.749
10.7789
13.2917
11.2229
11.2462
42.2516
11.1279
123.013
1210.8
1212.15
120.146
0.666504
10.1818
11.2277
4.58792
5.71964
2.68953
133.502
1236.76
1236.86
132.861
0.353192
1.02352
2.1395
0.0549519
0.0458787
0.201161
141.896
1259.94
1260.89
141.956
0.160424
0.175666
0.173525
0.0065883
0.0442252
0.119845
152.979
1283.86
1285.93
153.031
0.128899
0.27518
0.145197
-0.0114944
-0.00702622
0.0133283
164.901
1309.16
1309.63
164.673
0.111413
0.332186
0.112745
-0.0176168
0.0435098
-0.0149819
178.142
1335.89
1333.42
177.141
0.104567
0.368616
0.104939
-0.0208161
0.239094
-0.0164742
194.44
1361.6
1363.26
194.343
0.10364
0.373971
0.197047
-0.021894
0.28328
-0.0214826
217.579
1393.08
1393.21
216.891
0.109586
0.38276
0.326203
-0.0257382
0.28454
-0.0253437
246.538
1426.07
1425.92
245.622
0.113645
0.268777
0.344487
0.274782
0.257829
-0.0126823
279.344
1457.98
1459.36
279.483
0.113987
0.119924
0.263699
0.799159
0.120383
0.000527451
322.642
1494.39
1491.29
320.793
0.121793
0.120405
0.346074
0.804805
0.129018
-0.00193678
369.415
1529.25
1520.89
364.466
0.135332
0.182656
0.772499
1.1258
0.576744
-0.0154141
424.095
1563
1552.03
416.346
0.136247
0.283033
0.886676
0.779068
0.730957
-0.021741
473.749
1589.69
1583.97
468.923
0.111236
0.205287
0.878631
0.0715299
0.133977
-0.0176307
526.785
1612.95
1617.91
527.815
0.0678035
0.100414
0.540989
-0.011626
-0.0071441
-0.00437196
577.727
1636.1
1646.59
581.866
0.0328966
0.0664969
0.0983738
0.0249218
-0.00107038
0.00194764
640.075
1662.99
1671.66
643.281
0.023329
0.0542023
0.0805239
0.0587863
0.00054763
-0.00219972
709.363
1692.01
1692
706.696
0.0315889
0.0514612
0.0839886
0.364451
0.0722915
0.0035617
801.392
1718.53
1714.29
793.71
0.0332624
0.0370587
0.0633677
0.56086
0.144461
0.0158531
902.17
1735.29
1743.22
904.811
0.014901
0.0225276
0.0289322
0.0825515
-0.00668778
-0.0092936
1040.98
1756.63
1764.44
1045.64
0.0101036
0.0189025
0.0205121
-0.0175493
-0.0184629
-0.0223255
1195.33
1779.01
1782.1
1193.35
0.0123736
0.0193752
0.0316639
-0.0141374
-0.0213998
0.0119348
1344.45
1796.78
1803.28
1367.96
0.0159755
0.0172459
0.0363818
-0.0157955
-0.0157822
70.865
1488.6
1819.75
1816.55
1463.15
40.5396
0.0101806
0.0270414
-0.0189165
-0.0182183
324.237
1712.55
1835.98
1834.17
1471.42
87.6552
0.00912239
0.0137093
-0.0164208
-0.019578
573.789
1796.37
1854.49
1853.13
1684.86
253.653
0.00938302
0.00952225
-0.0112059
-0.0117884
993.268
1868.31
1873.3
1872.52
1795.38
528.864
0.00609476
0.00924355
-0.0127279
0.0327485
1348.45
1891.17
1892.49
1892.42
1891.45
1122.13
0.0196422
0.0110853
-0.0365649
360.95
1727.77
1909.75
1910.73
1911.12
1910.46
1620.04
74.9257
0.00870054
-0.0201997
1322.13
1927.3
1927.08
1926.71
1926.54
1926.44
1911.83
962.838
0.00131754
753.125
1899.13
1938.79
1937.21
1936.69
1936.86
1937.78
1939.72
1856.63
561.244
942.608
940.208
938.868
938.774
938.707
939.149
939.735
940.449
941.3
942.014
942.158
941.813
941.484
941.625
942.614
944.435
946.412
947.634
948.324
948.604
948.857
949.09
949.267
949.542
950.062
950.759
951.366
951.945
952.651
953.438
954.79
957.31
960.595
961.89
961.415
959.405
957.95
958.815
959.312
959.553
940.776
938.114
936.218
934.752
934.949
935.656
936.416
937.491
938.693
939.72
939.974
939.583
939.178
939.413
941.09
943.306
945.54
947.406
948.456
948.712
948.863
948.775
948.74
949.529
950.231
950.434
950.998
950.793
950.953
950.97
950.888
951.967
954.867
957.506
957.721
955.073
955.517
956.864
957.746
958.725
934.893
930.994
928.028
927.145
928.456
930.092
930.956
932.745
934.528
936.423
937.597
937.82
938.161
939.168
941.302
943.725
945.889
947.826
948.817
949.38
949.412
949.22
947.064
947.409
947.852
949.697
949.931
949.532
948.807
946.87
937.448
937.955
938.821
948.484
951.05
953.749
956.225
957.644
958.944
958.329
924.008
915.374
911.448
920.475
923.003
925.223
926.004
927.739
930.181
932.221
935.084
936.754
938.711
941.247
943.154
945.189
947.086
948.706
949.783
951.003
948.709
946.783
947.346
947.403
946.47
946.7
950.145
949.015
940.116
929.45
928.291
927.431
927.666
928.861
933.179
948.387
954.876
959.52
959.149
958.926
905.085
902.062
897.921
907.466
918.475
921.249
922.41
922.56
924.589
927.751
931.863
936.072
939.89
943.602
944.99
944.363
945.352
950.441
951.52
952.597
953.969
954.951
949.831
947.598
946.978
945.487
948.931
947.624
929.177
925.737
922.452
920.005
920.376
921.676
923.707
927.462
942.097
957.773
962.783
958.031
897.988
895.866
892.411
889.11
910.448
914.494
904.876
908.107
917.322
924.237
929.65
935.251
941.285
946.106
943.492
944.023
944.846
943.48
946.396
945.454
945.175
955.841
959.33
959.159
954.073
951.497
952.585
950.567
933.107
924.447
921.476
917.966
919.166
920.798
922.213
926.039
928
954.184
962.83
956.852
896.441
894.331
891.612
898.716
908.326
905.947
883.459
876.711
902.047
923.023
930.036
936.305
942.151
947.305
952.871
957.433
959.849
955.744
947.361
946.083
945.051
944.112
943.528
943.867
956.201
958.834
957.859
956.602
954.171
949.298
936.943
928.226
924.27
928.322
927.569
926.581
928.858
954.493
960.866
960.362
899.516
921.148
924.984
924.776
922.533
898.369
872.51
871.82
871.695
911.672
931.904
937.131
942.149
947.127
952.053
956.169
959.818
962.609
964.421
962.95
960.094
954.515
948.2
947.807
954.371
960.663
960.032
959.465
958.833
958.389
958.497
959.094
960.087
961.926
961.274
936.25
949.054
959.085
960.312
961.503
921.587
927.084
929.659
900.697
871.279
872.334
873.365
873.576
873.477
909.258
931.863
934.689
941.932
946.413
950.629
954.35
957.956
961.734
964.256
966.224
963.117
958.219
960.256
961.504
962.277
962.251
961.834
961.528
961.288
961.214
961.783
963.081
963.994
964.813
962.444
963.235
962.105
952.895
946.832
962.227
921.508
924.128
926.635
929.27
924.58
891.011
887.574
885.406
912.01
936.698
934.693
935.29
938.234
946.399
948.981
946.747
951.694
959.273
962.633
964.739
965.54
965.767
965.526
956.268
952.988
952.576
960.931
963.344
963.572
963.741
964.623
966.002
966.864
959.195
959.61
968.113
957.763
938.018
935.312
946.34
925.165
926.863
928.853
930.981
933.444
935.645
936.263
936.252
938.394
939.011
935.544
936.64
940.888
947.623
939.941
939.491
940.93
956.172
957.245
954.088
961.875
964.288
964.474
964.026
963.43
942.132
947.274
965.456
966.673
958.146
946.966
948.072
950.997
951.848
964.921
970.124
939.915
936.183
935.35
935.841
931.076
931.881
933.264
934.796
936.19
937.378
938.135
938.92
939.564
938.799
937.29
939.169
945.615
948.907
937.155
940.008
946.559
953.427
935.317
934.954
946.756
966.917
967.098
946.288
931.192
934.005
950.34
960.453
958.745
958.921
962.162
955.45
949.086
958.578
968.192
965.989
949.72
934.445
933.263
933.691
932.877
937.354
937.968
938.707
939.494
940.201
940.638
941.147
941.795
941.546
938.908
942.335
946.047
948.946
942.895
941.439
958.364
959.881
929.826
931.152
932.309
965.392
966.325
932.201
931.844
939.347
968.682
967.581
965.49
965.045
963.115
948.496
941.379
960.037
959.9
960.358
961.516
960.935
938.67
927.709
937.692
937.408
937.486
940.147
943.708
944.143
944.572
944.772
945.031
941.449
943.489
945.307
947.589
949.778
952.51
955.01
957.219
958.827
938.068
927.828
927.739
960.382
945.906
931.289
930.127
966.489
969.733
968.57
966.166
954.653
949.451
948.307
949.391
955.479
953.675
953.373
954.897
958.286
959.524
924.449
941.929
941.902
942.029
942.228
942.533
945.181
948.669
948.962
949.348
940.652
942.003
947.916
950.365
952.612
955.03
957.298
959.141
959.95
951.119
928.005
937.637
968.878
947.285
928.183
927.359
963.077
964.504
966.449
944.632
935.873
950.686
953.827
957.402
956.524
948.331
942.269
951.833
959.341
963.518
926.673
949.525
945.131
945.648
946.047
946.44
950.503
953.077
953.376
953.959
940.693
934.321
939.781
949.654
955.451
958.92
961.499
963.594
959.59
962.527
968.833
968.963
970.093
969.668
929.728
927.648
949.512
966.417
968.011
966.473
966.645
967.102
968.22
966.366
944.483
861.199
855.131
915.46
967.622
972.832
931.702
953.448
954.223
951.426
954.251
956.105
956.597
957.154
957.768
943.391
935.231
937.287
938.546
939.344
951.811
963.068
965.573
968.323
965.032
969.798
975.534
974.007
973.249
972.9
962.736
953.914
963.308
973.512
973.253
973.481
959.468
956.736
939.56
860.985
836.514
835.698
834.995
875.486
978.151
967.272
933.625
951.441
946.82
949.615
956.697
958.261
958.884
954.272
931.003
932.225
937.013
950.952
941.435
941.916
957.732
964.648
962.905
968.808
975.289
967.317
980.944
977.307
974.701
974.486
976.038
977.708
979.188
980.287
980.705
977.797
901
873.883
866.068
853.648
840.953
841.72
843.348
930.447
988.047
936.426
935.116
943.739
945.805
942.759
939.183
942.3
941.167
923.676
918.795
931.984
966.171
966.914
966.501
966.241
965.768
961.427
960.55
965.727
970.634
958.158
980.098
976.832
973.225
973.416
976.338
959.856
948.137
949.707
943.309
940.282
963.754
986.172
985.126
985.393
979.927
971.105
974.776
968.514
899.863
898.96
940.702
940.951
935.062
927.193
934.096
911.192
913.136
914.692
916.297
935.688
964.14
967.456
967.185
966.596
965.762
963.986
958.337
962.014
960.751
939.574
868.513
946.678
970.827
972.492
948.382
950.765
960.41
983.857
985.89
986.198
986.349
986.172
985.933
974.154
916.528
877.682
878.2
879.045
881.625
935.571
977.913
891.449
892.543
893.942
895.964
929.351
931.744
918.311
914.038
917.07
926.189
964.361
969.378
968.698
967.31
964.526
961.185
957.232
952.103
852.701
744.032
801.403
937.158
967.665
954.362
964.828
977.602
980.547
982.59
984.619
985.661
986.778
977.063
898.262
877.909
878.439
879.656
880.178
879.961
973.224
992.988
886.339
886.509
889.53
897.29
945.257
949.458
953.227
944.087
919.43
923.279
951.74
973.998
973.78
972.746
970.445
967.315
962.064
877.276
720.92
725.653
725.128
751.905
834.111
911.971
962.533
974.55
978.838
982.258
984.895
986.808
978.237
947.115
907.893
878.967
879.849
880.708
880.881
917.785
988.687
996.257
883.045
888.552
887.255
892.405
942.517
951.421
957.114
961.789
956.343
948.677
965.361
976.249
981.007
980.131
967.178
980.546
978.385
836.444
721.691
726.12
726.275
726.809
727.585
734.67
829.257
971.906
981.995
985.456
987.929
987.879
957.597
942.932
944.458
933.913
912.458
946.521
949.232
992.927
997.01
998.496
830.224
893.951
941.043
944.653
947.492
952.549
954.459
959.399
974.624
979.846
977.238
971.923
980.048
986.074
922.93
899.656
977.589
871.76
727.242
729.574
728.206
727.66
728.207
729.708
777.409
970.029
988.062
990.453
992.079
979.344
977.029
995.501
997.114
998.278
999.357
997.058
1000.47
1001.01
1000.29
1000.37
913.731
903.503
878.136
885.991
926.914
951.874
954.493
882.84
934.044
983.635
988.078
978.086
988.59
978.837
852.03
847.791
853.307
884.704
805.83
764.829
764.34
767.501
833.371
904.203
854.265
931.927
995.581
996.239
996.533
996.419
996.205
996.751
997.968
999.148
1000.33
997.52
1000.62
1001.48
1000
1000.54
715.127
676.346
579.893
568.526
677.009
867.891
858.996
865.149
911.291
984.483
990.816
961.91
990.216
957.659
847.722
848.401
848.843
850.557
858.165
870.547
917.537
977.02
1002.49
1002.16
975.623
931.553
949.821
994.005
998.512
998.242
997.792
997.936
998.495
990.638
976.829
972.208
981.338
1002.77
980.907
976.416
526.391
520.61
515.001
514.502
517.625
569.189
851.487
953.157
973.858
978.2
961.883
945.394
997.652
976.817
848.192
849.005
849.343
849.909
898.124
869.784
900.41
1000.1
1006.89
1005.43
979.091
931.877
931.89
963.308
1002.05
1001.95
1001.8
1001.95
1002.7
962.205
964.065
972.251
974.544
987.054
976.535
977.414
537.423
528.704
520.279
648.383
811.782
932.631
970.743
975.776
976.707
945.886
922.862
950.833
1005.16
1003.78
956.477
933.944
944.644
930.449
990.314
987.335
962.617
1001.21
1007.32
1003.77
937.488
932.811
932.505
964.635
1007.49
1007.4
1007.4
1007.01
992.938
963.076
980.291
992.948
994.148
1009.89
1005.22
989.683
892.804
878.95
818.35
789.078
891.792
921.303
922.894
924.221
946.439
918.127
922.028
994.127
1004.29
1005.83
1007.96
1009.31
995.642
981.008
999.716
1002.44
1002.54
1006.45
993.984
940.395
934.339
934.651
938.347
1003.51
1012.19
1011.69
1011.32
1002.43
963.64
964.659
989.131
992.021
1006.71
1012.16
1011.95
1011.85
998.108
996.475
993.998
980.921
980.083
990.08
990.511
985.64
979.444
941.52
918.884
988.399
1002.25
1002.7
1004.54
980.006
901.247
952.688
1002.98
1003.83
1006.08
997.139
937.971
939.38
948.226
959.839
1007.89
1017.29
1016.11
1015.62
1016.11
966.008
966.399
991.621
990.89
977.188
996.847
1013.59
1014.01
1013.91
998.496
994.107
997.828
1000.53
1001.84
1003.75
1006.41
1009.71
1012.17
1004.2
908.008
872.756
969.661
999.611
1000.07
993.075
877.608
803.143
841.112
1004.73
1010.14
1011.13
992.559
1002.15
1018.18
1020.4
1020.06
1012.24
979.657
967.206
953.071
989.713
994.087
970.201
957.692
977.445
1014.52
1015.36
1015.93
1016.23
987.563
989.184
990.363
1000.37
1006.97
1009.7
1012.43
1015.13
1016.72
1012.71
899.484
862.415
860.576
860.852
947.963
953.659
830.86
798.858
797.718
800.698
892.14
1022.19
1023.85
1024.03
1024.44
1023.97
973.296
938.884
937.874
937.181
936.095
1005.47
969.025
946.955
947.609
965.831
1016.02
1018.62
1019.25
1019.57
995.92
990.773
992.642
997.322
1008.85
1011.63
1014.12
1015.78
1016.25
1015.52
981.157
888.286
915.699
873.138
894.893
1015.45
997.097
811.03
800.221
800.564
800.88
954.804
1012.94
1027.87
1027.09
1026.56
991.766
940.505
939.347
943.276
963.762
1004.82
941.897
962.546
994.677
1000.34
1020.17
1020.53
1021.35
1021.85
1005.07
1006.22
1002.67
1007.06
1009.24
1011.77
1013.46
1013.73
980.869
920.769
952.181
1001.3
1005.24
1001.53
1005.38
1023.44
1023.75
978.258
800.609
799.976
800.413
854.057
1006.26
1009.89
1015.71
1030.54
1029.35
1017.82
1012.2
1012.45
1010.05
982.315
949.815
1016.87
1016.13
1014.41
1007.31
1020.29
1024.56
1023.37
1011.3
1010.1
1008.05
1007.38
1008.69
1009.95
1010.22
1009.93
926.263
824.044
828.187
863.213
997.288
1007.18
1015.88
1029.21
1029.1
1007.48
806.066
799.795
799.952
822.958
1016.2
1011.08
1009.86
1032.16
1032.86
1022.8
1006.58
972.203
972.919
971.891
1012.76
1016.65
1007.16
958.339
899.794
952.314
1011.6
982.295
1022.2
1015.34
1009.18
1004.95
1002.7
1001.57
1002.53
1003.85
940.266
816.981
825.252
832.893
838.376
841.535
904.679
950.077
1035.77
1011.05
800.132
801.037
800.394
883.803
1039.87
1015.85
1014
1037.6
1003.58
952.346
952.079
951.158
992.713
1030.85
1027.39
989.753
835.137
837.033
840.801
917.848
961.937
921.907
1021.65
995.374
957.981
946.669
962.305
971.088
977.049
982.447
988.738
938.421
821.994
833.766
841.436
846.1
847.908
848.842
912.245
991.934
803.106
804.407
845.827
1026.43
1048.52
1039.85
1043.61
1041.73
993.589
956.368
1023.78
1027.56
1031.28
1029.05
992.583
830.933
802.796
873.828
1005.62
1007.9
1008.04
953.516
795.348
805.752
566.376
452.471
518.838
616.28
717.814
816.849
870.716
868.999
890.363
904.066
848.376
854.147
857.498
870.307
1015.87
1058.93
973.273
970.523
1021.41
1052.98
1054
1050.68
1046.94
1043.15
1024.78
925.259
913.219
909.373
992.433
1021.11
1016.38
937.664
780.65
953.919
987.659
994.1
998.772
1001.63
761.988
752.282
388.516
238.841
234.034
232.317
233.774
300.289
455.454
618.81
729.361
737.134
830.502
887.782
872.123
987.959
1083.35
1076.14
1070.38
1066.18
1065.46
1060.94
1056.8
1040.19
949.556
934.372
928.917
923.528
918.775
893.433
868.114
861.986
849.987
836.29
730.029
934.249
966.204
976.743
985.317
990.06
353.299
543.456
314.068
234.652
230.089
228.571
230.781
233.339
263.509
559.052
662.056
721.476
758.606
913.353
965.818
904.345
944.922
1096.65
1079.18
1076.93
1070.21
1062.79
1056.3
1014.68
962.455
1038.85
1034.1
1027.27
1022.5
1011.5
964.451
968.289
921.65
777.813
704.367
771.576
872.507
939.862
972.842
977.026
253.693
251.739
242.321
237.745
233.756
231.334
231.977
234.215
236.363
471.538
797.584
848.704
784.143
847.104
1012.78
941.71
908.884
896.772
954.147
1085.5
1070.9
1058.82
1048.76
1024.16
1022.23
1024.78
1020.46
1013.47
969.414
951.841
974.703
973.989
972.483
843.114
700.672
624.666
640.677
697.657
966.267
971.665
258.511
267.83
262.965
248.505
241.927
238.35
236.185
235.811
236.497
491.405
793.141
836.526
791.474
837.014
1023.96
1065.94
924.138
889.98
872.735
920.172
1062.35
1048.25
1037.6
1022.12
984.491
978.514
1010.03
983.833
749.502
685.503
944.366
973.789
975.425
916.016
639.031
623.319
622.188
627.363
942.477
975.632
690.221
707.782
643.685
533.001
385.711
250.019
255.553
255.31
401.234
748.843
769.193
796.661
810.962
818.355
973.807
1033.32
1019.61
858.7
845.088
831.404
859.721
999.133
1027.13
1017.87
988.57
969.048
970.32
947.808
691.436
671.103
668.537
673.168
796.689
797.541
616.989
618.978
661.33
879.951
960.261
982.693
981.173
999.532
1021.71
1017.6
888.791
593.967
698.391
718.672
701.27
684.384
563.609
609.435
654.444
468.864
652.011
940.12
962.061
960.162
905.475
886.051
841.578
901.715
1020.57
1015.11
1010.05
1000.01
967.763
973.677
1012.25
947.327
833.847
636.68
634.087
622.253
613.121
710.106
955.379
1005.79
1007.44
1009.14
734.199
949.917
970.828
908.655
788.627
725.19
610.03
609.332
571.619
269.8
170.956
176.349
212.812
215.688
296.103
781.988
918.901
931.039
936.579
931.142
871.466
974.221
1019.82
1017.25
1013.97
1011.4
1008
1008.3
1008.79
1006.89
1007.63
1011.53
983.308
757.497
614.862
690.231
910.89
1015.9
1018.86
1020.65
589.408
917.413
738.255
377.531
161.364
151.068
144.638
141.454
142.8
148.087
154.193
161.159
168.221
185.425
281.152
803.82
912.239
921.785
878.108
672.339
647.566
759.207
943.205
968.551
919.543
927.059
998.751
1013.27
1013.79
1014.15
1014.68
1017.15
1020.5
1024.06
935.795
698.978
760.238
1009.84
1026.09
1026.66
812.17
792.753
306.071
148.123
140.232
134.883
130.627
127.76
128.822
134.193
141.578
150.027
160.855
434.215
549.53
822.201
837.315
675.558
578.223
585.386
628.782
690.037
759.314
732.088
722.444
721.877
721.849
801.109
1003.77
1019.46
1020.88
1023.54
1027.17
1031.74
912.647
712.725
828.236
1027.49
1028.35
1029.1
796.648
732.7
205.497
141.212
134.55
128.854
125.704
124.298
124.085
128.79
135.407
143.009
277.346
613.253
626.482
553.302
519.367
532.048
541.836
708.445
940.757
1007.72
869.654
722.977
722.464
722.342
721.463
785.979
1010.27
1022.39
1023.59
1025.98
1029.28
1033.73
822.347
714.724
781.074
1023.65
1030.87
1032.72
817.307
590.88
165.351
146.737
139.348
132.474
129.437
126.694
128.248
131.853
137.292
154.472
437.905
625.083
508.742
508.079
514.06
604.185
836.485
995.597
1008.34
1006.74
1003.24
981.671
925.525
819.408
864.741
991.839
1022.32
1022.26
1023.33
1025.52
1028.49
859.707
723.744
734.772
992.867
1043.59
988.288
973.208
617.055
531.398
307.147
156.293
150.564
145.08
141.443
137.398
136.95
140.406
144.112
148.088
315.618
492.166
498.347
519.812
736.648
957.541
997.85
1004.58
1005.84
1004.78
1001.89
999.01
997.002
961.176
983.189
1021.69
1018.43
1016.69
1017.28
1020.03
774.543
711.602
716.737
987.83
1046.02
1040.96
786.852
570.414
436.342
1016.32
637.087
164.662
161.702
158.845
156.298
154.64
154.171
154.618
155.377
156.405
272.536
619.141
708.07
840.834
979.098
977.609
874.426
904.157
956.807
992.045
991.221
991.854
991.816
949.401
973.795
993.64
981.794
999.366
1014.47
917.824
690.919
709.954
968.013
1055.16
1054.02
906.906
301.88
206.653
569.317
1051.49
901.021
228.066
170.252
168.878
166.969
165.204
164.482
165.672
167.812
302.329
643.59
961.12
1022.86
1020.04
1006.02
909.869
799.287
684.154
551.953
718.608
844.55
776.22
807.4
892.016
744.86
527.025
459.388
499.306
905.051
753.504
833.059
972.728
1052.06
1059.56
1064.29
574.901
201.944
203.72
1021.03
1048.95
1042.26
766.739
200.672
173.443
172.631
307.22
525.605
676.891
793.63
922.121
1048.05
1056.69
1046.36
1034.95
832.358
514.869
719.442
734.333
554.467
212.681
368.162
397.333
509.934
509.049
216.267
166.576
126.486
277.259
453.504
629.197
910.098
1051.93
1059.32
1065.84
1071.58
652.355
199.962
201.829
1052.07
1056.25
1056.1
1054.34
943.322
823.302
814.206
992.719
1074.51
1092.53
1090.25
1086.57
1080.52
1072.74
1061.86
907.605
481.958
466.37
618.154
753.422
633.613
186.845
92.419
91.6174
88.1661
68.3907
50.6985
20.1178
6.43269
136.092
385.71
529.646
765.992
1017.89
1067.15
1071.58
1075.7
972.569
685.367
664.962
1064.42
1067.08
1068.59
1070.32
1073.45
1076.7
1079.95
1090.79
1090.9
1112.77
1105.03
1096.61
1089.91
1083.44
1003.35
519.086
477.003
472.153
618.785
767.695
755.027
487.957
76.6275
40.4103
22.1659
23.9322
27.5349
1.7638
1.29467
0.770503
129.671
579.643
909.333
1036.51
1077.03
1080.74
1086.34
1088.92
1092.94
872.687
1078.9
1079.01
1078.31
1062.67
942.353
920.548
927.313
941.933
838.29
822.376
859.289
1000.68
1095.28
1090.92
846.991
531.886
576.399
736.609
727.852
512.053
219.476
232.109
65.551
8.4294
0.799553
0.730039
1.6067
1.24716
0.740373
0.70575
0.74704
1.13216
419.975
983.481
1087.77
1092.57
1096.28
1098.6
1101.28
925.019
1085.31
1086.14
1084.88
983.102
807.485
798.457
791.354
792.982
814.202
825.104
798.165
540.745
553.392
910.993
920.304
920.915
711.868
193.796
52.2161
11.3577
4.7635
43.4331
16.6362
0.622397
0.657676
0.647067
0.635024
0.670198
0.722601
0.728381
0.757227
0.543887
0.453072
197.881
738.435
1012.67
1048.51
1085.06
1036.51
929.097
1088.86
1090.64
1090.93
1089.49
1085.81
1056.09
889.949
543.57
371.013
493.162
557.477
533.089
323.55
420.306
770.397
933.041
920.127
740.544
134.144
3.83503
1.76588
1.52434
0.842065
0.627036
0.606981
0.594254
0.598308
0.606865
0.849853
0.926556
0.815422
0.484446
0.493631
0.458209
0.528431
92.675
206.283
325.557
397.835
585.95
1098.53
1098.81
1097.55
1094.98
974.443
560.237
227.608
4.11249
0.234037
0.160395
0.24367
23.3933
46.0343
41.7889
40.9136
54.921
225.188
259.466
82.5644
2.07163
0.659655
0.58043
0.484088
0.50498
0.508841
0.514587
0.653306
0.911059
0.903894
0.800865
0.461417
0.447642
0.471751
0.493091
0.488092
0.462673
0.448294
1.63515
5.32117
33.0012
1109.35
1095.58
1010.46
701.56
190.072
0.354295
0.101507
0.162124
0.213383
0.196199
1.21702
0.646337
0.600127
0.349938
0.375088
0.30517
0.314696
1.5492
5.73024
0.663529
0.136496
0.251709
0.306964
0.375471
0.412325
0.429123
0.513333
0.546798
0.465385
0.43022
0.420032
0.418027
0.724091
0.864193
0.800684
0.453127
0.445325
0.441384
0.435929
0.430305
750.883
458.441
175.865
0.122525
-0.00387351
0.0641669
0.0717056
0.0875633
0.116406
0.129002
1.33041
0.747191
0.194922
0.346284
0.379636
0.432643
0.284488
0.0953361
-0.0100477
0.0473085
0.140491
0.256609
0.312053
0.350098
0.370993
0.382498
0.394907
0.395322
0.394692
0.39035
0.38157
0.373749
0.561086
0.833392
0.822317
0.760972
0.463503
0.431393
0.429844
0.42635
-0.0541438
-0.098832
-0.0893519
-0.0379118
-0.0293845
-0.0159877
0.00342186
0.0335086
0.0776565
0.129049
1.38019
0.978895
0.141102
0.161791
0.191076
0.155797
0.132369
0.124183
0.15682
0.220671
0.288645
0.373459
0.474543
0.504135
0.663049
0.726033
0.758813
0.593091
0.365944
0.361123
0.353339
0.344784
0.336942
0.331738
0.545644
1.02977
1.05557
0.719471
0.736469
0.53549
-0.00421907
-0.0670086
-0.102096
-0.118664
-0.117787
-0.102295
-0.0734066
0.0860044
0.038759
0.283545
1.3974
0.389632
0.153353
0.155102
0.153275
0.160105
0.180093
0.216166
0.267206
0.325999
0.378216
0.413204
0.437805
0.421501
0.423495
0.485916
0.87385
0.883101
0.886797
0.551489
0.329521
0.323532
0.319559
0.321083
0.324232
0.896189
1.07749
0.880412
0.809583
0.855177
-0.0131858
-0.0749681
-0.16357
-0.246082
-0.240719
-0.249867
0.273084
0.147952
0.48761
0.7469
0.798632
0.118973
0.136002
0.143653
0.157178
0.177438
0.205543
0.239361
0.374561
0.923789
1.20259
1.0351
0.8383
0.965837
0.825854
0.482648
0.441975
0.754824
0.876456
0.877322
0.568326
0.303633
0.303203
0.303065
0.301543
1.02201
1.06636
0.914025
0.642788
0.854449
0.0881413
0.0198363
-0.0381491
0.0650899
0.465964
0.445438
0.482021
0.568058
0.655899
0.359252
0.00639249
0.0558357
0.0892427
0.111691
0.130179
0.151093
0.395116
2.32263
2.60859
2.6607
2.69593
2.70303
2.69385
2.67094
2.63627
1.61958
0.336519
0.673305
0.853461
0.854693
0.854515
0.335062
0.280071
0.280084
0.395604
1.05467
1.05889
1.06031
0.715422
0.710247
0.271512
0.178703
0.432575
0.76621
0.702495
0.678527
0.31267
-0.0518736
0.0221413
-0.0515624
-0.00795044
0.0308294
0.0550896
0.0905149
1.41369
2.38246
2.40472
2.46057
2.50141
2.45921
2.57097
2.58238
2.53756
1.08505
0.936673
0.746204
0.256104
0.765343
0.824338
0.829508
0.831644
0.411996
0.255455
0.256475
0.504742
1.0506
1.05398
1.05662
1.0597
0.704888
0.374222
0.344342
0.521339
1.03229
0.801225
0.0870415
0.0481115
0.0272294
0.0258041
0.0145786
0.0208602
0.643382
2.19472
2.25793
2.28783
2.34448
1.7822
0.463973
0.218328
0.195687
0.455898
0.900427
0.254109
0.102914
0.126255
0.151774
0.2011
0.433006
0.807136
0.816677
0.647621
0.279852
0.231755
0.234934
0.740903
1.04762
1.05029
1.05241
1.05433
0.7256
0.816338
0.45601
0.415939
0.550076
0.388012
0.172643
0.116375
0.0629891
0.308839
1.95748
2.16383
2.1907
2.19482
2.23324
1.26202
0.045044
0.0587613
0.0752241
0.0917904
0.101906
0.105656
0.104704
0.34509
0.123389
0.141406
0.160895
0.182227
0.189438
0.33498
0.360344
0.247576
0.21287
0.214999
0.216994
0.259306
0.781733
1.04098
1.04667
1.02306
0.705719
4.61281
0.405846
0.379616
0.312039
0.219369
0.135792
0.183143
1.61614
2.00038
2.02022
2.07764
1.24758
-0.0394049
-0.0285369
-0.0118667
0.00962955
0.0309195
0.0513017
0.0777882
0.0908533
0.103672
0.136089
0.258604
0.145507
0.16248
0.177928
0.188174
0.193006
0.195436
0.19813
0.200626
0.202026
0.202321
0.202518
0.202529
0.204553
0.740147
1.0475
1.02383
0.701117
5.42272
0.862602
0.279082
0.236928
0.154809
0.0674465
0.11745
1.71187
1.92756
1.94686
0.73721
-0.104703
-0.0911576
-0.074438
-0.0529784
-0.0273723
0.000275853
0.0268261
0.209937
0.476441
0.105895
0.127363
0.147586
0.163751
0.177631
0.188386
0.193984
0.196296
0.196151
0.195994
0.195599
0.194167
0.192036
0.19057
0.1985
0.196699
0.499062
1.04816
1.05714
0.730528
1.08612
0.69786
0.222591
0.16103
0.0970287
0.0181833
-0.0333655
0.380909
1.18549
1.71439
0.93685
-0.149153
-0.130547
-0.109115
-0.0819066
-0.0544316
-0.0214412
0.0103193
0.270544
1.15267
0.514568
0.137026
0.157143
0.175983
0.209682
0.234599
0.276031
0.217516
0.191428
0.188476
0.185579
0.182288
0.179178
0.177672
0.1956
0.20917
0.515996
1.05314
1.06667
0.759143
0.158353
0.168931
0.178647
0.122821
0.0693338
0.0134544
-0.0482238
-0.106557
-0.105931
-0.0443993
-0.0325105
-0.100224
-0.105855
-0.0897118
-0.0818983
-0.0563165
-0.0239258
0.00806689
0.190336
1.15166
1.22422
0.49919
0.442166
0.765463
0.996156
1.1193
1.30016
1.30045
0.755109
0.218588
0.168884
0.163525
0.160257
0.160604
0.172539
0.179719
0.724501
1.05485
1.04281
0.766933
0.126982
0.119861
0.11736
0.0963315
0.0679045
0.0367756
0.00130277
-0.0340668
-0.062899
-0.0807816
-0.0856466
-0.0807639
-0.0758199
-0.0652735
-0.0494062
-0.0311996
-0.00635411
0.0199422
0.0936097
1.13235
1.21852
1.23496
1.24815
1.25866
1.2651
1.27163
1.27629
1.2784
1.27893
1.28066
1.27525
0.782144
0.13394
0.253666
0.383683
0.355711
1.01367
1.04353
1.05482
0.75687
0.108053
0.10269
0.0959333
0.0875674
0.0769191
0.06063
0.0408988
0.0243073
0.00960718
-0.00303444
-0.0104284
-0.0128876
-0.0120798
-0.00858021
-0.00192029
0.00877488
0.0226
0.0376519
0.47697
1.20836
1.224
1.23429
1.24131
1.24512
1.24583
1.24694
1.24282
1.23458
1.21933
1.21988
1.22093
0.66275
0.0929038
0.121138
0.324278
0.700084
1.00601
1.02076
1.03142
0.902751
0.101457
0.0970746
0.0919817
0.0879306
0.0807441
0.0729357
0.0657282
0.0594249
0.0579836
0.0560426
0.0525939
0.0492195
0.0464131
0.0450094
0.0458326
0.0485886
0.0518778
0.0573798
0.815659
1.22818
1.23432
1.2356
1.23353
0.995308
1.16427
1.22768
1.2144
1.19613
0.318561
0.0398201
0.117605
0.107425
0.0537596
0.0604687
0.164872
0.514522
0.982704
0.989532
0.828657
0.909194
0.101557
0.0975748
0.0931612
0.0885442
0.0846577
0.0823788
0.0829104
0.086123
0.0895018
0.0922807
0.0929977
0.0913671
0.0885746
0.085049
0.0958787
0.376757
0.352796
0.22198
0.394086
1.11483
1.25067
1.24625
0.664761
0.0878558
0.264393
1.24151
1.13866
0.0924351
0.0231156
0.0246594
0.0250157
0.0273673
0.0350906
0.0424039
0.124874
0.478647
0.201061
0.356491
0.24833
0.874701
0.106352
0.102756
0.099591
0.0973971
0.0964104
0.0974357
0.101241
0.10563
0.109672
0.126604
0.157764
0.145706
0.11323
0.111751
0.573529
0.625936
0.615172
0.243589
0.0836512
0.0934376
0.419546
0.105742
0.0719645
0.0749945
0.173058
1.2541
0.230911
0.0217069
0.0253852
0.0257315
0.0240136
0.0268302
0.0323879
0.0460999
0.139524
0.152393
0.082279
0.0975788
0.212884
0.864481
0.109329
0.108137
0.10634
0.105718
0.173597
0.126044
0.112184
0.157227
0.192594
0.195975
0.17033
0.157243
0.188644
0.620316
0.612496
0.584931
0.160282
0.0892604
0.0862988
0.0829361
0.0783174
0.0750798
0.075047
0.0790652
0.665137
1.03197
0.0335655
0.0239192
0.0226126
0.0234566
0.0270188
0.0317628
0.03858
0.047624
0.0696065
0.0736877
0.0869205
0.128528
0.648783
0.872984
0.330133
0.59262
0.220298
0.185549
0.184524
0.264457
0.250778
0.218422
0.170316
0.149087
0.115581
0.328138
0.492647
0.43318
0.151413
0.10347
0.0978543
0.0935709
0.08948
0.085671
0.081674
0.0854882
0.195672
0.636709
1.00116
0.26519
0.0338578
0.0314096
0.0306691
0.034015
0.0369582
0.0405137
0.0475451
0.0551219
0.0628899
0.0726139
0.0871437
0.128336
0.812656
0.836011
0.883554
0.881659
0.845308
0.311292
0.123599
0.264061
0.438951
0.105045
0.100186
0.100473
0.10438
0.370376
0.160285
0.158933
0.233601
0.11694
0.0967843
0.0935898
0.0903664
0.0874389
0.202367
0.683273
1.16872
1.15464
0.763425
0.0423718
0.0402117
0.0389511
0.03867
0.0442129
0.0466422
0.0517167
0.113769
0.4865
0.776942
0.8197
0.579645
0.560442
0.649011
0.670092
0.883943
0.880494
0.877331
0.360794
0.115027
0.231623
0.434562
0.269723
0.0924575
0.0933102
0.0990991
0.188885
0.149234
0.267071
0.291515
0.147557
0.0932108
0.0913303
0.0923839
0.360091
1.21525
1.23798
1.22687
0.948086
0.0462891
0.0463713
0.0466542
0.046901
0.0472658
0.0494717
0.147286
0.669841
0.859741
0.862631
0.866227
0.869563
0.872341
0.874436
0.874045
0.87289
0.883558
0.880866
0.828639
0.109851
0.102747
0.315282
0.424832
0.424946
0.107637
0.0861223
0.0880434
0.0868779
0.145574
0.289306
0.28825
0.132669
0.0884851
0.086376
0.159176
1.15573
1.25633
1.24804
1.13346
0.0524756
0.0520348
0.0520475
0.0523901
0.0536228
0.0544373
0.0565561
0.473521
0.868427
0.870526
0.87195
0.872658
0.873826
0.877047
0.878443
0.876489
0.875294
0.878153
0.878039
0.440299
0.0710226
0.0896417
0.367589
0.417118
0.419752
0.268628
0.0823025
0.0751926
0.0765472
0.100825
0.110438
0.279168
0.223357
0.0797615
0.0773295
0.0791216
0.775661
1.2638
1.25547
1.23077
0.196141
0.0658386
0.110007
0.0886648
0.0613299
0.0605017
0.0591436
0.13796
0.509704
0.87215
0.877741
0.599092
0.586815
0.874147
0.876758
0.874392
0.710635
0.877113
0.876548
0.152281
0.0593535
0.0594068
0.15611
0.410842
0.416347
0.343195
0.0785264
0.0666042
0.0684012
0.0674667
0.0679291
0.198226
0.279361
0.0715199
0.0697471
0.0665875
0.0623297
0.114238
0.849299
1.19155
1.18234
1.16913
1.05221
0.257721
0.0607246
0.061128
0.0587946
0.0562108
0.0664781
0.133068
0.1719
0.0672612
0.327303
0.839453
0.818561
0.502673
0.400181
0.750201
0.621958
0.0478022
0.0489091
0.0482139
0.189023
0.410439
0.413925
0.192974
0.066462
0.0597314
0.0611454
0.061572
0.0607808
0.0782532
0.555454
0.434869
0.0629401
0.0579259
0.0526244
0.0504962
0.048217
0.0493284
0.0510123
0.0548008
0.057921
0.178452
0.322839
0.320617
0.120112
0.0549161
0.0535769
0.0529936
0.0544168
0.0546186
0.390254
0.709753
0.585574
0.398985
0.400006
0.111702
0.0828087
0.0439225
0.0662938
0.303804
0.360058
0.339376
0.108487
0.0545942
0.0524633
0.054376
0.0567941
0.0581233
0.0577444
0.449897
0.587766
0.587095
0.53483
0.140973
0.0540066
0.052828
0.0513782
0.051253
0.0672468
0.165599
0.117663
0.0616431
0.0622699
0.0635658
0.0634575
0.0554195
0.0540717
0.0523339
0.0758913
0.218178
0.414172
0.506233
0.493829
0.471322
0.455694
0.0621965
0.0655653
0.222138
0.248419
0.202308
0.0941961
0.0531355
0.0411913
0.0430075
0.0457833
0.0489756
0.0518354
0.0717831
0.243111
0.585222
0.585369
0.584777
0.575929
0.113584
0.0509569
0.0504665
0.0502583
0.0505213
0.0866281
0.202018
0.229161
0.129835
0.128631
0.138739
0.0636464
0.0542859
0.0538195
0.0520914
0.0645911
0.202825
0.181538
0.0994361
0.103783
0.228673
0.267097
0.0593503
0.187483
0.214944
0.0797407
0.0346968
0.0343647
0.0355578
0.0370815
0.0389892
0.0413041
0.0441032
0.205916
0.496776
0.586635
0.585454
0.58381
0.251151
0.138686
0.0483874
0.0478687
0.0474728
0.0474281
0.0473856
0.168474
0.185916
0.25507
0.326655
0.327773
0.329537
0.324272
0.110914
0.0957707
0.108646
0.0552856
0.0511392
0.0443242
0.0518875
0.0579649
0.052787
0.0489312
0.053544
0.216963
0.0534485
0.0294578
0.0303794
0.0314529
0.0325396
0.0336522
0.0347417
0.0359016
0.254609
0.538863
0.519843
0.298669
0.298208
0.299352
0.407399
0.569357
0.186509
0.0637367
0.110728
0.170513
0.172587
0.135446
0.123381
0.308136
0.321253
0.323078
0.324348
0.308807
0.310336
0.311519
0.310065
0.192883
0.045793
0.0376731
0.0371809
0.03672
0.0430131
0.0429855
0.0328784
0.19785
0.0268092
0.0278191
0.032159
0.0287803
0.0295036
0.0297346
0.0294166
0.0298126
0.255384
0.558185
0.57679
0.575949
0.568502
0.515387
0.57502
0.575676
0.577149
0.557384
0.27232
0.203515
0.148683
0.0440323
0.0325769
0.11882
0.301821
0.318516
0.12631
0.0296089
0.0321482
0.0916942
0.145882
0.161666
0.0332622
0.0338573
0.0340324
0.0340617
0.0409883
0.0491602
0.0351541
0.0503796
0.0251232
0.0285794
0.0638774
0.0284995
0.0258458
0.0254402
0.0243838
0.0268507
0.131548
0.281094
0.568542
0.56857
0.56995
0.571096
0.569925
0.257559
0.0863929
0.151943
0.134903
0.0563392
0.0435358
0.0221594
0.0209012
0.0189813
0.0468842
0.0308483
0.0232364
0.0248142
0.0256427
0.0265618
0.0274181
0.0281728
0.0376142
0.0352356
0.0463538
0.031797
0.0340977
0.0510955
0.0465794
0.0334896
0.0295302
0.0253048
0.0665412
0.0674794
0.0222959
0.0217878
0.0206686
0.0214872
0.0189134
0.0198999
0.238054
0.466823
0.57182
0.273097
0.0476394
0.0270644
0.0285677
0.0263937
0.0205526
0.0209064
0.0212028
0.0214023
0.0208832
0.0199667
0.0193986
0.0200267
0.0215342
0.0231457
0.0243404
0.0252724
0.0260316
0.0278786
0.0704714
0.079301
0.07908
0.0449301
0.0268891
0.0487553
0.0431024
0.0290617
0.0201649
0.023406
0.0488357
0.141462
0.0878165
0.0193424
0.0184986
0.0171235
0.0153503
0.0132855
0.0108608
0.0446712
0.0690793
0.0369251
0.0198576
0.0182874
0.0188471
0.0189944
0.0198189
0.0211363
0.0257279
0.0297862
0.0418496
0.0492036
0.0532179
0.0356387
0.0264139
0.0323718
0.0282871
0.023818
0.0235233
0.0240628
0.0680176
0.0769462
0.0766789
0.0645028
0.0236262
0.0382728
0.0347888
0.0163307
0.0165254
0.0178926
0.060294
0.139224
0.139602
0.0727929
0.0172798
0.0165535
0.0155795
0.0146756
0.0138111
0.013331
0.0197233
0.0151102
0.0161697
0.0172465
0.0192164
0.0388248
0.0325852
0.0191001
0.02619
0.173533
0.208765
0.20868
0.208612
0.179675
0.131931
0.210855
0.15082
0.023748
0.019971
0.0201976
0.0512345
0.0739775
0.0739405
0.0717197
0.0203905
0.0206302
0.0104815
0.0120339
0.0171571
0.0179921
0.0675663
0.137682
0.13811
0.138238
0.114342
0.0987024
0.0958754
0.073537
0.0752076
0.0856247
0.0272824
0.0412242
0.109162
0.109868
0.0598846
0.0631948
0.195577
0.207522
0.208276
0.208039
0.207988
0.207882
0.207812
0.207702
0.207829
0.208254
0.208898
0.133259
0.0166434
0.0166387
0.0388692
0.0709352
0.0710873
0.0659427
0.0189428
0.0170205
0.00995681
0.0151825
0.0165607
0.0176522
0.0435249
0.103037
0.128114
0.118269
0.0908441
0.073377
0.0658604
0.0605386
0.10318
0.103196
0.0952695
0.0364133
0.0646467
0.0922053
0.0564759
0.0321395
0.0345535
0.0230374
0.0109684
0.030287
0.184509
0.205742
0.205886
0.205677
0.205618
0.206246
0.206882
0.0580236
0.0119723
0.0124417
0.0158846
0.0674997
0.0684308
0.0555515
0.0151952
0.0136883
0.011364
0.0129986
0.00926112
0.0110772
0.0115741
0.011203
0.0178806
0.0159877
0.00994926
0.00844143
0.00779037
0.00984463
0.0255172
0.0495815
0.0386327
0.0129248
0.00788907
0.00821118
0.00928893
0.00775016
0.00748072
0.00749606
0.00757174
0.00767118
0.00747822
0.108994
0.205404
0.168677
0.0788818
0.0770096
0.0439148
0.00955518
0.00850693
0.00899206
0.00932117
0.0314999
0.0661835
0.0436315
0.0109252
0.0105013
0.00289745
0.00560934
0.00492352
0.00490957
0.00479132
0.00467861
0.00464984
0.00464804
0.00471445
0.00478172
0.00481725
0.00479741
0.00469785
0.00460458
0.00468981
0.0050314
0.005316
0.00531575
0.00536442
0.00546304
0.00554585
0.00559476
0.00561315
0.00550695
0.0052544
0.00483314
0.0043296
0.00413785
0.00452173
0.00477967
0.00510325
0.00555453
0.00594382
0.00623393
0.00641769
0.0069905
0.0260985
0.0184934
0.00770669
0.00877681
0.00419751
0.00274894
0.00262792
0.00267208
0.00272048
0.00277585
0.00280657
0.00282236
0.00285981
0.00290229
0.00293039
0.00293755
0.00291774
0.00290914
0.00296324
0.00308815
0.00320609
0.00325314
0.00330037
0.00335473
0.00340092
0.0034162
0.00338995
0.00330758
0.00317076
0.00298264
0.0027708
0.00271815
0.00284178
0.00295559
0.00311726
0.00335332
0.00356998
0.00373273
0.00382488
0.00390021
0.00394291
0.00398925
0.00458526
0.00632395
-0.00156545
-0.00347466
-0.00133018
-0.000497354
9.00003e-05
0.000421302
0.000628143
0.000768078
0.000862215
0.000919934
0.000953367
0.000973471
0.000982387
0.000992367
0.00101552
0.00105191
0.00108788
0.00111452
0.00113666
0.00115606
0.00117031
0.00117568
0.00116929
0.00114824
0.00111187
0.00106302
0.00100909
0.00097482
0.000976669
0.000996125
0.00102753
0.00107527
0.00112983
0.00116861
0.00118764
0.00121887
0.00125245
0.00126887
0.00130595
0.00353873
923.619
923.172
923.036
922.817
922.474
921.664
920.389
919.032
917.939
917.232
916.851
916.868
916.55
916.224
915.624
914.459
912.979
911.264
909.548
907.205
903.694
900.56
898.878
897.5
896.076
895.515
897.436
903.554
912.327
921.42
931.409
935.769
922.966
920.507
923.485
925.889
927.663
929.83
932.394
935.184
924.304
923.269
923.079
923.094
923.275
922.618
920.596
918.165
916.147
914.918
914.579
915.807
916.475
916.803
914.491
914.604
913.044
911.172
908.954
904.253
899.839
894.406
892.969
891.882
889.354
889.546
891.708
895.041
899.856
903.361
909.235
928.054
912.853
913.617
916.856
920.214
923.057
926.579
929.849
933.181
920.022
918.466
918.263
920.644
921.789
922.132
921.306
918.874
916.399
914.619
915.94
917.753
918.771
914.947
912.806
910.059
907.292
904.404
903.545
901.266
895.594
893.135
890.835
892.917
895.582
896.931
893.099
896.126
900.999
907.358
912.93
930.537
914.983
915.916
915
919.257
922.598
926.371
929.537
930.702
909.436
911.027
912.036
912.314
912.382
912.432
909.081
903.085
898.943
900.089
906.362
907.705
911.4
912.717
910.987
910.382
904.43
901.565
898.942
896.727
895.877
897.463
897.029
897.708
899.836
903.273
907.636
913.126
919.539
925.437
922.754
930.762
929.399
914.236
911.414
911.954
911.397
914.535
925.369
923.899
905.229
905.194
906.688
909.34
916.319
916.725
905.705
890.858
873.284
863.639
871.618
886.142
895.511
901.895
905.957
907.151
906.788
901.914
898.085
896.82
896.044
900.044
901.993
902.637
904.465
907.286
910.861
915.568
921.005
926.821
924.585
928.848
930.358
929.838
916.543
910.6
912.392
918.861
924.775
925.887
903.139
914.903
927.941
923.553
915.147
902.685
881.681
849.146
801.431
795.818
798.185
807.137
837.85
884.067
899.228
904.263
906.73
907.405
904.58
900.121
901.832
905.25
905.319
905.543
906.42
907.974
910.471
913.971
917.656
921.408
916.919
925.247
924.279
924.615
926.096
916.476
921.203
928.432
928.998
929.268
922.224
920.337
916.541
918.417
911.218
900
845.71
794.916
792.576
791.604
791.734
793.613
796.903
859.854
900.214
903.79
905.922
907.281
907.857
907.879
908.688
909.333
909.364
908.701
907.961
907.64
907.425
907.446
907.456
900.14
869.631
898.67
913.262
918.446
923.154
922.152
920.838
924.375
931.311
931.169
918.627
917.801
912.159
916.898
913.755
905.61
880.285
804.295
792.356
790.687
789.858
791.158
793.683
805.287
895.062
908.109
908.35
907.035
905.062
904.06
905.869
908.181
909.381
909.038
908.054
906.755
901.332
864.216
841.211
835.618
833.612
862.221
905.844
914.955
923.224
928.831
929.127
925.55
933.413
933.86
917.646
914.867
911.646
921.626
919.803
915.881
911.864
883.638
813.133
793.803
794.103
795.146
796.45
797.037
813.104
852.333
867.42
852.436
834.572
847.65
887.857
902.474
909.286
911.384
899.57
839.483
827.876
827.284
827.258
827.368
826.186
825.777
893.945
916.832
922.805
930.821
933.018
927.111
928.155
940.156
916.446
919.56
912.886
924.034
924.316
923.797
923.572
924.602
926.861
873.604
820.995
801.491
802.535
802.941
803.207
802.12
802.105
802.776
802.49
800.769
807.936
898.287
923.611
923.466
874.214
829.548
829.065
828.959
829.213
829.181
827.923
833.19
905.033
925.37
923.66
924.523
934.195
927.741
928.519
941.424
917.535
928.168
913.467
926.375
926.717
927.129
928.299
929.515
931.069
933.274
936.397
936.762
921.256
913.442
897.104
897.053
912.191
919.298
909.28
886.092
900.684
923.337
928.158
926.698
860.504
828.662
828.29
828.555
829.581
830.883
843.491
916.459
923.729
927.432
921.827
924.991
927.207
937.504
930.75
932.738
924.527
928.754
925.843
927.258
927.941
928.163
929.216
930.139
931.443
933.16
934.977
936.277
936.182
934.048
929.918
924.958
919.108
913.544
898.747
852.094
898.082
924.533
926.318
926.439
907.539
904.171
887.626
879.274
882.951
899.258
922.578
923.173
920.278
921.065
931.557
922.741
925.008
937.243
941.432
934.332
930.955
930.494
930.242
918.124
911.394
911.705
919.652
929.909
931.221
931.973
932.063
932.214
930.733
927.946
923.794
917.561
909.453
892.425
800.546
789.75
883.018
921.518
926.412
916.231
928.659
930.625
932.369
928.133
921.969
925.291
927.609
925.239
924.084
923.413
925.778
925.202
926.596
933.274
936.271
934.713
933.692
933.515
933.112
915.197
901.068
898.385
901.678
914.536
928.61
930.483
930.139
929.164
927.415
924.737
921.481
916.475
902.97
789.718
771.967
779.025
818.49
892.805
891.415
904.481
916.358
925.143
931.316
928.975
925.934
921.535
915.788
912.734
908.45
900.516
908.427
920.017
922.887
926.603
930.58
934.734
936.943
936.515
936.079
920.281
904.088
894.777
894.69
899.514
907.865
928.738
930.105
929.057
927.804
926.374
925.647
923.687
893.645
774.244
776.589
779.714
781.786
800.763
904.592
933.299
931.521
928.809
928.626
924.979
918.343
901.444
836.055
822.231
843.362
901.797
914.421
915.277
918.401
923.082
928.216
934.387
940.283
939.149
935.892
919.49
897.638
893.351
913.209
901.209
901.001
922.205
930.156
928.73
927.736
927.663
928.575
929.771
927.64
819.539
776.784
778.64
785.89
912.862
935.814
934.75
933.092
929.074
927.687
923.613
877.146
818.962
817.956
818.524
820.213
906.023
920.772
921.437
924.074
927.927
932.047
936.255
939.734
926.168
909.232
894.908
893.432
891.85
917.605
925.015
925.683
921.253
929.688
927.226
924.174
920.991
907.602
910.613
921.797
868.038
794.518
811.713
918.522
937.476
936.319
933.85
930.721
929.282
929.162
926.419
870.259
818.83
818.978
819.195
819.273
877.893
927.683
929.147
931.343
924.696
918.512
918.511
932.415
915.192
899.013
895.624
892.309
891.244
904.14
939.411
937.825
924.596
931.094
927.145
921.751
885.478
784.714
760.343
877.914
925.101
916.904
920.882
932.825
932.725
932.484
930.844
928.709
928.511
930.118
929.811
930.416
898.639
824.315
820.641
853.287
923.985
933.016
935.452
931.488
913.438
915.542
916.976
925.666
937.858
939.328
938.159
898.257
889.409
891.51
936.873
940.393
936.831
935.625
931.209
918.263
782.011
735.319
736.11
806.845
925.056
925.966
925.823
925.882
926.744
927.737
927.801
926.234
926.78
929.709
929.993
930.409
930.038
921.524
916.4
927.368
933.507
935.454
937.943
939.772
931.005
927.37
922.687
879.49
903.711
927.922
931.096
934.594
895.033
903.135
938.062
942.782
942.366
940.851
937.42
912.143
752.592
730.286
729.013
727.779
873.681
925.284
920.093
916.443
915.068
921.079
924.63
924.354
924.702
927.268
929.944
930.858
931.458
931.801
932.101
932.936
934.151
936.06
938.468
941.079
936.961
926.416
923.551
710.4
757.268
896.234
928.305
933.491
928.86
934.404
940.83
940.655
943.706
945.823
943.865
926.376
763.36
726.85
725.217
722.316
722.454
790.271
809.246
794.217
851.182
919.305
923.99
924.001
924.045
924.999
928.684
929.284
929.634
929.851
928.339
923.874
924.324
934.587
937.324
940.66
941.956
932.77
933.774
701.301
698.422
837.044
938.284
939.685
942.049
944.043
942.933
942.017
949.4
951.06
950.73
949.045
836.367
726.549
725.828
724.403
722.278
720.492
720.627
719.805
816.672
928.434
928.859
925.13
924.784
928.07
927.909
927.794
927.303
926.924
887.182
851.448
920.101
931.905
934.801
938.954
943.041
946.188
948.394
704.323
702.292
832.732
952.764
950.402
949.911
947.706
942.652
946.556
955.206
956.585
956.518
956.208
952.682
824.304
726.793
726.238
724.462
721.795
752.976
812.099
915.294
934.739
932.347
929.79
928.084
926.321
924.382
924.021
884.882
838.744
822.502
820.917
823.071
847.264
870.968
899.448
918.201
940.155
952.97
713.54
811.192
943.065
963.046
958.801
956.764
947.252
944.463
956.569
960.781
961.346
961.339
960.867
960.354
953.876
883.319
837.864
840.755
889.804
932.163
947.083
944.396
938.506
933.769
929.826
926.897
883.727
764.728
727.245
725.584
725.276
726.721
730.362
734.466
735.176
738.705
745.071
753.954
767.931
798.499
832.409
990.878
985.47
978.033
973.009
970.413
965.378
949.843
954.543
967.288
966.784
966.045
965.151
964.18
963.201
961.884
960.107
958.196
954.996
952.649
951.525
947.866
941.462
907.162
755.24
721.231
719.464
718.608
718.196
718.118
718.945
719.898
722.525
727.164
731.618
736.687
741.683
747.529
754.336
762.243
935.289
1010.5
1003.57
997.619
992.421
973.03
958.951
955.654
956.195
977.045
974.662
972.509
970.313
968.135
966.093
963.782
960.989
957.724
954.992
944.933
932.217
934.032
868.475
714.507
712.839
711.232
709.329
707.655
728.079
746.806
755.621
736.182
790.675
836.019
741.552
733.584
744.25
754.289
804.955
933.316
906.144
1022.08
1015.96
1010.99
996.889
974.387
970.173
965.811
961.804
977.762
982.276
979.194
976.218
973.078
969.793
966.297
962.629
958.225
952.591
947.738
927.373
856.375
707.91
703.426
698.983
710.038
761.639
823.241
819.788
817.496
816.131
817.977
821.502
825.798
827.082
833.276
846.856
847.242
873.057
888.591
881.377
1015.98
1023.96
1019.52
1015.03
1005.4
977.64
973.502
972.908
993.088
989.04
985.348
981.87
978.527
975.053
970.99
965.479
959.818
954.555
943.228
915.191
885.371
777.585
708.673
755.093
817.442
807.454
768.169
703.379
640.418
578.958
554.836
578.109
625.274
602.227
511.295
543.071
566.133
582.553
763.493
880.69
1002.04
1032.21
1026.9
1021.81
1016.77
1004.08
994.781
1000.57
998.478
994.24
990.29
986.646
983.246
979.801
975.489
970.47
965.053
954.679
838.533
797.226
788.833
803.5
834.104
815.623
758.746
669.254
428.085
369.458
368.168
363.939
362.111
370.025
388.313
412.36
459.76
763.826
960.891
982.383
995.665
915.076
1012.66
1038.94
1031.91
1026.65
1021.89
1017.34
1012.84
1008.27
1003.29
998.425
994.014
990.484
987.766
984.421
980.417
975.451
950.696
820.062
805.812
797.382
800.447
846.494
819.007
541.015
362.929
361.321
359.482
358.846
358.391
360.17
364.282
369.994
372.525
462.712
786.115
920.297
937.763
955.225
970.015
926.171
928.513
1032.48
1031.34
1028.04
1023.95
1021.17
1017.28
1012.65
1007.63
1002.54
997.819
994.549
990.689
988.008
984.32
974.972
857.471
814.516
803.547
874.489
858.632
808.429
437.134
355.106
353.177
353.913
354.309
352.739
351.014
349.46
349.953
398.113
706.122
876.188
898.113
913.059
915.792
856.089
856.692
909.857
653.501
930.927
1026.68
1026.03
1023.36
976.671
934.029
1000.94
1010.99
1003.95
979.032
978.052
993.613
991.769
988.762
980.535
864.402
824.778
940.827
916.606
767.392
403.114
345.804
346.037
344.163
344.374
344.989
344.648
342.718
359.453
684.106
876.718
883.503
885.721
893.878
903.187
905.772
785.865
721.039
862.546
621.777
721.539
1028.34
1029.65
1013.42
815.868
689.833
792.798
1008.84
1009.72
768.209
654.537
848.642
966.631
948.17
934.873
961.636
959.352
949.522
922.238
664.065
366.316
339.506
338.24
336.881
333.445
596.377
827.457
830.877
853.942
868.965
863.585
865.395
869.078
839.766
835.487
889.824
892.487
755.483
838.738
614.21
688.367
1039.5
1037.25
961.545
677.433
675.115
670.126
749.14
885.973
660.133
631.132
624.256
621.954
738.126
944.8
966.204
965.842
956.238
938.884
911.497
679.113
402.372
332.02
501.163
801.958
854.91
843.123
833.291
826.567
824.007
829.471
834.552
797.132
749.316
762.363
795.896
885.561
897.627
802.657
611.848
725.445
1047.96
1043.6
982.11
689.413
670.701
667.479
664.621
665.767
659.154
625.015
617.197
610.333
604.025
764.274
960.057
959.031
949.273
932.815
840.692
584.263
469.159
651.823
671.361
660.835
558.043
483.749
438.583
415.831
411.45
431.335
436.985
548.996
737.742
800.741
811.314
860.701
894.029
810.416
609.671
809.831
1053.1
1047.94
1040.04
870.087
667.184
664.207
661.026
659.018
662.297
862.871
660.249
601.482
594.517
588.546
797.969
947.512
935.226
916.067
722.935
392.296
371.289
363.705
320.328
251.043
221.746
217.522
221.025
223.262
223.562
224.639
226.477
344.038
752.762
851.165
868.508
884.878
893.96
869.743
599.465
795.951
1052.93
1048.55
1044.92
1039.12
901.841
759.277
715.522
663.785
713.592
1012.64
955.054
690.457
591.978
586.17
749.137
941.513
925.528
907.182
833.829
487.947
364.439
274.868
264.238
260.918
251.658
243.871
224.036
224.605
225.657
225.417
225.43
456.577
710.953
746.201
871.547
887.477
887.083
989.151
583.491
615.222
978.591
1042.96
1045.46
1043.67
1043.69
1018.81
893.926
794.708
929.206
998.502
990.131
958.457
863.302
823.239
893.737
940.118
926.892
914.568
902.748
813.765
608.646
561.041
559.237
621.366
660.678
663.773
479.663
222.028
222.802
224.357
245.842
762.234
711.98
629.88
793.976
892.979
811.837
1067.24
601.584
583.509
594.245
974.311
1043.98
1043.4
1042.66
1034.75
829.647
614.541
938.953
993.191
986.3
978.355
969.888
962.173
956.895
943.352
929.349
918.172
909.188
875.405
898.556
901.927
902.32
902.628
902.122
901.761
899.78
536.859
293.601
278.406
634.28
865.603
658.14
628.718
763.309
891.342
796.207
1072.15
1009.75
598.06
585.686
587.447
962.061
1048.75
1044.59
1039.29
714.628
582.17
656.514
884.95
972.939
976.394
967.701
963.522
957.926
948.483
934.299
915.324
777.711
615.836
759.86
902.183
902.887
902.935
903.359
904.029
903.638
902.269
698.7
677.908
899.633
864.554
623.671
628.493
804.682
813.717
798.775
1050.63
1052.18
960.944
579.23
579.016
847.28
1048.74
1044.33
1039.71
756.001
562.266
549.431
547.988
594.896
626.542
624.074
608.174
643.398
760.359
754.996
638.931
484.991
478.864
628.409
903.243
908.49
908.506
908.449
908.862
909.285
909.575
774.324
825.804
916.045
876.398
634.971
633.328
842.533
910.202
896.906
1022.58
1036.99
1051.45
632.352
561.651
562.393
1001.63
1050.26
1045.56
984.812
586.669
544.33
535.794
527.065
519.5
513.127
507.557
505.443
503.985
503.95
500.034
490.801
484.004
751.144
922.689
919.141
916.982
915.765
916.017
916.794
917.582
915.912
922.248
926.266
930.843
712.815
642.799
874.744
913.123
914.594
1027.04
1040.49
1053.29
866.047
556.092
559.003
608.376
967.52
1056.75
1047.43
941.583
658.423
533.04
525.454
518.377
512.487
506.967
509.254
677.648
696.694
546.448
498.632
491.133
774.422
934.595
928.967
924.211
923.555
924.898
927.802
930.985
933.615
936.033
939.174
942.474
773.306
661.136
863.817
919.275
908.631
1065.25
1070.91
1068.21
1070.96
761.643
565.087
565.452
571.033
850.996
1054.97
1041.34
1015.42
889.071
768.214
524.48
512.181
508.859
597.956
939.904
977.592
928.127
811.147
850.306
825.637
699.07
685.284
821.328
936.294
935.949
939.767
943.613
946.595
948.909
950.22
949.321
660.052
768.163
933.285
931.993
835.701
1043.64
1082.57
1084.96
1089.49
1084.33
950.432
635.456
581.953
585.063
933.753
1055.13
1051.33
1047.18
1041.89
1005.72
756.639
513.733
562.773
927.652
993.221
986.688
981.203
975.819
968.94
960.025
639.861
439.474
426.69
720.499
955.608
961.704
963.165
965.309
967.658
881.533
620.623
809.503
948.409
945.153
763.274
1025.53
1026.35
1078.1
1098.06
1100.53
1095.82
1069.19
767.74
600.86
851.698
1063.29
1060.45
1057.7
1054.67
1050.59
1046.21
682.686
583.613
710.12
990.44
1007.97
1002.73
997.672
991.751
986.457
914.617
444.362
373.437
368.333
398.541
799.087
960.018
977.705
991.642
756.126
598.098
829.629
964.344
962.479
785.695
1027.16
1027.44
1027.85
1028.05
1084.58
1089.64
1081.57
1067.54
884.346
863.295
951.231
1067.61
1066.56
1064.66
1062.59
1059.47
813.475
613.34
782.505
1020.86
1028.53
1022.31
1017.28
1013.15
1010.23
874.181
408.539
375.81
375.032
373.96
373.364
372.7
433.079
707.459
499.414
592.332
914.164
983.049
982.123
879.415
1018.26
1026.96
1077.43
1078.12
1073.83
1069.16
1065.36
1061.71
1037.47
905.381
902.793
904.902
943.154
1005.16
1056.36
1070.69
1013.43
970.653
994.895
1039.95
1047.08
1039.12
1035.68
1015.68
684.822
388.479
384.831
383.206
382.117
380.982
380.405
380.808
382.137
383.329
386.182
492.537
943.911
1002.07
1001.35
926.682
1033
1053.41
1036.14
944.727
862.345
862.103
1014.54
1053.82
945.973
896.666
903.289
908.056
912.213
971.669
1080.49
1092.85
1088.84
1080.06
1072.56
1067.09
1063.14
944.289
606.6
413.215
400.922
396.102
393.364
390.966
388.536
428.373
529.584
429.351
387.935
388.4
390.299
391.765
818.248
1021.8
1023.89
975.088
1036.44
1045.71
977.118
853.654
846.667
845.217
846.552
1034.45
939.411
896.915
904.536
910.542
947.721
1032.34
1096.96
1099.85
1096.72
1089.95
1067.05
1029.2
929.569
738.111
540.989
424.39
415.284
416.887
439.77
530.364
738.442
982.143
1060.4
1086.78
1045.72
527.149
400.173
544.328
983.819
1041.86
1044.89
1041.93
1059.87
1046.22
1028.25
850.845
842.209
840.752
949.343
1059.45
1047.52
960.896
989.603
1041.19
1049.58
1036.24
1041.1
1098.29
1103.3
1099.08
1078.09
1059.48
1041.21
1029.33
1009.11
976.57
976.966
998.152
1031.11
1064.9
1092.48
1098.7
1099.61
1098.66
1096.48
1011.84
436.024
670.828
1024.13
1060.71
1064.83
1064.56
1072.64
1071.07
1059.65
912.691
858.125
1009.61
1071.56
1078.26
1087.44
1094.2
1102.25
1093.36
1043.03
1040.24
1039.84
1087.97
1108.16
1106.99
1106.03
1105.64
1105.41
1104.77
1102.35
1103.13
1105.31
1106.36
1106.67
1106.46
1106.31
1106.9
1107.52
1108.44
1111.09
987.044
488.073
491.178
812.875
1059.51
1077.4
1077.86
1085.06
1084.74
1080.29
967.887
880.745
938.811
1098.99
1103.3
1108.4
1112.5
1115.59
1116.77
1055.97
1045.24
1043.95
1104.33
1112.68
1111.83
1111.58
1111.73
1111.67
1033.31
1034.77
1108.52
1113.13
1113.47
1113.26
1112.83
1112.93
1114.51
1117.2
1119.47
818.106
482.155
484.064
485.583
817.018
1063.34
1061.78
956.432
1093.11
1093.78
1083.39
1080.43
1040.67
957.183
962.204
1002.4
1075.08
1081.86
1127.66
1127.88
1124.38
1087.48
1096.54
1118.6
1116.45
1115.74
1116.36
1117.37
1069.79
1021.94
1022.26
1035.03
1116.73
1120.79
1121.24
1122.12
1063.13
790.88
765.732
771.487
782.056
815.596
861.421
1026.92
1061.53
1059.44
704.937
231.737
1097.47
1097.71
1097.98
1002.86
994.798
1058.91
1067.61
1071.15
1074.87
1074.07
1088.43
1134.42
1133.7
1130.22
1126.85
1124.49
1123.48
1123.09
1123.74
1124.65
1074.39
1026.33
1026.68
1027.03
1108.04
1127.16
1128.05
865.418
761.799
761.835
761.285
828.159
831.63
837.349
822.599
572.557
244.728
217.254
217.349
220.432
1102.24
1101.63
1100.37
1032.87
994.619
1016.7
1064.29
1065.94
1111.35
1131.52
1130.5
1133.44
1130.57
1127.55
1121.65
1122.13
1123.41
1129.19
1131.24
1131.47
1119.6
1030.96
1030.73
1031.26
1106.41
1131.99
1132.72
1112.07
995.748
1003.74
782.22
690.616
692.034
697.955
724.778
1022.07
865.539
255.252
203.12
203.154
1107.44
1106.58
1105.21
1104.8
1027.02
955.073
977.816
1067.55
1120.16
1130.06
1130.5
1129.74
1124.05
1114.58
1120.57
1130.33
1133.98
1136.73
1138.28
1138.39
1137.84
1105.18
1043.58
1109.82
1137.93
1138.95
1139.61
1140.85
1142.06
1141.61
1121.41
1110.39
1099.34
1046.11
1091.22
1164.91
1168.57
626.72
184.837
182.737
947.442
959.774
981.159
989.251
1007.19
952.559
969.581
1023.42
1047.82
1098.81
1103.83
1098.94
1107.87
1124.74
1131.36
1136.09
1139.96
1142.64
1143.8
1143.44
1142.5
1141.13
1137.45
1139.57
1141.2
1144.12
1141.79
1130.35
1130.6
1139.54
1145.5
1148.74
1151.35
1152.6
1154.63
1158.32
1158.68
542.753
162.638
162.746
346.461
312.74
300.797
288.757
429.503
523.97
540.49
507.021
482.688
476.616
448.268
435.134
485.008
638.301
829.269
950.819
1023.52
1064.69
1068.89
1050.21
1017.27
1000.7
930.822
937.944
975.727
773.304
803.136
852.052
860.108
935.295
1075.28
1092.92
1079.57
1124.92
1110.09
934.657
567.577
194.043
143.172
144.747
21.1186
35.2564
38.9139
37.8994
16.9907
0.435818
0.4811
0.663117
12.7912
2.03896
0.369598
0.370036
0.373724
0.349004
0.388367
58.142
122.436
170.028
189.9
172.234
129.971
115.587
71.7234
137.839
222.148
281.953
646.988
822.761
874.824
517.045
153.932
148.768
147.548
222.89
237.398
188.545
130.834
131.389
135.885
153.538
0.397621
0.392348
0.387168
0.381202
0.36582
0.361512
0.393383
0.395029
0.372327
0.342068
0.344882
0.350727
0.701257
0.698118
0.27023
0.233527
0.227199
0.229776
0.245069
0.266722
0.285253
0.295974
1.92295
6.12328
8.44977
15.9602
42.1266
220.573
933.917
546.639
145.028
141.098
137.771
135.806
134.594
134.993
137.125
139.097
138.234
538.406
0.504811
0.397537
0.384171
0.370759
0.351665
0.343446
0.339968
0.393619
0.620113
0.41514
0.335041
0.785599
1.9222
1.92309
1.24519
0.393709
0.339182
0.512017
0.48191
0.235987
0.250617
0.271478
0.323566
0.604624
2.22008
83.1819
563.623
889.768
1006.58
736.385
391.307
519.529
374.199
149.531
140.99
143.25
145.195
145.236
305.931
1075.91
1.52405
0.408725
0.402534
1.25617
2.05732
1.16749
0.312417
0.31092
0.318288
0.3197
0.66194
1.92633
1.92927
1.92433
1.25294
0.262714
0.255124
0.240765
0.197499
0.199457
0.207571
0.213412
0.228748
0.483609
84.691
679.409
1064.52
1065.57
1070.33
1075.27
1080.73
1070.39
1055.2
1043.85
939.639
853.02
818.122
410.868
715.207
1192.41
1.91737
0.428224
1.21914
2.05086
2.04944
2.04889
1.00505
0.305412
0.300694
0.295492
1.37922
1.93961
1.93451
1.48076
0.400501
0.389864
0.842377
0.371155
0.166145
0.168047
0.175304
0.209814
0.437526
3.19102
387.714
1024
1086.54
1084.02
1067.78
854.421
558.534
382.907
373.642
375.496
310.78
156.869
148.222
211.895
584.132
1194.49
2.31791
0.67617
0.519853
1.63068
2.05527
2.05458
2.05685
2.05226
1.62221
0.557371
0.742285
0.601119
0.196759
0.189787
0.578932
0.833823
0.840942
0.735104
0.147531
0.136146
0.137168
0.215817
0.879942
3.2406
162.704
365.464
521.947
542.504
302.739
25.1503
63.792
98.792
65.2287
30.1799
28.3266
26.8338
27.3722
38.2222
267.148
1116.71
2.29993
2.09438
0.4941
0.489225
0.787263
0.776335
1.62431
2.03931
1.26957
0.190936
0.188005
0.18219
0.178747
0.143562
0.144103
0.480212
0.827844
0.802123
0.135474
0.0871518
0.0581763
0.491905
3.05141
2.96521
0.0150156
0.0315509
0.0176679
-0.0328877
0.0995201
12.7629
67.9383
103.264
105.827
103.918
51.565
29.0209
29.1181
29.6158
76.8759
496.242
2.29363
2.2874
0.543239
0.975912
0.723084
0.694176
0.681086
2.00746
1.55643
0.373038
0.269852
0.388866
0.166409
0.121403
0.11568
0.110309
0.249095
0.445892
0.125638
0.0540494
0.0242743
0.131422
2.12885
3.0685
1.24509
0.0565118
0.0377674
0.0379569
0.0640658
0.0417937
-0.100172
-0.0718313
27.8855
100.499
100.369
64.5821
31.1589
31.2424
36.5513
37.9671
2.30573
2.30497
2.31112
2.25495
1.11606
1.90845
2.11766
2.12724
2.13117
1.24085
0.363163
0.383441
0.197152
0.101892
0.0973785
0.0914205
0.136248
0.250754
0.0559436
0.039758
0.0200327
0.0292288
0.497157
0.511839
0.106618
0.0270131
0.00858157
-0.00765398
-0.0301431
-0.0642388
-0.0718124
-0.0645053
-0.0814004
-0.0741976
5.76701
28.5735
38.5697
39.5511
40.1549
36.3063
2.15605
2.32744
2.19988
0.718589
0.333921
0.503854
2.12501
2.13761
2.1374
0.727475
0.42963
0.300693
0.0885758
0.085204
0.0805042
0.155468
0.259409
0.0661987
0.0404396
0.0386759
0.0540202
0.059966
0.0525263
0.0478785
0.129495
0.324967
0.0281154
0.0157086
0.0021266
-0.0120153
-0.0250803
-0.0404281
-0.0542873
-0.0495556
-0.0468369
-0.0516112
-0.0489124
3.59121
30.2495
19.0377
1.07604
1.06496
1.74165
1.06149
0.293035
0.50746
2.13447
2.15778
0.984014
0.400464
0.277222
0.10607
0.100529
0.257441
0.2595
0.255531
0.248882
0.0423984
0.0321461
0.0380994
0.0562596
0.0567379
0.232367
0.615483
0.603106
0.590976
0.255502
0.0437611
0.0251912
0.222259
0.41219
0.287849
-0.0231674
-0.037464
-0.0492995
-0.0601347
-0.0682959
0.247588
1.63247
3.4291
1.10385
0.541328
0.252072
0.245726
0.256502
0.580329
1.96728
0.616576
0.145503
0.160373
0.117709
0.0948427
0.136196
0.203039
0.252336
0.248164
0.185796
0.026904
0.0229861
0.0240191
0.0289372
0.167263
0.627035
0.618253
0.610642
0.603624
0.597253
0.534099
0.232399
0.442367
0.439619
0.436625
0.272172
-0.0146625
-0.0231857
-0.0324721
-0.0210436
-0.0593827
-0.107337
1.89498
1.24722
0.52744
0.255231
0.252944
0.254399
0.275836
0.581016
0.537932
0.0466648
0.0513
0.079021
0.13838
0.0611731
0.0579339
0.0804042
0.121187
0.0520573
0.019066
0.0152061
0.0105885
0.00674645
0.0428205
0.267516
0.502847
0.615954
0.611312
0.606176
0.599544
0.481964
0.347502
0.455075
0.453592
0.390227
0.0156953
-0.00564491
0.0572914
0.0685057
0.0189756
-0.0350465
-0.0402871
1.25812
0.265625
0.263474
0.26164
0.261125
0.483434
0.583009
0.277162
0.0442011
0.044439
0.110985
0.142338
0.0522629
0.0327359
0.026342
0.0209337
0.0177528
0.0155539
0.0110863
0.00737512
0.00321548
-0.000646071
-0.00562674
0.00208061
-0.00677741
-0.002403
0.0221806
0.0372661
0.123795
0.328507
0.438858
0.193496
-0.0309283
-0.0388986
0.00522055
0.0726072
0.079386
0.0133536
-0.0192601
-0.0115473
1.14495
0.273508
0.270455
0.267215
0.505985
0.593372
0.588195
0.208597
0.0407396
0.039145
0.100043
0.546148
0.594669
0.53355
0.0954164
0.0140303
0.0112429
0.00958397
0.00714722
0.00554253
0.0041269
0.00215699
-0.000506145
-0.00385514
-0.00814086
-0.012556
-0.0166054
-0.020299
-0.0241646
-0.0279056
-0.0311315
-0.0322885
-0.0326046
-0.032837
-0.0330384
-0.0319261
-0.0287782
-0.0243207
-0.0194938
-0.0151597
0.384514
0.46825
0.272036
0.269756
0.370911
0.599335
0.581461
0.0344872
0.0320174
0.029488
0.345746
0.589841
0.587575
0.58497
0.560715
0.0872209
0.00208079
0.00127881
0.00147065
0.00221361
0.00290357
0.00286251
0.00263379
0.000818128
-0.000899071
0.000967188
0.000318323
-0.0146008
-0.0178156
-0.0208446
-0.02352
-0.0252066
-0.026553
-0.0274161
-0.0278678
-0.0276085
-0.0205531
-0.00668026
-0.00336396
-0.0118799
0.313414
0.496404
0.544737
0.27131
0.270364
0.510547
0.318863
0.0249715
0.0213627
0.0309848
0.4757
0.584077
0.58218
0.579973
0.576556
0.129843
-0.00881198
-0.00870439
-0.00844184
-0.00764939
-0.00682025
-0.0053854
0.252387
0.623027
0.87285
1.14289
1.04226
0.361153
0.0357016
-0.015391
-0.0179889
-0.0202864
-0.0224994
-0.0243612
-0.0262629
-0.0274395
0.00294014
0.0125256
0.0137639
0.00711976
0.307172
0.305572
0.701289
1.09954
0.589271
0.165794
0.136427
0.0191299
0.0125763
0.0146384
0.428863
0.580303
0.578435
0.576349
0.530804
0.00342733
-0.0177658
-0.0196885
-0.0217236
-0.0236419
-0.0232454
0.616467
1.69542
1.71729
1.74061
1.94573
1.95621
1.96673
1.09494
0.601709
0.378935
0.248194
0.0640954
-0.00474055
-0.0275638
-0.0266864
0.00144626
0.0093449
0.0104168
0.00356735
0.304203
0.304547
0.404805
1.7354
1.79581
1.09892
0.257833
0.01182
0.00489219
-0.00151925
0.295165
0.579
0.576469
0.574044
0.44725
-0.021824
-0.0256301
-0.0304417
-0.0358326
-0.0412459
0.132675
1.32198
1.68895
1.70587
1.58152
0.814944
1.70243
1.97466
1.98272
1.98739
1.98955
1.87426
1.36549
1.02207
0.293492
-0.0291162
-0.021236
-0.0123018
-0.0162939
-0.0233062
0.796872
0.444879
0.367439
0.909391
1.80233
1.79078
0.538999
-0.000235262
-0.00495676
-0.00962363
0.144697
0.577398
0.574568
0.572199
0.569859
0.208196
-0.036204
-0.041487
-0.0481312
-0.0462214
-0.0214542
-0.0417546
0.11144
0.855606
0.594673
-0.0528298
-0.00808587
1.14888
1.95607
1.98286
1.98704
1.95677
1.92011
1.90435
1.65511
0.102839
-0.0145261
-0.00313978
0.0326878
-0.0167146
1.1078
1.09267
0.553817
0.61628
0.848886
1.79689
0.266104
-0.0152144
-0.000897341
-0.0188889
0.00936445
0.511399
0.570918
0.570104
0.569432
0.568923
0.32988
-0.0405132
-0.0563494
-0.0592196
-0.0537584
-0.0460151
-0.0681427
-0.0708205
-0.0698261
-0.0662324
-0.0683607
-0.0779522
-0.0790554
0.110479
0.428609
0.635475
1.1973
1.7483
1.73508
1.11398
0.427825
0.764693
1.45945
1.05525
1.10306
1.11267
0.869128
0.64503
1.59221
1.13223
-0.00171044
-0.00680239
0.00918676
-0.0260359
-0.0329393
0.174475
0.56334
0.563753
0.564337
0.563676
0.382342
-0.0640543
-0.064309
-0.0658056
-0.0577826
-0.0472672
-0.0730693
-0.0738674
-0.0730727
-0.0718302
-0.0724491
-0.0746773
-0.0775776
-0.0772168
-0.0724735
-0.0668676
-0.0634162
-0.0611688
0.394305
1.39742
1.63766
1.66768
1.68406
1.6807
0.41276
1.1193
1.36902
1.41516
2.51348
1.66583
-0.00238693
-0.00779901
-0.00869846
-0.0301689
-0.0394037
-0.0481877
0.253664
0.569036
0.516251
-0.0174646
-0.0328257
-0.070181
-0.0717635
-0.0737526
-0.0599282
-0.0507444
-0.0782124
-0.0742563
-0.0640615
-0.0556562
-0.0479729
-0.0404537
-0.0490851
-0.0650701
-0.0674779
-0.0657502
-0.0645394
-0.0640755
-0.0635575
-0.0153499
0.599403
0.807355
1.01348
1.63882
0.0580382
0.93563
1.00644
2.51682
2.51872
2.50916
0.539907
-0.0129917
-0.0208417
-0.0287706
-0.0371043
-0.0452382
-0.0488338
0.0600084
0.0639375
-0.0600576
-0.0705366
-0.0742445
-0.0696888
-0.0431638
-0.0324601
-0.0562759
-0.0238605
0.00575022
0.0346155
0.065453
0.0685223
0.0716491
0.0747592
0.0346969
-0.0425602
-0.0631834
-0.0612468
-0.0598298
-0.0593397
-0.0602059
-0.0602553
-0.0580805
-0.0566024
0.0077649
0.0483787
0.152623
0.31596
2.16459
2.54567
2.54846
2.54862
2.27356
1.32443
0.336835
-0.0346002
-0.0413926
-0.0494563
-0.0577595
-0.0635307
-0.069204
-0.0766519
-0.0822693
-0.0843261
-0.0707133
-0.0430324
0.00637799
0.00856295
0.00703682
-0.00516219
0.00593786
0.046118
0.0697098
0.0747645
0.0791955
0.0471846
-0.0576293
-0.0584915
-0.0566135
-0.0552764
-0.0530332
-0.0525493
-0.0510627
-0.0449716
-0.0418404
0.117514
0.0299343
0.0176813
0.303214
1.12482
1.89882
1.3933
1.64519
1.93021
1.92878
1.26112
0.0166837
-0.0504148
-0.0597288
-0.0675265
-0.0750749
-0.0832566
-0.0912219
-0.0976191
-0.101435
-0.100445
-0.107248
-0.103589
-0.0995852
-0.0943561
-0.0886495
-0.0826747
-0.0298211
0.0615632
0.081067
0.0617156
-0.0475262
-0.0547818
-0.0529698
-0.044257
-0.0359747
-0.0455158
-0.0455213
0.115518
0.090267
0.188241
0.111935
0.0183301
0.00876235
0.00375922
0.0448042
0.0110834
0.0957641
0.985692
1.93704
1.93732
1.81577
0.839783
-0.0586019
-0.0678363
-0.0772834
-0.0861768
-0.0931795
-0.0988472
-0.102542
-0.104515
-0.104568
-0.102735
-0.0991903
-0.0943934
-0.0887229
-0.0825082
-0.0761185
-0.0691015
0.0261818
0.025071
0.050666
0.11842
-0.00179142
-0.019674
-0.0329547
-0.0422963
-0.039734
0.15979
0.351855
0.190287
0.193351
0.109498
0.0106004
0.00562111
0.00324173
0.00550468
0.00812678
0.112485
0.518941
1.25203
1.8145
1.76997
1.35796
0.22826
-0.0734357
-0.0807093
-0.0872183
-0.0926756
-0.0966796
-0.0989443
-0.0993392
-0.0980979
-0.0952809
-0.0910288
-0.0838827
-0.0797879
-0.0735541
-0.067337
-0.0609948
0.0302069
0.535054
0.589183
0.446331
0.0161805
-0.0390199
-0.0386689
-0.0359624
0.133773
0.407244
0.0287669
0.191887
0.184553
0.0117655
0.00359516
0.000171158
0.00134312
0.396477
0.54312
0.477937
0.273417
0.350027
1.20518
2.3175
2.40451
1.69282
0.188244
-0.0791938
-0.0851295
-0.0896457
-0.0924179
-0.0928563
-0.0924586
-0.0901387
-0.0859911
-0.0743583
-0.0734185
-0.0700944
-0.0640322
0.0493577
0.582663
0.589304
0.594078
0.597691
0.240319
-0.0379542
-0.0356296
-0.0335889
0.16515
0.559659
-0.0298172
0.0714781
0.176863
0.0512774
-0.00165357
-0.00383319
0.16255
0.548315
0.540275
0.531024
0.265907
-0.0502738
-0.0544192
1.17969
2.47824
2.52095
2.54654
1.90769
0.546527
-0.0863247
-0.0895236
-0.0900956
-0.0881102
-0.0849516
-0.0799157
-0.068881
-0.0653806
-0.0655083
0.0870613
0.584881
0.591214
0.596673
0.601195
0.604737
0.191892
-0.0358902
-0.0311454
0.118183
0.557979
0.560594
-0.0366501
-0.0380723
0.132918
0.0555873
-0.00744057
-0.0098254
0.105544
0.530331
0.532175
0.190702
-0.0152705
-0.0653671
-0.0591044
-0.0523234
1.6994
2.57661
2.58521
2.58536
2.58107
1.33044
-0.0735106
-0.0864099
-0.0823348
-0.0757543
-0.0710396
-0.0632007
-0.0592185
0.0678788
0.585002
0.592283
0.599451
0.603018
0.558832
0.167975
-0.040617
-0.0358409
-0.0318776
0.52934
0.568092
0.452324
-0.0400311
-0.0407707
0.113537
0.12798
0.0291002
-0.0153597
0.0404177
0.0881392
-0.000853967
-0.0628271
-0.0672099
-0.0631667
-0.057166
-0.0514283
1.52258
2.62159
2.62821
2.62747
2.62401
2.61941
0.335167
-0.0690019
-0.0646751
-0.0438779
-0.0518853
-0.052492
-0.0504036
0.477321
0.591681
0.601268
0.474556
0.143504
-0.0460043
-0.043818
-0.0405811
-0.0362093
-0.0312189
0.555821
0.580378
-0.00868054
-0.042279
-0.0430934
0.0449768
0.128344
0.107761
-0.0122535
-0.0466234
-0.0494224
-0.0528151
-0.0565046
-0.058015
-0.0560878
-0.0538425
1.04364
2.66144
2.67131
2.67571
2.67728
2.67502
2.29746
0.1136
-0.0226822
-0.0159119
-0.0289593
-0.0389161
-0.0384102
0.0555364
0.544505
0.571153
0.0884993
-0.045858
-0.0453379
-0.0441736
-0.042478
-0.0402073
-0.0377491
0.192624
0.579426
0.565235
0.0296588
-0.041686
-0.0426007
-0.0342423
0.129854
0.126936
0.00186601
-0.0443322
-0.0442869
-0.0463372
-0.0473527
-0.047839
-0.0288055
0.334807
2.60859
2.7168
2.72428
2.72908
2.73114
2.73048
0.524642
-0.00416303
0.00436992
0.00515629
-0.0223768
-0.0208992
0.0413487
0.181451
0.128125
-0.0350191
-0.0376476
-0.0392925
-0.0403918
-0.0405667
-0.0395881
-0.0376238
-0.0357272
0.20556
0.584918
0.327353
0.189361
-0.0380024
-0.0390787
-0.0367422
0.0199451
0.064636
-0.0207394
-0.0130097
0.103941
0.0928601
-0.0226597
-0.036458
-0.00604456
0.240705
0.923173
1.99266
2.77553
2.78469
1.89469
0.451963
0.00901762
0.0121903
0.0282176
0.0257813
-0.00786132
-0.00470061
0.0975282
0.100403
-0.0183353
-0.0225556
-0.0262005
-0.028938
-0.0205769
0.031727
0.0864276
0.00315849
-0.0300481
0.0776374
0.0596496
-0.0234635
-0.0218691
-0.0300853
-0.0310534
-0.0319542
-0.0344317
-0.0324104
-0.000720772
0.137528
0.13884
0.139419
0.135459
0.126916
0.123978
0.0988087
0.0684867
0.205919
0.489784
0.424026
0.168655
0.0388131
0.012882
0.00628526
0.00196506
-0.00479338
-0.00720229
-0.00323585
0.0649755
-0.00240048
-0.00939227
-0.0124075
-0.0156402
0.0219198
0.139882
0.187397
0.186664
-0.0033535
-0.0207055
-0.0182651
-0.0171422
0.00064768
-0.00493345
-0.0156088
-0.0228306
-0.0179849
0.0271932
0.0221248
0.000710339
0.109085
0.150024
0.150618
0.151282
0.152273
0.153599
0.112507
0.0482888
0.00575071
0.0103967
0.0639857
0.0906882
0.0447426
0.0051124
0.00231794
0.000919179
-0.000896885
-0.00228747
0.0304367
0.0142762
0.000418224
-0.00292815
-0.00515074
0.0331168
0.193087
0.198542
0.196387
0.0655403
-0.0126272
-0.00963845
0.0218195
0.027011
0.0240256
0.0105767
-0.00305061
-0.0153983
-0.00833358
0.0589198
0.0680337
0.00122299
-0.00411202
0.0678451
0.0994275
0.0685245
0.0486438
0.0362204
0.0325633
0.0104078
-0.00843281
-0.0060049
-0.00087317
0.0161331
0.0161612
0.00376254
0.00254494
0.00185645
0.00077002
-0.000215651
0.0336708
0.0684264
0.0602413
0.00419255
-0.00070995
0.160883
0.209012
0.204256
0.0555231
-0.0134132
0.00328247
0.00960741
0.00448656
-0.00792011
-0.0152566
-0.0150509
0.00252938
-0.00955359
0.00463495
0.0757474
0.0746396
0.0593958
-0.0130893
-0.012877
-0.0112046
-0.0124572
-0.0116402
-0.0105131
-0.00904859
-0.00725175
-0.00529407
-0.0034496
-0.00169715
-0.000175126
0.00100189
0.00242225
0.00316041
0.00283475
0.00112191
-6.41501e-05
0.0344078
0.0692469
0.0680184
0.0136359
-0.000437283
0.170192
0.21177
0.130884
-0.0180876
-0.0220748
-0.0216469
-0.0205823
-0.0199115
-0.0197996
-0.0217406
-0.0254989
-0.00218172
-0.00336138
-0.00498334
0.0730532
0.0785887
0.0564937
-0.00816779
-0.0077219
-0.00705167
-0.00681928
-0.0062426
-0.00556287
-0.00473623
-0.00377257
-0.00275356
-0.00175401
-0.000800448
7.76148e-05
0.000814922
0.00211311
0.00276918
0.00196606
0.000656061
-0.000441427
-0.00186087
0.0380865
0.0587557
0.00327458
-0.00404856
0.0842274
0.208456
0.137265
-0.0280199
-0.0369601
-0.03612
-0.0397243
-0.0363651
-0.0333409
-0.0342546
-0.0305206
-0.00422954
-0.00346217
-0.00381553
0.0219178
0.0618016
-0.00488406
-0.00485047
-0.00423235
-0.00367237
-0.00312133
-0.00262851
-0.00218933
-0.00177681
-0.00137347
-0.000981522
-0.000604363
-0.000240137
0.000116063
0.000512307
0.000887663
0.00113128
0.0010843
0.000244696
-0.00142898
-0.00404325
-0.00765256
0.000451036
-0.00111136
-0.013314
-0.0196612
0.0335151
0.103312
-0.0117084
-0.0203356
-0.00978014
-0.044175
-0.0491286
-0.052836
-0.0628469
-0.0683394
)
;

boundaryField
{
    inlet
    {
        type            fixedFluxPressure;
        gradient        nonuniform List<scalar> 10(0.00355266 0.00474019 0.000674498 0.000197373 0.000612088 -0.000981524 -0.00245246 -0.00266033 -0.00158308 -1.17083e-07);
        value           nonuniform List<scalar> 10(1962.03 1961.85 1961.71 1961.58 1961.52 1961.52 1961.58 1961.71 1961.85 1962.03);
    }
    inletWall
    {
        type            zeroGradient;
    }
    bottleWall
    {
        type            zeroGradient;
    }
    atmosphere
    {
        type            totalPressure;
        rho             rho;
        psi             none;
        gamma           1;
        p0              uniform 0;
        value           nonuniform List<scalar> 
80
(
-0.00210388
0
0
0
0
0
0
0
0
0
0
0
0
0
0
0
0
0
0
0
0
0
0
0
0
0
0
0
0
0
0
0
0
0
0
0
0
0
0
0
-0.00139266
-0.00100162
0
0
0
0
0
0
0
0
0
0
0
0
0
0
0
0
0
0
0
-4.36708e-05
-0.000481393
-0.00128268
-0.00196781
-0.00153979
0
0
0
0
0
0
0
0
0
-0.0368149
-0.0425274
-0.0428323
-0.0465902
-0.0291554
)
;
    }
    frontAndBack
    {
        type            empty;
    }
}


// ************************************************************************* //
