/*--------------------------------*- C++ -*----------------------------------*\
  =========                 |
  \\      /  F ield         | OpenFOAM: The Open Source CFD Toolbox
   \\    /   O peration     | Website:  https://openfoam.org
    \\  /    A nd           | Version:  8
     \\/     M anipulation  |
\*---------------------------------------------------------------------------*/
FoamFile
{
    version     2.0;
    format      ascii;
    class       volScalarField;
    location    "2.25";
    object      p;
}
// * * * * * * * * * * * * * * * * * * * * * * * * * * * * * * * * * * * * * //

dimensions      [1 -1 -2 0 0 0 0];

internalField   nonuniform List<scalar> 
9150
(
-205.109
-206.153
-206.661
-207.155
-207.39
-207.4
-207.175
-206.675
-206.148
-205.108
-225.111
-225.685
-226.067
-226.41
-226.578
-226.555
-226.398
-226.064
-225.682
-225.11
-245.014
-245.335
-245.572
-245.79
-245.914
-245.91
-245.802
-245.58
-245.336
-245.014
-264.759
-264.958
-265.122
-265.287
-265.368
-265.373
-265.288
-265.125
-264.959
-264.76
-284.375
-284.583
-284.714
-284.849
-284.911
-284.919
-284.852
-284.717
-284.585
-284.377
-118.279
-119.597
-119.693
-119.205
-119.124
-119.134
-119.175
-119.707
-119.597
-118.274
-134.596
-135.219
-135.464
-135.551
-135.45
-135.432
-135.52
-135.426
-135.186
-134.572
-151.113
-151.848
-152.086
-152.446
-152.492
-152.49
-152.481
-152.089
-151.859
-151.114
-168.016
-169.131
-169.422
-170.15
-170.248
-170.262
-170.132
-169.42
-169.137
-168.02
-184.569
-186.943
-187.586
-188.426
-188.638
-188.657
-188.409
-187.576
-186.934
-184.562
-25.1181
-26.6152
-28.5027
-29.4615
-30.1445
-30.3235
-29.9625
-29.0938
-27.0895
-25.9216
-45.9126
-45.9946
-47.1099
-47.3617
-47.7812
-47.8091
-47.3212
-47.154
-46.1668
-46.1467
-65.6089
-65.5357
-66.6705
-66.1729
-66.8007
-66.877
-66.3036
-66.8655
-65.6893
-65.8082
-88.4032
-85.7714
-87.2161
-85.4292
-85.8508
-85.9186
-85.4054
-87.2996
-85.8336
-88.4696
-116.487
-105.122
-105.48
-103.235
-103.111
-103.113
-103.22
-105.517
-105.153
-116.599
388.042
396.503
407.241
414.167
420.949
428.116
427.152
425.436
411.122
400.725
374.416
380.003
381.939
386.036
404.388
396.154
398.009
406.454
401.692
406.295
370.116
368.032
367.018
363.732
369.408
368.271
368.215
376.655
381.932
388.798
354.712
355.057
352.842
344.456
333.061
324.302
338.36
350.302
362.247
369.916
344.635
348.347
327.362
330.121
327.996
326.483
326.223
323.997
333.592
340.242
337.709
321.843
324.357
327.651
326.975
325.507
324.007
322.933
321.788
316.634
339.162
326.325
332.179
330.361
328.863
326.454
322.936
319.466
316.217
311.834
322.215
316.969
335.451
347.253
336.217
325.738
324.64
321.073
317.208
313.374
321.639
321.842
322.243
322.577
320.841
337.974
335.941
335.616
317.775
298.647
323.342
322.696
322.448
322.549
323.469
324.098
323.534
317.288
316.297
301.582
323.783
322.704
321.176
321.82
323.409
326.987
322.126
324.994
330.074
312.601
320.752
324.635
335.331
348.487
346.38
351.51
360.396
368.994
371.51
360.416
309.955
315.905
322.573
331.146
342.956
353.605
353.212
339.503
298.261
229.165
305.973
313.08
315.363
322.336
327.669
320.156
297.237
255.634
203.071
150.477
296.505
296.562
302.792
304.317
306.189
290.311
253.559
209.615
166.849
129.576
286.012
288.262
288.361
284.538
260.425
227.309
181.129
147.814
132.322
122.538
280.368
279.613
275.255
254.791
227.733
184.044
139.671
146.826
141.427
128.581
258.29
267.414
239.022
231.072
201.593
167.207
134.351
135.789
134.848
129.36
235.784
247.881
215.206
206.659
178.396
151.872
132.827
132.878
130.665
127.901
220.161
212.831
204.107
177.315
168.221
157.628
154.999
128.205
126.03
124.661
211.219
179.893
183.595
156.796
158.66
148.974
148.981
134.503
119.965
117.653
194.961
166.864
170.757
157.241
150.592
145.779
132.305
138.184
130.49
116.632
177.879
151.904
142.228
142.876
142.688
148.695
147.327
148.226
158.578
146.351
159.555
154.65
150.976
154.817
161.556
162.564
173.865
183.542
192.785
205.462
172.365
171.024
171.19
171.27
166.235
192.427
189.008
214.98
240.688
260.075
172.941
174.712
174.723
174.114
171.886
185.871
202.715
222.959
260.253
289.205
174.703
176.176
175.541
169.481
171.006
172.042
178.732
200.215
223.023
242.691
173.722
173.194
170.405
172.719
161.087
144.363
127.944
119.086
108.658
114.962
171.089
182.239
204.223
174.771
146.443
110.002
75.561
57.2777
44.3893
3.46329
224.654
246.959
220.817
179.901
116.266
67.1672
55.8112
58.1484
37.8795
28.8538
239.434
242.046
208.735
123.779
68.6914
36.2441
40.1776
46.7931
37.0887
43.962
195.835
181.533
117.127
42.2511
18.4527
32.4267
36.6735
38.1765
32.5651
34.4285
103.232
69.288
54.6701
35.2614
26.4503
31.1658
34.5944
34.444
27.7893
31.6178
25.5795
12.876
18.0585
28.8807
34.1547
27.5261
28.2659
30.1341
25.7593
29.599
2.72516
2.80891
2.03447
12.5404
23.238
23.6942
28.9444
29.7191
29.3041
22.1318
0.253207
0.295402
-0.151468
4.87073
17.0575
32.2399
33.4103
32.5543
32.9346
31.9826
-0.850307
-0.911596
-0.840233
3.20216
29.4535
63.1422
44.4082
35.1935
36.1469
36.0193
-1.55114
-1.65839
-1.47231
-0.879208
23.8287
81.6669
47.2545
43.4379
33.4747
28.2237
-1.71659
-1.83837
-1.66623
-1.51336
13.8862
63.1837
35.0402
40.2674
32.2197
28.3685
-1.36031
-1.43626
-1.44737
-1.29951
1.30876
31.3695
23.6723
28.1884
26.1664
23.5394
-1.18155
-1.20723
-1.19578
-1.18213
-1.35941
9.8952
7.97798
15.534
21.1544
10.4516
-1.15976
-1.1818
-1.15873
-1.15181
3.76427
9.69926
2.22895
-8.14058
21.0165
5.60743
-1.17291
-1.17352
-1.14231
-1.13764
14.2495
11.8927
1.29634
-0.088404
-0.243853
-0.0564831
-1.20907
-1.17352
-1.17522
-1.14785
13.1185
17.3421
0.295754
-0.018692
-0.177443
-0.240429
-1.2241
-1.17844
-1.18962
-1.17643
15.643
17.8115
-0.0997893
-0.259377
-0.275898
-0.293582
-1.24056
-1.22841
-1.22014
-1.2161
21.6402
21.4429
-0.200647
-0.241815
-0.278708
-0.283206
-1.26272
-1.26386
-1.25513
-1.25824
24.4302
25.846
-0.212034
-0.250111
-0.277748
-0.296888
-1.29321
-1.29091
-1.28919
-1.28708
26.1902
26.0417
-0.123394
-0.242346
-0.244536
-0.300807
-1.31656
-1.31364
-1.31967
-1.31496
26.2782
25.2918
-0.150957
-0.12527
-0.26844
-0.291286
-1.32765
-1.32227
-1.29914
-1.19019
16.4324
33.6554
-0.510476
-0.299863
-0.321666
-0.317542
-1.35341
-1.37257
-1.39728
-1.48919
43.3458
5.30772
-0.271967
-0.342409
-0.371847
-0.386028
-1.36475
-1.40382
-1.42948
-1.50576
42.9978
5.70891
-0.274596
-0.369712
-0.397897
-0.413606
-1.3643
-1.402
-1.43442
-1.51287
41.4569
6.43824
-0.333813
-0.439693
-0.479094
-0.47735
-1.34723
-1.35468
-1.35581
-1.31765
21.0007
27.7487
-0.609842
-0.578798
-0.608755
-0.593836
-1.32145
-1.33298
-1.30917
-1.29474
24.1147
25.2467
-0.643885
-0.636073
-0.670229
-0.65718
-1.31377
-1.31818
-1.28934
-1.29689
24.2493
24.7018
-0.671079
-0.668907
-0.691861
-0.693147
-1.29983
-1.29721
-1.26
-1.25498
23.8834
24.5645
-0.689875
-0.688867
-0.703532
-0.707361
-1.29292
-1.28492
-1.23499
-1.21112
22.9045
25.3993
-0.713505
-0.700007
-0.713635
-0.715528
-1.29545
-1.29059
-1.24804
-1.25995
30.1508
17.9692
-0.700109
-0.715316
-0.732662
-0.746346
-1.29783
-1.29295
-1.24629
-1.24805
24.4044
24.8789
-0.755059
-0.753131
-0.759664
-0.760628
-1.30113
-1.29895
-1.24828
-1.26033
23.897
27.5321
-0.77718
-0.76943
-0.77327
-0.773059
-1.30785
-1.31995
-1.27205
-1.29579
26.2808
26.4828
-0.767653
-0.764031
-0.774979
-0.781353
-1.32354
-1.32505
-1.30944
-1.31448
26.2859
26.8636
-0.770933
-0.763142
-0.777443
-0.782964
-1.37925
-1.37122
-1.36646
-1.37069
27.8495
25.3145
-0.790131
-0.788206
-0.807531
-0.808283
-1.41516
-1.41907
-1.41407
-1.41689
27.4947
25.3717
-0.841978
-0.835414
-0.855883
-0.859741
-1.42659
-1.42691
-1.41486
-1.42122
26.5854
25.9913
-0.918433
-0.914246
-0.927945
-0.932553
-1.43628
-1.44155
-1.41195
-1.42842
27.1377
25.2257
-0.995976
-1.00203
-1.00292
-1.01216
-1.46986
-1.44466
-1.41675
-1.4281
26.5432
25.6185
-1.07115
-1.07329
-1.0736
-1.07625
-1.49698
-1.45706
-1.43895
-1.44032
25.6438
26.3587
-1.09984
-1.09402
-1.10586
-1.10218
-1.52135
-1.48524
-1.48081
-1.48482
26.0463
25.8753
-1.11689
-1.11436
-1.1356
-1.13185
-1.54319
-1.52881
-1.5333
-1.53895
25.8421
26.0804
-1.12939
-1.12384
-1.13792
-1.15746
-1.57822
-1.57234
-1.57212
-1.58131
25.8459
26.0155
-1.16498
-1.1566
-1.15342
-1.19104
-1.60302
-1.60367
-1.59943
-1.60576
25.7283
26.1308
-1.21823
-1.21086
-1.21731
-1.22588
-1.6182
-1.61916
-1.61724
-1.61914
25.586
26.0869
-1.25339
-1.24922
-1.25617
-1.25615
-1.63422
-1.6356
-1.63474
-1.63616
25.4554
25.9133
-1.27808
-1.27622
-1.28135
-1.28207
-1.64755
-1.64914
-1.64869
-1.64853
25.1727
25.7944
-1.30131
-1.30074
-1.30595
-1.30916
-1.65887
-1.66019
-1.66025
-1.66042
25.2886
25.2354
-1.32573
-1.326
-1.33044
-1.33616
-1.66997
-1.67059
-1.67073
-1.67431
25.1906
24.8232
-1.35858
-1.35616
-1.35624
-1.36732
-1.68027
-1.68022
-1.68057
-1.68932
24.8282
24.6041
-1.40513
-1.39679
-1.39586
-1.40301
-1.68973
-1.68926
-1.68981
-1.7039
24.4596
24.3257
-1.44962
-1.43512
-1.43569
-1.43878
-1.6994
-1.69802
-1.6977
-1.71457
24.0372
23.9274
-1.47923
-1.46267
-1.46359
-1.46464
-1.70573
-1.70556
-1.70729
-1.72706
23.5471
23.4257
-1.50436
-1.48535
-1.48506
-1.48605
-1.72038
-1.72236
-1.72148
-1.74431
22.9487
22.7025
-1.53184
-1.50966
-1.50894
-1.50981
-1.74075
-1.73964
-1.73716
-1.76162
22.0783
21.995
-1.55919
-1.53461
-1.53388
-1.53419
-1.75246
-1.75316
-1.74944
-1.77567
20.7858
21.2346
-1.58955
-1.56118
-1.55987
-1.55969
-1.76297
-1.76052
-1.75638
-1.78704
19.3228
20.3562
-1.62295
-1.58898
-1.587
-1.58686
-1.77054
-1.77074
-1.76445
-1.80402
17.7545
19.066
-1.65944
-1.61652
-1.61393
-1.6141
-1.77957
-1.77851
-1.77594
-1.83042
16.2648
17.4269
-1.70112
-1.64339
-1.64018
-1.64094
-1.79299
-1.79012
-1.79089
-1.8496
14.4539
15.2995
-1.73006
-1.66853
-1.66493
-1.66871
-1.80527
-1.80322
-1.80465
-1.8494
12.218
12.7829
-1.74381
-1.69651
-1.69133
-1.69911
-1.81664
-1.81548
-1.81915
-1.91598
9.07983
10.5077
-1.83806
-1.73525
-1.72126
-1.726
-1.83272
-1.83564
-1.82349
-2.06115
6.7298
7.62524
-2.01955
-1.70893
-1.74621
-1.74334
-1.85943
-1.85526
-1.87325
-2.15125
5.83488
4.23291
-2.05529
-1.79014
-1.77007
-1.77324
-1.8744
-1.87214
-1.93631
-1.64961
2.42755
3.17363
-2.38444
-1.87612
-1.795
-1.79578
-1.88738
-1.8891
-2.04977
-1.8293
0.404043
1.52607
-1.35111
-1.97721
-1.81871
-1.81884
-1.89857
-1.90017
-2.2632
-0.812033
0.163625
0.237915
-1.63287
-2.39391
-1.85689
-1.84402
-1.91018
-1.90701
-3.52812
-1.87845
-0.705975
-0.613818
-1.30495
-3.0936
-1.8162
-1.85756
-1.92737
-2.28838
-4.88104
-3.23231
-1.93487
-1.39818
-1.96254
-4.12042
-2.69074
-1.89147
-1.93449
-3.693
-4.76051
-4.84214
-5.23687
-5.58181
-5.80547
-6.08527
-4.38894
-1.90151
-2.73257
-9.49219
-12.8825
-14.6716
-15.3457
-15.274
-14.4018
-12.4753
-9.40426
-2.7373
395.588
402.529
414.045
424.736
421.139
414.427
413.007
416.897
418.132
415.539
415.131
418.725
422.599
430.613
443.204
442.896
442.291
443.552
448.467
455.777
463.92
471.856
479.393
487.832
494.371
499.339
503.828
507.54
511.949
514.194
516.946
519.185
519.664
518.849
518.768
518.768
519.541
519.738
520.573
521.841
408.315
408.005
408.176
408.046
407.764
407.534
407.383
406.861
405.197
403.339
404.268
407.408
411.582
413.828
414.703
416.132
419.078
419.968
416.6
425.859
443.951
459.269
471.847
477.692
479.745
483.064
487.277
490.466
494.528
495.611
497.862
499.694
500.586
501.067
501.112
501.061
501.617
501.759
502.169
505.809
401.407
404.339
404.801
405.584
406.341
406.606
406.877
406.995
407.176
407.816
408.868
410.208
411.295
412.413
413.66
415.143
416.944
418.616
419.408
416.834
430.311
448.329
449.795
465.779
471.986
478.678
474.668
478.304
480.552
483.617
482.143
484.277
484.304
483.929
484.113
484.032
484.168
484.528
484.913
488.699
379.142
389.636
396.681
400.427
404.596
405.625
405.808
405.806
406.076
406.739
407.908
409.347
410.843
412.103
413.259
414.317
415.531
416.9
417.861
421.69
436.901
450.537
460.456
471.142
481.776
484.501
483.265
479.71
468.374
465.845
468.058
465.171
465.233
463.213
462.734
462.709
463.509
465.374
466.615
468.481
348.034
357.081
363.493
374.899
386.317
391.253
395.002
398.121
401.694
402.309
403.963
405.547
406.162
407.78
409.467
410.642
410.291
407.518
407.286
413.646
426.256
436.256
443.768
448.392
452.11
453.874
451.667
447.729
445.169
440.483
433.242
435.036
439.458
440.985
441.991
443.505
445.742
449.141
451.75
453.06
310.42
311.104
314.867
327.867
337.81
348.647
345.34
349.72
357.199
364.347
371.842
379.898
385.347
389.779
392.083
391.894
391.775
394.019
399.391
406.282
414.318
420.044
421.848
424.572
426.398
426.112
423.763
420.102
415.021
402.233
422.636
405.972
412.571
417.749
422.258
426.538
430.968
437.174
441.592
443.743
307.999
301.094
291.168
298.25
297.087
297.356
292.366
288.79
297.555
302.98
311.464
325.804
340.593
352.83
363.294
370.508
375.91
381.641
387.844
392.835
397.786
401.837
400.844
400.954
401.538
400.141
396.711
389.399
380.654
372.555
393.381
382.242
389.718
398.342
405.622
411.772
418.276
424.162
427.764
429.303
310.052
297.266
275.975
263.174
255.134
250
247.242
239.453
240.482
242.512
252.092
270.494
289.88
309.152
329.22
344.921
355.922
363.713
373.771
379.242
385.945
384.411
396.163
395.411
386.995
384.249
378.168
365.293
364.015
363.525
367.719
368.077
372.185
381.034
388.397
394.39
406.773
409.367
411.228
413.055
290.917
285.831
254.108
233.073
220.055
200.992
192.648
180.838
182.228
186.07
195.932
212.645
240.615
268.665
293.098
318.581
338.646
352.905
363.161
369.216
379.472
377.123
384.792
385.25
382.442
377.53
373.918
351.676
351.5
349.185
351.425
353.943
353.073
358.9
366.807
379.522
390.265
393.895
396.2
396.826
274.489
254.731
220.629
195.524
174.767
154.804
138.38
132.347
127.972
123.825
123.548
143.891
176.336
220.528
261.689
296.143
325.203
343.943
354.601
362.648
365.499
369.55
369.995
381.012
379.631
373.276
374.446
347.758
346.367
340.665
340.05
341.593
341.2
350.938
359.705
368.425
377.092
381.715
383.426
385.98
277.127
226.4
183.351
151.264
135.663
127.442
122.99
123.95
123.368
123.004
123.66
123.352
129.623
168.394
225.384
275.752
311.947
328.986
339.68
351.026
353.126
359.827
362.253
366.604
377.93
359.066
365.837
349.203
349.313
346.255
342.994
337.745
335.542
343.637
349.508
359.567
366.689
371.948
376.335
377.693
308.04
173.56
118.024
107.397
106.996
114.354
118.06
120.13
121.316
122.002
121.969
121.576
121.365
133.735
179.768
220.028
257.882
284.93
296.404
308.477
320.215
332.369
342.137
349.469
376.359
351.316
352.013
339.133
355.124
343.496
332.932
330.449
327.758
327.854
332.897
338.141
345.038
352.567
359.828
361.579
153.082
112.563
104.748
107.772
114.065
118.945
120.619
121.134
121.443
121.444
121.368
121.991
119.533
126.682
145.989
156.428
169.97
170.206
202.749
238.139
264.61
288.389
308.887
326.95
348.263
341.188
341.886
335.851
333.429
323.31
313.649
307.581
303.317
304.843
309.323
310.762
313.253
321.667
327.742
330.088
107.554
96.3302
95.3922
100.023
107.743
112.463
115.734
118.993
120.602
121.232
121.428
121.288
121.997
127.179
132.289
132.513
136.077
139.871
132.74
173.879
204.099
232.637
258.676
277.541
304.791
310.015
314.863
315.984
311.181
300.703
290.299
280.176
273.085
274.392
279.694
283.045
285.726
288.009
295.955
297.14
98.9758
94.5819
94.1117
97.3037
103.794
110.865
116.548
119.492
120.827
121.263
121.336
120.985
128.653
128.402
129.394
129.326
129.299
130.012
129.214
131.728
142.851
172.608
210.962
227.412
253.894
267.05
271.206
275.765
275.206
269.813
262.243
252.902
247.164
239.416
246.562
253.648
257.89
261.206
266.601
269.826
106.884
100.089
99.5824
102.844
107.003
111.784
115.973
118.865
120.087
120.482
118.81
131.009
132.15
129.314
129.193
129.692
129.726
130.457
131.357
132.802
132.692
137.816
174.447
182.483
214.781
224.451
230.321
238.184
241.716
241.507
239.263
235.044
229.665
226.339
225.454
239.381
241.414
245.314
249.081
251.895
130.44
108.571
106.961
108.254
111.073
114.493
116.828
118.283
118.647
117.809
128.571
130.224
128.824
128.099
128.909
129.284
129.493
130.012
130.864
131.768
129.579
134.7
148.66
161.507
177.54
192.669
204.74
214.204
221.226
225.694
227.966
228.228
228.343
228.182
228.535
231.541
233.395
235.692
237.904
240.16
126.89
118.296
114.77
114.129
114.25
114.562
115.987
115.717
118.338
122.175
123.916
124.485
125.943
127.345
127.404
127.844
128.226
128.259
128.05
130.321
130.296
135.402
147.719
159.31
169.646
181.358
191.38
201.189
210.566
217.584
222.337
225.956
226.785
226.754
226.5
226.285
225.653
229.907
231.711
233.078
125.781
122.938
120.139
118.285
117.228
115.283
111.969
113.263
115.84
112.87
115.955
125.611
126.139
125.973
126.779
127.073
127.255
127.164
128.186
131.169
130.784
136.847
146.003
155.817
166.439
175.432
186.061
196.428
208.17
216.159
220.074
221.795
221.893
220.954
219.491
217.483
216.907
217.789
217.455
217.48
123.169
122.294
120.313
118.967
119.114
118.592
111.586
101.401
98.4406
111.944
124.272
123.827
123.818
125.377
126.354
123.924
124.829
129.434
131.397
130.937
133.767
139.077
145.348
153.077
161.422
170.329
181.123
192.038
202.292
208.695
211.161
213.436
212.817
209.942
207.631
205.713
203.939
202.953
202.753
202.885
117.537
117.076
115.67
114.001
106.357
104.941
115.691
117.318
108.887
94.3904
97.6562
100.763
117.598
124.559
116.859
120.026
119.759
124.241
127.818
130.617
134.018
138.68
144.054
149.551
161.529
171.037
172.842
184.164
193.007
198.298
201.062
201.095
199.654
196.72
193.999
191.22
189.007
186.856
184.859
185.809
112.962
111.53
110.008
103.268
105.517
104.029
92.0227
88.9134
97.5599
102.472
107.391
112.111
118.628
114.297
123.858
112.713
116.851
120.202
123.67
127.163
131.109
134.943
138.569
143.781
150.383
157.908
163.138
171.007
178.725
183.443
185.437
185.213
184.743
182.369
179.631
180.023
182.242
180.748
179.101
180.723
135.813
112.642
97.4876
96.7459
95.3641
107.027
110.929
111.967
111.418
111.368
111.39
111.877
109.335
120.135
116.681
114.335
115.916
118.453
120.695
122.996
125.371
128.151
130.188
131.68
133.865
138.606
145.459
152.381
157.991
162.247
165.021
166.146
167.224
166.813
165.897
166.107
166.936
168.187
168.928
171.645
208.943
208.521
187.955
173.305
159.373
149.624
140.769
133.218
126.658
121.09
116.939
113.487
111.205
124.494
110.66
111.407
112.881
114.486
115.727
118.302
120.736
121.954
122.557
122.228
122.724
126.284
130.562
134.769
138.734
141.937
144.37
146.014
147.467
148.545
149.549
151.049
152.383
153.898
151.746
154.965
297.318
308.137
270.726
234.559
205.969
182.867
164.784
150.636
138.463
128.249
122.698
117.216
111.676
110.116
108.596
107.752
108.2
109.288
110.916
115.644
116.685
117.086
116.683
115.412
114.496
114.844
117.594
119.45
122.417
124.797
126.731
129.41
129.508
130.987
132.854
135.429
136.645
137.58
137.551
143.674
311.344
324.386
290.63
253.608
223.111
196.76
174.927
156.203
140.554
128.95
119.667
112.379
106.822
104.661
102.772
101.805
101.922
103.088
104.566
111.305
112.805
113.009
112.688
109.334
110.423
109.451
107.373
108.947
109.42
109.738
112.704
115.367
115.359
115.366
115.965
119.24
121.266
122.427
123.278
132.099
253.125
262.134
263.902
233.271
206.976
183.643
163.578
146.748
131.547
118.871
108.275
102.626
97.2157
92.4325
90.441
88.4936
87.896
89.7976
92.6833
95.4292
98.9717
99.7677
97.1042
94.5361
95.2666
95.4188
94.3204
93.9634
94.4433
95.4025
95.6376
93.9211
99.0869
99.0804
98.3207
100.078
102.672
105.402
106.958
113.299
124.582
169.481
184.884
177.337
163.954
149.726
136.021
123.686
111.653
100.775
95.748
85.3546
81.1752
77.6357
76.1461
77.92
75.6776
72.3351
74.4026
77.2315
79.4333
80.9401
80.2503
78.3422
75.264
71.7926
80.2205
76.2824
78.2002
80.3287
78.8963
78.1489
79.9902
78.4197
77.1693
77.6297
79.8416
83.2574
85.7519
87.8977
37.3572
83.9336
94.2867
105.366
106.994
103.252
97.86
92.0431
87.6484
82.754
74.9003
65.7879
62.3521
61.0709
59.385
59.6939
58.5419
57.8786
58.0822
59.8135
64.0509
67.6598
68.4851
68.2786
64.9436
62.2429
75.1852
68.3616
65.6945
65.443
62.6289
61.1329
60.3789
58.4701
55.0492
53.7587
54.8471
57.6962
62.1151
66.0874
30.9724
43.8216
47.8812
58.2615
63.5887
65.3078
64.9909
63.3181
64.0965
60.685
55.6386
49.5019
43.2826
44.523
42.1671
42.9062
41.516
44.0581
45.3967
46.6262
49.3308
55.0691
58.3094
54.5206
55.3373
59.4484
67.7773
68.1023
64.2208
57.7305
52.2587
51.8889
47.5866
33.485
16.0462
9.66902
21.6534
29.9391
39.8716
39.986
46.4185
38.4611
26.6503
30.1469
33.6937
37.4032
39.133
39.7584
40.4354
39.6768
37.6459
32.129
30.9318
22.865
22.8597
20.4845
18.7502
19.1506
20.7945
21.9814
25.5095
33.0965
40.3221
45.49
47.5437
57.5594
56.1833
59.442
62.076
60.0781
45.5653
42.6839
43.0513
29.2329
26.3353
23.4409
15.8204
21.9213
30.5444
29.8337
34.411
36.3032
24.9699
25.2031
17.6368
15.2922
15.1268
14.8754
16.5471
18.2332
18.7415
12.9877
9.53586
15.6796
13.0929
11.218
10.5685
10.3845
10.1421
9.47494
8.63108
8.34693
22.1464
30.6258
40.7775
45.7507
51.1218
53.9873
45.7726
36.8384
33.5486
29.3464
33.4278
34.4623
33.3142
13.707
17.8949
20.9856
18.0081
20.3254
24.7309
19.2238
18.1503
9.98577
3.56713
-0.245076
-2.79938
-3.10729
-1.3307
0.351524
1.73131
-0.00122835
4.086
9.53009
8.49846
5.34752
4.31234
4.2154
4.34099
2.86785
2.36807
1.41667
13.044
17.3647
18.0483
19.2157
20.1822
22.9426
23.8948
25.1157
24.2482
22.3195
22.031
24.5174
22.3909
18.7738
18.5224
2.21022
4.79908
5.11075
15.122
14.4525
11.5848
7.61081
5.03243
4.69202
1.95431
-4.17211
-3.58271
-0.267656
2.93848
12.3547
20.9626
8.85687
1.82624
0.412133
-1.60318
-0.852489
-0.611634
-0.714468
-1.54975
8.39125
0.403995
0.459328
0.7128
1.01724
1.37826
1.28961
0.980601
0.47977
0.0869994
1.20136
3.72596
13.0722
7.11693
2.36036
2.30319
1.21008
1.37188
1.52989
19.4658
13.5978
13.2812
10.5341
8.28608
7.46797
3.12158
9.80166
3.93844
5.89453
5.9642
6.27632
4.11748
5.78742
25.7843
4.27319
-7.47199
-5.40743
-6.00731
6.14222
-3.87382
-1.0745
-0.0067109
-0.0227801
-0.0451425
-0.0777819
-0.103847
-0.136878
-0.195134
-0.298904
-0.436689
-0.589005
-0.815075
-1.03124
-0.937959
0.318595
0.311784
0.829982
0.959781
0.976712
25.4871
19.3108
17.4194
16.6804
12.2895
9.87954
8.36682
3.21685
3.08593
3.08107
3.52395
3.97234
4.46222
4.65772
3.16084
3.77621
5.6038
6.57833
12.4339
9.97647
-0.729263
0.0138741
-0.00109042
-0.0311276
-0.0767253
-0.112029
-0.137797
-0.165715
-0.216343
-0.296361
-0.370559
-0.525
-0.818726
-0.943709
-1.04364
-0.668105
-0.228379
0.233245
0.392336
0.50228
33.0999
25.3809
22.7753
18.3308
15.1581
12.3723
8.27197
8.57702
6.39832
5.60425
5.32356
5.3265
5.91812
6.74916
7.28783
8.5781
7.35024
9.49087
16.4875
0.766533
-0.0101159
0.124945
0.0277138
-0.01234
-0.10835
-0.137889
-0.155788
-0.18194
-0.228295
-0.253518
-0.295583
-0.41953
-0.468751
-0.436487
-0.387402
-0.275783
-0.12059
0.0351606
0.125072
0.210506
27.3632
25.1978
21.9784
19.1377
10.8089
12.4079
11.2217
7.53223
5.47835
4.93231
5.06889
5.24489
5.52659
6.24908
6.95071
4.96396
0.647584
5.03525
0.407741
0.41522
0.377083
0.242902
0.134974
0.0021118
-0.105557
-0.132513
-0.149359
-0.179001
-0.211253
-0.233123
-0.254082
-0.27501
-0.289425
-0.276318
-0.236718
-0.108251
-0.0113078
0.0663187
0.083599
0.128287
21.3492
18.077
22.8831
21.646
19.5427
16.9148
17.5303
7.27562
0.250237
-4.71099
0.324325
0.229161
1.07993
0.703216
-0.360225
4.86755
3.5304
0.242173
0.372993
0.470879
0.415411
0.30285
0.110287
-0.0530349
-0.114167
-0.140775
-0.162657
-0.181399
-0.202445
-0.222521
-0.230412
-0.227668
-0.216522
-0.195594
-0.166212
-0.0657123
-0.0137688
0.058399
0.0588733
0.0933436
21.3689
14.9352
25.1288
17.3845
15.4403
26.6722
22.3903
20.846
17.7059
15.5476
14.8198
13.443
14.1214
14.5995
13.7613
11.9735
5.58455
0.970178
0.50422
0.367925
0.259616
0.146002
-0.0236309
-0.106028
-0.142198
-0.164208
-0.181557
-0.193782
-0.204626
-0.179143
-0.192779
-0.196087
-0.187166
-0.174078
-0.141318
-0.0983748
-0.0509728
-0.00900192
0.032088
0.0339339
5.56788
2.08242
2.35591
4.97727
0.780219
0.779491
1.08052
0.659484
0.845568
3.19052
3.57523
3.82562
5.27484
6.43173
2.99704
-0.909279
-0.215026
0.0116835
0.0401819
-0.0170761
-0.049178
-0.0871924
-0.140195
-0.168414
-0.185601
-0.200089
-0.210827
-0.217463
-0.222375
-0.222164
-0.208319
-0.202464
-0.191239
-0.16784
-0.139983
-0.102441
-0.0915027
-0.0469761
-0.0340747
-0.0330644
1.86051
1.60653
0.413441
-0.574691
-0.309406
-0.233965
-0.272187
-0.256857
-0.219967
-0.248356
-0.29293
-0.34569
-0.398793
-0.443209
-0.492965
-0.546993
-0.508069
-0.40016
-0.312867
-0.298255
-0.283199
-0.253224
-0.245945
-0.255575
-0.241043
-0.245427
-0.250626
-0.24736
-0.245018
-0.23469
-0.226766
-0.215312
-0.198935
-0.188536
-0.140647
-0.107556
-0.0880626
-0.0814249
-0.0822344
-0.0798746
0.132381
-0.0761009
-0.327407
-0.381205
-0.194539
-0.0870899
0.0022009
-0.0282783
-0.0269802
-0.0830241
-0.230477
-0.331985
-0.359882
-0.414771
-0.4879
-0.494532
-0.459633
-0.414832
-0.395752
-0.385266
-0.357704
-0.359143
-0.357203
-0.30278
-0.28848
-0.286757
-0.278937
-0.295153
-0.23335
-0.263612
-0.249215
-0.241989
-0.224333
-0.188156
-0.154896
-0.121843
-0.104448
-0.0998372
-0.10147
-0.0994722
-0.271634
-0.31492
-0.339879
-0.364082
-0.293517
-0.29442
-0.229349
-0.191464
-0.169268
-0.168247
-0.21693
-0.318674
-0.348173
-0.370094
-0.404189
-0.435372
-0.431229
-0.41856
-0.440099
-0.456523
-0.435559
-0.43387
-0.439854
-0.43258
-0.364522
-0.365115
-0.328671
-0.361444
-0.312412
-0.325198
-0.254023
-0.281385
-0.254409
-0.236532
-0.207139
-0.181916
-0.177052
-0.180691
-0.182773
-0.175684
-0.325047
-0.358441
-0.403986
-0.465586
-0.48457
-0.430517
-0.375543
-0.329742
-0.308995
-0.310459
-0.295283
-0.386493
-0.402892
-0.424907
-0.454921
-0.483451
-0.488836
-0.505763
-0.5331
-0.52874
-0.523999
-0.518209
-0.513554
-0.506464
-0.495796
-0.480702
-0.438356
-0.415843
-0.402791
-0.378935
-0.305784
-0.279346
-0.311701
-0.327582
-0.316227
-0.295238
-0.27693
-0.268623
-0.251955
-0.244006
-0.291775
-0.301314
-0.314792
-0.332438
-0.349163
-0.341233
-0.353567
-0.350906
-0.3639
-0.394818
-0.406282
-0.420772
-0.441203
-0.465659
-0.497233
-0.532398
-0.569922
-0.605475
-0.643762
-0.650732
-0.650524
-0.643537
-0.62957
-0.596328
-0.556197
-0.52628
-0.509054
-0.49123
-0.475599
-0.464657
-0.432074
-0.407377
-0.402306
-0.415934
-0.43195
-0.406152
-0.403472
-0.392762
-0.386574
-0.382549
-0.29615
-0.303898
-0.310782
-0.324253
-0.32834
-0.32819
-0.326225
-0.348004
-0.382863
-0.41048
-0.428782
-0.448817
-0.472598
-0.506818
-0.541021
-0.583173
-0.628916
-0.680885
-0.738789
-0.7612
-0.764685
-0.751918
-0.715427
-0.664899
-0.60905
-0.572954
-0.540851
-0.519924
-0.504534
-0.493324
-0.483596
-0.456785
-0.455568
-0.465787
-0.47061
-0.457858
-0.436693
-0.434371
-0.426167
-0.425687
-0.315822
-0.319331
-0.3223
-0.327367
-0.330653
-0.340063
-0.354419
-0.37052
-0.391926
-0.426269
-0.457994
-0.487615
-0.510627
-0.541036
-0.577605
-0.615765
-0.658608
-0.697452
-0.726729
-0.748261
-0.754034
-0.73738
-0.715893
-0.677504
-0.630933
-0.590232
-0.558083
-0.540528
-0.523053
-0.507585
-0.496323
-0.487541
-0.456548
-0.467287
-0.463126
-0.45818
-0.44743
-0.441392
-0.440772
-0.436328
-0.303784
-0.328352
-0.327033
-0.331557
-0.339327
-0.352683
-0.37014
-0.392551
-0.420078
-0.454923
-0.489107
-0.514903
-0.544771
-0.576788
-0.605801
-0.638329
-0.67047
-0.700208
-0.722891
-0.733437
-0.733653
-0.725244
-0.710138
-0.679907
-0.640994
-0.601053
-0.564156
-0.545094
-0.530562
-0.519169
-0.50285
-0.496464
-0.470865
-0.479151
-0.470485
-0.46518
-0.460092
-0.454496
-0.448335
-0.442144
-0.337266
-0.343459
-0.334164
-0.340388
-0.352654
-0.377375
-0.416281
-0.439906
-0.465211
-0.492316
-0.520533
-0.550877
-0.577661
-0.601593
-0.62858
-0.65875
-0.678678
-0.703369
-0.717651
-0.723903
-0.72018
-0.70543
-0.686062
-0.663873
-0.643144
-0.591613
-0.562838
-0.550741
-0.536427
-0.52861
-0.518517
-0.510316
-0.489849
-0.492091
-0.479691
-0.479123
-0.473132
-0.460061
-0.441554
-0.450635
-0.390944
-0.399885
-0.415594
-0.429676
-0.433896
-0.457537
-0.480757
-0.492419
-0.514245
-0.547136
-0.580414
-0.599643
-0.622014
-0.630393
-0.655611
-0.677134
-0.692285
-0.704751
-0.712588
-0.707068
-0.705752
-0.692625
-0.672638
-0.650651
-0.629832
-0.598399
-0.559249
-0.565382
-0.545959
-0.544758
-0.533123
-0.528076
-0.52071
-0.517738
-0.508319
-0.488409
-0.490273
-0.484524
-0.492169
-0.493592
-0.429458
-0.453497
-0.481692
-0.518913
-0.56292
-0.586601
-0.597303
-0.611966
-0.621719
-0.628365
-0.63883
-0.646558
-0.664108
-0.673077
-0.696043
-0.709029
-0.717107
-0.721066
-0.721224
-0.717387
-0.707961
-0.693785
-0.674695
-0.653848
-0.633659
-0.60542
-0.575555
-0.576776
-0.560438
-0.559129
-0.546269
-0.5438
-0.539519
-0.543341
-0.50562
-0.536459
-0.536544
-0.549444
-0.546692
-0.538216
-0.504078
-0.522789
-0.553479
-0.593847
-0.626576
-0.644018
-0.655572
-0.664533
-0.67283
-0.681022
-0.688826
-0.697678
-0.71075
-0.724425
-0.737274
-0.747096
-0.750836
-0.750856
-0.745816
-0.737773
-0.726883
-0.711863
-0.693252
-0.672018
-0.650735
-0.627464
-0.596577
-0.59702
-0.582997
-0.581896
-0.57374
-0.569569
-0.567028
-0.568036
-0.538695
-0.57923
-0.584394
-0.568026
-0.574147
-0.571219
-0.607105
-0.62659
-0.648253
-0.66592
-0.683996
-0.697469
-0.705121
-0.71228
-0.719539
-0.727132
-0.735408
-0.745022
-0.756818
-0.768881
-0.779172
-0.786071
-0.789088
-0.788531
-0.784436
-0.776258
-0.763529
-0.746451
-0.726187
-0.703501
-0.680156
-0.659381
-0.639609
-0.625018
-0.611127
-0.606379
-0.60466
-0.602777
-0.609126
-0.570991
-0.580067
-0.601002
-0.603328
-0.600232
-0.600322
-0.598098
-0.688714
-0.688752
-0.694341
-0.708101
-0.720294
-0.734238
-0.744746
-0.754309
-0.763445
-0.772564
-0.782073
-0.792228
-0.802506
-0.812769
-0.821702
-0.828094
-0.831078
-0.830485
-0.826205
-0.817898
-0.805371
-0.78807
-0.767771
-0.744295
-0.719374
-0.695898
-0.675058
-0.65752
-0.643444
-0.635223
-0.628253
-0.631936
-0.611012
-0.62395
-0.624614
-0.623898
-0.623181
-0.625507
-0.625541
-0.62437
-0.719901
-0.721793
-0.729755
-0.739565
-0.752799
-0.767339
-0.779283
-0.789553
-0.799321
-0.809216
-0.819583
-0.830347
-0.84119
-0.851497
-0.860458
-0.866985
-0.870645
-0.870663
-0.867279
-0.860155
-0.84864
-0.83238
-0.811779
-0.787747
-0.76248
-0.73848
-0.716461
-0.696924
-0.680885
-0.668719
-0.657806
-0.643107
-0.673322
-0.664147
-0.660253
-0.654739
-0.654833
-0.657869
-0.657889
-0.65925
-0.739921
-0.748659
-0.757008
-0.770503
-0.780351
-0.796418
-0.808255
-0.817105
-0.826174
-0.835952
-0.846329
-0.85707
-0.868047
-0.878697
-0.88814
-0.895175
-0.899607
-0.901161
-0.89926
-0.893511
-0.883229
-0.86811
-0.848754
-0.826523
-0.802858
-0.779471
-0.757811
-0.737503
-0.728024
-0.711525
-0.683227
-0.713866
-0.710681
-0.703174
-0.696797
-0.692116
-0.693821
-0.697371
-0.69656
-0.697276
-0.75914
-0.763286
-0.775344
-0.782808
-0.788805
-0.813186
-0.825483
-0.834715
-0.844287
-0.854346
-0.864482
-0.874396
-0.883988
-0.893279
-0.901807
-0.908428
-0.912836
-0.914658
-0.913909
-0.909824
-0.901411
-0.888862
-0.872938
-0.854542
-0.834661
-0.815337
-0.797699
-0.784611
-0.776967
-0.72256
-0.741656
-0.742808
-0.741788
-0.739715
-0.736429
-0.732366
-0.73323
-0.733972
-0.733174
-0.732878
-0.757408
-0.771156
-0.779911
-0.79217
-0.80791
-0.82624
-0.841165
-0.850627
-0.860218
-0.869918
-0.879278
-0.887964
-0.89612
-0.90387
-0.910407
-0.915097
-0.917739
-0.918936
-0.919256
-0.917173
-0.910993
-0.900956
-0.888273
-0.874676
-0.861018
-0.846892
-0.831556
-0.820695
-0.804065
-0.770735
-0.793216
-0.786408
-0.78329
-0.779979
-0.777182
-0.772011
-0.771105
-0.768779
-0.767071
-0.76644
-0.765846
-0.779062
-0.787714
-0.804342
-0.823105
-0.841285
-0.855476
-0.866099
-0.875981
-0.88551
-0.894095
-0.901056
-0.907335
-0.910755
-0.915319
-0.920384
-0.9268
-0.928159
-0.928997
-0.926208
-0.917715
-0.910564
-0.898019
-0.888087
-0.879278
-0.868185
-0.858086
-0.852194
-0.836953
-0.812458
-0.836808
-0.829767
-0.824369
-0.819619
-0.814875
-0.809438
-0.804533
-0.801232
-0.79878
-0.794574
-0.77758
-0.790586
-0.800454
-0.813704
-0.844266
-0.856512
-0.868762
-0.880482
-0.891471
-0.901506
-0.910346
-0.914629
-0.921648
-0.926611
-0.930414
-0.933027
-0.935822
-0.932002
-0.935107
-0.926588
-0.918055
-0.912936
-0.904057
-0.897302
-0.893586
-0.886961
-0.883075
-0.880146
-0.878413
-0.834
-0.873192
-0.867588
-0.86049
-0.852049
-0.845542
-0.839194
-0.833861
-0.830245
-0.826805
-0.821953
-0.785647
-0.797151
-0.81624
-0.825881
-0.859688
-0.871185
-0.883376
-0.895139
-0.906061
-0.916108
-0.925141
-0.931708
-0.938236
-0.942191
-0.944691
-0.945613
-0.943988
-0.943462
-0.941439
-0.936467
-0.924906
-0.918232
-0.911282
-0.906901
-0.903438
-0.899221
-0.895478
-0.895586
-0.900054
-0.883515
-0.896702
-0.889451
-0.882483
-0.875513
-0.869426
-0.863946
-0.859833
-0.857659
-0.855152
-0.853958
-0.794287
-0.805964
-0.825063
-0.823818
-0.872782
-0.886961
-0.901832
-0.913517
-0.924055
-0.933231
-0.940973
-0.949862
-0.957365
-0.958733
-0.958689
-0.956383
-0.953368
-0.951787
-0.946963
-0.942575
-0.937866
-0.928491
-0.921732
-0.915827
-0.909855
-0.904539
-0.895798
-0.890002
-0.891004
-0.897144
-0.898567
-0.897411
-0.89438
-0.890959
-0.887755
-0.884913
-0.883417
-0.882474
-0.880245
-0.877802
-0.817736
-0.827959
-0.850492
-0.876797
-0.899218
-0.915703
-0.932609
-0.945145
-0.954682
-0.957835
-0.962204
-0.971634
-0.974358
-0.977842
-0.977033
-0.975271
-0.972507
-0.968618
-0.966695
-0.958224
-0.950111
-0.941979
-0.934575
-0.925885
-0.918653
-0.910352
-0.89946
-0.892684
-0.893115
-0.900458
-0.903492
-0.905223
-0.90648
-0.906548
-0.906252
-0.906152
-0.906299
-0.90536
-0.903556
-0.901304
-0.872912
-0.887157
-0.910601
-0.934571
-0.949552
-0.960836
-0.968917
-0.974278
-0.980437
-0.994281
-0.986552
-0.988044
-0.98874
-1.00439
-0.996146
-0.993044
-0.98901
-0.984436
-0.978961
-0.977329
-0.968267
-0.958919
-0.952314
-0.943408
-0.933699
-0.92488
-0.921195
-0.91675
-0.91708
-0.919354
-0.920751
-0.922044
-0.924621
-0.927035
-0.928984
-0.930631
-0.932715
-0.932553
-0.932224
-0.931749
-0.948046
-0.966429
-0.987763
-1.00315
-1.01096
-1.01391
-1.02279
-1.03596
-1.03694
-1.03434
-1.03369
-1.03901
-1.03495
-1.02586
-1.01832
-1.02202
-1.00534
-1.00713
-0.994296
-0.99606
-0.982115
-0.971661
-0.961635
-0.961433
-0.956497
-0.949025
-0.945239
-0.943484
-0.942478
-0.941927
-0.94288
-0.945396
-0.947576
-0.949573
-0.953131
-0.95589
-0.961485
-0.963219
-0.964265
-0.962938
-1.01857
-1.03493
-1.05139
-1.05954
-1.06106
-1.06885
-1.07337
-1.07231
-1.08122
-1.07756
-1.08609
-1.08235
-1.08118
-1.07109
-1.05915
-1.04902
-1.03872
-1.03205
-1.02444
-1.01856
-0.999314
-0.985703
-0.976123
-0.974287
-0.973423
-0.972228
-0.970454
-0.967925
-0.9683
-0.968238
-0.968425
-0.970766
-0.974492
-0.978832
-0.984564
-0.991894
-0.993388
-1.00015
-1.00036
-0.994769
-1.07818
-1.08709
-1.09994
-1.11253
-1.11243
-1.10616
-1.11841
-1.12074
-1.12583
-1.12723
-1.1251
-1.1234
-1.12102
-1.11558
-1.1082
-1.09844
-1.09121
-1.08501
-1.0771
-1.06595
-1.04091
-1.0271
-1.01536
-0.995622
-0.990486
-0.999028
-0.993203
-0.994189
-1.0041
-1.00198
-1.00127
-1.0025
-1.00428
-1.00812
-1.01049
-1.01785
-1.03909
-1.03425
-1.03517
-1.0336
-1.12217
-1.12854
-1.13909
-1.15245
-1.16034
-1.16209
-1.15867
-1.1622
-1.16341
-1.1622
-1.16068
-1.15797
-1.15327
-1.1462
-1.1385
-1.12979
-1.12218
-1.11419
-1.10525
-1.09453
-1.0798
-1.06326
-1.04913
-1.04708
-1.0464
-1.04662
-1.05182
-1.0384
-1.03969
-1.04987
-1.05746
-1.06606
-1.07752
-1.08085
-1.08464
-1.08451
-1.08664
-1.07921
-1.07272
-1.07046
-1.13681
-1.15575
-1.16607
-1.1774
-1.18721
-1.19231
-1.19392
-1.19534
-1.19575
-1.19485
-1.19184
-1.18777
-1.18355
-1.17705
-1.16922
-1.16103
-1.15292
-1.14453
-1.13423
-1.12268
-1.10883
-1.09624
-1.08719
-1.07912
-1.07865
-1.08066
-1.08752
-1.0937
-1.08962
-1.09466
-1.10393
-1.11374
-1.10373
-1.12138
-1.12928
-1.13637
-1.1318
-1.12141
-1.11492
-1.11254
-1.15768
-1.17775
-1.18606
-1.19469
-1.20268
-1.20943
-1.21426
-1.21727
-1.21858
-1.21835
-1.21702
-1.21446
-1.2113
-1.20595
-1.19902
-1.19197
-1.18463
-1.17799
-1.17016
-1.15962
-1.14622
-1.13111
-1.11194
-1.11677
-1.12262
-1.12491
-1.12992
-1.13454
-1.13531
-1.11435
-1.13799
-1.14332
-1.1448
-1.15067
-1.15685
-1.15747
-1.15299
-1.15062
-1.14832
-1.14728
-1.18897
-1.19355
-1.20697
-1.21278
-1.21699
-1.22243
-1.22697
-1.23053
-1.23314
-1.2348
-1.23558
-1.23577
-1.23507
-1.23111
-1.22496
-1.21953
-1.21297
-1.20887
-1.20283
-1.19192
-1.17817
-1.16971
-1.16355
-1.16042
-1.16306
-1.17484
-1.17675
-1.17904
-1.18485
-1.17571
-1.18346
-1.17677
-1.17689
-1.17396
-1.17788
-1.17776
-1.17772
-1.17693
-1.17657
-1.17604
-1.21688
-1.21745
-1.23905
-1.23593
-1.23357
-1.23481
-1.23799
-1.24148
-1.2446
-1.24729
-1.24924
-1.25074
-1.25109
-1.24952
-1.24563
-1.24196
-1.2386
-1.23791
-1.23355
-1.22429
-1.21902
-1.21746
-1.2167
-1.21561
-1.2151
-1.22438
-1.22315
-1.22287
-1.21983
-1.21866
-1.21354
-1.20965
-1.21026
-1.19982
-1.20339
-1.20329
-1.20343
-1.20294
-1.20741
-1.20747
-1.24744
-1.23868
-1.25822
-1.25221
-1.24893
-1.2481
-1.2486
-1.25237
-1.25593
-1.25932
-1.2622
-1.26493
-1.26656
-1.26677
-1.26492
-1.26297
-1.26236
-1.26401
-1.26056
-1.25348
-1.2582
-1.26315
-1.2663
-1.26912
-1.27062
-1.26867
-1.26362
-1.25898
-1.25632
-1.25245
-1.24824
-1.24648
-1.24112
-1.24002
-1.2305
-1.23306
-1.23263
-1.23333
-1.23688
-1.23657
-1.2836
-1.26836
-1.27241
-1.27063
-1.26788
-1.26563
-1.26398
-1.26551
-1.26894
-1.27286
-1.27756
-1.28109
-1.28336
-1.28359
-1.28705
-1.28606
-1.28779
-1.29082
-1.28856
-1.28344
-1.2984
-1.30102
-1.3017
-1.30342
-1.30246
-1.29892
-1.29507
-1.29172
-1.28892
-1.28603
-1.28096
-1.27702
-1.27495
-1.26933
-1.26931
-1.25283
-1.26028
-1.26565
-1.26583
-1.26397
-1.30831
-1.30779
-1.29261
-1.29589
-1.29145
-1.28582
-1.28434
-1.2842
-1.2922
-1.28798
-1.29316
-1.29807
-1.29911
-1.30807
-1.31564
-1.3116
-1.31102
-1.30698
-1.31264
-1.31632
-1.31998
-1.32323
-1.32718
-1.32981
-1.32936
-1.32764
-1.32551
-1.32281
-1.32048
-1.31794
-1.31483
-1.3094
-1.30629
-1.29891
-1.29647
-1.28851
-1.28391
-1.29724
-1.29597
-1.29449
-1.33737
-1.33718
-1.33434
-1.32067
-1.32098
-1.32114
-1.31537
-1.31808
-1.32042
-1.32551
-1.32994
-1.33307
-1.33614
-1.34916
-1.34476
-1.34162
-1.34094
-1.32278
-1.33646
-1.33885
-1.34614
-1.3459
-1.35375
-1.35698
-1.35853
-1.35901
-1.35826
-1.35622
-1.35371
-1.35041
-1.34742
-1.34168
-1.33774
-1.33302
-1.33125
-1.32096
-1.3222
-1.326
-1.32515
-1.32474
-1.36974
-1.37265
-1.37375
-1.35348
-1.3508
-1.35877
-1.36133
-1.36009
-1.36341
-1.36741
-1.37744
-1.38085
-1.38135
-1.37887
-1.37429
-1.37099
-1.37055
-1.36741
-1.36584
-1.36949
-1.36873
-1.37051
-1.37612
-1.3813
-1.38469
-1.38698
-1.38755
-1.38676
-1.3844
-1.38012
-1.37549
-1.37152
-1.36773
-1.36469
-1.35745
-1.35638
-1.36047
-1.35776
-1.35525
-1.35593
-1.40595
-1.4121
-1.42011
-1.4017
-1.40663
-1.40866
-1.40765
-1.40874
-1.40798
-1.40712
-1.40561
-1.40445
-1.4048
-1.40057
-1.39777
-1.39875
-1.39761
-1.3967
-1.39596
-1.39672
-1.3961
-1.39374
-1.39684
-1.4018
-1.40462
-1.40566
-1.40898
-1.40846
-1.40697
-1.40422
-1.40114
-1.39916
-1.39643
-1.38613
-1.38918
-1.39402
-1.39133
-1.38744
-1.38518
-1.3855
-1.44145
-1.44677
-1.43506
-1.4459
-1.44168
-1.43837
-1.43511
-1.43443
-1.43519
-1.42969
-1.42761
-1.43048
-1.42951
-1.42736
-1.42525
-1.42489
-1.4245
-1.42301
-1.42249
-1.4209
-1.41959
-1.41705
-1.41409
-1.42251
-1.42075
-1.42404
-1.42512
-1.42789
-1.42527
-1.42685
-1.42419
-1.42
-1.42023
-1.42211
-1.42153
-1.4189
-1.41554
-1.4128
-1.41095
-1.41142
-1.46451
-1.46634
-1.46763
-1.46902
-1.46862
-1.465
-1.46222
-1.46007
-1.45938
-1.4581
-1.45767
-1.45741
-1.45683
-1.45385
-1.45283
-1.45383
-1.45099
-1.45036
-1.44772
-1.4463
-1.44388
-1.44329
-1.43657
-1.43903
-1.43761
-1.44131
-1.44315
-1.44586
-1.44726
-1.44828
-1.44836
-1.44862
-1.44722
-1.44566
-1.44321
-1.44008
-1.43747
-1.43594
-1.43612
-1.43618
-1.48493
-1.48702
-1.48843
-1.49134
-1.49354
-1.4913
-1.48847
-1.48658
-1.48593
-1.48458
-1.48342
-1.48573
-1.48315
-1.48334
-1.48179
-1.47998
-1.47773
-1.4759
-1.47402
-1.46893
-1.46911
-1.4655
-1.4635
-1.45734
-1.45875
-1.46204
-1.46369
-1.46546
-1.4675
-1.46899
-1.46989
-1.46987
-1.46912
-1.46759
-1.46531
-1.46276
-1.46079
-1.46018
-1.4609
-1.46103
-1.50851
-1.50938
-1.51227
-1.5149
-1.51778
-1.51686
-1.50995
-1.51441
-1.51281
-1.51243
-1.51182
-1.51066
-1.50886
-1.50737
-1.50619
-1.50462
-1.50287
-1.50118
-1.49951
-1.49538
-1.49336
-1.4894
-1.48655
-1.48579
-1.48349
-1.48647
-1.48604
-1.48754
-1.48943
-1.49133
-1.49288
-1.49388
-1.494
-1.49299
-1.49011
-1.48671
-1.48532
-1.48602
-1.48763
-1.48745
-1.53293
-1.53314
-1.53399
-1.53542
-1.53731
-1.53882
-1.53921
-1.53866
-1.53766
-1.53719
-1.53647
-1.53513
-1.53359
-1.53231
-1.53109
-1.52976
-1.52836
-1.52689
-1.52511
-1.52281
-1.52032
-1.51775
-1.51563
-1.51356
-1.51353
-1.50962
-1.51109
-1.51197
-1.51429
-1.51725
-1.51953
-1.52104
-1.52166
-1.52099
-1.51381
-1.51166
-1.51029
-1.50991
-1.51427
-1.51233
-1.55866
-1.55822
-1.55838
-1.5593
-1.56072
-1.56224
-1.56291
-1.56253
-1.5619
-1.56123
-1.56059
-1.55961
-1.55853
-1.55738
-1.55622
-1.55509
-1.55403
-1.55302
-1.55176
-1.54988
-1.54799
-1.54597
-1.54448
-1.54264
-1.54198
-1.54234
-1.53809
-1.54058
-1.5431
-1.54551
-1.54804
-1.5504
-1.55217
-1.55295
-1.54996
-1.54574
-1.54364
-1.54299
-1.54373
-1.54019
-1.58598
-1.58563
-1.58572
-1.58626
-1.58731
-1.5882
-1.58862
-1.58852
-1.58807
-1.58719
-1.58623
-1.58517
-1.58408
-1.58285
-1.58163
-1.58049
-1.57948
-1.57871
-1.57843
-1.5773
-1.57604
-1.57522
-1.57454
-1.5732
-1.57225
-1.57198
-1.57203
-1.56951
-1.56966
-1.57421
-1.57654
-1.57865
-1.58066
-1.58264
-1.58416
-1.58477
-1.57823
-1.57555
-1.57427
-1.57043
-1.61319
-1.61274
-1.61274
-1.61318
-1.6141
-1.61498
-1.61537
-1.6152
-1.6146
-1.61362
-1.61248
-1.61121
-1.60982
-1.60837
-1.60704
-1.60609
-1.6057
-1.60575
-1.60565
-1.60566
-1.60541
-1.60488
-1.60409
-1.60328
-1.60267
-1.60241
-1.60258
-1.60234
-1.60274
-1.60307
-1.60252
-1.60486
-1.6068
-1.60923
-1.61099
-1.61359
-1.60823
-1.60301
-1.60518
-1.60067
-1.63917
-1.63616
-1.63772
-1.63981
-1.64084
-1.64194
-1.64237
-1.64223
-1.64158
-1.64032
-1.63895
-1.63709
-1.6353
-1.63364
-1.63239
-1.63174
-1.63163
-1.62978
-1.63018
-1.63319
-1.63301
-1.63324
-1.63315
-1.63292
-1.63264
-1.63239
-1.63173
-1.63172
-1.63112
-1.63083
-1.63124
-1.61702
-1.62879
-1.63353
-1.63432
-1.63525
-1.63422
-1.62654
-1.63417
-1.6334
-1.66755
-1.66723
-1.66725
-1.66759
-1.66823
-1.66941
-1.66951
-1.66897
-1.66817
-1.66709
-1.66557
-1.66374
-1.66237
-1.66148
-1.65985
-1.65941
-1.6594
-1.65965
-1.66083
-1.66134
-1.66127
-1.66204
-1.66246
-1.6626
-1.66256
-1.66249
-1.66184
-1.66117
-1.65936
-1.65757
-1.6553
-1.64553
-1.64408
-1.6561
-1.65535
-1.65386
-1.65508
-1.656
-1.6563
-1.65527
-1.69779
-1.69716
-1.697
-1.69677
-1.69663
-1.69782
-1.69799
-1.69692
-1.69554
-1.69452
-1.6931
-1.6903
-1.68891
-1.6883
-1.68774
-1.68713
-1.68638
-1.68577
-1.68417
-1.68797
-1.689
-1.68823
-1.69076
-1.69242
-1.69216
-1.69236
-1.6919
-1.69042
-1.68845
-1.68651
-1.68223
-1.68014
-1.68012
-1.68154
-1.67912
-1.67826
-1.67946
-1.68043
-1.68041
-1.68037
-1.72646
-1.72681
-1.72664
-1.7259
-1.72541
-1.72598
-1.72627
-1.72445
-1.72299
-1.72204
-1.72047
-1.71874
-1.71713
-1.71702
-1.717
-1.71686
-1.71434
-1.7122
-1.71067
-1.71031
-1.71059
-1.71149
-1.71382
-1.71783
-1.71767
-1.71884
-1.71951
-1.71891
-1.71817
-1.71654
-1.70916
-1.71055
-1.71254
-1.71073
-1.70741
-1.70632
-1.70651
-1.70687
-1.70677
-1.70618
-1.74925
-1.75539
-1.75446
-1.75422
-1.7539
-1.75317
-1.75198
-1.75078
-1.74934
-1.74832
-1.74748
-1.74656
-1.74698
-1.74661
-1.74685
-1.74738
-1.74194
-1.74451
-1.74046
-1.74018
-1.74359
-1.74567
-1.74395
-1.74442
-1.74446
-1.73757
-1.74669
-1.74441
-1.74635
-1.74723
-1.74349
-1.74716
-1.74397
-1.73967
-1.73605
-1.73438
-1.73358
-1.7329
-1.73231
-1.72772
-1.77682
-1.77963
-1.77916
-1.77894
-1.77869
-1.77814
-1.77729
-1.77635
-1.77531
-1.77482
-1.77394
-1.77377
-1.7741
-1.77323
-1.77416
-1.77494
-1.77227
-1.77433
-1.77455
-1.77507
-1.77425
-1.77313
-1.77223
-1.77235
-1.7726
-1.76781
-1.76757
-1.77262
-1.77443
-1.7736
-1.77283
-1.77077
-1.76816
-1.7655
-1.76319
-1.76172
-1.76095
-1.76023
-1.75941
-1.75894
-1.79851
-1.79952
-1.80026
-1.80104
-1.80158
-1.80174
-1.80158
-1.8013
-1.80089
-1.80039
-1.80006
-1.80029
-1.79811
-1.79832
-1.80137
-1.80021
-1.79898
-1.79883
-1.79947
-1.79918
-1.79892
-1.79859
-1.79876
-1.79892
-1.79946
-1.79979
-1.79637
-1.7979
-1.80013
-1.79798
-1.79613
-1.79409
-1.7919
-1.79019
-1.78914
-1.78846
-1.78876
-1.78797
-1.78747
-1.78748
-1.82004
-1.82113
-1.82206
-1.82314
-1.82409
-1.82476
-1.82518
-1.82536
-1.8253
-1.82508
-1.82503
-1.82413
-1.82551
-1.82637
-1.8256
-1.82438
-1.82329
-1.82281
-1.82303
-1.82365
-1.82309
-1.82405
-1.8246
-1.82526
-1.82598
-1.82659
-1.8233
-1.82422
-1.82707
-1.82315
-1.82011
-1.81768
-1.81606
-1.81514
-1.81511
-1.81561
-1.81471
-1.81566
-1.81767
-1.81691
-1.84161
-1.84219
-1.84303
-1.84363
-1.84593
-1.84776
-1.84849
-1.84903
-1.84922
-1.84927
-1.84936
-1.84962
-1.84973
-1.84945
-1.84893
-1.84826
-1.84764
-1.84736
-1.84758
-1.8473
-1.84779
-1.84842
-1.84916
-1.85
-1.85077
-1.85099
-1.84984
-1.8522
-1.84994
-1.84592
-1.84285
-1.84114
-1.84118
-1.84059
-1.8407
-1.84161
-1.84301
-1.84413
-1.84381
-1.8441
-1.85113
-1.85685
-1.86003
-1.86202
-1.86778
-1.87055
-1.87201
-1.8728
-1.87295
-1.87302
-1.87313
-1.87323
-1.87321
-1.87317
-1.87304
-1.87286
-1.8725
-1.872
-1.87205
-1.87214
-1.87219
-1.87217
-1.87226
-1.87251
-1.87334
-1.87441
-1.87462
-1.87294
-1.8709
-1.8684
-1.86498
-1.86443
-1.86474
-1.86645
-1.8682
-1.87001
-1.87002
-1.87059
-1.87027
-1.87043
-1.89217
-1.89505
-1.89215
-1.89416
-1.89686
-1.89767
-1.89751
-1.89728
-1.89704
-1.89676
-1.89674
-1.89688
-1.89723
-1.8975
-1.89775
-1.89805
-1.89798
-1.89742
-1.89735
-1.89753
-1.89723
-1.89694
-1.89674
-1.89667
-1.89703
-1.89811
-1.89904
-1.89873
-1.8961
-1.89391
-1.89345
-1.89493
-1.8951
-1.89577
-1.8963
-1.8967
-1.89659
-1.89673
-1.89666
-1.8967
-1.90482
-1.91025
-1.91351
-1.92363
-1.92509
-1.92791
-1.92609
-1.92436
-1.9229
-1.92219
-1.92198
-1.92209
-1.9225
-1.923
-1.92357
-1.92379
-1.92383
-1.92337
-1.92304
-1.92279
-1.92227
-1.92185
-1.92138
-1.921
-1.92102
-1.92607
-1.92727
-1.92423
-1.9239
-1.92371
-1.92288
-1.9224
-1.92237
-1.92246
-1.92259
-1.92275
-1.92282
-1.92294
-1.92298
-1.92297
-1.96319
-1.96914
-1.96749
-1.97631
-1.97532
-1.97228
-1.96197
-1.95587
-1.95191
-1.94961
-1.94828
-1.94761
-1.94748
-1.9479
-1.94892
-1.94946
-1.94965
-1.94949
-1.94908
-1.94857
-1.94814
-1.9479
-1.94785
-1.94901
-1.94886
-1.95108
-1.95428
-1.95492
-1.95351
-1.95133
-1.94995
-1.94924
-1.94904
-1.94904
-1.94912
-1.94922
-1.9493
-1.94937
-1.94945
-1.94938
534.462
532.722
535.925
532.71
527.964
525.375
523.656
521.886
530.123
530.003
542.271
552.836
540.169
506.623
480.271
458.542
447.548
431.133
424.872
433.713
448.665
463.588
474.514
473.547
449.673
417.318
400.593
394.197
390.408
393.29
398.03
399.747
397.531
395.593
393.727
388.546
387.763
382.527
383.322
379.737
520.539
516.576
518.176
510.802
504.145
496.472
491.207
491.854
490.692
492.66
489.315
485.44
469.4
436.845
427.79
415.343
406.872
404.171
403.753
402.044
407.036
409.512
417.352
419.335
388.698
383.974
378.345
374.377
373.862
377.509
379.679
404.415
382.604
377.433
373.579
370.51
374.192
375.294
372.617
372.062
510.262
507.419
504.002
499.238
492.372
484.338
477.879
470.43
457.434
455.327
452.206
444.56
430.489
412.504
410.838
407.295
406.004
404.228
402.54
401.513
402.516
404.569
395.773
404.724
398.757
391.858
405.822
391.864
390.789
385.288
387.436
393.955
392.07
387.011
381.076
386.641
385.199
370.416
371.016
370.538
500.207
497.025
493.598
489.948
483.622
475.284
468.875
463.945
449.528
441.523
434.052
425.94
416.121
406.725
409.403
407.038
404.321
402.042
400.67
401.299
402.472
403.904
400.922
399.613
406.094
403.185
410.322
405.151
378.377
379.59
369.046
357.5
351.161
339.15
339.287
338.502
348.418
352.553
356.101
363.89
483.165
481.021
479.948
480.392
478.235
470.7
459.812
448.881
438.207
426.799
416.002
406.26
399.094
400.572
397.559
400.227
400.071
399.8
399.97
401.173
405.963
405.322
403.231
402.722
402.278
400.574
402.454
396.338
392.674
381.761
367.786
375.166
339.953
337.007
327.783
323.001
324.587
334.075
340.874
343.301
458.331
457.585
458.717
462.889
464.342
458.203
445.996
432.606
418.421
408.315
401.44
395.449
391.329
387.694
383.503
385.436
386.031
388.578
391.558
387.252
402.194
401.047
380.978
377.386
371.22
371.75
376.204
372.604
379.378
376.202
362.395
347.846
331.408
318.5
321.361
326.285
326.009
324.466
323.146
334.903
436.513
439.335
434.481
435.923
435.541
432.036
424.544
413.989
401.79
396.15
390.606
385.884
381.062
379.087
371.818
365.926
362.305
360.631
360.765
359.735
361.989
367.158
350.352
348.991
351.116
352.373
357.206
351.431
355.37
351.707
346.006
338.107
323.812
316.067
319.989
323.127
322.202
323.239
322.478
321.097
426.92
418.466
415.42
412.63
406.217
399.78
405.923
397.734
385.747
383.342
380.123
371.522
366.663
356
346.836
339.018
337.575
332.36
328.375
330.135
334.918
337.543
336.66
335.253
332.218
327.753
326.301
341.737
319.11
328.151
330.246
327.951
319.294
316.12
319.295
321.208
321.953
322.368
322.488
323.022
408.417
400.034
399.783
395.587
385.599
395.727
387.562
387.597
367.741
373.926
367.528
358.913
345.82
325.793
305.622
295.929
304.308
309.05
305.595
302.595
306.411
312.255
316.116
319.192
321.017
321.45
318.856
323.094
321.021
319.158
317.387
322.213
321.848
318.378
321.854
321.741
322.324
322.55
322.282
321.939
390.078
382.305
394.771
382.676
377.718
381.62
366.245
376.233
356.328
364.811
350.514
343.781
319.376
295.469
295.273
295.395
296.489
298.129
299.802
299.571
295.998
292.665
300.434
305.298
309.181
313.197
316.058
316.242
316.628
315.835
314.59
312.939
318.084
322.36
321.915
321.216
322.906
322.83
322.791
323.077
376.39
370.917
391.522
372.869
374.954
371.211
356.234
354.963
346.739
333.279
323.32
309.666
292.071
290.974
287.738
277.834
282.681
284.692
288.661
292.846
294.623
298.562
300.607
292.084
298.615
305.786
310.698
308.841
312.391
313.163
312.683
313.001
313.009
310.667
321.815
335.583
326.695
329.837
322.188
323.238
364.205
360.351
381.551
369.501
371.616
363.489
347.861
339.103
329.113
318.772
306.021
290.369
278.568
280.008
271.14
258.429
248.946
247.469
255.295
269.353
271.363
284.448
296.221
297.006
306.47
306.517
306.243
307.766
309.826
308.963
307.428
309.547
308.793
309.51
311.481
312.181
309.495
311.345
322.577
317.585
355.367
353.393
354.156
369.443
364.072
353.366
345.457
331.493
316.627
304.891
294.095
280.669
269.036
260.906
255.14
248.46
241.809
236.273
232.226
230.098
229.557
242.328
255.311
264.574
274.512
280.943
285.754
294.871
298.612
302.626
304.917
306.829
306.165
305.882
303.804
305.146
304.702
304.537
306.411
308.186
351.568
350.424
349.208
347.279
357.908
347.435
340.46
331.081
320.029
306.877
286.761
270.829
263.422
255.581
246.963
240.432
234.51
229.307
226.564
225.461
226.602
227.904
229.222
244.235
255.253
264.108
271.434
279.536
286.744
293.174
297.282
300.514
300.302
299.434
302.234
304.07
303.773
303.311
303.405
302.694
349.374
348.722
347.051
346.851
351.32
351.041
341.818
327.647
314.67
304.535
293.245
278.296
260.94
244.462
236.244
228.678
226.394
226.841
224.066
222.9
224.238
224.887
225.216
232.198
243.026
251.495
257.906
263.956
270.749
277.964
285.78
294.121
300.17
302.881
303.074
303.279
303.025
301.703
299.456
299.023
348.342
347.308
342.011
338.846
340.141
347.107
345.971
336.277
317.558
296.187
277.741
267.061
258.636
248.069
236.211
228.478
229.632
225.151
220.967
221.866
222.947
224.601
226.199
228.012
235.599
240.826
243.964
249.027
252.88
260.001
268.107
276.181
283.144
290.927
293.954
296.976
298.801
296.227
292.778
289.308
344.107
341.555
337.36
333.056
328.398
324.637
317.969
307.914
294.626
279.961
268.917
259.085
248.45
239.341
238.654
232.376
224.562
227.827
224.754
221.558
222.353
225.243
226.841
224.507
235.349
228.403
231.875
234.469
236.396
242.003
249.591
257.708
266.203
271.521
274.627
278.989
280.887
287.004
284.279
270.399
324.023
322.744
319.516
312.841
303.438
291.573
276.727
258.488
247.41
249.597
241.538
240.499
236.482
228.471
225.424
224.636
217.316
217.096
216.553
215.84
214.498
227.367
227.954
220.751
219.56
221.703
210.184
213.31
218.447
227.095
235.119
240.602
247.868
251.558
254.368
256.647
258.481
260.719
262.488
263.365
296.867
295.805
292.33
284.376
274.087
261.802
245.703
230.515
231.129
233.294
231.765
227.533
221.676
217.5
216.342
212.195
207.683
206.055
206.758
207.708
206.641
223.27
224.063
205.05
206.725
195.843
203.528
190.809
201.196
209.881
218.932
225.7
239.287
238.442
229.812
232.854
233.394
233.601
233.706
233.593
271.758
268.989
264.119
258.166
249.835
241.51
232.139
224.068
220.175
219.332
220.712
218.502
213.594
206.858
200.243
198.068
194.892
193.395
193.776
195.907
198.214
201.831
198.424
200.032
199.145
199.261
207.579
191.83
196.017
203.109
210.258
215.606
221.985
234.076
218.262
217.56
216.476
213.303
206.319
204.722
248.106
244.003
237.538
232.766
227.126
221.211
215.598
211.585
208.803
206.809
205.06
201.779
195.085
192.738
188.238
185.194
179.081
180.324
183.068
186.198
189.416
191.83
192.843
194.519
195.242
195.348
196.117
191.062
190.122
197.582
203.862
208.649
212.607
213.706
208.033
200.55
196.115
191.502
184.876
178.197
217.735
212.464
207.678
204.852
202.696
198.097
194.51
191.878
188.655
184.73
181.549
177.858
173.016
166.968
170.609
171.702
163.087
165.917
170.22
174.415
178.46
181.762
184.573
186.972
186.998
189.354
189.14
189.679
189.23
192.197
194.726
198.823
207.845
214.461
197.342
193.155
186.832
181.091
173.972
160.965
192.172
186.746
191.116
184.713
184.931
181.821
175.851
169.559
164.422
158.967
154.144
149.222
142.669
135.673
133.39
137.502
141.231
148.85
156.152
162.591
168.25
172.795
175.024
182.097
184.291
185.304
186.216
186.693
185.8
185.413
184.454
182.834
199.287
193.878
194.468
182.395
175.084
172.467
166.561
148.151
179.131
176.463
177.409
175.651
174.504
167.998
155.463
146.553
137.995
130.622
125.122
118.87
110.321
103.637
102.241
107.48
118.788
130.771
141.26
150.506
157.04
164.151
175.985
180.237
181.122
183.07
184.232
183.782
180.037
180.723
180.084
183.081
173.18
169.938
169.677
170.874
170.702
168.646
185.186
164.881
168.764
168.477
167.556
158.442
151.054
142.696
131.532
120.31
111.541
106.941
101.56
93.7918
87.1315
84.6062
88.0765
93.3402
106.976
119.3
128.837
140.551
156.899
162.911
164.787
182.138
172.838
179.779
180.257
178.797
184.158
178.089
166.398
166.353
167.49
168.521
168.963
169.186
169.406
169.567
169.727
177.601
154.389
150.253
154.286
143.717
134.524
123.508
111.412
99.2626
92.6116
92.0329
90.6424
90.1447
90.2355
99.4282
107.013
113.224
120.806
128.621
136.964
144.458
150.347
152.745
168.761
181.206
171.135
180.627
169.575
182.235
172.962
163.364
165.216
165.823
166.848
167.681
167.877
168.166
168.467
168.739
168.905
170.094
144.728
143.453
139.356
131.038
121.182
110.778
98.8926
88.1575
82.2421
80.3133
78.7495
80.1192
83.6372
93.2349
104.339
109.963
116.596
124.724
132.212
137.092
137.209
144.886
157.057
156.945
176.67
162.036
170.614
175.555
163.719
163.433
164.058
165.101
166.429
167.361
167.484
167.393
167.652
168.577
169.822
171.919
137.943
133.067
128.366
118.782
109.845
98.7993
87.4145
77.4296
70.4901
67.0524
66.4411
69.0441
74.2025
79.817
86.1619
93.7995
100.582
105.792
109.346
113.552
119.439
127.891
134.762
151.026
147.277
154.716
159.857
159.456
161.739
162.449
163.196
164.245
165.609
166.39
166.809
167.076
167.57
168.577
170.144
172.245
131.32
124.121
120.498
108.935
98.1304
89.2382
74.3167
64.4056
55.8099
55.9239
56.0047
55.6725
60.5565
66.511
70.8881
74.2606
76.865
79.9442
82.9864
88.3655
95.9333
103.369
111.779
119.757
128.877
137.685
144.651
156.255
160.971
161.472
162.29
163.201
164.187
165.004
165.695
166.315
167.112
168.268
169.695
171.624
112.97
105.336
98.6882
94.6994
94.6836
78.6727
63.1236
50.5571
40.5164
39.0491
37.2366
37.3558
43.1396
49.406
50.774
50.4782
50.367
50.3817
52.9469
60.4066
68.3492
74.65
82.7026
92.1715
103.123
115.509
134.272
152.35
159.983
160.548
161.273
161.906
162.574
163.338
164.119
164.928
165.682
166.398
168.151
177.349
55.2684
77.6112
80.7019
70.5855
63.1681
55.5503
44.0514
31.884
22.8231
18.8405
15.2486
19.633
33.5774
33.8024
31.8417
30.3081
29.3913
27.8667
35.2682
35.2288
38.6233
40.7711
48.4383
58.766
71.5104
86.9792
104.984
126.272
142.525
151.723
158.051
160.685
161.015
161.676
162.338
162.971
163.699
163.381
172.893
206.506
25.29
26.6602
31.5983
42.8494
41.454
34.1976
24.0914
16.7819
11.8288
5.45533
-5.24697
-8.69337
-4.28901
12.895
16.48
16.3082
13.2977
6.88633
-2.40306
1.265
-1.11621
2.55374
15.1464
25.0035
36.8843
54.7064
74.5427
93.3306
110.672
126.526
140.179
148.261
153.386
157.646
157.591
156.845
153.997
154.932
162.723
165.592
10.2357
7.59173
8.74888
14.1513
8.07549
5.4161
5.06364
8.07772
12.9172
9.3925
-2.15541
0.0751031
-0.151562
-0.575247
-0.64988
0.0501215
2.48932
0.261264
-0.101136
-0.605431
-0.726253
0.179125
-2.75064
-1.50648
5.27378
20.7596
42.9891
62.3307
78.1764
91.5567
102.448
110.821
119.809
125.663
126.361
125.168
118.129
107.439
92.6729
77.2943
3.06302
0.3631
-0.705084
-0.982908
-1.08025
-0.991949
0.950037
7.21057
9.97878
3.15758
-0.517479
-0.39328
-0.521616
-0.628015
-0.688835
-0.67603
-0.665683
-0.663671
-0.596323
-0.708747
-0.66478
-0.611267
-0.566012
-1.32936
3.42197
10.9234
26.6409
40.7126
52.3246
62.108
69.5445
75.3467
80.6528
82.8006
81.3355
76.4623
65.9884
50.3801
27.2818
4.68357
-1.01096
-1.97183
-1.73232
-1.57602
-1.41563
-1.28559
-1.14771
-1.00872
-0.940847
-0.901825
-0.822168
-0.573571
-0.692815
-0.760172
-0.788747
-0.770479
-0.719554
-0.68634
-0.689262
-0.706556
-0.708007
-0.715863
-0.760075
0.486196
-1.37989
3.28026
8.26851
26.3914
35.3868
38.1195
41.2024
44.0417
45.9209
46.5641
44.688
40.3071
33.7153
21.0554
2.35371
0.294471
-2.05879
-2.19496
-2.02133
-1.85786
-1.63926
-1.38056
-1.15718
-0.939162
-0.814986
-0.725617
-0.659553
-0.639931
-0.741188
-0.831936
-0.915422
-0.863582
-0.813184
-0.796781
-0.797145
-0.794964
-0.773211
-0.741449
-0.743936
-0.791335
-0.621993
-0.457356
2.6136
2.28269
4.12353
10.4839
13.1333
14.2579
16.1236
18.7218
20.2356
17.7481
15.5715
10.6709
-0.79186
0.0984227
-1.37085
-1.58711
-1.64513
-1.55835
-1.39747
-1.2251
-1.01211
-0.898471
-0.80808
-0.759881
-0.722482
-0.714289
-0.780161
-0.875223
-0.939972
-0.970856
-0.89635
-0.861394
-0.84606
-0.836915
-0.817105
-0.800978
-0.778254
-0.750935
-0.747192
-0.772243
-0.805918
-0.844136
-0.771263
-0.592797
0.00870503
0.312739
0.674563
0.593704
1.55283
3.39438
4.28842
8.58187
1.29197
-0.924377
-0.542899
-0.734751
-0.967242
-1.03144
-1.0178
-0.976678
-0.933245
-0.903246
-0.859626
-0.822514
-0.808468
-0.81599
-0.851358
-0.888488
-0.919069
-0.925498
-0.908618
-0.850859
-0.852564
-0.837426
-0.825232
-0.736143
-0.791962
-0.800346
-0.817756
-0.84893
-0.863529
-0.841924
-0.840045
-0.840412
-0.834651
-0.839427
-0.870511
-1.02638
-0.944504
-0.523838
0.734712
5.64266
2.10106
-1.5116
-0.278025
-0.394556
-0.552847
-0.660443
-0.732575
-0.785303
-0.817463
-0.855707
-0.836323
-0.844201
-0.903108
-0.90778
-0.913144
-0.919709
-0.920776
-0.91372
-0.902219
-0.883844
-0.868929
-0.847345
-0.836968
-0.822151
-0.791556
-0.848188
-0.855881
-0.870465
-0.884169
-0.891621
-0.89328
-0.894471
-0.887262
-0.928737
-0.91509
-1.06779
-1.02531
-1.06392
-1.21409
-1.52568
-1.56685
-1.60003
-0.368195
-0.407861
-0.472309
-0.536627
-0.594402
-0.681563
-0.793514
-0.875709
-0.930536
-0.987231
-0.999559
-0.987366
-0.973455
-0.961248
-0.950018
-0.926505
-0.915471
-0.902255
-0.89945
-0.860459
-0.854775
-0.857675
-0.829863
-0.835672
-0.89773
-0.915195
-0.91878
-0.923035
-0.9295
-0.938391
-0.95978
-0.993253
-1.05092
-1.07395
-1.10034
-1.14625
-1.19867
-1.2394
-1.25084
-1.29219
-0.468089
-0.477496
-0.499833
-0.535598
-0.600518
-0.696618
-0.79966
-0.898791
-1.00907
-1.09544
-1.08174
-1.05771
-1.03263
-1.00832
-0.987622
-0.959619
-0.945215
-0.930135
-0.925862
-0.889946
-0.895984
-0.87639
-0.870527
-0.863988
-0.939135
-0.95087
-0.936838
-0.943352
-0.912579
-0.970531
-0.997748
-1.02299
-1.05691
-1.08593
-1.11702
-1.14671
-1.17213
-1.18163
-1.16588
-1.14436
-0.571244
-0.585479
-0.608066
-0.65906
-0.729887
-0.79995
-0.869165
-0.938784
-0.999796
-1.05421
-1.09657
-1.08946
-1.07149
-1.04766
-1.02223
-0.996371
-0.976438
-0.959033
-0.951803
-0.928337
-0.936466
-0.904366
-0.929866
-0.888087
-0.955776
-0.960045
-0.95
-0.959553
-0.960495
-0.956616
-1.01596
-1.03301
-1.06071
-1.08784
-1.11874
-1.14484
-1.16614
-1.18154
-1.18448
-1.15575
-0.67275
-0.705445
-0.707308
-0.760634
-0.818303
-0.862509
-0.945054
-0.973797
-0.994833
-1.04177
-1.07
-1.10255
-1.09818
-1.07615
-1.0514
-1.02939
-1.00337
-0.989826
-0.971482
-0.960613
-0.97911
-0.94897
-0.94427
-0.965545
-0.963359
-0.990346
-0.970724
-0.999429
-1.00971
-1.02169
-1.0632
-1.07791
-1.09423
-1.11231
-1.13349
-1.15479
-1.17346
-1.18783
-1.1956
-1.19162
-0.753015
-0.783081
-0.80915
-0.846506
-0.917076
-0.958569
-0.977492
-0.996767
-1.02401
-1.06043
-1.09158
-1.10821
-1.10524
-1.08372
-1.06541
-1.04862
-1.02993
-1.01592
-0.992943
-0.996087
-0.989487
-0.986477
-0.993291
-1.00791
-1.01158
-1.02468
-1.04028
-1.04733
-1.06245
-1.08332
-1.10751
-1.11994
-1.1333
-1.14592
-1.15793
-1.16953
-1.18163
-1.193
-1.20109
-1.20558
-0.816735
-0.852948
-0.881598
-0.909839
-0.969038
-0.989965
-1.00227
-1.01708
-1.03422
-1.05646
-1.07602
-1.09448
-1.07544
-1.09092
-1.08094
-1.06871
-1.05716
-1.03844
-1.02629
-1.03027
-1.03595
-1.03394
-1.03063
-1.04566
-1.05184
-1.06171
-1.08161
-1.1013
-1.12104
-1.13826
-1.1485
-1.1597
-1.17194
-1.18172
-1.18794
-1.19326
-1.19885
-1.20517
-1.21131
-1.21773
-0.900456
-0.927768
-0.942311
-0.96854
-0.99945
-1.00902
-1.01804
-1.02872
-1.04144
-1.05581
-1.06857
-1.08009
-1.08612
-1.0906
-1.08925
-1.08269
-1.07611
-1.07003
-1.06844
-1.06353
-1.07275
-1.08398
-1.09333
-1.08458
-1.09463
-1.10377
-1.12454
-1.15505
-1.17104
-1.18066
-1.19089
-1.20282
-1.21531
-1.22454
-1.22916
-1.2314
-1.23302
-1.23464
-1.23658
-1.23896
-0.970383
-0.996644
-0.984191
-0.994009
-1.02619
-1.02645
-1.03191
-1.03911
-1.0478
-1.0576
-1.06173
-1.07539
-1.08472
-1.09181
-1.09564
-1.09804
-1.09504
-1.10454
-1.1
-1.10853
-1.11078
-1.11504
-1.12093
-1.12469
-1.1329
-1.13052
-1.12855
-1.19002
-1.20366
-1.21651
-1.23124
-1.24569
-1.25968
-1.27079
-1.27641
-1.27789
-1.27689
-1.27447
-1.27143
-1.26825
-1.02949
-1.03583
-1.04322
-1.00657
-1.0161
-1.03522
-1.04164
-1.04865
-1.05697
-1.06606
-1.06857
-1.08129
-1.09009
-1.09803
-1.10916
-1.12937
-1.12702
-1.14037
-1.13313
-1.14809
-1.14973
-1.15296
-1.154
-1.15991
-1.16925
-1.18013
-1.1902
-1.21285
-1.22952
-1.25062
-1.2694
-1.28301
-1.29532
-1.30617
-1.31242
-1.3147
-1.31249
-1.30839
-1.30213
-1.2968
-1.06154
-1.05949
-1.0648
-1.0725
-1.01294
-1.0473
-1.04908
-1.05953
-1.06921
-1.07779
-1.08922
-1.09972
-1.10329
-1.11019
-1.13017
-1.15482
-1.16861
-1.18874
-1.194
-1.18969
-1.19066
-1.1717
-1.17612
-1.1842
-1.19018
-1.19832
-1.20927
-1.22616
-1.24837
-1.27261
-1.2945
-1.30704
-1.31823
-1.32821
-1.33493
-1.33799
-1.33656
-1.33186
-1.32537
-1.31979
-1.08436
-1.09284
-1.07889
-1.07538
-1.0894
-1.03868
-1.04279
-1.08142
-1.08831
-1.09754
-1.10816
-1.12683
-1.11895
-1.12322
-1.15544
-1.17203
-1.18955
-1.20997
-1.2198
-1.22254
-1.22365
-1.219
-1.19565
-1.20289
-1.20679
-1.21254
-1.22375
-1.23763
-1.25404
-1.27362
-1.29387
-1.31037
-1.3232
-1.33185
-1.33966
-1.34344
-1.34318
-1.34001
-1.33546
-1.33161
-1.11768
-1.11753
-1.11725
-1.11437
-1.10736
-1.06588
-1.03866
-1.07758
-1.11359
-1.12808
-1.14288
-1.15307
-1.15492
-1.1628
-1.17438
-1.18718
-1.20183
-1.22008
-1.23298
-1.23829
-1.24012
-1.24375
-1.24501
-1.23035
-1.2282
-1.23527
-1.2405
-1.24804
-1.25644
-1.2681
-1.28292
-1.29701
-1.30858
-1.31811
-1.3267
-1.33305
-1.33608
-1.33657
-1.33755
-1.34276
-1.15385
-1.15062
-1.14977
-1.15327
-1.14504
-1.13983
-1.14522
-1.15321
-1.15578
-1.1676
-1.17903
-1.18115
-1.18111
-1.18549
-1.18686
-1.20114
-1.20929
-1.22257
-1.23726
-1.2457
-1.2512
-1.25643
-1.26196
-1.26993
-1.26534
-1.25478
-1.25185
-1.26062
-1.2585
-1.26616
-1.27682
-1.28765
-1.29854
-1.3094
-1.31825
-1.32524
-1.32896
-1.33109
-1.3358
-1.34689
-1.18317
-1.18509
-1.18466
-1.17801
-1.1856
-1.16546
-1.19518
-1.19042
-1.19426
-1.19702
-1.19936
-1.20128
-1.20252
-1.20362
-1.20684
-1.21706
-1.22649
-1.23422
-1.24425
-1.25246
-1.26051
-1.26948
-1.27786
-1.28706
-1.29394
-1.27437
-1.27823
-1.2854
-1.27503
-1.27803
-1.28239
-1.26055
-1.27646
-1.31003
-1.3172
-1.32178
-1.33017
-1.33049
-1.33482
-1.34697
-1.2019
-1.20624
-1.20505
-1.20498
-1.21129
-1.21651
-1.22128
-1.21649
-1.21152
-1.21087
-1.21246
-1.21499
-1.21723
-1.21868
-1.22188
-1.22884
-1.23763
-1.24856
-1.25797
-1.26353
-1.27061
-1.2818
-1.29172
-1.30154
-1.31119
-1.30012
-1.30987
-1.32567
-1.29453
-1.27363
-1.2706
-1.26854
-1.27032
-1.27563
-1.27871
-1.30225
-1.32838
-1.33057
-1.335
-1.34127
-1.21471
-1.21676
-1.21947
-1.22272
-1.22738
-1.2318
-1.23247
-1.22551
-1.21935
-1.21761
-1.21954
-1.22317
-1.22635
-1.22933
-1.23396
-1.2411
-1.24998
-1.25947
-1.26856
-1.28022
-1.2823
-1.29608
-1.30358
-1.31175
-1.31922
-1.32649
-1.33228
-1.34161
-1.33719
-1.30273
-1.29146
-1.2878
-1.29405
-1.2917
-1.28588
-1.32641
-1.3314
-1.33194
-1.33484
-1.34124
-1.22058
-1.22942
-1.19867
-1.23831
-1.23968
-1.24041
-1.23693
-1.22875
-1.22115
-1.21708
-1.2201
-1.22683
-1.23318
-1.24014
-1.24741
-1.25412
-1.26415
-1.27516
-1.28434
-1.2932
-1.30026
-1.30649
-1.31331
-1.32207
-1.33028
-1.33797
-1.34566
-1.35431
-1.36301
-1.36198
-1.32679
-1.29996
-1.3278
-1.32097
-1.32209
-1.32554
-1.3287
-1.33058
-1.33175
-1.33426
-1.22759
-1.24291
-1.2361
-1.25253
-1.24968
-1.24825
-1.24625
-1.24056
-1.22756
-1.22288
-1.22688
-1.23843
-1.2394
-1.2523
-1.25797
-1.25888
-1.26988
-1.27989
-1.29901
-1.31438
-1.31714
-1.32219
-1.32771
-1.33363
-1.33932
-1.34523
-1.35139
-1.35885
-1.36504
-1.35642
-1.34781
-1.34
-1.33562
-1.33165
-1.33248
-1.32909
-1.32806
-1.32837
-1.32689
-1.32537
-1.257
-1.27987
-1.27305
-1.27768
-1.28683
-1.27304
-1.28504
-1.27205
-1.25974
-1.25174
-1.25314
-1.26273
-1.28004
-1.27414
-1.28368
-1.29178
-1.29959
-1.30823
-1.32072
-1.33347
-1.33904
-1.33992
-1.34065
-1.3443
-1.34808
-1.35021
-1.35089
-1.35142
-1.34937
-1.34297
-1.32326
-1.33078
-1.32495
-1.3245
-1.32334
-1.32559
-1.32344
-1.32598
-1.32125
-1.3158
-1.29464
-1.30887
-1.30865
-1.31115
-1.32053
-1.33185
-1.34071
-1.3413
-1.33833
-1.33009
-1.32955
-1.32339
-1.32512
-1.33382
-1.3384
-1.3444
-1.3523
-1.35372
-1.35461
-1.35307
-1.35297
-1.35009
-1.35173
-1.3541
-1.35915
-1.35621
-1.35416
-1.34987
-1.34064
-1.32865
-1.31754
-1.27757
-1.3375
-1.3388
-1.33517
-1.33137
-1.32899
-1.32825
-1.32353
-1.31797
-1.32929
-1.3368
-1.34188
-1.34261
-1.35838
-1.37634
-1.37249
-1.38181
-1.37025
-1.35621
-1.34612
-1.34135
-1.34374
-1.35095
-1.35747
-1.36346
-1.36819
-1.37106
-1.375
-1.37779
-1.37775
-1.37585
-1.37097
-1.36989
-1.3708
-1.37135
-1.37004
-1.36468
-1.35772
-1.35059
-1.34274
-1.31842
-1.30816
-1.33437
-1.33347
-1.33302
-1.33294
-1.3311
-1.32786
-1.32635
-1.34889
-1.35288
-1.35563
-1.36309
-1.36938
-1.37525
-1.38061
-1.37858
-1.37831
-1.36791
-1.36973
-1.36781
-1.37099
-1.37243
-1.37732
-1.38232
-1.38764
-1.3929
-1.39832
-1.40295
-1.40413
-1.40226
-1.39943
-1.39618
-1.39663
-1.3955
-1.39191
-1.38541
-1.37869
-1.37211
-1.36727
-1.36604
-1.32651
-1.33433
-1.34112
-1.34005
-1.34049
-1.33941
-1.33649
-1.33476
-1.36509
-1.36556
-1.36689
-1.3685
-1.36973
-1.37129
-1.37434
-1.37776
-1.38149
-1.38829
-1.37899
-1.39387
-1.40353
-1.40691
-1.40895
-1.41129
-1.41432
-1.41798
-1.42129
-1.42447
-1.42794
-1.42698
-1.4229
-1.42646
-1.42276
-1.42362
-1.41651
-1.40839
-1.39972
-1.39151
-1.3845
-1.37923
-1.37452
-1.34543
-1.35904
-1.35451
-1.35313
-1.35096
-1.34772
-1.34541
-1.37828
-1.38047
-1.37848
-1.37866
-1.37913
-1.37868
-1.3807
-1.38325
-1.38626
-1.39294
-1.40459
-1.42165
-1.42951
-1.43463
-1.43676
-1.43708
-1.4382
-1.4404
-1.44414
-1.44862
-1.45374
-1.45295
-1.46089
-1.46159
-1.45662
-1.44994
-1.44271
-1.42797
-1.42001
-1.40858
-1.3981
-1.39168
-1.39467
-1.3529
-1.36646
-1.37204
-1.36989
-1.36708
-1.36315
-1.358
-1.39885
-1.3993
-1.3976
-1.39788
-1.40001
-1.39831
-1.39332
-1.39591
-1.4058
-1.41656
-1.42786
-1.43766
-1.44575
-1.45525
-1.45709
-1.45784
-1.45946
-1.46239
-1.46729
-1.47388
-1.48111
-1.48712
-1.49062
-1.49111
-1.48457
-1.47458
-1.46652
-1.44416
-1.43244
-1.42467
-1.40722
-1.39508
-1.38265
-1.37994
-1.37098
-1.40238
-1.39695
-1.39125
-1.38603
-1.38161
-1.42283
-1.42477
-1.42482
-1.42549
-1.42189
-1.42135
-1.42176
-1.42222
-1.43191
-1.44423
-1.45593
-1.46581
-1.47309
-1.47508
-1.4761
-1.47838
-1.48084
-1.48621
-1.49145
-1.49721
-1.50308
-1.50836
-1.51107
-1.50929
-1.50156
-1.49157
-1.48165
-1.46264
-1.44859
-1.44552
-1.42012
-1.40572
-1.40544
-1.40674
-1.40544
-1.42358
-1.42716
-1.42009
-1.41571
-1.41356
-1.44391
-1.4436
-1.44399
-1.44401
-1.44346
-1.44482
-1.44306
-1.44619
-1.45861
-1.47504
-1.4827
-1.48611
-1.48891
-1.49149
-1.49209
-1.49495
-1.49895
-1.50279
-1.50756
-1.51263
-1.51725
-1.52066
-1.52201
-1.51912
-1.51412
-1.50765
-1.49814
-1.48513
-1.47972
-1.45807
-1.44855
-1.43351
-1.43568
-1.44172
-1.44867
-1.45456
-1.45296
-1.44733
-1.44658
-1.44806
-1.46179
-1.46172
-1.46206
-1.46245
-1.46317
-1.46442
-1.46359
-1.45461
-1.47239
-1.49158
-1.49476
-1.49894
-1.50232
-1.50466
-1.50741
-1.50996
-1.51216
-1.51436
-1.51667
-1.51936
-1.52192
-1.52354
-1.52368
-1.52104
-1.51851
-1.516
-1.51075
-1.50441
-1.49668
-1.48346
-1.48543
-1.46621
-1.46601
-1.47622
-1.47894
-1.47051
-1.46654
-1.46367
-1.46178
-1.45183
-1.47918
-1.47929
-1.47959
-1.47993
-1.4804
-1.48103
-1.48233
-1.4853
-1.48699
-1.50171
-1.50325
-1.50703
-1.5094
-1.51397
-1.51564
-1.51696
-1.51889
-1.51949
-1.52016
-1.52086
-1.52226
-1.52299
-1.52317
-1.52214
-1.52128
-1.51918
-1.51658
-1.51277
-1.50785
-1.50779
-1.50517
-1.4694
-1.47335
-1.49393
-1.5022
-1.48647
-1.4792
-1.4769
-1.484
-1.46945
-1.49627
-1.4964
-1.49665
-1.49696
-1.49732
-1.4979
-1.49893
-1.50176
-1.50357
-1.50752
-1.51146
-1.51528
-1.51975
-1.52298
-1.52561
-1.52777
-1.52823
-1.52372
-1.52633
-1.52481
-1.52455
-1.52458
-1.52337
-1.52121
-1.51974
-1.51801
-1.51597
-1.51385
-1.51634
-1.51916
-1.51294
-1.51871
-1.51935
-1.51465
-1.52685
-1.51506
-1.50844
-1.50435
-1.50274
-1.4999
-1.51333
-1.51341
-1.51355
-1.51366
-1.5135
-1.51295
-1.5133
-1.5151
-1.51279
-1.51665
-1.52434
-1.52721
-1.53103
-1.53448
-1.53831
-1.53574
-1.53436
-1.53339
-1.53186
-1.52862
-1.5254
-1.53159
-1.52854
-1.52629
-1.52492
-1.52348
-1.52357
-1.5231
-1.52599
-1.52896
-1.53253
-1.53366
-1.53331
-1.53672
-1.54564
-1.54158
-1.52945
-1.52859
-1.52957
-1.52665
-1.53047
-1.53059
-1.53079
-1.53114
-1.53112
-1.53182
-1.53288
-1.53227
-1.52638
-1.52625
-1.53601
-1.54086
-1.54472
-1.54856
-1.55227
-1.55725
-1.55766
-1.5469
-1.54388
-1.54182
-1.53983
-1.53495
-1.52988
-1.52755
-1.53353
-1.53421
-1.53254
-1.53338
-1.53843
-1.54687
-1.54811
-1.54873
-1.54957
-1.55166
-1.55537
-1.55643
-1.55667
-1.55047
-1.54876
-1.54938
-1.54763
-1.54783
-1.54816
-1.54878
-1.54947
-1.55039
-1.55121
-1.54981
-1.54977
-1.55087
-1.55641
-1.55507
-1.55778
-1.56383
-1.56372
-1.56527
-1.57014
-1.56132
-1.56484
-1.56034
-1.56067
-1.55812
-1.55624
-1.55458
-1.55341
-1.55417
-1.557
-1.55209
-1.5592
-1.56631
-1.56513
-1.56591
-1.56576
-1.55662
-1.57183
-1.571
-1.57655
-1.56419
-1.56139
-1.58146
-1.56423
-1.5645
-1.56496
-1.56573
-1.56695
-1.56871
-1.56918
-1.56686
-1.5704
-1.57592
-1.57546
-1.57369
-1.57851
-1.57616
-1.57765
-1.57976
-1.57988
-1.57878
-1.5779
-1.57695
-1.57829
-1.57163
-1.5736
-1.57047
-1.56711
-1.56829
-1.57177
-1.57597
-1.57824
-1.58132
-1.58135
-1.58188
-1.57812
-1.57788
-1.59028
-1.59224
-1.59687
-1.59679
-1.60089
-1.60255
-1.57999
-1.58059
-1.58116
-1.58219
-1.58397
-1.58654
-1.58772
-1.57921
-1.59391
-1.59612
-1.5969
-1.59872
-1.59704
-1.59765
-1.59938
-1.60051
-1.60148
-1.59138
-1.6004
-1.59948
-1.5984
-1.59649
-1.59459
-1.59215
-1.58997
-1.58937
-1.59106
-1.59212
-1.59339
-1.5948
-1.59604
-1.59692
-1.59438
-1.59479
-1.60757
-1.60869
-1.61224
-1.61233
-1.61449
-1.61686
-1.59571
-1.59665
-1.59687
-1.59768
-1.59927
-1.60152
-1.60166
-1.59664
-1.60964
-1.61272
-1.61591
-1.62009
-1.62243
-1.62261
-1.62272
-1.62289
-1.62305
-1.62167
-1.62132
-1.62054
-1.62036
-1.62041
-1.61782
-1.61327
-1.60805
-1.60509
-1.605
-1.60881
-1.60993
-1.61126
-1.61299
-1.61487
-1.6142
-1.61182
-1.62208
-1.62212
-1.62711
-1.6269
-1.63042
-1.63243
-1.6084
-1.60471
-1.612
-1.61349
-1.61549
-1.6176
-1.61919
-1.62017
-1.62288
-1.62768
-1.63371
-1.64028
-1.64763
-1.65357
-1.65007
-1.64699
-1.64408
-1.64314
-1.64506
-1.6423
-1.64318
-1.64314
-1.64344
-1.63958
-1.63035
-1.62698
-1.6279
-1.62911
-1.63052
-1.63209
-1.63335
-1.63441
-1.63468
-1.63251
-1.63158
-1.64191
-1.64141
-1.64216
-1.64606
-1.64748
-1.62849
-1.6267
-1.62719
-1.6297
-1.63353
-1.63552
-1.63714
-1.6388
-1.64098
-1.64527
-1.65092
-1.65666
-1.66266
-1.6677
-1.66773
-1.66471
-1.66196
-1.66077
-1.66086
-1.6614
-1.66287
-1.66214
-1.66016
-1.65965
-1.65511
-1.65488
-1.65486
-1.65499
-1.65523
-1.65644
-1.65563
-1.65455
-1.65426
-1.6542
-1.65477
-1.65572
-1.65505
-1.65646
-1.65817
-1.65874
-1.64974
-1.64946
-1.65006
-1.65157
-1.65389
-1.65568
-1.65699
-1.65836
-1.66023
-1.66265
-1.66583
-1.66932
-1.67279
-1.67565
-1.67687
-1.67639
-1.6751
-1.67424
-1.67419
-1.67497
-1.67609
-1.67784
-1.67186
-1.67676
-1.67404
-1.67411
-1.6758
-1.67809
-1.67714
-1.67876
-1.67635
-1.67255
-1.66994
-1.66853
-1.6678
-1.66856
-1.6678
-1.66884
-1.67031
-1.67001
-1.67086
-1.67184
-1.67211
-1.6739
-1.67577
-1.67678
-1.67595
-1.67583
-1.67632
-1.67715
-1.67826
-1.67957
-1.68088
-1.6822
-1.68273
-1.68321
-1.68427
-1.68491
-1.68574
-1.68672
-1.68813
-1.68949
-1.6848
-1.69383
-1.69585
-1.69692
-1.69809
-1.69792
-1.69302
-1.69287
-1.69133
-1.68834
-1.68367
-1.68206
-1.68143
-1.68099
-1.68192
-1.68161
-1.68191
-1.68085
-1.69143
-1.69257
-1.69231
-1.69411
-1.69688
-1.69845
-1.69497
-1.69224
-1.69049
-1.68945
-1.68907
-1.68915
-1.68938
-1.689
-1.69046
-1.69155
-1.6927
-1.69354
-1.69461
-1.69631
-1.6971
-1.69875
-1.70105
-1.7058
-1.70872
-1.71012
-1.71033
-1.71037
-1.70816
-1.70454
-1.7028
-1.6973
-1.6935
-1.69338
-1.69266
-1.69387
-1.69395
-1.69357
-1.69258
-1.69073
-1.70837
-1.70757
-1.71066
-1.70882
-1.71281
-1.71575
-1.70973
-1.7068
-1.70424
-1.70167
-1.69996
-1.69922
-1.69783
-1.6991
-1.69942
-1.70096
-1.70216
-1.7034
-1.70448
-1.70582
-1.70669
-1.70855
-1.71183
-1.71474
-1.71618
-1.71684
-1.71676
-1.71593
-1.71434
-1.71374
-1.713
-1.7113
-1.70834
-1.70285
-1.70269
-1.70346
-1.70669
-1.70675
-1.70434
-1.70187
-1.71915
-1.71975
-1.72147
-1.72483
-1.72423
-1.72599
-1.72186
-1.71797
-1.716
-1.71344
-1.71186
-1.71102
-1.70941
-1.71089
-1.7114
-1.71236
-1.71364
-1.71472
-1.71579
-1.71673
-1.71844
-1.72058
-1.72294
-1.72506
-1.72629
-1.7267
-1.72641
-1.72576
-1.72531
-1.72459
-1.72477
-1.72373
-1.72374
-1.72132
-1.722
-1.72431
-1.72504
-1.72256
-1.7173
-1.71434
-1.7263
-1.72712
-1.72916
-1.73127
-1.73199
-1.7306
-1.72835
-1.72691
-1.72551
-1.7245
-1.72397
-1.72281
-1.72237
-1.72304
-1.72322
-1.72377
-1.72474
-1.72617
-1.72712
-1.72876
-1.73056
-1.73266
-1.73492
-1.73698
-1.73858
-1.7397
-1.7402
-1.74025
-1.7401
-1.74034
-1.74011
-1.7391
-1.73898
-1.73839
-1.74269
-1.74375
-1.73997
-1.73426
-1.73115
-1.72921
-1.73526
-1.73622
-1.73744
-1.73866
-1.73946
-1.73996
-1.73655
-1.73745
-1.73581
-1.73582
-1.73561
-1.73599
-1.73586
-1.73571
-1.73573
-1.7362
-1.73725
-1.73788
-1.73917
-1.74048
-1.74263
-1.74397
-1.74647
-1.74809
-1.74965
-1.75121
-1.75253
-1.75342
-1.75399
-1.75421
-1.75395
-1.75362
-1.75282
-1.74394
-1.7526
-1.75287
-1.74766
-1.7445
-1.74392
-1.74049
-1.74577
-1.74635
-1.74715
-1.74854
-1.75044
-1.74858
-1.74678
-1.74707
-1.74773
-1.74823
-1.74986
-1.74987
-1.74939
-1.74944
-1.74947
-1.74991
-1.74992
-1.75087
-1.75156
-1.75273
-1.75161
-1.74959
-1.75657
-1.75802
-1.75919
-1.76028
-1.76123
-1.76189
-1.7623
-1.76255
-1.76257
-1.7628
-1.76216
-1.76316
-1.76121
-1.7582
-1.75659
-1.75415
-1.75096
-1.75024
-1.75938
-1.76014
-1.76081
-1.76144
-1.76251
-1.76336
-1.76332
-1.76241
-1.76202
-1.76225
-1.76406
-1.76391
-1.76383
-1.76407
-1.76405
-1.76411
-1.76384
-1.76421
-1.76519
-1.76525
-1.76531
-1.76578
-1.76691
-1.7686
-1.76916
-1.76973
-1.77007
-1.77034
-1.77029
-1.77016
-1.7699
-1.7694
-1.76873
-1.76787
-1.76732
-1.76646
-1.76297
-1.76115
-1.76135
-1.76272
-1.77415
-1.77465
-1.77443
-1.77536
-1.77625
-1.77799
-1.77866
-1.77695
-1.77656
-1.77802
-1.77851
-1.77853
-1.77884
-1.77874
-1.77879
-1.77854
-1.77861
-1.77928
-1.77975
-1.77887
-1.77863
-1.77884
-1.77919
-1.78078
-1.7809
-1.78052
-1.77998
-1.77928
-1.77877
-1.77825
-1.77667
-1.77599
-1.77466
-1.77413
-1.77615
-1.77577
-1.77387
-1.77346
-1.77533
-1.77292
-1.78923
-1.78913
-1.7892
-1.79132
-1.79197
-1.79272
-1.79451
-1.78723
-1.79156
-1.79356
-1.79375
-1.79385
-1.79379
-1.79359
-1.79365
-1.79359
-1.79383
-1.79419
-1.79453
-1.79315
-1.79252
-1.79205
-1.79208
-1.79278
-1.79316
-1.79224
-1.79136
-1.78982
-1.7882
-1.7873
-1.78577
-1.78482
-1.78461
-1.78484
-1.78571
-1.78734
-1.788
-1.7874
-1.78589
-1.78532
-1.80465
-1.80469
-1.8051
-1.80594
-1.80905
-1.80919
-1.8089
-1.80895
-1.8086
-1.80836
-1.80857
-1.80875
-1.80867
-1.80817
-1.80813
-1.80823
-1.80838
-1.80877
-1.80922
-1.80943
-1.80647
-1.80388
-1.80643
-1.80439
-1.80486
-1.80319
-1.80195
-1.80112
-1.80045
-1.7989
-1.79803
-1.7969
-1.79603
-1.79575
-1.79696
-1.79767
-1.79733
-1.79697
-1.79626
-1.79532
-1.82107
-1.82224
-1.82255
-1.82495
-1.82684
-1.82538
-1.82362
-1.82286
-1.82254
-1.8224
-1.8225
-1.82262
-1.82264
-1.82184
-1.82216
-1.82199
-1.82209
-1.82222
-1.8225
-1.82274
-1.82236
-1.82083
-1.81963
-1.81905
-1.81869
-1.81777
-1.81531
-1.81399
-1.81284
-1.81209
-1.81152
-1.81033
-1.81
-1.80964
-1.81013
-1.8096
-1.80938
-1.80913
-1.80819
-1.80673
-1.83432
-1.83674
-1.83781
-1.83923
-1.83947
-1.83821
-1.83717
-1.83643
-1.83593
-1.83573
-1.83582
-1.83593
-1.83597
-1.83531
-1.83562
-1.83546
-1.83533
-1.83525
-1.83517
-1.83506
-1.83478
-1.83423
-1.83303
-1.83221
-1.83179
-1.83119
-1.83039
-1.82972
-1.82864
-1.82631
-1.82465
-1.82537
-1.82456
-1.82402
-1.82412
-1.82462
-1.82377
-1.82305
-1.82213
-1.8197
-1.84766
-1.84703
-1.84888
-1.84853
-1.85022
-1.84883
-1.84857
-1.84841
-1.84821
-1.84843
-1.8487
-1.84894
-1.849
-1.8489
-1.8488
-1.84865
-1.84847
-1.84829
-1.84809
-1.84787
-1.84757
-1.84715
-1.8466
-1.84608
-1.8456
-1.84503
-1.84434
-1.84356
-1.8427
-1.84195
-1.84131
-1.84034
-1.83943
-1.83965
-1.83934
-1.83933
-1.83924
-1.8383
-1.8375
-1.83719
-1.86123
-1.86164
-1.86139
-1.86167
-1.86176
-1.86146
-1.85955
-1.85939
-1.86039
-1.86098
-1.86141
-1.86154
-1.86162
-1.86188
-1.86176
-1.86166
-1.86154
-1.86138
-1.86119
-1.86096
-1.8607
-1.86036
-1.85997
-1.85953
-1.85908
-1.85859
-1.85806
-1.85749
-1.85688
-1.85625
-1.85548
-1.855
-1.85499
-1.85381
-1.85317
-1.85367
-1.85472
-1.85501
-1.85481
-1.85564
-1.87536
-1.87548
-1.8759
-1.87574
-1.87527
-1.87581
-1.87529
-1.87428
-1.87416
-1.8748
-1.87568
-1.87551
-1.87508
-1.87487
-1.87478
-1.87473
-1.87466
-1.87454
-1.87438
-1.87419
-1.87397
-1.8737
-1.87339
-1.87305
-1.87268
-1.87229
-1.87187
-1.87144
-1.87098
-1.87052
-1.87007
-1.86972
-1.86951
-1.86927
-1.86929
-1.86747
-1.86916
-1.86996
-1.87067
-1.87153
-1.88889
-1.88892
-1.88909
-1.8891
-1.88914
-1.88939
-1.88966
-1.88993
-1.8896
-1.88987
-1.88999
-1.88911
-1.88842
-1.88807
-1.88804
-1.88796
-1.88788
-1.88778
-1.88766
-1.88752
-1.88735
-1.88715
-1.88692
-1.88665
-1.88637
-1.88608
-1.88576
-1.88544
-1.8851
-1.88477
-1.88445
-1.88416
-1.88391
-1.88366
-1.88347
-1.88371
-1.88393
-1.88369
-1.8852
-1.88601
-1.90225
-1.90231
-1.90242
-1.90249
-1.90255
-1.90266
-1.9028
-1.90301
-1.90334
-1.90328
-1.90272
-1.90212
-1.90166
-1.90146
-1.90134
-1.90127
-1.90119
-1.90112
-1.90103
-1.90093
-1.90081
-1.90066
-1.90049
-1.9003
-1.9001
-1.89988
-1.89966
-1.89945
-1.89924
-1.89904
-1.89884
-1.89866
-1.8985
-1.89837
-1.89825
-1.89817
-1.89827
-1.89833
-1.89797
-1.89936
-1.9154
-1.91557
-1.91561
-1.91565
-1.91569
-1.91574
-1.91578
-1.91581
-1.91575
-1.91553
-1.91527
-1.91501
-1.91482
-1.91472
-1.91466
-1.91462
-1.91459
-1.91455
-1.91448
-1.9144
-1.9143
-1.9142
-1.91408
-1.91396
-1.91382
-1.91369
-1.91356
-1.91345
-1.91335
-1.91327
-1.91324
-1.91324
-1.91328
-1.91335
-1.9134
-1.9134
-1.91345
-1.91366
-1.91242
-1.91152
-1.9288
-1.92891
-1.92888
-1.92886
-1.92884
-1.92881
-1.92877
-1.92874
-1.92873
-1.92861
-1.92844
-1.9283
-1.92821
-1.92815
-1.92812
-1.92809
-1.92806
-1.92803
-1.92798
-1.92793
-1.92787
-1.9278
-1.92772
-1.92765
-1.92757
-1.92751
-1.92746
-1.92744
-1.92746
-1.92756
-1.92773
-1.92794
-1.92817
-1.92834
-1.92844
-1.92878
-1.9289
-1.92961
-1.92875
-1.93282
-1.94252
-1.94234
-1.94222
-1.94215
-1.94209
-1.94205
-1.94203
-1.942
-1.94195
-1.94188
-1.94181
-1.94175
-1.9417
-1.94167
-1.94164
-1.94162
-1.9416
-1.94157
-1.94154
-1.94151
-1.94148
-1.94144
-1.9414
-1.94136
-1.94133
-1.94131
-1.94131
-1.94134
-1.94141
-1.94156
-1.9418
-1.94211
-1.94242
-1.94277
-1.94307
-1.94349
-1.94346
-1.94304
-1.94026
-1.93866
-1.9562
-1.95567
-1.95559
-1.95548
-1.95542
-1.95538
-1.95536
-1.95533
-1.95531
-1.9553
-1.95528
-1.95526
-1.95524
-1.95523
-1.95521
-1.9552
-1.95519
-1.95517
-1.95516
-1.95515
-1.95514
-1.95513
-1.95512
-1.95512
-1.95512
-1.95513
-1.95516
-1.95523
-1.95535
-1.95555
-1.95587
-1.95636
-1.95689
-1.95743
-1.95819
-1.95909
-1.95981
-1.96012
-1.96528
-1.95892
)
;

boundaryField
{
    inlet
    {
        type            calculated;
        value           nonuniform List<scalar> 10(-294.185 -294.393 -294.524 -294.659 -294.721 -294.729 -294.662 -294.527 -294.395 -294.187);
    }
    inletWall
    {
        type            calculated;
        value           nonuniform List<scalar> 
30
(
-205.109
-225.111
-245.014
-264.759
-284.375
-117.982
-134.345
-150.895
-167.824
-184.397
-25.1181
-45.9126
-65.6089
-88.4032
-116.487
-205.108
-225.11
-245.014
-264.76
-284.377
-117.977
-134.321
-150.896
-167.828
-184.39
-25.9216
-46.1467
-65.8082
-88.4696
-116.599
)
;
    }
    bottleWall
    {
        type            calculated;
        value           nonuniform List<scalar> 
290
(
521.841
505.809
488.699
468.481
453.06
443.743
429.303
413.055
396.826
385.98
377.693
361.579
330.088
297.14
269.826
251.895
240.16
233.078
217.48
202.885
185.809
180.723
171.645
154.965
143.674
132.099
113.299
87.8977
66.0874
39.986
29.8337
20.3254
5.11075
1.52989
0.976712
0.50228
0.210506
0.128287
0.0933436
0.0339339
-0.0330644
-0.0798746
-0.0994722
-0.175684
-0.244006
-0.382549
-0.425687
-0.436328
-0.442144
-0.450635
-0.493592
-0.538216
-0.571219
-0.598098
-0.62437
-0.65925
-0.697276
-0.732878
-0.76644
-0.794574
-0.821953
-0.853958
-0.877802
-0.901304
-0.931749
-0.962938
-0.994769
-1.0336
-1.07046
-1.11254
-1.14728
-1.17604
-1.20747
-1.23657
-1.26397
-1.29449
-1.32474
-1.35593
-1.3855
-1.41142
-1.43618
-1.46103
-1.48745
-1.51233
-1.54019
-1.57043
-1.60067
-1.6334
-1.65527
-1.68037
-1.70618
-1.72772
-1.75894
-1.78748
-1.81691
-1.8441
-1.87043
-1.8967
-1.92297
-1.94938
398.697
406.464
419.041
429.735
425.84
418.141
416.857
420.611
422.494
420.026
419.613
421.583
425.647
436.684
451.964
451.86
451.256
452.516
457.432
464.742
472.885
480.837
488.375
496.813
503.352
508.32
512.809
516.485
519.727
521.972
524.724
526.963
527.442
526.876
527.026
527.852
528.685
528.883
528.878
529.844
393.414
401.875
412.496
418.351
425.132
432.301
432.709
432.405
418.02
405.579
543.24
541.358
543.77
540.686
536.742
534.154
532.434
529.008
536.656
537.734
550.541
561.106
548.436
513.756
484.055
465.519
455.083
438.67
432.433
441.825
456.854
471.781
482.708
481.779
457.834
423.655
404.899
397.899
393.776
396.382
400.767
402.516
400.486
399.27
398.197
393.016
390.826
386.21
388.694
385.109
534.462
520.539
510.262
500.207
483.165
458.331
436.513
426.92
408.417
390.078
376.39
364.205
355.367
351.568
349.374
348.342
344.107
324.023
296.867
271.758
248.106
217.735
192.172
179.131
168.764
154.389
144.728
137.943
131.32
112.97
55.2684
25.29
10.2357
3.06302
-1.01096
-2.05879
-1.37085
-0.542899
-0.278025
-0.368195
-0.468089
-0.571244
-0.67275
-0.753015
-0.816735
-0.900456
-0.970383
-1.02949
-1.06154
-1.08436
-1.11768
-1.15385
-1.18317
-1.2019
-1.21471
-1.22058
-1.22759
-1.257
-1.29464
-1.32929
-1.34889
-1.36509
-1.37828
-1.39885
-1.42283
-1.44391
-1.46179
-1.47918
-1.49627
-1.51333
-1.53047
-1.54763
-1.56423
-1.57999
-1.59571
-1.6084
-1.62849
-1.64974
-1.67086
-1.69143
-1.70837
-1.71915
-1.7263
-1.73526
-1.74577
-1.75938
-1.77415
-1.78923
-1.80465
-1.82107
-1.83432
-1.84766
-1.86123
-1.87536
-1.88889
-1.90225
-1.9154
-1.9288
-1.94252
-1.9562
)
;
    }
    atmosphere
    {
        type            calculated;
        value           nonuniform List<scalar> 
80
(
-1.96838
-1.96208
-1.99313
-2.03623
-1.96207
-1.97534
-1.97592
-1.97187
-1.96781
-1.9651
-1.96349
-1.9626
-1.96215
-1.962
-1.96335
-1.962
-1.96209
-1.96227
-1.96235
-1.96232
-1.96222
-1.96211
-1.96204
-1.96299
-1.96904
-1.98746
-1.98746
-1.96235
-1.96468
-1.96458
-1.96366
-1.96291
-1.96255
-1.96244
-1.96242
-1.96244
-1.96252
-1.96269
-1.96286
-1.96247
-1.96562
-1.962
-1.962
-1.962
-1.962
-1.962
-1.962
-1.962
-1.962
-1.962
-1.962
-1.962
-1.962
-1.962
-1.962
-1.962
-1.962
-1.962
-1.962
-1.962
-1.962
-1.962
-1.962
-1.962
-1.962
-1.962
-1.962
-1.962
-1.962
-1.962
-1.96215
-1.96319
-1.96355
-1.96341
-1.96444
-1.96726
-1.96475
-1.9629
-1.97101
-1.96727
)
;
    }
    frontAndBack
    {
        type            empty;
    }
}


// ************************************************************************* //
