/*--------------------------------*- C++ -*----------------------------------*\
  =========                 |
  \\      /  F ield         | OpenFOAM: The Open Source CFD Toolbox
   \\    /   O peration     | Website:  https://openfoam.org
    \\  /    A nd           | Version:  8
     \\/     M anipulation  |
\*---------------------------------------------------------------------------*/
FoamFile
{
    version     2.0;
    format      ascii;
    class       volScalarField;
    location    "5.15";
    object      p_rgh;
}
// * * * * * * * * * * * * * * * * * * * * * * * * * * * * * * * * * * * * * //

dimensions      [1 -1 -2 0 0 0 0];

internalField   nonuniform List<scalar> 
9150
(
1963.48
1962.46
1961.84
1961.37
1961.14
1961.13
1961.37
1961.84
1962.46
1963.48
1963.04
1962.52
1962.1
1961.77
1961.6
1961.6
1961.77
1962.1
1962.52
1963.04
1962.77
1962.48
1962.23
1962.01
1961.89
1961.9
1962.01
1962.23
1962.48
1962.77
1962.65
1962.47
1962.3
1962.15
1962.07
1962.06
1962.15
1962.31
1962.47
1962.65
1962.65
1962.47
1962.33
1962.2
1962.14
1962.14
1962.2
1962.33
1962.47
1962.65
1951.63
1950.84
1951.13
1951.55
1951.73
1951.74
1951.56
1951.18
1950.88
1951.66
1955.73
1955.02
1954.86
1954.81
1954.91
1954.91
1954.8
1954.85
1955.01
1955.72
1958.86
1958.12
1957.82
1957.45
1957.39
1957.38
1957.44
1957.8
1958.11
1958.87
1961.59
1960.44
1959.98
1959.35
1959.19
1959.2
1959.38
1960.02
1960.46
1961.62
1964.17
1962.1
1961.35
1960.66
1960.38
1960.39
1960.66
1961.35
1962.11
1964.18
1947.13
1945.6
1943.8
1942.64
1942.02
1941.94
1942.37
1943.44
1945.61
1947.4
1946.16
1945.85
1944.83
1944.48
1944.02
1944.04
1944.54
1945.03
1946.09
1946.42
1945.65
1945.81
1944.74
1945.18
1944.67
1944.72
1945.21
1944.89
1945.94
1945.81
1942.47
1945.33
1944.31
1945.88
1945.71
1945.74
1945.91
1944.39
1945.4
1942.56
1936.47
1946.03
1946.5
1947.91
1948.32
1948.33
1947.94
1946.54
1946.08
1936.54
1012.48
1012.38
1012.1
1011.48
1010.72
1010.12
1009.54
1009.08
1008.82
1008.61
1012.29
1011.55
1010.99
1010.4
1009.74
1009.28
1008.95
1008.52
1008.27
1008.17
1010.4
1009.68
1008.93
1008.47
1007.99
1007.57
1007.38
1007.22
1007.15
1007.28
1007.64
1007.25
1006.87
1006.39
1005.92
1005.56
1005.36
1005.21
1005.23
1005.48
1005.19
1005.2
1004.48
1003.8
1003
1002.27
1001.84
1001.67
1001.76
1002.17
1004.02
1003.1
1001.85
1000.78
999.664
998.526
997.78
997.651
997.904
998.335
1002.08
1001.14
999.347
997.83
996.38
994.916
994.068
994.249
994.798
995.395
1001.58
999.792
997.479
995.76
994.704
993.749
993.012
993.431
994.782
994.724
1003.39
1000.49
998.176
996.741
996.257
995.567
988.486
986.173
986.386
969.528
1001.25
1000.92
999.05
998.212
998.261
998.667
971.49
949.503
940.88
937.837
995.311
994.386
1002.16
1002.27
1002.62
999.967
976.265
939.528
935.992
936.306
997.8
995.773
995.381
1010.93
1011.06
989.012
1006.45
982.58
935.893
935.886
1001.28
999.999
1002.19
1012.91
990.15
979.414
1010.82
1015.09
1012.92
1003.44
1011.43
1013.93
1012.26
982.148
971.265
973.194
1015.9
1015.31
1012.83
1013.58
1024.43
1023.16
1009.57
967.704
966.569
964.627
1009.01
1015.38
1014.65
1014.24
1026.1
1024.45
1020.58
966.806
964.662
962.774
978.844
1015.92
1015.71
1015.55
1026.17
1025.21
1024.26
1007.75
962.963
961.491
960.277
993.292
1017.81
1017.74
1025.9
1025.46
1024.97
1024.45
1013.05
970.724
962.122
970.144
1017.84
1019.59
1025.85
1026
1025.83
1025.48
1024.97
1020.24
991.947
991.318
1013.45
1020.55
1020.99
1027.56
1027.66
1027.52
1027.2
1026.72
1026.03
1024.79
1023.64
1020.91
1013.78
1029.89
1030.18
1030.34
1030.19
1029.87
1029.49
1028.77
1027.71
1026.46
1022.42
1033.16
1033.58
1033.74
1033.62
1033.27
1032.85
1032.42
1031.74
1030.72
1035.83
1037.16
1037.43
1037.42
1037.24
1036.82
1036.24
1035.86
1035.39
1034.74
1041.39
1041.94
1042.02
1041.87
1041.12
1040.31
1039.25
1038.72
1038.45
1037.93
1047.35
1047.87
1047.96
1047.45
1038.67
1005.24
1002.96
1021.29
1040.54
1040.99
1055.34
1055.72
1055.5
1054.9
1017.27
993.591
992.352
990.322
988.482
1013.6
1064.22
1064.4
1064.11
1063.47
1001.66
999.941
998.628
996.55
994.076
991.63
1072.73
1072.55
1072.75
1043.13
1008.25
1007.55
1006.07
1003.62
1000.34
1029.27
1081.2
1082.23
1080.03
1061.57
1059.69
1054.84
1050.12
1056.96
1072.03
1073.3
1088.91
1090.76
1092.32
1060.27
1016.23
999.249
996.914
992.177
973.631
959.308
965.453
950.173
949.412
948.286
945.455
944.568
941.133
936.533
931.294
950.105
967.864
1010.96
1047.17
1050.87
1051.62
1042.68
1029.88
1042.92
1036.92
1025.17
1047.94
1047.47
988.651
946.81
951.079
979.8
975.031
953.992
953.455
932.901
968.192
859.702
868.75
870.763
865.717
860.448
845.202
836.775
830.35
821.247
793.95
942.628
1006.46
1043.91
1077.96
1097
1079.9
1016.86
873.012
894.811
745.99
1035.41
1057.23
1061.8
1064.78
1068.04
1069.4
1067.68
1061.28
1050.24
894.834
997.183
1037.07
1043.69
1046.32
1048.79
1048.68
1046.68
1039.99
1026.01
1017.96
1020.52
1027.39
1025.1
1014.24
1019.45
1032.84
1028.6
1020.53
1006.9
1010.86
1010.07
1011.29
1013.65
1001.98
979.974
1007.5
996.596
999.227
987.592
992.492
992.923
999.737
1001.47
1001.15
952.814
813.981
764.201
884.844
968.702
988.473
991.72
995.537
996.982
997.09
886.226
692.689
689.765
685.25
766.306
979.389
983.52
989.181
996.042
1000.54
897.379
688.832
686.263
685.373
683.301
934.285
958.814
972.847
985.851
990.198
972.379
813.832
696.31
690.918
686.162
508.125
880.838
946.525
939.87
869.526
898.666
947.282
942.744
926.576
786.921
368.565
533.181
864.272
861.04
821.629
829.308
930.74
980.81
982.211
979.709
385.471
560.666
815.104
825.442
822.443
822.535
849.498
972.183
977.779
979.524
695.798
964.123
985.86
987.523
989.701
919.757
949.947
987.749
792.963
678.164
995.011
997.177
998.953
1002.32
1007.39
1012.89
1021.83
1033.87
560.119
458.1
775.16
978.358
1006.84
1013.69
1019.62
1024.11
1034.85
916.45
415.461
431.125
274.607
829.961
1018.79
1026.93
1032.08
1036.36
1042.64
582.076
342.101
412.981
189.078
697.967
1037.1
1045.29
1050.84
1054.01
1065.41
439.953
338.577
508.599
197.219
750.936
1058.88
1065.36
1069.59
1071.84
1090.34
430.07
353.673
594.036
308.266
933.755
1082.19
1085.98
1086.85
1086.72
1096.61
481.243
373.408
539.897
510.658
1056.04
1102.69
1107.1
1109.56
1108.24
1116.4
540.5
376.619
395.569
1031.51
1106.09
1121.94
1126.31
1129.35
1133.04
1137.07
540.679
366.439
449.623
1129.81
1068.89
1094.58
1140.59
1142.04
1148.03
1133.08
367.512
360.892
868.655
1140.4
1081.32
1105.39
1151.27
1149.26
1140.76
928.88
223.553
400.436
1068.58
1094.46
1095.44
1144.01
1173.93
1163.77
1111.5
758.7
123.549
228.423
926.9
1040.2
1108.65
1191.25
1193.52
1081.71
1038.07
579.908
55.7308
46.9826
323.054
1043.52
1188.66
1199.33
1199.47
1005.12
1015.16
413.468
23.6534
12.9243
28.3212
1090.31
1084.55
1199.4
595.102
986.182
1023.83
319.422
33.8073
1.18227
0.912507
766.838
149.424
157.113
314.849
1035.16
1030.9
224.732
43.3198
0.667897
0.602608
132.305
132.488
131.503
209.957
1027.36
1046.85
182.076
46.3997
0.396534
0.415561
126.258
126.396
132.294
157.554
1023.62
1032.59
141.614
29.6253
0.32841
0.312818
136.314
131.524
222.696
102.985
1027.55
1022.15
97.9447
19.1567
0.286948
0.279844
1.04796
1.03761
184.407
79.9299
1023.91
1041.1
83.1582
18.1176
0.187517
0.322368
0.813682
8.61492
155.092
71.7609
1024.67
1062.36
72.5908
15.2336
0.137581
0.526687
1.12557
11.7548
28.1755
62.7618
1085.6
1035.98
64.1804
14.6315
0.215167
0.576083
0.0959081
0.135152
0.240084
60.3771
1101.55
1081.37
62.0602
12.0997
0.27446
0.731805
0.0788753
0.265895
0.117467
64.9784
1146.04
1140.74
70.5124
11.4812
0.310663
0.75424
0.137346
0.628141
0.081477
93.4813
1210.42
1204.37
95.7828
11.845
0.303879
0.691896
0.296425
0.635564
0.0834832
137.898
1263.39
1267.6
139.791
9.57868
0.372795
0.622933
0.612367
0.653314
0.086359
187.993
1316.24
1303.28
182.359
0.230997
0.458738
0.266546
0.554942
0.521184
0.0937716
212.623
1334.01
1343.38
214.691
0.0878284
0.0805562
0.367068
0.0894902
0.0656448
0.0788959
222.451
1343.7
1373.78
229.642
0.0617633
0.190501
0.527084
0.00427945
-3.8706e-05
-0.0183611
236.167
1393.56
1362.65
225.511
0.181197
0.217833
0.521425
-0.0167655
-0.026186
-0.0510907
243.919
1415.82
1384.68
233.752
0.235904
0.249371
0.68683
-0.0239347
-0.022758
-0.0174353
251.327
1416.68
1434.36
257.717
0.206871
0.346747
0.979805
-0.0367215
-0.039117
-0.0443162
282.451
1458.85
1450.33
278.099
0.221498
0.550321
1.07158
-0.0418212
-0.0444839
-0.047724
316.109
1486.68
1486.08
315.178
0.184676
0.740678
1.063
-0.0433905
-0.0437985
-0.0521976
358.47
1519.65
1516.88
355.327
0.158062
0.974918
1.05005
-0.039752
-0.0326123
-0.0352395
396.857
1542.69
1553.66
400.832
0.113975
0.865209
1.03799
-0.030165
-0.0223612
-0.0177001
437.993
1569.52
1583.79
444.336
0.0870871
0.273958
0.792263
-0.0196313
-0.0116078
-0.00340685
482.821
1598.07
1611.67
490.62
0.0688341
0.564264
1.20979
0.00258047
-0.00135838
-0.00446113
545.938
1635.63
1631.13
541.062
0.0591955
0.690746
1.21111
0.0377145
0.0165255
0.0140193
620.348
1662.3
1661.69
617.838
0.0156851
0.212312
0.127042
0.0640764
0.0313272
0.0339212
711.25
1686.43
1691.37
715.165
0.00299965
0.0102289
-0.00417641
0.0993667
0.0422884
0.0345606
828.161
1717.8
1708.96
820.125
0.0203692
0.039083
0.00597861
0.220317
0.061311
0.0502999
953.162
1740.11
1731.72
941.718
0.027081
0.0684322
0.0120106
0.255754
0.0798154
0.0799474
1076
1755.18
1758.59
1075.81
0.019663
0.0653991
0.211418
0.114816
0.0847979
0.0856353
1196.19
1774.64
1779.66
1198.78
-0.00067077
0.00513094
0.209931
0.109271
0.089801
0.100733
1327.04
1797.68
1796.99
1324.53
0.0124681
0.00294487
0.0902564
0.103764
0.103465
43.2846
1470.28
1816.18
1817.24
1470.55
30.8721
0.00813833
0.0154564
0.0896718
0.0935951
191.929
1619.3
1836.1
1835.28
1619.13
190.105
0.0114192
0.0115629
0.078725
0.0799438
407.828
1758.03
1854.98
1854.55
1743.97
398.82
0.0100148
0.00926558
0.0782447
0.079802
733.919
1838.86
1873.94
1873.54
1847.87
754.805
0.00652561
0.00805401
0.0786638
0.086096
1260.42
1891.74
1892.56
1892.43
1891.25
1215.72
0.0154269
0.0111265
0.0616462
190.606
1666.2
1909.87
1911.11
1911.52
1910.61
1662.92
118.881
0.0117136
0.0225245
1136.87
1927.39
1927.53
1927.04
1926.82
1926.67
1921.6
1017.21
0.00346329
604.162
1861.56
1938.94
1937.4
1936.98
1937.13
1937.9
1939.77
1873.27
589.045
1008.43
1008.24
1007.95
1007.5
1007.04
1006.79
1006.46
1006.02
1005.54
1004.98
1004.29
1003.64
1003.06
1002.46
1001.91
1001.62
1000.86
999.773
998.883
997.974
997.056
995.97
994.487
992.425
990.967
990.499
990.452
990.457
991.683
992.624
994.093
995.111
995.18
995.181
995.323
996.393
996.311
996.655
996.996
996.762
1008.06
1007.98
1007.34
1006.68
1006.6
1005.92
1006.32
1005.57
1004.95
1004.56
1003.98
1003.41
1002.94
1002.71
1002.29
1001.74
1001.06
999.794
998.576
997.515
996.612
995.851
994.263
991.483
988.77
987.597
988.275
989.855
990.845
992.047
993.321
993.983
992.648
993.625
993.691
993.037
992.291
993.787
994.329
993.825
1006.31
1006.47
1006.49
1006.11
1005.62
1004.97
1003.87
1003.38
1003.65
1003.78
1002.94
1002.68
1002.49
1002.57
1002.2
1001.75
1001.07
999.77
998.537
998.139
997.931
998.046
992.697
989.575
986.791
983.989
982.808
988.915
986.492
982.018
981.716
987.506
992.368
990.587
990.614
989.954
989.358
989.982
990.688
991.056
1005.38
1004.16
1004
1003.23
1003.01
1005.12
1003.43
1001.55
1000.22
999.154
999.444
1000.2
1001.17
1001.78
1001.08
1000.9
1000.57
999.091
997.955
996.876
997.805
997.61
995.919
991.302
985.627
979.416
978.926
994.159
977.209
978.766
976.426
985.414
992.758
995.163
996.895
994.91
988.541
990.052
991.355
991.811
1002.98
1003.5
1003.61
1003.1
1001.58
1000.2
997.843
994.149
991.594
992.257
995.12
999.057
999.894
999.885
999.905
999.019
999.001
998.485
997.61
996.389
995.118
994.735
995.385
994.102
992.383
989.744
988.183
989.088
985.667
986.677
993.147
986.578
982.733
991.473
999.211
1000.76
997.135
990.389
991.574
992.34
999.136
999.89
1000.3
997.921
992.651
987.869
982.823
983.572
985.522
987.128
997.326
1000.95
1000.98
1000.92
1001.14
1001.4
1001.29
1001.16
998.078
995.972
994.477
994.665
993.065
991.616
990.579
989.996
989.973
990.25
990.702
991.478
992.703
989.871
979.112
984.841
998.524
999.452
1000.87
1002.21
998.78
999.431
995.64
998.05
998.224
983.724
982.208
981.938
981.439
981.92
996.011
1001.13
1001.01
1001.17
1001.42
1001.65
1001.99
1002.12
1001.69
1000.89
999.478
997.174
994.861
992.383
989.956
987.848
986.621
986.31
986.688
987.006
987.599
988.228
988.107
984.204
965.329
968.922
992.721
998.592
999.676
1001.61
1003.43
1003.91
995.587
998.083
997.428
981.226
979.357
979.409
980.81
1001.95
1000.83
1000.15
999.882
999.96
1000.13
1000.39
1000.71
1000.64
1000.04
999.034
997.137
995.542
993.002
990.129
986.784
978.271
974.92
977.895
984.154
975.099
975.289
981.262
962.589
948.388
954.529
958.216
987.895
1001.15
1002.1
1003.06
1004.06
1002.8
964.397
962.317
967.376
994.604
995.8
978.611
979.195
999.003
998.473
997.743
997.432
997.6
998.168
998.843
999.288
999.311
998.911
995.435
992.897
992.721
993.064
990.699
986.646
954.714
945.631
944.728
945.127
945.235
946.229
947.898
949.45
952.177
955.042
956.443
994.698
1004.57
1005.46
1006.07
1004.44
1001.13
937.513
937.23
937.801
985.412
1001.09
1003.34
983.896
979.053
995.133
996.745
996.999
996.762
993.091
995.983
999.967
1000.31
996.323
993.297
992.426
991.431
993.943
992.166
991.06
991.123
980.614
958.139
944.22
946.029
947.652
949.838
952.207
955.125
956.843
988.58
1008.84
1009.43
1009.99
1009.72
1003.89
1002.76
936.299
935.151
934.249
962.466
1000.87
1006.43
1006.3
979.1
971.893
998.767
999.12
999.015
991.594
991.363
996.689
1001.44
996.062
993.907
994.114
997.078
995.295
993.551
992.044
991.24
992.19
993.055
984.401
972.666
969.858
974.762
981.468
983.323
993.874
1012.41
1012.8
1012.09
1010.73
1006.43
1005.81
1004.14
935.415
934.351
987.655
1007.9
1006.96
1006.32
1005.49
995.873
968.482
978.524
1000.59
1001.11
994.769
991.144
992.016
992.463
995.272
1000.75
1000.31
998.667
996.904
994.854
992.451
982.713
968.556
966.822
989.946
1000.76
1003.67
1006.2
1007.65
1008.74
1011.13
1011.32
1008.34
1010.14
1008.92
995.971
986.979
1004.2
1003.14
1012.03
1011.56
1009.5
1007.62
1006.71
1005.99
998.519
972.767
935.675
949.08
982.93
989.201
994.038
994.613
993.355
994.152
1004.46
1002.76
1001.3
999.271
997.045
991.73
958.72
957.842
959.034
961.011
963.872
995.12
1008.04
989.3
980.94
983.503
983.612
993.58
1013.03
1009.27
980.779
975.095
1001.51
1013.21
1012.59
1011.46
1001.84
995.507
993.97
1004.99
998.851
954.873
932.262
931.517
930.375
945.214
994.746
998.91
996.449
996.041
1005.41
1004.37
1002.3
999.993
998.575
998.335
987.549
959.59
959.746
960.538
962.484
965.539
968.377
985.107
1007.45
1012.07
1014.5
1014.07
1013.06
1011.42
979.084
972.084
973.971
1013.83
1013.09
997.631
981.447
980.85
982.261
1011.76
996.873
941.673
931.643
929.03
927.885
927.217
927.87
998.382
999.227
996.198
1005.53
1002.81
1000.05
998.217
997.98
999.043
1000.03
1000.43
998.828
971.976
957.64
993.702
1003.36
1007.22
1010.23
1011.68
1012.38
1012.43
1011.65
1010.98
1009.12
970.666
971.902
1015.62
1003.53
982.225
981.618
981.734
1009.31
1011.38
1010.05
998.213
974.926
962.065
955.865
927.953
924.423
951.18
990.116
990.094
996.05
998.3
994.928
992.771
993.612
995.35
996.414
977.121
969.228
989.039
992.221
994.063
996.936
1000.89
1004.33
1006.58
1006.98
1007.05
1006.68
1006.21
1006.2
995.874
976.486
1017.38
998.571
983.119
981.163
999.676
1012.38
1011.09
1006.99
1006.47
1005.04
1002.35
971.009
967.894
956.07
982.935
997.954
994.914
990.964
992.748
972.118
949.329
980.445
988.973
990.656
959.73
945.601
942.177
940.191
957.31
966.421
991.102
996.772
996.44
1000.97
1001.79
1001.73
1001.3
1001.28
1001.91
995.003
1019.28
1013.72
981.464
980.294
991.148
1011.09
1004.81
998.83
1005.28
1003.03
964.059
875.538
884.343
990.079
998.872
998.883
998.012
996.007
992.897
985.145
926.072
876.375
959.702
989.378
986.671
948.269
943.85
939.941
936.51
945.728
983.83
981.789
982.391
987.864
997.25
996.062
975.044
971.565
998.07
942.927
1019.9
1018.79
1009.03
988.17
1003.34
1009.48
999.567
999.193
1001.62
1005.27
944.885
870.124
869.277
887.061
994.551
1000.78
1000.11
998.631
990.108
909.072
871.085
868.461
866.221
985.324
998.181
999.439
967.045
940.947
938.961
967.559
922.874
927.746
958.805
949.056
972.43
937.375
877.185
868.925
928.437
871.602
1019.53
1018.01
1017.21
1014.85
1013.49
1011.71
1010.54
1005.16
1003.03
1005.28
1002.97
902.751
866.707
864.55
863.936
896.194
904.065
877.797
874.768
874.325
874.513
871.926
932.387
997.529
999.93
1001.56
1002.18
993.793
992.447
983.664
855.903
848.277
941.438
944.806
918.367
862.708
864.327
865.48
864.407
866.065
1023.36
1020.03
1017.77
1018.93
1016.26
1014.36
1013.56
1013.95
1010.13
1001.48
1017.31
1021.94
1001.76
890.512
863.503
861.376
859.878
882.44
918.176
947.884
991.856
1007.57
1004.86
1002.95
1002.66
1002.35
991.93
970.623
989.516
982.477
844.548
837.73
916.953
1012.63
945.531
866.302
872.852
866.171
865.586
872.64
1029.38
1025.95
1021.71
1019.33
1016.98
1018.39
1016.87
1015.57
1016.33
1001.45
1006.62
1018.46
1018.73
1016.67
998.738
985.203
999.204
1011.21
1011.01
1010.71
1010.27
1009.48
1008.43
1007.08
1005.62
973.86
879.792
827.998
869.484
874.676
830.935
833.82
935.826
1015.62
1007.44
889.469
1011.47
868.557
874.118
989.43
1033.71
1032.32
1027.81
1024.09
1021.82
1019.75
1019.2
1020.46
1019.25
1017.89
986.614
987.157
1013.99
1015.48
1014.39
1012.93
1012.14
1012.34
1012.66
1012.86
1012.95
1013.16
1013.51
1012.96
973.039
833.338
826.534
826.595
826.025
825.529
828.735
913.81
993.329
1017.42
1017.33
1008.58
1018.01
872.127
977.975
1002.28
1037.13
1035.95
1034.26
1028.11
1025.59
1023.63
1022.65
1024.13
1022
1020.5
976.413
964.917
1005.01
1015.75
1017.05
1017.82
1017.22
1017.02
1015.85
1015.18
1015.58
1016.57
1017.87
1016.58
879.595
840.647
831.505
825.101
826.178
827.522
909.139
1002.96
1002.96
1019.12
1017.52
1016.81
1015.49
949.1
998.849
999.683
1040.15
1038.9
1037.24
1034.13
1028.46
1029.6
1029.03
1027.37
1025
1023.42
1000.28
897.678
931.871
1002.74
1015.32
1014.98
1015.12
1011.23
1010.49
1009.72
1013.22
1016.34
1017.7
996.172
977.18
1006.58
991.116
958.625
944.812
968.223
1002.96
1001.91
1018.03
1018.5
1016.71
1016.35
1014.85
1015.01
993.5
948.306
1044.54
1043.2
1041.46
1039.25
1036.63
1034.26
1032.12
1029.75
909.854
860.9
860.677
860.241
858.828
855.835
966.971
1015.58
1015.85
994.522
912.639
914.116
980.04
1019.58
1022.04
1016.45
1021.77
1021.14
1021.97
1021.56
1021.22
1013.73
1000.74
1018.39
1018.2
1016.48
1014.88
1012.65
974.351
950.015
929.561
920.715
1044.11
1048.92
1046.57
1043.72
1040.38
1036.77
937.99
856.463
856.063
856.105
856.292
947.122
1016.75
920.224
898.363
897.364
910.937
937.59
873.624
913.669
1004.67
1021.6
1023.98
1022.73
1020.7
1019.73
1019.33
1018.37
997.768
983.468
993.738
1015.46
1014.89
1013.81
1012.1
970.119
908.906
911.837
914.518
936.844
1059.09
1055.58
1052.11
1048.61
1044.54
931.502
854.062
851.852
852.011
994.672
1029.82
1026.65
1022.95
1019.77
1017.13
1011.27
871.581
787.458
787.692
786.767
933.329
1019.1
1018.54
1008.7
1011.53
1012.7
1012.5
1011.24
983.635
977.132
1007.67
1006.66
1005.2
1003.41
989.027
900.008
897.284
901.964
971.422
983.415
1068.71
1064.53
1059.73
1052.92
907.707
859.563
855.07
878.441
1020.66
1031.03
1027.7
1024.74
1021.95
1018.94
972.789
790.884
780.686
780.105
779.375
778.229
777.176
913.123
971.642
975.356
1002.28
1004.71
1006.99
1005.23
994.783
983.849
998.467
996.155
993.549
990.559
942.909
876.362
875.651
878.974
951.499
962.635
961.558
964.044
907.118
870.667
867.445
861.38
901.53
1035.51
1036.13
1030.62
1025.46
1020.99
1018.17
1011.16
943.026
799.438
779.898
778.866
777.056
774.899
772.375
770.217
778.124
923.937
995.979
979.339
979.996
998.264
994.334
989.81
985.99
984.115
981.992
979.325
947.811
866.778
860.793
867.018
873.988
931.039
1014.61
1015.33
1012.08
1007.96
1013.55
1007.73
1016.43
1013.83
1007.51
1007.79
1010.11
1012.05
1012.54
1013.66
1011.4
906.513
777.681
862.092
848.431
771.057
767.98
765.041
760.555
929.986
996.705
996.454
962.077
900.481
892.019
887.98
957.474
981.183
977.975
977.701
978.085
935.856
917.875
890.489
878.878
906.857
1010.44
975.849
903.778
917.525
1008.13
1023.58
954.329
737.192
724.026
708.797
714.24
897.629
987.842
998.86
1005.16
1011.64
961.859
864.434
946.886
973.486
932.29
760.069
781.954
965.043
993.043
992.567
985.656
980.639
892.008
881.094
880.137
880.021
903.085
959.07
918.992
857.997
853.409
855.658
905.06
1004.49
811.366
801.711
796.482
985.06
1043.77
1033.77
1006.44
806.396
695.944
681.489
669.172
659.246
657.955
661.273
870.492
996.621
1004.88
940.831
955.699
982.12
972.35
942.278
941.784
980.167
973.034
928.726
925.845
967.635
965.7
968.447
974.29
980.454
901.078
833.357
835.084
838.84
844.298
850.195
938.316
1025.01
809.247
804.008
960.18
1027.48
1009.86
997.258
987.702
981.726
977.238
936.423
662.149
628.322
628.678
629.826
639.018
900.515
976.502
984.389
947.516
942.939
939.752
976.756
975.828
970.424
968.574
970.499
946.738
824.306
813.868
814.022
897.138
962.615
975.405
986.37
869.289
849.897
855.132
859.406
968.827
1034.9
1053.55
1046.88
1017.61
988.222
964.495
947.167
937.274
932.947
931.23
929.195
868.422
614.334
665.645
838.746
930.796
940.1
945.236
950.358
953.799
918.185
914.8
932.479
956.054
955.133
955.191
959.053
962.5
957.403
824.6
817.233
827.983
841.651
919.239
1007.22
990.176
861.641
866.173
869.301
1016.7
1046.4
1033.47
1007.5
973.283
933.829
870.161
801.316
740.447
716.833
711.761
713.556
721.966
730.371
745.214
779.023
852.17
887.956
895.973
905.027
914.469
917.005
917.19
931.989
937.423
941.755
946.764
953.688
961.722
971.462
976.622
844.607
845.142
859.656
873.318
979.944
1027.52
933.304
883.039
934.576
1043.8
1061.17
1003.46
967.083
874.152
612.063
389.622
278.555
230.071
220.971
220.801
223.012
231.511
245.285
263.52
288.5
325.94
378.384
464.334
615.091
783.585
891.896
900.566
907.781
917.482
928.016
938.147
949.472
961.465
975.543
992.374
988.59
999.701
883.591
889.795
937.208
1046.41
981.16
899.993
953.944
1058.85
1078.35
983.457
903.921
464.617
221.542
216.735
214.917
213.568
211.813
209.986
208.438
207.161
206.161
205.267
204.656
205.401
205.408
204.837
211.129
244.146
317.232
415.448
532.911
676.643
858.413
919.593
930.985
947.437
967.039
988.213
1010.04
1030.24
1038.79
900.793
972.322
1055.12
1032.97
917.577
939.136
1047.46
1094.41
966.111
838.725
351.476
218.609
214.964
212.783
210.989
209.26
207.584
206.249
203.999
202.62
201.81
201.528
204.665
202.352
201.76
202.17
202.376
202.659
203.312
204.714
219.607
270.552
366.197
513.01
750.378
947.731
973.414
999.841
1023.03
1044.25
1056.01
847.566
1001.13
1067.55
919.819
916.666
1013.26
1106.91
967.872
920.428
705.735
276.829
213.952
211.213
209.409
207.81
209.652
208.235
206.49
203.869
199.305
200.034
203.344
203.27
200.598
200.903
200.937
201.045
201.355
201.821
202.479
203.737
205.746
210.401
242.047
449.826
875.601
989.228
1014.54
1034.78
1054.8
790.953
868.73
1088.21
918.352
920.375
1063.16
1114.89
884.733
926.234
904.562
730.163
303.156
211.711
208.648
207.152
209.393
208.482
203.089
202.135
201.354
203.773
203.104
202.244
200.716
200.607
200.537
200.398
200.426
200.737
201.304
202.426
204.032
206.616
211.442
428.978
883.674
985.061
1006.58
1025.06
981.442
758.57
784.525
1101.09
942.046
916.854
1116.46
1112.92
679.043
868.536
917.526
913.462
791.388
380.568
208.831
205.781
204.852
204.084
203.192
202.475
202.164
229.739
349.462
373.84
344.453
259.922
201.941
201.78
201.564
201.256
201.141
201.739
203.113
204.517
274.037
672.336
951.867
991.107
1006.4
1023.7
745.458
743.414
810.554
1103.15
961.981
907.859
1103.13
1081.07
685.657
682.505
846.415
945.412
950.104
888.763
477.87
205.296
203.234
203.011
202.909
202.779
202.814
264.038
811.225
965.044
962.564
959.885
541.62
204.157
203.642
202.878
202.38
202.625
203.416
204.015
400.335
905.36
991.577
997.229
994.975
759.586
715.519
731.454
979.999
1117.51
976.204
901.645
1045.38
1027.2
688.162
687.814
686.899
845.615
977.895
978.573
957.944
536.617
203.123
202.086
202.682
202.819
202.992
265.954
800.687
971.725
971.307
970.717
964.535
902.148
627.1
256.024
202.87
203.154
203.878
204.416
450.124
852.061
968.078
826.319
699.694
692.62
705.921
803.333
1087.12
1106.56
1037.85
946.638
1026.52
1039.3
839.287
691.274
693.448
694.474
877.228
1004.12
1002.03
986.95
513.2
203.417
203.008
203.009
205.022
270.054
527.866
899.689
960.725
744.063
630.659
609.405
598.14
641.436
315.709
204.699
202.778
218.282
596.585
903.757
731.518
675.028
681.911
688.872
764.198
1039.21
1074.83
1088.51
1101.77
1106.55
1105.68
1105.61
978.069
839.169
697.468
701.231
703.171
941.831
1022.15
1017.25
1009.42
657.553
419.459
365.753
487.189
765.469
793.031
757.093
560.245
445.586
446.007
447.677
599.705
903.191
867.747
709.978
590.506
565.226
912.575
970.518
755.963
686.152
704.296
850.675
1008.87
1051.89
1055.97
1018.64
932.996
1073.09
1081.53
1085.26
972.266
1041.96
858.441
710.653
714.614
758.612
1030.77
1035.21
1027.94
1022.71
1021.12
1021.3
896.508
715.51
505.762
422.498
422.457
519.194
797.893
888.021
864.902
897.816
902.61
913.404
932.621
965.118
977.794
984.931
980.024
935.921
995.246
1036.48
1045.13
1045.65
948.296
764.099
780.272
1057.24
1068.43
1073.7
846.523
1046.21
1060.4
976.119
773.497
771.286
863.739
1048.08
1044.18
1041.41
1035.6
892.345
425.24
422.581
418.859
415.622
773.239
916.76
906.822
903.422
902.731
903.177
875.463
543.008
460.538
791.383
990.824
995.328
996.301
998.475
1035.77
1038.82
1043.91
981.294
775.816
771.985
976.257
1057.59
1057.25
1067.23
783.713
1051.99
1062.99
1070.08
1071.34
890.043
844.835
841.78
1058.97
1053.94
1047.59
963.47
507.41
426.274
422.025
418.326
585.139
946.925
938.502
900.515
745.734
562.909
434.011
433.057
435.303
435.401
588.675
688.767
597.193
542.532
727.897
909.178
931.687
868.227
901.618
949.865
1028.28
922.489
795.116
916.657
851.724
1064.14
1071.76
1077.19
1081.19
1084.44
903.411
810.753
826.042
1065.35
1063.53
1060.91
984.061
494.048
425.902
425.103
423.548
422.327
423.896
558.537
762.865
766.072
639.855
439.399
440.574
439.879
440.236
441.608
444.614
447.757
451.103
457.765
566.469
919.292
1038.78
1038.97
838.851
692.194
691.855
693.24
974.497
1073.21
1080.69
1085.6
1089.28
1092.05
1093.17
858.456
520.066
967.891
1071.96
1075.1
1078.43
1026.24
532.97
432.085
432.054
431.556
430.814
429.967
671.035
780.625
781.121
775.406
721.271
460.219
448.473
451.179
454.294
457.014
459.49
461.939
460.503
766.719
992.837
1037.55
943.82
695.162
696.53
699.234
1059.85
1090.44
1086.9
1096.78
1099.41
1100.26
1090.57
860.856
454.557
468.653
934.972
1085.36
1093.21
1100
957.273
452.367
437.951
438.981
438.07
436.943
436.198
457.928
563.085
628.912
723.858
748.28
749.483
716.467
619.045
565.55
564.41
611.887
691.496
827.758
1036.5
1056.08
1056.31
746.996
705.632
707.166
1092.19
1107.35
1091.52
1108.62
1113.69
951.088
745.251
626.682
440.139
437.918
432.435
682.228
1094.84
1111.15
1118.4
843.027
518.88
512.379
594.561
436.76
435.932
435.873
436.703
438.596
442.312
456.279
602.09
903.6
1065.36
1040.48
1034.84
1049.37
1068.48
1073.57
1070.92
1067.19
895.831
714.904
713.632
899.565
948.346
1123.79
1110.15
1060.83
907.381
627.858
285.064
549.109
702.099
701.286
433.425
435.085
503.931
1067.27
1128.31
1131.52
1097.63
961.096
938.336
933.96
782.441
727.472
689.736
663.841
578.866
573.564
622.829
962.513
1071.99
1075.68
1078.14
1079.37
1078.6
1076.44
1073.69
861.213
724.314
724.42
917.68
913.591
712.149
1018.33
990.578
527.509
268.236
219.722
216.596
216.251
564.641
710.82
480.039
434.176
434.974
728.975
1134.79
1137.5
1134.99
992.079
957.096
1107.46
1113.55
1116.66
1123.58
1114.32
1067.65
988.148
957.516
821.113
929.863
950.417
912.438
843.643
758.816
747.777
733.133
724.156
725.23
942.713
970.135
859.334
1083.74
614.02
215.022
214.812
215.446
216.029
216.368
216.156
318.167
712.081
752.239
492.13
444.698
886.607
1139.77
1140.43
1140.14
1103.34
982.811
983.363
1013.6
1121.61
1128.42
1125.88
1122.58
908.397
743.412
731.984
726.709
721.835
718.151
717.428
717.647
717.78
828.119
1031.41
1091.67
1118.65
1004.74
858.348
1086.29
962.296
517.325
333.254
213.868
212.879
214.237
350.353
726.435
687.095
682.247
720.691
466.145
1096.45
1143.53
1142.51
1141.58
1140.5
1060.1
985.891
986.966
1064.8
1127.33
1125.3
1117.21
829.704
730.202
731.076
805.59
928.735
820.938
775.817
804.817
976.818
1110.27
1118.44
1118.18
1116.9
1098.47
1049.4
1076.99
1072.93
1075.69
982.851
797.057
965.078
1025.57
1095.29
927.192
714.882
973.837
1043.38
991.757
1152.62
1148.27
1144.26
1141.33
1139.51
1138.32
1103.49
1062.71
1128.31
1127.91
1127.47
1127.8
1092.53
1005.74
1034.58
1103.37
1107.09
1111.53
1115.25
1120.7
1122.74
1120.04
1116.99
1114.64
1107.64
1090.8
1085.38
403.158
549.962
778.212
887.342
955.914
996.766
1083.83
1086.76
962.077
1040.49
1093.65
1126.43
1138.63
1135.18
1102.47
1083.92
1085.96
1094.61
1085.28
1065.08
1050.28
1055.84
1057.09
1068.92
1073.88
1062.59
1019.7
990.091
976.846
968.086
949.536
888.135
795.709
764.914
744.66
669.974
586.378
491.435
437.727
418.484
0.836922
0.893705
1.08511
70.5645
183.228
453.109
1042.29
1079.31
1086.09
1086.52
1088.65
1052.01
608.641
235.454
113.805
78.3391
91.0126
120.854
135.561
136.223
98.7695
78.5412
75.3309
93.5627
133.75
195.893
226.801
227.814
226.795
226.093
197.622
146.565
110.275
91.3892
69.7342
49.2381
36.8298
30.5717
22.2627
7.63165
0.885971
1.01471
12.3961
215.162
662.021
1064.12
1060.74
1047.44
935.464
929.164
778.556
398.195
37.875
2.1354
0.891691
0.518349
0.469227
0.450805
0.44033
0.437575
0.441126
0.440904
0.436973
0.42858
0.410122
0.398003
0.414482
0.429832
0.389646
0.32979
0.310333
0.307326
0.310579
0.322596
0.397622
0.326496
0.418789
0.5268
0.58281
0.706732
0.720039
0.681428
91.1492
574.644
677.823
650.835
541.918
348.07
177.811
164.956
75.9299
3.99711
1.19534
0.649437
0.52585
0.479061
0.488829
0.532342
0.516731
0.393786
0.395975
0.397759
0.394647
0.392456
0.389914
0.388018
0.410419
0.44054
0.404027
0.317989
0.302434
0.299638
0.297246
0.298882
0.314521
0.318495
0.304073
0.314633
0.494953
0.618022
0.621296
1.20859
2.85586
52.0008
296.077
68.8018
6.98946
2.49612
2.85399
1.70455
1.62674
1.31493
1.11619
0.987538
1.58401
3.97358
3.96045
3.31671
5.9293
5.0863
3.13678
1.87679
0.415402
0.35416
0.359066
0.357282
0.445172
0.429197
0.408685
0.308961
0.294281
0.291149
0.289841
0.289286
0.306327
0.318596
0.307271
0.308013
0.387936
0.684134
0.323893
0.511862
0.571515
0.199634
9.84175
78.2289
1.27179
0.785077
0.698486
0.673037
0.97686
2.47311
3.57945
3.71074
3.79712
3.8352
3.45365
1.95676
5.67897
11.6452
11.7843
12.0006
6.3386
0.917892
0.344459
0.355179
0.514899
0.382662
0.290944
0.283409
0.280862
0.279901
0.279238
0.278362
0.279146
0.30715
0.339002
0.298797
0.308096
0.631518
0.26611
0.261048
0.279504
0.313137
3.54433
77.1663
0.70805
0.601991
0.557302
0.507545
1.10988
3.53355
3.48604
2.06758
-0.0376989
-0.000606862
0.07354
0.141546
0.176652
0.847833
11.6748
12.1114
12.2156
5.86787
0.392096
0.346236
0.500399
0.48963
0.269167
0.26559
0.264907
0.264753
0.264816
0.265513
0.265362
0.274218
0.383993
0.373781
0.325769
0.661168
0.212335
0.190551
0.207748
0.23017
1.62413
20.5913
3.58053
0.561303
0.552983
0.496665
0.417288
1.33435
1.97424
0.609203
-0.117795
-0.0473396
0.0408771
0.110679
0.139684
0.133362
8.00702
12.3057
12.4967
8.55109
0.435589
0.311756
0.459693
0.472198
0.362094
0.246117
0.247402
0.249148
0.253091
0.277357
0.258454
0.297229
0.377196
0.378331
0.342539
0.981283
0.204789
0.135364
0.161467
0.189716
2.16736
15.2635
15.9259
0.578306
0.58095
0.537124
0.466229
0.387872
0.322247
0.307922
0.340887
0.485652
0.158305
0.132399
0.119823
0.107899
8.19118
12.348
12.5962
3.32102
0.265366
0.270047
0.292876
0.448605
0.448201
0.448566
0.427133
0.334934
0.255023
0.247392
0.260089
0.331994
0.334406
0.294732
0.493519
0.975089
0.623223
0.152286
0.161594
0.180363
9.48669
21.8928
21.766
4.85151
1.89188
2.71998
3.57339
3.67457
6.50044
6.99533
6.87442
1.88224
0.239071
0.243752
0.271432
0.141947
2.17648
11.9587
2.86285
0.205099
0.216308
0.226617
0.207381
0.2094
0.287064
0.368568
0.27131
0.226167
0.229205
0.235617
0.240494
0.252275
0.256506
0.260355
0.324281
0.96927
1.51645
0.608929
0.507366
1.50797
5.80152
20.9272
22.0245
11.1229
8.14787
7.9028
7.55318
7.37498
7.30572
7.30151
4.0941
0.353354
0.345391
0.688047
0.692052
0.226974
0.133267
0.119178
0.166416
0.532336
0.571294
0.171341
0.182497
0.189931
0.195593
0.200686
0.206111
0.211946
0.217621
0.223408
0.228652
0.250449
0.356893
0.642278
1.06968
0.987221
1.52346
1.78591
1.97076
2.10206
2.24785
2.2013
4.49813
2.24922
1.71386
3.19451
4.22285
3.48994
2.80846
1.84858
0.381308
0.367202
0.371264
0.640261
0.622282
0.179283
0.16189
0.163613
0.368256
0.97027
1.02608
1.06702
0.661846
0.309954
0.467619
0.478763
0.314669
0.319844
0.311065
0.300362
0.633034
1.21194
1.21723
1.21608
1.20998
0.970231
0.71619
0.35247
0.557801
0.394061
0.156586
0.130185
0.156402
0.486597
0.424849
0.144441
0.122825
0.315382
0.746342
0.612864
0.428897
0.399
0.383215
0.204439
0.154784
0.137658
0.171218
0.309026
0.21587
0.259988
0.588413
1.06004
1.07591
1.0875
1.09499
1.10076
1.10539
1.11194
1.12025
1.12041
1.11674
1.09924
1.02764
1.19324
1.19022
0.849459
0.588531
0.19076
0.17936
0.179028
0.16055
0.142011
0.135719
0.129481
0.116756
0.115487
0.117886
0.185915
0.589497
0.639066
0.506554
0.40186
0.220784
0.132568
0.13458
0.135959
0.152377
0.367076
0.354825
0.229831
0.156979
0.159213
0.147307
0.105036
0.112962
0.149475
0.232332
0.830436
1.10133
0.590905
0.392194
0.193833
0.143472
0.357085
0.773209
0.862617
0.168603
0.16788
0.167021
0.188287
0.172857
0.133287
0.126066
0.119667
0.116674
0.114943
0.134672
0.19973
0.264818
0.367365
0.28756
0.200754
0.140971
0.156427
0.181144
0.171421
0.345034
0.371085
0.368026
0.365024
0.233406
0.0973713
0.0992273
0.102547
0.107321
0.109605
0.109292
0.111018
0.116505
0.122366
0.124759
0.127836
0.131287
0.135028
0.154281
0.872302
0.402487
0.175511
0.152652
0.156047
0.202618
0.18419
0.194657
0.128692
0.11692
0.122693
0.151971
0.139132
0.109089
0.102972
0.189497
0.193336
0.110061
0.0975377
0.0984926
0.129105
0.299328
0.372791
0.272253
0.173999
0.113302
0.208414
0.369103
0.171431
0.105756
0.108172
0.114289
0.113955
0.115286
0.144965
0.17833
0.155955
0.13488
0.199628
0.208193
0.874521
0.310764
0.151264
0.298776
0.599825
0.295742
0.454384
0.45104
0.235477
0.11677
0.116278
0.114553
0.108802
0.10508
0.101015
0.0974331
0.0945771
0.0920438
0.0903596
0.0892882
0.0962141
0.103028
0.100773
0.0940152
0.0944499
0.0984191
0.375733
0.485799
0.488098
0.388358
0.121865
0.1108
0.113067
0.11975
0.175006
0.177809
0.152791
0.135035
0.647663
0.704841
0.557699
0.289659
0.224113
0.929628
0.938791
0.316567
0.493521
0.313249
0.124538
0.117292
0.11556
0.11241
0.1083
0.103141
0.0968028
0.0904164
0.0876283
0.0839757
0.0812752
0.0804477
0.0805189
0.0817406
0.0847174
0.0887528
0.0928487
0.298582
0.485299
0.487131
0.489307
0.492257
0.352401
0.111397
0.113133
0.115199
0.163176
0.144667
0.147825
0.418515
0.836632
0.841483
0.42923
1.05081
1.04892
1.04373
0.744035
0.173698
0.172722
0.125194
0.121772
0.119979
0.116582
0.111635
0.129523
0.23592
0.374489
0.441698
0.316799
0.0795487
0.0733621
0.073173
0.074173
0.0768938
0.0814486
0.0864742
0.0938315
0.477006
0.486797
0.486799
0.489348
0.481563
0.176794
0.108792
0.112186
0.114455
0.123425
0.125449
0.332528
0.83053
0.8315
0.832314
0.419925
1.06233
1.0592
1.05537
0.913407
0.155852
0.129623
0.122758
0.173109
0.203166
0.128942
0.262029
0.723213
0.851973
0.838423
0.803026
0.380899
0.0644784
0.0652069
0.0666306
0.0693739
0.0737038
0.0792416
0.0848111
0.226412
0.431201
0.337428
0.241778
0.185533
0.119524
0.106083
0.10818
0.112666
0.119348
0.119941
0.48352
0.830126
0.829468
0.828662
0.632024
0.219212
1.064
1.05611
0.903873
0.966969
0.941199
0.685395
0.865761
0.84106
0.401967
0.499871
0.880202
0.86741
0.853673
0.827408
0.496456
0.0547093
0.0570062
0.0594452
0.0619895
0.0660829
0.0714295
0.0769676
0.0844149
0.188575
0.217498
0.220273
0.252465
0.362546
0.331189
0.265107
0.371162
0.525964
0.720285
0.746744
0.74523
0.643803
0.698254
0.441887
0.173683
0.174446
1.05076
0.493761
0.364478
0.939118
0.937787
0.936419
0.93374
0.920222
0.556574
0.875664
0.870025
0.860774
0.832893
0.286228
0.0500526
0.0516052
0.0542939
0.0569554
0.0594817
0.062858
0.0676615
0.340159
0.967053
0.97058
0.974375
0.93705
0.880439
0.921261
0.930245
0.937838
0.941464
0.939372
0.881425
0.528303
0.467249
0.351523
0.347059
0.246965
0.170659
0.171108
0.496363
0.0902619
0.0694834
0.315218
0.358358
0.410826
0.866435
0.874837
0.866109
0.86447
0.860285
0.857175
0.655194
0.0875586
0.049354
0.0513543
0.0535392
0.0548056
0.0549634
0.151273
0.879847
0.962158
0.961636
0.962283
0.964842
0.968331
0.966818
0.536482
0.439939
0.539468
0.537959
0.50692
0.536524
0.499074
0.464833
0.489601
0.494408
0.718473
0.86938
0.531923
0.440256
0.0678277
0.0439002
0.0212748
0.00176493
-0.00593522
0.0112847
0.0602205
0.563713
0.839785
0.842593
0.840067
0.835147
0.318253
0.0477841
0.0507747
0.0532666
0.0538462
0.0699206
0.713191
0.962368
0.960074
0.95772
0.957189
0.960398
0.937377
0.118459
0.0604803
0.0620112
0.0624302
0.0629514
0.0642194
0.0656624
0.407368
0.90129
0.933515
0.937096
0.938103
0.938452
0.938644
1.216
0.812551
0.0733552
0.0121837
-0.00149834
-0.00709891
-0.00832087
-0.000391581
-0.00297139
0.00540221
0.46726
0.828062
0.829673
0.829488
0.556727
0.0487359
0.0654768
0.0611049
0.0605565
0.134317
0.503097
0.965942
0.962446
0.961922
0.967073
0.557891
0.0498553
0.0527564
0.0545997
0.055848
0.0568763
0.0576149
0.0575114
0.0589675
0.0636783
0.304006
0.474513
0.792729
0.746269
0.758376
1.21566
1.21118
1.18624
0.298383
0.00342559
-0.00127622
-0.00170743
-0.00167197
-0.0014977
0.000714134
0.0094401
0.298403
0.818365
0.821342
0.816675
0.816679
0.794857
0.276991
0.226089
0.249585
0.168818
0.224048
0.23976
0.2815
0.534908
0.18827
0.0621905
0.0941264
0.0488913
0.0595752
0.0640313
0.0523658
0.0528872
0.0527652
0.0602251
0.0679871
0.0712333
0.0568492
0.0749066
0.0883159
1.20946
1.20465
1.19611
1.18802
0.29774
-0.000563977
0.000646737
-0.000107815
-0.00100406
-0.000169814
0.0283466
0.2889
0.333772
0.457655
0.693041
0.434594
0.479148
0.671493
0.680799
0.681644
0.550834
0.418983
0.46087
0.16412
0.0403933
0.0429408
0.0603216
0.12083
0.120335
0.198267
0.213655
0.106861
0.0734285
0.0545533
0.0771459
0.0986194
0.0732647
0.0450798
0.044981
0.0448765
0.507219
0.963057
1.18834
1.18167
0.254189
-0.000542007
0.000867744
0.000766875
0.00106345
0.00251382
0.00537488
0.365544
0.461285
0.17899
0.016673
0.0152201
0.0432898
0.340679
0.454779
0.492492
0.620993
0.624579
0.624676
0.147266
0.0359191
0.0386376
0.0904468
0.123206
0.208703
0.210029
0.21107
0.211994
0.212798
0.170932
0.0943622
0.0955065
0.0953279
0.0452332
0.0412952
0.0412905
0.00788581
0.317687
0.922999
0.524303
0.0136756
0.00169004
0.00298794
0.00407
0.00522581
0.00731674
0.00988471
0.407248
0.484909
0.485044
0.312325
0.012709
0.0122335
0.00740665
0.0104806
0.012773
0.104155
0.125197
0.0522723
0.234492
0.18424
0.031704
0.0839964
0.065538
0.203607
0.205232
0.206418
0.207659
0.208704
0.209563
0.196783
0.0723341
0.0914628
0.0523381
0.0374366
0.0374467
0.00381377
0.0596618
0.436766
0.663212
0.486171
0.161186
0.0111967
0.0112265
0.0110235
0.012056
0.0594075
0.487378
0.491205
0.3221
0.00915973
0.0101116
0.0109495
0.0154672
0.00900943
0.0113887
0.0126936
0.027756
0.0177586
0.0228958
0.0533139
0.0272154
0.0449965
0.0431837
0.167169
0.16511
0.142354
0.183459
0.204957
0.20626
0.207251
0.0680161
0.0355714
0.0498778
0.0338136
0.0338449
0.0101062
0.00815106
0.288604
0.708998
0.7155
0.708961
0.295357
0.0128921
0.0141505
0.0153287
0.0835282
0.497583
0.49867
0.25506
0.00932739
0.00954006
0.0158695
0.0129257
0.0110709
0.0132578
0.0177683
0.0311609
0.0245966
0.0172262
0.0179669
0.0188122
0.0181194
0.0239042
0.0462439
0.0199561
0.0214183
0.0256285
0.125218
0.204181
0.205546
0.166331
0.0304144
0.0311813
0.0307976
0.0313984
0.0331243
0.00871754
0.0514114
0.623959
0.719614
0.690597
0.255199
0.0152016
0.0173065
0.0178599
0.0251275
0.384314
0.36365
0.0562168
0.0122643
0.013297
0.0635187
0.0606674
0.0158965
0.0146758
0.0159367
0.0249852
0.029762
0.0258983
0.0175505
0.0174635
0.0170439
0.0218881
0.0167585
0.017722
0.0185586
0.0192273
0.0198589
0.0879971
0.205312
0.20515
0.0405789
0.0272869
0.0291026
0.0441652
0.122116
0.00830977
0.00854581
0.227975
0.692177
0.232108
0.0418652
0.0173113
0.0209454
0.0349435
0.0368444
0.0473038
0.0314269
0.015906
0.0166955
0.018092
0.0694105
0.143883
0.0371954
0.0162135
0.0158403
0.015977
0.0163844
0.0167284
0.0168919
0.0169662
0.016128
0.019048
0.0166263
0.0166324
0.016938
0.0175285
0.0180871
0.0187019
0.102432
0.206829
0.0528043
0.0238532
0.02558
0.0417561
0.123193
0.00685284
0.00900524
0.0131044
0.0587495
0.0173503
0.0366924
0.0456336
0.0657847
0.143389
0.139309
0.0520419
0.0205723
0.0201639
0.0202908
0.0209219
0.0748978
0.216391
0.125178
0.0303333
0.0211075
0.014812
0.0150016
0.0151516
0.0153248
0.0153
0.0151765
0.0161143
0.0200279
0.0168459
0.0156922
0.0161405
0.016573
0.0169577
0.0172254
0.118146
0.0481682
0.0219189
0.0227313
0.0394741
0.0823687
0.0504105
0.0112066
0.012883
0.015059
0.0175129
0.0222912
0.0318179
0.127027
0.14371
0.14401
0.0438693
0.0219114
0.0219222
0.0327059
0.199487
0.21431
0.214745
0.215174
0.0901289
0.0252273
0.0158488
0.0212386
0.0256469
0.0229535
0.0189473
0.0199045
0.0201387
0.0202888
0.0160342
0.0143726
0.0147057
0.0150471
0.0154056
0.0157814
0.016087
0.0534938
0.0197842
0.0212601
0.0375396
0.102781
0.128407
0.103659
0.0382647
0.0181006
0.0192688
0.0207946
0.0221082
0.120265
0.108798
0.0409634
0.0307046
0.0462882
0.185012
0.210771
0.208715
0.0810949
0.0219797
0.0240989
0.0206454
0.0241445
0.0446261
0.0460727
0.0462066
0.0463528
0.0464753
0.0392516
0.0183247
0.012407
0.012601
0.012827
0.0130625
0.0132867
0.0134892
0.0139054
0.0279821
0.0669645
0.041376
0.0163611
0.0269973
0.065888
0.130806
0.131547
0.118804
0.10362
0.144884
0.154629
0.205365
0.248481
0.247879
0.23842
0.131406
0.0741408
0.070136
0.0586904
0.0457754
0.0286183
0.0173292
0.0173258
0.0174238
0.0240603
0.0448136
0.0448498
0.0448773
0.04491
0.0394479
0.0163129
0.0104798
0.0106547
0.0108173
0.0109663
0.0110938
0.0112072
0.0113062
0.0123677
0.0521897
0.0643182
0.0607649
0.0117174
0.012211
0.0107762
0.0557937
0.0660019
0.0908387
0.246318
0.24713
0.247937
0.248735
0.248945
0.208456
0.164648
0.0669153
0.0161389
0.0242938
0.0624736
0.0673517
0.0724424
0.0723184
0.0441137
0.0157696
0.0205888
0.0413836
0.0391123
0.0234319
0.010335
0.00847495
0.00854909
0.00864796
0.00874627
0.00883387
0.00891328
0.00898817
0.00905827
0.00912114
0.00942553
0.0374404
0.0630808
0.0402357
0.00939009
0.00969229
0.00950978
0.00820927
0.00967011
0.15987
0.246778
0.246914
0.246854
0.204072
0.151275
0.025296
0.0120665
0.00622305
0.00557051
0.0176489
0.0702147
0.0712464
0.0714391
0.0651709
0.0417031
0.0266342
0.00635339
0.00629029
0.00634676
0.00642211
0.00650289
0.00657386
0.00664383
0.00671361
0.00677837
0.0068345
0.00688058
0.00691676
0.00694516
0.0069586
0.00693815
0.00687351
0.0504045
0.0280896
0.00715103
0.00755162
0.00183331
0.00438624
0.134797
0.245684
0.246889
0.121644
0.0802714
0.0130654
0.00642564
0.00321454
0.00339977
0.00361189
0.00367369
0.00611158
0.00600767
0.0522639
0.0505926
0.0084288
0.00457296
0.00436026
0.00448277
0.00457484
0.00460204
0.0046351
0.00467473
0.00471612
0.00475741
0.00479724
0.00483349
0.00486396
0.00488758
0.00490466
0.00491486
0.00491874
0.00492239
0.00492383
0.00540671
0.0237102
0.00488248
0.00527051
-0.000288529
0.0647178
0.148339
0.150149
0.0141404
0.000604356
0.00155143
0.00249115
0.0020751
0.00200258
0.00215224
0.00231818
0.00239321
0.00228418
0.00213077
0.0221146
0.00589812
0.00246671
0.00259361
0.00264884
0.00270752
0.0027399
0.00277241
0.00279865
0.00282232
0.00284497
0.00286626
0.00288548
0.00290159
0.00291343
0.0029198
0.00291986
0.00291151
0.00288804
0.00287205
0.00280339
0.00278839
0.0114902
0.00268066
0.00272076
-0.00388024
0.0473846
0.0132084
-0.00770063
-0.00543899
-0.00320741
-0.0018563
-0.000898433
-0.00024189
0.000170867
0.000404151
0.000536313
0.000588367
0.000554491
0.000652082
0.0021971
0.000928715
0.000765949
0.000892996
0.000872783
0.000912952
0.000934187
0.000948299
0.000956458
0.000963963
0.00096988
0.000974015
0.000976268
0.000976299
0.000973432
0.000966481
0.000953352
0.000930632
0.000882175
0.000830071
0.000583394
0.000746226
0.00317279
0.000633064
0.000456758
1030.98
1031.03
1031.99
1032.43
1030.9
1028.76
1028.36
1028.6
1028.92
1029.16
1029.29
1029.28
1029.24
1028.72
1029.91
1028.9
1029.53
1025.44
1027.09
1023.47
1023.51
1021.72
1020.33
1018.4
1017.72
1016.98
1016.39
1015.76
1014.81
1013.67
1012.64
1011.82
1011.25
1010.77
1011.31
1010.82
1011.27
1011.76
1012.36
1012.6
1028.1
1028.1
1028.73
1033.2
1028.97
1028.7
1025.89
1028.57
1029.28
1029.74
1030.03
1029.78
1029.62
1028.72
1027.92
1027.21
1024.07
1024.34
1023.19
1022.51
1023.63
1022.44
1020.63
1018.31
1016.53
1015.33
1014.48
1013.98
1013.37
1012.63
1011.73
1011.14
1010.62
1010.31
1010.13
1010.2
1010.78
1011.28
1011.86
1012.46
1027.97
1027.4
1028.6
1032.06
1022.61
1025.68
1021.13
1025.05
1027.41
1028.04
1028.94
1029.39
1030.13
1028.37
1028.94
1025.27
1021.78
1020.76
1019.94
1021.14
1021.92
1020.84
1017.36
1012.47
1011.26
1011.54
1012.83
1012.46
1011.93
1011.29
1010.32
1009.49
1008.74
1008.29
1008.95
1008.98
1009.25
1009.94
1010.38
1010.6
1028.51
1026.84
1030.87
1029.04
1021.23
1015.9
1014.75
1013.92
1013.45
1026.03
1029.61
1027.53
1027.43
1029.23
1027.81
1023.24
1020.49
1019.61
1021.6
1020.57
1018.95
1014.11
1006.42
1006.62
1005.94
1005.53
1013.26
1012.29
1011.45
1010.56
1009.79
1008.93
1008.02
1007.91
1008
1008.16
1008.19
1008.2
1008.22
1007.82
1033.48
1034.06
1034.11
1029.33
1029.44
1031.12
1027.6
1008.5
1007.44
1006.67
1025.56
1026.83
1025.85
1026.03
1026.84
1024.04
1021.06
1020.14
1017.96
1015.13
1004.81
1000.61
999.947
999.719
1002.87
1013.57
1012.24
1010.75
1009.82
1009.66
1009.75
1009.89
1009.74
1009.66
1009.75
1009.65
1009.16
1008.43
1006.72
1006.02
1032.19
1030.95
1029.49
1028.24
1026.95
1026.85
1026.08
1025.07
1007.31
1002.18
1003.7
1023.83
1023.26
1020.17
1023.41
1023.21
1021.1
1018.56
1015.81
1006.2
994.601
993.155
991.144
999.472
1000.5
1007.56
1007.47
1004.26
1005.45
1009.43
1010.53
1011.45
1011.96
1012.13
1012.28
1011.99
1010.94
1008.06
1006.44
1004.82
1025.84
1024.92
1022.77
1020.41
1019.21
1020
1021.56
1021.41
1021.22
1002.19
998.551
999.676
1002.61
1010.03
1015.4
1016.71
1017.73
1016.28
1014.19
1005.16
989.668
987.08
990.78
995.322
994.474
995.199
996.746
999.671
1002.05
1004.86
1011.58
1013.21
1014.08
1014.51
1014.61
1014.05
1012.57
1009.06
1006.56
1003.86
1022.08
1016.94
1013.11
1012.41
1014.13
1016.69
1017.57
1017.96
1018.73
1019.95
997.127
994.285
993.201
991.045
997.476
1008.8
1011.73
1012.86
1010.88
1006.01
990.77
978.173
973.861
979.712
984.008
991.752
998.776
1003.46
1002.59
1003.92
1005.71
1014.03
1015.72
1016.43
1016.75
1016.18
1014.3
1011.58
1008
1004.01
1018.55
1010.55
1010.21
1009.67
1015.67
1015.25
1014.54
1014.56
1015.22
1016.44
1016.6
1005.64
983.827
982.755
980.983
1004.55
1008.39
1009.24
1007.17
1004.32
1001.21
990.931
983.334
979.415
980.385
982.585
995.295
1004.39
1008.17
1010.74
1006.47
1008.49
1013.22
1017.2
1017.62
1017.2
1015.8
1013.47
1009.08
1006.48
1010.85
1008.6
1008.28
1009.1
1012.59
1012.94
1011.74
1011.01
1010.76
1010.55
1010.9
1010.21
998.745
984.892
994.125
1008.71
1010.64
1009.6
1007.43
1005.36
1003.44
1001.87
1000.95
997
991.371
992.957
1001.73
1006.87
1010.01
1012.59
1014.8
1008
1009.33
1014.99
1017.49
1017.54
1016.84
1014.96
1011.09
1006.38
1008.05
1007.46
1008.01
1013.63
1011.05
1011.27
1009.41
1007.43
1004.7
1000.89
996.843
992.679
985.948
982.48
996.627
1007.43
1010.41
1009.41
1008.2
1006.75
1004.99
1003.32
1002.63
1002.77
1004.12
1005.9
1007.26
1008.73
1010.94
1012.94
1014.96
1016.52
1008.51
1009.41
1012.68
1017.69
1017.73
1016.46
1014.25
1000.72
1012.18
1007.39
1015.18
1014.55
1012.95
1010.64
1008.67
1006.33
1001.71
993.875
982.194
935.748
894.538
895.257
930.686
978.248
993.528
986.896
982.066
968.15
948.007
932.038
942.381
981.04
1008.94
1006.74
951.71
967.34
1009.74
1012.26
1014.63
1016.44
1017.88
1009.49
1010.37
1015.36
1018.87
1017.79
1016.66
1004.88
1018.98
1009.07
1016.47
1014.77
1013.07
1004.11
1005.5
1007.15
1006.26
999.831
978.067
885.102
878
883.734
892.478
901.241
909.911
911.846
911.361
910.554
909.536
907.96
905.297
902.816
909.227
906.013
901.644
898.574
898.559
970.314
1016.64
1017.14
1017.87
1017.82
1010.74
1011.54
1020.81
1020.56
1019.15
1014.62
1021.81
1020.92
1019.41
1016.17
996.391
970.181
972.287
1002.32
1015.36
1013.85
1012.23
992.498
904.719
898.265
904.406
914.846
919.816
920.007
931.47
957.103
936.492
907.773
906.254
925.552
1011.87
951.101
894.864
893.378
891.535
889.862
905.38
994.87
1018
1019.88
1019.93
1014.32
1019.29
1024.14
1023.31
1016.99
1027.96
1027.32
1025.86
1017.03
948.447
936.216
961.25
1023.64
1023.11
1022.56
1023.19
1025.63
1019.8
1010.3
1018.95
1023.03
1025.91
1028.76
1035.61
1041.34
1037.1
1026.28
1015.42
1022.09
1032.65
1031.49
981.884
888.469
888.145
887.668
887.105
886.138
961.954
1021.48
1024.07
1017.8
1019.6
1027.32
1026.93
1022.67
1033.1
1034.76
1033.81
1018.7
936.457
935.618
953.455
1029.71
1027.97
1027.46
1028.64
1031.65
1035.8
1039.97
1043.22
1045.1
1045.76
1045.56
1044.58
1043.08
1040.72
1038.04
1035.34
1033.47
1032.34
1031.41
1030.37
1013.45
908.366
884.534
885.034
884.359
952.354
1023.53
1024.99
1026.31
1022.32
1028.14
1028.82
1027.6
1029.33
1040.55
1040.92
1039.98
980.485
935.458
933.244
935.614
1010.42
1029.21
1027.05
1030.14
1033.2
1035.99
1038.2
1039.96
1041.45
1041.17
1040.71
1039.82
1037.73
1035.86
1034.51
1030.94
1027.07
1026.11
1027.53
1028.76
1020.66
980.732
940.05
959.791
1010.84
1022.93
1024.04
1025.29
1025.99
1013.12
1023.83
1027.13
1030.9
1038.78
1039.5
1044.89
1044.46
968.72
935.336
932.924
930.959
934.173
965.843
1030.84
1031.27
1031.67
1032.54
1034.17
1036.01
1036.72
1031.96
1029.24
1033.38
1033.97
1032.54
1031.41
1027.71
1024.71
1024.23
1026.8
1029.03
1028.14
1025.79
1023.75
1017.27
1012.52
1020.33
1021.72
1022.54
1003.35
1003.35
1024.28
1031.7
1038.08
1039.07
1040.39
1044.7
1044.67
1040.57
1021.84
1011.64
1015.85
1022.42
1026.02
1025.72
1023.51
1022.85
1024.41
1026.3
1029.33
1032.01
1024.4
1021.55
1019.87
1028.76
1028.19
1026.64
1026.9
1026.03
1025.6
1024.65
1023.03
1020.67
1018.02
1007.9
997.214
1012.81
1019.75
1012
995.363
997.214
1014.06
1030.91
1039.35
1046.53
1042.28
1041.1
1040.39
1038.41
1035.16
1035.46
1034.72
1031.18
1027.96
1025.16
1020.32
1016.19
1014.78
1020
1024.01
1022.62
1011.55
1021.04
1026.14
1025.67
1010.74
1020.56
1024.84
1023.89
1022.74
1021.03
1019.32
1017.48
1013.07
991.883
993.143
1010.45
1017
991.593
993.184
995.215
996.571
1028.82
1041.14
1045.62
1046.25
1045.98
1044.63
1042.36
1030.81
1023.93
1020.85
1018.09
1026.28
1025.14
1022.56
1016.85
1015.28
1016.47
1018.94
1019.45
968.894
1002.65
1020.98
1019.83
999.951
1013.93
1018.07
1018.73
1018.98
1017.72
1016.74
1016.04
1011.95
990.61
992.177
995.204
1017.71
992.397
993.317
995.509
997.261
1030.31
1040.51
1041.96
1040.91
1040.01
1038.22
1035.48
1032.88
1025.49
1016.45
1014.71
1021.04
1023.42
1019.36
1015.05
1013.08
1013.76
1015.05
1012.15
947.681
958.833
1006.68
980.511
972.956
1000.63
1006.23
1010.65
1013.3
1013.69
1013.86
1014.63
1015.56
994.848
992.606
994.348
1013.48
1018.15
994.707
997.123
998.766
1030.37
1023.81
1001.09
1004.18
1028.28
1029.49
1026.76
1024.56
1023.15
1014.66
1020.45
1021.85
1020.77
1018.66
1013.03
1014.04
1013.83
1012.42
1009.37
961.556
848.666
836.772
829.494
888.73
981.3
998.403
1004.11
1007.01
1007.98
1009.66
1011.92
1014.5
1008.86
993.372
996.114
1016.13
1028.72
1024.06
1007.66
1019.04
1006.81
967.365
966.571
978.806
1024.27
1022.28
1020.22
1019.31
1019.35
1016.73
1017.26
1019.43
1018.29
1016.74
1015.03
1013.78
1011.69
1010.89
1009.1
920.659
826.851
825.004
821.85
819.157
893.628
1000.32
998.897
974.242
998.632
1005.76
1009.93
1013.6
1017.1
1005.25
1009.62
1026.06
1030.79
1034.34
1037.16
1039.74
962.518
961.164
988.891
1012.28
1017.66
997.386
991.806
1006.77
1004.83
1005.74
1011.1
1002.53
1003.89
1013.13
1011.88
1004.27
990.818
1006.42
1011.07
956.82
822.736
822.102
820.919
820.203
838.062
961.536
892.639
786.788
844.306
980.777
1009.9
1013.73
1017.81
1022.09
1026.1
1029.93
1034.05
1032.5
1039.81
1045.75
962.15
993.296
1038.22
1024.68
934.297
888.586
887.501
907.302
956.898
968.067
996.025
939.259
943.188
986.946
1007.83
976.939
933.238
991.709
1014.08
1014.08
857.693
821.627
817.105
848.625
966.005
868.409
781.356
779.366
779.178
874.206
999.701
1016.94
1020.44
1024.98
1029.55
1033.77
1038.31
1000.84
1011.76
1051.04
967.663
1042.41
1041.88
1005
888.442
886.79
884.477
887.519
967.191
995.731
978.954
923.97
824.837
775.292
805.448
875.16
905.041
993.673
1013.28
1012.67
926.221
841.215
813.656
873.217
976.203
920.608
776.605
776.748
776.98
800.643
1020.49
1021.58
1024.52
1028.24
1032.26
1024.9
1001.24
1005.25
1011.62
1063.04
1029.22
1045.29
1044.4
1015.4
892.456
888.806
886.308
999.76
1010.21
996.048
825.089
656.72
609.378
622.368
676.003
719.078
811.796
934.716
961.994
897.899
791.814
801.48
804.885
881.486
975.245
822.111
769.739
771.131
773.171
956.324
1023.97
1025.22
1029
1021.87
998.782
996.975
1004.43
1011.57
1053.99
1071.37
1048.93
1048.93
1048.86
1042.95
1008.12
897.874
894.641
1027.51
1023.08
914.46
573.018
571.187
641.807
839.729
844.26
834.893
738.695
738.116
740.119
744.124
832.929
959.208
1033.47
1019.77
871.734
768.706
768.975
828.483
1015.92
1031.81
1031.86
1032.15
998.288
992.652
999.756
1006.4
1026.24
1059.75
1076.31
1079.28
1053.2
1050.67
1052.85
1052.8
1052.63
1014.12
968.266
1034.26
1026.77
857.98
568.663
566.577
563.995
600.988
824.834
837.229
739.485
778.008
951.807
1038.17
1038.76
1038.19
1032.42
854.056
769.574
766.049
909.503
1037.68
1037.88
1038.28
1040.21
1024.75
996.979
1001.62
1019.7
1061.08
1072.98
1079.17
1083.06
1086.24
1047.82
1025.61
1049.63
1057.38
1057.38
1057.46
1048.38
969.714
970.713
958.601
624.613
564.762
563.978
562.488
560.671
617.523
971.159
1044.87
1043.41
1042.34
1041.38
1039.18
895.11
765.789
768.632
827.023
1041.46
1041.77
1042.16
1043.06
1039.62
998.095
1001.07
1027.23
1063.14
1070.36
1076.58
1081.92
1086.9
1045.34
1028.4
1028.51
1030.36
1062.57
1062.58
1063.01
1062.41
936.234
936.396
1021.6
837.325
563.097
563.972
563.328
562.699
713.897
1027.42
1048.55
1045.64
1044.3
1043.22
1000.89
772.546
762.674
762.971
831.848
1044.31
1044.42
1044.6
1030.14
996.001
998.601
1001.23
1052.65
1063.44
1069.22
1037.72
948.263
956.506
963.884
1032.74
1032.54
1031.94
1052.01
1067.88
1061.78
1036.9
994.515
948.451
1028.76
1029.52
876.943
568.407
625.625
936.511
1066.21
1061.75
1057.03
1052.45
1048.93
1046.71
973.621
759.486
759.951
759.539
827.29
1046.39
1045.13
1041.86
994.681
993.984
995.662
1016.03
1050.22
1034.57
910.914
922.104
941.571
1031.08
1040.32
1037.83
1037.42
1036.86
1038.25
1074.42
1038.73
879.077
845.872
994.469
1029.92
1031.17
906.267
724.795
1053.71
1077.18
1073.15
1067.86
1062.51
1058.98
1056.33
1054.01
1037.08
834.346
760.221
758.512
978.432
1046.75
1044.8
1043.25
1009
989.464
990.277
1009.72
1011.17
879.066
887.454
943.113
1008.43
1015.05
1024.37
1043.16
1047.12
1045.23
1045.99
1080.53
1021.97
839.992
839.366
836.778
956.025
1033.16
1003.57
823.835
1009.64
1082.36
1079.29
1075.17
1070.46
1065.67
1062.03
1059.69
1056.6
998.62
928.796
975.439
1048.38
1045.87
1043.19
1039.95
1036.89
1030.38
1023.13
913.82
786.389
832.335
977.549
984.628
987.116
988.059
884.514
1049.89
1086.47
1086.25
1079.7
1068.85
1053.88
899.579
841.832
840.87
841.081
981.435
1011.98
860.519
883.759
1054.81
1087.16
1083.43
1079.02
1073.95
1069.03
1062.24
1055.67
1055.58
1054.1
1050.54
1046.53
1043.19
1040.47
1036.46
1032.19
1029.07
985.014
763.034
716.122
953.676
963.239
966.867
912.278
633.371
632.719
1082.78
1089.57
1089.46
1090.08
1073.24
1068.43
1074.41
938.04
843.311
843.603
844.925
903.379
999.933
876.135
931.813
1095.38
1091.95
1087.27
1076.07
1076.79
1072.27
1066.15
1061.16
1057.1
1051.86
1046.59
1041.66
1036.53
1030.45
1012.89
949.319
935.054
795.714
610.868
575.997
633.033
563.738
537.578
546.677
629.012
1091.07
1090.96
1091.15
1091.91
1091.53
1083.06
1075.91
1073.8
1034.61
963.451
957.992
893.195
1014.43
926.012
860.205
1010.34
1100
1094.92
1078.24
1083.64
1078.77
1073.54
1067.73
1061.14
1054.82
1048.56
1041.32
1031.93
841.871
579.2
537.136
592.209
615.588
525.498
524.789
524.085
525.026
529.039
715.097
951.213
1090.75
1090.55
1091.3
1092.27
1093.32
1092.71
1076.01
1075.19
1085.21
1101.7
1104.69
1077.63
1011.77
1014.97
862.298
811.9
1082.81
1100.19
1083.59
1086.95
1084.13
1078.41
1072.7
1065.86
1058.13
1051.23
1042.89
924.754
553.441
529.68
526.078
522.499
520.466
519.881
518.043
632.041
739.243
867.611
1028.1
1022.08
1089.28
1088.79
1090.63
1091.43
1092.41
1092.61
1094.01
1083.09
1082.48
1097.03
1103.59
1104.97
1088.16
1085.32
1016.96
800.593
830.315
1080.34
1085.11
1081.77
1085.49
1079.32
1074.37
1068.87
1061.04
1054.24
1046.88
992.012
646.202
524.029
520.662
518.036
620.569
867.494
935.819
990.406
1004.18
1015.97
1030.6
1009.02
1089.21
1088.93
1090.88
1074.9
1066.65
1083.05
1085
1085.13
1082.42
1084.35
1098.24
1100.41
1102.15
1102.7
1103.02
881.368
802.566
848.852
1080.85
1075.22
1074.84
1078.6
1074.42
1068.45
1062.06
1055.04
1047.82
1039.17
963.811
771.788
723.947
852.732
962.392
964.712
963.624
887.38
621.054
617.464
945.657
991.193
1025.61
1021.78
1088.55
1082.65
953.642
853.603
935.111
1045.86
1069.66
1055.42
1059.11
1091.65
1095
1096.1
1096.9
1094.02
839.852
824.15
1004.72
1070.68
1071.18
1069.79
1067.17
1067.89
1062.33
1052.24
1043.52
1034.3
1024.83
977.942
1007.25
1006.71
998.371
929.31
586.867
453.648
450.454
447.46
614.238
967.45
900.892
899.969
967.903
1072.2
1056.14
744.527
629.038
693.786
1009.08
1050.58
999.883
1049.92
1085.59
1085.93
1085.89
1085.45
1070.25
809.867
865.985
1068.34
1062.17
1055.46
1053.36
1007.36
1058.34
1048.01
1035.2
974.87
788.433
821.453
1001.03
995.462
987.841
952.555
565.13
424.228
416.39
409.069
405.88
595.549
885.61
881.803
895.908
1032.47
1029.73
964.422
600.02
589.586
782.753
1039.81
982.794
1001.11
1066.82
1075.07
1074.43
1072.81
1070.56
1039.37
883.736
864.698
874.688
775.454
714.186
905.841
836.419
741.811
743.256
969.915
639.339
824.497
997.429
990.589
982.063
879.95
452.539
404.667
391.415
379.556
374.33
373.22
945.246
950.015
934.146
879.195
896.288
833.075
554.905
571.046
915.108
1028.83
962.645
997.538
1060.55
1065.03
1065.14
1064.16
1059.87
1056.74
930.22
579.503
542.995
538.456
536.169
634.469
827.151
649.298
641.449
638.518
619.694
932.244
993.617
985.35
980.082
940.359
546.7
397.217
382.735
369.379
362.91
363.77
947.798
943.992
901.706
506.172
446.273
471.514
565.011
682.386
979.868
1013.87
937.851
977.769
1053.08
1059.26
1061.09
1060.73
1055.15
1054.09
819.336
534.088
532.576
530.687
529.161
574.222
951.157
902.235
637.334
566.257
615.173
924.663
984.945
972.614
959.295
979.463
976.776
789.247
483.389
385.216
382.104
382.234
954.756
952.727
755.294
378.377
379.378
689.007
901.821
891.737
921.816
926.586
849.628
916.639
1057.93
1062.44
1063.95
1063.46
1061.48
1059.4
802.722
529.08
529.459
526.513
523.462
779.916
964.473
959.265
927.464
536.472
522.358
826.195
970.981
846.135
893.201
968.233
976.572
984.333
990.541
916.706
705.288
466.356
962.886
961.502
776.063
373.873
372.826
474.371
961.173
979.743
890.4
862.98
866.112
868.666
1058.36
1073.18
1072.14
1069.93
1068.19
1065.13
944.064
599.282
530.302
594.022
826.173
968.662
951.267
938.798
923.918
527.512
197.009
452.279
756.21
408.518
815.142
970.336
977.384
983.063
987.884
988.618
977.757
975.059
966.095
965.874
846.714
367.058
368.046
646.744
980.206
985.593
984.862
962.915
909.296
891.312
961.091
1066.28
1080.97
1076.17
1072.33
1052.56
1009.3
945.353
945.027
1002.27
995.476
958.2
822.848
576.134
419.332
335.001
131.267
134.848
171.547
273.268
894.494
984.212
982.817
925.71
813.772
653.929
486.43
508.761
964.697
833.103
728.169
473.155
383.161
895.176
988.05
991.917
994.288
967.058
972.003
984.851
1005.69
1067.24
1082.97
1078.92
1075.2
1051.98
1064.9
1061.27
1051.85
1043.89
948.061
538.047
227.828
134.826
128.561
128.855
127.083
127.523
125.473
362.466
967.592
998.772
973.508
847.983
520.283
215.917
186.152
187.078
885.781
393.755
323.938
455.305
435.359
700.212
808.048
945.43
1024.81
1018.47
1040.04
1000.16
974.018
977.777
1076.61
1076.95
1075.56
1070.71
1071.59
1067.96
1057.87
1047.48
568.268
141.022
131.68
130.729
129.51
129.299
129.902
128.874
126.89
523.173
1008.97
1005.5
999.06
1000.11
814.808
401.067
185.347
185.448
781.914
310.346
310.479
307.544
315.85
299.821
340.342
635.459
1016.66
1085.41
1085.77
1082.5
1008.9
708.696
977.603
1075.73
1076.6
1076.68
1076.54
1071.68
1057.06
1039.48
372.181
134.292
133.829
133.471
133.318
133.39
133.805
132.953
131.747
475.591
1019.77
1031.88
1029.43
1029.9
1035.05
1043.64
506.472
195.362
787.306
310.266
310.274
309.105
306.237
302.71
299.871
424.989
981.964
1091.73
1089.22
1084.67
1069.53
692.501
592.136
948.63
1082.12
1083.34
1084.66
1085.94
1074
1055.7
446.672
136.891
136.763
136.824
137.293
137.587
138.403
138.296
138.189
649.612
1068.27
1069.61
1068.15
1066.94
1067.21
1067.25
634.808
214.462
893.693
311.437
334.477
309.499
307.178
304.845
449.944
937.492
1101.96
1097.48
1093.26
1088.08
1082.55
653.425
568.978
581.321
715.377
935.016
1093.03
1096.06
1095.7
1081.22
763.536
173.279
139.916
140.018
141.025
159.639
168.954
225.436
586.056
1058.4
1104.85
1103.41
1100.98
1065.04
1006.82
627.6
177.072
204.199
932.012
652.505
924.281
811.712
815.477
904.838
1087.32
1086.57
1082.58
1093.19
1097.51
1093.35
1077.02
678.097
566.738
569.336
570.896
574.227
792.092
1083.31
1104.56
1103.94
1057.84
695.848
576.639
621.928
725.115
779.939
825.599
956.384
1102.81
1120.25
1121.91
1103.61
941.842
277.271
157.9
163.212
164.99
444.266
957.477
1142.37
1140.75
1136.03
1130.6
1119.21
1009.36
846.591
743.309
814.96
996.458
1103.19
1099.18
870.246
569.489
570.928
571.984
572.772
573.998
953.152
1111.12
1116.07
1118.99
1116.15
1111.83
1117.37
1113.11
1080.36
913.247
708.857
652.905
618.344
478.22
291.092
156.02
157.221
157.263
192.038
747.976
1132.41
976.016
1159.69
1150.57
1141.14
1067.91
762.181
583.917
580.561
577.634
574.788
580.308
947.446
1109.23
1100.58
810.719
580.801
574.041
573.782
573.179
788.665
1118.44
1127.77
1131.67
1135.83
1137.17
1140.24
1138.1
668.741
285.332
170.076
156.018
155.236
155.412
155.424
155.902
157.108
285.104
1008.07
1150.11
1149.55
998.097
1177.12
1168.68
1140.8
748.813
592.369
587.267
581.914
576.757
573.181
572.129
584.028
1021.34
1116.65
1115.3
1023.1
891.268
694.349
609.532
1003.93
1133.05
1144.16
1151.74
1158.27
1163.31
1168.52
728.781
165.163
154.899
155.543
156.526
156.223
155.981
156.237
283.359
1007.77
1168.07
1165.11
1164.19
1163.98
1018.94
1177.81
1187.22
1095.38
704.625
596.809
590.966
584.89
578.862
574.589
574.069
715.972
1116.53
1127.22
1131.93
1134.99
1135.68
1103.02
930.825
980.284
1155.1
1167.14
1176.2
1184.7
1107.22
633.016
162.127
156.155
155.521
156.348
167.627
278.869
527.199
884.605
1150.45
1178.78
1175.57
1173.97
1173.76
1143.98
1055.19
1147
1025.49
958.771
942.496
705.52
595.24
590.403
588.968
822.373
1099.02
1141.91
1142.81
1144.42
1148.93
1154.85
1158.99
940.576
356.404
283.831
603.532
705.896
730.076
567.597
396.714
259.47
244.637
381.159
469.701
698.466
900.108
1047.53
1155.38
1193.83
1190.74
1186.19
1183.05
1181.94
1127.45
988.366
1093.25
1123.23
1004.65
791.3
709.564
808.189
817.467
905.164
1059.6
1165.9
1163.87
1163.55
1165.92
1168.75
1172.25
1175.43
743.425
181.359
160.983
162.897
164.274
168.653
187.437
216.19
334.479
771.999
1030.3
1145
1188.94
1218.82
1219.92
1217.82
1175.12
1164.76
1161.37
1195.83
1190.28
1041.09
855.694
988.75
1000.36
1003.92
984.187
935.406
605.976
376.128
479.835
719.414
919.951
989.406
1138.68
1191.84
1193.49
1195.67
1197.01
1040.11
293.339
163.625
164.901
165.32
166.374
169.093
172.281
422.559
947.999
1215.05
1223.65
1226.04
1227.36
1227.64
1227.43
1226.83
1227.12
1226.32
1222.02
1215.74
1033.51
840.892
855.31
1056.97
240.153
290.682
426.262
513.187
523.927
176.476
2.55039
2.60218
362.021
805.734
1012.55
1183.86
1215.85
1218.91
1220.02
1188.95
546.886
165.527
166.466
167.524
168.273
346.096
712.207
1041.19
1119.3
1191.02
1229.82
1230.67
1230.68
1229.46
1227.77
1189.73
1209.95
1224.94
1070.98
1056.5
1037.16
1008.63
716.955
220.989
4.22513
2.07913
1.59662
1.23277
115.521
51.6246
1.41515
1.04598
0.701272
1.09724
201.463
813.15
1153.05
1231.97
1236.35
1240.23
1189.91
817.91
682.449
769.585
884.408
1136.16
1209.1
1208.5
1202.38
1210.97
1211.57
1202.72
1156.09
1059
758.898
357.292
441.007
835.054
1028.64
892.711
631.879
420.633
177.896
126.609
4.41905
1.35044
1.091
1.07879
7.55559
10.2441
0.957172
0.511108
0.443365
0.404078
0.234443
-0.0201604
0.527656
258.329
640.151
912.577
1063.84
1053.04
1050.32
1080.14
1129.06
1155.16
1118.13
1042.16
907.019
659.055
416.653
250.352
118.924
0.424549
0.350245
0.521055
3.18664
213.844
435.4
67.9519
10.1295
22.8242
72.2807
139.171
3.06274
0.48259
2.70511
6.15419
6.18625
0.621922
0.537462
0.394469
0.757006
0.618326
0.256831
0.305771
0.359874
0.365841
0.396848
0.662807
68.7895
136.143
133.138
155.382
192.164
244.506
176.999
87.6807
7.88376
0.136399
0.137993
0.13416
0.117596
0.108346
0.103462
0.129037
-0.0621763
1.62878
7.27779
15.3512
6.60266
2.55862
1.50285
0.736643
3.00574
0.296569
1.00689
7.64887
8.91627
7.33521
4.16037
5.13407
11.0496
11.2255
8.74248
0.640677
0.297666
0.312048
0.366729
1.83918
1.6453
0.0991167
0.103918
0.105022
0.103081
0.105667
0.114013
0.119313
0.131628
0.138273
0.263599
0.279815
0.402357
0.501694
0.182486
-0.0834924
-0.0694694
0.287997
0.715284
0.839861
2.1889
1.87564
2.17051
0.707684
2.12135
0.271027
0.299685
0.883591
4.57604
10.8758
11.4621
11.7049
11.6711
11.5869
6.60749
0.529178
0.446269
1.00202
2.20562
2.20414
2.03556
0.731188
0.776191
0.722781
0.12661
0.105189
0.106854
0.109768
0.455206
0.71267
0.302476
0.919591
1.17935
1.10114
1.03476
0.579381
-0.0758169
0.0199289
0.108327
0.327299
0.230138
0.147387
0.153787
0.16366
1.7117
0.287942
1.17454
3.80622
4.12288
10.2864
11.3264
7.38847
5.40606
3.1265
1.34994
1.41489
2.12093
2.1496
2.18336
1.80886
0.997488
0.894483
0.524256
0.0985205
0.0985584
0.100018
0.0996977
0.112224
0.536273
0.786804
0.154033
0.577565
1.23179
1.19888
1.16303
0.709087
-0.0071716
0.0223393
0.0517736
0.0702752
0.0770338
0.0760876
0.0803485
0.0873846
1.47587
0.221031
0.92358
2.07961
2.47168
1.51183
2.56665
2.33241
2.63864
1.56234
1.08379
0.496328
0.298969
0.405539
0.337657
0.21462
0.292361
0.894231
0.175987
0.181834
0.107457
0.0841682
0.0870658
0.152222
0.712272
0.811314
0.0984027
0.0623723
0.15626
0.449513
0.504684
0.138412
0.0379397
0.0496931
0.0626019
0.0666507
0.0655652
0.0575672
0.0532929
0.0600514
4.32324
0.234245
0.425751
0.411727
0.22173
0.151777
0.251725
0.30834
0.920028
1.25192
0.0460404
0.0389131
0.0382416
0.0353307
0.0424109
0.073196
0.743541
1.05536
1.07259
1.08399
0.898476
0.0762081
0.0777378
0.159426
0.8083
0.824672
0.407286
0.053113
0.0398108
0.0277056
0.030504
0.0405568
0.0503012
0.0626853
0.107311
0.497643
0.741921
0.660316
0.421178
0.451256
7.52525
2.19705
0.199242
0.172711
0.150471
0.124463
0.110877
0.112776
0.668869
1.37905
0.0487452
0.0462262
0.0448499
0.0446718
0.0435901
0.0965594
0.416309
0.373044
0.496682
1.08715
1.08691
0.255066
0.0656463
0.103728
0.729421
0.821626
0.812607
0.384668
0.0318054
0.026713
0.0257457
0.0289775
0.0353545
0.0438978
0.475024
1.00982
1.0146
1.01441
1.0142
1.00927
9.65165
9.62016
4.08265
0.118992
0.112184
0.111836
0.112065
0.134497
1.30784
1.51561
0.0530231
0.0490409
0.0497684
0.0492608
0.0528048
0.0832744
0.0645043
0.0593374
0.115689
0.910544
1.0912
0.272411
0.0510379
0.0541617
0.300042
0.825004
0.82602
0.709351
0.033712
0.0286146
0.0250861
0.0250281
0.0314576
0.209287
0.394792
1.01142
1.01403
0.969059
0.714734
0.325368
9.71374
9.69332
7.24578
0.290086
0.0757776
0.101051
0.119205
0.29332
1.7569
1.68443
0.230526
0.0396908
0.0579665
0.0596121
0.040881
0.0425902
0.0449224
0.0478597
0.345186
1.07774
1.03277
0.0936176
0.0470203
0.0476436
0.0570964
0.311117
0.495481
0.202804
0.0371965
0.0342749
0.03051
0.0280894
0.237983
0.697402
0.747152
0.68733
0.633016
0.116261
0.162352
0.174291
5.06752
4.00601
0.935055
0.0403581
0.0557436
0.083018
0.104283
1.14804
1.75817
1.72589
0.522888
0.0263081
0.0275101
0.0316906
0.0353955
0.0386322
0.0409777
0.0738624
0.867079
1.08303
0.987067
0.0445233
0.0453366
0.0462602
0.0475585
0.0494807
0.0527497
0.04788
0.0443582
0.0378806
0.0847081
0.266539
0.551096
0.0319389
0.0530685
0.0431877
0.0456398
0.087539
0.190303
0.191691
0.200497
0.184164
0.446823
0.0642876
0.0700225
0.0757266
0.0741247
0.65343
1.75602
1.29668
0.0237853
0.0200956
0.021568
0.0270789
0.0297885
0.0341338
0.0378516
0.0714797
0.86172
1.09393
1.08293
0.153635
0.0429256
0.0452508
0.0480735
0.0512207
0.0545383
0.0598458
0.16471
1.62831
2.01431
1.92141
0.0966749
0.0180668
0.0186534
0.0599898
0.118323
0.116533
0.0436455
0.0095792
0.24314
1.10998
1.14225
0.547455
0.0950554
0.0829651
0.0608225
0.0641622
0.272555
0.256833
0.135856
0.0817687
0.142054
0.124341
0.0211975
0.0321275
0.038494
0.0430836
0.340687
1.10991
1.11494
0.413723
0.0375656
0.0383043
0.0390399
0.0957548
1.73996
2.20115
2.18006
2.15889
1.84444
0.0414195
-0.0040857
-0.00104152
0.0352327
0.066225
0.0625384
0.00194218
-0.00687796
-0.0107368
0.214533
0.216685
0.804357
0.987297
0.771202
0.312794
0.0708992
0.0476086
0.0185846
0.00187872
-0.000509647
-0.00472727
-0.00469464
-0.000331381
0.109242
0.133757
0.145676
0.0980725
0.133267
0.70118
1.11133
0.463392
0.0299333
0.0275851
0.130183
1.90469
2.1983
2.19124
2.18301
1.861
-0.0131619
-0.0197657
-0.0249059
-0.0121555
0.00170688
-0.00631757
-0.0146134
-0.0141238
-0.0155168
-0.0233482
0.213967
0.213219
0.213809
0.392934
0.957424
0.955755
0.882106
0.445573
0.027536
0.00918545
-0.00196713
-0.00687077
-0.00608534
0.00256358
0.018327
0.0341146
0.105383
0.225605
0.1995
0.368143
1.08471
0.498543
0.0279122
0.015518
0.980158
2.20079
2.19267
2.18769
2.18472
2.12967
0.185214
-0.0406958
-0.0469548
-0.0499052
-0.0482388
-0.0431314
-0.0212435
-0.015707
-0.0160031
-0.0359917
0.209538
0.209472
0.209229
0.262313
0.468969
0.945205
0.928831
0.916737
0.899568
0.459217
0.0214592
0.0192226
0.0198075
0.0249768
0.0331717
0.0425834
0.050084
0.222523
0.310165
0.135239
0.728476
0.586063
0.018305
0.0717215
1.91601
2.19453
2.18779
2.18615
2.18663
2.18566
1.2029
-0.0654174
-0.0654972
-0.0649809
-0.06313
-0.0496067
-0.0336896
-0.0292133
-0.0454739
-0.0461874
0.202311
0.201326
0.652489
0.676235
0.641944
0.252645
0.488329
0.913609
0.904103
0.668625
0.0704926
0.0459666
0.964012
1.55422
0.26785
0.0492745
0.0532203
0.139283
0.31761
0.0927826
0.0588799
0.216658
0.001556
0.0256558
1.60139
2.18832
2.18086
2.17932
2.15328
0.473095
-0.086688
-0.0830621
-0.0811042
-0.0788262
-0.0762444
-0.072282
-0.065249
-0.0620279
-0.0590363
-0.0536165
0.552575
0.675969
0.67152
0.664496
0.656713
0.226907
0.162437
0.383849
0.46187
0.197892
0.166135
1.23062
2.1026
2.12533
2.12388
0.832395
0.049652
0.0613764
0.304658
0.190854
0.031233
0.0101015
-0.00862411
-0.0363978
0.275826
2.09503
2.18716
2.18046
0.594741
-0.104805
-0.101237
-0.099064
-0.0977807
-0.0958145
-0.0921362
-0.0869519
-0.080356
-0.0727749
-0.0644705
-0.0547516
0.669441
0.668329
0.664494
0.658166
0.522888
0.154062
0.156131
0.158217
0.16552
0.17469
0.172439
1.77822
2.13772
2.13845
2.13606
2.13249
0.254753
0.0380949
0.222086
0.291414
0.0838418
-0.00150309
-0.0156892
-0.0379775
-0.0649078
0.12586
0.711169
1.89274
1.81251
1.30235
0.00508125
-0.118164
-0.0324141
-0.0931449
-0.106636
-0.0976659
-0.0852232
-0.0727307
-0.0605555
-0.048205
0.661311
0.539583
0.625029
0.471413
0.084172
0.0873834
0.220131
0.213379
0.173304
0.176146
0.176945
1.28588
2.14939
2.14158
2.13463
1.76713
0.121017
0.0180607
0.174573
0.2889
0.284135
0.0193349
-0.0165891
-0.0303789
-0.0479894
-0.0659806
-0.0702667
0.0103414
0.232331
0.570125
0.545619
0.479719
0.295831
-0.000582743
-0.0964596
-0.0866456
-0.0720714
-0.0583249
-0.0456692
-0.0337379
0.0922394
0.0113628
0.030613
0.0293614
0.012283
0.168496
0.485863
0.491505
0.320374
0.176733
0.174571
0.404997
1.89173
2.15071
1.36136
0.321683
0.0181383
0.00696298
0.128169
0.291754
0.29185
0.142155
-0.011655
-0.0185574
-0.0269314
-0.0360063
-0.0405713
-0.0320978
-0.019391
-0.0187856
-0.0066177
0.0264541
0.140726
0.0701024
-0.059015
-0.0555989
-0.0440914
-0.0331389
-0.023425
-0.014531
0.0177668
0.0160301
0.0140767
0.0137135
0.0142158
0.0822509
0.465598
0.494348
0.491839
0.410357
0.173189
0.268882
0.368545
0.312148
0.0770528
0.0061501
0.0080448
0.00876112
0.0363815
0.29749
0.297675
0.209027
-0.00208805
-0.00825592
-0.0104671
0.0675706
0.3174
0.331757
0.281976
0.0090108
-0.0330472
-0.0348748
-0.0330091
-0.0339693
-0.0281257
-0.0210944
-0.0137357
-0.00691544
-0.000462167
0.00650095
0.0260172
0.0239869
0.0214628
0.0208367
0.0222344
0.0241682
0.0335396
0.205749
0.410898
0.426819
0.394782
0.261064
0.214638
0.262063
0.300615
0.28178
0.0756696
0.0126249
0.00732244
0.165812
0.307906
0.142344
0.000104575
-0.00258179
0.192678
0.359415
0.359866
0.358606
0.355604
0.352901
0.0980746
-0.0101513
-0.00742775
-0.00325592
0.00131108
0.00562238
0.00978518
0.0137714
0.146218
0.145487
0.0270936
0.0254679
0.0225118
0.0196696
0.0183821
0.356151
0.656645
0.409082
0.315291
0.316803
0.408389
0.177449
0.177473
0.252303
0.42414
0.426647
0.277061
0.023379
0.0102742
0.0181326
0.0651094
0.0314055
0.00293351
0.00250183
0.258684
0.373438
0.373212
0.372672
0.372321
0.372475
0.208754
0.00643987
0.00925257
0.0139872
0.0181762
0.0217313
0.0250234
0.0364442
1.13448
0.853799
0.0217209
0.0201636
0.017038
0.204231
1.87915
2.11951
2.12367
2.12649
2.12562
1.5476
0.7246
0.186569
0.183255
0.181012
0.231525
0.24637
0.137329
0.0182898
0.0114091
0.00973348
0.0086434
0.00740117
0.00731572
0.00746401
0.0526978
0.163594
0.380995
0.381571
0.383007
0.382891
0.0705801
0.0133541
0.0169374
0.0215498
0.0263688
0.0313103
0.0359258
0.845262
1.26164
1.25532
0.0168934
0.0159253
0.0130638
0.128132
1.83845
2.12599
2.13317
1.92807
1.76526
1.77543
1.78147
1.67509
1.65735
1.37944
0.365804
0.0229682
0.0171956
0.0144496
0.0131869
0.0122905
0.0117508
0.0119951
0.0133585
0.0148545
0.0159931
0.0186653
0.053503
0.120081
0.25644
0.165337
0.0248449
0.018304
0.0222634
0.0271381
0.0323882
0.0377712
0.556664
1.26927
1.27858
1.28308
0.659186
0.0629386
0.0119698
0.00722954
0.142866
0.601616
0.767579
0.117989
0.051283
0.0938318
0.220056
0.530852
1.3522
1.36638
1.35905
0.914057
0.0411516
0.0130162
0.0144895
0.0214692
0.0157868
0.0164011
0.0190617
0.0426277
0.0259103
0.0301584
0.0302499
0.0299525
0.0309417
0.0292769
0.0306782
0.0259207
0.0289224
0.033216
0.0379177
0.168778
1.26813
1.29299
1.30061
1.03799
0.941107
0.939989
0.674715
0.567163
0.669857
0.661923
0.295041
0.0478581
0.0495844
0.0497903
0.0501394
0.0512729
0.0664408
0.0460997
0.633473
0.820269
0.099111
0.0113151
0.0134567
0.0155471
0.0419141
0.194282
0.590129
1.17272
1.24785
1.20514
1.26957
1.17295
0.310537
0.0290527
0.0272939
0.0296994
0.0335832
0.0381474
0.042084
0.690473
1.30202
1.31188
1.31915
0.971594
0.856545
0.860205
0.708845
0.629136
0.539312
0.181554
0.0439653
0.0462621
0.0920068
0.136424
0.137232
0.137525
0.137233
0.0676242
0.0189548
0.110228
0.119621
0.049345
0.0160804
0.0168787
0.0184247
0.225485
1.26575
1.27662
1.27763
1.27722
1.27845
1.28181
1.28266
0.488864
0.0296966
0.0312414
0.0363634
0.0407735
0.0488726
1.18578
1.31905
1.32675
1.33169
0.738233
0.0510538
0.0758574
0.0600058
0.0200254
0.0398809
0.0871643
0.0891011
0.0664066
0.0318177
0.0715299
0.137284
0.138043
0.13809
0.115212
0.0161511
0.0137259
0.0208704
0.135304
0.139155
0.140168
0.0418438
0.114131
0.33009
0.463406
0.834596
1.28536
1.13528
0.556752
0.249172
0.065347
0.0270511
0.0297478
0.034711
0.0396284
0.15448
0.687224
1.33135
1.34147
1.29925
0.227628
-0.00252973
-0.00436551
-0.00494538
-0.00503713
0.00687998
0.0213145
0.00484629
-0.00211443
-0.000968802
-0.000259007
0.0341448
0.139692
0.0955251
0.0113695
0.0108159
0.0129257
0.0150518
0.016808
0.135025
0.161796
0.161564
0.15141
0.0356996
0.0107224
0.0257621
0.0759456
0.0541544
0.0560993
0.0605502
0.0315077
0.0247466
0.0285936
0.0324075
0.0363239
0.487626
0.685119
0.948539
1.36572
0.719934
0.0772665
0.0035255
5.63192e-05
-0.00296729
-0.00304332
-0.00258194
-0.00324906
-0.00266973
-0.0019563
-0.0012831
0.00173711
0.0107804
0.0457093
0.0690558
0.0344184
0.0146591
0.0128802
0.0143764
0.015626
0.018804
0.0582518
0.0649088
0.0261067
0.0109059
0.0112839
0.0112736
0.0107759
0.0115345
0.053851
0.0632559
0.0666979
0.0695948
0.029754
0.0280813
0.140337
0.911443
0.923426
0.705348
0.288529
0.263499
0.106443
0.00507763
0.00469181
0.000808372
-0.000416384
-0.00104225
-0.00218035
-0.00194633
-0.0016116
-0.000890659
0.000310168
-0.000573954
-0.00016275
0.0055252
0.0324636
0.0341571
0.0186472
0.0148319
0.0674434
0.0750693
0.0752034
0.0756188
0.0765223
0.0774734
0.037121
0.0105136
0.0101611
0.0104059
0.0101563
0.012198
0.0591107
0.0623544
0.0259864
0.0218066
0.0553842
0.902604
0.930059
0.692121
0.0868801
0.0710814
0.0823809
-4.00474e-05
-0.00137081
0.00107309
0.00373568
0.00138558
-0.00161321
-0.00151994
-0.00140933
-0.00126991
-0.0011025
-0.000912012
-0.000658059
-0.000330056
0.000112708
0.00115958
0.00141106
0.0121748
0.0706172
0.0728176
0.0704755
0.0740392
0.074901
0.0328886
0.00761406
0.00751624
0.00680412
0.00528486
0.00322775
0.00223463
0.00606449
0.0128066
0.0107981
0.0110998
0.0146385
0.559577
0.934658
0.388557
0.0452341
0.0505089
0.0496782
-0.0014056
-0.00119981
0.00103378
0.00382364
-0.000783566
-0.00143843
-0.00137753
-0.00140226
-0.00141003
-0.00140171
-0.00137701
-0.00131266
-0.00121488
-0.00110814
-0.00106376
-0.000969591
-0.000674719
0.0255696
0.0126787
0.00135557
0.00196591
0.00260318
0.00349922
0.00465978
0.00415539
0.00240463
0.000571674
-0.000411714
-0.00283665
-0.00512764
-0.00533871
-0.00368458
-0.00106462
0.00107969
0.107033
0.233171
0.0642539
0.024556
0.0290559
0.0257543
-0.000969639
-0.00110805
-0.00124493
0.00269146
-0.000868724
-0.00132583
-0.00133319
-0.00153031
-0.00169792
-0.00187198
-0.00205438
-0.00224401
-0.00242792
-0.00259246
-0.00279538
-0.00223564
0.0023501
-0.00169598
-0.00136787
-0.000767309
-0.000235579
4.48506e-05
0.000162406
-3.25098e-05
-0.000682054
-0.00197055
-0.00287674
-0.00305055
-0.00466747
-0.00637821
-0.00869647
-0.00794892
-0.00661063
-0.00461931
-0.00379777
0.000102522
0.00591741
0.0158215
0.0115361
-0.00279745
)
;

boundaryField
{
    inlet
    {
        type            fixedFluxPressure;
        gradient        nonuniform List<scalar> 10(0.0137734 0.00994584 0.00617507 0.00926101 0.0115465 0.0043294 0.00648264 0.011593 0.00765664 -3.89057e-07);
        value           nonuniform List<scalar> 10(1962.65 1962.47 1962.33 1962.2 1962.14 1962.14 1962.2 1962.33 1962.47 1962.65);
    }
    inletWall
    {
        type            zeroGradient;
    }
    bottleWall
    {
        type            zeroGradient;
    }
    atmosphere
    {
        type            totalPressure;
        rho             rho;
        psi             none;
        gamma           1;
        p0              uniform 0;
        value           nonuniform List<scalar> 
80
(
0
0
0
0
0
0
0
0
0
0
0
0
0
0
0
0
0
0
0
0
0
0
0
0
-3.59966e-07
-2.99961e-06
-7.61569e-06
-1.36707e-05
-2.0686e-05
-2.81268e-05
-3.54813e-05
-4.22297e-05
-4.7433e-05
-5.03873e-05
-3.79856e-05
-6.49118e-06
0
0
0
0
-0.000249526
-0.000181663
-2.51344e-05
0
-0.000185649
-0.0009372
-0.00136208
-0.00165517
-0.0019014
-0.00215991
-0.00244338
-0.00276708
-0.003159
-0.00362304
-0.00392414
-0.00285484
0
-0.00066086
-0.00138864
-0.0015088
-0.00154881
-0.00176698
-0.00226388
-0.00310756
-0.00427201
-0.00532315
-0.00547022
-0.00396851
-0.00185316
-0.000582185
-3.65764e-06
0
0
0
0
0
0
0
0
0
)
;
    }
    frontAndBack
    {
        type            empty;
    }
}


// ************************************************************************* //
