/*--------------------------------*- C++ -*----------------------------------*\
  =========                 |
  \\      /  F ield         | OpenFOAM: The Open Source CFD Toolbox
   \\    /   O peration     | Website:  https://openfoam.org
    \\  /    A nd           | Version:  8
     \\/     M anipulation  |
\*---------------------------------------------------------------------------*/
FoamFile
{
    version     2.0;
    format      ascii;
    class       volScalarField;
    location    "2.4";
    object      epsilon;
}
// * * * * * * * * * * * * * * * * * * * * * * * * * * * * * * * * * * * * * //

dimensions      [0 2 -3 0 0 0 0];

internalField   nonuniform List<scalar> 
9150
(
0.0313086
0.0124466
0.00310049
0.000946968
0.00046301
0.000463311
0.000947882
0.00310329
0.0124515
0.0313072
0.0302238
0.00874588
0.0017335
0.000609817
0.000349668
0.000349818
0.000610244
0.00173515
0.00874973
0.0302233
0.0284258
0.00694611
0.00111931
0.000500488
0.000313126
0.00031322
0.000500693
0.00112017
0.0069491
0.0284257
0.0264935
0.00600592
0.000839259
0.000467693
0.00030192
0.000301991
0.000467812
0.000839639
0.00600817
0.0264937
0.024491
0.00559993
0.000700024
0.000460503
0.000300135
0.000300195
0.000460592
0.000700146
0.00560175
0.0244912
0.123895
0.0530638
0.0227049
0.0139721
0.0101629
0.0101331
0.0138829
0.0225086
0.0525774
0.123735
0.0761217
0.0230442
0.013168
0.00883398
0.00629692
0.00628616
0.00880021
0.0130984
0.0229864
0.0761255
0.0553702
0.0178855
0.00763022
0.00459039
0.00308252
0.00307988
0.0045809
0.00761286
0.0178782
0.0553772
0.042516
0.0152294
0.00479465
0.00231055
0.00139546
0.00139523
0.00230928
0.00479273
0.0152355
0.0425189
0.0356124
0.0137307
0.0035187
0.00130854
0.000703962
0.000704208
0.00130916
0.00352076
0.0137378
0.0356133
1.72527
0.175398
0.0480092
0.0205867
0.0127156
0.0130785
0.0219875
0.0502483
0.160795
0.706235
0.281261
0.114655
0.0449757
0.0206052
0.0128239
0.013037
0.0213265
0.0472715
0.127761
0.272256
0.23586
0.102186
0.0444708
0.0205796
0.0129494
0.01304
0.0207995
0.0451758
0.1067
0.233591
0.197386
0.0912942
0.0438243
0.0204053
0.0130787
0.0130837
0.0204014
0.0439098
0.0916573
0.196496
0.156682
0.0868235
0.0404012
0.019249
0.0127541
0.012717
0.0191465
0.0401696
0.0860206
0.156345
0.299268
0.299019
0.298164
0.296724
0.29472
0.292178
0.289127
0.285604
0.281647
0.277284
0.140666
0.140526
0.140172
0.139609
0.138844
0.137883
0.136736
0.135411
0.133922
0.13228
0.111625
0.111506
0.111249
0.110856
0.110329
0.109674
0.108893
0.107994
0.106982
0.105866
0.101183
0.101073
0.100857
0.100533
0.100105
0.0995752
0.0989455
0.09822
0.0974026
0.0964982
0.0967103
0.0966062
0.0964116
0.096127
0.0957536
0.0952926
0.0947458
0.0941155
0.0934044
0.0926156
0.094981
0.0948792
0.094698
0.0944378
0.0940991
0.0936825
0.093189
0.0926199
0.0919768
0.0912618
0.0947837
0.0946817
0.0945087
0.0942649
0.0939504
0.0935655
0.0931104
0.0925856
0.0919916
0.0913296
0.0955555
0.0954509
0.0952823
0.0950498
0.0947535
0.0943932
0.0939686
0.0934795
0.0929255
0.0923066
0.0969953
0.0968855
0.0967179
0.096493
0.0962109
0.0958711
0.095473
0.0950157
0.0944981
0.0939189
0.0989246
0.0988061
0.0986362
0.0984155
0.0981442
0.097822
0.0974482
0.0970214
0.0965398
0.096001
0.101228
0.101097
0.10092
0.100699
0.100435
0.100128
0.0997761
0.0993791
0.0989344
0.0984389
0.103827
0.103677
0.103488
0.103261
0.102999
0.102701
0.102368
0.101999
0.101592
0.101142
0.106663
0.106487
0.106277
0.106037
0.105769
0.105474
0.105153
0.104807
0.104434
0.104031
0.109694
0.109483
0.109244
0.10898
0.108695
0.108392
0.108073
0.10774
0.107394
0.107032
0.112891
0.112633
0.112352
0.112052
0.111738
0.111413
0.111083
0.11075
0.110417
0.110085
0.116231
0.115916
0.11558
0.11523
0.114871
0.11451
0.114151
0.113801
0.113464
0.113145
0.119701
0.119315
0.118912
0.118498
0.11808
0.117666
0.117263
0.116877
0.116515
0.116185
0.123291
0.122825
0.122342
0.121851
0.12136
0.120877
0.12041
0.119968
0.119558
0.119188
0.126998
0.126441
0.125868
0.125289
0.124711
0.124145
0.123599
0.123083
0.122605
0.122171
0.130821
0.130168
0.129498
0.12882
0.128145
0.127483
0.126846
0.126241
0.125678
0.125164
0.134769
0.134017
0.133243
0.132459
0.131677
0.13091
0.130169
0.129464
0.128804
0.128195
0.138861
0.138007
0.137123
0.136225
0.135327
0.134445
0.133591
0.132776
0.132008
0.131295
0.143118
0.142158
0.141156
0.140135
0.139112
0.138107
0.137132
0.136201
0.13532
0.134496
0.147568
0.14649
0.145358
0.1442
0.143044
0.141909
0.14081
0.13976
0.138765
0.13783
0.152232
0.151011
0.149726
0.148419
0.147122
0.145855
0.144636
0.143472
0.142371
0.141333
0.157095
0.155692
0.154231
0.152767
0.151333
0.149948
0.148623
0.147364
0.146173
0.145049
0.162057
0.160436
0.158805
0.15721
0.155671
0.154201
0.152803
0.151479
0.150226
0.149042
0.166874
0.165116
0.1634
0.161748
0.16017
0.158669
0.157246
0.155896
0.154617
0.153404
0.171488
0.169752
0.168073
0.166461
0.164921
0.163454
0.162058
0.160729
0.159463
0.158254
0.176076
0.1745
0.172964
0.171481
0.170056
0.168687
0.167374
0.166111
0.164897
0.163728
0.18086
0.179542
0.178241
0.176968
0.175727
0.174518
0.173339
0.17219
0.171068
0.169973
0.186125
0.185121
0.184114
0.183108
0.182105
0.181104
0.180107
0.179112
0.178122
0.177138
0.192073
0.191422
0.190748
0.190051
0.189329
0.188582
0.18781
0.187013
0.186195
0.185362
0.198826
0.198554
0.198246
0.197896
0.197498
0.19705
0.196549
0.195999
0.195403
0.194768
0.206395
0.206539
0.20664
0.206683
0.206659
0.206563
0.206392
0.206146
0.205833
0.20546
0.214747
0.215361
0.215923
0.216417
0.216828
0.217148
0.217373
0.217505
0.217548
0.217513
0.223894
0.225025
0.226101
0.227101
0.228008
0.228812
0.229508
0.230096
0.230582
0.23098
0.233881
0.235562
0.237187
0.238736
0.240191
0.241541
0.24278
0.243909
0.244934
0.245869
0.244739
0.246982
0.249175
0.251299
0.25334
0.255286
0.257134
0.258885
0.260548
0.262135
0.256427
0.259253
0.262025
0.264734
0.267381
0.269959
0.272467
0.27491
0.2773
0.279651
0.268875
0.272277
0.275644
0.278964
0.282226
0.285448
0.288645
0.291825
0.295005
0.298205
0.281998
0.28596
0.289913
0.293851
0.297769
0.301672
0.305573
0.309505
0.313502
0.317586
0.295748
0.300264
0.304802
0.309364
0.313952
0.318579
0.323257
0.328003
0.33284
0.337814
0.310159
0.31525
0.320404
0.325629
0.330936
0.336342
0.341869
0.347536
0.353358
0.359355
0.325409
0.331128
0.336971
0.342951
0.349083
0.355394
0.361919
0.368684
0.375689
0.382931
0.34178
0.348209
0.354861
0.361758
0.368905
0.376329
0.384096
0.392248
0.400774
0.409647
0.359561
0.366805
0.37443
0.38247
0.390915
0.399784
0.409158
0.419092
0.429589
0.440626
0.379032
0.387198
0.395953
0.405356
0.415448
0.426252
0.437799
0.450145
0.463278
0.477136
0.40037
0.409647
0.419787
0.430907
0.443091
0.456388
0.470793
0.4863
0.502862
0.520383
0.423677
0.434449
0.446434
0.459806
0.474649
0.491024
0.508941
0.528352
0.549173
0.571273
0.449291
0.462001
0.476315
0.492465
0.510572
0.530672
0.552787
0.576873
0.602826
0.630488
0.477767
0.49276
0.509861
0.529278
0.55115
0.575566
0.60256
0.632101
0.664094
0.698372
0.509711
0.527264
0.547466
0.570528
0.596619
0.625873
0.658374
0.694133
0.733081
0.775072
0.545494
0.56578
0.589323
0.616349
0.647086
0.681728
0.720418
0.763227
0.810139
0.861044
0.585952
0.609178
0.636285
0.667584
0.703419
0.744094
0.789838
0.840787
0.896974
0.958317
0.633195
0.659503
0.690311
0.726305
0.768048
0.815928
0.870228
0.931126
0.9987
1.07292
0.691327
0.720053
0.754546
0.79653
0.846271
0.903893
0.969619
1.04361
1.12593
1.21648
0.753313
0.789081
0.832856
0.885569
0.947675
1.01951
1.10142
1.19375
1.29668
1.4102
0.824891
0.874957
0.934198
1.00385
1.08489
1.17813
1.28435
1.40424
1.53841
1.68698
0.918955
0.988752
1.07021
1.16515
1.27504
1.40124
1.54518
1.7083
1.89128
2.09364
1.0484
1.14635
1.26067
1.39373
1.54778
1.72508
1.92808
2.15911
2.41763
2.70479
1.23636
1.37623
1.54049
1.73255
1.95569
2.21315
2.50873
2.84312
3.21763
3.63434
1.51656
1.72126
1.96383
2.2494
2.58262
2.96772
3.40937
3.90511
4.45402
5.05727
1.93786
2.24558
2.61387
3.0507
3.56299
4.15592
4.82933
5.57319
6.37708
7.23295
2.56815
3.04012
3.61113
4.29391
5.0977
6.02593
7.06958
8.18901
9.32011
10.3865
3.48803
4.21536
5.10597
6.18121
7.45251
8.91809
10.5367
12.0904
13.1109
13.3408
4.7631
5.86493
7.23318
8.91037
10.926
13.2575
15.4068
15.9498
15.0383
13.7875
6.38883
7.99036
10.0161
12.5616
15.7344
19.0241
18.7624
16.6127
14.6351
12.9631
8.25022
10.4424
13.2686
16.9109
21.4966
22.4809
19.0501
16.1113
13.8162
11.983
10.1418
12.9105
16.4782
20.9963
24.6692
22.608
18.449
15.2525
12.8271
10.9238
12.0359
15.4551
20.0078
25.1708
26.1331
21.8012
17.4081
14.1313
11.6731
9.78345
14.0753
18.414
24.0745
28.2841
25.6729
20.2122
15.9302
12.7574
10.3903
8.61006
16.4811
22.0592
27.9945
28.7671
23.4537
18.1314
14.1536
11.2183
9.0514
7.46764
19.4189
25.9757
30.503
26.636
20.5121
15.7671
12.227
9.61956
7.73425
6.42405
22.5253
29.9153
29.7414
23.1556
17.6208
13.422
10.3148
8.06939
6.52362
5.55921
27.085
31.7626
26.4287
19.8989
14.8833
11.1831
8.50614
6.65597
5.50801
4.96327
32.8775
30.7615
22.7179
16.697
12.3095
9.126
6.88964
5.4657
4.77269
4.72206
32.9517
25.8918
19.0719
13.8968
10.095
7.36271
5.53926
4.56127
4.3807
4.90133
32.7599
23.3456
16.5654
11.7565
8.31181
5.92007
4.47602
3.96798
4.36179
5.53455
28.9416
20.7126
14.5309
10.0676
6.88598
4.76828
3.68739
3.67921
4.70824
6.61946
28.498
19.6188
13.3078
8.86288
5.78676
3.86965
3.13745
3.6556
5.37355
8.13062
28.7806
19.114
12.4973
7.94898
4.90691
3.15515
2.76956
3.82898
6.27121
10.0083
29.5147
19.0765
11.9666
7.22276
4.17908
2.57577
2.53013
4.11504
7.27508
12.0797
31.5304
19.3922
11.5586
6.58454
3.54558
2.08894
2.3651
4.42925
8.26829
14.1733
32.7853
19.29
10.9929
5.92969
2.96233
1.66469
2.22928
4.70473
9.16866
16.183
33.1532
18.9254
10.3649
5.29738
2.43942
1.29619
2.09297
4.89806
9.92148
18.023
33.093
18.4041
9.68796
4.6781
1.96651
0.976193
1.93965
4.99023
10.4994
19.6334
32.495
17.5701
8.86515
4.02587
1.52675
0.701749
1.76301
4.97577
10.8897
20.9651
31.323
16.3639
7.86335
3.33424
1.12378
0.477038
1.56044
4.8438
11.0528
21.8825
29.7839
14.8416
6.72531
2.63873
0.776454
0.306626
1.33344
4.58756
10.9665
22.3098
27.8943
13.0483
5.52237
1.98949
0.502284
0.189194
1.09007
4.20729
10.6354
22.282
25.5862
11.0549
4.34552
1.43376
0.307464
0.116536
0.847923
3.71531
10.0765
21.8819
22.1442
8.85609
3.27648
1.00111
0.184487
0.0765989
0.631346
3.14322
9.28272
20.999
17.8381
6.77536
2.41783
0.696277
0.115167
0.0520186
0.431798
2.47934
8.22188
19.871
12.2497
4.81825
1.73352
0.481501
0.0740477
0.0345846
0.266195
1.76893
6.70669
17.3701
8.64578
3.37932
1.21912
0.326848
0.0479299
0.0240232
0.155491
1.17665
5.20025
14.1097
4.98024
2.14354
0.814509
0.211112
0.0308527
0.018032
0.0870411
0.7202
3.89554
11.7467
2.85704
1.34567
0.520325
0.123796
0.0200618
0.0150194
0.0492381
0.392432
2.68101
9.89135
1.57341
0.813283
0.292347
0.0606885
0.0144982
0.0137183
0.0311669
0.184561
1.50765
7.35475
0.918382
0.456286
0.124192
0.0270257
0.0128285
0.0132354
0.0240774
0.0808252
0.559521
2.65037
0.272396
0.266853
0.261052
0.255077
0.249008
0.242917
0.236869
0.230918
0.225107
0.219469
0.214023
0.208775
0.20372
0.198842
0.194118
0.189515
0.184994
0.180511
0.176019
0.171465
0.166796
0.161957
0.156894
0.15156
0.145926
0.139943
0.133672
0.126922
0.119522
0.11139
0.102452
0.092668
0.0820429
0.0707952
0.0601217
0.0493995
0.038511
0.0274847
0.0168751
0.00642643
0.130413
0.128281
0.126021
0.123657
0.121213
0.118711
0.116173
0.113617
0.111059
0.108514
0.105991
0.103498
0.101039
0.0986152
0.0962245
0.0938627
0.0915229
0.0891962
0.0868719
0.0845373
0.0821786
0.0797807
0.0773279
0.0748042
0.0721928
0.0694745
0.0666284
0.0636153
0.0604044
0.0570036
0.0533911
0.0495681
0.0455612
0.0414471
0.0373927
0.0332862
0.0291545
0.0252703
0.022896
0.0375275
0.104584
0.103115
0.101547
0.099893
0.0981676
0.0963835
0.0945537
0.09269
0.0908032
0.0889031
0.0869977
0.0850935
0.0831954
0.0813065
0.0794284
0.0775608
0.0757021
0.073849
0.071997
0.0701401
0.0682714
0.0663827
0.0644652
0.0625089
0.0605034
0.0584372
0.0562983
0.0540743
0.0517555
0.0493374
0.0468157
0.0442119
0.0415469
0.0388559
0.0361996
0.0336638
0.0314472
0.0301693
0.0323472
0.0609455
0.0954551
0.0942549
0.092968
0.0916039
0.0901724
0.0886837
0.0871477
0.0855738
0.0839711
0.0823475
0.0807102
0.0790652
0.0774171
0.0757695
0.0741244
0.0724828
0.0708445
0.0692081
0.0675711
0.0659302
0.0642811
0.0626189
0.0609383
0.0592334
0.0574982
0.0557271
0.0539147
0.0520573
0.0501534
0.0482047
0.0462169
0.0442027
0.0421812
0.0401919
0.0383056
0.0366573
0.0355789
0.0359562
0.0413029
0.0828206
0.0917023
0.0906476
0.089512
0.0883032
0.0870293
0.085699
0.0843211
0.082904
0.0814561
0.0799848
0.0784969
0.0769979
0.0754924
0.0739838
0.0724744
0.0709654
0.0694572
0.0679491
0.0664398
0.0649274
0.0634094
0.0618832
0.0603457
0.0587944
0.0572266
0.055641
0.0540369
0.0524159
0.0507818
0.0491415
0.0475062
0.0458922
0.0443241
0.0428415
0.041517
0.0405122
0.0402352
0.0417559
0.0493153
0.100085
0.0904308
0.0894673
0.0884257
0.0873123
0.0861342
0.0848994
0.0836162
0.0822929
0.0809378
0.0795582
0.0781608
0.0767512
0.075334
0.0739124
0.0724888
0.0710646
0.0696403
0.0682158
0.0667906
0.0653638
0.0639341
0.0625005
0.061062
0.0596183
0.0581696
0.0567173
0.0552647
0.053817
0.0523826
0.0509734
0.0496067
0.048306
0.0471044
0.0460507
0.0452257
0.0447901
0.045153
0.0475285
0.056759
0.112576
0.0905574
0.0896583
0.0886816
0.0876326
0.0865175
0.085344
0.0841201
0.0828544
0.0815553
0.0802309
0.0788879
0.0775324
0.076169
0.0748012
0.0734313
0.072061
0.0706911
0.0693217
0.067953
0.0665847
0.0652167
0.0638491
0.0624824
0.0611177
0.0597574
0.058405
0.0570661
0.0557489
0.0544652
0.0532314
0.0520713
0.0510181
0.05012
0.0494483
0.0491106
0.0492769
0.0502691
0.0533318
0.0639997
0.124385
0.091582
0.0907342
0.089808
0.0888073
0.0877374
0.0866051
0.0854186
0.084187
0.0829194
0.0816245
0.0803101
0.0789828
0.0776477
0.0763088
0.0749687
0.0736292
0.0722915
0.0709562
0.0696238
0.0682945
0.0669691
0.0656485
0.064334
0.0630281
0.061734
0.0604566
0.0592027
0.0579818
0.0568075
0.0556985
0.054682
0.0537976
0.0531055
0.0526999
0.052733
0.0534529
0.0551915
0.0590747
0.0721098
0.159291
0.0932384
0.0924378
0.0915574
0.0905987
0.0895654
0.0884632
0.0873004
0.0860865
0.0848319
0.0835465
0.0822396
0.0809189
0.0795908
0.0782599
0.0769296
0.0756021
0.0742788
0.0729607
0.0716487
0.0703437
0.0690467
0.0677592
0.0664834
0.065222
0.063979
0.0627597
0.0615715
0.0604242
0.0593312
0.0583113
0.057391
0.0566093
0.0560254
0.0557343
0.0558962
0.0567975
0.0589238
0.0632794
0.0756835
0.153736
0.0953663
0.0946158
0.0937839
0.092869
0.0918718
0.090796
0.0896489
0.0884412
0.0871847
0.0858913
0.0845725
0.0832382
0.0818972
0.0805556
0.0792175
0.0778857
0.0765619
0.0752475
0.0739436
0.0726516
0.0713729
0.0701093
0.0688635
0.0676386
0.0664391
0.0652708
0.0641414
0.063061
0.0620436
0.0611082
0.0602818
0.0596038
0.0591344
0.0589698
0.0592733
0.0603409
0.0627405
0.0677452
0.0801687
0.141352
0.0978555
0.097163
0.0963892
0.0955281
0.0945751
0.0935289
0.0923948
0.0911829
0.0899085
0.088589
0.0872401
0.0858748
0.0845033
0.0831338
0.0817726
0.0804226
0.079086
0.0777644
0.0764593
0.0751722
0.0739049
0.0726597
0.0714394
0.070248
0.0690903
0.067973
0.0669047
0.0658969
0.0649651
0.0641308
0.0634243
0.0628894
0.0625922
0.0626358
0.0631893
0.0645469
0.0672733
0.0726852
0.0855867
0.146745
0.100616
0.0999932
0.0992931
0.0985043
0.097614
0.0966107
0.0954907
0.094264
0.0929552
0.0915904
0.0901923
0.0887785
0.0873616
0.0859507
0.0845537
0.0831744
0.0818154
0.0804784
0.0791651
0.0778771
0.0766164
0.0753859
0.0741887
0.0730293
0.0719136
0.0708491
0.0698457
0.0689167
0.06808
0.0673598
0.0667901
0.0664193
0.0663188
0.0665977
0.0674324
0.0691325
0.0723194
0.0785696
0.0938518
0.16669
0.103567
0.103024
0.102416
0.101726
0.10093
0.0999972
0.0989011
0.0976501
0.0962879
0.0948567
0.0933902
0.091912
0.0904368
0.0889744
0.0875319
0.0861151
0.0847263
0.0833674
0.0820402
0.0807464
0.0794883
0.0782688
0.0770918
0.0759623
0.0748868
0.0738739
0.0729349
0.0720847
0.0713429
0.0707362
0.0703013
0.0700902
0.0701784
0.0706816
0.0717893
0.0738432
0.0775597
0.0848251
0.102898
0.190754
0.10663
0.106174
0.105675
0.105113
0.104453
0.103641
0.102594
0.101313
0.099874
0.098355
0.0968048
0.0952503
0.093707
0.0921846
0.0906897
0.0892286
0.0878038
0.0864172
0.0850707
0.0837659
0.0825054
0.0812923
0.0801307
0.0790261
0.0779858
0.0770193
0.0761386
0.0753598
0.0747042
0.0741999
0.073886
0.0738171
0.0740735
0.0747798
0.0761435
0.0785485
0.082817
0.0911396
0.111983
0.214646
0.109735
0.109362
0.108979
0.108566
0.108087
0.107469
0.106527
0.10523
0.103689
0.102068
0.10043
0.0987949
0.0971759
0.0955837
0.0940268
0.0925121
0.0910429
0.0896211
0.0882483
0.0869261
0.0856568
0.0844435
0.0832906
0.0822039
0.081191
0.080262
0.0794298
0.0787111
0.078128
0.0777104
0.0774988
0.0775511
0.0779531
0.0788397
0.0804397
0.0831824
0.0879952
0.0973579
0.120868
0.237652
0.11283
0.112526
0.112253
0.112002
0.111746
0.111413
0.110749
0.109371
0.107717
0.106027
0.104319
0.102595
0.10088
0.0991952
0.0975564
0.0959711
0.0944444
0.092977
0.0915692
0.0902217
0.0889361
0.0877154
0.0865636
0.0854867
0.0844925
0.0835913
0.0827964
0.0821251
0.0816002
0.0812525
0.0811246
0.0812777
0.0818034
0.0828479
0.0846619
0.0877192
0.0930475
0.103396
0.129414
0.25951
0.115876
0.115606
0.1154
0.115262
0.11518
0.115119
0.114912
0.113777
0.112017
0.110305
0.108546
0.106699
0.10484
0.103024
0.101275
0.0995999
0.0980024
0.0964796
0.0950291
0.0936497
0.0923419
0.0911078
0.0899509
0.0888771
0.087894
0.087012
0.0862444
0.085609
0.085129
0.0848363
0.0847751
0.0850098
0.0856383
0.0868178
0.08882
0.0921611
0.0979617
0.10922
0.137568
0.28011
0.118844
0.118547
0.118322
0.118168
0.118079
0.118034
0.117997
0.117716
0.116386
0.114507
0.112795
0.110866
0.108875
0.10694
0.105095
0.103344
0.101682
0.100107
0.098616
0.0972055
0.0958752
0.0946267
0.093463
0.0923895
0.0914135
0.0905452
0.089798
0.0891897
0.088744
0.0884933
0.0884836
0.0887823
0.0894928
0.0907829
0.0929439
0.0965304
0.102748
0.114826
0.145299
0.299357
0.121765
0.121404
0.121113
0.120888
0.120717
0.120572
0.12041
0.120135
0.119569
0.118491
0.116626
0.114733
0.112743
0.110777
0.108903
0.107124
0.105432
0.103829
0.102313
0.100882
0.0995388
0.0982833
0.0971185
0.0960491
0.095082
0.0942271
0.0934978
0.0929118
0.0924928
0.092274
0.0923025
0.0926484
0.0934203
0.0947949
0.097081
0.100868
0.107438
0.120227
0.152596
0.317143
0.124675
0.124228
0.123851
0.123538
0.123273
0.123035
0.122787
0.122486
0.122086
0.121542
0.120579
0.118559
0.11647
0.114515
0.112668
0.11091
0.109229
0.107623
0.106105
0.104676
0.103339
0.102094
0.100943
0.099891
0.0989425
0.0981075
0.0973993
0.0968354
0.0964397
0.0962456
0.0963014
0.0966792
0.0974915
0.0989232
0.101298
0.105234
0.112083
0.125461
0.159468
0.333364
0.127608
0.127059
0.126579
0.126161
0.12579
0.125446
0.125101
0.124718
0.124258
0.123679
0.122919
0.121792
0.11997
0.117986
0.116264
0.114619
0.113001
0.11144
0.109959
0.108571
0.107277
0.106077
0.10497
0.103958
0.103048
0.102248
0.101571
0.101035
0.100664
0.100492
0.100567
0.100963
0.101796
0.103257
0.105681
0.109713
0.116758
0.130591
0.165948
0.347942
0.130599
0.129934
0.129338
0.128801
0.12831
0.127843
0.127377
0.126879
0.126312
0.125639
0.124823
0.123836
0.12265
0.121147
0.119461
0.118079
0.116621
0.115179
0.113816
0.112543
0.111359
0.110259
0.10924
0.108306
0.107464
0.106723
0.106097
0.105602
0.105262
0.105112
0.105202
0.105606
0.106442
0.107905
0.110341
0.114413
0.12157
0.135716
0.172115
0.36084
0.133684
0.132897
0.132178
0.131516
0.130898
0.130306
0.129716
0.129104
0.12844
0.127695
0.126843
0.125874
0.124797
0.123657
0.122473
0.121133
0.119935
0.11881
0.117703
0.116649
0.115656
0.114718
0.113836
0.11302
0.112281
0.11163
0.111078
0.110642
0.110346
0.110225
0.110328
0.110732
0.111556
0.112999
0.115411
0.119469
0.126659
0.140983
0.178124
0.372107
0.136903
0.135995
0.135154
0.134371
0.133631
0.13292
0.13222
0.131512
0.130777
0.129997
0.129162
0.12827
0.127337
0.126391
0.125441
0.124382
0.123296
0.122489
0.12179
0.12106
0.120324
0.119594
0.118884
0.118218
0.117617
0.11709
0.116642
0.116286
0.116047
0.115961
0.116079
0.116477
0.117277
0.118679
0.121038
0.12504
0.132192
0.146575
0.184208
0.382056
0.140299
0.13928
0.138328
0.137433
0.136584
0.135769
0.134973
0.134184
0.13339
0.132582
0.131757
0.130919
0.130076
0.129239
0.128412
0.127604
0.126863
0.126295
0.126094
0.1259
0.125513
0.125027
0.124516
0.124031
0.12361
0.12325
0.122937
0.122679
0.122507
0.122461
0.122593
0.122981
0.123749
0.125097
0.127381
0.131294
0.138357
0.152704
0.190611
0.391574
0.143926
0.142813
0.141767
0.140779
0.139839
0.138937
0.138063
0.137208
0.136365
0.135532
0.134707
0.133898
0.133114
0.132371
0.131687
0.131092
0.130649
0.130427
0.130573
0.131123
0.131364
0.131198
0.130903
0.130617
0.130413
0.13027
0.130117
0.129965
0.129863
0.129855
0.129997
0.13037
0.131098
0.132384
0.134585
0.138395
0.145346
0.159615
0.19771
0.40163
0.147855
0.146673
0.145557
0.144499
0.143491
0.142525
0.141595
0.140695
0.139823
0.138979
0.138167
0.137396
0.13668
0.136041
0.135508
0.135124
0.134949
0.135064
0.135579
0.136668
0.137843
0.138185
0.138145
0.138078
0.138133
0.138249
0.138278
0.138243
0.138217
0.138245
0.138389
0.138737
0.139417
0.140635
0.142751
0.146463
0.153314
0.16753
0.205886
0.413396
0.152183
0.15096
0.149801
0.148699
0.147648
0.146644
0.145684
0.144767
0.143893
0.143068
0.142299
0.141599
0.140988
0.140493
0.14015
0.140007
0.140124
0.140568
0.141424
0.142797
0.144629
0.145736
0.146146
0.146451
0.146867
0.147291
0.147543
0.147646
0.147684
0.147723
0.147842
0.148139
0.14875
0.149885
0.151911
0.155536
0.162329
0.176598
0.21552
0.428192
0.15703
0.155797
0.154622
0.153502
0.152434
0.151419
0.150456
0.14955
0.148707
0.147935
0.147247
0.14666
0.146199
0.145894
0.145785
0.145921
0.146361
0.147165
0.148403
0.150157
0.152643
0.154741
0.155694
0.156404
0.157149
0.157819
0.158231
0.158397
0.158419
0.158398
0.158426
0.158613
0.1591
0.160107
0.162014
0.165551
0.172341
0.186839
0.226853
0.447337
0.162534
0.161321
0.160159
0.159047
0.157989
0.156989
0.156053
0.155191
0.154412
0.153732
0.153168
0.152743
0.152483
0.152424
0.152605
0.153079
0.153907
0.155161
0.156949
0.159433
0.162897
0.166179
0.167662
0.168597
0.169508
0.170254
0.170638
0.170687
0.170554
0.170357
0.170191
0.170168
0.170434
0.171222
0.172934
0.176346
0.183172
0.198113
0.239929
0.471877
0.168842
0.167682
0.166561
0.165487
0.164467
0.163513
0.162637
0.161855
0.161184
0.160646
0.160265
0.16007
0.160095
0.160378
0.160965
0.161913
0.163269
0.165106
0.167534
0.170735
0.174993
0.179271
0.181334
0.182473
0.18352
0.184319
0.184629
0.184495
0.184123
0.183649
0.183169
0.182799
0.1827
0.183124
0.184509
0.1877
0.194551
0.210125
0.254552
0.501996
0.176106
0.175032
0.173987
0.172984
0.172038
0.171166
0.170391
0.169737
0.169229
0.168897
0.168775
0.1689
0.169314
0.170061
0.171193
0.172761
0.174791
0.177334
0.180469
0.184332
0.189147
0.194147
0.196807
0.198201
0.199321
0.200092
0.200278
0.199925
0.199242
0.19837
0.197417
0.196521
0.195866
0.195735
0.196616
0.199438
0.206235
0.222523
0.270164
0.537088
0.184469
0.183525
0.182599
0.181709
0.180882
0.180143
0.179526
0.179062
0.178789
0.178748
0.178981
0.179537
0.180466
0.181823
0.183662
0.186009
0.188891
0.192346
0.196462
0.201397
0.20739
0.213461
0.216354
0.21767
0.2185
0.218832
0.218505
0.217599
0.216303
0.214746
0.213057
0.211389
0.209949
0.209054
0.20924
0.211524
0.218131
0.235078
0.286184
0.575633
0.194067
0.193308
0.192555
0.191839
0.191193
0.190658
0.190276
0.190094
0.190161
0.190528
0.191252
0.192393
0.194017
0.196195
0.198997
0.202442
0.206563
0.211396
0.217023
0.2236
0.231512
0.239066
0.241527
0.241953
0.241878
0.241265
0.23993
0.237954
0.235561
0.232919
0.230169
0.22747
0.225037
0.223204
0.222544
0.224147
0.230412
0.247844
0.30226
0.615384
0.205017
0.204514
0.204011
0.203547
0.203172
0.202938
0.202907
0.203139
0.203699
0.204651
0.206064
0.208014
0.210589
0.213895
0.218024
0.22303
0.228971
0.235889
0.243797
0.252558
0.262198
0.269479
0.270784
0.270182
0.269003
0.267035
0.264122
0.260552
0.256677
0.252673
0.248663
0.244798
0.241288
0.238464
0.236913
0.237776
0.243585
0.261273
0.318511
0.654441
0.217413
0.217261
0.217106
0.217001
0.217013
0.217216
0.217694
0.218532
0.219815
0.22162
0.224026
0.227116
0.231003
0.235828
0.241701
0.248729
0.257007
0.266591
0.277383
0.289283
0.300638
0.305246
0.304781
0.302418
0.299191
0.294989
0.28995
0.284559
0.279096
0.273699
0.26847
0.26353
0.259057
0.255362
0.253021
0.253193
0.258508
0.276238
0.335634
0.692059
0.231326
0.231641
0.231958
0.232345
0.232891
0.233701
0.234894
0.236598
0.238932
0.241999
0.245878
0.250637
0.256387
0.263314
0.271573
0.28132
0.292756
0.306155
0.32145
0.337287
0.349254
0.349406
0.345165
0.339127
0.332259
0.324775
0.317161
0.309817
0.302829
0.296225
0.290025
0.284277
0.279107
0.274782
0.271852
0.271476
0.27634
0.293971
0.35491
0.729114
0.246784
0.247707
0.248647
0.249687
0.250939
0.252549
0.254691
0.257561
0.261358
0.266249
0.272327
0.279603
0.288118
0.298069
0.309812
0.323559
0.339317
0.357367
0.378742
0.402682
0.409965
0.402315
0.390947
0.378777
0.366767
0.355584
0.345556
0.336603
0.328486
0.321065
0.314258
0.308046
0.302494
0.297823
0.294553
0.293831
0.29838
0.315934
0.37814
0.76815
0.263756
0.265452
0.267193
0.269074
0.271228
0.273837
0.27714
0.281434
0.287058
0.294355
0.303581
0.314728
0.32722
0.3412
0.357525
0.377116
0.399075
0.421036
0.447862
0.479477
0.480465
0.455243
0.431388
0.412661
0.397744
0.385288
0.374554
0.365122
0.356675
0.349033
0.342097
0.335823
0.330238
0.325529
0.322198
0.321395
0.325889
0.343638
0.407469
0.813221
0.28212
0.284764
0.287506
0.290443
0.293715
0.297524
0.302155
0.307992
0.315535
0.325395
0.338266
0.354696
0.373679
0.392787
0.412487
0.432322
0.454555
0.485599
0.520972
0.52313
0.496001
0.471262
0.451919
0.436765
0.424434
0.413881
0.404525
0.396035
0.388226
0.381048
0.374503
0.368582
0.363301
0.358839
0.355721
0.355144
0.359969
0.378461
0.444951
0.86966
0.301631
0.305369
0.309283
0.313465
0.318047
0.323223
0.329276
0.336607
0.345787
0.357576
0.372705
0.39055
0.411017
0.432839
0.454037
0.477237
0.507454
0.535316
0.534987
0.517058
0.499617
0.484753
0.472599
0.46255
0.453929
0.446205
0.439009
0.432073
0.425318
0.418902
0.412985
0.407609
0.402762
0.398654
0.395914
0.395844
0.401463
0.421499
0.492416
0.943258
0.322016
0.326911
0.332071
0.337577
0.343545
0.350147
0.357622
0.366308
0.376727
0.389547
0.405208
0.423172
0.443486
0.466318
0.491942
0.519393
0.540243
0.542385
0.535107
0.526398
0.518046
0.510604
0.504039
0.498061
0.492481
0.487142
0.4818
0.476171
0.470293
0.464568
0.459219
0.454261
0.449656
0.445752
0.443383
0.444013
0.450893
0.473435
0.551151
1.03925
0.343254
0.349303
0.35569
0.362477
0.369765
0.377712
0.386527
0.396483
0.407968
0.421581
0.437951
0.457784
0.480836
0.506506
0.533929
0.553
0.558586
0.558607
0.557186
0.555188
0.552929
0.550657
0.548048
0.544977
0.541625
0.538026
0.533929
0.529135
0.524011
0.519025
0.514152
0.509299
0.504603
0.500689
0.498625
0.500053
0.508579
0.534622
0.621871
1.16164
0.365885
0.373137
0.380762
0.38879
0.397306
0.406455
0.416424
0.427428
0.43975
0.453742
0.469887
0.488617
0.50987
0.532664
0.554058
0.570044
0.579737
0.586473
0.591609
0.595406
0.598123
0.599982
0.600813
0.600486
0.599135
0.596861
0.593639
0.5897
0.585544
0.581206
0.576605
0.571849
0.567226
0.563485
0.561829
0.56417
0.574682
0.605212
0.704939
1.31284
0.390835
0.399606
0.408766
0.41827
0.428181
0.438645
0.449802
0.46178
0.474767
0.48907
0.50495
0.522463
0.541379
0.560912
0.579525
0.595905
0.609958
0.622132
0.632537
0.64123
0.648527
0.654492
0.658837
0.661304
0.661908
0.66101
0.659037
0.656283
0.652865
0.648853
0.644489
0.640079
0.635937
0.632813
0.632031
0.63579
0.648958
0.685137
0.800563
1.4941
0.419338
0.430033
0.441141
0.45263
0.464494
0.47677
0.489504
0.502798
0.516857
0.531913
0.548105
0.565481
0.583861
0.602697
0.621193
0.63885
0.655411
0.670752
0.684759
0.69733
0.708358
0.717503
0.72439
0.728849
0.731086
0.731524
0.730516
0.728244
0.72495
0.721017
0.716819
0.712687
0.709063
0.706838
0.707422
0.713379
0.730353
0.773951
0.908935
1.70651
0.452736
0.466054
0.479803
0.493942
0.508419
0.523185
0.538222
0.553604
0.569499
0.586074
0.603473
0.621788
0.640952
0.66059
0.680328
0.699801
0.718708
0.736757
0.753631
0.768974
0.782398
0.793458
0.801795
0.807311
0.810239
0.810968
0.809865
0.807233
0.803448
0.798975
0.794289
0.789866
0.786354
0.784793
0.786828
0.795482
0.817319
0.870422
1.02981
1.95192
0.492394
0.509222
0.526551
0.54424
0.562199
0.580327
0.598547
0.616885
0.635477
0.654475
0.674019
0.694247
0.715135
0.736531
0.758199
0.779835
0.8011
0.821598
0.840845
0.858256
0.873192
0.885111
0.893729
0.899076
0.901448
0.901279
0.899021
0.89512
0.890049
0.884331
0.878525
0.873255
0.869328
0.867922
0.870954
0.882037
0.909021
0.973503
1.16256
2.23277
0.539717
0.561032
0.582953
0.605292
0.627871
0.650471
0.67296
0.695321
0.717639
0.74003
0.762633
0.785598
0.809037
0.832867
0.856915
0.880906
0.904474
0.92716
0.948344
0.967175
0.982727
0.994335
1.00188
1.00563
1.00605
1.00371
0.999176
0.993013
0.985789
0.978092
0.970556
0.963911
0.959092
0.957462
0.96125
0.97463
1.0068
1.08318
1.3052
2.55022
0.595733
0.622752
0.650571
0.678902
0.707462
0.735955
0.76415
0.791926
0.81927
0.846236
0.872932
0.899499
0.926202
0.953033
0.97987
1.00645
1.03233
1.05698
1.07963
1.09902
1.11384
1.12342
1.1281
1.12858
1.12555
1.1197
1.11173
1.10227
1.09197
1.08149
1.07152
1.0629
1.05669
1.05445
1.05876
1.07443
1.11213
1.20115
1.45917
2.90239
0.661258
0.695395
0.730682
0.766706
0.80305
0.839305
0.875107
0.910181
0.944352
0.97754
1.00975
1.04106
1.07166
1.10193
1.13183
1.1612
1.18948
1.21594
1.23957
1.25807
1.26968
1.27475
1.27456
1.27007
1.26212
1.25149
1.23893
1.22515
1.21081
1.19665
1.18345
1.17214
1.16393
1.16062
1.16512
1.18299
1.22637
1.32862
1.62425
3.28689
0.736758
0.779618
0.824207
0.869993
0.916415
0.962902
1.00891
1.05394
1.09757
1.13946
1.17934
1.217
1.2524
1.28607
1.3184
1.3498
1.38044
1.40894
1.43237
1.44628
1.45154
1.45041
1.44401
1.43323
1.41906
1.40245
1.3842
1.36499
1.34556
1.3267
1.30928
1.29439
1.28341
1.27836
1.28258
1.30237
1.35153
1.46787
1.80345
3.70268
0.822475
0.87582
0.931776
0.98971
1.04892
1.10867
1.16821
1.22678
1.28364
1.338
1.38902
1.43586
1.47761
1.51345
1.54378
1.57601
1.60776
1.63347
1.65062
1.65921
1.65989
1.65329
1.64025
1.62219
1.60067
1.57697
1.55188
1.52608
1.50033
1.47552
1.45269
1.43309
1.41831
1.41065
1.41388
1.43514
1.49006
1.62149
2.00153
4.15415
0.918988
0.98472
1.05425
1.12687
1.20176
1.27803
1.35476
1.43103
1.50582
1.57796
1.64606
1.70728
1.7539
1.77832
1.80963
1.83955
1.86563
1.88624
1.89935
1.90421
1.90045
1.8881
1.86799
1.84179
1.8119
1.78008
1.74703
1.71336
1.67988
1.64765
1.61795
1.59225
1.57238
1.56096
1.56225
1.5843
1.64476
1.79188
2.21933
4.65695
1.02865
1.10895
1.19445
1.28437
1.37783
1.4737
1.57101
1.66896
1.76675
1.86385
1.95797
2.0339
2.05811
2.08534
2.11599
2.14453
2.16843
2.1852
2.19357
2.19296
2.18295
2.16335
2.13484
2.09921
2.05943
2.01814
1.97569
1.93258
1.88975
1.84844
1.81012
1.77655
1.74989
1.73317
1.73126
1.75328
1.81925
1.9838
2.46583
5.23442
1.15837
1.25622
1.36075
1.47102
1.58592
1.7043
1.82528
1.94818
2.07249
2.19778
2.31804
2.38514
2.41614
2.45623
2.49294
2.5235
2.54476
2.55502
2.55425
2.54312
2.52199
2.4912
2.45165
2.4045
2.35234
2.29936
2.24524
2.19062
2.13641
2.08389
2.03474
1.99106
1.95544
1.9314
1.92454
1.94525
2.01622
2.19947
2.74366
5.88562
1.32113
1.44111
1.56946
1.70498
1.8463
1.99199
2.14112
2.29337
2.44886
2.60798
2.76708
2.84279
2.90229
2.95247
2.99667
3.02799
3.04244
3.03905
3.01899
2.98584
2.94238
2.89096
2.83335
2.76992
2.70134
2.63218
2.56343
2.49505
2.4271
2.36077
2.29807
2.2415
2.19416
2.16024
2.14621
2.16391
2.23908
2.44196
3.05469
6.6166
1.54188
1.69297
1.85442
2.02447
2.20127
2.38323
2.56967
2.76159
2.96138
3.1748
3.41302
3.52477
3.64412
3.68034
3.71833
3.74097
3.73763
3.70554
3.64476
3.56597
3.47817
3.38725
3.29674
3.20615
3.11408
3.02444
2.93816
2.85394
2.77036
2.68715
2.60703
2.53382
2.47133
2.42432
2.40038
2.41304
2.49142
2.71502
3.40377
7.44194
1.85911
2.05666
2.26824
2.49165
2.72436
2.96374
3.20752
3.4548
3.70865
3.9736
4.24855
4.52858
4.69883
4.7763
4.79774
4.78426
4.74142
4.65519
4.50797
4.33135
4.15687
3.98806
3.834
3.69698
3.57659
3.46936
3.3675
3.26763
3.16824
3.06848
2.96778
2.87263
2.79063
2.7271
2.69022
2.69567
2.77642
3.02219
3.79568
8.37601
2.32914
2.60165
2.89659
3.21193
3.54442
3.88913
4.23887
4.5836
4.91757
5.251
5.58944
5.91365
6.14778
6.2776
6.31298
6.26565
6.15142
5.95517
5.64223
5.27971
4.94821
4.6547
4.40288
4.19613
4.02912
3.8942
3.78487
3.68923
3.59053
3.48377
3.3716
3.25528
3.14933
3.06648
3.01521
3.0124
3.09558
3.36585
4.23405
9.43133
3.0415
3.43674
3.87372
4.35533
4.88225
5.44844
6.03694
6.58351
7.04874
7.48233
7.88754
8.15975
8.26071
8.20532
8.01481
7.74039
7.43642
7.14622
6.8428
6.37969
5.80749
5.324
4.94312
4.64989
4.42657
4.25603
4.12327
4.01989
3.9415
3.86356
3.76939
3.65432
3.53045
3.4288
3.3659
3.35812
3.44669
3.74565
4.71953
10.613
4.12624
4.71144
5.37564
6.14099
7.03486
8.07539
9.32135
10.2721
10.8572
11.2497
11.2798
11.0109
10.559
9.99573
9.42764
8.93802
8.51782
8.04438
7.46134
6.89049
6.38885
5.83707
5.3578
4.99569
4.72769
4.52884
4.37914
4.26391
4.17822
4.12466
4.08384
4.00694
3.89146
3.78346
3.7196
3.71814
3.821
4.15608
5.2467
11.906
5.76202
6.60422
7.55967
8.68087
10.0695
11.6338
12.8192
13.4003
13.3422
12.773
11.9793
11.1434
10.3449
9.63006
9.02745
8.52918
8.08455
7.63661
7.2085
6.81498
6.38928
5.90998
5.46916
5.12915
4.87533
4.68387
4.53678
4.42297
4.33576
4.27954
4.26273
4.24867
4.17491
4.08639
4.04436
4.06888
4.20173
4.58404
5.80048
13.2638
8.19001
9.2438
10.2836
11.2603
12.0292
12.3377
12.0974
11.6104
11.0388
10.446
9.85989
9.29714
8.76888
8.28302
7.84508
7.4541
7.09694
6.75825
6.43644
6.13327
5.83664
5.52868
5.24746
5.01825
4.8378
4.69379
4.57738
4.48355
4.40907
4.35465
4.33427
4.35358
4.3441
4.3058
4.31296
4.38641
4.5677
5.00925
6.35464
14.603
11.3183
11.8671
11.9298
11.634
11.0977
10.5343
10.0081
9.51263
9.03815
8.58723
8.16345
7.76892
7.40347
7.06554
6.75426
6.46793
6.20047
5.94499
5.70055
5.4693
5.25256
5.05463
4.88713
4.75488
4.65205
4.57044
4.50394
4.44857
4.40215
4.36444
4.34516
4.35726
4.38602
4.42627
4.50772
4.65024
4.89657
5.40771
6.878
15.8177
12.9763
12.232
11.3742
10.5338
9.76633
9.09992
8.53005
8.0403
7.61332
7.23657
6.90162
6.60202
6.33176
6.08521
5.85768
5.64489
5.44247
5.24831
5.06417
4.89351
4.7404
4.61089
4.51135
4.44235
4.39797
4.37076
4.35396
4.34215
4.33165
4.32115
4.31464
4.32596
4.3774
4.48056
4.63227
4.84045
5.15358
5.74283
7.35693
17.0219
12.4834
11.2759
10.2345
9.3451
8.58726
7.94481
7.40232
6.94406
6.55507
6.22273
5.93722
5.69048
5.47514
5.28453
5.11213
4.95156
4.79835
4.65227
4.51723
4.39765
4.2972
4.21956
4.16729
4.14166
4.13917
4.15284
4.17543
4.20063
4.22385
4.2439
4.26543
4.30276
4.37924
4.50937
4.69248
4.93583
5.28832
5.92659
7.63639
17.856
11.4646
10.1843
9.13167
8.2647
7.54679
6.94907
6.44958
6.03075
5.6785
5.3816
5.13173
4.9221
4.74604
4.59721
4.46884
4.35292
4.24253
4.13733
4.04528
3.97249
3.91962
3.88609
3.87516
3.88572
3.91434
3.9557
4.00403
4.05435
4.10336
4.15105
4.20278
4.26995
4.36812
4.50931
4.69968
4.9531
5.32143
5.98474
7.74769
18.2542
10.401
9.1052
8.07427
7.24894
6.58339
6.04146
5.59519
5.22394
4.91382
4.65532
4.44208
4.26968
4.1328
4.02479
3.93918
3.86296
3.78374
3.71106
3.66009
3.63314
3.62477
3.63341
3.65696
3.69376
3.74168
3.79773
3.85859
3.92144
3.98502
4.05047
4.12224
4.20824
4.31856
4.46271
4.65022
4.90042
5.26901
5.93842
7.71662
18.2717
9.316
8.04309
7.06564
6.31064
5.72131
5.25348
4.87416
4.56029
4.29908
4.08494
3.91257
3.77944
3.68115
3.6083
3.55091
3.49754
3.44409
3.40495
3.39367
3.4089
3.44224
3.48564
3.53432
3.58578
3.639
3.69416
3.75156
3.81142
3.87449
3.94265
4.01931
4.10974
4.22078
4.36023
4.53891
4.77911
5.13905
5.80106
7.5615
17.9477
8.22781
7.04102
6.16683
5.5223
5.04082
4.67026
4.37339
4.12519
3.91274
3.73572
3.59577
3.49459
3.42647
3.37976
3.34201
3.30436
3.2729
3.26199
3.2838
3.34185
3.4209
3.49598
3.55333
3.59426
3.6266
3.65678
3.68891
3.7261
3.77068
3.8248
3.89094
3.97245
4.07399
4.20208
4.36769
4.59423
4.9405
5.58536
7.29884
17.3141
7.18968
6.15941
5.44809
4.96219
4.62327
4.36985
4.15881
3.96261
3.77648
3.62001
3.50947
3.44253
3.4032
3.37514
3.34837
3.32607
3.31931
3.32491
3.35512
3.43815
3.57197
3.70421
3.76633
3.75805
3.72558
3.69325
3.67098
3.66291
3.67098
3.69615
3.73932
3.8019
3.88658
3.99859
4.14839
4.35915
4.68848
5.30827
6.94853
16.413
6.26448
5.46512
4.97942
4.69704
4.52297
4.3822
4.22268
4.02726
3.83481
3.6954
3.62206
3.59824
3.59558
3.59192
3.57105
3.54591
3.53638
3.56813
3.5993
3.66408
3.81429
4.05374
4.21679
4.12482
3.95497
3.80062
3.68718
3.61286
3.57153
3.55888
3.57233
3.61074
3.67483
3.76837
3.90084
4.0944
4.40398
4.99136
6.53511
15.3033
5.52085
5.0285
4.82554
4.77369
4.75295
4.66746
4.46508
4.19926
3.98425
3.87206
3.85832
3.90793
3.97182
4.01486
3.96946
3.83348
3.70877
3.65291
3.6267
3.64558
3.75267
3.97453
4.28042
4.44442
4.22454
3.90675
3.68835
3.54687
3.45967
3.41274
3.39874
3.41405
3.45786
3.53288
3.64763
3.82278
4.10963
4.65741
6.08506
14.0584
5.03958
4.92618
5.04644
5.21685
5.27627
5.09415
4.70884
4.34276
4.12377
4.06926
4.15818
4.33651
4.47536
4.42529
4.21783
3.91317
3.67634
3.53534
3.47186
3.48174
3.57256
3.73639
3.92516
4.06522
4.07249
3.85134
3.59107
3.42325
3.31696
3.2536
3.22366
3.22299
3.25072
3.30942
3.40711
3.563
3.82413
4.32565
5.62218
12.7532
4.90928
5.23617
5.69361
6.02177
5.96025
5.42888
4.80971
4.38008
4.1881
4.22287
4.46175
4.72538
4.67382
4.39635
4.04637
3.72682
3.49952
3.36802
3.31522
3.32532
3.38924
3.49791
3.62306
3.71553
3.72315
3.56503
3.37276
3.23446
3.14117
3.08205
3.05001
3.04277
3.06058
3.10664
3.18895
3.32538
3.55849
4.00853
5.16438
11.4464
5.212
6.02873
6.80813
7.09469
6.50393
5.51104
4.73001
4.27394
4.11693
4.2308
4.53768
4.6873
4.46362
4.12856
3.76952
3.484
3.30534
3.21311
3.17884
3.18132
3.20997
3.26529
3.33503
3.38591
3.37206
3.24503
3.11144
3.01367
2.9469
2.90374
2.8794
2.87331
2.88703
2.92453
2.99388
3.11175
3.31631
3.7138
4.73335
10.1968
6.01117
7.36456
8.39059
8.13973
6.67186
5.35062
4.48375
4.02013
3.87715
4.0032
4.26841
4.33542
4.10507
3.77889
3.47624
3.26686
3.15246
3.10173
3.074
3.04769
3.02849
3.03218
3.05573
3.07341
3.04072
2.93873
2.84846
2.78641
2.74642
2.72196
2.70973
2.70982
2.72425
2.75731
2.81697
2.91876
3.09712
3.4465
4.34493
9.07816
7.34856
9.30228
10.1603
8.69147
6.56289
5.04892
4.13991
3.66751
3.50059
3.56214
3.78927
3.88483
3.65588
3.35986
3.14719
3.03073
2.9909
2.99115
2.96646
2.8986
2.83075
2.79393
2.7876
2.78388
2.72482
2.6485
2.59548
2.56329
2.54612
2.53881
2.53925
2.54743
2.56523
2.59676
2.64954
2.73776
2.89222
3.19597
3.97678
8.05835
9.25744
11.8665
11.751
8.66874
6.2054
4.63918
3.73709
3.27056
3.08472
3.09401
3.26424
3.34451
3.13301
2.93069
2.80235
2.75999
2.80387
2.85034
2.79966
2.70125
2.60964
2.55488
2.53204
2.49139
2.42919
2.38463
2.35907
2.34879
2.3488
2.35551
2.36705
2.38312
2.40517
2.43679
2.4847
2.5615
2.69418
2.95441
3.62285
7.13286
11.8101
14.6126
12.6582
8.58454
5.85854
4.25745
3.36753
2.90566
2.68838
2.62109
2.65788
2.76009
2.72284
2.57024
2.47998
2.4791
2.56765
2.64356
2.59466
2.4951
2.40154
2.34277
2.29773
2.22916
2.17703
2.14954
2.14051
2.14425
2.15622
2.1733
2.19347
2.2161
2.24212
2.27443
2.31871
2.38578
2.49872
2.71841
3.28425
6.30131
15.1853
17.4274
12.6063
8.14503
5.42418
3.91692
3.08208
2.61978
2.37257
2.25407
2.21092
2.20647
2.2039
2.17603
2.15328
2.18638
2.28607
2.37777
2.37292
2.31106
2.24671
2.19507
2.09214
2.00275
1.95622
1.93782
1.93797
1.9501
1.9698
1.99385
2.02008
2.04754
2.07666
2.10958
2.15086
2.2095
2.30481
2.48808
2.96423
5.56001
19.0681
20.255
12.9038
7.95958
5.22595
3.74214
2.92556
2.45255
2.17572
2.02307
1.93842
1.88569
1.85424
1.84474
1.86189
1.91696
2.02599
2.1908
2.23067
2.18805
2.19045
2.07149
1.9021
1.80732
1.76151
1.74651
1.75089
1.76751
1.7916
1.81976
1.84969
1.8802
1.91125
1.94426
1.98274
2.03394
2.11378
2.26538
2.66522
4.89907
23.1323
23.0698
13.6365
8.17891
5.26403
3.72569
2.90194
2.41431
2.10598
1.92478
1.80733
1.71872
1.66106
1.6411
1.66165
1.72629
1.84913
2.05416
2.12497
2.14677
2.18244
1.9383
1.74179
1.637
1.58842
1.57376
1.5797
1.59824
1.62423
1.65421
1.68583
1.71769
1.7494
1.78176
1.81733
1.86183
1.92832
2.05328
2.39011
4.30434
27.2508
25.8434
14.6833
8.61875
5.45296
3.81537
2.96403
2.47023
2.15818
1.9592
1.80495
1.65909
1.56063
1.52347
1.54061
1.61255
1.75657
2.00501
2.10973
2.29171
2.09306
1.75339
1.56705
1.47083
1.42779
1.41641
1.42419
1.44365
1.47007
1.50023
1.5319
1.56364
1.59477
1.62564
1.65804
1.69639
1.75143
1.85421
2.13858
3.76378
31.297
28.7709
15.972
9.22159
5.74535
3.97206
3.07248
2.5892
2.30419
2.09367
1.85367
1.63441
1.50621
1.45493
1.46615
1.54128
1.70117
1.90713
2.07143
2.05912
1.70543
1.49103
1.36877
1.30493
1.27782
1.27385
1.28461
1.30477
1.33073
1.35992
1.39038
1.42075
1.45023
1.47883
1.50771
1.5403
1.58541
1.66962
1.90971
3.26939
35.1584
31.8624
17.4731
9.94495
6.10575
4.167
3.20459
2.72504
2.40118
2.10658
1.82812
1.6019
1.45981
1.39492
1.3941
1.45635
1.50573
1.60884
1.6427
1.48254
1.34231
1.24491
1.18546
1.15459
1.14408
1.1478
1.16141
1.1818
1.20663
1.23399
1.26231
1.29037
1.31735
1.34301
1.36808
1.39517
1.43152
1.49993
1.70161
2.81736
38.6419
34.588
18.991
10.6975
6.48874
4.37031
3.31855
2.79829
2.41195
2.03625
1.74752
1.54685
1.41253
1.32832
1.28243
1.26094
1.25397
1.22886
1.20049
1.14888
1.09912
1.06187
1.03907
1.02918
1.02981
1.0387
1.05391
1.07379
1.09687
1.1218
1.14734
1.17244
1.1963
1.21855
1.2396
1.2614
1.28995
1.34468
1.51221
2.40519
41.2431
36.8007
20.3066
11.368
6.84232
4.56291
3.41744
2.83313
2.39006
1.97827
1.68389
1.48322
1.34099
1.23019
1.14468
1.0847
1.0455
1.01545
0.990529
0.967156
0.947671
0.934297
0.927813
0.927969
0.934051
0.945197
0.960504
0.979039
0.999835
1.0219
1.04425
1.06597
1.0863
1.10483
1.12171
1.13844
1.16
1.20298
1.34004
2.02915
42.7412
38.237
21.0794
11.7863
7.09275
4.72414
3.51601
2.87457
2.39176
1.97047
1.66875
1.45169
1.2893
1.16066
1.06279
0.993175
0.944136
0.909134
0.883886
0.8657
0.853479
0.846739
0.845097
0.848122
0.855322
0.86616
0.880045
0.896315
0.914237
0.933014
0.951816
0.969834
0.986366
1.00095
1.01362
1.02555
1.04093
1.07389
1.18343
1.68308
43.2908
38.9241
21.0053
11.8176
7.19459
4.85743
3.65185
2.99284
2.4879
2.04481
1.71775
1.47533
1.29096
1.14986
1.0453
0.967587
0.909935
0.867465
0.836583
0.81475
0.800224
0.791767
0.788463
0.78958
0.794496
0.80263
0.813406
0.826213
0.840392
0.855227
0.869968
0.883867
0.896268
0.90673
0.915268
0.922862
0.933011
0.957419
1.04062
1.36946
43.3551
38.9259
20.7398
11.7254
7.27468
5.04497
3.89015
3.23679
2.70593
2.21765
1.84667
1.57067
1.364
1.20997
1.09258
1.0018
0.93163
0.877703
0.836708
0.806163
0.784169
0.769227
0.760137
0.755922
0.755765
0.758946
0.764797
0.77266
0.781874
0.791744
0.801547
0.810578
0.818257
0.824251
0.828674
0.832477
0.83842
0.854599
0.908451
1.09707
42.6603
38.7127
20.5268
11.7438
7.51423
5.42807
4.34724
3.70096
3.10359
2.52879
2.09339
1.77371
1.53775
1.35673
1.21385
1.10018
1.00973
0.93802
0.881668
0.838016
0.804886
0.780438
0.763108
0.751601
0.744824
0.741831
0.741777
0.743859
0.747312
0.751411
0.755445
0.758748
0.760857
0.761536
0.760999
0.760023
0.76019
0.764888
0.785588
0.874878
42.4064
42.3149
21.7951
12.4792
8.26207
6.26366
5.2497
4.56478
3.80052
3.05935
2.52795
2.14423
1.8499
1.6144
1.42382
1.26944
1.14476
1.04474
0.965386
0.903319
0.855577
0.819513
0.792903
0.773991
0.761332
0.753631
0.749655
0.748247
0.748311
0.748905
0.749164
0.748253
0.74546
0.740165
0.732511
0.723655
0.714444
0.703216
0.68897
0.72464
40.1494
43.3205
24.1203
14.1986
9.83877
7.87794
6.89507
6.12505
4.98928
3.99258
3.30242
2.78408
2.36566
2.02223
1.74143
1.51352
1.33035
1.18497
1.07127
0.983686
0.917157
0.867321
0.830892
0.805462
0.789123
0.780175
0.776992
0.778224
0.7827
0.789216
0.796384
0.802593
0.805666
0.803268
0.794338
0.780494
0.762786
0.733834
0.681711
0.701903
31.6138
41.9023
24.8693
16.5226
12.3671
10.6027
9.79964
8.73128
7.00383
5.67679
4.69688
3.88855
3.20535
2.64234
2.18847
1.82897
1.54841
1.33297
1.17036
1.04939
0.960251
0.895094
0.848413
0.816614
0.797197
0.788272
0.78843
0.796862
0.813242
0.836949
0.867021
0.902371
0.940699
0.978151
1.01146
1.04032
1.06411
1.07643
1.07353
1.26954
26.1678
36.9741
26.2514
20.3507
17.3344
15.7578
15.216
13.7017
11.0382
9.00931
7.34948
5.85657
4.58667
3.57038
2.78566
2.19465
1.75933
1.44533
1.2224
1.06549
0.954672
0.875801
0.819862
0.781524
0.757638
0.746392
0.746974
0.759459
0.784669
0.823888
0.879216
0.954153
1.05375
1.18451
1.35424
1.56739
1.82753
2.20856
2.87362
3.94603
24.2361
37.5224
32.1171
33.7125
32.7535
28.4649
26.4942
23.4202
19.4091
15.9943
12.73
9.61915
6.99833
4.97889
3.52365
2.53183
1.87797
1.45373
1.17965
1.00224
0.883249
0.800612
0.7419
0.699631
0.670331
0.653102
0.647597
0.654627
0.675881
0.71371
0.771001
0.853268
0.974986
1.16395
1.46151
1.89016
2.31277
2.77172
3.46875
6.14787
23.602
57.2996
53.3684
73.7565
83.7955
66.8545
54.9326
47.2807
40.1665
32.5637
24.6513
17.0509
11.153
6.97377
4.13966
2.52873
1.71112
1.25982
0.995792
0.852682
0.753721
0.683952
0.635037
0.594065
0.558398
0.533241
0.516844
0.510526
0.516949
0.539225
0.575455
0.614978
0.660106
0.732614
0.861417
1.02823
1.22929
1.56832
2.53302
7.50607
5.69298
33.5327
31.1016
11.7523
17.5781
162.981
123.957
89.2094
65.1936
51.3118
41.0707
28.8164
15.9871
4.15272
1.6136
1.12693
1.08923
0.868182
0.596481
0.599545
0.584694
0.542629
0.533048
0.495492
0.435228
0.409413
0.380327
0.350038
0.324044
0.306032
0.295406
0.281154
0.259618
0.240428
0.232395
0.237598
0.261731
0.346408
0.846683
8.68188
0.00644408
0.0164649
0.0274082
0.0385269
0.0491634
0.059365
0.0691695
0.0785959
0.087665
0.0964091
0.104872
0.113107
0.121173
0.129128
0.137028
0.14492
0.152842
0.160819
0.168865
0.176977
0.185143
0.193338
0.201523
0.209655
0.217679
0.225542
0.233199
0.240637
0.247935
0.25539
0.262557
0.269203
0.275271
0.280726
0.285532
0.289657
0.293072
0.295752
0.297682
0.298854
0.0378151
0.0253948
0.0274877
0.031569
0.0360766
0.0405859
0.044979
0.0492396
0.053383
0.0574304
0.0614009
0.0653104
0.0691709
0.0729913
0.0767775
0.0805318
0.0842536
0.0879387
0.0915799
0.0951671
0.098688
0.102129
0.105475
0.108713
0.111831
0.11482
0.117681
0.120425
0.123077
0.125691
0.128189
0.13051
0.132625
0.134514
0.136166
0.13757
0.13872
0.139608
0.14023
0.140584
0.0715448
0.0370509
0.0338082
0.0348614
0.0371773
0.039963
0.0429314
0.0459666
0.0490197
0.0520693
0.0551046
0.0581188
0.0611069
0.0640641
0.0669856
0.0698662
0.0726998
0.0754796
0.0781981
0.0808472
0.0834188
0.0859049
0.0882984
0.0905932
0.0927854
0.0948733
0.0968581
0.0987438
0.100537
0.102244
0.103846
0.105326
0.106668
0.107862
0.108902
0.10978
0.110493
0.111036
0.111407
0.111604
0.101613
0.0480454
0.0405319
0.0394401
0.040326
0.042055
0.0442014
0.046571
0.0490639
0.0516234
0.0542144
0.0568132
0.0594026
0.0619695
0.0645035
0.0669957
0.0694378
0.0718227
0.074143
0.0763921
0.0785637
0.0806523
0.082653
0.0845621
0.0863774
0.0880976
0.0897228
0.0912543
0.0926932
0.0940406
0.0952907
0.0964356
0.0974684
0.0983831
0.0991751
0.0998407
0.100377
0.10078
0.10105
0.101184
0.12965
0.0583909
0.0471145
0.0442594
0.0440353
0.0449775
0.0465316
0.0484355
0.0505473
0.0527819
0.0550853
0.0574204
0.0597616
0.0620897
0.0643905
0.0666526
0.0688669
0.0710252
0.0731207
0.0751471
0.0770989
0.0789711
0.0807597
0.0824616
0.0840744
0.0855966
0.0870277
0.0883675
0.0896161
0.0907734
0.0918383
0.0928065
0.0936743
0.0944385
0.0950964
0.0956458
0.0960846
0.0964113
0.0966249
0.0967245
0.155786
0.0680734
0.0534039
0.0490221
0.0478864
0.0482118
0.0493162
0.0508728
0.0527027
0.0546983
0.056791
0.058935
0.0610984
0.0632584
0.0653981
0.0675048
0.069568
0.0715794
0.0735317
0.0754186
0.0772344
0.0789743
0.0806341
0.0822103
0.0837004
0.0851023
0.0864148
0.0876373
0.0887693
0.0898109
0.0907619
0.0916209
0.0923859
0.0930553
0.0936277
0.094102
0.0944774
0.0947532
0.094929
0.0950046
0.178794
0.0768174
0.059231
0.0535582
0.0516952
0.0515548
0.0523279
0.0536281
0.0552463
0.0570593
0.0589895
0.0609858
0.0630131
0.0650464
0.0670674
0.069062
0.0710192
0.0729297
0.0747858
0.0765807
0.0783082
0.0799631
0.0815404
0.0830363
0.0844475
0.0857713
0.0870061
0.0881508
0.0892049
0.0901684
0.0910416
0.091825
0.0925179
0.0931198
0.0936303
0.0940495
0.0943775
0.0946144
0.0947606
0.0948164
0.200137
0.0840134
0.0642473
0.057683
0.0553559
0.0549229
0.0554761
0.0565932
0.0580512
0.0597208
0.0615216
0.0634004
0.0653208
0.0672566
0.0691883
0.071101
0.0729828
0.0748236
0.076615
0.0783492
0.0800196
0.0816197
0.083144
0.0845878
0.0859467
0.0872178
0.0883988
0.0894884
0.0904861
0.091392
0.0922068
0.092932
0.0935684
0.0941165
0.094577
0.0949507
0.0952386
0.0954418
0.0955614
0.0955982
0.199707
0.0877839
0.0682526
0.0614489
0.0589253
0.0583289
0.0587322
0.0597107
0.0610417
0.0625965
0.0642942
0.0660811
0.0679195
0.0697823
0.0716491
0.073504
0.0753343
0.0771291
0.0788792
0.0805759
0.0822115
0.0837785
0.0852704
0.0866812
0.0880057
0.0892402
0.0903819
0.0914295
0.0923825
0.0932416
0.094008
0.0946835
0.095271
0.0957717
0.0961871
0.0965192
0.0967696
0.0969404
0.0970334
0.0970502
0.190352
0.0917647
0.0724677
0.0654041
0.0626298
0.0618352
0.0620828
0.0629361
0.0641625
0.0656282
0.0672494
0.0689697
0.0707504
0.0725629
0.0743862
0.0762037
0.0780021
0.07977
0.0814973
0.0831746
0.0847929
0.0863437
0.0878188
0.0892108
0.0905136
0.0917221
0.0928334
0.0938461
0.0947604
0.0955774
0.0962993
0.0969286
0.0974696
0.0979246
0.0982961
0.0985867
0.0987992
0.0989363
0.0990007
0.0989948
0.191703
0.095686
0.0764609
0.0693035
0.0663657
0.0654083
0.065521
0.0662665
0.0674084
0.0688072
0.0703751
0.0720503
0.0737927
0.0755728
0.0773689
0.0791642
0.0809451
0.0827
0.0844184
0.0860904
0.0877057
0.0892541
0.0907256
0.0921107
0.0934013
0.0945913
0.0956773
0.0966583
0.0975355
0.0983113
0.098989
0.0995723
0.100065
0.100473
0.100799
0.101046
0.101218
0.101319
0.101351
0.101318
0.200134
0.10025
0.0805814
0.0732929
0.0702234
0.069134
0.0691326
0.0697854
0.0708533
0.0721925
0.0737112
0.0753481
0.0770612
0.0788167
0.0805929
0.0823727
0.0841428
0.085892
0.0876098
0.0892858
0.090909
0.0924672
0.0939475
0.0953367
0.0966237
0.0978006
0.0988634
0.0998126
0.100651
0.101383
0.102014
0.102548
0.102991
0.103349
0.103626
0.103826
0.103953
0.104012
0.104007
0.103942
0.214185
0.10663
0.0854962
0.077761
0.0744541
0.0731955
0.0730629
0.0736116
0.074596
0.0758676
0.0773309
0.0789219
0.0805959
0.0823211
0.0840737
0.0858349
0.0875918
0.0893339
0.0910516
0.0927349
0.0943725
0.0959505
0.0974523
0.0988585
0.100151
0.101319
0.102358
0.103273
0.104068
0.104752
0.105332
0.105813
0.106201
0.106505
0.106728
0.106876
0.106954
0.106965
0.106916
0.106811
0.232342
0.113686
0.0910233
0.0827743
0.0791797
0.0777184
0.0774282
0.0778495
0.0787288
0.0799129
0.0813028
0.0828313
0.0844514
0.0861295
0.087842
0.0895721
0.0913042
0.0930289
0.0947381
0.0964234
0.0980745
0.0996777
0.101213
0.102653
0.103966
0.105128
0.106139
0.107011
0.107756
0.108387
0.10891
0.109334
0.109664
0.109908
0.110073
0.110162
0.110183
0.110139
0.110038
0.109884
0.249086
0.12173
0.0973847
0.0884631
0.0844988
0.0827877
0.0823061
0.082571
0.0833192
0.0843917
0.0856856
0.0871308
0.0886774
0.0902899
0.0919433
0.0936204
0.0953094
0.096999
0.0986828
0.100355
0.102008
0.103631
0.105207
0.106703
0.108057
0.10921
0.110179
0.110999
0.111689
0.112261
0.112725
0.113089
0.113357
0.113537
0.113636
0.113661
0.113617
0.11351
0.113346
0.113133
0.265141
0.130303
0.104377
0.0947835
0.0904219
0.0884305
0.0877297
0.0878133
0.0884069
0.0893461
0.0905239
0.0918669
0.0933221
0.0948512
0.0964271
0.0980321
0.0996556
0.10129
0.102927
0.104565
0.106198
0.107818
0.109416
0.110966
0.112379
0.113519
0.114436
0.115204
0.115841
0.116358
0.116764
0.117064
0.117266
0.117377
0.117404
0.117356
0.117238
0.117058
0.116822
0.116538
0.281783
0.139712
0.112177
0.101819
0.0969977
0.0946838
0.0937323
0.0936088
0.0940258
0.0948121
0.0958563
0.0970814
0.0984308
0.0998619
0.101344
0.102859
0.104397
0.105954
0.107524
0.109102
0.110686
0.112267
0.113834
0.115358
0.116773
0.117969
0.118878
0.119614
0.12021
0.120676
0.121021
0.121255
0.121385
0.121419
0.121366
0.121235
0.121034
0.12077
0.120451
0.120085
0.301286
0.150443
0.12089
0.109644
0.10429
0.1016
0.100359
0.0999978
0.100213
0.100826
0.101719
0.102813
0.104045
0.105366
0.106737
0.10814
0.109571
0.111025
0.112498
0.113985
0.115481
0.116976
0.118461
0.119921
0.121342
0.122619
0.123551
0.124261
0.124811
0.125216
0.125491
0.125648
0.125696
0.125644
0.125501
0.12528
0.124988
0.124632
0.124221
0.123763
0.326496
0.162568
0.130669
0.118378
0.112387
0.109252
0.10767
0.107033
0.107017
0.10743
0.10815
0.109094
0.110196
0.111395
0.112637
0.113901
0.115199
0.116528
0.117884
0.119258
0.120642
0.122027
0.123414
0.124806
0.126214
0.127503
0.128441
0.129114
0.129605
0.129938
0.130132
0.130203
0.130161
0.130019
0.129784
0.129468
0.129081
0.128629
0.128121
0.127564
0.354447
0.176845
0.141783
0.128128
0.121357
0.117698
0.115724
0.114774
0.114494
0.114678
0.115195
0.115958
0.116901
0.117951
0.119034
0.120136
0.121283
0.122478
0.123706
0.124956
0.126217
0.12748
0.128751
0.130048
0.131382
0.132594
0.13348
0.134094
0.134516
0.134771
0.134883
0.134867
0.134737
0.134505
0.13418
0.133773
0.133293
0.132748
0.132143
0.131486
0.389247
0.192807
0.154073
0.138874
0.131231
0.126992
0.12459
0.123297
0.122726
0.122652
0.122934
0.123475
0.1242
0.125013
0.125881
0.126831
0.127836
0.128887
0.129972
0.13108
0.132201
0.133327
0.13446
0.135618
0.136813
0.137877
0.138649
0.13918
0.139522
0.139698
0.139725
0.139621
0.139402
0.139081
0.138671
0.13818
0.137615
0.136984
0.136289
0.135534
0.427621
0.210402
0.167562
0.150676
0.14209
0.137226
0.134361
0.132693
0.131798
0.131427
0.131427
0.13169
0.132135
0.13267
0.133303
0.13408
0.134915
0.13578
0.136678
0.137603
0.138552
0.139518
0.140499
0.141497
0.142515
0.14341
0.144049
0.144482
0.144728
0.144801
0.14472
0.144505
0.144178
0.143758
0.143258
0.142688
0.142049
0.141343
0.140569
0.139723
0.469296
0.229484
0.18231
0.163634
0.154044
0.148515
0.145151
0.143073
0.141815
0.141103
0.14077
0.140701
0.140819
0.141059
0.141419
0.141939
0.142547
0.143186
0.143859
0.144567
0.145309
0.146091
0.146923
0.147819
0.148743
0.149516
0.150009
0.150278
0.150343
0.150231
0.149968
0.149583
0.149105
0.148555
0.147952
0.147303
0.146603
0.145841
0.145004
0.144078
0.514648
0.250362
0.198516
0.177918
0.167254
0.161011
0.157112
0.15459
0.152933
0.151844
0.151142
0.150708
0.150463
0.150354
0.150354
0.150525
0.150854
0.15126
0.151714
0.152216
0.152761
0.153354
0.154007
0.154742
0.155502
0.156085
0.156391
0.15645
0.156285
0.155935
0.155438
0.154837
0.154168
0.153463
0.152743
0.152018
0.151276
0.15049
0.149618
0.148627
0.564306
0.273352
0.216418
0.193736
0.181915
0.174908
0.170432
0.167427
0.165332
0.163824
0.162708
0.16186
0.161202
0.160683
0.160277
0.160042
0.160012
0.160122
0.160311
0.160569
0.160882
0.161243
0.161652
0.162107
0.162562
0.162881
0.162966
0.162803
0.162404
0.161807
0.16106
0.16022
0.159338
0.158459
0.157614
0.156817
0.156057
0.155291
0.154435
0.153402
0.619201
0.298841
0.236304
0.21135
0.19828
0.190451
0.185356
0.181828
0.17925
0.17727
0.175678
0.174346
0.173199
0.172194
0.171311
0.170601
0.170113
0.169811
0.169638
0.16957
0.169586
0.169669
0.169804
0.169952
0.170053
0.17003
0.169826
0.169399
0.168737
0.167864
0.166841
0.165737
0.164622
0.163555
0.162576
0.161708
0.160946
0.160244
0.159477
0.158416
0.680568
0.327315
0.25854
0.231097
0.216684
0.207983
0.20223
0.198138
0.195028
0.192514
0.190371
0.188468
0.186734
0.185134
0.183661
0.182367
0.181297
0.18045
0.179794
0.179299
0.178941
0.178686
0.178489
0.178286
0.17799
0.177568
0.177029
0.176302
0.175327
0.174123
0.172771
0.171367
0.169999
0.168736
0.167626
0.166691
0.165926
0.165302
0.164677
0.163608
0.750336
0.359424
0.283667
0.25346
0.237582
0.227952
0.221507
0.216815
0.213122
0.210005
0.207218
0.204629
0.202172
0.199829
0.197613
0.195577
0.193759
0.192186
0.190852
0.189754
0.188888
0.188225
0.187676
0.18705
0.186219
0.185311
0.184438
0.183427
0.182095
0.180478
0.178724
0.176972
0.175329
0.173871
0.172642
0.171652
0.170886
0.170276
0.169703
0.168639
0.83029
0.396142
0.31227
0.278959
0.261512
0.250929
0.243787
0.238479
0.23416
0.230354
0.226802
0.223369
0.220004
0.216713
0.213534
0.210519
0.20771
0.205158
0.202888
0.20093
0.199322
0.198066
0.19706
0.195961
0.19451
0.193075
0.191911
0.190629
0.188848
0.186719
0.184498
0.182367
0.180448
0.178811
0.177485
0.176467
0.175703
0.175151
0.174635
0.173308
0.920285
0.437652
0.3448
0.308167
0.289134
0.277651
0.269869
0.263971
0.258994
0.254406
0.249925
0.245424
0.240877
0.23632
0.231823
0.227473
0.223351
0.2195
0.215975
0.212833
0.210161
0.207997
0.206349
0.20482
0.202745
0.200773
0.199294
0.197794
0.195422
0.192649
0.189923
0.187433
0.185285
0.183528
0.182173
0.181183
0.180526
0.180136
0.179321
0.177758
1.02117
0.48445
0.381828
0.341772
0.321264
0.309052
0.300786
0.294388
0.288742
0.283241
0.27758
0.271657
0.265498
0.259203
0.252905
0.246739
0.240815
0.235219
0.230056
0.225405
0.221407
0.218157
0.21564
0.213392
0.210612
0.207808
0.205554
0.20371
0.201144
0.197886
0.194766
0.19205
0.189803
0.188039
0.186733
0.185873
0.185419
0.184827
0.183672
0.182259
1.13371
0.537323
0.424059
0.380607
0.358905
0.346316
0.337886
0.33119
0.324905
0.318308
0.311072
0.303152
0.294691
0.285926
0.277094
0.268387
0.259975
0.252037
0.244738
0.238223
0.232641
0.227975
0.224049
0.220482
0.216945
0.213625
0.210799
0.208281
0.205408
0.202103
0.198972
0.196289
0.194112
0.192452
0.191323
0.190673
0.190104
0.189259
0.188249
0.187177
1.25833
0.596678
0.472239
0.425632
0.403277
0.390952
0.382956
0.376394
0.369616
0.361704
0.35228
0.341401
0.329457
0.316997
0.304417
0.29196
0.280097
0.269253
0.259492
0.250889
0.243558
0.237351
0.232016
0.22727
0.222976
0.219132
0.215695
0.212421
0.209129
0.205918
0.202963
0.200436
0.19841
0.19695
0.196003
0.195323
0.194686
0.194058
0.193418
0.192743
1.39511
0.663165
0.527173
0.477904
0.455795
0.444825
0.438348
0.43279
0.425961
0.416568
0.404084
0.388702
0.371228
0.352828
0.334514
0.317181
0.301262
0.286947
0.274378
0.263511
0.254273
0.24643
0.239741
0.234006
0.228982
0.224466
0.220296
0.216416
0.212886
0.209739
0.206987
0.20471
0.202919
0.201613
0.200766
0.200235
0.199879
0.199599
0.199345
0.199088
1.54638
0.738256
0.589843
0.538492
0.517972
0.510132
0.507082
0.504201
0.498352
0.487532
0.470949
0.448899
0.422393
0.394403
0.368057
0.344429
0.323524
0.305244
0.289469
0.276015
0.264634
0.25501
0.246849
0.239901
0.233923
0.228714
0.224137
0.220117
0.216634
0.213685
0.211186
0.209157
0.207611
0.206561
0.205997
0.205766
0.205746
0.205847
0.206017
0.206214
1.72309
0.824594
0.661015
0.608129
0.591252
0.58953
0.593388
0.59654
0.594035
0.582247
0.559382
0.525612
0.483576
0.441751
0.405038
0.373562
0.346604
0.323658
0.304252
0.287926
0.274228
0.262736
0.25309
0.244991
0.238173
0.232414
0.227558
0.22349
0.220115
0.217348
0.215126
0.213474
0.212354
0.211722
0.211534
0.211691
0.212099
0.212675
0.21335
0.214066
1.92584
0.919635
0.739364
0.686412
0.676596
0.686171
0.70355
0.719995
0.72712
0.716086
0.677537
0.61357
0.549398
0.491951
0.443265
0.40269
0.368957
0.340959
0.317751
0.298523
0.28259
0.269383
0.258444
0.249406
0.24195
0.23581
0.230771
0.226679
0.223415
0.220899
0.219065
0.217855
0.217215
0.217078
0.217382
0.218047
0.218987
0.220118
0.221365
0.222662
2.15112
1.01843
0.820527
0.770213
0.772572
0.801331
0.843483
0.887726
0.918314
0.904
0.807343
0.708435
0.61747
0.541191
0.479129
0.42897
0.388404
0.355513
0.328772
0.306973
0.28917
0.274618
0.262736
0.253062
0.245213
0.238879
0.233819
0.229858
0.22686
0.224716
0.223332
0.222622
0.222513
0.22293
0.223799
0.225038
0.226564
0.228294
0.230153
0.232068
2.38678
1.11128
0.896921
0.853016
0.874
0.932645
1.01708
1.11483
1.18749
1.07836
0.944133
0.799783
0.678732
0.582955
0.50792
0.449032
0.402564
0.365667
0.336196
0.312541
0.293494
0.278132
0.265753
0.25581
0.247874
0.24161
0.236765
0.233138
0.230565
0.228914
0.228072
0.22794
0.228428
0.229454
0.230934
0.232787
0.23493
0.237282
0.239768
0.242318
2.61623
1.18765
0.959482
0.925225
0.970174
1.06891
1.2143
1.38466
1.34298
1.19254
1.04799
0.862355
0.717992
0.607997
0.523968
0.459342
0.409227
0.370042
0.339173
0.314707
0.295239
0.279716
0.267357
0.25758
0.249932
0.244062
0.239692
0.236603
0.234616
0.233585
0.233384
0.233904
0.235048
0.236726
0.238852
0.241343
0.244119
0.2471
0.250214
0.253396
2.82228
1.24103
0.999934
0.975359
1.04364
1.18183
1.38535
1.45504
1.31382
1.23313
1.06306
0.870342
0.721741
0.608898
0.523109
0.457548
0.407073
0.367907
0.337302
0.313254
0.294296
0.279339
0.267588
0.258454
0.25148
0.246309
0.242659
0.240303
0.239057
0.238766
0.239299
0.240541
0.242392
0.244758
0.247554
0.250697
0.254109
0.257714
0.261446
0.265247
2.93548
1.25321
1.00664
0.989174
1.07131
1.22889
1.38955
1.34197
1.25782
1.19025
1.00851
0.829881
0.691669
0.586097
0.505539
0.443868
0.396383
0.359585
0.330914
0.308494
0.290945
0.277249
0.266651
0.25859
0.252631
0.24843
0.245717
0.24427
0.243904
0.244464
0.245815
0.24784
0.250439
0.253521
0.257002
0.260803
0.264848
0.269065
0.273396
0.277793
2.94063
1.21882
0.974061
0.959041
1.04337
1.20214
1.29135
1.22164
1.18367
1.08578
0.904797
0.753489
0.635644
0.544697
0.474656
0.420627
0.378796
0.346276
0.320922
0.301147
0.285768
0.273902
0.264894
0.258244
0.253566
0.250552
0.248953
0.24856
0.249193
0.250696
0.25293
0.255782
0.259157
0.262971
0.267147
0.27161
0.276285
0.281099
0.286006
0.290979
2.80135
1.13373
0.899725
0.879809
0.948247
1.07838
1.13347
1.09467
1.05214
0.917034
0.772698
0.656445
0.564432
0.49217
0.435633
0.391435
0.356861
0.329802
0.308645
0.292171
0.279459
0.269809
0.262689
0.257689
0.254487
0.25282
0.252471
0.253248
0.254977
0.257495
0.260659
0.264359
0.268521
0.273078
0.27796
0.283096
0.288401
0.293797
0.299266
0.304814
2.50192
1.00374
0.790727
0.761103
0.799522
0.875652
0.929528
0.916637
0.840134
0.730825
0.635014
0.554984
0.489422
0.436436
0.393991
0.360179
0.333353
0.312164
0.29554
0.282639
0.27281
0.26555
0.260465
0.25724
0.255625
0.255406
0.256397
0.258428
0.261329
0.264919
0.269024
0.273575
0.278539
0.283861
0.289469
0.295286
0.301221
0.307217
0.313284
0.319447
2.08286
0.85078
0.66544
0.626367
0.634525
0.66246
0.690674
0.676964
0.626414
0.568438
0.512858
0.463082
0.420198
0.384191
0.354475
0.330257
0.31073
0.295165
0.282939
0.273546
0.266578
0.261708
0.258672
0.257251
0.257259
0.258529
0.260905
0.264231
0.26834
0.273005
0.278046
0.28349
0.289326
0.295474
0.301843
0.308353
0.31495
0.321605
0.328322
0.335144
1.72132
0.718003
0.555737
0.510936
0.501212
0.503799
0.506715
0.49845
0.475932
0.447344
0.417356
0.388617
0.362541
0.339722
0.320282
0.304069
0.290807
0.280184
0.271909
0.265727
0.261422
0.258812
0.257741
0.258073
0.259683
0.262441
0.266208
0.27082
0.276068
0.281757
0.287871
0.294399
0.301252
0.308306
0.315467
0.322673
0.329929
0.337245
0.344644
0.352179
1.46348
0.620554
0.475311
0.42841
0.410521
0.403001
0.397783
0.390517
0.379153
0.364826
0.349153
0.3334
0.318456
0.304889
0.293021
0.282957
0.274678
0.268115
0.263181
0.259786
0.257846
0.257283
0.258029
0.260012
0.263154
0.267355
0.272476
0.278322
0.284711
0.291601
0.299007
0.306795
0.314776
0.322786
0.330738
0.338617
0.346484
0.354434
0.36253
0.37083
1.30373
0.555818
0.42157
0.374396
0.353182
0.341855
0.334208
0.327412
0.320175
0.312265
0.303893
0.295415
0.28721
0.279636
0.272951
0.267298
0.262756
0.259361
0.25713
0.256064
0.256161
0.257413
0.259809
0.263326
0.267924
0.273521
0.279975
0.287127
0.294864
0.303161
0.311977
0.321103
0.330257
0.339219
0.347906
0.356363
0.364747
0.373269
0.382067
0.391207
1.21798
0.515611
0.387346
0.340413
0.317763
0.304859
0.296513
0.290264
0.284941
0.280035
0.275333
0.27079
0.266506
0.262644
0.259349
0.256736
0.254895
0.253895
0.253794
0.25464
0.256473
0.259328
0.26323
0.268192
0.2742
0.281194
0.289067
0.2977
0.306987
0.316877
0.327256
0.337821
0.348177
0.358019
0.367258
0.376066
0.384766
0.393709
0.403148
0.413245
1.14743
0.488067
0.365118
0.319049
0.296205
0.282923
0.274495
0.268664
0.264359
0.260979
0.25818
0.255782
0.253766
0.252173
0.251067
0.25052
0.250606
0.251397
0.252963
0.255371
0.258688
0.262972
0.268276
0.274638
0.28207
0.290541
0.299976
0.310263
0.321295
0.333003
0.34518
0.357407
0.369115
0.379793
0.389318
0.398112
0.406808
0.41596
0.42598
0.437218
1.09351
0.46868
0.350387
0.305434
0.283068
0.270325
0.262234
0.256761
0.253052
0.250487
0.248697
0.247497
0.246809
0.246613
0.246925
0.247788
0.249255
0.251392
0.254272
0.257971
0.262568
0.268139
0.274758
0.282485
0.291361
0.301387
0.312527
0.324685
0.337747
0.351602
0.36598
0.380324
0.393722
0.4052
0.414536
0.422819
0.431195
0.44049
0.45124
0.463827
1.07442
0.458095
0.341509
0.297085
0.275167
0.26311
0.255565
0.250528
0.247302
0.245294
0.244143
0.243692
0.243845
0.244558
0.245829
0.247682
0.250162
0.253332
0.257264
0.262041
0.267749
0.27448
0.282323
0.291359
0.301658
0.313265
0.326191
0.340408
0.355825
0.372301
0.389517
0.406764
0.422742
0.435348
0.443378
0.450394
0.458287
0.467835
0.479484
0.493636
1.09374
0.456397
0.337561
0.292572
0.270635
0.258887
0.251853
0.24739
0.244706
0.243232
0.242635
0.242762
0.243525
0.244888
0.246847
0.249427
0.252672
0.256646
0.261427
0.267101
0.273764
0.281517
0.290462
0.300701
0.312332
0.325444
0.340112
0.356392
0.374297
0.393772
0.414572
0.436038
0.456431
0.470984
0.475854
0.48123
0.48874
0.498662
0.511324
0.527152
1.1235
0.458708
0.336757
0.290922
0.268617
0.256819
0.250078
0.24619
0.244078
0.243137
0.243048
0.243665
0.244915
0.246775
0.249251
0.252378
0.256206
0.260806
0.266261
0.272663
0.280115
0.288725
0.298606
0.309874
0.322647
0.337049
0.353213
0.371284
0.391433
0.413844
0.438749
0.466299
0.494552
0.502785
0.511213
0.515738
0.523102
0.533521
0.547384
0.565146
1.11311
0.458379
0.337087
0.291554
0.269432
0.257583
0.250862
0.247166
0.245299
0.24465
0.244886
0.245844
0.247444
0.249665
0.25252
0.256049
0.260311
0.265383
0.271352
0.278316
0.286383
0.295665
0.306278
0.318343
0.331987
0.347343
0.364562
0.383821
0.405342
0.42941
0.456443
0.487059
0.519741
0.537662
0.543144
0.551001
0.560321
0.572634
0.588954
0.609552
1.09207
0.456687
0.337812
0.293363
0.272096
0.260586
0.253906
0.250166
0.248234
0.247579
0.247901
0.249001
0.250785
0.253222
0.256321
0.260122
0.264689
0.270099
0.276442
0.283821
0.292342
0.302117
0.313264
0.325899
0.340143
0.35612
0.373957
0.393793
0.415776
0.440061
0.4668
0.496122
0.527833
0.556726
0.572444
0.584109
0.597805
0.614938
0.636247
0.662666
1.08997
0.457788
0.339644
0.295765
0.275251
0.264261
0.257847
0.254181
0.25222
0.251486
0.251753
0.252848
0.25468
0.25721
0.260443
0.264416
0.269189
0.274839
0.281457
0.289143
0.298004
0.30815
0.319692
0.332744
0.347414
0.363812
0.382039
0.402192
0.424347
0.448551
0.474798
0.502993
0.532837
0.563543
0.592665
0.616899
0.639041
0.663247
0.690912
0.72154
1.11703
0.46382
0.343146
0.298858
0.278508
0.267885
0.2618
0.258283
0.25637
0.255629
0.25587
0.256955
0.258809
0.261399
0.264728
0.268833
0.273772
0.279623
0.286476
0.294431
0.303593
0.31407
0.325972
0.339403
0.354467
0.371261
0.389874
0.410383
0.432845
0.457286
0.483678
0.511915
0.541799
0.573044
0.605169
0.637542
0.670053
0.703549
0.739448
0.779915
1.1649
0.474132
0.348351
0.302801
0.281885
0.271098
0.265127
0.261735
0.259953
0.259354
0.25972
0.26092
0.262888
0.265603
0.269076
0.273348
0.278483
0.284562
0.291678
0.299936
0.309443
0.320306
0.332635
0.346534
0.362101
0.379429
0.398606
0.419709
0.442805
0.467947
0.495167
0.524466
0.555816
0.58919
0.624668
0.66253
0.703268
0.74781
0.797735
0.855199
1.21945
0.486258
0.354332
0.307187
0.285385
0.274012
0.267875
0.264544
0.262952
0.262599
0.263215
0.264657
0.266859
0.269802
0.273508
0.278028
0.283434
0.289818
0.297283
0.305939
0.315901
0.327285
0.340202
0.354761
0.371066
0.389218
0.409312
0.43145
0.455735
0.482285
0.51124
0.542776
0.577132
0.614651
0.655858
0.70157
0.752955
0.81159
0.879507
0.959181
1.27464
0.497915
0.360057
0.311382
0.288687
0.276687
0.270306
0.267012
0.265637
0.265588
0.266538
0.268315
0.270844
0.274109
0.278141
0.283001
0.288776
0.295569
0.303499
0.312689
0.323267
0.335364
0.349103
0.36461
0.382006
0.401414
0.422967
0.446815
0.473141
0.502177
0.534229
0.569713
0.6092
0.653476
0.703614
0.761066
0.827734
0.906041
0.998976
1.11009
1.31601
0.506093
0.364496
0.314792
0.291509
0.279133
0.272655
0.269485
0.268373
0.268659
0.269976
0.272131
0.275042
0.278695
0.283127
0.288413
0.294652
0.301967
0.310493
0.320376
0.331765
0.344813
0.359671
0.376495
0.395442
0.416687
0.440427
0.466905
0.496433
0.529422
0.566425
0.608192
0.655732
0.710403
0.774007
0.8489
0.938105
1.04542
1.17548
1.33379
1.31771
0.509247
0.367936
0.318348
0.294927
0.282325
0.275731
0.272608
0.271672
0.272216
0.273847
0.276357
0.279654
0.283723
0.288605
0.294384
0.301175
0.30912
0.318378
0.329123
0.341538
0.355812
0.372139
0.390724
0.411789
0.435589
0.462429
0.492698
0.526901
0.565716
0.610052
0.661133
0.720603
0.790648
0.874155
0.974889
1.09768
1.24864
1.43525
1.66645
1.30049
0.508252
0.370123
0.321474
0.298423
0.285994
0.279456
0.276411
0.275611
0.276357
0.278254
0.28109
0.284769
0.289273
0.294646
0.300977
0.3084
0.317078
0.327203
0.338987
0.352658
0.368459
0.386649
0.407508
0.431354
0.458562
0.489595
0.525053
0.565723
0.612665
0.667301
0.731552
0.807994
0.900073
1.01236
1.15088
1.32344
1.54
1.81292
2.15712
1.27557
0.504261
0.370509
0.323432
0.301031
0.289196
0.283094
0.28037
0.279829
0.28083
0.283022
0.286215
0.290316
0.295308
0.301233
0.308188
0.316326
0.32584
0.336964
0.349964
0.36513
0.382781
0.403262
0.426963
0.454333
0.485913
0.522389
0.56465
0.613878
0.671667
0.740169
0.822305
0.922025
1.04466
1.19736
1.38965
1.63406
1.94674
2.34807
2.8629
1.24254
0.497519
0.368904
0.324132
0.3027
0.291697
0.286318
0.284117
0.283951
0.28529
0.287855
0.291495
0.296123
0.301709
0.308287
0.315962
0.324908
0.335363
0.347617
0.362005
0.378904
0.398729
0.421945
0.449083
0.480764
0.517752
0.561021
0.611844
0.67193
0.743591
0.829976
0.935383
1.06568
1.22886
1.43577
1.70101
2.04396
2.49001
3.07157
3.82897
1.20444
0.489099
0.365588
0.323546
0.303574
0.29361
0.289087
0.287438
0.287648
0.289369
0.292407
0.296642
0.301974
0.308332
0.315718
0.324238
0.334103
0.345605
0.359111
0.375044
0.393889
0.416189
0.442559
0.473704
0.510464
0.553878
0.605277
0.666419
0.739672
0.828259
0.936598
1.07075
1.23905
1.45291
1.72792
2.08515
2.55288
3.16844
3.98034
5.05058
1.17557
0.480242
0.360906
0.321208
0.303187
0.294606
0.290965
0.28982
0.290439
0.292655
0.296326
0.301382
0.307692
0.315087
0.323496
0.333023
0.343929
0.356583
0.37144
0.389036
0.409986
0.434987
0.464837
0.500454
0.542935
0.593641
0.65432
0.727297
0.815708
0.923846
1.05761
1.2251
1.43748
1.71005
2.06366
2.52658
3.13679
3.94495
5.01822
6.44521
1.15974
0.470993
0.355051
0.316785
0.300271
0.293235
0.290943
0.290744
0.292098
0.29504
0.299551
0.305681
0.31329
0.322053
0.331753
0.342492
0.354585
0.368484
0.384751
0.404045
0.427136
0.45491
0.48838
0.528712
0.57729
0.635825
0.706523
0.79231
0.897153
1.02648
1.18774
1.39119
1.65084
1.98584
2.42216
2.99484
3.75103
4.75412
6.08954
7.87286
1.13485
0.460586
0.348289
0.311266
0.295808
0.290017
0.289108
0.290343
0.292918
0.296914
0.30253
0.309966
0.319134
0.329619
0.340947
0.353159
0.366611
0.38182
0.399467
0.420338
0.445386
0.475735
0.512657
0.557592
0.612226
0.678624
0.759439
0.858191
0.97965
1.13034
1.3192
1.55848
1.86487
2.26099
2.77749
3.45569
4.35164
5.54197
7.13318
9.27579
1.09561
0.448876
0.341153
0.305867
0.291489
0.286667
0.286757
0.289333
0.293377
0.298857
0.305993
0.315005
0.325892
0.338398
0.351898
0.366014
0.380978
0.397443
0.41627
0.438353
0.46486
0.497222
0.537018
0.585986
0.646107
0.719772
0.810026
0.920907
1.05788
1.22844
1.44283
1.71504
2.06413
2.51601
3.10592
3.88215
4.91178
6.28986
8.15477
10.7108
1.05477
0.435171
0.332791
0.299819
0.286875
0.283031
0.283989
0.287763
0.293361
0.300727
0.309976
0.321178
0.334381
0.34927
0.365199
0.381634
0.398469
0.416183
0.435817
0.458464
0.485598
0.519044
0.560722
0.61268
0.677183
0.75689
0.855147
0.976383
1.12661
1.31409
1.55015
1.85032
2.23587
2.73602
3.39134
4.25908
5.42203
7.00318
9.18918
12.2607
1.00501
0.419072
0.322931
0.292469
0.281088
0.278257
0.28008
0.285038
0.292428
0.302126
0.314152
0.328427
0.344892
0.363104
0.382269
0.401498
0.420297
0.439002
0.458851
0.481237
0.507852
0.541022
0.583154
0.636632
0.703972
0.788024
0.892319
1.02154
1.18209
1.38283
1.63605
1.95876
2.37463
2.91682
3.63272
4.59185
5.89965
7.72015
10.3024
14.0397
0.94127
0.401814
0.312144
0.284174
0.274261
0.272466
0.275262
0.281563
0.290962
0.303334
0.318728
0.337082
0.358154
0.38123
0.405097
0.42825
0.449489
0.468726
0.487341
0.50758
0.531976
0.563198
0.604029
0.657267
0.72568
0.812214
0.920471
1.05527
1.2233
1.43402
1.70071
2.04218
2.48511
3.06789
3.84692
4.90726
6.38116
8.4769
11.5302
16.1422
0.868024
0.385151
0.301509
0.275928
0.267387
0.266642
0.270634
0.278502
0.29001
0.305227
0.324394
0.347685
0.374844
0.404931
0.436025
0.465313
0.490075
0.509334
0.524762
0.539984
0.559157
0.585931
0.623456
0.674666
0.742476
0.829858
0.940393
1.07899
1.25266
1.47157
1.75042
2.11056
2.58322
3.21486
4.076
5.27674
6.99393
9.51694
13.3455
19.1886
0.786975
0.366566
0.291098
0.268389
0.261391
0.261936
0.267411
0.277082
0.290891
0.309149
0.332379
0.361113
0.395544
0.434972
0.477107
0.516772
0.547933
0.567025
0.576184
0.581932
0.591542
0.610373
0.642075
0.689553
0.755462
0.842642
0.954611
1.09639
1.27545
1.50302
1.79587
2.17913
2.69082
3.38936
4.36642
5.76955
7.84243
10.9961
15.9487
23.4872
0.70409
0.346775
0.280997
0.261857
0.256972
0.25933
0.266715
0.278555
0.294982
0.316561
0.344183
0.378939
0.421807
0.472928
0.530124
0.58666
0.630389
0.649562
0.647104
0.636272
0.63015
0.636885
0.660306
0.7027
0.766138
0.853025
0.966728
1.11242
1.29826
1.53694
1.8481
2.26195
2.82539
3.61209
4.73892
6.39546
8.89721
12.7972
19.0705
28.5131
0.628124
0.326958
0.271782
0.256949
0.254964
0.259845
0.26977
0.284386
0.304025
0.329493
0.36204
0.403352
0.455427
0.519975
0.596609
0.678435
0.745355
0.765016
0.740692
0.702425
0.673154
0.663763
0.677281
0.714356
0.77591
0.863632
0.980625
1.13233
1.32786
1.58194
1.91815
2.37416
3.01038
3.92437
5.27542
7.32777
10.5216
15.5944
23.6737
35.0566
0.569348
0.309914
0.264364
0.254453
0.256145
0.264312
0.277592
0.295923
0.319855
0.350412
0.38913
0.438158
0.500331
0.578975
0.676754
0.791938
0.900146
0.917266
0.85335
0.774676
0.716134
0.688666
0.692345
0.725267
0.786602
0.877133
0.999748
1.1603
1.36894
1.6427
2.00951
2.51484
3.23299
4.28597
5.8762
8.33922
12.2255
18.463
28.2436
36.6589
0.535084
0.295833
0.259555
0.2549
0.260813
0.272979
0.290554
0.31383
0.343649
0.381314
0.428649
0.488113
0.562935
0.657099
0.774781
0.918687
1.0728
1.10181
0.973371
0.841226
0.751697
0.708523
0.705325
0.736676
0.800019
0.89545
1.02606
1.19852
1.42343
1.71979
2.11889
2.67183
3.46211
4.62691
6.39336
9.13686
13.5038
20.6422
32.1581
39.1314
0.525297
0.285999
0.25743
0.257906
0.268303
0.28509
0.307925
0.337492
0.375001
0.422135
0.481092
0.554629
0.646081
0.759088
0.896906
1.05977
1.20598
1.28946
1.06264
0.878636
0.768146
0.718023
0.714248
0.748479
0.817288
0.920432
1.06095
1.24619
1.48956
1.81006
2.24065
2.83663
3.68857
4.94893
6.87889
9.94179
15.036
23.9028
40.0929
43.95
0.535439
0.281716
0.257494
0.262241
0.277166
0.299181
0.328232
0.36526
0.411757
0.469704
0.541511
0.630011
0.738491
0.870062
1.02581
1.1804
1.36202
1.31352
1.03731
0.852893
0.751415
0.710927
0.715967
0.758743
0.836748
0.950116
1.10217
1.30071
1.55953
1.90032
2.35299
2.97279
3.85053
5.13881
7.10302
10.2366
15.4842
24.5694
39.807
44.0814
0.555797
0.2834
0.258482
0.266452
0.28607
0.313945
0.349926
0.394853
0.4502
0.517891
0.59976
0.697451
0.812235
0.942757
1.08917
1.25996
1.33018
1.10358
0.899465
0.771028
0.705635
0.688852
0.710472
0.766522
0.856491
0.981547
1.14538
1.3558
1.62603
1.97673
2.43541
3.05212
3.91255
5.16525
7.08119
10.1877
15.5606
25.2114
42.8054
49.4265
0.575609
0.281371
0.254915
0.266654
0.291372
0.325059
0.367134
0.418098
0.478746
0.549334
0.629842
0.720956
0.823346
0.939403
1.05916
1.0959
0.985111
0.843594
0.736472
0.673517
0.650571
0.661236
0.701924
0.773094
0.876459
1.01422
1.19016
1.41177
1.69119
2.04685
2.5034
3.10808
3.94744
5.17905
7.1085
10.379
16.3664
27.8187
50.4079
55.4529
0.545059
0.264927
0.245163
0.262416
0.290967
0.327967
0.372717
0.425498
0.485896
0.551828
0.620646
0.689223
0.74989
0.789559
0.793026
0.757592
0.696596
0.638947
0.601107
0.588334
0.600118
0.635013
0.694376
0.781558
0.899714
1.05148
1.24102
1.47608
1.76828
2.1346
2.59591
3.19971
4.02866
5.24507
7.18638
10.5558
16.8813
29.1268
53.035
57.4831
0.44635
0.242196
0.225707
0.245821
0.273093
0.307282
0.345348
0.386423
0.428802
0.469745
0.505291
0.532861
0.549149
0.552932
0.546256
0.53122
0.514075
0.5038
0.506778
0.525682
0.561628
0.616469
0.693652
0.797556
0.931527
1.09869
1.30397
1.55523
1.8634
2.24252
2.71125
3.3136
4.12515
5.3056
7.20986
10.5719
16.9395
29.1956
52.7907
57.8576
0.31967
0.217441
0.200052
0.213141
0.233554
0.256706
0.280662
0.304814
0.328236
0.349659
0.367486
0.380966
0.389937
0.395154
0.398243
0.40154
0.408733
0.423866
0.449843
0.488862
0.54328
0.616188
0.711789
0.834138
0.986386
1.17261
1.39864
1.6723
2.00332
2.402
2.88521
3.48828
4.26496
5.37234
7.18642
10.4859
16.7887
29.0394
52.8431
57.7921
0.243691
0.192683
0.183492
0.189777
0.200819
0.213482
0.226752
0.240222
0.253486
0.266164
0.277928
0.28872
0.298814
0.308949
0.320532
0.335696
0.357052
0.38737
0.429259
0.485419
0.558857
0.653463
0.773204
0.921286
1.10141
1.31885
1.58031
1.89314
2.26417
2.69673
3.20286
3.80201
4.51403
5.49745
7.17214
10.2924
16.3772
28.394
52.0045
56.8723
0.23733
0.183483
0.177186
0.179117
0.183873
0.190124
0.197412
0.205527
0.214354
0.223912
0.234346
0.245898
0.258926
0.274168
0.293038
0.317829
0.351463
0.397338
0.458954
0.540061
0.644791
0.776865
0.93907
1.13414
1.3663
1.64106
1.96555
2.34152
2.76981
3.24891
3.77669
4.34606
4.9252
5.72005
7.18622
10.0472
15.7638
27.2314
50.0326
55.7247
0.270462
0.190996
0.180086
0.179016
0.18124
0.185337
0.190846
0.197582
0.205562
0.215085
0.22674
0.241233
0.259367
0.282537
0.313326
0.355718
0.414665
0.495515
0.603821
0.744445
0.920792
1.13361
1.38184
1.66451
1.98595
2.34421
2.74349
3.18554
3.66797
4.18254
4.69389
5.08221
5.38776
5.9737
7.24574
9.87699
15.2896
26.4079
49.0762
55.2415
0.320715
0.212156
0.195145
0.19278
0.195505
0.200891
0.208071
0.216664
0.226635
0.23857
0.253895
0.275097
0.305837
0.351665
0.420865
0.524134
0.672683
0.874045
1.129
1.4323
1.77552
2.14547
2.53203
2.91587
3.30619
3.71081
4.13447
4.58551
5.06086
5.48978
5.6791
5.6373
5.68145
6.10731
7.2482
9.74281
15.0096
26.1268
49.4114
54.8049
0.380676
0.246304
0.228437
0.229254
0.236505
0.24708
0.259925
0.274507
0.290655
0.309396
0.333713
0.374023
0.447956
0.579577
0.803621
1.15843
1.66226
2.28649
2.95737
3.59928
4.17915
4.65681
5.0414
5.35199
5.63586
5.94574
6.30094
6.61993
6.77663
6.62578
6.19668
5.80863
5.69927
6.06113
7.18514
9.70705
15.1116
26.8284
51.907
52.709
0.478956
0.321605
0.312132
0.321894
0.337524
0.356909
0.380174
0.40777
0.439806
0.47712
0.528344
0.635263
0.868469
1.33175
2.16059
3.44538
5.10826
6.85743
8.28414
9.0941
9.37066
9.35315
9.20476
9.04203
8.95825
8.9426
8.83855
8.39028
7.60263
6.71963
5.95828
5.46274
5.35549
5.78487
7.05845
9.93396
16.1217
28.6891
49.4954
46.8907
0.85164
0.633256
0.596538
0.586506
0.59101
0.607613
0.638979
0.689498
0.761105
0.852388
0.998375
1.32923
2.0855
3.61574
6.25278
10.0248
14.4155
18.2823
20.1657
19.5261
17.5026
15.3663
13.9019
13.1087
12.3738
11.1591
9.61336
8.16289
6.89937
5.86322
5.1256
4.7376
4.76236
5.30547
6.65657
9.55579
15.2687
24.8021
41.3174
29.9486
2.56913
1.66358
1.36879
1.20663
1.11182
1.0758
1.09847
1.18632
1.35319
1.61782
2.06198
2.99429
5.04418
9.00523
15.4395
24.2455
34.2587
40.4985
36.9201
29.8509
24.1612
20.8615
18.442
15.529
12.6591
10.3175
8.36282
6.78984
5.58185
4.7216
4.20714
4.04495
4.24665
4.81404
6.12651
8.75657
13.3342
21.8962
35.3281
22.1366
4.42078
3.42382
2.45873
1.97281
1.71491
1.60447
1.634
1.82174
2.21441
2.91263
4.10936
6.29169
10.5801
18.3629
30.5115
47.0714
64.5004
62.7825
47.8183
36.9238
30.7029
24.8163
19.1893
14.9527
11.7072
9.27209
7.41304
6.01081
4.98009
4.2168
3.68857
3.43238
3.45968
3.87107
4.80178
6.50603
9.50943
14.0524
19.4429
11.3968
7.67722
3.85378
2.75172
2.25143
1.98011
1.83645
1.94102
2.371
3.25002
4.78693
7.33508
11.7741
19.2614
31.3649
49.0628
72.1388
89.0626
74.3036
56.0309
46.6459
36.5863
27.8059
21.1111
16.316
12.9676
10.8097
8.94111
6.87938
5.18911
3.96454
3.2282
2.80417
2.59725
2.58585
2.83403
3.52024
4.8384
6.90314
9.13995
5.86995
8.96153
3.00944
1.78754
1.36987
1.2688
1.32143
1.62337
2.50031
4.49758
8.08197
12.6117
19.5784
31.541
49.1911
70.6736
95.1415
101.175
77.8949
64.4946
56.1066
45.3232
35.7812
27.6553
22.9082
18.7969
16.9614
12.2996
7.04623
4.32008
2.88434
2.10422
1.65844
1.40603
1.2707
1.27573
1.52387
2.13343
3.07785
3.91963
2.66777
8.63273
0.874369
0.366821
0.281434
0.269003
0.295833
0.395461
0.721917
1.51713
2.02841
3.97726
26.9038
46.3937
63.4862
80.8737
97.2445
93.885
77.2531
66.8458
61.2486
54.6288
48.8489
38.3692
5.1541
2.90644
1.9905
1.24784
0.738186
0.502693
0.400998
0.38106
0.520821
0.562267
0.54085
0.482782
0.373763
0.442626
0.59283
0.716619
0.539107
)
;

boundaryField
{
    inlet
    {
        type            epsilonWallFunction;
        value           nonuniform List<scalar> 10(0.024491 0.00559993 0.000700024 0.000460503 0.000300135 0.000300195 0.000460592 0.000700146 0.00560175 0.0244912);
    }
    inletWall
    {
        type            epsilonWallFunction;
        value           nonuniform List<scalar> 
30
(
0.0313086
0.0302238
0.0284258
0.0264935
0.024491
0.123895
0.0761217
0.0553702
0.042516
0.0356124
1.72527
0.281261
0.23586
0.197386
0.156682
0.0313072
0.0302233
0.0284257
0.0264937
0.0244912
0.123735
0.0761255
0.0553772
0.0425189
0.0356133
0.706235
0.272256
0.233591
0.196496
0.156345
)
;
    }
    bottleWall
    {
        type            epsilonWallFunction;
        value           nonuniform List<scalar> 
290
(
0.00642643
0.0375275
0.0609455
0.0828206
0.100085
0.112576
0.124385
0.159291
0.153736
0.141352
0.146745
0.16669
0.190754
0.214646
0.237652
0.25951
0.28011
0.299357
0.317143
0.333364
0.347942
0.36084
0.372107
0.382056
0.391574
0.40163
0.413396
0.428192
0.447337
0.471877
0.501996
0.537088
0.575633
0.615384
0.654441
0.692059
0.729114
0.76815
0.813221
0.86966
0.943258
1.03925
1.16164
1.31284
1.4941
1.70651
1.95192
2.23277
2.55022
2.90239
3.28689
3.70268
4.15415
4.65695
5.23442
5.88562
6.6166
7.44194
8.37601
9.43133
10.613
11.906
13.2638
14.603
15.8177
17.0219
17.856
18.2542
18.2717
17.9477
17.3141
16.413
15.3033
14.0584
12.7532
11.4464
10.1968
9.07816
8.05835
7.13286
6.30131
5.56001
4.89907
4.30434
3.76378
3.26939
2.81736
2.40519
2.02915
1.68308
1.36946
1.09707
0.874878
0.72464
0.701903
1.26954
3.94603
6.14787
7.50607
8.68188
0.272396
0.266853
0.261052
0.255077
0.249008
0.242917
0.236869
0.230918
0.225107
0.219469
0.214023
0.208775
0.20372
0.198842
0.194118
0.189515
0.184994
0.180511
0.176019
0.171465
0.166796
0.161957
0.156894
0.15156
0.145926
0.139943
0.133672
0.126922
0.119522
0.11139
0.102452
0.092668
0.0820429
0.0707952
0.0601217
0.0493995
0.038511
0.0274847
0.0168751
0.00642643
0.299268
0.299019
0.298164
0.296724
0.29472
0.292178
0.289127
0.285604
0.281647
0.277284
0.00644408
0.0164649
0.0274082
0.0385269
0.0491634
0.059365
0.0691695
0.0785959
0.087665
0.0964091
0.104872
0.113107
0.121173
0.129128
0.137028
0.14492
0.152842
0.160819
0.168865
0.176977
0.185143
0.193338
0.201523
0.209655
0.217679
0.225542
0.233199
0.240637
0.247935
0.25539
0.262557
0.269203
0.275271
0.280726
0.285532
0.289657
0.293072
0.295752
0.297682
0.298854
0.00644408
0.0378151
0.0715448
0.101613
0.12965
0.155786
0.178794
0.200137
0.199707
0.190352
0.191703
0.200134
0.214185
0.232342
0.249086
0.265141
0.281783
0.301286
0.326496
0.354447
0.389247
0.427621
0.469296
0.514648
0.564306
0.619201
0.680568
0.750336
0.83029
0.920285
1.02117
1.13371
1.25833
1.39511
1.54638
1.72309
1.92584
2.15112
2.38678
2.61623
2.82228
2.93548
2.94063
2.80135
2.50192
2.08286
1.72132
1.46348
1.30373
1.21798
1.14743
1.09351
1.07442
1.09374
1.1235
1.11311
1.09207
1.08997
1.11703
1.1649
1.21945
1.27464
1.31601
1.31771
1.30049
1.27557
1.24254
1.20444
1.17557
1.15974
1.13485
1.09561
1.05477
1.00501
0.94127
0.868024
0.786975
0.70409
0.628124
0.569348
0.535084
0.525297
0.535439
0.555797
0.575609
0.545059
0.44635
0.31967
0.243691
0.23733
0.270462
0.320715
0.380676
0.478956
0.85164
2.56913
4.42078
7.67722
8.96153
8.63273
)
;
    }
    atmosphere
    {
        type            inletOutlet;
        inletValue      uniform 0.1;
        value           nonuniform List<scalar> 
80
(
0.1
33.5327
31.1016
0.1
0.1
162.981
123.957
89.2094
65.1936
51.3118
41.0707
28.8164
15.9871
0.1
0.1
0.1
1.08923
0.868182
0.1
0.1
0.1
0.1
0.533048
0.495492
0.1
0.1
0.1
0.1
0.1
0.1
0.1
0.1
0.1
0.1
0.1
0.1
0.1
0.1
0.1
0.1
0.1
0.1
0.1
0.1
0.1
0.1
0.1
0.1
0.1
0.1
0.1
26.9038
46.3937
63.4862
80.8737
97.2445
93.885
77.2531
66.8458
61.2486
54.6288
48.8489
38.3692
0.1
0.1
0.1
0.1
0.1
0.1
0.1
0.1
0.520821
0.562267
0.54085
0.482782
0.1
0.1
0.1
0.1
0.1
)
;
    }
    frontAndBack
    {
        type            empty;
    }
}


// ************************************************************************* //
