/*--------------------------------*- C++ -*----------------------------------*\
  =========                 |
  \\      /  F ield         | OpenFOAM: The Open Source CFD Toolbox
   \\    /   O peration     | Website:  https://openfoam.org
    \\  /    A nd           | Version:  8
     \\/     M anipulation  |
\*---------------------------------------------------------------------------*/
FoamFile
{
    version     2.0;
    format      ascii;
    class       volScalarField;
    location    "0.15";
    object      p_rgh;
}
// * * * * * * * * * * * * * * * * * * * * * * * * * * * * * * * * * * * * * //

dimensions      [1 -1 -2 0 0 0 0];

internalField   nonuniform List<scalar> 
9150
(
2541.23
2514.63
2489.18
2472.22
2463.93
2463.93
2472.22
2489.18
2514.63
2541.23
2532.38
2513.14
2497.43
2485.75
2479.77
2479.77
2485.75
2497.43
2513.14
2532.38
2522.95
2509.66
2501.05
2493.32
2489.21
2489.21
2493.32
2501.05
2509.66
2522.95
2518.23
2508.34
2502.78
2497.33
2494.33
2494.33
2497.33
2502.78
2508.34
2518.23
2517.02
2507.9
2503.21
2498.88
2496.37
2496.37
2498.88
2503.21
2507.9
2517.02
2076.53
2072.14
2097.12
2111.39
2118.04
2118.04
2111.39
2097.12
2072.14
2076.53
2266.4
2241.62
2236.44
2235.5
2235.59
2235.59
2235.5
2236.44
2241.62
2266.4
2390.42
2358.52
2342.98
2333.39
2328.74
2328.74
2333.39
2342.98
2358.52
2390.42
2490.49
2448.06
2420.69
2403.62
2395.12
2395.12
2403.62
2420.69
2448.06
2490.49
2562.89
2508.57
2469.87
2448.03
2437.86
2437.86
2448.03
2469.87
2508.57
2562.89
1888.57
1930.12
1922.93
1932.48
1927.03
1927.03
1932.48
1922.93
1930.12
1888.58
1916.68
1938.25
1918.95
1930.96
1924.23
1924.23
1930.96
1918.95
1938.26
1916.68
1898.91
1929.49
1894.72
1907.43
1908.37
1908.37
1907.43
1894.72
1929.49
1898.91
1741.22
1865.75
1876.33
1898.25
1914.7
1914.7
1898.25
1876.33
1865.75
1741.22
1601.76
1851.23
1944.58
1975.96
1992.6
1992.6
1975.96
1944.58
1851.23
1601.76
10.3082
10.3083
10.3084
10.3085
10.3085
10.3086
10.3087
10.3087
10.3088
10.3088
10.3081
10.3082
10.3083
10.3084
10.3085
10.3086
10.3086
10.3087
10.3087
10.3088
10.3081
10.3082
10.3083
10.3084
10.3084
10.3085
10.3086
10.3086
10.3087
10.3087
10.3081
10.3082
10.3082
10.3083
10.3084
10.3085
10.3085
10.3086
10.3087
10.3087
10.308
10.3081
10.3082
10.3083
10.3084
10.3085
10.3085
10.3086
10.3087
10.3087
10.308
10.3081
10.3082
10.3083
10.3084
10.3085
10.3086
10.3086
10.3087
10.3087
10.308
10.3081
10.3082
10.3083
10.3084
10.3085
10.3086
10.3086
10.3087
10.3087
10.3081
10.3082
10.3083
10.3084
10.3085
10.3085
10.3086
10.3087
10.3087
10.3088
10.3081
10.3082
10.3083
10.3084
10.3085
10.3086
10.3087
10.3087
10.3088
10.3088
10.3082
10.3083
10.3084
10.3085
10.3086
10.3087
10.3088
10.3088
10.3089
10.3089
10.3083
10.3084
10.3085
10.3086
10.3087
10.3088
10.3089
10.3089
10.309
10.309
10.3084
10.3085
10.3087
10.3088
10.3089
10.309
10.309
10.3091
10.3092
10.3092
10.3086
10.3087
10.3089
10.309
10.3091
10.3092
10.3093
10.3093
10.3094
10.3094
10.3089
10.309
10.3092
10.3093
10.3094
10.3095
10.3096
10.3097
10.3097
10.3098
10.3093
10.3094
10.3096
10.3097
10.3099
10.31
10.3101
10.3101
10.3102
10.3102
10.3098
10.31
10.3102
10.3103
10.3105
10.3106
10.3107
10.3108
10.3108
10.3108
10.3105
10.3107
10.3109
10.3111
10.3113
10.3114
10.3115
10.3116
10.3117
10.3117
10.3115
10.3117
10.312
10.3122
10.3124
10.3125
10.3127
10.3128
10.3128
10.3129
10.3129
10.3131
10.3134
10.3136
10.3139
10.3141
10.3142
10.3143
10.3144
10.3144
10.3147
10.315
10.3153
10.3156
10.3159
10.3161
10.3163
10.3164
10.3165
10.3165
10.3171
10.3175
10.3178
10.3182
10.3185
10.3188
10.319
10.3191
10.3192
10.3192
10.3203
10.3207
10.3211
10.3216
10.3219
10.3222
10.3224
10.3226
10.3227
10.3227
10.3244
10.3248
10.3253
10.3258
10.3262
10.3265
10.3268
10.3269
10.327
10.3269
10.3294
10.3299
10.3305
10.331
10.3314
10.3317
10.3319
10.332
10.332
10.3319
10.3352
10.3359
10.3365
10.337
10.3374
10.3376
10.3378
10.3378
10.3377
10.3375
10.3418
10.3426
10.3432
10.3437
10.344
10.3441
10.3442
10.344
10.3438
10.3434
10.3488
10.3496
10.3502
10.3506
10.3508
10.3509
10.3507
10.3504
10.35
10.3494
10.3557
10.3566
10.3572
10.3575
10.3575
10.3574
10.3572
10.3567
10.3561
10.3553
10.3622
10.3631
10.3637
10.3639
10.3639
10.3637
10.3633
10.3627
10.3619
10.361
10.368
10.369
10.3696
10.3699
10.3698
10.3696
10.3692
10.3685
10.3677
10.3666
10.3735
10.3745
10.3752
10.3756
10.3757
10.3755
10.3751
10.3745
10.3737
10.3726
10.379
10.3802
10.3811
10.3817
10.382
10.382
10.3817
10.3812
10.3803
10.3793
10.3855
10.3869
10.388
10.3889
10.3894
10.3895
10.3894
10.3889
10.388
10.3869
10.3936
10.3952
10.3965
10.3976
10.3982
10.3985
10.3983
10.3978
10.3969
10.3956
10.4037
10.4055
10.4069
10.408
10.4086
10.4089
10.4086
10.408
10.4069
10.4054
10.4156
10.4175
10.419
10.42
10.4205
10.4206
10.4202
10.4193
10.418
10.4163
10.4288
10.4309
10.4323
10.4333
10.4337
10.4336
10.4331
10.432
10.4305
10.4285
10.443
10.4452
10.4468
10.4477
10.4481
10.448
10.4474
10.4462
10.4445
10.4423
10.4581
10.4606
10.4624
10.4635
10.464
10.4639
10.4633
10.462
10.4602
10.4578
10.4747
10.4775
10.4796
10.4809
10.4817
10.4817
10.4811
10.4798
10.4778
10.4752
10.4937
10.4967
10.4991
10.5007
10.5015
10.5017
10.501
10.4996
10.4975
10.4947
10.5152
10.5186
10.5212
10.523
10.5239
10.524
10.5233
10.5218
10.5195
10.5164
10.5391
10.5428
10.5456
10.5475
10.5484
10.5485
10.5477
10.546
10.5434
10.54
10.5649
10.5689
10.5718
10.5738
10.5748
10.5748
10.5739
10.5721
10.5692
10.5655
10.5926
10.5968
10.6
10.6021
10.6032
10.6033
10.6023
10.6003
10.5973
10.5933
10.6224
10.627
10.6305
10.6329
10.6341
10.6343
10.6332
10.6311
10.6279
10.6236
10.6547
10.6597
10.6635
10.6661
10.6675
10.6677
10.6666
10.6644
10.6609
10.6563
10.6896
10.6949
10.6989
10.7017
10.7032
10.7033
10.7022
10.6998
10.696
10.6911
10.727
10.7327
10.7369
10.7398
10.7412
10.7412
10.7399
10.7372
10.7332
10.728
10.7672
10.7731
10.7777
10.7807
10.782
10.7819
10.7803
10.7774
10.7732
10.7678
10.8126
10.8187
10.8237
10.8272
10.829
10.8292
10.8277
10.8248
10.8204
10.8148
10.8643
10.8707
10.8765
10.8809
10.8838
10.8849
10.8841
10.8815
10.8769
10.8706
10.9445
10.95
10.9551
10.9589
10.9613
10.9623
10.9615
10.9588
10.9544
10.949
11.2641
11.2732
11.2769
11.2785
11.2789
11.278
11.2765
11.2741
11.27
11.2624
12.0479
12.0609
12.0622
12.0609
12.0609
12.0611
12.0611
12.062
12.0607
12.0474
87.9363
85.6977
84.0845
83.1688
82.8088
82.8045
83.1368
84.0048
85.5664
87.7621
780.007
775.164
771.83
769.836
769.065
769.056
769.764
771.652
774.899
779.66
1062.06
1061.68
1061.41
1061.23
1061.15
1061.13
1061.2
1061.34
1061.57
1061.96
1103.62
1103.26
1102.92
1102.68
1102.56
1102.56
1102.66
1102.87
1103.19
1103.53
1142.63
1142.29
1142.01
1141.82
1141.74
1141.74
1141.85
1142.05
1142.35
1142.72
1179.27
1178.93
1178.66
1178.49
1178.41
1178.43
1178.54
1178.74
1179.05
1179.41
1215.49
1215.1
1214.78
1214.57
1214.48
1214.49
1214.6
1214.83
1215.16
1215.58
1250.92
1250.41
1250.01
1249.74
1249.61
1249.61
1249.74
1250.01
1250.42
1250.96
1285.3
1284.64
1284.13
1283.79
1283.62
1283.61
1283.77
1284.1
1284.62
1285.3
1318.31
1317.51
1316.91
1316.52
1316.32
1316.31
1316.5
1316.9
1317.51
1318.33
1349.74
1348.87
1348.22
1347.8
1347.6
1347.61
1347.82
1348.26
1348.92
1349.81
1379.51
1378.66
1378.02
1377.62
1377.44
1377.45
1377.67
1378.09
1378.74
1379.6
1407.56
1406.86
1406.32
1405.97
1405.81
1405.82
1406.01
1406.37
1406.92
1407.61
1434.02
1433.58
1433.2
1432.93
1432.8
1432.81
1432.94
1433.2
1433.58
1434.01
1459.01
1458.9
1458.75
1458.61
1458.53
1458.53
1458.6
1458.74
1458.88
1458.98
1483.15
1483.2
1483.27
1483.27
1483.26
1483.26
1483.28
1483.29
1483.21
1483.15
1506.56
1506.61
1506.93
1507.09
1507.15
1507.17
1507.14
1506.99
1506.68
1506.62
1529.48
1529.36
1529.87
1530.21
1530.35
1530.38
1530.28
1529.97
1529.47
1529.58
1553.03
1552.05
1552.44
1552.86
1553.04
1553.07
1552.93
1552.55
1552.17
1553.15
1575.69
1573.93
1574.19
1574.72
1574.97
1574.99
1574.77
1574.28
1574.04
1575.8
1597.49
1595.29
1595.3
1595.88
1596.19
1596.2
1595.91
1595.35
1595.35
1597.57
1619.95
1617.17
1616.25
1616.58
1616.87
1616.88
1616.6
1616.28
1617.2
1620
1640.52
1638.07
1636.22
1636.25
1636.52
1636.53
1636.26
1636.24
1638.1
1640.56
1657.22
1656.66
1654.56
1654.47
1654.79
1654.79
1654.48
1654.58
1656.69
1657.27
1671.83
1674.45
1672.14
1671.75
1672.03
1672.03
1671.76
1672.16
1674.48
1671.87
1683.77
1692.21
1689.48
1688.33
1688.39
1688.39
1688.34
1689.5
1692.24
1683.79
1693.85
1707.69
1705.06
1703.34
1703.22
1703.22
1703.35
1705.07
1707.71
1693.87
1702.01
1720.43
1718.49
1716.56
1716.33
1716.34
1716.57
1718.51
1720.44
1702.02
1709
1730.92
1730.06
1728.17
1727.92
1727.92
1728.18
1730.07
1730.92
1709
1716.41
1740.19
1740.43
1738.71
1738.44
1738.44
1738.71
1740.43
1740.19
1716.41
1659.55
1748.69
1750.25
1748.68
1748.34
1748.34
1748.68
1750.25
1748.68
1659.5
1549.15
1756.55
1759.45
1758.14
1757.75
1757.75
1758.14
1759.45
1756.55
1549.11
1481.7
1764.53
1768.1
1767.15
1766.81
1766.81
1767.15
1768.1
1764.53
1481.66
1414.61
1772.8
1776.59
1776.07
1775.86
1775.86
1776.07
1776.59
1772.8
1414.57
1357.35
1781.66
1785.29
1785.24
1785.21
1785.21
1785.24
1785.29
1781.66
1357.32
1316.05
1791.32
1794.5
1794.98
1795.19
1795.19
1794.98
1794.5
1791.32
1316.02
1293.82
1801.86
1804.52
1805.6
1806.11
1806.11
1805.6
1804.53
1801.87
1293.79
1286.91
1811.37
1815.57
1817.36
1818.24
1818.24
1817.36
1815.58
1811.38
1286.89
1293.69
1824.8
1827.84
1830.47
1831.84
1831.84
1830.47
1827.84
1824.81
1293.67
1346.51
1838.9
1841.37
1845.08
1847.12
1847.12
1845.08
1841.37
1838.9
1346.49
1405.16
1852.63
1855.74
1860.8
1863.45
1863.45
1860.8
1855.74
1852.63
1405.15
1486.28
1864.46
1869.78
1875.97
1878.5
1878.5
1875.97
1869.78
1864.46
1486.28
1575.76
1875.64
1886.31
1891.09
1892.94
1892.94
1891.09
1886.31
1875.64
1575.76
1673.03
1903.44
1913.23
1909
1908.73
1908.73
1909
1913.23
1903.44
1673.03
1792.57
1939.98
1931.47
1924.09
1920.68
1920.68
1924.09
1931.47
1939.98
1792.57
10.3089
10.3089
10.3089
10.3089
10.3089
10.3089
10.3089
10.3089
10.3089
10.3089
10.3088
10.3088
10.3087
10.3087
10.3087
10.3086
10.3085
10.3085
10.3084
10.3084
10.3083
10.3083
10.3082
10.3081
10.3081
10.308
10.308
10.3079
10.3079
10.3079
10.3078
10.3078
10.3078
10.3078
10.3077
10.3077
10.3077
10.3077
10.3077
10.3078
10.3088
10.3088
10.3089
10.3089
10.3089
10.3089
10.3089
10.3089
10.3088
10.3088
10.3088
10.3088
10.3087
10.3087
10.3086
10.3086
10.3085
10.3085
10.3084
10.3084
10.3083
10.3083
10.3082
10.3082
10.3081
10.3081
10.308
10.308
10.3079
10.3079
10.3079
10.3078
10.3078
10.3078
10.3078
10.3078
10.3078
10.3078
10.3078
10.3078
10.3088
10.3088
10.3088
10.3088
10.3089
10.3089
10.3089
10.3088
10.3088
10.3088
10.3088
10.3087
10.3087
10.3087
10.3086
10.3086
10.3085
10.3085
10.3084
10.3084
10.3083
10.3083
10.3082
10.3082
10.3081
10.3081
10.308
10.308
10.3079
10.3079
10.3079
10.3078
10.3078
10.3078
10.3078
10.3077
10.3077
10.3077
10.3078
10.3078
10.3088
10.3088
10.3088
10.3088
10.3088
10.3088
10.3088
10.3088
10.3088
10.3088
10.3088
10.3087
10.3087
10.3087
10.3086
10.3086
10.3085
10.3085
10.3084
10.3084
10.3083
10.3082
10.3082
10.3081
10.3081
10.308
10.308
10.3079
10.3079
10.3079
10.3078
10.3078
10.3078
10.3077
10.3077
10.3077
10.3077
10.3077
10.3077
10.3077
10.3087
10.3088
10.3088
10.3088
10.3088
10.3088
10.3088
10.3088
10.3088
10.3088
10.3087
10.3087
10.3087
10.3086
10.3086
10.3085
10.3085
10.3084
10.3084
10.3083
10.3083
10.3082
10.3081
10.3081
10.308
10.308
10.3079
10.3079
10.3078
10.3078
10.3078
10.3077
10.3077
10.3077
10.3076
10.3076
10.3076
10.3076
10.3077
10.3077
10.3088
10.3088
10.3088
10.3088
10.3088
10.3088
10.3088
10.3088
10.3088
10.3088
10.3087
10.3087
10.3086
10.3086
10.3085
10.3085
10.3084
10.3084
10.3083
10.3083
10.3082
10.3081
10.3081
10.308
10.308
10.3079
10.3078
10.3078
10.3077
10.3077
10.3077
10.3076
10.3076
10.3076
10.3075
10.3075
10.3075
10.3075
10.3076
10.3076
10.3088
10.3088
10.3088
10.3088
10.3088
10.3088
10.3088
10.3088
10.3088
10.3087
10.3087
10.3087
10.3086
10.3086
10.3085
10.3084
10.3084
10.3083
10.3082
10.3082
10.3081
10.308
10.308
10.3079
10.3078
10.3078
10.3077
10.3077
10.3076
10.3076
10.3075
10.3075
10.3074
10.3074
10.3074
10.3074
10.3074
10.3074
10.3075
10.3075
10.3088
10.3088
10.3089
10.3089
10.3089
10.3088
10.3088
10.3088
10.3088
10.3087
10.3087
10.3086
10.3086
10.3085
10.3084
10.3084
10.3083
10.3082
10.3081
10.3081
10.308
10.3079
10.3078
10.3078
10.3077
10.3076
10.3076
10.3075
10.3074
10.3074
10.3073
10.3073
10.3073
10.3072
10.3072
10.3072
10.3072
10.3073
10.3073
10.3073
10.3089
10.3089
10.3089
10.3089
10.3089
10.3089
10.3088
10.3088
10.3088
10.3087
10.3087
10.3086
10.3085
10.3084
10.3084
10.3083
10.3082
10.3081
10.308
10.3079
10.3078
10.3078
10.3077
10.3076
10.3075
10.3074
10.3074
10.3073
10.3072
10.3072
10.3071
10.3071
10.3071
10.307
10.307
10.307
10.307
10.3071
10.3071
10.3071
10.3089
10.309
10.309
10.309
10.3089
10.3089
10.3089
10.3088
10.3088
10.3087
10.3086
10.3086
10.3085
10.3084
10.3083
10.3082
10.3081
10.308
10.3079
10.3078
10.3077
10.3076
10.3075
10.3074
10.3073
10.3072
10.3071
10.307
10.307
10.3069
10.3069
10.3068
10.3068
10.3068
10.3068
10.3068
10.3068
10.3068
10.3069
10.3069
10.3091
10.3091
10.3091
10.3091
10.309
10.309
10.3089
10.3089
10.3088
10.3087
10.3086
10.3085
10.3084
10.3083
10.3082
10.3081
10.308
10.3078
10.3077
10.3076
10.3075
10.3074
10.3072
10.3071
10.307
10.3069
10.3068
10.3068
10.3067
10.3066
10.3066
10.3065
10.3065
10.3065
10.3065
10.3065
10.3065
10.3065
10.3066
10.3066
10.3092
10.3092
10.3092
10.3092
10.3091
10.3091
10.309
10.3089
10.3088
10.3087
10.3086
10.3085
10.3084
10.3083
10.3081
10.308
10.3078
10.3077
10.3075
10.3074
10.3073
10.3071
10.307
10.3069
10.3067
10.3066
10.3065
10.3064
10.3064
10.3063
10.3062
10.3062
10.3061
10.3061
10.3061
10.3061
10.3062
10.3062
10.3063
10.3063
10.3095
10.3094
10.3094
10.3094
10.3093
10.3092
10.3092
10.3091
10.3089
10.3088
10.3087
10.3085
10.3084
10.3082
10.308
10.3079
10.3077
10.3075
10.3073
10.3072
10.307
10.3068
10.3067
10.3065
10.3064
10.3063
10.3062
10.3061
10.306
10.3059
10.3058
10.3058
10.3058
10.3057
10.3057
10.3058
10.3058
10.3059
10.3059
10.306
10.3098
10.3098
10.3097
10.3097
10.3096
10.3095
10.3094
10.3092
10.3091
10.3089
10.3088
10.3086
10.3084
10.3082
10.308
10.3078
10.3076
10.3074
10.3072
10.307
10.3068
10.3066
10.3064
10.3062
10.306
10.3059
10.3058
10.3056
10.3055
10.3054
10.3054
10.3053
10.3053
10.3053
10.3053
10.3053
10.3054
10.3055
10.3055
10.3056
10.3102
10.3102
10.3101
10.3101
10.31
10.3098
10.3097
10.3095
10.3093
10.3091
10.3089
10.3087
10.3085
10.3082
10.308
10.3077
10.3075
10.3072
10.307
10.3067
10.3065
10.3063
10.306
10.3058
10.3056
10.3055
10.3053
10.3052
10.305
10.3049
10.3049
10.3048
10.3048
10.3048
10.3048
10.3048
10.3049
10.305
10.3051
10.3052
10.3108
10.3108
10.3107
10.3106
10.3105
10.3103
10.3102
10.31
10.3097
10.3095
10.3092
10.309
10.3087
10.3084
10.3081
10.3078
10.3074
10.3071
10.3068
10.3065
10.3062
10.306
10.3057
10.3054
10.3052
10.305
10.3048
10.3046
10.3045
10.3044
10.3043
10.3043
10.3042
10.3042
10.3043
10.3043
10.3044
10.3045
10.3046
10.3047
10.3117
10.3116
10.3115
10.3114
10.3113
10.3111
10.3108
10.3106
10.3103
10.31
10.3097
10.3094
10.309
10.3086
10.3083
10.3079
10.3075
10.3071
10.3067
10.3064
10.306
10.3057
10.3054
10.3051
10.3048
10.3045
10.3043
10.3041
10.3039
10.3038
10.3037
10.3036
10.3036
10.3036
10.3036
10.3037
10.3038
10.3039
10.3041
10.3041
10.3128
10.3128
10.3127
10.3125
10.3123
10.3121
10.3118
10.3115
10.3112
10.3108
10.3104
10.31
10.3095
10.3091
10.3086
10.3082
10.3077
10.3072
10.3068
10.3063
10.3059
10.3055
10.3051
10.3047
10.3044
10.3041
10.3038
10.3035
10.3033
10.3032
10.303
10.303
10.3029
10.3029
10.303
10.3031
10.3032
10.3033
10.3035
10.3036
10.3144
10.3143
10.3142
10.314
10.3138
10.3135
10.3131
10.3128
10.3124
10.3119
10.3114
10.3109
10.3104
10.3098
10.3093
10.3087
10.3081
10.3076
10.307
10.3064
10.3059
10.3054
10.3049
10.3044
10.304
10.3036
10.3033
10.303
10.3027
10.3025
10.3024
10.3023
10.3022
10.3022
10.3023
10.3024
10.3025
10.3027
10.3028
10.303
10.3165
10.3164
10.3162
10.316
10.3157
10.3154
10.315
10.3145
10.314
10.3134
10.3129
10.3122
10.3116
10.3109
10.3102
10.3095
10.3088
10.3081
10.3074
10.3068
10.3061
10.3055
10.3048
10.3043
10.3037
10.3033
10.3028
10.3024
10.3021
10.3019
10.3017
10.3015
10.3015
10.3014
10.3015
10.3016
10.3018
10.302
10.3022
10.3023
10.3192
10.3191
10.3189
10.3186
10.3182
10.3178
10.3173
10.3168
10.3162
10.3155
10.3148
10.314
10.3132
10.3124
10.3116
10.3107
10.3099
10.309
10.3082
10.3073
10.3065
10.3057
10.305
10.3043
10.3036
10.303
10.3025
10.302
10.3016
10.3012
10.301
10.3008
10.3007
10.3007
10.3007
10.3008
10.301
10.3013
10.3015
10.3016
10.3226
10.3225
10.3222
10.3219
10.3214
10.3209
10.3203
10.3196
10.3189
10.3181
10.3172
10.3163
10.3153
10.3144
10.3134
10.3123
10.3113
10.3103
10.3092
10.3082
10.3072
10.3063
10.3053
10.3045
10.3037
10.3029
10.3022
10.3016
10.3011
10.3007
10.3003
10.3001
10.2999
10.2999
10.2999
10.3
10.3002
10.3005
10.3008
10.3009
10.3268
10.3266
10.3262
10.3258
10.3252
10.3246
10.3238
10.323
10.3221
10.3211
10.3201
10.319
10.3179
10.3167
10.3155
10.3143
10.313
10.3118
10.3105
10.3093
10.3081
10.307
10.3059
10.3048
10.3039
10.3029
10.3021
10.3014
10.3007
10.3002
10.2997
10.2994
10.2992
10.2991
10.2991
10.2992
10.2994
10.2997
10.3
10.3002
10.3317
10.3313
10.3309
10.3303
10.3296
10.3288
10.3279
10.3269
10.3258
10.3246
10.3233
10.322
10.3207
10.3193
10.3179
10.3164
10.3149
10.3135
10.312
10.3106
10.3092
10.3078
10.3065
10.3053
10.3041
10.303
10.302
10.3012
10.3004
10.2997
10.2992
10.2988
10.2985
10.2983
10.2983
10.2984
10.2986
10.2989
10.2992
10.2994
10.3371
10.3366
10.336
10.3352
10.3343
10.3333
10.3322
10.331
10.3296
10.3282
10.3267
10.3252
10.3236
10.3219
10.3203
10.3186
10.3169
10.3152
10.3135
10.3118
10.3102
10.3086
10.3071
10.3057
10.3043
10.303
10.3019
10.3009
10.2999
10.2992
10.2985
10.298
10.2977
10.2974
10.2974
10.2974
10.2976
10.2979
10.2982
10.2985
10.3428
10.3421
10.3413
10.3403
10.3392
10.3379
10.3366
10.3351
10.3335
10.3318
10.3301
10.3282
10.3264
10.3244
10.3225
10.3205
10.3185
10.3166
10.3146
10.3127
10.3109
10.3091
10.3074
10.3057
10.3042
10.3028
10.3015
10.3003
10.2993
10.2984
10.2977
10.2971
10.2967
10.2964
10.2963
10.2963
10.2965
10.2968
10.2971
10.2974
10.3486
10.3477
10.3466
10.3454
10.344
10.3425
10.3408
10.3391
10.3372
10.3352
10.3331
10.331
10.3288
10.3266
10.3243
10.3221
10.3198
10.3176
10.3154
10.3132
10.3111
10.3091
10.3072
10.3054
10.3037
10.3021
10.3007
10.2994
10.2982
10.2973
10.2964
10.2958
10.2953
10.295
10.2948
10.2949
10.295
10.2953
10.2957
10.296
10.3543
10.3532
10.3518
10.3504
10.3487
10.3469
10.345
10.3429
10.3407
10.3384
10.336
10.3335
10.331
10.3284
10.3258
10.3233
10.3207
10.3181
10.3156
10.3132
10.3108
10.3086
10.3065
10.3044
10.3026
10.3008
10.2993
10.2979
10.2966
10.2956
10.2947
10.294
10.2935
10.2931
10.293
10.293
10.2931
10.2935
10.2939
10.2942
10.3598
10.3585
10.3569
10.3552
10.3533
10.3512
10.349
10.3466
10.3441
10.3415
10.3387
10.3359
10.333
10.3301
10.3272
10.3242
10.3213
10.3184
10.3156
10.3128
10.3102
10.3077
10.3053
10.303
10.3009
10.299
10.2973
10.2958
10.2944
10.2933
10.2923
10.2916
10.291
10.2906
10.2905
10.2905
10.2907
10.2911
10.2916
10.2919
10.3654
10.3639
10.3622
10.3602
10.3581
10.3558
10.3532
10.3505
10.3477
10.3447
10.3416
10.3385
10.3352
10.3319
10.3286
10.3252
10.3219
10.3186
10.3154
10.3123
10.3094
10.3065
10.3038
10.3013
10.299
10.2968
10.2949
10.2932
10.2917
10.2904
10.2893
10.2885
10.2879
10.2875
10.2873
10.2873
10.2875
10.288
10.2886
10.2891
10.3713
10.3697
10.3678
10.3657
10.3633
10.3607
10.3579
10.3549
10.3517
10.3484
10.3449
10.3414
10.3377
10.334
10.3302
10.3264
10.3227
10.319
10.3154
10.3119
10.3085
10.3053
10.3023
10.2994
10.2968
10.2943
10.2921
10.2902
10.2885
10.287
10.2858
10.2848
10.2841
10.2836
10.2834
10.2834
10.2837
10.2843
10.285
10.2855
10.3779
10.3762
10.3742
10.3718
10.3692
10.3664
10.3632
10.3599
10.3563
10.3526
10.3487
10.3446
10.3405
10.3363
10.3321
10.3279
10.3237
10.3195
10.3155
10.3115
10.3077
10.304
10.3006
10.2973
10.2943
10.2915
10.2889
10.2867
10.2847
10.283
10.2815
10.2804
10.2795
10.2789
10.2787
10.2787
10.2791
10.2798
10.2806
10.2813
10.3854
10.3836
10.3813
10.3788
10.3759
10.3726
10.3691
10.3654
10.3614
10.3572
10.3528
10.3483
10.3436
10.3389
10.3342
10.3294
10.3247
10.32
10.3154
10.3109
10.3066
10.3025
10.2985
10.2948
10.2913
10.2881
10.2851
10.2825
10.2802
10.2782
10.2765
10.2751
10.2741
10.2734
10.2731
10.2732
10.2737
10.2745
10.2755
10.2763
10.3939
10.3918
10.3894
10.3865
10.3832
10.3796
10.3756
10.3714
10.3669
10.3621
10.3572
10.3521
10.3469
10.3416
10.3363
10.3309
10.3256
10.3203
10.3151
10.31
10.3051
10.3004
10.2959
10.2916
10.2876
10.2839
10.2805
10.2774
10.2747
10.2723
10.2703
10.2688
10.2676
10.2669
10.2666
10.2668
10.2674
10.2684
10.2696
10.2705
10.4035
10.4011
10.3982
10.395
10.3913
10.3872
10.3827
10.378
10.3729
10.3676
10.3621
10.3564
10.3505
10.3445
10.3385
10.3325
10.3264
10.3204
10.3146
10.3088
10.3032
10.2978
10.2926
10.2877
10.2831
10.2788
10.2748
10.2712
10.268
10.2653
10.263
10.2612
10.26
10.2592
10.2589
10.2592
10.26
10.2612
10.2627
10.2637
10.4141
10.4114
10.4082
10.4045
10.4004
10.3958
10.3908
10.3855
10.3798
10.3738
10.3676
10.3612
10.3546
10.3479
10.3411
10.3342
10.3274
10.3206
10.3139
10.3073
10.3009
10.2947
10.2887
10.283
10.2776
10.2726
10.268
10.2638
10.2601
10.257
10.2544
10.2524
10.251
10.2502
10.25
10.2504
10.2514
10.2529
10.2545
10.2558
10.4261
10.4231
10.4195
10.4154
10.4107
10.4056
10.4001
10.3941
10.3877
10.381
10.374
10.3668
10.3593
10.3517
10.344
10.3362
10.3284
10.3206
10.3129
10.3053
10.298
10.2908
10.2839
10.2773
10.271
10.2652
10.2599
10.2551
10.2508
10.2472
10.2443
10.242
10.2405
10.2397
10.2396
10.2402
10.2414
10.2431
10.2451
10.2465
10.4396
10.4362
10.4323
10.4277
10.4225
10.4168
10.4106
10.4039
10.3968
10.3893
10.3814
10.3732
10.3647
10.3561
10.3473
10.3384
10.3294
10.3205
10.3116
10.3029
10.2943
10.286
10.2779
10.2703
10.263
10.2563
10.2501
10.2446
10.2397
10.2356
10.2323
10.2299
10.2282
10.2274
10.2274
10.2281
10.2296
10.2317
10.234
10.2357
10.4548
10.451
10.4466
10.4416
10.4359
10.4295
10.4226
10.4152
10.4072
10.3987
10.3898
10.3806
10.371
10.3612
10.3511
10.341
10.3307
10.3204
10.3101
10.3
10.29
10.2803
10.2709
10.262
10.2536
10.2457
10.2386
10.2322
10.2266
10.2219
10.2182
10.2154
10.2136
10.2128
10.2129
10.2139
10.2157
10.2183
10.2211
10.2231
10.4719
10.4678
10.463
10.4573
10.451
10.444
10.4363
10.428
10.4191
10.4096
10.3997
10.3893
10.3785
10.3673
10.3558
10.3442
10.3324
10.3205
10.3086
10.2969
10.2853
10.274
10.263
10.2526
10.2428
10.2336
10.2253
10.2178
10.2114
10.2059
10.2016
10.1984
10.1964
10.1955
10.1957
10.197
10.1993
10.2026
10.206
10.2084
10.4912
10.4867
10.4814
10.4752
10.4682
10.4604
10.4518
10.4426
10.4326
10.4221
10.4109
10.3992
10.387
10.3743
10.3613
10.348
10.3344
10.3208
10.3071
10.2934
10.28
10.2669
10.2541
10.242
10.2305
10.2198
10.21
10.2013
10.1937
10.1874
10.1823
10.1785
10.1761
10.1751
10.1754
10.177
10.18
10.184
10.1882
10.1911
10.5125
10.5076
10.5017
10.4949
10.4871
10.4785
10.469
10.4587
10.4476
10.4358
10.4233
10.4101
10.3963
10.382
10.3672
10.352
10.3365
10.3208
10.3051
10.2894
10.2738
10.2586
10.2439
10.2297
10.2164
10.2039
10.1925
10.1822
10.1732
10.1657
10.1596
10.155
10.1521
10.1509
10.1513
10.1534
10.1571
10.1621
10.1673
10.1708
10.5356
10.5302
10.5238
10.5163
10.5077
10.4982
10.4877
10.4762
10.4639
10.4507
10.4367
10.4219
10.4064
10.3902
10.3735
10.3562
10.3385
10.3206
10.3025
10.2845
10.2666
10.249
10.232
10.2156
10.2
10.1854
10.172
10.1599
10.1493
10.1402
10.1328
10.1273
10.1237
10.1221
10.1226
10.1252
10.1299
10.1361
10.1426
10.1469
10.5608
10.5549
10.5478
10.5396
10.5302
10.5198
10.5082
10.4955
10.4819
10.4672
10.4515
10.4349
10.4175
10.3992
10.3803
10.3607
10.3406
10.3201
10.2994
10.2787
10.2581
10.2378
10.218
10.199
10.1809
10.1638
10.1481
10.1337
10.121
10.1101
10.1011
10.0944
10.0899
10.0879
10.0885
10.0916
10.0974
10.1052
10.1134
10.1187
10.5882
10.5818
10.5742
10.5653
10.5551
10.5436
10.531
10.517
10.5019
10.4855
10.468
10.4495
10.4299
10.4093
10.3879
10.3657
10.3428
10.3194
10.2958
10.272
10.2482
10.2248
10.2019
10.1797
10.1585
10.1384
10.1198
10.1028
10.0875
10.0744
10.0635
10.0552
10.0496
10.047
10.0475
10.0513
10.0583
10.0682
10.0785
10.0852
10.6181
10.6111
10.6029
10.5932
10.5821
10.5697
10.5558
10.5405
10.5238
10.5057
10.4862
10.4655
10.4435
10.4204
10.3962
10.3711
10.3451
10.3185
10.2914
10.2641
10.2368
10.2097
10.183
10.1571
10.1322
10.1085
10.0864
10.066
10.0478
10.0319
10.0187
10.0084
10.0015
9.99801
9.99833
10.0026
10.0111
10.0235
10.0367
10.0453
10.6503
10.6428
10.6338
10.6233
10.6113
10.5977
10.5825
10.5657
10.5474
10.5274
10.5059
10.4828
10.4582
10.4323
10.4051
10.3766
10.3472
10.3168
10.2858
10.2545
10.2229
10.1915
10.1605
10.1302
10.1009
10.073
10.0467
10.0224
10.0004
9.9812
9.96507
9.95243
9.94364
9.93903
9.93894
9.94375
9.95396
9.96935
9.98624
9.99721
10.6847
10.6767
10.667
10.6557
10.6427
10.6279
10.6114
10.5931
10.573
10.551
10.5272
10.5016
10.4743
10.4453
10.4147
10.3826
10.3492
10.3146
10.2791
10.2429
10.2065
10.17
10.1338
10.0982
10.0637
10.0305
9.99923
9.97015
9.94373
9.92042
9.9007
9.88504
9.87389
9.86772
9.86698
9.87226
9.8844
9.90344
9.92497
9.93905
10.7212
10.7127
10.7024
10.6903
10.6764
10.6605
10.6427
10.6228
10.6008
10.5767
10.5504
10.522
10.4917
10.4593
10.425
10.3888
10.3509
10.3115
10.2708
10.2291
10.1869
10.1444
10.1019
10.06
10.0191
9.97961
9.94213
9.90717
9.87525
9.84693
9.82277
9.80334
9.78923
9.78103
9.77936
9.78506
9.79935
9.82275
9.85012
9.86818
10.7607
10.7517
10.7409
10.7281
10.7134
10.6965
10.6773
10.6558
10.6318
10.6054
10.5764
10.5449
10.5111
10.4749
10.4364
10.3955
10.3524
10.3072
10.2603
10.212
10.1628
10.1132
10.0634
10.0139
9.96531
9.91818
9.87317
9.83098
9.79226
9.7577
9.72799
9.70382
9.68593
9.6751
9.67215
9.67815
9.69483
9.72342
9.75805
9.78122
10.8073
10.7979
10.7867
10.7735
10.7581
10.7403
10.72
10.6969
10.6708
10.6416
10.6094
10.5742
10.5363
10.4957
10.4522
10.4056
10.356
10.3036
10.2488
10.1922
10.1344
10.0758
10.017
9.95821
9.90017
9.84359
9.78931
9.73818
9.69103
9.6487
9.61204
9.58192
9.55925
9.54503
9.54031
9.54646
9.5658
9.60052
9.64418
9.6738
10.8622
10.8519
10.8404
10.8272
10.8119
10.7941
10.7733
10.7492
10.7214
10.6896
10.6541
10.615
10.5729
10.5278
10.4789
10.4256
10.3677
10.3058
10.2405
10.1727
10.1034
10.0334
9.96299
9.89239
9.8222
9.75347
9.68736
9.62492
9.56711
9.51493
9.46944
9.43173
9.40299
9.38443
9.37735
9.38347
9.40582
9.4478
9.50254
9.54022
10.9433
10.9341
10.923
10.9099
10.8943
10.8755
10.853
10.8262
10.7946
10.7578
10.7158
10.67
10.6225
10.574
10.5217
10.4625
10.3955
10.3213
10.2417
10.1586
10.074
9.98943
9.90448
9.81838
9.73162
9.64621
9.56419
9.48689
9.41528
9.35044
9.29359
9.24614
9.20953
9.18531
9.17506
9.18091
9.20668
9.25723
9.32546
9.3731
11.2499
11.2384
11.2289
11.2137
11.1929
11.1648
11.1285
11.0835
11.0285
10.9619
10.8828
10.7983
10.7205
10.6584
10.6026
10.5396
10.4602
10.3638
10.2595
10.1514
10.0457
9.94557
9.84579
9.74092
9.63067
9.52092
9.41688
9.31991
9.23014
9.14845
9.07648
9.0161
8.96918
8.93758
8.92324
8.92861
8.95836
9.01899
9.10339
9.16323
12.0252
12.0343
12.0838
12.099
12.0917
12.0546
11.99
11.9034
11.7896
11.6436
11.4762
11.3155
11.1848
11.055
10.932
10.8465
10.7188
10.5412
10.3591
10.1752
10.0185
9.90571
9.80159
9.67266
9.52483
9.3764
9.24107
9.11906
9.00617
8.90212
8.80952
8.73143
8.67048
8.62901
8.60929
8.61411
8.64875
8.72134
8.82503
8.89991
90.1502
93.6202
98.3582
98.4017
96.2242
90.7534
82.2029
71.6469
59.2709
45.5883
32.2196
21.648
15.5304
14.4452
13.5968
12.6756
12.0108
11.5508
10.9924
10.3842
10.0384
9.90952
9.81217
9.64712
9.4025
9.18282
9.01924
8.87653
8.73829
8.6049
8.48352
8.38033
8.29957
8.2443
8.2173
8.22174
8.26299
8.3494
8.47551
8.57348
785.369
792.615
801.863
802.735
799.741
790.868
774.71
751.655
720.292
674.786
609.511
523.396
438.538
350.531
255.074
150.374
59.9429
18.8458
13.4342
11.2492
10.2317
10.184
10.2609
10.0898
9.32057
8.82923
8.69931
8.58066
8.42187
8.24693
8.08312
7.94396
7.83503
7.75977
7.72109
7.72223
7.76693
7.85837
7.99487
8.17194
1062.63
1063.59
1064.93
1066.52
1068.25
1070.09
1072.05
1074.18
1076.53
1079.18
1082.38
1085.53
1070.44
1041.16
988.84
882.341
666.613
381.864
154.794
61.8134
29.6007
16.1776
15.3472
12.0491
8.9768
8.53213
8.46761
8.38688
8.15754
7.86332
7.60214
7.39885
7.24857
7.1462
7.09102
7.08542
7.13627
7.24971
7.40856
7.61697
1103.84
1104.41
1105.23
1106.16
1107.11
1108.02
1108.85
1109.55
1110.1
1110.47
1110.66
1110.71
1110.72
1110.83
1111.16
1111.99
1110.59
1036.43
876.103
715.617
568.542
325.751
68.8943
14.2019
9.6493
8.47858
8.39531
8.25649
7.8998
7.4282
6.99499
6.69859
6.50398
6.38093
6.31945
6.31891
6.38739
6.53369
6.72564
6.91796
1143.07
1143.46
1143.92
1144.42
1144.87
1145.19
1145.29
1145.05
1144.36
1143.14
1141.34
1138.98
1136.06
1132.62
1129.43
1127.62
1117.51
1112.62
1114.26
1119.03
1097.39
945.89
516.396
125.546
24.6964
10.1971
9.7004
9.29328
7.45627
6.44369
5.93894
5.66673
5.5088
5.41861
5.38802
5.4183
5.51789
5.6966
5.9179
6.10679
1179.76
1180.07
1180.38
1180.68
1180.88
1180.84
1180.41
1179.41
1177.7
1175.1
1171.43
1166.14
1158.89
1125.07
1057.25
1061.34
1111.83
1130.14
1123.5
1086.54
1061.05
1041.26
936.965
730.625
504.274
277.457
91.3598
25.1257
8.43283
5.35509
4.56817
4.36807
4.31948
4.30992
4.34097
4.41998
4.55618
4.75994
4.99862
5.18653
1215.98
1216.34
1216.74
1217.15
1217.46
1217.57
1217.42
1217.04
1215.85
1212.09
1185.7
1045.18
821.053
500.873
287.257
319.47
497.912
656.27
603.463
498.913
557.295
857.176
955.306
953.158
958.734
921.462
679.612
210.654
14.1331
4.34024
3.20486
3.06335
3.11056
3.18393
3.27945
3.40615
3.57134
3.78493
4.02096
4.20161
1251.52
1252.12
1252.82
1253.64
1254.5
1255.6
1257.35
1258.55
1249.03
1047.67
607.718
235.89
49.9061
-0.702314
-0.905792
-0.893002
-0.724895
-0.601866
-0.76415
-1.1942
-1.53111
203.125
910.665
982.398
988.852
993.12
995.574
534.339
16.0251
2.60808
1.76897
1.82387
1.97785
2.13317
2.29244
2.45978
2.6414
2.84748
3.0612
3.22309
1286.09
1287
1288.12
1289.47
1291.4
1294.7
1297.93
1272.4
835.07
247.396
0.64534
-0.298556
-0.576696
-0.577046
-0.54347
-0.518686
-0.503687
-0.501603
-0.529078
-0.589527
-0.650759
-0.694448
401.575
993.308
1010.72
1009.87
1008.12
528.618
11.0877
0.218239
0.547029
0.809364
1.04309
1.25873
1.46393
1.65383
1.83447
2.01632
2.1924
2.32555
1319.33
1320.54
1322.02
1324.24
1328.25
1332.96
1317.63
742.806
100.245
-0.0861851
-0.381637
-0.418354
-0.453269
-0.493049
-0.512485
-0.523304
-0.531841
-0.541299
-0.553638
-0.565263
-0.559001
-0.486264
89.6322
830.529
1027.39
1020.61
681.553
102.441
-0.661037
-0.487383
-0.0477509
0.157471
0.396696
0.632048
0.846445
1.03205
1.19229
1.33626
1.46574
1.5653
1350.92
1352.27
1354.2
1357.94
1363.43
1358.07
869.629
88.0865
0.0333343
-0.431775
-0.42467
-0.403998
-0.421448
-0.448563
-0.468302
-0.48221
-0.492892
-0.501944
-0.508823
-0.51048
-0.496513
-0.447299
5.6135
443.943
904.102
508.829
29.9469
-0.604816
-0.5478
-0.19227
-0.258294
-0.141546
0.0537439
0.258775
0.44454
0.599478
0.722944
0.820618
0.900666
0.971878
1380.66
1382.1
1384.91
1390.3
1390.86
1197.79
183.968
0.173943
-0.402159
-0.399073
-0.371493
-0.37497
-0.392317
-0.410462
-0.426596
-0.44104
-0.454386
-0.467353
-0.478947
-0.48626
-0.48232
-0.465084
8.52754
89.1952
27.6849
-0.89234
-0.677062
-0.463954
-0.062535
-0.292044
-0.40586
-0.283849
-0.11401
0.054397
0.201046
0.317709
0.401595
0.455811
0.49274
0.539341
1408.48
1410.13
1414.12
1418.35
1400.22
504.625
0.732558
-0.307693
-0.352862
-0.330358
-0.331909
-0.346162
-0.361952
-0.377376
-0.392754
-0.408644
-0.425681
-0.444375
-0.465061
-0.486396
-0.418959
0.289795
6.04649
-0.554937
-0.488808
-0.533354
-0.574055
-0.0970064
-0.0294147
-0.482895
-0.405318
-0.300599
-0.165943
-0.0405594
0.0654623
0.145141
0.194458
0.214452
0.218341
0.242068
1434.7
1436.9
1441.4
1437.44
1143.07
95.0963
0.0290644
-0.353497
-0.328351
-0.304706
-0.31048
-0.322597
-0.334911
-0.347686
-0.361349
-0.376098
-0.391924
-0.408996
-0.430616
-0.257732
0.497404
1.61741
-0.319445
-0.359204
-0.389575
-0.341507
0.0367705
0.192462
-0.157182
-0.428406
-0.337007
-0.25165
-0.15856
-0.0728328
-0.0024725
0.046359
0.0690487
0.0650755
0.0460554
0.0478289
1459.61
1462.44
1464.92
1443.13
491.772
0.812637
-0.243127
-0.295428
-0.267545
-0.267987
-0.279598
-0.291489
-0.302867
-0.314359
-0.326201
-0.338198
-0.349716
-0.361464
-0.383608
0.329271
0.531986
0.0456676
-0.172171
-0.172626
0.0595979
0.539972
0.552672
0.0726826
-0.368728
-0.32453
-0.270345
-0.198766
-0.135448
-0.0774751
-0.0327476
-0.00603383
-0.00158662
-0.0208834
-0.0543357
-0.0706235
1484.14
1487.41
1483.72
1301.54
142.547
0.425099
-0.258632
-0.253417
-0.23066
-0.236443
-0.248246
-0.25895
-0.268927
-0.278836
-0.288675
-0.298103
-0.306933
-0.317519
-0.222022
-0.0655716
-0.106944
-0.0801327
0.203636
0.747697
0.927781
0.965521
-0.00352952
-0.291457
-0.292055
-0.246369
-0.202807
-0.151924
-0.105559
-0.0672243
-0.0400847
-0.0283901
-0.0356825
-0.0640175
-0.105627
-0.134428
1508.28
1510.62
1492.7
698.256
15.1624
0.0264077
-0.237171
-0.209997
-0.197411
-0.205212
-0.215513
-0.224616
-0.233082
-0.241283
-0.249191
-0.256678
-0.26408
-0.263058
-0.233295
-0.239934
-0.178364
0.465747
0.985586
1.02704
0.999324
-0.0373279
-0.266031
-0.250873
-0.216879
-0.181743
-0.142901
-0.105892
-0.0729937
-0.047658
-0.0326462
-0.0308529
-0.0453297
-0.0784276
-0.123872
-0.160196
1531.76
1530.71
1493.79
285.863
0.770208
-0.134514
-0.179218
-0.155303
-0.158668
-0.170063
-0.179939
-0.18804
-0.195246
-0.201725
-0.207518
-0.212988
-0.217784
-0.216934
-0.191253
0.00373515
0.73272
1.09015
1.10991
0.868756
-0.138839
-0.224923
-0.209148
-0.18318
-0.151375
-0.119532
-0.0891245
-0.0620525
-0.0389498
-0.0228205
-0.0159511
-0.0204788
-0.0390315
-0.0740899
-0.120564
-0.160601
1555.9
1546.13
1130.45
83.7025
0.376964
-0.162201
-0.145732
-0.12359
-0.128697
-0.138464
-0.146258
-0.152486
-0.157668
-0.161674
-0.164498
-0.166727
-0.168567
-0.0886046
0.280636
0.753996
1.15093
1.14715
0.446474
-0.175072
-0.182066
-0.164854
-0.14549
-0.118109
-0.091415
-0.0656552
-0.0418945
-0.0214068
-0.00522954
0.00450571
0.00606905
-0.00228171
-0.0228414
-0.0580982
-0.103873
-0.145226
1577.61
1554
612.79
3.6904
0.0379299
-0.11098
-0.0870663
-0.0850901
-0.0958018
-0.105489
-0.112571
-0.117757
-0.12124
-0.122793
-0.122662
-0.122841
-0.0795089
0.357066
0.807959
0.812657
0.662476
0.0244091
-0.141004
-0.139926
-0.126325
-0.108058
-0.0847217
-0.0622858
-0.0400833
-0.0190284
-8.78616e-05
0.015611
0.0269074
0.0323597
0.0305806
0.0201243
-0.00111292
-0.0356715
-0.0800122
-0.121238
1596.57
1555.02
298.284
1.04631
-0.0328872
-0.0706938
-0.0483252
-0.0548982
-0.0673133
-0.0764713
-0.0826839
-0.0868189
-0.0887889
-0.0880943
-0.0860516
-0.0901295
0.242087
0.592613
0.519955
0.500227
-0.0945854
-0.0979732
-0.0899595
-0.0765687
-0.0725454
-0.0531335
-0.0335011
-0.0146668
0.00398034
0.0212901
0.0364404
0.0484839
0.0564176
0.0590962
0.0553421
0.043905
0.0229387
-0.0103947
-0.053833
-0.0909385
1611.69
1228.25
102.66
0.580137
-0.0575875
-0.0496567
-0.0276078
-0.0345582
-0.0455448
-0.0531614
-0.0581656
-0.0613002
-0.0622243
-0.0600028
-0.0567053
-0.0657362
0.507052
0.612258
-0.0106688
-0.0406311
-0.0612234
-0.0527709
-0.0435977
-0.0413596
-0.025561
-0.00887763
0.00832618
0.0245998
0.0404248
0.0548697
0.0672193
0.0767243
0.0825448
0.0837659
0.0792923
0.0680553
0.0489711
0.0206002
-0.019394
-0.0626255
1621.86
798.157
13.7624
0.199704
-0.0572372
-0.0240523
-0.0113783
-0.0193878
-0.0282544
-0.0343099
-0.0383748
-0.0408413
-0.0412645
-0.0384358
-0.0342578
-0.0444996
0.534086
0.579037
-0.0438599
-0.0137963
-0.0101049
-0.0250992
-0.0139879
-0.00143791
0.0121129
0.026779
0.041789
0.0559617
0.0694416
0.081673
0.0919846
0.0997701
0.104377
0.105099
0.100988
0.0908769
0.0745476
0.0536564
0.0230895
-0.0478879
1629.06
491.332
1.39517
0.0395692
-0.0203601
0.00895455
0.00686506
-0.00432826
-0.0129563
-0.0187126
-0.0226474
-0.0250095
-0.0254461
-0.022973
-0.018982
-0.0255419
0.34282
0.602105
-0.0283622
0.0194236
0.00350419
0.005422
0.0160846
0.0287495
0.041116
0.0537784
0.06687
0.0795177
0.0911141
0.101609
0.110359
0.116872
0.12063
0.121117
0.117626
0.10885
0.0949538
0.0812867
0.0641317
-0.0521081
1580.5
263.477
0.957556
0.0200438
0.0041486
0.0273949
0.0195865
0.00677782
-0.00203593
-0.00781717
-0.0117491
-0.0140796
-0.0145976
-0.0127214
-0.00994795
-0.0134433
0.311521
0.60423
-0.0102703
0.0400058
0.0203822
0.0279204
0.0384981
0.0504034
0.0620606
0.0729958
0.0846006
0.0957762
0.105938
0.114985
0.122422
0.127815
0.130708
0.130633
0.126985
0.118562
0.104708
0.0912067
0.0781296
-0.0292997
1281.84
105.181
0.629202
0.00825976
0.0136088
0.0334562
0.0242167
0.0117876
0.00349757
-0.0018836
-0.00546726
-0.00747657
-0.00772526
-0.00589794
-0.00403289
0.000955585
0.3812
0.561659
0.00777501
0.0447784
0.0355366
0.0442721
0.0542182
0.0653804
0.0759923
0.0856953
0.0959978
0.105803
0.114785
0.122599
0.128919
0.133346
0.135457
0.13478
0.130711
0.122354
0.108599
0.0916319
0.0730959
0.0184648
1030.1
30.8344
0.301807
-0.0211317
0.00906654
0.0259594
0.0189113
0.00984647
0.00367301
-0.000476975
-0.00323104
-0.00448003
-0.00419407
-0.00190705
-0.000191566
0.014996
0.54244
0.542197
0.0268073
0.0590076
0.0488136
0.0564177
0.0648979
0.0743566
0.0842803
0.0928815
0.102046
0.110716
0.118604
0.125395
0.130799
0.134462
0.136008
0.135027
0.130976
0.123195
0.111422
0.096748
0.0794403
0.0387623
790.138
5.59315
0.0674503
-0.0262446
0.0118382
0.020004
0.0134316
0.00682159
0.00213927
-0.00120373
-0.00335071
-0.00372151
-0.00285146
0.000592816
0.0042404
0.0205226
0.582736
0.752153
0.0335516
0.0636932
0.0560835
0.0630473
0.0704666
0.0785752
0.0871592
0.0955576
0.103648
0.111342
0.118298
0.124249
0.128914
0.131986
0.133134
0.132009
0.128185
0.121132
0.110736
0.0979083
0.081515
0.048777
564.389
1.01198
0.01702
-0.00154105
0.0253048
0.0229421
0.0133816
0.00593042
0.000640209
-0.00322564
-0.00565777
-0.0062198
-0.0052245
-0.00121288
0.00318288
0.0197597
0.653412
0.89611
0.0360377
0.0609893
0.0588195
0.0652215
0.0720164
0.0791991
0.0868375
0.0944171
0.101677
0.108523
0.114698
0.119959
0.124048
0.126696
0.12761
0.126486
0.122988
0.116729
0.107447
0.0953291
0.0795229
0.0554236
387.921
0.724242
0.0249836
0.0173533
0.0334676
0.0250526
0.0127667
0.00367515
-0.00291533
-0.0079082
-0.0113839
-0.0131529
-0.0122525
-0.0082353
-0.0045825
0.0398811
0.85343
0.910172
0.0419233
0.0605681
0.0597684
0.0647372
0.0708112
0.0768961
0.0836094
0.090309
0.096827
0.102947
0.108487
0.113207
0.116872
0.11924
0.120055
0.119043
0.115925
0.1104
0.102148
0.0907988
0.0756591
0.0572578
260.585
0.512703
0.0232992
0.0223158
0.0329676
0.0219488
0.0084244
-0.00173383
-0.00938739
-0.0155004
-0.0204677
-0.0244649
-0.00142137
-0.0204748
-0.0155231
0.111514
1.19608
0.850815
0.0455058
0.061056
0.058583
0.0616042
0.0667491
0.0718282
0.0776985
0.0836821
0.0895811
0.0951577
0.100233
0.104575
0.10796
0.110169
0.110967
0.11011
0.107336
0.10238
0.0949038
0.0843355
0.0702865
0.0556064
167.618
0.371974
0.0226807
0.0228231
0.0281619
0.0153977
0.00131762
-0.0093744
-0.0176636
-0.0245741
-0.0309817
-0.0369386
0.0022471
0.0253088
-0.0186368
0.363711
2.06256
0.580265
0.0490024
0.0581346
0.0556156
0.055232
0.0591957
0.0640412
0.0692916
0.074865
0.0804184
0.0856989
0.0905145
0.0946462
0.0978865
0.100034
0.100874
0.100179
0.097712
0.0932175
0.0863417
0.0764934
0.0636762
0.0521808
103.014
0.269756
0.0220275
0.0190732
0.0188671
0.00549269
-0.00783101
-0.017769
-0.0253793
-0.0316086
-0.0373864
-0.043856
-0.0134133
0.393171
0.300674
1.35925
2.28805
0.60532
0.0418784
0.0468314
0.0468121
0.0446342
0.048565
0.0535714
0.0588416
0.0644552
0.0700124
0.0752655
0.0800245
0.0840969
0.0872956
0.0894433
0.0903499
0.0898128
0.0876169
0.0835291
0.0771901
0.0680252
0.0563743
0.0475759
57.4388
0.176199
0.0157923
0.00931601
0.004585
-0.00738218
-0.0178506
-0.0249886
-0.0297147
-0.0326708
-0.0342778
-0.0356067
-0.0291528
0.73414
2.23614
2.28883
2.29305
0.61041
0.0200691
0.0252951
0.0304454
0.0300119
0.0353038
0.0413226
0.0473071
0.0534082
0.0592738
0.0647059
0.0695459
0.0736478
0.0768531
0.0790135
0.0799708
0.0795513
0.0775712
0.0738257
0.0679752
0.0594628
0.048854
0.0422172
27.831
0.0584747
-0.00818956
-0.0103249
-0.0152604
-0.0227775
-0.0280374
-0.0304571
-0.0305161
-0.0282821
-0.0230697
-0.0146168
-0.00605615
1.21106
2.27163
2.28351
2.21193
0.168917
-0.0147518
-0.00350699
0.00627316
0.0133251
0.0212295
0.0289565
0.036156
0.0429571
0.0492348
0.0548813
0.0598081
0.0639196
0.0670981
0.0692266
0.070178
0.0698091
0.0679688
0.0644887
0.059058
0.0511486
0.0414515
0.0364608
10.3423
-0.0520016
-0.044026
-0.0350595
-0.0353283
-0.0368475
-0.0366074
-0.0344589
-0.0304041
-0.0240767
-0.0141307
0.00200882
0.0225374
0.340182
2.20993
2.29521
1.02522
-0.0620564
-0.0412938
-0.0233545
-0.00923334
0.000975585
0.0106851
0.0194799
0.0274196
0.034544
0.040934
0.0465615
0.0513839
0.0553497
0.0583751
0.060368
0.0612245
0.0608246
0.0590455
0.0557512
0.0506644
0.0432871
0.0343692
0.0305709
2.57654
-0.0775
-0.0609592
-0.0481686
-0.0450699
-0.0435183
-0.0408312
-0.0368385
-0.0315401
-0.0247543
-0.0157091
-0.00275363
0.0145461
0.0225905
0.130818
0.714718
0.152645
-0.0717202
-0.0472095
-0.0278401
-0.014218
-0.00361164
0.0056674
0.0143074
0.0219931
0.0287919
0.0348144
0.0400603
0.044503
0.0481082
0.0508127
0.0525395
0.0531982
0.0526844
0.0508942
0.0477163
0.0429029
0.0359854
0.0277216
0.0247493
0.0402704
-0.034874
-0.0427687
-0.0422617
-0.0429459
-0.0427037
-0.0406431
-0.0370832
-0.0324652
-0.0271273
-0.0211231
-0.0147748
-0.0084231
-0.00473651
-0.0110528
-0.0318778
-0.0437416
-0.0431621
-0.0312057
-0.0190232
-0.00952444
-0.00158565
0.00575704
0.0129721
0.0195317
0.0254065
0.0306338
0.0351811
0.0390086
0.0420734
0.0443175
0.0456692
0.0460451
0.0453508
0.0434947
0.0403816
0.0357877
0.0292713
0.0215623
0.0191222
0.0138546
-0.00432546
-0.0272554
-0.0388596
-0.0429791
-0.0431218
-0.0407371
-0.0367273
-0.0318553
-0.0267324
-0.0218104
-0.0173616
-0.0143302
-0.0134612
-0.0153383
-0.0150637
-0.0164386
-0.0197472
-0.0161093
-0.00920253
-0.00310239
0.00192474
0.00768904
0.013315
0.018556
0.0233369
0.0276135
0.0313334
0.0344408
0.0368825
0.038601
0.0395266
0.0395812
0.038678
0.0367334
0.0336621
0.0292583
0.0231046
0.0158808
0.0137555
-0.037895
-0.0166227
-0.0403149
-0.0529515
-0.0541903
-0.0504474
-0.0445329
-0.0376198
-0.0305598
-0.0240008
-0.0183751
-0.0139588
-0.0108991
-0.0093955
-0.00934701
-0.00898154
-0.00486491
-0.00748842
-0.00640365
-0.00247806
0.00193373
0.00549465
0.00983516
0.0140661
0.0180692
0.0217597
0.0250687
0.0279359
0.0303004
0.0321052
0.0332932
0.0337973
0.0335434
0.0324497
0.0304369
0.0274237
0.0232157
0.0174155
0.0106388
0.0086858
-0.10688
-0.052547
-0.0739785
-0.0823702
-0.0759828
-0.0644863
-0.0519419
-0.0396972
-0.0285674
-0.0191104
-0.011607
-0.00611663
-0.00254116
-0.000637647
-0.000100515
-0.000338529
0.000569022
0.00237003
0.00135106
0.00346167
0.00601662
0.00883459
0.0117907
0.0147366
0.0175575
0.020176
0.0225208
0.0245328
0.0261567
0.0273378
0.0280208
0.0281427
0.0276321
0.0264092
0.0243939
0.0215014
0.0175389
0.0121198
0.00578667
0.00393194
-0.199578
-0.107205
-0.127696
-0.12808
-0.108681
-0.0850421
-0.0627342
-0.0428935
-0.0259899
-0.0123172
-0.00193596
0.0052963
0.00968285
0.0116037
0.0114951
0.010244
0.00973867
0.0106805
0.00813821
0.00889808
0.0101082
0.0116363
0.0132998
0.0150025
0.016663
0.0182098
0.0195857
0.0207411
0.0216331
0.0222153
0.0224381
0.0222445
0.0215667
0.0203249
0.0184342
0.0157979
0.0122103
0.00727197
0.00142478
-0.000361432
-0.401096
-0.204162
-0.217582
-0.201578
-0.159203
-0.11686
-0.0812313
-0.0515373
-0.0268941
-0.00696579
0.00842817
0.0194365
0.0261286
0.0283395
0.0262368
0.0225128
0.0202687
0.0186524
0.0145598
0.0136647
0.0135953
0.0138224
0.0142005
0.0146419
0.0151136
0.0155552
0.0159331
0.0162134
0.0163691
0.016366
0.0161652
0.0157182
0.0149628
0.0138206
0.0122
0.00998754
0.00694968
0.00264454
-0.0026125
-0.00428216
-1.27056
-0.488355
-0.40361
-0.339171
-0.250924
-0.178009
-0.124785
-0.0838704
-0.0504745
-0.0224114
0.00146701
0.0217929
0.0385195
0.0499966
0.0515214
0.0463935
0.0369832
0.0307624
0.0255245
0.0204761
0.018426
0.0167726
0.0153774
0.0141758
0.0131506
0.0122478
0.0114481
0.0107321
0.0100848
0.00948798
0.00891951
0.00834982
0.00773621
0.00701747
0.00611197
0.00490095
0.00310507
9.62427e-05
-0.00428689
-0.00591861
-3.7573
-0.929678
-0.639626
-0.500803
-0.355178
-0.252498
-0.185366
-0.13764
-0.101097
-0.0720357
-0.048459
-0.028805
-0.00888817
0.0254504
0.0843091
0.0892026
0.0698481
0.0566837
0.0471275
0.0377578
0.0312347
0.0258177
0.0210582
0.0168521
0.0131236
0.0097961
0.00682684
0.00418821
0.00186056
-0.000167823
-0.00190436
-0.00335433
-0.00452526
-0.00543225
-0.00610212
-0.0065856
-0.00704245
-0.00795524
-0.0099394
-0.0115008
10.3036
10.3036
10.3037
10.3037
10.3037
10.3037
10.3038
10.3038
10.3039
10.3039
10.304
10.3041
10.3042
10.3043
10.3044
10.3045
10.3047
10.3048
10.305
10.3051
10.3052
10.3054
10.3056
10.3057
10.3059
10.306
10.3062
10.3064
10.3065
10.3067
10.3068
10.307
10.3072
10.3073
10.3074
10.3076
10.3077
10.3078
10.308
10.3081
10.3036
10.3036
10.3036
10.3037
10.3037
10.3037
10.3038
10.3038
10.3039
10.3039
10.304
10.3041
10.3042
10.3043
10.3044
10.3046
10.3047
10.3048
10.3049
10.3051
10.3052
10.3054
10.3055
10.3057
10.3059
10.306
10.3062
10.3063
10.3065
10.3067
10.3068
10.307
10.3071
10.3073
10.3074
10.3075
10.3077
10.3078
10.3079
10.308
10.3036
10.3036
10.3036
10.3036
10.3036
10.3037
10.3037
10.3038
10.3038
10.3039
10.304
10.3041
10.3042
10.3043
10.3044
10.3045
10.3047
10.3048
10.3049
10.3051
10.3052
10.3054
10.3055
10.3057
10.3058
10.306
10.3061
10.3063
10.3065
10.3066
10.3068
10.3069
10.3071
10.3072
10.3074
10.3075
10.3076
10.3077
10.3079
10.308
10.3035
10.3035
10.3035
10.3035
10.3036
10.3036
10.3036
10.3037
10.3038
10.3038
10.3039
10.304
10.3041
10.3042
10.3043
10.3045
10.3046
10.3047
10.3049
10.305
10.3052
10.3053
10.3055
10.3056
10.3058
10.3059
10.3061
10.3063
10.3064
10.3066
10.3067
10.3069
10.307
10.3072
10.3073
10.3075
10.3076
10.3077
10.3078
10.3079
10.3034
10.3034
10.3034
10.3034
10.3034
10.3035
10.3035
10.3036
10.3036
10.3037
10.3038
10.3039
10.304
10.3041
10.3042
10.3044
10.3045
10.3046
10.3048
10.3049
10.3051
10.3052
10.3054
10.3056
10.3057
10.3059
10.306
10.3062
10.3064
10.3065
10.3067
10.3068
10.307
10.3071
10.3073
10.3074
10.3076
10.3077
10.3078
10.3079
10.3033
10.3033
10.3033
10.3033
10.3033
10.3033
10.3034
10.3034
10.3035
10.3036
10.3036
10.3037
10.3039
10.304
10.3041
10.3042
10.3044
10.3045
10.3047
10.3048
10.305
10.3051
10.3053
10.3055
10.3056
10.3058
10.306
10.3061
10.3063
10.3065
10.3066
10.3068
10.307
10.3071
10.3073
10.3074
10.3075
10.3077
10.3078
10.3079
10.3031
10.3031
10.3031
10.3031
10.3031
10.3031
10.3031
10.3032
10.3033
10.3034
10.3034
10.3035
10.3037
10.3038
10.3039
10.304
10.3042
10.3043
10.3045
10.3047
10.3048
10.305
10.3052
10.3054
10.3055
10.3057
10.3059
10.3061
10.3062
10.3064
10.3066
10.3068
10.3069
10.3071
10.3072
10.3074
10.3075
10.3077
10.3078
10.3079
10.3029
10.3029
10.3028
10.3028
10.3028
10.3029
10.3029
10.303
10.303
10.3031
10.3032
10.3033
10.3034
10.3036
10.3037
10.3038
10.304
10.3041
10.3043
10.3045
10.3047
10.3048
10.305
10.3052
10.3054
10.3056
10.3058
10.306
10.3062
10.3063
10.3065
10.3067
10.3069
10.3071
10.3072
10.3074
10.3075
10.3077
10.3078
10.3079
10.3026
10.3026
10.3026
10.3025
10.3025
10.3026
10.3026
10.3027
10.3027
10.3028
10.3029
10.303
10.3031
10.3033
10.3034
10.3036
10.3037
10.3039
10.3041
10.3043
10.3045
10.3047
10.3049
10.3051
10.3053
10.3055
10.3057
10.3059
10.3061
10.3063
10.3065
10.3067
10.3069
10.307
10.3072
10.3074
10.3075
10.3077
10.3078
10.308
10.3023
10.3023
10.3022
10.3022
10.3022
10.3022
10.3023
10.3023
10.3024
10.3025
10.3026
10.3027
10.3028
10.303
10.3031
10.3033
10.3035
10.3037
10.3038
10.304
10.3043
10.3045
10.3047
10.3049
10.3051
10.3053
10.3056
10.3058
10.306
10.3062
10.3064
10.3066
10.3068
10.307
10.3072
10.3074
10.3076
10.3077
10.3079
10.308
10.302
10.3019
10.3019
10.3018
10.3018
10.3018
10.3019
10.3019
10.302
10.3021
10.3022
10.3023
10.3025
10.3026
10.3028
10.303
10.3032
10.3034
10.3036
10.3038
10.304
10.3042
10.3045
10.3047
10.305
10.3052
10.3055
10.3057
10.3059
10.3062
10.3064
10.3066
10.3068
10.3071
10.3073
10.3075
10.3076
10.3078
10.308
10.3081
10.3016
10.3015
10.3015
10.3014
10.3014
10.3014
10.3014
10.3015
10.3016
10.3017
10.3018
10.3019
10.302
10.3022
10.3024
10.3026
10.3028
10.303
10.3033
10.3035
10.3038
10.304
10.3043
10.3045
10.3048
10.3051
10.3053
10.3056
10.3059
10.3061
10.3064
10.3066
10.3069
10.3071
10.3073
10.3075
10.3077
10.3079
10.3081
10.3082
10.3011
10.3011
10.301
10.3009
10.3009
10.3009
10.3009
10.301
10.3011
10.3012
10.3013
10.3014
10.3016
10.3018
10.302
10.3022
10.3024
10.3027
10.3029
10.3032
10.3035
10.3038
10.3041
10.3044
10.3047
10.305
10.3053
10.3055
10.3058
10.3061
10.3064
10.3067
10.3069
10.3072
10.3074
10.3077
10.3079
10.3081
10.3083
10.3084
10.3006
10.3005
10.3005
10.3004
10.3004
10.3004
10.3004
10.3004
10.3005
10.3006
10.3008
10.3009
10.3011
10.3013
10.3015
10.3018
10.302
10.3023
10.3026
10.3029
10.3032
10.3035
10.3038
10.3042
10.3045
10.3049
10.3052
10.3055
10.3058
10.3062
10.3065
10.3068
10.3071
10.3074
10.3076
10.3079
10.3081
10.3083
10.3085
10.3087
10.3
10.3
10.2999
10.2998
10.2998
10.2998
10.2998
10.2998
10.2999
10.3
10.3002
10.3003
10.3005
10.3008
10.301
10.3013
10.3016
10.3019
10.3022
10.3026
10.3029
10.3033
10.3036
10.304
10.3044
10.3048
10.3052
10.3055
10.3059
10.3063
10.3066
10.307
10.3073
10.3076
10.3079
10.3082
10.3084
10.3087
10.3089
10.3091
10.2994
10.2993
10.2992
10.2992
10.2991
10.2991
10.2991
10.2992
10.2992
10.2994
10.2995
10.2997
10.2999
10.3002
10.3005
10.3008
10.3011
10.3015
10.3018
10.3022
10.3026
10.3031
10.3035
10.3039
10.3044
10.3048
10.3052
10.3057
10.3061
10.3065
10.3069
10.3073
10.3076
10.308
10.3083
10.3086
10.3089
10.3092
10.3094
10.3096
10.2987
10.2987
10.2985
10.2984
10.2984
10.2983
10.2984
10.2984
10.2985
10.2987
10.2988
10.2991
10.2993
10.2996
10.2999
10.3003
10.3007
10.3011
10.3015
10.3019
10.3024
10.3029
10.3034
10.3039
10.3044
10.3049
10.3054
10.3059
10.3064
10.3068
10.3073
10.3077
10.3081
10.3085
10.3089
10.3092
10.3095
10.3098
10.3101
10.3103
10.298
10.2979
10.2978
10.2976
10.2976
10.2975
10.2975
10.2976
10.2977
10.2979
10.2981
10.2983
10.2986
10.299
10.2993
10.2998
10.3002
10.3007
10.3012
10.3017
10.3022
10.3028
10.3034
10.304
10.3045
10.3051
10.3057
10.3063
10.3068
10.3074
10.3079
10.3084
10.3089
10.3093
10.3097
10.3101
10.3105
10.3108
10.311
10.3113
10.2972
10.2971
10.2969
10.2968
10.2967
10.2966
10.2967
10.2967
10.2969
10.297
10.2973
10.2976
10.2979
10.2983
10.2988
10.2992
10.2998
10.3003
10.3009
10.3015
10.3022
10.3028
10.3035
10.3042
10.3049
10.3055
10.3062
10.3069
10.3075
10.3082
10.3088
10.3094
10.3099
10.3104
10.3109
10.3113
10.3117
10.312
10.3123
10.3126
10.2963
10.2962
10.296
10.2958
10.2957
10.2957
10.2957
10.2958
10.2959
10.2961
10.2964
10.2968
10.2972
10.2977
10.2982
10.2987
10.2994
10.3
10.3007
10.3015
10.3022
10.303
10.3038
10.3046
10.3054
10.3062
10.307
10.3078
10.3085
10.3093
10.31
10.3107
10.3113
10.3119
10.3125
10.313
10.3134
10.3138
10.3141
10.3144
10.2953
10.2952
10.2949
10.2948
10.2946
10.2946
10.2946
10.2947
10.2949
10.2952
10.2955
10.2959
10.2964
10.297
10.2976
10.2983
10.299
10.2998
10.3006
10.3015
10.3024
10.3033
10.3043
10.3052
10.3062
10.3071
10.3081
10.309
10.3099
10.3108
10.3116
10.3124
10.3132
10.3139
10.3145
10.3151
10.3156
10.3161
10.3164
10.3168
10.2942
10.2941
10.2938
10.2936
10.2935
10.2934
10.2935
10.2936
10.2938
10.2942
10.2946
10.2951
10.2956
10.2963
10.297
10.2979
10.2987
10.2997
10.3006
10.3017
10.3027
10.3038
10.305
10.3061
10.3072
10.3084
10.3095
10.3106
10.3117
10.3127
10.3138
10.3147
10.3156
10.3165
10.3172
10.3179
10.3185
10.3191
10.3195
10.3199
10.293
10.2928
10.2926
10.2923
10.2922
10.2922
10.2922
10.2924
10.2927
10.293
10.2935
10.2941
10.2948
10.2956
10.2965
10.2975
10.2985
10.2996
10.3008
10.302
10.3033
10.3046
10.3059
10.3072
10.3086
10.3099
10.3113
10.3126
10.3139
10.3152
10.3164
10.3175
10.3186
10.3196
10.3206
10.3214
10.3222
10.3228
10.3234
10.3239
10.2917
10.2915
10.2912
10.2909
10.2908
10.2907
10.2908
10.291
10.2914
10.2918
10.2924
10.2931
10.2939
10.2949
10.2959
10.2971
10.2983
10.2996
10.301
10.3024
10.3039
10.3054
10.307
10.3086
10.3102
10.3118
10.3134
10.315
10.3165
10.318
10.3194
10.3208
10.3221
10.3234
10.3245
10.3256
10.3266
10.3274
10.3281
10.3288
10.2902
10.29
10.2896
10.2894
10.2892
10.2892
10.2893
10.2895
10.2899
10.2905
10.2912
10.292
10.293
10.2941
10.2953
10.2966
10.298
10.2996
10.3012
10.3028
10.3046
10.3064
10.3082
10.3101
10.312
10.3138
10.3157
10.3176
10.3194
10.3212
10.3229
10.3246
10.3262
10.3277
10.3291
10.3304
10.3316
10.3327
10.3337
10.3345
10.2885
10.2883
10.2879
10.2876
10.2874
10.2874
10.2875
10.2878
10.2883
10.289
10.2898
10.2907
10.2918
10.2931
10.2945
10.296
10.2977
10.2994
10.3013
10.3032
10.3052
10.3073
10.3094
10.3116
10.3138
10.316
10.3182
10.3203
10.3225
10.3246
10.3266
10.3286
10.3305
10.3323
10.3341
10.3357
10.3372
10.3386
10.3398
10.3409
10.2866
10.2863
10.2859
10.2855
10.2853
10.2853
10.2855
10.2859
10.2864
10.2872
10.2881
10.2892
10.2904
10.2919
10.2935
10.2952
10.2971
10.2991
10.3012
10.3034
10.3057
10.3081
10.3106
10.313
10.3156
10.3181
10.3206
10.3231
10.3256
10.3281
10.3305
10.3328
10.3351
10.3372
10.3393
10.3412
10.3431
10.3448
10.3464
10.3477
10.2844
10.284
10.2835
10.2831
10.2829
10.2829
10.2831
10.2836
10.2842
10.285
10.286
10.2873
10.2887
10.2903
10.2921
10.2941
10.2962
10.2985
10.3009
10.3034
10.306
10.3087
10.3115
10.3143
10.3172
10.3201
10.323
10.3259
10.3287
10.3316
10.3343
10.337
10.3396
10.3421
10.3446
10.3468
10.349
10.351
10.3529
10.3544
10.2817
10.2813
10.2808
10.2803
10.2801
10.2801
10.2803
10.2808
10.2815
10.2824
10.2836
10.2849
10.2865
10.2883
10.2903
10.2925
10.2949
10.2974
10.3001
10.303
10.3059
10.309
10.3121
10.3153
10.3186
10.3219
10.3252
10.3285
10.3318
10.335
10.3381
10.3412
10.3442
10.347
10.3497
10.3523
10.3547
10.357
10.359
10.3608
10.2786
10.2781
10.2775
10.277
10.2767
10.2767
10.277
10.2775
10.2782
10.2793
10.2805
10.282
10.2838
10.2858
10.2881
10.2905
10.2932
10.296
10.299
10.3022
10.3056
10.309
10.3126
10.3162
10.3199
10.3236
10.3274
10.3311
10.3348
10.3384
10.3419
10.3453
10.3486
10.3518
10.3548
10.3576
10.3602
10.3626
10.3648
10.3666
10.2749
10.2744
10.2736
10.2731
10.2727
10.2727
10.273
10.2735
10.2743
10.2755
10.2769
10.2785
10.2805
10.2828
10.2853
10.288
10.291
10.2942
10.2976
10.3012
10.305
10.3089
10.3129
10.317
10.3211
10.3253
10.3295
10.3337
10.3378
10.3418
10.3457
10.3495
10.3531
10.3566
10.3598
10.3628
10.3655
10.368
10.3701
10.372
10.2706
10.2699
10.2691
10.2684
10.268
10.2679
10.2682
10.2688
10.2697
10.2709
10.2725
10.2744
10.2766
10.2791
10.2819
10.2851
10.2884
10.2921
10.2959
10.3
10.3042
10.3086
10.3132
10.3178
10.3224
10.3271
10.3318
10.3364
10.341
10.3454
10.3497
10.3539
10.3578
10.3615
10.3649
10.3681
10.3709
10.3735
10.3756
10.3775
10.2654
10.2647
10.2637
10.2629
10.2624
10.2623
10.2625
10.2631
10.2642
10.2656
10.2673
10.2695
10.272
10.2749
10.2781
10.2816
10.2855
10.2896
10.294
10.2986
10.3034
10.3084
10.3134
10.3186
10.3238
10.329
10.3342
10.3394
10.3444
10.3493
10.354
10.3585
10.3628
10.3668
10.3705
10.3739
10.3769
10.3796
10.3819
10.3839
10.2594
10.2585
10.2574
10.2564
10.2558
10.2556
10.2558
10.2565
10.2577
10.2593
10.2613
10.2638
10.2667
10.27
10.2737
10.2777
10.2821
10.2868
10.2918
10.297
10.3024
10.308
10.3137
10.3194
10.3253
10.3311
10.3368
10.3425
10.348
10.3534
10.3586
10.3636
10.3683
10.3727
10.3768
10.3805
10.3839
10.3869
10.3895
10.3917
10.2524
10.2513
10.2499
10.2487
10.248
10.2478
10.248
10.2488
10.2501
10.2519
10.2543
10.2571
10.2605
10.2643
10.2685
10.2731
10.2782
10.2835
10.2892
10.295
10.3011
10.3074
10.3138
10.3202
10.3267
10.3331
10.3395
10.3459
10.352
10.358
10.3638
10.3693
10.3746
10.3796
10.3842
10.3885
10.3924
10.3959
10.3989
10.4015
10.2442
10.2429
10.2413
10.2399
10.239
10.2386
10.2389
10.2398
10.2413
10.2433
10.246
10.2493
10.2532
10.2575
10.2624
10.2677
10.2734
10.2795
10.2859
10.2926
10.2994
10.3065
10.3136
10.3208
10.3281
10.3353
10.3425
10.3496
10.3565
10.3633
10.3698
10.3761
10.3821
10.3878
10.3931
10.398
10.4025
10.4066
10.4101
10.4131
10.2346
10.2332
10.2313
10.2295
10.2284
10.228
10.2282
10.2292
10.2308
10.2332
10.2363
10.2401
10.2445
10.2495
10.255
10.2611
10.2676
10.2746
10.2818
10.2894
10.2972
10.3051
10.3132
10.3214
10.3296
10.3378
10.3459
10.354
10.3618
10.3695
10.3769
10.3841
10.3909
10.3974
10.4034
10.409
10.4141
10.4187
10.4227
10.4261
10.2236
10.2219
10.2196
10.2175
10.2161
10.2155
10.2157
10.2167
10.2185
10.2212
10.2247
10.229
10.2341
10.2398
10.2462
10.2531
10.2606
10.2685
10.2768
10.2855
10.2944
10.3035
10.3127
10.3221
10.3315
10.3408
10.3501
10.3592
10.3682
10.3769
10.3853
10.3934
10.4011
10.4083
10.4151
10.4213
10.4269
10.432
10.4363
10.44
10.2107
10.2088
10.206
10.2034
10.2016
10.2008
10.2009
10.2019
10.204
10.207
10.211
10.216
10.2217
10.2283
10.2357
10.2437
10.2523
10.2614
10.271
10.281
10.2912
10.3017
10.3123
10.3231
10.3338
10.3445
10.3551
10.3655
10.3757
10.3855
10.3949
10.404
10.4125
10.4205
10.4279
10.4347
10.4408
10.4462
10.4509
10.4549
10.1958
10.1934
10.19
10.1869
10.1846
10.1835
10.1834
10.1845
10.1868
10.1903
10.1949
10.2005
10.2072
10.2149
10.2234
10.2327
10.2427
10.2533
10.2644
10.2759
10.2878
10.2999
10.3122
10.3245
10.3368
10.349
10.361
10.3728
10.3842
10.3952
10.4057
10.4157
10.4251
10.4339
10.442
10.4494
10.456
10.4619
10.467
10.4713
10.1784
10.1755
10.1714
10.1674
10.1645
10.163
10.1628
10.1639
10.1665
10.1705
10.1759
10.1825
10.1903
10.1992
10.2092
10.22
10.2317
10.244
10.257
10.2703
10.2841
10.298
10.3121
10.3263
10.3403
10.3542
10.3678
10.381
10.3938
10.4061
10.4177
10.4288
10.4392
10.4489
10.4578
10.4659
10.4732
10.4797
10.4853
10.4899
10.1579
10.1545
10.1493
10.1444
10.1407
10.1387
10.1383
10.1396
10.1427
10.1474
10.1537
10.1615
10.1707
10.1812
10.1929
10.2056
10.2192
10.2336
10.2486
10.2641
10.2799
10.296
10.3121
10.3282
10.3442
10.3599
10.3752
10.3901
10.4044
10.4181
10.4311
10.4434
10.455
10.4657
10.4756
10.4846
10.4927
10.4998
10.5059
10.5111
10.1339
10.1296
10.1232
10.1169
10.1124
10.1098
10.1093
10.1109
10.1146
10.1202
10.1277
10.137
10.148
10.1604
10.1741
10.189
10.2048
10.2216
10.2389
10.2568
10.275
10.2934
10.3119
10.3303
10.3484
10.3661
10.3834
10.4001
10.4161
10.4314
10.446
10.4597
10.4725
10.4844
10.4954
10.5053
10.5142
10.522
10.5288
10.5345
10.1055
10.1002
10.092
10.0842
10.0785
10.0754
10.0748
10.0769
10.0814
10.0883
10.0973
10.1084
10.1214
10.1361
10.1522
10.1696
10.1882
10.2076
10.2277
10.2483
10.2693
10.2904
10.3114
10.3323
10.3528
10.3729
10.3923
10.4111
10.429
10.4461
10.4623
10.4775
10.4918
10.5049
10.517
10.5279
10.5376
10.5462
10.5536
10.5599
10.0718
10.0651
10.0547
10.0449
10.0379
10.0342
10.0338
10.0364
10.0421
10.0505
10.0615
10.0748
10.0903
10.1076
10.1266
10.1471
10.1687
10.1913
10.2146
10.2385
10.2625
10.2867
10.3107
10.3344
10.3576
10.3802
10.4021
10.4231
10.4432
10.4623
10.4803
10.4971
10.5128
10.5272
10.5405
10.5525
10.5632
10.5725
10.5805
10.5873
10.0315
10.023
10.0098
9.99749
9.98902
9.98479
9.98458
9.98813
9.99521
10.0056
10.0189
10.0349
10.0534
10.074
10.0965
10.1206
10.1459
10.1722
10.1993
10.2268
10.2544
10.2821
10.3094
10.3363
10.3626
10.388
10.4126
10.4362
10.4587
10.48
10.5
10.5187
10.5359
10.5518
10.5662
10.5792
10.5908
10.6009
10.6095
10.6167
9.98322
9.97229
9.95545
9.94012
9.92996
9.92522
9.92542
9.93016
9.93908
9.95185
9.96811
9.9875
10.0097
10.0343
10.0609
10.0893
10.119
10.1497
10.181
10.2128
10.2446
10.2762
10.3075
10.3381
10.3679
10.3966
10.4243
10.4507
10.4759
10.4996
10.5217
10.5423
10.5613
10.5786
10.5943
10.6083
10.6208
10.6316
10.6408
10.6485
9.92482
9.91077
9.8893
9.87033
9.85827
9.85306
9.8539
9.8602
9.87149
9.8873
9.90717
9.93067
9.95734
9.98674
10.0184
10.0519
10.0868
10.1227
10.1592
10.196
10.2327
10.2691
10.3049
10.3399
10.3737
10.4063
10.4375
10.467
10.4949
10.5211
10.5454
10.568
10.5887
10.6076
10.6246
10.6397
10.6531
10.6647
10.6746
10.6829
9.85373
9.83568
9.80836
9.78503
9.77083
9.76523
9.76701
9.77535
9.78962
9.80922
9.83359
9.86214
9.89432
9.92957
9.96733
10.0071
10.0483
10.0905
10.1332
10.1761
10.2187
10.2608
10.302
10.342
10.3805
10.4173
10.4522
10.4851
10.516
10.5448
10.5714
10.596
10.6184
10.6388
10.6571
10.6734
10.6878
10.7003
10.711
10.7199
9.76658
9.74342
9.70879
9.68026
9.66366
9.65776
9.66084
9.67181
9.68985
9.71422
9.74416
9.77898
9.81796
9.86044
9.90574
9.95322
10.0022
10.0522
10.1026
10.1529
10.2026
10.2515
10.2991
10.3448
10.3886
10.43
10.4691
10.5057
10.5399
10.5717
10.601
10.6277
10.6519
10.6737
10.6932
10.7105
10.7257
10.7389
10.7502
10.7597
9.65897
9.62935
9.58567
9.55096
9.53165
9.52558
9.53041
9.54476
9.56759
9.59795
9.63492
9.67761
9.72517
9.77678
9.83159
9.88877
9.9475
10.007
10.0666
10.1259
10.1843
10.2415
10.2966
10.3494
10.3993
10.4461
10.4898
10.5307
10.5688
10.6041
10.6367
10.6662
10.6926
10.7161
10.7367
10.7548
10.7704
10.7838
10.7952
10.8047
9.52516
9.48748
9.4327
9.39067
9.3683
9.36223
9.36941
9.38812
9.41709
9.4551
9.50102
9.55376
9.61227
9.67553
9.74251
9.81208
9.88299
9.95416
10.025
10.0951
10.1644
10.2321
10.2973
10.359
10.4167
10.4697
10.5184
10.5633
10.6054
10.6448
10.6809
10.7133
10.7421
10.7671
10.7887
10.8072
10.8227
10.8358
10.8468
10.8561
9.35779
9.31017
9.24192
9.1913
9.16547
9.15961
9.16992
9.19433
9.23125
9.27917
9.33664
9.40227
9.47474
9.55291
9.63564
9.72144
9.80817
9.89385
9.97815
10.062
10.1461
10.2291
10.3086
10.383
10.4503
10.5097
10.5625
10.6114
10.6596
10.706
10.7485
10.7862
10.8187
10.8465
10.87
10.8896
10.9057
10.9191
10.9299
10.9391
9.14767
9.08788
9.0035
8.94284
8.91303
8.90764
8.92212
8.954
9.00135
9.06226
9.13478
9.21696
9.30705
9.40409
9.50783
9.61689
9.72613
9.83002
9.9292
10.0294
10.1359
10.2452
10.3508
10.4485
10.5292
10.5932
10.6502
10.7133
10.792
10.8771
10.9566
11.0234
11.0787
11.1241
11.1607
11.1892
11.2105
11.2264
11.2369
11.2502
8.88405
8.80921
8.70556
8.63298
8.59836
8.59363
8.61358
8.65542
8.71676
8.79516
8.88783
8.9916
9.10382
9.22482
9.35903
9.50648
9.65413
9.78375
9.88914
10.0036
10.162
10.3476
10.5311
10.7101
10.8391
10.925
11.0472
11.177
11.308
11.4693
11.6378
11.7851
11.9002
11.9881
12.0538
12.0916
12.0993
12.0839
12.0343
12.0247
8.55722
8.45929
8.33325
8.24691
8.20573
8.20138
8.22853
8.28394
8.36473
8.46768
8.5885
8.72109
8.85852
9.00059
9.16392
9.38454
9.63071
9.79741
9.89593
10.0244
10.3683
10.9763
11.5358
11.9936
12.6572
13.577
14.4276
15.4953
21.5922
32.1605
45.5696
59.3103
71.7473
82.3697
90.9792
96.4855
98.6912
98.6565
93.8829
90.3549
8.15521
7.97826
7.84187
7.7505
7.70579
7.70455
7.743
7.8178
7.92599
8.06418
8.22712
8.40181
8.56125
8.681
8.81198
9.30226
10.074
10.2476
10.1709
10.2146
11.2211
13.3888
18.6614
59.2352
149.287
254.04
349.676
437.852
522.846
609.146
674.663
720.361
751.87
775.059
791.275
800.202
803.243
802.389
793.095
785.768
7.59999
7.39174
7.23302
7.1196
7.06858
7.07376
7.12825
7.22965
7.37875
7.58088
7.84142
8.13658
8.36842
8.45109
8.51653
8.95961
12.0044
15.3333
16.1519
29.4212
61.2135
153
378.82
663.94
880.688
987.917
1040.57
1070
1085.19
1082.11
1078.93
1076.31
1074.02
1071.95
1070.05
1068.27
1066.58
1065.02
1063.7
1062.75
6.90103
6.7089
6.51711
6.37084
6.30212
6.30215
6.36286
6.485
6.67853
6.97325
7.40447
7.87873
8.24047
8.37945
8.45726
9.61968
14.1356
67.7638
323.835
567.348
713.94
873.848
1034.92
1110.08
1111.77
1110.9
1110.54
1110.41
1110.38
1110.32
1110.13
1109.79
1109.29
1108.64
1107.89
1107.04
1106.15
1105.27
1104.48
1103.93
6.09026
5.9016
5.68054
5.50197
5.40233
5.3718
5.40201
5.49178
5.64934
5.91997
6.41915
7.41787
9.30351
9.71904
10.1855
24.5081
123.643
512.137
943.884
1096.77
1118.95
1114.17
1112.49
1117.36
1127.48
1129.3
1132.47
1135.9
1138.8
1141.13
1142.89
1144.09
1144.77
1145.01
1144.94
1144.65
1144.23
1143.77
1143.33
1142.96
5.17061
4.98294
4.74453
4.54101
4.40508
4.32639
4.29577
4.30613
4.3566
4.5582
5.3383
8.34538
24.757
91.0426
277.571
503.689
728.3
935.331
1040.91
1060.84
1086.28
1123.32
1130.09
1111.78
1061.08
1056.78
1124.48
1158.66
1165.91
1171.22
1174.89
1177.48
1179.19
1180.17
1180.59
1180.63
1180.45
1180.17
1179.87
1179.59
4.18617
4.00567
3.76976
3.55633
3.39144
3.26517
3.17015
3.09742
3.05109
3.19344
4.32421
14.0665
208.689
677.505
920.925
958.339
952.731
954.268
857.477
558.36
499.832
604.076
656.622
497.997
319.211
286.514
498.775
819.171
1043.81
1185.13
1211.92
1215.71
1216.92
1217.29
1217.42
1217.3
1216.97
1216.58
1216.2
1215.86
3.20775
3.04588
2.83215
2.62615
2.44482
2.27796
2.11926
1.96458
1.81149
1.75838
2.59989
15.8779
532.667
995.117
992.704
988.438
981.988
911.632
204.374
-1.54143
-1.20522
-0.773043
-0.613374
-0.738401
-0.91019
-0.925936
-0.726642
49.0701
234.219
605.263
1046
1248.81
1258.51
1257.32
1255.54
1254.41
1253.52
1252.71
1252.02
1251.46
2.30987
2.17668
2.00049
1.81864
1.63821
1.4487
1.244
1.02883
0.795554
0.533502
0.207187
11.1545
529.108
1007.66
1009.45
1010.34
993.166
403.572
-0.70367
-0.663392
-0.602724
-0.542638
-0.517079
-0.520034
-0.536024
-0.561295
-0.594818
-0.595206
-0.321839
0.616531
245.483
832.492
1271.91
1297.91
1294.68
1291.35
1289.39
1288.03
1286.93
1286.05
1.54897
1.44935
1.31971
1.17563
1.01543
0.829983
0.615779
0.3805
0.140945
-0.0656136
-0.507614
-0.676684
103.723
683.569
1020.21
1026.96
831.401
90.572
-0.502425
-0.574502
-0.580252
-0.569079
-0.557213
-0.548374
-0.540323
-0.529696
-0.510199
-0.471284
-0.437307
-0.401247
-0.105005
99.0247
740.333
1317.31
1332.94
1328.22
1324.18
1321.95
1320.47
1319.28
0.954733
0.883512
0.803301
0.705477
0.581926
0.426999
0.241266
0.0362147
-0.159204
-0.276742
-0.211603
-0.566866
-0.62184
30.8956
510.706
905.042
445.232
5.69964
-0.464798
-0.512493
-0.525177
-0.523232
-0.516983
-0.509195
-0.49954
-0.485966
-0.466228
-0.439042
-0.422176
-0.443058
-0.450585
0.0125676
87.0774
867.138
1358
1363.39
1357.89
1354.14
1352.2
1350.84
0.521431
0.474802
0.437738
0.383363
0.299304
0.182472
0.0356858
-0.13287
-0.302897
-0.425181
-0.311461
-0.0840902
-0.480423
-0.699732
-0.922349
28.6229
89.6424
8.47975
-0.478953
-0.495191
-0.499
-0.4922
-0.482229
-0.471645
-0.460467
-0.447586
-0.432312
-0.414488
-0.396943
-0.39323
-0.420166
-0.423046
0.150613
182.709
1196.22
1390.81
1390.26
1384.87
1382.04
1380.58
0.223561
0.199775
0.195757
0.175587
0.126039
0.0460455
-0.0603508
-0.186143
-0.321238
-0.426399
-0.504266
-0.0511117
-0.120645
-0.596208
-0.554874
-0.50991
-0.577297
6.05228
0.258286
-0.43264
-0.500116
-0.479143
-0.459686
-0.442723
-0.427499
-0.413188
-0.399016
-0.384361
-0.36883
-0.354161
-0.352258
-0.374313
-0.329403
0.70527
502.751
1400.15
1418.33
1414.11
1410.11
1408.44
0.0289787
0.0271315
0.0460248
0.0498292
0.0269179
-0.022232
-0.0930577
-0.179389
-0.273194
-0.359251
-0.451149
-0.178827
0.168735
0.0139556
-0.362691
-0.411178
-0.379971
-0.338659
1.59859
0.478124
-0.273734
-0.445723
-0.424591
-0.408276
-0.393229
-0.379138
-0.366122
-0.354004
-0.342239
-0.33045
-0.324642
-0.348308
-0.373329
0.00925961
94.6038
1141.63
1437.43
1441.42
1436.92
1434.72
-0.0895451
-0.0733311
-0.0400057
-0.0208745
-0.0255212
-0.0524639
-0.0974855
-0.155902
-0.219942
-0.2923
-0.347194
-0.392071
0.0505715
0.53034
0.516482
0.0380028
-0.192275
-0.190721
0.0292307
0.511295
0.311427
-0.400526
-0.378459
-0.366777
-0.355194
-0.34305
-0.331175
-0.319901
-0.308961
-0.297569
-0.286229
-0.285856
-0.313434
-0.26134
0.7747
490.658
1443.09
1464.94
1462.47
1459.64
-0.153241
-0.12451
-0.083027
-0.0548792
-0.0478014
-0.0596673
-0.0868875
-0.12534
-0.171936
-0.223226
-0.267256
-0.313616
-0.313264
-0.0220335
0.946866
0.909615
0.727498
0.186629
-0.096847
-0.12221
-0.0822441
-0.240688
-0.33561
-0.3247
-0.31544
-0.305555
-0.295378
-0.285344
-0.275478
-0.265045
-0.25351
-0.247878
-0.27062
-0.275828
0.407597
142.208
1300.82
1483.72
1487.42
1484.14
-0.17881
-0.142555
-0.0972208
-0.0643202
-0.0500917
-0.0520732
-0.0671425
-0.0924504
-0.125292
-0.162369
-0.201421
-0.236876
-0.270901
-0.286707
-0.0550325
0.982917
1.01074
0.969524
0.450236
-0.195043
-0.257873
-0.251012
-0.281013
-0.281528
-0.273741
-0.265914
-0.257747
-0.249406
-0.240967
-0.232046
-0.222015
-0.214333
-0.226803
-0.253631
0.00989055
15.0673
697.534
1492.66
1510.59
1508.23
-0.179012
-0.139025
-0.0926147
-0.05773
-0.0394343
-0.0351415
-0.0421713
-0.0583629
-0.0815061
-0.108621
-0.13916
-0.170972
-0.203002
-0.229405
-0.244972
-0.15885
0.848858
1.09442
1.07537
0.719968
-0.00959412
-0.207782
-0.234071
-0.234237
-0.229352
-0.223707
-0.217772
-0.211231
-0.204086
-0.196187
-0.186589
-0.175349
-0.172041
-0.195687
-0.150799
0.753537
285.621
1493.69
1530.65
1531.67
-0.16357
-0.122134
-0.0763036
-0.0411526
-0.0207978
-0.0126703
-0.0144478
-0.0243827
-0.0407414
-0.0613394
-0.0853433
-0.111107
-0.137648
-0.16497
-0.184196
-0.200928
-0.19352
0.419516
1.13088
1.13542
0.737997
0.270467
-0.106843
-0.184339
-0.182435
-0.180161
-0.177259
-0.173219
-0.168126
-0.162129
-0.154627
-0.145074
-0.13999
-0.161937
-0.17809
0.361071
83.5945
1130
1546.05
1555.79
-0.139899
-0.098007
-0.0533348
-0.0188012
0.00225254
0.0124834
0.0140022
0.00827189
-0.00328134
-0.01924
-0.0383342
-0.0594481
-0.0816404
-0.103976
-0.127066
-0.145196
-0.158569
-0.159215
-0.000567422
0.63217
0.794139
0.786676
0.337104
-0.098318
-0.138334
-0.13811
-0.138079
-0.136418
-0.132984
-0.128058
-0.121376
-0.112051
-0.101406
-0.10315
-0.126623
0.0225164
3.66663
612.624
1553.93
1577.51
-0.114411
-0.0696237
-0.0259013
0.00668843
0.0271201
0.0380644
0.0413906
0.0383383
0.0300874
0.0177651
0.002432
-0.0149922
-0.0336808
-0.0524424
-0.0719195
-0.0909875
-0.095262
-0.107556
-0.11498
-0.111258
0.476446
0.50369
0.57549
0.221862
-0.105539
-0.101287
-0.103061
-0.103535
-0.101487
-0.0974675
-0.0915356
-0.0826719
-0.070339
-0.0636895
-0.0857461
-0.0477184
1.0309
298.239
1554.95
1596.49
-0.112816
-0.0208819
0.0119772
0.034927
0.0521459
0.0625112
0.0663606
0.0647725
0.0586781
0.048967
0.036466
0.021925
0.00607711
-0.0102656
-0.0272584
-0.0436727
-0.0590447
-0.0618289
-0.0694515
-0.0771016
-0.0577489
-0.0263538
0.595258
0.497337
-0.0808414
-0.0714191
-0.0744372
-0.0764478
-0.075414
-0.0722965
-0.0674244
-0.059967
-0.0490584
-0.0420357
-0.0638325
-0.0714633
0.566415
102.63
1228.17
1611.64
-0.0986086
0.0220021
0.0417633
0.0571001
0.072786
0.0828159
0.0869888
0.0863684
0.0818291
0.0740638
0.0637386
0.0514805
0.038014
0.0237164
0.00891619
-0.00552094
-0.0187579
-0.0308571
-0.0413729
-0.0261739
-0.0291952
-0.0585846
0.563963
0.529672
-0.0587884
-0.0481575
-0.05218
-0.054901
-0.0544294
-0.0519816
-0.0480018
-0.0420681
-0.0333196
-0.0253033
-0.0378026
-0.0706697
0.186522
13.7494
798.157
1621.81
-0.0475466
0.0354898
0.0524163
0.0702355
0.0868473
0.0972788
0.10202
0.10233
0.09907
0.092846
0.0842353
0.073787
0.0621759
0.049528
0.036529
0.023954
0.0119798
-0.000227067
-0.0104021
-0.0119585
0.00368879
-0.0429632
0.588148
0.325938
-0.0388907
-0.0321791
-0.0360992
-0.0385063
-0.038042
-0.0356783
-0.0317641
-0.0260611
-0.0175139
-0.00635683
-0.00431625
-0.0335381
0.0263978
1.38146
491.348
1629.02
0.0189706
0.0318561
0.0550619
0.0791828
0.0966115
0.107069
0.112154
0.113116
0.110762
0.10568
0.0983986
0.0894146
0.0792109
0.0681013
0.0565567
0.0456351
0.0343014
0.0227921
0.0126414
0.00639345
0.0247209
-0.024195
0.588969
0.289176
-0.0266949
-0.02279
-0.0254672
-0.0272629
-0.0267185
-0.0243951
-0.0204967
-0.0147813
-0.00605251
0.00668628
0.0144155
-0.00885516
0.00699608
0.94434
263.488
1580.5
0.0498198
0.0388064
0.0677051
0.0912412
0.105837
0.114589
0.11898
0.119825
0.117783
0.113363
0.107026
0.0991935
0.0902148
0.0804494
0.0702117
0.0606085
0.0501734
0.039362
0.0297268
0.0213799
0.0310611
-0.00547677
0.54529
0.35702
-0.0126271
-0.0166252
-0.0183566
-0.0200856
-0.0197858
-0.0178059
-0.0142918
-0.00903643
-0.000909512
0.0113745
0.0205224
0.000695968
-0.00456501
0.616487
105.189
1281.87
0.0354853
0.0621024
0.0852607
0.101676
0.11238
0.119074
0.122293
0.122661
0.120627
0.116597
0.110947
0.104026
0.0961243
0.0875248
0.0784823
0.0700686
0.0603638
0.0510663
0.0428143
0.0354636
0.0458177
0.0140575
0.533002
0.520624
0.00141283
-0.012345
-0.0140029
-0.0162549
-0.0165314
-0.0152043
-0.0124915
-0.00843047
-0.00239221
0.00652969
0.0135234
-0.00328954
-0.0332865
0.289997
30.8329
1030.14
0.0135827
0.0796784
0.0955944
0.10558
0.11377
0.119006
0.121442
0.121532
0.119597
0.115954
0.110918
0.104779
0.0977987
0.0901994
0.0822793
0.0741426
0.0656823
0.0577799
0.0504855
0.0436983
0.0513429
0.0214925
0.752025
0.56613
0.00707309
-0.00743861
-0.011108
-0.014534
-0.0156222
-0.0149392
-0.012807
-0.00948212
-0.00485069
0.00169178
0.00826174
0.000195003
-0.0376927
0.0562758
5.58535
790.185
0.010186
0.0817271
0.0931126
0.101014
0.108775
0.113891
0.116366
0.116666
0.115111
0.111997
0.10761
0.102214
0.096049
0.0893203
0.0822619
0.0748722
0.0674174
0.0603697
0.0536798
0.0473537
0.049437
0.0246948
0.888429
0.643157
0.00714753
-0.00786221
-0.0123293
-0.0163551
-0.0174234
-0.0168006
-0.0143187
-0.0104178
-0.00511029
0.00234476
0.011938
0.0143461
-0.0123679
0.00633198
1.00135
564.433
0.0325403
0.0652015
0.0802717
0.0916533
0.100218
0.105593
0.108412
0.10911
0.108032
0.105478
0.101719
0.097
0.0915496
0.0855848
0.0792569
0.0727461
0.0661933
0.0602091
0.0541785
0.0492511
0.0498793
0.0316782
0.90332
0.838682
0.027942
-0.0148257
-0.0185756
-0.0225899
-0.0230907
-0.0218175
-0.018224
-0.0131733
-0.00653038
0.00259743
0.0149131
0.023363
0.00732034
0.0150421
0.714502
387.956
0.0404587
0.0579406
0.0723082
0.0835553
0.0914224
0.0965258
0.0993291
0.100188
0.0994071
0.0972512
0.0939613
0.0897575
0.084853
0.0794684
0.0737628
0.0679579
0.0622328
0.0572271
0.0521523
0.049194
0.0514766
0.0357905
0.851752
1.16823
0.098009
-0.02513
-0.0299191
-0.0127923
-0.0333192
-0.0299303
-0.0248428
-0.0186697
-0.0109613
-0.000773736
0.012757
0.0237717
0.0131503
0.0142034
0.503777
260.607
0.0401801
0.05211
0.0652884
0.075463
0.0825675
0.0872186
0.0898213
0.0906628
0.0899921
0.0880367
0.0850035
0.0810896
0.076493
0.0714279
0.0660731
0.0606767
0.0555701
0.050816
0.0469182
0.047355
0.049699
0.0404135
0.585707
2.0275
0.342628
-0.0274418
0.0061484
-0.00619827
-0.0449791
-0.0394393
-0.0329368
-0.0259802
-0.0176492
-0.00693948
0.00712733
0.0198585
0.0145041
0.0143974
0.363819
167.631
0.0371372
0.0458702
0.0577014
0.06706
0.0735697
0.0778344
0.0802295
0.0809896
0.0803228
0.078423
0.0754707
0.0716407
0.0671166
0.0620878
0.0567384
0.0513162
0.0462087
0.0413419
0.0375144
0.0397732
0.0397819
0.0348097
0.596397
2.27748
1.30805
0.26353
0.371933
-0.0221577
-0.0515314
-0.0451204
-0.0391839
-0.0328974
-0.0252584
-0.0153226
-0.00203465
0.0112822
0.0114416
0.0144031
0.262206
103.021
0.0328556
0.0392983
0.0500041
0.0586637
0.0646846
0.0686339
0.0708486
0.0715205
0.0708216
0.0689158
0.0659576
0.0620954
0.0574887
0.0522847
0.0466379
0.0407501
0.034966
0.0291447
0.0240416
0.0246944
0.0197702
0.0147676
0.610213
2.28354
2.27911
2.18783
0.725967
-0.0362409
-0.0428394
-0.041214
-0.0394564
-0.0364567
-0.0317351
-0.0246429
-0.0142535
-0.00237557
0.00229236
0.00875685
0.169204
57.441
0.0279461
0.0327701
0.0425384
0.0505836
0.0561869
0.0598742
0.061946
0.0625579
0.0618508
0.0599615
0.0570166
0.0531323
0.0484288
0.0430025
0.0369405
0.0303531
0.0233612
0.0158465
0.00815919
0.00134744
-0.00817097
-0.0191198
0.181998
2.21164
2.27413
2.26163
1.21537
-0.0114775
-0.0207126
-0.0289872
-0.0341378
-0.0363746
-0.0363604
-0.0340268
-0.0288843
-0.0214798
-0.0166155
-0.0144967
0.0522261
27.83
0.0228952
0.0265815
0.0355641
0.0430619
0.0483004
0.0517723
0.0537478
0.0543549
0.0537104
0.0519296
0.0491139
0.0453528
0.04073
0.0352974
0.0290987
0.0221614
0.0144058
0.00579013
-0.00373764
-0.013769
-0.0277253
-0.0454289
-0.0656239
1.07784
2.28632
2.22769
0.34908
0.017517
-0.00290616
-0.0190488
-0.0290166
-0.0353755
-0.0394887
-0.04173
-0.0420902
-0.0406795
-0.0404758
-0.0494558
-0.0573541
10.3394
0.017988
0.020901
0.0292198
0.0362267
0.0411477
0.0444516
0.0463842
0.0470538
0.0465612
0.0450055
0.0424721
0.0390344
0.0347532
0.0296634
0.0237923
0.0171387
0.00959085
0.0010746
-0.00809076
-0.018622
-0.0322357
-0.0516194
-0.0761477
0.151986
0.791574
0.153603
0.0188152
0.0108316
-0.00663983
-0.0197509
-0.0288801
-0.0357177
-0.0410717
-0.0451388
-0.0479177
-0.0495485
-0.0526911
-0.0654873
-0.0820057
2.57275
0.0133356
0.0157539
0.0235017
0.0300696
0.034722
0.0379055
0.0398464
0.0406402
0.0403767
0.0391453
0.0370243
0.0340815
0.0303724
0.0259398
0.0208239
0.0150558
0.00859356
0.00145969
-0.00582226
-0.0137352
-0.0232561
-0.0355538
-0.0478465
-0.0493952
-0.035919
-0.0140074
-0.00753843
-0.0115658
-0.018138
-0.0246091
-0.0306714
-0.0360419
-0.0406859
-0.0442799
-0.0463841
-0.0466583
-0.0459919
-0.0464833
-0.0385802
0.0365315
0.00894632
0.0110685
0.0183131
0.0244864
0.0289101
0.0320082
0.0339909
0.0349455
0.0349544
0.0341015
0.0324614
0.0301003
0.0270738
0.0234346
0.0192381
0.0145361
0.00936867
0.00380608
-0.0019133
-0.00689793
-0.012965
-0.0198878
-0.0235898
-0.0206719
-0.0188361
-0.0186309
-0.0166338
-0.0174984
-0.0205382
-0.0249937
-0.0299048
-0.0350103
-0.039865
-0.0438647
-0.046246
-0.0460955
-0.0419485
-0.0303
-0.00733142
0.0109148
0.00479985
0.00675617
0.0135402
0.0193416
0.0235483
0.0265637
0.0285868
0.0297007
0.0299851
0.0295201
0.0283774
0.0266212
0.0243076
0.0214924
0.0182353
0.0145965
0.010643
0.00645557
0.00214971
-0.00140437
-0.00578329
-0.00968412
-0.0108387
-0.00816706
-0.0121424
-0.0123848
-0.0123533
-0.0138012
-0.0168377
-0.0212254
-0.0268204
-0.0333448
-0.0403671
-0.0472443
-0.0531281
-0.0568394
-0.0555548
-0.0428555
-0.0190969
-0.0402753
0.000888895
0.00274873
0.0090831
0.0144975
0.0184528
0.02134
0.023355
0.0245843
0.0251083
0.0250058
0.0243463
0.0231912
0.0215948
0.0196106
0.0172937
0.0147034
0.0119108
0.00899156
0.0060577
0.00325364
0.000716246
-0.00137934
-0.000350062
-0.00217225
-0.00299365
-0.00270904
-0.00320836
-0.00508279
-0.00863368
-0.0141003
-0.0215771
-0.0310028
-0.0420944
-0.0542965
-0.0667993
-0.078256
-0.0845937
-0.0761386
-0.0546332
-0.108867
-0.00263767
-0.000845581
0.00500209
0.00993742
0.0135206
0.0161531
0.0180428
0.0192874
0.0199718
0.0201746
0.0199628
0.0193926
0.0185123
0.0173679
0.0160024
0.0144662
0.0128173
0.0111271
0.00947517
0.00795738
0.00675594
0.00600313
0.0086801
0.00763808
0.0081353
0.00939848
0.00951604
0.00760052
0.00321909
-0.00400829
-0.0143838
-0.0280474
-0.0449351
-0.0647523
-0.0870324
-0.11064
-0.129999
-0.12956
-0.108999
-0.201288
-0.00585136
-0.00417533
0.00108352
0.00538912
0.00842684
0.0106394
0.0122614
0.0134068
0.0141665
0.0146186
0.0148245
0.0148319
0.0146792
0.0144005
0.0140237
0.0135833
0.013114
0.0126763
0.0123022
0.0120788
0.0121501
0.0130926
0.0171794
0.0187738
0.0209903
0.0247064
0.0267968
0.0245739
0.0178673
0.00684344
-0.00856753
-0.0285127
-0.0531685
-0.0828677
-0.118494
-0.160825
-0.203178
-0.219142
-0.205664
-0.402549
-0.00682716
-0.00518842
-0.000801854
0.00221
0.00400872
0.00522263
0.00613134
0.00685358
0.00747065
0.00804338
0.00861407
0.00921198
0.00985915
0.010574
0.011372
0.0122729
0.0132969
0.014498
0.015893
0.0175455
0.0195931
0.024706
0.0299117
0.0360849
0.0454836
0.0505776
0.0490281
0.0375471
0.0207902
0.000437197
-0.023468
-0.0515586
-0.0849801
-0.125915
-0.179151
-0.252069
-0.34031
-0.404728
-0.489439
-1.27165
-0.0117886
-0.0102246
-0.00823957
-0.00732524
-0.00686623
-0.00638029
-0.00570792
-0.00479861
-0.00362569
-0.00217425
-0.000436876
0.0015917
0.00391889
0.00655645
0.00952388
0.012849
0.0165749
0.0207784
0.0255351
0.0309482
0.0374716
0.0468732
0.0563876
0.0695268
0.0888634
0.083944
0.0250958
-0.00925013
-0.0291833
-0.0488553
-0.0724512
-0.101532
-0.138094
-0.185833
-0.252974
-0.355654
-0.501272
-0.640079
-0.930099
-3.75771
)
;

boundaryField
{
    inlet
    {
        type            fixedFluxPressure;
        gradient        nonuniform List<scalar> 10(-0.00201677 0.000914085 0.000451198 -0.000167066 -0.00162702 -0.00256466 -0.0020315 0.000254892 0.000735339 -4.12987e-06);
        value           nonuniform List<scalar> 10(2517.02 2507.9 2503.21 2498.88 2496.37 2496.37 2498.88 2503.21 2507.9 2517.02);
    }
    inletWall
    {
        type            fixedFluxPressure;
        gradient        uniform 0;
        value           nonuniform List<scalar> 
30
(
2541.23
2532.38
2522.95
2518.23
2517.02
2076.53
2266.4
2390.42
2490.49
2562.89
1888.57
1916.68
1898.91
1741.22
1601.76
2541.23
2532.38
2522.95
2518.23
2517.02
2076.53
2266.4
2390.42
2490.49
2562.89
1888.58
1916.68
1898.91
1741.22
1601.76
)
;
    }
    bottleWall
    {
        type            fixedFluxPressure;
        gradient        uniform 0;
        value           nonuniform List<scalar> 
290
(
10.3078
10.3078
10.3078
10.3077
10.3077
10.3076
10.3075
10.3073
10.3071
10.3069
10.3066
10.3063
10.306
10.3056
10.3052
10.3047
10.3041
10.3036
10.303
10.3023
10.3016
10.3009
10.3002
10.2994
10.2985
10.2974
10.296
10.2942
10.2919
10.2891
10.2855
10.2813
10.2763
10.2705
10.2637
10.2558
10.2465
10.2357
10.2231
10.2084
10.1911
10.1708
10.1469
10.1187
10.0852
10.0453
9.99721
9.93905
9.86818
9.78122
9.6738
9.54022
9.3731
9.16323
8.89991
8.57348
8.17194
7.61697
6.91796
6.10679
5.18653
4.20161
3.22309
2.32555
1.5653
0.971878
0.539341
0.242068
0.0478289
-0.0706235
-0.134428
-0.160196
-0.160601
-0.145226
-0.121238
-0.0909385
-0.0626255
-0.0478879
-0.0521081
-0.0292997
0.0184648
0.0387623
0.048777
0.0554236
0.0572578
0.0556064
0.0521808
0.0475759
0.0422172
0.0364608
0.0305709
0.0247493
0.0191222
0.0137555
0.0086858
0.00393194
-0.000361432
-0.00428216
-0.00591861
-0.0115008
10.3089
10.3089
10.3089
10.3089
10.3089
10.3089
10.3089
10.3089
10.3089
10.3089
10.3088
10.3088
10.3087
10.3087
10.3087
10.3086
10.3085
10.3085
10.3084
10.3084
10.3083
10.3083
10.3082
10.3081
10.3081
10.308
10.308
10.3079
10.3079
10.3079
10.3078
10.3078
10.3078
10.3078
10.3077
10.3077
10.3077
10.3077
10.3077
10.3078
10.3082
10.3083
10.3084
10.3085
10.3085
10.3086
10.3087
10.3087
10.3088
10.3088
10.3036
10.3036
10.3037
10.3037
10.3037
10.3037
10.3038
10.3038
10.3039
10.3039
10.304
10.3041
10.3042
10.3043
10.3044
10.3045
10.3047
10.3048
10.305
10.3051
10.3052
10.3054
10.3056
10.3057
10.3059
10.306
10.3062
10.3064
10.3065
10.3067
10.3068
10.307
10.3072
10.3073
10.3074
10.3076
10.3077
10.3078
10.308
10.3081
10.3036
10.3036
10.3036
10.3035
10.3034
10.3033
10.3031
10.3029
10.3026
10.3023
10.302
10.3016
10.3011
10.3006
10.3
10.2994
10.2987
10.298
10.2972
10.2963
10.2953
10.2942
10.293
10.2917
10.2902
10.2885
10.2866
10.2844
10.2817
10.2786
10.2749
10.2706
10.2654
10.2594
10.2524
10.2442
10.2346
10.2236
10.2107
10.1958
10.1784
10.1579
10.1339
10.1055
10.0718
10.0315
9.98322
9.92482
9.85373
9.76658
9.65897
9.52516
9.35779
9.14767
8.88405
8.55722
8.15521
7.59999
6.90103
6.09026
5.17061
4.18617
3.20775
2.30987
1.54897
0.954733
0.521431
0.223561
0.0289787
-0.0895451
-0.153241
-0.17881
-0.179012
-0.16357
-0.139899
-0.114411
-0.112816
-0.0986086
-0.0475466
0.0189706
0.0498198
0.0354853
0.0135827
0.010186
0.0325403
0.0404587
0.0401801
0.0371372
0.0328556
0.0279461
0.0228952
0.017988
0.0133356
0.00894632
0.00479985
0.000888895
-0.00263767
-0.00585136
-0.00682716
-0.0117886
)
;
    }
    atmosphere
    {
        type            totalPressure;
        rho             rho;
        psi             none;
        gamma           1;
        p0              uniform 0;
        value           nonuniform List<scalar> 
80
(
-0.609532
-0.530732
-0.47007
-0.392906
-0.31954
-0.255233
-0.200256
-0.153703
-0.114552
-0.0819151
-0.0551085
-0.0336667
-0.0173261
-0.00603949
-0.000387311
0
0
0
0
0
0
0
0
0
0
0
0
0
0
0
0
0
0
0
0
0
0
0
0
0
0
0
0
0
0
0
0
0
0
0
0
0
0
0
0
0
0
0
0
0
0
0
0
0
0
-0.000386316
-0.00603906
-0.0173297
-0.0336762
-0.0551251
-0.0819391
-0.114583
-0.153739
-0.200295
-0.255272
-0.319572
-0.392926
-0.470073
-0.530719
-0.609534
)
;
    }
    frontAndBack
    {
        type            empty;
    }
}


// ************************************************************************* //
