/*--------------------------------*- C++ -*----------------------------------*\
  =========                 |
  \\      /  F ield         | OpenFOAM: The Open Source CFD Toolbox
   \\    /   O peration     | Website:  https://openfoam.org
    \\  /    A nd           | Version:  8
     \\/     M anipulation  |
\*---------------------------------------------------------------------------*/
FoamFile
{
    version     2.0;
    format      ascii;
    class       volScalarField;
    location    "0.1";
    object      epsilon;
}
// * * * * * * * * * * * * * * * * * * * * * * * * * * * * * * * * * * * * * //

dimensions      [0 2 -3 0 0 0 0];

internalField   nonuniform List<scalar> 
9150
(
0.257522
0.151149
0.109556
0.101593
0.100516
0.100516
0.101593
0.109556
0.151149
0.257521
0.264747
0.140184
0.110583
0.10635
0.105797
0.105797
0.10635
0.110583
0.140184
0.264747
0.265143
0.139544
0.11665
0.113903
0.113431
0.113431
0.113903
0.11665
0.139544
0.265143
0.262535
0.144909
0.125823
0.123567
0.123049
0.123049
0.123567
0.125823
0.144909
0.262534
0.257466
0.155338
0.137474
0.135277
0.134692
0.134692
0.135277
0.137474
0.155338
0.257466
0.684805
0.266007
0.170822
0.139055
0.12895
0.12895
0.139055
0.170822
0.266007
0.684805
0.475492
0.178787
0.141681
0.124904
0.118386
0.118386
0.124904
0.141682
0.178788
0.475492
0.376837
0.160035
0.122034
0.111074
0.107239
0.107239
0.111074
0.122034
0.160035
0.376837
0.315098
0.152505
0.110975
0.102633
0.10034
0.10034
0.102633
0.110975
0.152505
0.315098
0.282268
0.150909
0.107304
0.0997276
0.098337
0.098337
0.0997277
0.107304
0.150909
0.282268
2.42858
0.491844
0.216041
0.141868
0.118745
0.118745
0.141869
0.216043
0.491862
2.42885
0.996608
0.430358
0.218496
0.145237
0.122272
0.122272
0.145237
0.218496
0.430357
0.99661
0.940325
0.411564
0.223791
0.148548
0.126096
0.126096
0.148548
0.223791
0.411563
0.940325
0.878671
0.395295
0.229196
0.152006
0.130245
0.130245
0.152006
0.229196
0.395295
0.878671
0.78252
0.387281
0.224665
0.152413
0.133215
0.133215
0.152413
0.224665
0.38728
0.78252
0.848008
0.848844
0.849462
0.849856
0.850051
0.850052
0.849855
0.849458
0.848857
0.848047
0.457079
0.457382
0.457608
0.45776
0.457837
0.457841
0.457769
0.457621
0.457397
0.457093
0.348449
0.348576
0.348671
0.348734
0.348766
0.348768
0.348738
0.348676
0.348582
0.348455
0.296732
0.296763
0.296785
0.2968
0.296808
0.296808
0.296802
0.296787
0.296765
0.296735
0.265066
0.265032
0.265006
0.264988
0.26498
0.26498
0.264989
0.265007
0.265033
0.265068
0.242856
0.242773
0.242711
0.24267
0.242649
0.242649
0.24267
0.242712
0.242774
0.242857
0.225963
0.225842
0.225751
0.225691
0.22566
0.22566
0.225691
0.225751
0.225842
0.225964
0.212438
0.212286
0.212172
0.212096
0.212058
0.212058
0.212096
0.212172
0.212286
0.212438
0.201239
0.201062
0.200928
0.20084
0.200795
0.200795
0.20084
0.200928
0.201062
0.201239
0.191754
0.191555
0.191405
0.191306
0.191256
0.191256
0.191306
0.191405
0.191555
0.191754
0.183594
0.183376
0.183213
0.183104
0.18305
0.18305
0.183104
0.183213
0.183376
0.183594
0.176496
0.176262
0.176088
0.175971
0.175913
0.175913
0.175971
0.176088
0.176262
0.176496
0.170274
0.170027
0.169842
0.169719
0.169658
0.169658
0.169719
0.169842
0.170027
0.170274
0.16479
0.164531
0.164338
0.164209
0.164145
0.164145
0.164209
0.164338
0.164531
0.16479
0.159936
0.159668
0.159466
0.159333
0.159266
0.159266
0.159333
0.159466
0.159668
0.159936
0.155629
0.155351
0.155144
0.155006
0.154937
0.154937
0.155006
0.155144
0.155352
0.155629
0.151799
0.151514
0.151301
0.151159
0.151088
0.151088
0.151159
0.151301
0.151514
0.151799
0.14839
0.148098
0.147879
0.147734
0.147661
0.147661
0.147734
0.147879
0.148098
0.14839
0.145353
0.145055
0.144832
0.144684
0.14461
0.14461
0.144684
0.144832
0.145055
0.145354
0.142648
0.142345
0.142118
0.141967
0.141891
0.141891
0.141967
0.142118
0.142345
0.142649
0.14024
0.139932
0.139701
0.139548
0.139471
0.139471
0.139548
0.139702
0.139932
0.140241
0.138098
0.137786
0.137552
0.137397
0.137319
0.137319
0.137397
0.137552
0.137786
0.138099
0.136196
0.13588
0.135644
0.135487
0.135408
0.135408
0.135487
0.135644
0.135881
0.136197
0.134512
0.134193
0.133954
0.133795
0.133716
0.133716
0.133796
0.133955
0.134194
0.134513
0.133026
0.132704
0.132463
0.132303
0.132223
0.132223
0.132303
0.132464
0.132705
0.133027
0.131721
0.131396
0.131154
0.130993
0.130912
0.130913
0.130993
0.131155
0.131397
0.131722
0.130583
0.130257
0.130013
0.129851
0.12977
0.12977
0.129852
0.130014
0.130258
0.130584
0.129602
0.129274
0.129029
0.128866
0.128785
0.128785
0.128867
0.12903
0.129275
0.129603
0.128768
0.128439
0.128193
0.12803
0.127949
0.127949
0.128031
0.128195
0.128441
0.128769
0.128076
0.127747
0.127501
0.127337
0.127256
0.127256
0.127338
0.127502
0.127748
0.128078
0.127523
0.127194
0.126948
0.126785
0.126703
0.126704
0.126786
0.12695
0.127196
0.127525
0.127111
0.126783
0.126537
0.126374
0.126293
0.126293
0.126375
0.126539
0.126785
0.127114
0.126844
0.126517
0.126273
0.12611
0.12603
0.12603
0.126112
0.126275
0.12652
0.126847
0.126733
0.126408
0.126165
0.126004
0.125923
0.125924
0.126005
0.126167
0.126411
0.126736
0.126792
0.12647
0.126229
0.126069
0.12599
0.12599
0.126071
0.126231
0.126473
0.126796
0.127044
0.126725
0.126488
0.12633
0.126251
0.126252
0.126331
0.12649
0.126729
0.127048
0.127519
0.127206
0.126972
0.126816
0.126739
0.12674
0.126818
0.126975
0.12721
0.127524
0.128258
0.127951
0.127722
0.12757
0.127495
0.127495
0.127572
0.127726
0.127956
0.128264
0.129315
0.129016
0.128793
0.128645
0.128572
0.128573
0.128648
0.128797
0.129022
0.129322
0.13076
0.130471
0.130255
0.130112
0.130041
0.130042
0.130115
0.13026
0.130478
0.130768
0.132683
0.132405
0.132199
0.132062
0.131994
0.131996
0.132066
0.132205
0.132414
0.132692
0.135199
0.134936
0.134741
0.134612
0.134548
0.134549
0.134616
0.134748
0.134946
0.135211
0.138459
0.138214
0.138032
0.137912
0.137853
0.137854
0.137917
0.138041
0.138226
0.138473
0.142655
0.142431
0.142266
0.142157
0.142103
0.142106
0.142163
0.142276
0.142446
0.142672
0.148039
0.147841
0.147696
0.1476
0.147553
0.147556
0.147608
0.147708
0.147858
0.148059
0.154938
0.154772
0.154651
0.154571
0.154533
0.154536
0.15458
0.154666
0.154793
0.154961
0.163785
0.163658
0.163566
0.163506
0.163478
0.163481
0.163516
0.163583
0.163682
0.163813
0.175155
0.175075
0.175019
0.174983
0.174967
0.174971
0.174996
0.175039
0.175103
0.175187
0.189819
0.189799
0.189786
0.18978
0.189779
0.189784
0.189795
0.18981
0.189831
0.189857
0.208823
0.208876
0.208918
0.208949
0.208967
0.208972
0.208966
0.208946
0.208913
0.208867
0.233588
0.233732
0.233843
0.233918
0.233959
0.233966
0.233938
0.233875
0.233775
0.233638
0.266048
0.266306
0.266502
0.266634
0.266704
0.266711
0.266657
0.266539
0.266356
0.266106
0.30883
0.309228
0.309528
0.309729
0.309833
0.309842
0.309755
0.30957
0.309286
0.308897
0.365439
0.366006
0.366429
0.366712
0.366857
0.366867
0.366742
0.366479
0.366073
0.365518
0.440429
0.441189
0.441752
0.442127
0.442318
0.44233
0.442163
0.441811
0.441268
0.440523
0.539436
0.540395
0.541101
0.541568
0.541807
0.541821
0.541611
0.541171
0.54049
0.539548
0.668911
0.670036
0.670858
0.671398
0.671673
0.67169
0.671449
0.670942
0.670151
0.669049
0.835367
0.836554
0.837409
0.837967
0.838251
0.838273
0.83803
0.837512
0.836694
0.835538
1.044
1.04504
1.04577
1.04624
1.04648
1.04651
1.04632
1.0459
1.04521
1.04421
1.2968
1.29736
1.29772
1.29795
1.29807
1.29811
1.29804
1.29787
1.29756
1.29705
1.59057
1.59023
1.58993
1.58973
1.58964
1.58968
1.58984
1.59011
1.59046
1.59086
1.91551
1.91386
1.91263
1.91183
1.91146
1.9115
1.91196
1.91284
1.91413
1.91583
2.25506
2.25187
2.24956
2.24808
2.24738
2.24742
2.24822
2.24977
2.25213
2.25535
2.58791
2.58324
2.57992
2.57778
2.57676
2.57681
2.57794
2.58015
2.58351
2.58815
2.89127
2.88547
2.88127
2.87848
2.87712
2.87716
2.87862
2.88147
2.88571
2.89144
3.14852
3.14146
3.13612
3.13252
3.13065
3.13058
3.1323
3.13583
3.14109
3.14818
3.37367
3.36564
3.35949
3.35532
3.35316
3.35309
3.35509
3.35914
3.36522
3.37326
3.54218
3.5344
3.5286
3.52472
3.52277
3.52275
3.52466
3.5285
3.53431
3.54208
3.65484
3.64804
3.64296
3.63958
3.6379
3.63789
3.63957
3.64295
3.64804
3.65485
3.7494
3.74266
3.73769
3.73441
3.73278
3.73279
3.73443
3.73773
3.74272
3.74947
3.81816
3.81038
3.80464
3.80086
3.79899
3.799
3.80089
3.80469
3.81044
3.81825
3.85824
3.84821
3.84078
3.83588
3.83344
3.83345
3.83591
3.84084
3.84829
3.85835
3.87315
3.8596
3.84952
3.84284
3.83951
3.83952
3.84288
3.8496
3.85971
3.8733
3.86742
3.84891
3.83509
3.82591
3.82132
3.82134
3.82596
3.83518
3.84904
3.86759
3.84563
3.82049
3.80169
3.78917
3.78293
3.78295
3.78924
3.8018
3.82065
3.84584
3.81215
3.77864
3.75354
3.73682
3.72847
3.7285
3.7369
3.75368
3.77883
3.81239
3.76966
3.72632
3.6938
3.6721
3.66125
3.66129
3.6722
3.69396
3.72653
3.76993
3.71867
3.6646
3.62391
3.5967
3.58308
3.58312
3.59681
3.62409
3.66485
3.71898
3.65815
3.59292
3.54368
3.51069
3.49416
3.4942
3.51083
3.54389
3.5932
3.6585
3.58621
3.50971
3.45181
3.41296
3.39345
3.39351
3.41312
3.45207
3.51005
3.58664
3.50089
3.41303
3.34643
3.30168
3.27921
3.27927
3.30188
3.34675
3.41346
3.50141
3.40031
3.30096
3.22555
3.17485
3.14938
3.14946
3.17509
3.22594
3.30148
3.40096
3.28309
3.17192
3.08744
3.03063
3.00208
3.00217
3.03092
3.08792
3.17256
3.28388
3.14845
3.02488
2.93087
2.86761
2.83582
2.83594
2.86795
2.93143
3.02566
3.14941
2.99676
2.85985
2.75558
2.6854
2.65013
2.65026
2.6858
2.75624
2.86075
2.99788
2.82887
2.67783
2.56268
2.48504
2.446
2.44615
2.4855
2.56344
2.67887
2.83017
2.64781
2.48178
2.35495
2.26924
2.22607
2.22625
2.26977
2.35582
2.48297
2.64929
2.45932
2.27665
2.13718
2.04271
1.99508
1.99528
2.04331
2.13816
2.27799
2.46101
2.26746
2.06753
1.91514
1.81173
1.7595
1.75972
1.81239
1.91623
2.06904
2.26937
2.07571
1.85965
1.69505
1.58312
1.52645
1.52669
1.58384
1.69625
1.86132
2.07785
1.88714
1.65797
1.48288
1.36325
1.30238
1.30264
1.36401
1.48416
1.65978
1.88947
1.70408
1.46644
1.28345
1.15711
1.09218
1.09244
1.15789
1.28477
1.46832
1.70653
1.52696
1.28726
1.09984
0.967722
0.898384
0.898638
0.968492
1.10115
1.28914
1.52944
1.3557
1.12159
0.933833
0.796267
0.72102
0.721258
0.796994
0.935076
1.12339
1.35811
1.19034
0.970282
0.786668
0.642954
0.558181
0.558394
0.643605
0.787788
0.971924
1.19257
1.0306
0.834551
0.659616
0.508069
0.407723
0.407901
0.508606
0.660553
0.835955
1.03256
0.878693
0.71833
0.553587
0.391613
0.272153
0.272284
0.392001
0.554285
0.719422
0.88027
0.746596
0.63309
0.465649
0.289264
0.169039
0.16911
0.289481
0.466079
0.633824
0.747712
0.68815
0.605575
0.380818
0.198106
0.122475
0.12249
0.198183
0.381009
0.605962
0.688802
0.887206
0.62737
0.276646
0.147374
0.116204
0.116205
0.147383
0.27669
0.627498
0.887494
0.846958
0.845529
0.843809
0.841787
0.839448
0.836775
0.833749
0.830348
0.826549
0.822322
0.817638
0.812462
0.806757
0.800481
0.793589
0.786031
0.777753
0.768693
0.758783
0.747949
0.73611
0.723175
0.709046
0.693613
0.676757
0.658344
0.638225
0.616233
0.592181
0.565854
0.537007
0.505344
0.470512
0.432055
0.389362
0.341548
0.287211
0.223863
0.146468
0.107072
0.456685
0.456147
0.455498
0.454732
0.453841
0.452818
0.451654
0.450336
0.448855
0.447194
0.445341
0.443276
0.440982
0.438436
0.435616
0.432497
0.429049
0.42524
0.421033
0.41639
0.411266
0.405613
0.399377
0.3925
0.384915
0.37655
0.367325
0.357151
0.345927
0.333546
0.319887
0.304817
0.288196
0.26988
0.249752
0.2278
0.204367
0.181096
0.166222
0.241607
0.348284
0.348056
0.34778
0.347451
0.347065
0.346617
0.346103
0.345514
0.344844
0.344084
0.343224
0.342255
0.341162
0.339934
0.338555
0.337008
0.335273
0.333331
0.331155
0.32872
0.325996
0.32295
0.319545
0.315741
0.311492
0.306748
0.301456
0.295557
0.288989
0.281685
0.273582
0.264625
0.254779
0.244064
0.232617
0.22085
0.209891
0.203129
0.214936
0.372307
0.296693
0.296635
0.296562
0.296472
0.296363
0.29623
0.296071
0.295881
0.295656
0.295389
0.295075
0.294706
0.294275
0.293771
0.293185
0.292505
0.291718
0.290809
0.289761
0.288555
0.28717
0.285584
0.28377
0.2817
0.279343
0.276665
0.273632
0.270207
0.266355
0.262045
0.257258
0.251996
0.246307
0.240325
0.234362
0.229119
0.226271
0.230591
0.26182
0.488387
0.265113
0.265169
0.265233
0.265304
0.26538
0.265459
0.265539
0.265617
0.26569
0.265754
0.265806
0.265841
0.265853
0.265837
0.265785
0.265689
0.265541
0.265331
0.265047
0.264675
0.264203
0.263614
0.262892
0.262017
0.26097
0.259732
0.258282
0.256604
0.254685
0.252524
0.250138
0.247577
0.244953
0.242491
0.24064
0.240336
0.243729
0.256838
0.304282
0.591524
0.242967
0.243108
0.243275
0.243465
0.243679
0.243915
0.244172
0.244449
0.244743
0.245054
0.245377
0.245712
0.246053
0.246399
0.246744
0.247083
0.247411
0.247721
0.248008
0.248261
0.248473
0.248635
0.248736
0.248766
0.248716
0.248577
0.248343
0.248012
0.247594
0.24711
0.246607
0.246177
0.245984
0.246331
0.247784
0.251487
0.260026
0.280569
0.342156
0.683248
0.226124
0.226333
0.226579
0.226864
0.227186
0.227545
0.227941
0.228374
0.228842
0.229345
0.229882
0.230451
0.231051
0.23168
0.232336
0.233016
0.233718
0.234439
0.235174
0.23592
0.236673
0.237429
0.238183
0.238934
0.239679
0.240419
0.241161
0.241917
0.242711
0.243587
0.244619
0.245931
0.247734
0.250396
0.254593
0.261658
0.274577
0.301572
0.375675
0.764698
0.212641
0.212903
0.213215
0.213576
0.213986
0.214445
0.214954
0.215513
0.216121
0.21678
0.217489
0.218248
0.219058
0.219916
0.220824
0.221781
0.222786
0.223839
0.224939
0.226086
0.227279
0.228519
0.229807
0.231147
0.232543
0.234006
0.235551
0.237203
0.238999
0.241003
0.243308
0.246071
0.249542
0.25415
0.260667
0.270601
0.287304
0.319957
0.405186
0.836865
0.201476
0.201784
0.202149
0.202573
0.203056
0.203598
0.2042
0.204863
0.205588
0.206376
0.207228
0.208144
0.209126
0.210174
0.21129
0.212476
0.213732
0.21506
0.216462
0.21794
0.219499
0.221141
0.222873
0.224702
0.226641
0.228707
0.230922
0.233322
0.235958
0.238906
0.242283
0.246267
0.251148
0.257408
0.265907
0.278311
0.298309
0.335947
0.431077
0.90071
0.19202
0.192365
0.192776
0.193253
0.193796
0.194408
0.195088
0.195839
0.196661
0.197557
0.198528
0.199576
0.200703
0.201911
0.203202
0.204579
0.206045
0.207604
0.209259
0.211016
0.212881
0.214861
0.216966
0.219207
0.221603
0.224176
0.226956
0.229988
0.233333
0.23708
0.241363
0.246384
0.252465
0.260137
0.270339
0.284883
0.307759
0.349795
0.453733
0.957122
0.183884
0.184261
0.18471
0.185232
0.185827
0.186497
0.187244
0.188069
0.188975
0.189962
0.191034
0.192194
0.193443
0.194785
0.196224
0.197764
0.199408
0.201162
0.203033
0.205026
0.20715
0.209416
0.211837
0.214428
0.217212
0.220214
0.223474
0.227042
0.230989
0.235415
0.24047
0.246376
0.253483
0.262367
0.274039
0.290441
0.315834
0.361752
0.473515
1.00688
0.176807
0.177212
0.177694
0.178254
0.178893
0.179614
0.180417
0.181306
0.182281
0.183347
0.184506
0.18576
0.187114
0.188572
0.190137
0.191815
0.193611
0.195533
0.197586
0.199781
0.202127
0.204637
0.207327
0.210216
0.21333
0.2167
0.220369
0.224394
0.228854
0.233861
0.239576
0.24624
0.254228
0.264156
0.277099
0.295116
0.322713
0.372052
0.490751
1.05067
0.170603
0.171032
0.171542
0.172135
0.172812
0.173576
0.174428
0.175371
0.176408
0.177541
0.178774
0.18011
0.181554
0.18311
0.184784
0.186581
0.188508
0.190572
0.192783
0.195151
0.197687
0.200407
0.203328
0.206473
0.209869
0.213554
0.217573
0.22199
0.22689
0.232395
0.238676
0.24599
0.254738
0.265567
0.27961
0.299033
0.328559
0.380908
0.505744
1.08915
0.165134
0.165583
0.166118
0.166739
0.16745
0.168251
0.169145
0.170136
0.171225
0.172416
0.173713
0.17512
0.176642
0.178284
0.180051
0.181951
0.183991
0.186179
0.188525
0.191042
0.193742
0.196642
0.199762
0.203127
0.206767
0.210722
0.215043
0.219796
0.225075
0.231007
0.237776
0.245651
0.255052
0.26666
0.281658
0.302304
0.333515
0.38851
0.518761
1.1229
0.160294
0.160761
0.161317
0.161964
0.162703
0.163536
0.164467
0.165499
0.166633
0.167875
0.169228
0.170697
0.172286
0.174002
0.175851
0.17784
0.179977
0.182272
0.184736
0.187382
0.190224
0.193281
0.196573
0.200128
0.203978
0.208167
0.212747
0.217791
0.223396
0.229697
0.236885
0.245245
0.255211
0.267493
0.283319
0.305028
0.337711
0.395025
0.530046
1.15245
0.155999
0.156482
0.157056
0.157724
0.158488
0.15935
0.160313
0.16138
0.162555
0.163841
0.165243
0.166765
0.168413
0.170194
0.172114
0.17418
0.176403
0.178791
0.181358
0.184116
0.187081
0.190273
0.193715
0.197434
0.201467
0.205857
0.210663
0.215958
0.221845
0.228464
0.236016
0.244793
0.255248
0.268113
0.284657
0.307291
0.341258
0.400605
0.539817
1.1783
0.15218
0.152676
0.153267
0.153954
0.15474
0.155627
0.156618
0.157717
0.158926
0.160251
0.161695
0.163264
0.164964
0.166801
0.168783
0.170918
0.173215
0.175685
0.178341
0.181197
0.184269
0.187579
0.191151
0.195014
0.199205
0.203771
0.208771
0.214284
0.220415
0.22731
0.235176
0.244314
0.255193
0.268563
0.28573
0.309168
0.344254
0.405379
0.548276
1.20091
0.14878
0.149288
0.149893
0.150597
0.151402
0.152311
0.153327
0.154453
0.155693
0.157052
0.158534
0.160144
0.16189
0.163777
0.165813
0.168007
0.17037
0.172911
0.175645
0.178587
0.181753
0.185167
0.188852
0.19284
0.197168
0.201887
0.207056
0.212758
0.219102
0.226236
0.234373
0.243825
0.255069
0.268878
0.286584
0.310721
0.346782
0.409461
0.555595
1.22069
0.145751
0.14627
0.146888
0.147606
0.148429
0.149357
0.150395
0.151545
0.152812
0.154201
0.155716
0.157363
0.159148
0.161079
0.163163
0.16541
0.16783
0.170434
0.173237
0.176253
0.179502
0.183006
0.18679
0.190887
0.195336
0.200188
0.205505
0.211371
0.217898
0.22524
0.233613
0.243337
0.254898
0.269086
0.287261
0.312004
0.348913
0.412949
0.561918
1.23797
0.143054
0.143582
0.14421
0.144942
0.145779
0.146725
0.147782
0.148954
0.150245
0.15166
0.153204
0.154883
0.156704
0.158673
0.1608
0.163093
0.165563
0.168222
0.171085
0.174168
0.17749
0.181072
0.184943
0.189136
0.19369
0.198658
0.204104
0.210113
0.2168
0.224322
0.2329
0.242859
0.254696
0.269212
0.287792
0.313061
0.350707
0.415927
0.567377
1.25304
0.140652
0.141188
0.141827
0.14257
0.143421
0.144381
0.145455
0.146646
0.147958
0.149397
0.150967
0.152674
0.154526
0.156529
0.158693
0.161027
0.163541
0.16625
0.169166
0.172307
0.175691
0.179344
0.183291
0.187567
0.192214
0.197283
0.202841
0.208975
0.215802
0.22348
0.232236
0.242399
0.254474
0.269275
0.288207
0.313932
0.352218
0.418468
0.57209
1.2662
0.138516
0.139059
0.139706
0.14046
0.141322
0.142296
0.143385
0.144593
0.145924
0.147383
0.148976
0.150708
0.152587
0.154621
0.156817
0.159187
0.161741
0.164492
0.167455
0.170647
0.174087
0.177801
0.181815
0.186164
0.190892
0.196049
0.201706
0.207949
0.214897
0.222712
0.231622
0.241962
0.254244
0.269292
0.288528
0.314648
0.353491
0.420639
0.57616
1.27769
0.136619
0.137169
0.137824
0.138586
0.139459
0.140444
0.141547
0.142769
0.144117
0.145594
0.147206
0.148961
0.150864
0.152924
0.155149
0.157551
0.160139
0.162928
0.165932
0.169169
0.172659
0.176426
0.180498
0.184912
0.18971
0.194945
0.200687
0.207025
0.214079
0.222013
0.231057
0.241551
0.254013
0.269274
0.288774
0.315238
0.354564
0.422495
0.579678
1.28773
0.134939
0.135494
0.136156
0.136926
0.137808
0.138804
0.139918
0.141153
0.142515
0.144008
0.145638
0.147412
0.149336
0.151419
0.15367
0.156099
0.158718
0.161539
0.164579
0.167856
0.171388
0.175202
0.179326
0.183796
0.188656
0.193959
0.199776
0.206197
0.213343
0.221379
0.230541
0.241169
0.253785
0.269233
0.288962
0.315724
0.355471
0.424085
0.582725
1.29651
0.133456
0.134017
0.134684
0.135461
0.136351
0.137355
0.138479
0.139725
0.1411
0.142606
0.144252
0.146042
0.147985
0.150088
0.152361
0.154814
0.157459
0.16031
0.163381
0.166691
0.170262
0.174117
0.178286
0.182805
0.187718
0.19308
0.198962
0.205455
0.212682
0.220808
0.230071
0.240815
0.253567
0.269175
0.289104
0.316126
0.35624
0.425454
0.585381
1.30428
0.132155
0.132719
0.133391
0.134174
0.13507
0.136082
0.137214
0.13847
0.139855
0.141373
0.143032
0.144836
0.146795
0.148915
0.151207
0.153681
0.156349
0.159224
0.162323
0.165663
0.169266
0.173156
0.177364
0.181926
0.186886
0.192299
0.198238
0.204794
0.21209
0.220294
0.229645
0.24049
0.25336
0.269109
0.289211
0.31646
0.356896
0.426639
0.587713
1.31121
0.13102
0.131587
0.132264
0.133051
0.133952
0.134971
0.13611
0.137373
0.138767
0.140295
0.141964
0.143781
0.145752
0.147887
0.150195
0.152686
0.155374
0.15827
0.161392
0.164758
0.168388
0.172309
0.176551
0.181149
0.186149
0.191608
0.197595
0.204205
0.211562
0.219834
0.229262
0.240195
0.253167
0.269038
0.289292
0.31674
0.357461
0.427674
0.589776
1.31742
0.13004
0.130611
0.13129
0.132081
0.132986
0.134009
0.135154
0.136424
0.137824
0.13936
0.141038
0.142864
0.144846
0.146993
0.149314
0.15182
0.154523
0.157437
0.160578
0.163965
0.167619
0.171566
0.175836
0.180466
0.185501
0.190997
0.197027
0.203684
0.211093
0.219424
0.228918
0.239927
0.252988
0.268966
0.289354
0.316978
0.357952
0.428588
0.591623
1.32308
0.129208
0.12978
0.130462
0.131255
0.132163
0.13319
0.134338
0.135613
0.137018
0.13856
0.140244
0.142077
0.144068
0.146224
0.148555
0.151072
0.153788
0.156716
0.159873
0.163277
0.166951
0.170919
0.175213
0.179869
0.184932
0.190461
0.196527
0.203224
0.210678
0.219059
0.228611
0.239687
0.252826
0.268898
0.289404
0.317184
0.358386
0.429406
0.5933
1.3283
0.128517
0.12909
0.129773
0.130568
0.131478
0.132506
0.133657
0.134934
0.136342
0.137888
0.139576
0.141414
0.14341
0.145572
0.147911
0.150436
0.153161
0.1561
0.159269
0.162687
0.166375
0.170361
0.174673
0.179351
0.184439
0.189994
0.19609
0.202821
0.210313
0.218738
0.22834
0.239473
0.252681
0.268836
0.289447
0.317368
0.358777
0.43015
0.594847
1.33321
0.127965
0.128538
0.129221
0.130016
0.130926
0.131955
0.133106
0.134384
0.135793
0.13734
0.13903
0.14087
0.142869
0.145034
0.147377
0.149907
0.152638
0.155584
0.158761
0.162188
0.165888
0.169886
0.174213
0.178908
0.184014
0.189592
0.195712
0.202471
0.209996
0.218458
0.228102
0.239286
0.252554
0.268783
0.289489
0.317538
0.359138
0.43084
0.596297
1.33791
0.127552
0.128124
0.128806
0.1296
0.130509
0.131536
0.132686
0.133962
0.13537
0.136916
0.138605
0.140445
0.142443
0.144609
0.146952
0.149484
0.152217
0.155166
0.158347
0.16178
0.165486
0.169493
0.17383
0.178536
0.183657
0.189251
0.195391
0.202173
0.209724
0.218217
0.227898
0.239126
0.252447
0.268743
0.289534
0.317701
0.359479
0.431495
0.597687
1.34249
0.127284
0.127854
0.128534
0.129325
0.130231
0.131255
0.132401
0.133673
0.135078
0.136619
0.138304
0.14014
0.142135
0.144297
0.146638
0.149167
0.151898
0.154846
0.158028
0.161461
0.16517
0.16918
0.173522
0.178235
0.183366
0.188971
0.195126
0.201925
0.209497
0.218016
0.227728
0.238994
0.252362
0.268717
0.289588
0.317865
0.359812
0.432131
0.599046
1.34706
0.127171
0.127737
0.128413
0.129199
0.1301
0.131118
0.132258
0.133525
0.134922
0.136456
0.138134
0.139963
0.14195
0.144105
0.146439
0.148961
0.151686
0.154629
0.157805
0.161235
0.16494
0.168949
0.173292
0.178007
0.183141
0.188753
0.194916
0.201728
0.209316
0.217855
0.227593
0.238891
0.252301
0.268711
0.289655
0.318038
0.360149
0.432766
0.600406
1.35172
0.127227
0.127788
0.128458
0.129238
0.130131
0.131142
0.132273
0.133529
0.134917
0.13644
0.138107
0.139924
0.141899
0.144043
0.146364
0.148875
0.151589
0.15452
0.157686
0.161107
0.164804
0.168806
0.173143
0.177854
0.182987
0.1886
0.194767
0.201585
0.209184
0.217738
0.227497
0.238823
0.25227
0.26873
0.289743
0.318228
0.360501
0.43342
0.601808
1.3566
0.127474
0.128029
0.128691
0.129462
0.130345
0.131345
0.132463
0.133707
0.13508
0.136589
0.13824
0.14004
0.141999
0.144125
0.146429
0.148923
0.15162
0.154534
0.157684
0.161089
0.164772
0.16876
0.173085
0.177787
0.182911
0.188518
0.194683
0.201502
0.209106
0.21767
0.227444
0.238793
0.252273
0.26878
0.28986
0.318446
0.360885
0.434117
0.603294
1.3618
0.127943
0.12849
0.129142
0.129901
0.130771
0.131756
0.132858
0.134084
0.135439
0.136928
0.138558
0.140336
0.142272
0.144375
0.146656
0.149125
0.151798
0.154688
0.157815
0.161197
0.164858
0.168825
0.173131
0.177815
0.182925
0.18852
0.194675
0.201488
0.20909
0.217659
0.227443
0.238811
0.252319
0.268869
0.290016
0.318703
0.361314
0.43488
0.604916
1.36751
0.128675
0.129211
0.12985
0.130594
0.131448
0.132413
0.133495
0.134699
0.136029
0.137492
0.139095
0.140845
0.142751
0.144824
0.147072
0.14951
0.15215
0.155009
0.158103
0.161454
0.165084
0.169022
0.1733
0.177959
0.183045
0.188619
0.194757
0.201557
0.209151
0.217716
0.227505
0.238886
0.252419
0.26901
0.290221
0.319015
0.361809
0.43574
0.606734
1.37396
0.129723
0.130245
0.130868
0.131594
0.132426
0.133368
0.134424
0.135599
0.136898
0.138329
0.139897
0.14161
0.143479
0.145512
0.14772
0.150116
0.152715
0.155531
0.158583
0.161892
0.165481
0.169379
0.173619
0.178242
0.183294
0.188838
0.194949
0.201728
0.209304
0.217859
0.227646
0.239033
0.252587
0.269216
0.290493
0.319398
0.362391
0.436728
0.608814
1.38135
0.131156
0.131661
0.132264
0.132967
0.133773
0.134685
0.135709
0.136848
0.138109
0.139498
0.141023
0.142691
0.144511
0.146494
0.148651
0.150995
0.153539
0.156301
0.159299
0.162553
0.166089
0.169935
0.174125
0.178698
0.183706
0.189207
0.195281
0.202026
0.209575
0.218111
0.227886
0.239274
0.252842
0.269507
0.29085
0.319873
0.363086
0.437881
0.611223
1.38997
0.133064
0.133549
0.134127
0.134802
0.135575
0.136451
0.137434
0.13853
0.139743
0.141081
0.142551
0.144162
0.145922
0.147843
0.149935
0.152212
0.154689
0.157382
0.16031
0.163496
0.166963
0.170741
0.174865
0.179375
0.184322
0.189767
0.195788
0.202487
0.209997
0.218501
0.228255
0.239634
0.253211
0.269907
0.291317
0.320466
0.363921
0.439237
0.614033
1.40007
0.135563
0.136023
0.136571
0.137211
0.137944
0.138775
0.139709
0.14075
0.141905
0.14318
0.144583
0.146123
0.147808
0.149651
0.151662
0.153857
0.156248
0.158855
0.161696
0.164794
0.168173
0.171865
0.175905
0.180333
0.185201
0.190571
0.196523
0.203159
0.210614
0.219072
0.228792
0.240151
0.253727
0.27045
0.291927
0.321212
0.364936
0.440843
0.617311
1.41185
0.138802
0.139231
0.139743
0.140339
0.141024
0.141801
0.142674
0.143648
0.144731
0.145928
0.147248
0.1487
0.150293
0.152039
0.153951
0.156041
0.158327
0.160826
0.163557
0.166544
0.169814
0.173397
0.177329
0.181652
0.186419
0.191693
0.197554
0.204106
0.211486
0.21988
0.229549
0.240874
0.254439
0.27118
0.292724
0.322154
0.366178
0.442754
0.621137
1.42547
0.142972
0.143365
0.143832
0.144376
0.145002
0.145711
0.14651
0.147403
0.148396
0.149498
0.150716
0.152059
0.153538
0.155165
0.156952
0.158914
0.161068
0.163432
0.166027
0.168876
0.172008
0.175453
0.179249
0.183439
0.188076
0.193226
0.19897
0.205412
0.212693
0.220999
0.230596
0.241869
0.255406
0.272158
0.293765
0.323351
0.367708
0.445041
0.625607
1.44115
0.148325
0.148672
0.149085
0.149566
0.150118
0.150746
0.151453
0.152246
0.15313
0.154114
0.155205
0.156415
0.157753
0.159231
0.160864
0.162667
0.164657
0.166853
0.169277
0.171954
0.174913
0.178185
0.18181
0.185832
0.190305
0.195296
0.200888
0.207188
0.214338
0.222527
0.232025
0.243222
0.256713
0.27346
0.295126
0.324878
0.369604
0.447791
0.630841
1.45916
0.155186
0.155478
0.155824
0.156228
0.156691
0.157217
0.157812
0.15848
0.15923
0.160067
0.161003
0.162046
0.163209
0.164504
0.165946
0.16755
0.169336
0.171323
0.173534
0.175996
0.178738
0.181793
0.185203
0.189013
0.193278
0.198067
0.203465
0.209581
0.216559
0.224594
0.233957
0.245046
0.258464
0.275187
0.296903
0.326827
0.37196
0.451111
0.636991
1.47994
0.163986
0.16421
0.164475
0.164782
0.165135
0.165537
0.165992
0.166506
0.167087
0.167744
0.168484
0.169321
0.170265
0.171331
0.172533
0.17389
0.175421
0.177147
0.179092
0.181284
0.183754
0.186538
0.189677
0.193219
0.197221
0.201753
0.206904
0.212783
0.21954
0.227371
0.236554
0.247492
0.260801
0.277471
0.29922
0.329317
0.374893
0.455128
0.64424
1.50407
0.175297
0.175437
0.175601
0.17579
0.176005
0.176251
0.176532
0.176853
0.177224
0.177652
0.178149
0.178725
0.179394
0.180172
0.181074
0.182119
0.183329
0.184726
0.186336
0.188189
0.190317
0.192759
0.195558
0.198762
0.202432
0.206638
0.211472
0.217048
0.223517
0.231081
0.240024
0.250758
0.263908
0.280484
0.302237
0.332501
0.378557
0.460007
0.652823
1.53228
0.189888
0.189925
0.189963
0.190003
0.190046
0.190095
0.190155
0.190233
0.190337
0.190476
0.190662
0.190908
0.191228
0.19164
0.19216
0.19281
0.193613
0.194594
0.19578
0.197203
0.198899
0.200908
0.203276
0.206052
0.209299
0.213092
0.217522
0.222708
0.228806
0.236022
0.244647
0.255102
0.268026
0.284453
0.306168
0.336582
0.383147
0.465962
0.663037
1.56544
0.2088
0.208707
0.208586
0.208438
0.208262
0.208061
0.207841
0.207607
0.207369
0.207137
0.206924
0.206746
0.206618
0.206558
0.206589
0.206732
0.207013
0.20746
0.208103
0.208978
0.210122
0.21158
0.213399
0.215631
0.21834
0.221603
0.225516
0.230202
0.235819
0.242582
0.250787
0.260867
0.273478
0.289676
0.311294
0.341827
0.388927
0.473271
0.675262
1.60456
0.233449
0.233191
0.23287
0.232482
0.232026
0.231505
0.230921
0.230284
0.229603
0.22889
0.228159
0.227429
0.226717
0.226045
0.225439
0.224923
0.224526
0.224282
0.224223
0.224389
0.224822
0.225571
0.226685
0.228218
0.230236
0.232821
0.23607
0.24011
0.245105
0.251276
0.258929
0.268507
0.280686
0.296551
0.317984
0.348585
0.396238
0.482297
0.689976
1.65091
0.265764
0.265299
0.264723
0.264029
0.263213
0.262276
0.261222
0.260059
0.258798
0.257453
0.256042
0.254585
0.253104
0.251627
0.25018
0.248797
0.24751
0.246357
0.245379
0.244618
0.244124
0.243951
0.244149
0.244776
0.245901
0.247606
0.249995
0.253198
0.257385
0.262783
0.269708
0.278618
0.290208
0.305597
0.326729
0.35732
0.405529
0.493505
0.70778
1.70605
0.308364
0.307641
0.306743
0.305658
0.304379
0.302904
0.301236
0.299384
0.29736
0.295181
0.292868
0.290446
0.287944
0.285393
0.282829
0.280291
0.277819
0.27546
0.273261
0.271274
0.269555
0.268168
0.267164
0.266603
0.266557
0.267113
0.268378
0.270488
0.273616
0.278
0.283965
0.291985
0.302778
0.317503
0.338172
0.36864
0.417388
0.507505
0.729449
1.77196
0.364754
0.363714
0.362416
0.360839
0.358971
0.356804
0.35434
0.351588
0.348561
0.345279
0.341769
0.338062
0.334193
0.330205
0.326142
0.322053
0.317991
0.314012
0.310177
0.306548
0.303195
0.300191
0.297589
0.295453
0.293858
0.292895
0.292676
0.293342
0.295076
0.29812
0.302815
0.309649
0.319368
0.333176
0.353164
0.383351
0.432597
0.5251
0.75599
1.85106
0.439493
0.438079
0.436301
0.434123
0.431522
0.428485
0.425008
0.421097
0.416767
0.412042
0.406953
0.401541
0.395852
0.38994
0.383863
0.377686
0.371479
0.365316
0.359272
0.353431
0.347878
0.342701
0.337954
0.333705
0.330035
0.327042
0.324843
0.323586
0.323461
0.324723
0.327724
0.332974
0.341247
0.353798
0.372814
0.402502
0.452172
0.547342
0.788706
1.94646
0.538237
0.536418
0.5341
0.531229
0.527762
0.523674
0.518952
0.513596
0.50762
0.501049
0.49392
0.486284
0.4782
0.46974
0.46098
0.45201
0.442921
0.433814
0.424791
0.415962
0.407442
0.399327
0.39168
0.384577
0.378106
0.372373
0.367504
0.363658
0.361036
0.359905
0.360634
0.363754
0.370077
0.380916
0.398568
0.427462
0.47744
0.575596
0.829289
2.06203
0.667494
0.665298
0.66245
0.65886
0.654459
0.649199
0.643047
0.635992
0.628038
0.619207
0.60954
0.599097
0.587951
0.576196
0.563936
0.551288
0.538381
0.52535
0.51234
0.4995
0.486988
0.474911
0.463346
0.452378
0.442109
0.432659
0.424169
0.416812
0.410806
0.406437
0.404094
0.404338
0.408024
0.416534
0.432293
0.459996
0.510119
0.611637
0.879916
2.20262
0.833873
0.831451
0.828218
0.824036
0.818795
0.812406
0.804804
0.795949
0.78582
0.774427
0.761802
0.748009
0.733137
0.717299
0.700634
0.683299
0.665469
0.647333
0.629091
0.610955
0.593147
0.575784
0.558959
0.542781
0.527374
0.51288
0.499466
0.48733
0.476718
0.467943
0.461427
0.45777
0.457878
0.463221
0.476377
0.502359
0.552398
0.657735
0.943364
2.37408
1.04271
1.0404
1.03716
1.03278
1.02708
1.01993
1.0112
1.00079
0.988631
0.974696
0.958989
0.941559
0.922498
0.901939
0.880054
0.857047
0.833152
0.808628
0.783755
0.758833
0.734178
0.709908
0.68615
0.663045
0.640756
0.619467
0.599386
0.580758
0.563874
0.549095
0.536894
0.527928
0.523176
0.524215
0.533813
0.557367
0.607019
0.716736
1.02311
2.5835
1.29616
1.29455
1.29197
1.28815
1.28283
1.27579
1.2668
1.25569
1.24227
1.22644
1.20814
1.18737
1.16419
1.13874
1.11123
1.08189
1.05103
1.01899
0.98615
0.952928
0.919771
0.886786
0.854147
0.822053
0.790728
0.760423
0.731423
0.704049
0.678676
0.655747
0.63582
0.619641
0.608296
0.603504
0.608273
0.628467
0.677335
0.792132
1.12341
2.83906
1.59116
1.59104
1.59011
1.58802
1.58444
1.57903
1.57143
1.56131
1.54833
1.53223
1.51282
1.48998
1.46372
1.43414
1.40145
1.36591
1.32789
1.2878
1.24614
1.20346
1.16035
1.11691
1.07338
1.03005
0.98722
0.945255
0.904557
0.865585
0.828857
0.794964
0.764612
0.738694
0.718456
0.705816
0.704089
0.719718
0.767299
0.888062
1.24929
3.14999
1.91792
1.92016
1.92204
1.92317
1.92317
1.92155
1.91779
1.91134
1.90162
1.88813
1.87041
1.84818
1.82129
1.78977
1.75377
1.71356
1.66951
1.62207
1.57185
1.51953
1.46571
1.41061
1.35456
1.2979
1.24107
1.18454
1.12892
1.0749
1.02324
0.974802
0.930547
0.891616
0.859503
0.836414
0.826062
0.835615
0.881307
1.00916
1.40645
3.52607
2.2596
2.26488
2.27062
2.2765
2.28209
2.2868
2.28992
2.29064
2.28808
2.28135
2.26962
2.25229
2.22896
2.19953
2.16404
2.12272
2.07582
2.02372
1.967
1.90649
1.84274
1.77612
1.70702
1.63579
1.56291
1.48903
1.41503
1.34198
1.27109
1.20369
1.14117
1.08511
1.03739
1.00061
0.979018
0.980686
1.02383
1.16023
1.60082
3.97685
2.5945
2.60299
2.61319
2.6249
2.63772
2.65104
2.66402
2.67563
2.68464
2.68971
2.68945
2.6827
2.66874
2.64728
2.61831
2.58193
2.53809
2.48675
2.42819
2.36332
2.29278
2.21714
2.13665
2.05141
1.96171
1.8683
1.7725
1.67604
1.58092
1.48925
1.4032
1.325
1.25714
1.20282
1.16695
1.15871
1.19872
1.34555
1.83786
4.5101
2.89947
2.91075
2.92519
2.94279
2.96332
2.98635
3.0112
3.03685
3.06188
3.08442
3.10214
3.11275
3.11491
3.1085
3.09375
3.07063
3.0384
2.99586
2.94265
2.8799
2.80886
2.73031
2.64382
2.54828
2.44311
2.32908
2.20824
2.08355
1.95838
1.83621
1.72044
1.61431
1.52118
1.44503
1.39163
1.3715
1.40806
1.56785
2.12138
5.12966
3.15802
3.17155
3.18875
3.20993
3.23543
3.26551
3.30032
3.33969
3.38296
3.42852
3.47314
3.5119
3.54087
3.55955
3.56933
3.5699
3.55837
3.53214
3.49095
3.43785
3.37573
3.30521
3.22321
3.12503
3.00792
2.87277
2.72327
2.56467
2.40271
2.24299
2.09067
1.95045
1.8268
1.72464
1.65078
1.61724
1.6507
1.82681
2.45187
5.83265
3.38399
3.39807
3.41528
3.43619
3.46159
3.49255
3.53033
3.57615
3.63106
3.69536
3.76752
3.84316
3.9161
3.98183
4.03788
4.07829
4.09563
4.08817
4.06277
4.02672
3.98496
3.93609
3.87081
3.77765
3.65012
3.49053
3.30635
3.10662
2.90041
2.6961
2.501
2.32143
2.1631
2.03198
1.93595
1.88875
1.92067
2.11751
2.82472
6.6064
3.55229
3.56518
3.58053
3.59918
3.62216
3.65091
3.68714
3.73277
3.78993
3.86088
3.94804
4.05386
4.1788
4.31722
4.45306
4.56024
4.62519
4.66449
4.68729
4.69422
4.68464
4.65148
4.59018
4.49071
4.34106
4.14644
3.91853
3.67077
3.41526
3.16273
2.92238
2.70197
2.50833
2.3484
2.23123
2.17237
2.20615
2.42938
3.22876
7.42632
3.66395
3.67589
3.69057
3.70876
3.73156
3.76029
3.79652
3.84216
3.89941
3.97081
4.05961
4.16987
4.30578
4.46857
4.65296
4.84707
5.04125
5.23387
5.42094
5.54762
5.53141
5.43941
5.32096
5.15973
4.96207
4.72728
4.46065
4.17297
3.87704
3.58485
3.30702
3.0527
2.82996
2.64689
2.51391
2.44873
2.49011
2.74652
3.64632
8.25611
3.75865
3.77094
3.78626
3.80526
3.82885
3.85818
3.89471
3.94019
3.99675
4.06684
4.15331
4.25941
4.38861
4.54452
4.73201
4.95963
5.24232
5.57402
5.89132
6.02746
6.00293
5.95184
5.84097
5.6188
5.35305
5.08316
4.80179
4.50517
4.19874
3.89293
3.59941
3.32911
3.09195
2.89786
2.75921
2.69646
2.75328
3.05012
4.05535
9.05166
3.82889
3.84321
3.86098
3.88272
3.9091
3.94106
3.97982
4.02697
4.08445
4.15452
4.23962
4.34248
4.46619
4.61419
4.79027
4.99862
5.24181
5.50948
5.74194
5.90457
6.04334
6.17328
6.17136
5.93135
5.59084
5.25769
4.94984
4.65171
4.35346
4.05693
3.77047
3.50476
3.27095
3.08078
2.94891
2.89883
2.97948
3.32299
4.43388
9.76872
3.87199
3.89018
3.91245
3.93911
3.97063
4.00765
4.05115
4.10252
4.16362
4.23653
4.32334
4.42608
4.54688
4.68814
4.85197
5.03928
5.24894
5.47592
5.71102
5.95535
6.21815
6.4295
6.45016
6.22688
5.83005
5.40892
5.03428
4.70402
4.39962
4.11097
3.83813
3.58746
3.36861
3.1936
3.07854
3.04958
3.16054
3.5541
4.76495
10.3721
3.89158
3.91567
3.9447
3.97882
4.01822
4.06326
4.11463
4.17358
4.24183
4.32144
4.41448
4.52218
4.64494
4.7851
4.94636
5.1307
5.33909
5.57192
5.82983
6.11547
6.42288
6.6683
6.68973
6.44428
6.01701
5.54212
5.10622
4.73
4.40211
4.10871
3.84333
3.60688
3.40565
3.25023
3.15685
3.15336
3.29742
3.74038
5.03961
10.8422
3.89241
3.92485
3.96354
4.00848
4.05961
4.11692
4.1807
4.25167
4.33098
4.42098
4.52503
4.64477
4.77414
4.9165
5.08282
5.27601
5.49837
5.75247
6.04218
6.37235
6.70995
6.87655
6.80943
6.54406
6.12871
5.64365
5.17313
4.75738
4.39988
4.09155
3.82442
3.59583
3.40876
3.2716
3.19976
3.22171
3.39772
3.8854
5.25676
11.1764
3.87943
3.92318
3.97515
4.03517
4.10289
4.1779
4.25998
4.34835
4.44197
4.54337
4.65881
4.78963
4.92819
5.07997
5.25637
5.46483
5.70842
5.99195
6.32219
6.67157
6.90042
6.95816
6.85901
6.60411
6.20385
5.72179
5.23584
4.79324
4.40927
4.08245
3.8071
3.57967
3.40108
3.27778
3.22398
3.26808
3.47174
3.99637
5.42096
11.3856
3.85708
3.91513
3.98386
4.06289
4.15158
4.24984
4.3575
4.47044
4.57213
4.67433
4.79528
4.93852
5.09702
5.26287
5.45585
5.68453
5.95243
6.26536
6.59455
6.83407
6.96211
6.98144
6.87769
6.62673
6.23906
5.77025
5.28571
4.83183
4.43082
4.08845
3.80322
3.57286
3.39777
3.28333
3.24274
3.30396
3.52914
4.08123
5.53957
11.489
3.82754
3.90206
3.98975
4.08977
4.20201
4.32795
4.46746
4.59197
4.69625
4.80995
4.94574
5.10224
5.26985
5.45567
5.67371
5.92678
6.21664
6.51637
6.75203
6.91174
6.99479
6.99356
6.87566
6.61952
6.24307
5.79246
5.32012
4.86753
4.45967
4.10799
3.81496
3.58057
3.40596
3.29627
3.26415
3.3371
3.5771
4.14679
5.6207
11.5092
3.79057
3.88255
3.98977
4.11113
4.24696
4.39788
4.55574
4.69293
4.81646
4.94726
5.09368
5.25921
5.44493
5.65722
5.89976
6.16822
6.44297
6.68016
6.85866
6.97439
7.02683
6.99693
6.85456
6.58978
6.22267
5.79096
5.33656
4.89499
4.49052
4.13675
3.83979
3.60228
3.42692
3.31926
3.29178
3.37162
3.62017
4.19865
5.67425
11.4684
3.74448
3.85419
3.981
4.12461
4.2869
4.46564
4.63134
4.78278
4.93149
5.07964
5.23729
5.41307
5.61216
5.83761
6.08445
6.33837
6.57682
6.77078
6.90971
6.99892
7.02879
6.97196
6.80777
6.53714
6.18035
5.76842
5.33512
4.91032
4.51628
4.16734
3.87168
3.63403
3.45853
3.35162
3.3262
3.40929
3.6618
4.24329
5.71148
11.3942
3.68709
3.81444
3.96131
4.12802
4.31505
4.51211
4.69722
4.87377
5.04103
5.20278
5.36976
5.55147
5.75317
5.97461
6.20656
6.4278
6.61936
6.77472
6.89472
6.97187
6.98225
6.90333
6.72612
6.45686
6.11427
5.72435
5.31485
4.91095
4.53261
4.19397
3.90426
3.6697
3.49572
3.38973
3.36511
3.44897
3.70166
4.28056
5.73263
11.3016
3.61643
3.76165
3.93014
4.124
4.34057
4.55132
4.75451
4.95354
5.13756
5.31127
5.48506
5.66711
5.86102
6.06404
6.26418
6.43714
6.58024
6.71299
6.82461
6.88605
6.87741
6.78579
6.60585
6.34561
6.02202
5.65708
5.27402
4.89429
4.53567
4.21165
3.9319
3.70358
3.53317
3.42894
3.40478
3.48791
3.73809
4.31018
5.74017
11.1999
3.53075
3.69475
3.88606
4.10655
4.34702
4.58082
4.80955
5.02419
5.21909
5.40005
5.57541
5.75106
5.9285
6.10358
6.26482
6.39516
6.503
6.60987
6.7022
6.74642
6.72397
6.62633
6.45072
6.20497
5.904
5.5664
5.21177
4.85857
4.52261
4.21652
3.95001
3.73079
3.56609
3.46487
3.4415
3.52328
3.76931
4.33187
5.73686
11.0961
3.42889
3.61358
3.83189
4.08316
4.34195
4.5978
4.84861
5.07542
5.27707
5.46006
5.63103
5.79419
5.94997
6.0946
6.21986
6.31429
6.39047
6.47029
6.54235
6.5721
6.5391
6.43874
6.27053
6.04147
5.76425
5.45456
5.12901
4.80347
4.49194
4.20607
3.95531
3.7476
3.59063
3.49389
3.47211
3.55261
3.79384
4.34568
5.72531
10.995
3.31047
3.51678
3.76291
4.04379
4.32564
4.60457
4.86696
5.09875
5.30138
5.48084
5.64233
5.78902
5.92123
6.03651
6.12994
6.19377
6.24189
6.2973
6.3513
6.37002
6.3311
6.23167
6.07271
5.86085
5.60697
5.32447
5.02748
4.72967
4.44334
4.17908
3.94585
3.75156
3.60414
3.51338
3.49427
3.57412
3.81074
4.35189
5.7076
10.8984
3.17716
3.40803
3.68205
3.98544
4.29296
4.59295
4.86031
5.09004
5.28716
5.45748
5.60548
5.73378
5.84294
5.93174
5.99775
6.03576
6.06002
6.0942
6.13368
6.14595
6.10571
6.01044
5.86199
5.66701
5.43538
5.17872
4.90917
4.6385
4.37743
4.13546
3.92093
3.7415
3.60514
3.5218
3.50661
3.58678
3.81959
4.35098
5.68516
10.8063
3.02928
3.28845
3.59637
3.92003
4.24479
4.55287
4.81824
5.04131
5.22884
5.38694
5.51995
5.63038
5.71905
5.78556
5.82904
5.8462
5.85153
5.86916
5.89907
5.90924
5.87062
5.78063
5.64248
5.46326
5.25228
5.01984
4.77636
4.53189
4.29572
4.07623
3.88105
3.71748
3.59337
3.5187
3.50863
3.59028
3.82041
4.34348
5.65876
10.7168
2.86858
3.1548
3.49147
3.83957
4.17975
4.48251
4.73679
4.94769
5.12251
5.26709
5.38556
5.48028
5.5521
5.60102
5.62692
5.62869
5.62211
5.63077
5.65603
5.66725
5.6316
5.54606
5.41692
5.25206
5.06026
4.85057
4.63185
4.41259
4.20068
4.00346
3.82783
3.68067
3.56962
3.50458
3.50069
3.58493
3.81363
4.32991
5.62858
10.6269
2.70223
3.01514
3.37521
3.74455
4.08981
4.37998
4.61739
4.8116
4.97075
5.10065
5.20518
5.28639
5.34491
5.3809
5.39444
5.3868
5.37663
5.38487
5.4088
5.42156
5.38896
5.3071
5.18643
5.03546
4.86221
4.6744
4.47942
4.28434
4.09583
3.9203
3.76396
3.63325
3.53559
3.48076
3.48381
3.57156
3.7999
4.31074
5.59443
10.5334
2.53349
2.87389
3.25399
3.63676
3.97347
4.24503
4.46199
4.63689
4.77888
4.89398
4.98583
5.05607
5.10484
5.13217
5.13735
5.12754
5.12348
5.13704
5.16237
5.17428
5.142
5.06445
4.95353
4.81737
4.66289
4.49646
4.32421
4.15204
3.98568
3.83074
3.69286
3.57812
3.49366
3.44913
3.45946
3.55129
3.78004
4.28636
5.55582
10.4331
2.36356
2.73147
3.13007
3.50943
3.82609
4.07434
4.26927
4.42521
4.55187
4.65509
4.73794
4.80127
4.84399
4.86629
4.86976
4.86693
4.87433
4.89496
4.92131
4.92903
4.89558
4.82449
4.72553
4.60534
4.46957
4.32353
4.17241
4.02129
3.87518
3.73912
3.6183
3.51843
3.44645
3.41183
3.42934
3.52538
3.75488
4.25708
5.51223
10.3239
2.19193
2.57994
2.99462
3.36121
3.64591
3.86379
4.03529
4.17493
4.29143
4.38927
4.46999
4.53295
4.57643
4.60062
4.61214
4.62379
4.64394
4.67137
4.69522
4.69566
4.6626
4.60003
4.51381
4.40897
4.29026
4.16233
4.02975
3.89704
3.76868
3.64926
3.54358
3.45705
3.39638
3.37084
3.39501
3.495
3.72515
4.22313
5.46318
10.2048
2.01885
2.4191
2.83929
3.17475
3.4192
3.60409
3.75369
3.88171
3.99469
4.09468
4.18101
4.25173
4.30575
4.34554
4.3764
4.40521
4.43631
4.46633
4.48522
4.48287
4.4541
4.40016
4.32513
4.2333
4.1289
4.01615
3.89915
3.78199
3.66873
3.56356
3.47093
3.396
3.34522
3.32767
3.35768
3.46104
3.69141
4.18465
5.40838
10.0759
1.84201
2.24265
2.65155
2.93972
3.13872
3.29151
3.42343
3.54584
3.66216
3.77162
3.87144
3.95886
4.03252
4.09334
4.14462
4.19038
4.23229
4.26698
4.2876
4.28801
4.26504
4.21965
4.15501
4.07487
3.9831
3.88354
3.77998
3.67614
3.57579
3.48278
3.40132
3.33632
3.294
3.28324
3.31813
3.42409
3.654
4.14176
5.3478
9.93831
1.66019
2.04788
2.42394
2.65172
2.805
2.93125
3.05251
3.17607
3.30181
3.42624
3.54493
3.65394
3.75087
3.83533
3.90851
3.97204
4.02621
4.06846
4.09458
4.1009
4.08589
4.05034
3.99673
3.92836
3.84876
3.76149
3.67012
3.57815
3.4891
3.40665
3.3348
3.27826
3.24309
3.23797
3.27676
3.38446
3.61313
4.09458
5.28172
9.79404
1.47316
1.83279
2.14595
2.30933
2.42372
2.53198
2.64963
2.77928
2.91784
3.0601
3.20051
3.33418
3.45748
3.56829
3.66566
3.74914
3.81818
3.87117
3.90592
3.92074
3.91523
3.89027
3.84801
3.79137
3.72357
3.64797
3.5679
3.48671
3.40777
3.3346
3.27107
3.22175
3.19257
3.19203
3.23375
3.34233
3.56901
4.04338
5.21077
9.64572
1.27822
1.58587
1.80482
1.91156
1.99869
2.09696
2.21419
2.34953
2.49884
2.65691
2.81839
2.97808
3.13115
3.27325
3.40064
3.51032
3.60064
3.67046
3.71895
3.74592
3.75201
3.73865
3.70805
3.663
3.60659
3.54199
3.47241
3.40105
3.33118
3.26621
3.20989
3.1667
3.14245
3.14551
3.18928
3.29796
3.52195
3.98868
5.13601
9.4963
1.07017
1.28274
1.3909
1.45929
1.53118
1.62203
1.73443
1.86674
2.01643
2.18087
2.35714
2.54157
2.72912
2.91281
3.08407
3.23434
3.3591
3.45678
3.52754
3.57265
3.59413
3.59443
3.57639
3.54308
3.49771
3.44348
3.38356
3.3211
3.25931
3.20151
3.15138
3.11333
3.09306
3.09881
3.14379
3.25185
3.4726
3.93142
5.05903
9.34889
0.841603
0.931569
0.959316
0.993791
1.04585
1.11728
1.20707
1.31476
1.44129
1.5888
1.76012
1.95775
2.18172
2.42564
2.6724
2.89445
3.07891
3.22295
3.32872
3.40031
3.44224
3.45897
3.45468
3.43331
3.39856
3.35391
3.30269
3.24808
3.19328
3.14158
3.09662
3.06271
3.04547
3.05303
3.09842
3.20518
3.42221
3.8731
4.98213
9.20676
0.605026
0.574782
0.558472
0.564824
0.586297
0.619146
0.662084
0.716081
0.784081
0.87163
0.988243
1.1497
1.37989
1.7041
2.11369
2.47686
2.76474
2.98034
3.13502
3.24041
3.30636
3.34082
3.35027
3.34005
3.3147
3.27822
3.23418
3.18593
3.1367
3.08979
3.04877
3.01791
3.00274
3.01125
3.05632
3.1612
3.37427
3.81769
4.91013
9.07365
0.301969
0.238195
0.223511
0.218488
0.217811
0.219355
0.222805
0.228334
0.236375
0.247944
0.265544
0.296264
0.364541
0.575478
1.4254
2.05952
2.49299
2.7899
2.99248
3.12773
3.2133
3.26138
3.28081
3.27831
3.25922
3.228
3.18849
3.14416
3.0983
3.05422
3.01547
2.98624
2.97198
2.98054
3.0246
3.12714
3.33611
3.77286
4.85315
8.96022
0.107037
0.146457
0.223862
0.28722
0.341562
0.389374
0.432064
0.470516
0.505344
0.537001
0.565845
0.592169
0.616219
0.63821
0.658329
0.676742
0.693598
0.709029
0.723157
0.736092
0.747931
0.758763
0.768672
0.77773
0.786006
0.79356
0.800447
0.806719
0.81242
0.817592
0.822273
0.826497
0.830296
0.833697
0.836725
0.8394
0.841738
0.84375
0.845455
0.846891
0.241611
0.166206
0.181081
0.204355
0.227788
0.249737
0.269861
0.288173
0.30479
0.319856
0.333512
0.345892
0.357115
0.36729
0.376517
0.384884
0.392471
0.399351
0.405589
0.411245
0.416371
0.421017
0.425225
0.429036
0.432485
0.435604
0.438423
0.440967
0.44326
0.445323
0.447175
0.448834
0.450315
0.451633
0.452798
0.453822
0.454715
0.455484
0.456134
0.456672
0.372356
0.214926
0.203111
0.209873
0.220833
0.232598
0.244045
0.254758
0.264602
0.273559
0.28166
0.288964
0.295533
0.301433
0.306726
0.311471
0.315722
0.319528
0.322935
0.325983
0.328709
0.331145
0.333322
0.335267
0.337002
0.338549
0.339928
0.341156
0.342248
0.343217
0.344076
0.344835
0.345505
0.346093
0.346608
0.347056
0.347443
0.347773
0.34805
0.348278
0.488423
0.261811
0.230574
0.226254
0.229102
0.234346
0.240309
0.246291
0.251979
0.257241
0.262028
0.266338
0.27019
0.273616
0.27665
0.279329
0.281687
0.283758
0.285574
0.287161
0.288547
0.289754
0.290804
0.291714
0.292502
0.293182
0.293768
0.294271
0.294703
0.295072
0.295386
0.295652
0.295877
0.296067
0.296226
0.296359
0.296468
0.296559
0.296632
0.29669
0.591514
0.304269
0.256824
0.243715
0.240323
0.240628
0.242479
0.244941
0.247565
0.250126
0.252512
0.254673
0.256592
0.258271
0.259721
0.26096
0.262008
0.262884
0.263607
0.264197
0.26467
0.265042
0.265328
0.265539
0.265687
0.265783
0.265835
0.265852
0.265839
0.265805
0.265753
0.265688
0.265615
0.265537
0.265457
0.265378
0.265302
0.265232
0.265167
0.265111
0.683193
0.342137
0.280556
0.260016
0.251478
0.247775
0.246322
0.245976
0.246169
0.246598
0.247101
0.247585
0.248004
0.248334
0.248569
0.248709
0.24876
0.24873
0.24863
0.248469
0.248257
0.248004
0.247719
0.247409
0.247081
0.246742
0.246398
0.246052
0.245711
0.245376
0.245053
0.244742
0.244448
0.244171
0.243914
0.243678
0.243464
0.243274
0.243108
0.242966
0.764633
0.375657
0.301562
0.274571
0.261653
0.254588
0.250391
0.247728
0.245925
0.244613
0.243581
0.242705
0.241911
0.241155
0.240414
0.239674
0.238929
0.238179
0.237425
0.23667
0.235917
0.235172
0.234437
0.233717
0.233015
0.232335
0.231679
0.23105
0.23045
0.229881
0.229345
0.228842
0.228374
0.227941
0.227545
0.227186
0.226863
0.226579
0.226333
0.226124
0.836827
0.405174
0.319951
0.287301
0.270598
0.260664
0.254147
0.249539
0.246067
0.243305
0.240999
0.238995
0.237199
0.235547
0.234003
0.23254
0.231144
0.229804
0.228516
0.227277
0.226084
0.224938
0.223838
0.222785
0.22178
0.220824
0.219916
0.219057
0.218248
0.217489
0.21678
0.216121
0.215513
0.214954
0.214445
0.213985
0.213576
0.213215
0.212903
0.212641
0.900676
0.431065
0.335942
0.298306
0.278309
0.265905
0.257406
0.251146
0.246265
0.24228
0.238904
0.235955
0.233319
0.230919
0.228704
0.226639
0.2247
0.22287
0.221139
0.219497
0.217939
0.216461
0.215059
0.213731
0.212475
0.21129
0.210174
0.209125
0.208144
0.207228
0.206376
0.205588
0.204863
0.2042
0.203598
0.203056
0.202573
0.202149
0.201784
0.201476
0.957027
0.453708
0.349784
0.307753
0.284879
0.270336
0.260134
0.252463
0.246382
0.241361
0.237078
0.23333
0.229986
0.226954
0.224174
0.221601
0.219206
0.216964
0.214859
0.21288
0.211015
0.209258
0.207603
0.206044
0.204578
0.203201
0.20191
0.200703
0.199576
0.198528
0.197557
0.196662
0.195839
0.195088
0.194408
0.193796
0.193253
0.192776
0.192365
0.19202
1.00668
0.473466
0.361731
0.315823
0.290434
0.274034
0.262364
0.253481
0.246374
0.240468
0.235413
0.230987
0.22704
0.223472
0.220213
0.21721
0.214427
0.211836
0.209415
0.207149
0.205025
0.203032
0.201162
0.199407
0.197763
0.196224
0.194785
0.193443
0.192193
0.191034
0.189962
0.188975
0.188069
0.187244
0.186497
0.185827
0.185232
0.18471
0.184261
0.183884
1.05039
0.490678
0.372019
0.322696
0.295105
0.277092
0.264151
0.254224
0.246237
0.239573
0.233859
0.228852
0.224392
0.220367
0.216698
0.213328
0.210215
0.207326
0.204636
0.202126
0.19978
0.197585
0.195532
0.193611
0.191814
0.190137
0.188571
0.187114
0.18576
0.184506
0.183347
0.182281
0.181305
0.180417
0.179614
0.178893
0.178254
0.177694
0.177212
0.176807
1.08882
0.505653
0.380865
0.328535
0.299018
0.279601
0.26556
0.254733
0.245987
0.238672
0.232392
0.226888
0.221988
0.217571
0.213552
0.209868
0.206471
0.203326
0.200405
0.197686
0.19515
0.192782
0.190572
0.188507
0.18658
0.184784
0.18311
0.181554
0.18011
0.178773
0.177541
0.176408
0.175371
0.174428
0.173576
0.172812
0.172135
0.171542
0.171032
0.170603
1.12258
0.518665
0.388462
0.333487
0.302286
0.281646
0.266652
0.255046
0.245646
0.237772
0.231004
0.225073
0.219794
0.21504
0.21072
0.206766
0.203125
0.199761
0.196641
0.19374
0.19104
0.188524
0.186178
0.18399
0.18195
0.18005
0.178283
0.176641
0.17512
0.173713
0.172415
0.171224
0.170135
0.169145
0.168251
0.16745
0.166739
0.166118
0.165583
0.165134
1.15218
0.529957
0.394977
0.337681
0.305008
0.283305
0.267483
0.255203
0.245239
0.236881
0.229693
0.223393
0.217788
0.212744
0.208164
0.203976
0.200126
0.196571
0.193279
0.190223
0.187381
0.184735
0.182271
0.179976
0.177839
0.17585
0.174001
0.172285
0.170696
0.169227
0.167874
0.166633
0.165498
0.164467
0.163536
0.162702
0.161963
0.161317
0.160761
0.160294
1.17809
0.53974
0.400559
0.341228
0.30727
0.284642
0.268102
0.255239
0.244786
0.23601
0.22846
0.221841
0.215955
0.21066
0.205855
0.201465
0.197432
0.193713
0.190271
0.187079
0.184114
0.181356
0.17879
0.176401
0.174179
0.172112
0.170193
0.168412
0.166764
0.165242
0.16384
0.162554
0.16138
0.160313
0.15935
0.158488
0.157724
0.157056
0.156481
0.155999
1.20075
0.548207
0.405335
0.344224
0.309146
0.285714
0.268551
0.255183
0.244307
0.23517
0.227305
0.220411
0.21428
0.208768
0.203768
0.199202
0.195012
0.191149
0.187577
0.184267
0.181195
0.178339
0.175683
0.173213
0.170916
0.168782
0.1668
0.164963
0.163263
0.161694
0.16025
0.158925
0.157716
0.156617
0.155626
0.154739
0.153953
0.153266
0.152676
0.15218
1.22054
0.555527
0.409419
0.346753
0.3107
0.286568
0.268866
0.25506
0.243817
0.234367
0.22623
0.219097
0.212754
0.207053
0.201883
0.197165
0.192837
0.188849
0.185164
0.181751
0.178584
0.175643
0.172909
0.170368
0.168005
0.165811
0.163775
0.161888
0.160143
0.158532
0.157051
0.155692
0.154452
0.153326
0.15231
0.151401
0.150596
0.149892
0.149287
0.14878
1.23781
0.561854
0.41291
0.348886
0.311984
0.287246
0.269075
0.254889
0.243329
0.233607
0.225235
0.217894
0.211367
0.205501
0.200184
0.195333
0.190884
0.186787
0.183003
0.1795
0.176251
0.173234
0.170432
0.167827
0.165408
0.163161
0.161077
0.159146
0.157361
0.155714
0.154199
0.152811
0.151544
0.150393
0.149356
0.148428
0.147605
0.146887
0.146269
0.145751
1.25291
0.567322
0.415894
0.350685
0.313044
0.287779
0.269202
0.254687
0.242852
0.232894
0.224317
0.216796
0.210109
0.2041
0.198654
0.193687
0.189132
0.18494
0.181069
0.177487
0.174165
0.171083
0.16822
0.16556
0.16309
0.160797
0.158671
0.156702
0.154881
0.153202
0.151658
0.150243
0.148952
0.14778
0.146724
0.145778
0.144941
0.144209
0.143581
0.143053
1.26612
0.572053
0.418446
0.352202
0.31392
0.288197
0.269267
0.254467
0.242393
0.232231
0.223475
0.215797
0.208971
0.202837
0.197279
0.19221
0.187564
0.183288
0.17934
0.175688
0.172303
0.169163
0.166247
0.163539
0.161024
0.15869
0.156527
0.154523
0.152672
0.150965
0.149395
0.147956
0.146644
0.145453
0.14438
0.143419
0.142569
0.141826
0.141187
0.140651
1.2777
0.576151
0.42063
0.353483
0.314642
0.288522
0.269286
0.254239
0.241957
0.231617
0.222707
0.214892
0.207944
0.201701
0.196045
0.190888
0.186161
0.181811
0.177797
0.174084
0.170643
0.167451
0.164489
0.161738
0.159184
0.156814
0.154618
0.152584
0.150705
0.148973
0.147381
0.145922
0.144591
0.143383
0.142294
0.141321
0.140458
0.139705
0.139058
0.138515
1.28787
0.579705
0.422503
0.354566
0.315237
0.288772
0.269271
0.254009
0.241547
0.231053
0.222008
0.214075
0.207021
0.200683
0.194941
0.189706
0.184908
0.180494
0.176422
0.172655
0.169165
0.165928
0.162924
0.160136
0.157547
0.155146
0.152921
0.150861
0.148958
0.147204
0.145591
0.144114
0.142767
0.141544
0.140442
0.139457
0.138585
0.137822
0.137167
0.136618
1.29683
0.582795
0.424112
0.355483
0.31573
0.288964
0.269232
0.253784
0.241166
0.230538
0.221376
0.213339
0.206192
0.199771
0.193955
0.188651
0.183792
0.179322
0.175198
0.171384
0.167851
0.164575
0.161535
0.158714
0.156095
0.153666
0.151415
0.149333
0.147408
0.145635
0.144005
0.142512
0.14115
0.139915
0.138802
0.137806
0.136925
0.136154
0.135493
0.134938
1.30475
0.585491
0.425498
0.356262
0.316137
0.28911
0.269178
0.253567
0.240814
0.230069
0.220805
0.212678
0.205451
0.198958
0.193076
0.187713
0.1828
0.178281
0.174112
0.170257
0.166687
0.163377
0.160305
0.157455
0.15481
0.152357
0.150084
0.147981
0.146038
0.144248
0.142603
0.141096
0.139722
0.138476
0.137353
0.136348
0.135459
0.134682
0.134015
0.133455
1.3118
0.587854
0.426698
0.356926
0.316476
0.28922
0.269113
0.253362
0.24049
0.229644
0.220292
0.212086
0.20479
0.198234
0.192295
0.186881
0.181921
0.177359
0.173151
0.169261
0.165658
0.162318
0.159219
0.156344
0.153676
0.151203
0.148911
0.146791
0.144832
0.143028
0.14137
0.139851
0.138467
0.137211
0.136079
0.135067
0.134172
0.133389
0.132717
0.132153
1.31811
0.589939
0.427743
0.357497
0.31676
0.289304
0.269044
0.25317
0.240195
0.229261
0.219832
0.211559
0.204202
0.197591
0.191603
0.186144
0.181144
0.176546
0.172304
0.168383
0.164752
0.161387
0.158265
0.155369
0.152682
0.15019
0.147883
0.145748
0.143777
0.14196
0.140291
0.138763
0.13737
0.136106
0.134968
0.13395
0.133049
0.132261
0.131585
0.131018
1.32383
0.591798
0.428663
0.357993
0.317001
0.289369
0.268975
0.252992
0.239929
0.228917
0.219422
0.21109
0.20368
0.197023
0.190992
0.185496
0.180461
0.175831
0.171561
0.167614
0.16396
0.160573
0.157432
0.154518
0.151815
0.149309
0.146988
0.144842
0.14286
0.141034
0.139356
0.13782
0.13642
0.13515
0.134006
0.132983
0.132078
0.131287
0.130608
0.130038
1.3291
0.593478
0.429483
0.358429
0.31721
0.28942
0.268908
0.252831
0.239689
0.228611
0.219058
0.210675
0.20322
0.196522
0.190456
0.184927
0.179863
0.175207
0.170913
0.166945
0.163271
0.159867
0.15671
0.153782
0.151067
0.14855
0.146219
0.144063
0.142073
0.140239
0.138555
0.137014
0.135609
0.134334
0.133186
0.13216
0.131252
0.130459
0.129777
0.129206
1.33403
0.595023
0.430228
0.358822
0.317396
0.289465
0.268847
0.252687
0.239476
0.22834
0.218737
0.21031
0.202817
0.196085
0.189989
0.184433
0.179345
0.174667
0.170354
0.166369
0.16268
0.159263
0.156094
0.153155
0.15043
0.147905
0.145567
0.143405
0.141409
0.139571
0.137883
0.136338
0.134929
0.133653
0.132502
0.131474
0.130564
0.129769
0.129087
0.128515
1.33875
0.596477
0.43092
0.359184
0.317567
0.289508
0.268795
0.252561
0.239289
0.228103
0.218456
0.209993
0.202467
0.195707
0.189586
0.184008
0.178901
0.174207
0.16988
0.165882
0.162182
0.158755
0.155578
0.152632
0.149901
0.147371
0.145029
0.142863
0.140865
0.139025
0.137335
0.135788
0.134379
0.133101
0.13195
0.130922
0.130012
0.129217
0.128535
0.127962
1.34337
0.597876
0.43158
0.359528
0.317732
0.289554
0.268755
0.252454
0.239129
0.227899
0.218215
0.20972
0.202169
0.195386
0.189245
0.183651
0.178529
0.173823
0.169486
0.165479
0.161773
0.15834
0.155159
0.15221
0.149477
0.146946
0.144603
0.142437
0.140439
0.138599
0.136911
0.135365
0.133957
0.132681
0.131532
0.130504
0.129596
0.128802
0.128121
0.127549
1.34801
0.599257
0.432226
0.359866
0.317899
0.289609
0.268731
0.252369
0.238997
0.227728
0.218014
0.209493
0.20192
0.19512
0.188965
0.183359
0.178228
0.173515
0.169172
0.165162
0.161454
0.15802
0.154839
0.151891
0.14916
0.146631
0.144291
0.142129
0.140134
0.138298
0.136613
0.135072
0.133668
0.132395
0.13125
0.130226
0.12932
0.128529
0.12785
0.127281
1.35278
0.600656
0.432877
0.360211
0.318075
0.289679
0.268726
0.252309
0.238895
0.227593
0.217853
0.209312
0.201722
0.19491
0.188746
0.183133
0.177999
0.173284
0.168941
0.164932
0.161227
0.157797
0.154621
0.151679
0.148954
0.146431
0.144098
0.141943
0.139956
0.138128
0.13645
0.134916
0.133519
0.132253
0.131113
0.130095
0.129194
0.128408
0.127733
0.127167
1.3578
0.602109
0.433553
0.360574
0.318271
0.289769
0.268745
0.252278
0.238826
0.227497
0.217735
0.209179
0.201579
0.19476
0.188592
0.182979
0.177846
0.173134
0.168797
0.164796
0.161098
0.157678
0.154512
0.151581
0.148867
0.146356
0.144035
0.141892
0.139917
0.1381
0.136433
0.13491
0.133523
0.132266
0.131135
0.130125
0.129232
0.128453
0.127783
0.127222
1.36321
0.603655
0.434274
0.360969
0.318495
0.28989
0.268797
0.252282
0.238796
0.227444
0.217666
0.2091
0.201495
0.194675
0.18851
0.182902
0.177777
0.173076
0.16875
0.164762
0.16108
0.157675
0.154525
0.151611
0.148915
0.146421
0.144117
0.141991
0.140033
0.138232
0.136581
0.135073
0.1337
0.132457
0.131338
0.130339
0.129456
0.128685
0.128023
0.127469
1.36914
0.60534
0.435064
0.361412
0.31876
0.290049
0.268888
0.252329
0.238814
0.227442
0.217655
0.209084
0.201481
0.194666
0.18851
0.182915
0.177805
0.173121
0.168815
0.164848
0.161187
0.157805
0.154679
0.151788
0.149116
0.146647
0.144367
0.142264
0.140328
0.138549
0.136919
0.135431
0.134077
0.132851
0.131748
0.130764
0.129894
0.129135
0.128483
0.127937
1.37576
0.607209
0.435947
0.36192
0.319079
0.290259
0.269032
0.25243
0.23889
0.227504
0.217712
0.209144
0.201549
0.194748
0.188609
0.183034
0.177948
0.17329
0.169011
0.165073
0.161443
0.158093
0.154999
0.15214
0.1495
0.147063
0.144814
0.142742
0.140836
0.139086
0.137483
0.13602
0.13469
0.133487
0.132405
0.131439
0.130586
0.129842
0.129203
0.128668
1.38323
0.609314
0.436952
0.362514
0.31947
0.290536
0.269242
0.2526
0.239039
0.227646
0.217856
0.209298
0.201719
0.19494
0.188828
0.183283
0.17823
0.173608
0.169368
0.16547
0.16188
0.158572
0.15552
0.152704
0.150106
0.14771
0.145502
0.143469
0.141601
0.139887
0.138319
0.136889
0.135589
0.134414
0.133358
0.132416
0.131584
0.130859
0.130236
0.129714
1.39175
0.611714
0.438113
0.363218
0.319954
0.2909
0.269537
0.252859
0.239282
0.227888
0.218108
0.20957
0.202018
0.195271
0.189197
0.183694
0.178687
0.174113
0.169923
0.166077
0.162542
0.159287
0.15629
0.153528
0.150983
0.14864
0.146483
0.1445
0.14268
0.141012
0.139488
0.138098
0.136837
0.135698
0.134674
0.133762
0.132956
0.132254
0.131651
0.131146
1.40153
0.614476
0.439469
0.364063
0.320557
0.291376
0.269945
0.253234
0.239647
0.22826
0.218501
0.209993
0.20248
0.19578
0.189757
0.184311
0.179364
0.174853
0.170729
0.166951
0.163484
0.160298
0.15737
0.154677
0.1522
0.149923
0.147831
0.145911
0.14415
0.14254
0.141069
0.139731
0.138517
0.137422
0.136438
0.135562
0.134789
0.134115
0.133537
0.133052
1.41282
0.617682
0.441068
0.365086
0.321315
0.291997
0.270497
0.253758
0.24017
0.228802
0.219076
0.210613
0.203155
0.196516
0.190562
0.185191
0.180322
0.175893
0.171853
0.168161
0.164781
0.161683
0.158842
0.156236
0.153844
0.15165
0.149638
0.147795
0.14611
0.14457
0.143167
0.141891
0.140736
0.139695
0.138761
0.137929
0.137196
0.136557
0.136008
0.135549
1.4259
0.621424
0.442968
0.366336
0.322269
0.292806
0.271239
0.254479
0.240901
0.229565
0.219889
0.211489
0.204105
0.197549
0.191685
0.18641
0.181642
0.177318
0.173385
0.169802
0.166532
0.163544
0.160813
0.158314
0.156028
0.153937
0.152026
0.150279
0.148686
0.147234
0.145913
0.144715
0.143633
0.142657
0.141784
0.141007
0.140322
0.139725
0.139214
0.138785
1.44112
0.625812
0.44524
0.36787
0.323477
0.293859
0.272227
0.255457
0.241904
0.230619
0.221013
0.2127
0.205414
0.198967
0.193221
0.188069
0.18343
0.179238
0.175441
0.171995
0.168863
0.166013
0.163418
0.161054
0.1589
0.156937
0.15515
0.153523
0.152043
0.1507
0.149481
0.148379
0.147385
0.146491
0.145692
0.144982
0.144356
0.143811
0.143344
0.142953
1.45884
0.630975
0.44797
0.369764
0.325008
0.295229
0.273539
0.256772
0.243264
0.232055
0.222547
0.21435
0.207194
0.200889
0.195293
0.1903
0.185824
0.1818
0.178174
0.174901
0.171942
0.169264
0.166839
0.164642
0.162652
0.160849
0.159215
0.157736
0.156397
0.155187
0.154095
0.15311
0.152225
0.151432
0.150724
0.150096
0.149543
0.149061
0.148648
0.148302
1.47951
0.637066
0.451263
0.37211
0.326957
0.29701
0.275272
0.25853
0.245096
0.233994
0.22462
0.216577
0.209591
0.203469
0.198067
0.193275
0.189007
0.185195
0.181783
0.178726
0.175983
0.17352
0.171308
0.16932
0.167534
0.165928
0.164486
0.16319
0.162027
0.160982
0.160046
0.159207
0.158457
0.157787
0.157192
0.156664
0.1562
0.155796
0.155449
0.155158
1.50365
0.644272
0.455252
0.375029
0.329441
0.299327
0.27756
0.260872
0.247548
0.236596
0.227402
0.219562
0.212798
0.206912
0.201757
0.19722
0.193215
0.18967
0.186528
0.183742
0.181271
0.179077
0.177131
0.175404
0.173873
0.172515
0.171311
0.170244
0.169299
0.168462
0.16772
0.167062
0.16648
0.165964
0.165507
0.165105
0.164751
0.164442
0.164177
0.163953
1.53192
0.652826
0.460107
0.378677
0.332618
0.302342
0.280574
0.263982
0.250818
0.240072
0.231118
0.223544
0.217067
0.211484
0.206645
0.202433
0.19876
0.195553
0.192751
0.190307
0.188176
0.186322
0.18471
0.183312
0.182101
0.181054
0.18015
0.179371
0.178701
0.178123
0.177625
0.177195
0.176823
0.176499
0.176217
0.17597
0.175753
0.175563
0.175399
0.175259
1.56509
0.663019
0.466043
0.383255
0.336692
0.30627
0.284543
0.268104
0.255167
0.2447
0.236064
0.228838
0.222732
0.217538
0.213102
0.209304
0.206053
0.203272
0.200901
0.198889
0.19719
0.195765
0.194577
0.193595
0.19279
0.192138
0.191615
0.191202
0.19088
0.190632
0.190444
0.190303
0.190197
0.190117
0.190055
0.190004
0.189959
0.189918
0.18988
0.189844
1.60417
0.675222
0.473338
0.389025
0.341932
0.311395
0.289768
0.273559
0.260937
0.250846
0.24263
0.235858
0.230232
0.225538
0.221618
0.218348
0.215634
0.213397
0.211575
0.210113
0.208965
0.208088
0.207442
0.206992
0.206709
0.206563
0.206531
0.206587
0.206713
0.206889
0.2071
0.207329
0.207565
0.207796
0.208015
0.208213
0.208387
0.208535
0.208654
0.208749
1.65043
0.689908
0.482351
0.396331
0.348688
0.318086
0.296646
0.280772
0.268583
0.258994
0.25133
0.245149
0.240145
0.236096
0.232839
0.230248
0.228224
0.226685
0.225567
0.224814
0.224376
0.224206
0.224262
0.224503
0.224896
0.225409
0.226013
0.226681
0.22739
0.228118
0.228846
0.229556
0.230235
0.230869
0.23145
0.231969
0.232423
0.23281
0.233131
0.233389
1.70545
0.707685
0.493552
0.40562
0.357426
0.326836
0.305698
0.2903
0.2787
0.26978
0.262844
0.257436
0.253239
0.250027
0.24763
0.245917
0.244785
0.244152
0.243948
0.244116
0.244604
0.24536
0.246334
0.247483
0.248766
0.250146
0.251588
0.253062
0.254539
0.255993
0.257401
0.258743
0.260001
0.261161
0.262212
0.263147
0.263961
0.264654
0.265229
0.265695
1.77122
0.729335
0.507552
0.417485
0.368753
0.338287
0.317613
0.30288
0.292077
0.284046
0.278069
0.273675
0.270535
0.268416
0.267142
0.266577
0.266614
0.267167
0.268165
0.269545
0.271257
0.273239
0.275433
0.277787
0.280253
0.282787
0.285347
0.287894
0.290392
0.29281
0.295119
0.297294
0.299315
0.301163
0.302828
0.3043
0.305577
0.306661
0.307559
0.308285
1.85027
0.755871
0.525152
0.432701
0.383472
0.353288
0.333295
0.319479
0.309749
0.302903
0.298197
0.29514
0.293395
0.292718
0.292926
0.293879
0.295465
0.297592
0.300186
0.303182
0.306528
0.31015
0.313979
0.317951
0.322007
0.326091
0.330148
0.334131
0.337994
0.341697
0.345202
0.348478
0.351501
0.354249
0.356709
0.358873
0.36074
0.362317
0.363616
0.36466
1.9457
0.788601
0.547402
0.452284
0.402632
0.372946
0.353925
0.341365
0.333081
0.327819
0.324806
0.323531
0.323643
0.324888
0.327075
0.330057
0.333716
0.337955
0.342692
0.347859
0.353404
0.359237
0.365272
0.371428
0.377628
0.383797
0.389866
0.395772
0.401454
0.406859
0.411941
0.416661
0.420985
0.424892
0.428366
0.431402
0.434002
0.436181
0.437962
0.439382
2.06141
0.829215
0.575669
0.47756
0.427598
0.398705
0.381049
0.370201
0.363867
0.360734
0.359992
0.361109
0.363718
0.36755
0.372406
0.378126
0.384584
0.391676
0.399311
0.407416
0.415925
0.424743
0.433756
0.442853
0.451932
0.460894
0.469644
0.478096
0.486171
0.493799
0.50092
0.507485
0.513456
0.518808
0.523526
0.527612
0.531079
0.533953
0.536276
0.538104
2.2022
0.879888
0.611724
0.510244
0.460134
0.432432
0.416669
0.40815
0.404453
0.404195
0.406524
0.410879
0.41687
0.424213
0.432688
0.442124
0.452379
0.463333
0.474885
0.486948
0.499447
0.512273
0.525271
0.53829
0.551186
0.563822
0.576072
0.587817
0.598952
0.609387
0.619045
0.627868
0.635815
0.642864
0.649011
0.654269
0.65867
0.662264
0.665121
0.66733
2.37389
0.943387
0.657835
0.552524
0.502493
0.476511
0.46335
0.457999
0.45788
0.461525
0.468028
0.476788
0.487385
0.499504
0.512902
0.527379
0.542769
0.55893
0.575738
0.593084
0.610877
0.628997
0.647224
0.665347
0.683164
0.700487
0.717139
0.732964
0.747824
0.761605
0.774217
0.7856
0.79572
0.804568
0.812163
0.81855
0.823793
0.827981
0.831227
0.833669
2.5835
1.02318
0.71685
0.607145
0.557495
0.53394
0.524336
0.523289
0.528031
0.536985
0.549171
0.563933
0.5808
0.599409
0.61947
0.64074
0.663008
0.686092
0.709831
0.734081
0.758719
0.783624
0.80848
0.832988
0.856868
0.87986
0.901731
0.922275
0.941322
0.958737
0.97443
0.988352
1.0005
1.0109
1.01963
1.02677
1.03247
1.03686
1.04012
1.04246
2.8392
1.12353
0.792262
0.677461
0.62859
0.608392
0.603616
0.608399
0.619734
0.635899
0.655809
0.678719
0.704071
0.731421
0.760396
0.790676
0.821975
0.854045
0.88666
0.919624
0.95276
0.985963
1.01878
1.0508
1.08165
1.11097
1.13847
1.1639
1.18707
1.20783
1.22612
1.24194
1.25534
1.26645
1.27542
1.28246
1.28778
1.29161
1.29421
1.29586
3.1502
1.24945
0.888203
0.767425
0.719833
0.704196
0.705915
0.718544
0.73877
0.764672
0.795004
0.828873
0.865574
0.904516
0.945183
0.987115
1.02991
1.07321
1.11671
1.16012
1.2032
1.24586
1.2875
1.32757
1.36558
1.4011
1.43379
1.46336
1.48962
1.51245
1.53186
1.54796
1.56093
1.57105
1.57864
1.58404
1.58762
1.58971
1.59066
1.59082
3.52629
1.40664
1.00932
0.881436
0.835726
0.826159
0.836498
0.859572
0.891667
0.930576
0.974804
1.02321
1.07483
1.12881
1.18439
1.24087
1.29766
1.35427
1.41028
1.46535
1.51914
1.57142
1.62164
1.66906
1.71312
1.75333
1.78934
1.82088
1.84778
1.87002
1.88775
1.90125
1.91097
1.91743
1.92118
1.9228
1.92279
1.92165
1.91978
1.91756
3.97702
1.60103
1.1604
1.02397
0.980796
0.979107
1.00068
1.03743
1.08513
1.14116
1.20363
1.27099
1.34182
1.41481
1.48875
1.56256
1.63538
1.70654
1.77559
1.84216
1.90589
1.96639
2.02312
2.07524
2.12218
2.16356
2.19908
2.22856
2.25191
2.26928
2.28102
2.28778
2.29036
2.28965
2.28655
2.28184
2.27625
2.27036
2.2646
2.25931
4.51017
1.83808
1.34574
1.19886
1.15882
1.16702
1.20286
1.25715
1.32497
1.40311
1.4891
1.5807
1.67575
1.77213
1.86784
1.96115
2.05077
2.13593
2.21636
2.29197
2.36251
2.42742
2.48605
2.53746
2.58137
2.61782
2.64683
2.66832
2.68229
2.68905
2.68932
2.68429
2.67532
2.66377
2.65085
2.63758
2.6248
2.6131
2.60289
2.59431
5.12962
2.1216
1.56805
1.4082
1.37159
1.39167
1.44502
1.52112
1.61418
1.72024
1.83593
1.958
2.08306
2.20763
2.32835
2.44227
2.54734
2.64282
2.72928
2.80786
2.87896
2.94177
2.99502
3.03755
3.06974
3.09279
3.10749
3.11386
3.11169
3.10111
3.08345
3.06103
3.03613
3.01063
2.98593
2.96304
2.94262
2.9251
2.91069
2.89934
5.83248
2.45207
1.82699
1.65082
1.6173
1.65077
1.72456
1.82665
1.95022
2.09034
2.24255
2.40214
2.56396
2.72241
2.87174
3.00674
3.1237
3.22177
3.30367
3.37409
3.43612
3.4891
3.53018
3.55636
3.56792
3.56744
3.55782
3.53934
3.51058
3.472
3.42752
3.3821
3.33897
3.29974
3.26508
3.23515
3.20978
3.18878
3.17172
3.1583
6.60607
2.82486
2.11765
1.92074
1.88875
1.93588
2.03182
2.16286
2.32108
2.50055
2.69553
2.89971
3.10575
3.30529
3.48922
3.64852
3.77569
3.86845
3.93335
3.98195
4.02362
4.05979
4.08558
4.09353
4.07662
4.03647
3.98055
3.91491
3.84212
3.76665
3.69467
3.63052
3.57575
3.53005
3.49238
3.46154
3.43624
3.41543
3.3983
3.38436
7.42579
3.22881
2.42946
2.20615
2.17229
2.23105
2.34813
2.50795
2.70148
2.92177
3.16197
3.4143
3.66957
3.91701
4.14451
4.33866
4.4878
4.58686
4.64796
4.68105
4.69073
4.68416
4.66181
4.62294
4.55845
4.45166
4.31604
4.17778
4.05298
3.94728
3.86027
3.78944
3.73238
3.68685
3.6507
3.62201
3.59909
3.58047
3.56519
3.55233
8.2553
3.64622
2.74647
2.48999
2.44851
2.51358
2.64644
2.82937
3.05197
3.3061
3.58372
3.87565
4.17125
4.45854
4.72474
4.95909
5.15633
5.31719
5.43533
5.52711
5.54339
5.41718
5.23073
5.03865
4.845
4.65135
4.46727
4.3047
4.16897
4.05885
3.97019
3.8989
3.84175
3.79619
3.76003
3.73136
3.7086
3.69045
3.67582
3.66391
9.05051
4.05506
3.0499
2.753
2.69606
2.75869
2.89718
3.09111
3.32809
3.59818
3.89144
4.19697
4.50306
4.79929
5.08024
5.34965
5.61483
5.83632
5.94681
5.99834
6.02389
5.88851
5.57157
5.24018
4.95774
4.73039
4.54313
4.38743
4.25842
4.15247
4.06614
3.99617
3.93972
3.89432
3.85786
3.82859
3.80505
3.78609
3.77081
3.75855
9.76714
4.43334
3.32257
2.979
2.89822
2.94815
3.07985
3.26982
3.50342
3.76887
4.05504
4.35122
4.64907
4.94673
5.25404
5.58654
5.92608
6.16481
6.16679
6.03813
5.9006
5.73913
5.50727
5.23976
4.99675
4.7886
4.61273
4.46492
4.3414
4.2387
4.15374
4.0838
4.02642
3.97937
3.94069
3.9088
3.88247
3.86078
3.84305
3.82877
10.37
4.76414
3.55346
3.15984
3.04876
3.07754
3.19242
3.3672
3.5858
3.83618
4.10867
4.39691
4.70082
5.03049
5.40441
5.82461
6.22034
6.4428
6.42237
6.21215
5.95059
5.70729
5.47294
5.24645
5.03717
4.85015
4.68657
4.54552
4.4249
4.32234
4.23568
4.16289
4.10191
4.05064
4.00723
3.97028
3.93882
3.91221
3.89
3.87185
10.8397
5.03853
3.73952
3.29652
3.15233
3.15565
3.24882
3.404
3.60496
3.84109
4.10609
4.39902
4.72637
5.10192
5.53699
6.01089
6.43715
6.68209
6.66111
6.41672
6.11046
5.82578
5.56862
5.33635
5.1284
4.94438
4.78339
4.64344
4.52088
4.41337
4.3205
4.24103
4.17289
4.11404
4.06275
4.0178
3.97847
3.94441
3.91544
3.8914
11.1734
5.25543
3.88434
3.39664
3.22051
3.19839
3.27003
3.40693
3.59372
3.82197
4.08871
4.39655
4.75347
5.1685
5.63814
6.12224
6.53672
6.80176
6.8694
6.70393
6.36745
6.03818
5.74917
5.4956
5.27365
5.08075
4.91465
4.77245
4.64329
4.52379
4.41995
4.3301
4.25092
4.18004
4.11635
4.05912
4.00807
3.9632
3.92457
3.89219
11.3822
5.4194
3.99516
3.47054
3.26677
3.22252
3.2761
3.39916
3.57747
3.80456
4.07951
4.40586
4.78924
5.23111
5.71623
6.19744
6.59698
6.8516
6.95111
6.89447
6.667
6.31849
5.98884
5.70578
5.46255
5.25431
5.07802
4.92633
4.78785
4.65742
4.54233
4.4411
4.34757
4.25928
4.17728
4.10236
4.03471
3.97476
3.92287
3.87918
11.4852
5.53782
4.0799
3.52786
3.30259
3.24123
3.28163
3.39584
3.57066
3.8007
4.08555
4.42746
4.82792
5.28113
5.76492
6.233
6.62015
6.87091
6.97489
6.95621
6.82929
6.591
6.26254
5.95004
5.68245
5.45392
5.26089
5.09499
4.9369
4.79399
4.67333
4.57133
4.46963
4.35676
4.24918
4.15101
4.06239
3.98344
3.91477
3.85679
11.5051
5.61881
4.14538
3.57577
3.33573
3.26265
3.2946
3.40408
3.57845
3.81255
4.10524
4.45651
4.86389
5.31589
5.78759
6.23756
6.61352
6.86945
6.98749
6.98919
6.9069
6.74816
6.51361
6.21463
5.92513
5.67225
5.45418
5.26821
5.10068
4.94467
4.8091
4.69527
4.59091
4.46659
4.32727
4.20143
4.08926
3.98931
3.90167
3.82722
11.4641
5.67231
4.1972
3.61884
3.37026
3.29033
3.31766
3.42514
3.60028
3.83755
4.1342
4.48763
4.89171
5.33284
5.78679
6.21809
6.5849
6.84958
6.99205
7.02227
6.97033
6.85528
6.67757
6.44121
6.16714
5.89901
5.65668
5.44452
5.25908
5.09374
4.94708
4.81583
4.69194
4.55489
4.39729
4.24646
4.11065
3.98933
3.88214
3.79021
11.3899
5.70948
4.24183
3.66049
3.40797
3.32481
3.35012
3.45686
3.63218
3.86961
4.16503
4.5137
4.90744
5.33195
5.76499
6.17676
6.53354
6.80433
6.96886
7.0261
6.99664
6.90786
6.76939
6.5759
6.3379
6.08421
5.83759
5.61241
5.41361
5.23799
5.08018
4.93164
4.78277
4.63138
4.46553
4.28661
4.12422
3.98057
3.85376
3.74408
11.2973
5.73058
4.2791
3.70037
3.44769
3.36379
3.38831
3.49417
3.66799
3.90237
4.19188
4.53031
4.90842
5.31211
5.72145
6.1113
6.45396
6.72347
6.90111
6.9806
6.97079
6.89416
6.77459
6.61948
6.42793
6.20655
5.97446
5.75305
5.5515
5.36995
5.20301
5.04127
4.87412
4.69761
4.51223
4.31485
4.12763
3.96083
3.81394
3.68661
11.1956
5.73809
4.30871
3.73681
3.48668
3.40351
3.42759
3.53172
3.702
3.93017
4.20976
4.53361
4.89207
5.27167
5.65464
6.01957
6.34324
6.60368
6.78394
6.87596
6.88502
6.82397
6.71271
6.5802
6.43717
6.26405
6.06371
5.86061
5.66676
5.48485
5.31119
5.13765
4.95377
4.75467
4.55121
4.34019
4.12345
3.92952
3.76101
3.61583
11.092
5.73477
4.33039
3.76803
3.52206
3.44027
3.46358
3.56472
3.72932
3.94842
4.2148
4.52076
4.8566
5.20971
5.56429
5.90192
6.20298
6.44889
6.62472
6.72261
6.74529
6.70125
6.60911
6.50238
6.39455
6.26411
6.10279
5.92771
5.75038
5.57492
5.39979
5.21906
5.02429
4.80946
4.58036
4.34633
4.10574
3.88523
3.69393
3.53
10.9909
5.72324
4.3442
3.79257
3.55141
3.47091
3.49265
3.58933
3.74621
3.95382
4.20448
4.49024
4.80167
5.12714
5.45266
5.76236
6.03964
6.26881
6.43717
6.5377
6.57086
6.54122
6.46929
6.38955
6.31335
6.21885
6.09358
5.94899
5.79334
5.6304
5.45967
5.2769
5.07533
4.84831
4.59706
4.34093
4.08207
3.8308
3.61255
3.42796
10.8945
5.70556
4.35042
3.80948
3.57293
3.4931
3.51218
3.60289
3.75025
3.94446
4.1776
4.44177
4.72802
5.02577
5.32271
5.6052
5.8591
6.07102
6.23007
6.32962
6.36867
6.3501
6.29625
6.24095
6.19281
6.12893
6.03549
5.92026
5.78815
5.64162
5.48033
5.30102
5.09842
4.86643
4.60363
4.32436
4.0424
3.76156
3.51552
3.30935
10.8026
5.68317
4.34952
3.81833
3.58561
3.50546
3.52066
3.60397
3.74028
3.91965
4.13412
4.37602
4.63702
4.90764
5.17714
5.43377
5.6654
5.8604
6.00889
6.10425
6.14462
6.13255
6.09329
6.05925
6.03502
5.99697
5.93096
5.8422
5.73312
5.60493
5.45705
5.28679
5.08961
4.85963
4.59184
4.29143
3.98379
3.68045
3.40654
3.17584
10.7132
5.65683
4.34205
3.81918
3.58913
3.50753
3.51761
3.59227
3.71635
3.87989
4.07504
4.29449
4.53062
4.77505
5.0185
5.25092
5.46187
5.64109
5.77926
5.86931
5.90806
5.89812
5.86848
5.85106
5.84581
5.82865
5.78517
5.71868
5.63005
5.51967
5.38668
5.22855
5.04084
4.81747
4.55165
4.24312
3.91815
3.59451
3.28673
3.02775
10.6235
5.62675
4.32852
3.81242
3.58383
3.49964
3.50355
3.5686
3.67966
3.82682
4.00245
4.19966
4.41156
4.63082
4.84952
5.0592
5.25098
5.41584
5.54497
5.63053
5.66627
5.65528
5.63036
5.62198
5.62871
5.62698
5.60109
5.55218
5.48034
5.38557
5.267
5.12223
4.94714
4.73586
4.48113
4.17791
3.83744
3.48934
3.15282
2.86684
10.5301
5.5927
4.3094
3.79874
3.5705
3.48281
3.47981
3.53468
3.63237
3.76311
3.91948
4.09504
4.28358
4.47871
4.67371
4.86155
5.03482
5.1858
5.30647
5.38832
5.42095
5.40841
5.38486
5.37699
5.3874
5.39513
5.38162
5.34561
5.28701
5.20564
5.10087
4.97064
4.81108
4.61637
4.37844
4.08773
3.74209
3.37276
3.01288
2.70023
10.4301
5.55421
4.28508
3.77893
3.55029
3.45854
3.44827
3.49286
3.57737
3.69218
3.83013
3.98514
4.15159
4.32385
4.49619
4.66272
4.81731
4.95355
5.06455
5.14214
5.17443
5.16264
5.13764
5.12448
5.12894
5.13891
5.13363
5.10617
5.05717
4.98661
4.89435
4.77878
4.63625
4.46077
4.24323
3.97108
3.63397
3.25117
2.87127
2.53121
10.3211
5.51074
4.25588
3.75383
3.52444
3.42848
3.41106
3.44576
3.51782
3.61778
3.7387
3.87487
4.0211
4.17236
4.32364
4.46985
4.6058
4.72617
4.82528
4.89649
4.92993
4.9222
4.89603
4.87568
4.8686
4.87166
4.86816
4.84559
4.80249
4.73871
4.65534
4.55154
4.42425
4.26766
4.07212
3.82327
3.50618
3.12675
2.72843
2.36095
10.2023
5.46184
4.22201
3.72416
3.49412
3.39422
3.37014
3.39578
3.45655
3.54319
3.64899
3.76855
3.89705
4.02993
4.16269
4.29081
4.40971
4.51474
4.60113
4.66381
4.69689
4.69632
4.67242
4.64514
4.62522
4.6137
4.60226
4.57796
4.53407
4.47059
4.38932
4.29087
4.17371
4.03339
3.86123
3.64274
3.35754
2.9908
2.57649
2.18905
10.0736
5.40719
4.18362
3.69049
3.46022
3.35696
3.32705
3.34472
3.39561
3.47066
3.56342
3.66874
3.78215
3.89948
4.01665
4.12959
4.23416
4.32615
4.40131
4.45533
4.48412
4.48641
4.46744
4.43742
4.40642
4.37767
4.3468
4.30702
4.25277
4.18157
4.09467
3.99405
3.88039
3.75166
3.60138
3.41585
3.17085
2.83513
2.41537
2.01578
9.93627
5.34678
4.14082
3.65314
3.42333
3.31748
3.2827
3.29358
3.33602
3.40116
3.48275
3.57591
3.67643
3.78042
3.88416
3.98389
4.07583
4.15611
4.22088
4.26635
4.28935
4.28892
4.26827
4.23358
4.19171
4.14599
4.0947
4.0338
3.9599
3.87207
3.7717
3.66161
3.54458
3.42144
3.28879
3.13532
2.93572
2.64722
2.23877
1.83886
9.79234
5.28086
4.09374
3.61235
3.38377
3.27618
3.23751
3.24275
3.27805
3.33473
3.40673
3.48933
3.57853
3.67067
3.76221
3.84964
3.92941
3.99794
4.05167
4.08733
4.10239
4.0961
4.06998
4.02773
3.97356
3.91003
3.83681
3.75223
3.65507
3.54567
3.42646
3.3014
3.17497
3.05067
2.92866
2.8017
2.64779
2.41961
2.04398
1.65709
9.6444
5.21009
4.04264
3.56831
3.34172
3.23325
3.19164
3.19231
3.22163
3.27109
3.33477
3.40809
3.48719
3.56854
3.64878
3.72455
3.7925
3.84929
3.89168
3.91675
3.92234
3.90755
3.87281
3.81982
3.75077
3.66725
3.5698
3.45885
3.33531
3.20128
3.06038
2.91753
2.77832
2.64797
2.52961
2.42066
2.30563
2.14184
1.82903
1.47022
9.49541
5.1355
3.98805
3.52133
3.29743
3.18885
3.14521
3.14228
3.16666
3.20999
3.26645
3.33158
3.40161
3.47312
3.54287
3.60763
3.6642
3.70938
3.74011
3.75357
3.74755
3.72063
3.67216
3.60233
3.51199
3.40224
3.27475
3.13247
2.97914
2.8191
2.65717
2.49857
2.34869
2.21274
2.09489
1.99602
1.90834
1.80119
1.58242
1.27557
9.34847
5.0587
3.93088
3.47206
3.2514
3.14344
3.09858
3.09297
3.11337
3.15157
3.20183
3.25978
3.32173
3.38433
3.44441
3.49879
3.54431
3.57775
3.5959
3.59569
3.57429
3.52922
3.45847
3.36078
3.23596
3.0856
2.9142
2.73031
2.54248
2.3577
2.18102
2.01613
1.86596
1.73318
1.62031
1.52902
1.45673
1.38802
1.27988
1.06796
9.20682
4.98198
3.87268
3.42176
3.2048
3.09815
3.05288
3.04545
3.06282
3.09687
3.14198
3.19382
3.24876
3.30352
3.35489
3.39968
3.43456
3.45605
3.46045
3.4438
3.40192
3.33036
3.22458
3.0805
2.89595
2.67377
2.42682
2.18266
1.95842
1.76048
1.58884
1.44099
1.31413
1.20612
1.11603
1.04434
0.992048
0.957367
0.929545
0.840007
9.07417
4.91015
3.81738
3.37391
3.16089
3.05611
3.01117
3.00278
3.01809
3.04908
3.09024
3.13729
3.18666
3.23505
3.27923
3.31585
3.34132
3.35166
3.3423
3.30791
3.242
3.13661
2.98189
2.7662
2.47816
2.11476
1.70491
1.38046
1.15005
0.988403
0.871612
0.783895
0.715734
0.661583
0.618504
0.585528
0.563945
0.557484
0.573716
0.604142
8.96117
4.85334
3.77267
3.33583
3.12689
3.02444
2.98049
2.97205
2.98645
3.01581
3.05469
3.09892
3.14491
3.18938
3.22903
3.26039
3.27959
3.2822
3.26287
3.21485
3.12931
2.99406
2.7914
2.49435
2.06065
1.42617
0.575693
0.364633
0.296316
0.26557
0.247947
0.236353
0.228284
0.222725
0.219241
0.217663
0.218309
0.223301
0.237968
0.301798
)
;

boundaryField
{
    inlet
    {
        type            epsilonWallFunction;
        value           nonuniform List<scalar> 10(0.257466 0.155338 0.137474 0.135277 0.134692 0.134692 0.135277 0.137474 0.155338 0.257466);
    }
    inletWall
    {
        type            epsilonWallFunction;
        value           nonuniform List<scalar> 
30
(
0.257522
0.264747
0.265143
0.262535
0.257466
0.684805
0.475492
0.376837
0.315098
0.282268
2.42858
0.996608
0.940325
0.878671
0.78252
0.257521
0.264747
0.265143
0.262534
0.257466
0.684805
0.475492
0.376837
0.315098
0.282268
2.42885
0.99661
0.940325
0.878671
0.78252
)
;
    }
    bottleWall
    {
        type            epsilonWallFunction;
        value           nonuniform List<scalar> 
290
(
0.107072
0.241607
0.372307
0.488387
0.591524
0.683248
0.764698
0.836865
0.90071
0.957122
1.00688
1.05067
1.08915
1.1229
1.15245
1.1783
1.20091
1.22069
1.23797
1.25304
1.2662
1.27769
1.28773
1.29651
1.30428
1.31121
1.31742
1.32308
1.3283
1.33321
1.33791
1.34249
1.34706
1.35172
1.3566
1.3618
1.36751
1.37396
1.38135
1.38997
1.40007
1.41185
1.42547
1.44115
1.45916
1.47994
1.50407
1.53228
1.56544
1.60456
1.65091
1.70605
1.77196
1.85106
1.94646
2.06203
2.20262
2.37408
2.5835
2.83906
3.14999
3.52607
3.97685
4.5101
5.12966
5.83265
6.6064
7.42632
8.25611
9.05166
9.76872
10.3721
10.8422
11.1764
11.3856
11.489
11.5092
11.4684
11.3942
11.3016
11.1999
11.0961
10.995
10.8984
10.8063
10.7168
10.6269
10.5334
10.4331
10.3239
10.2048
10.0759
9.93831
9.79404
9.64572
9.4963
9.34889
9.20676
9.07365
8.96022
0.846958
0.845529
0.843809
0.841787
0.839448
0.836775
0.833749
0.830348
0.826549
0.822322
0.817638
0.812462
0.806757
0.800481
0.793589
0.786031
0.777753
0.768693
0.758783
0.747949
0.73611
0.723175
0.709046
0.693613
0.676757
0.658344
0.638225
0.616233
0.592181
0.565854
0.537007
0.505344
0.470512
0.432055
0.389362
0.341548
0.287211
0.223863
0.146468
0.107072
0.848008
0.848844
0.849462
0.849856
0.850051
0.850052
0.849855
0.849458
0.848857
0.848047
0.107037
0.146457
0.223862
0.28722
0.341562
0.389374
0.432064
0.470516
0.505344
0.537001
0.565845
0.592169
0.616219
0.63821
0.658329
0.676742
0.693598
0.709029
0.723157
0.736092
0.747931
0.758763
0.768672
0.77773
0.786006
0.79356
0.800447
0.806719
0.81242
0.817592
0.822273
0.826497
0.830296
0.833697
0.836725
0.8394
0.841738
0.84375
0.845455
0.846891
0.107037
0.241611
0.372356
0.488423
0.591514
0.683193
0.764633
0.836827
0.900676
0.957027
1.00668
1.05039
1.08882
1.12258
1.15218
1.17809
1.20075
1.22054
1.23781
1.25291
1.26612
1.2777
1.28787
1.29683
1.30475
1.3118
1.31811
1.32383
1.3291
1.33403
1.33875
1.34337
1.34801
1.35278
1.3578
1.36321
1.36914
1.37576
1.38323
1.39175
1.40153
1.41282
1.4259
1.44112
1.45884
1.47951
1.50365
1.53192
1.56509
1.60417
1.65043
1.70545
1.77122
1.85027
1.9457
2.06141
2.2022
2.37389
2.5835
2.8392
3.1502
3.52629
3.97702
4.51017
5.12962
5.83248
6.60607
7.42579
8.2553
9.05051
9.76714
10.37
10.8397
11.1734
11.3822
11.4852
11.5051
11.4641
11.3899
11.2973
11.1956
11.092
10.9909
10.8945
10.8026
10.7132
10.6235
10.5301
10.4301
10.3211
10.2023
10.0736
9.93627
9.79234
9.6444
9.49541
9.34847
9.20682
9.07417
8.96117
)
;
    }
    atmosphere
    {
        type            inletOutlet;
        inletValue      uniform 0.1;
        value           nonuniform List<scalar> 
80
(
0.1
0.1
0.1
0.1
0.1
0.1
0.1
0.1
0.1
0.1
0.1
0.1
0.1
0.1
1.4254
2.05952
2.49299
2.7899
2.99248
3.12773
3.2133
3.26138
3.28081
3.27831
3.25922
3.228
3.18849
3.14416
3.0983
3.05422
3.01547
2.98624
2.97198
2.98054
3.0246
3.12714
3.33611
3.77286
4.85315
8.96022
8.96117
4.85334
3.77267
3.33583
3.12689
3.02444
2.98049
2.97205
2.98645
3.01581
3.05469
3.09892
3.14491
3.18938
3.22903
3.26039
3.27959
3.2822
3.26287
3.21485
3.12931
2.99406
2.7914
2.49435
2.06065
1.42617
0.1
0.1
0.1
0.1
0.1
0.1
0.1
0.1
0.1
0.1
0.1
0.1
0.1
0.1
)
;
    }
    frontAndBack
    {
        type            empty;
    }
}


// ************************************************************************* //
