/*--------------------------------*- C++ -*----------------------------------*\
  =========                 |
  \\      /  F ield         | OpenFOAM: The Open Source CFD Toolbox
   \\    /   O peration     | Website:  https://openfoam.org
    \\  /    A nd           | Version:  8
     \\/     M anipulation  |
\*---------------------------------------------------------------------------*/
FoamFile
{
    version     2.0;
    format      ascii;
    class       volScalarField;
    location    "5";
    object      k;
}
// * * * * * * * * * * * * * * * * * * * * * * * * * * * * * * * * * * * * * //

dimensions      [0 2 -2 0 0 0 0];

internalField   nonuniform List<scalar> 
9150
(
0.00182759
0.000941178
0.000475662
0.000301446
0.000191987
0.000191881
0.000301313
0.000475528
0.000941041
0.0018276
0.00178488
0.000747016
0.000398911
0.000256718
0.000160551
0.000160464
0.000256594
0.00039879
0.000746901
0.00178487
0.00171341
0.000651705
0.000365894
0.000236624
0.000147946
0.000147871
0.000236509
0.000365783
0.000651609
0.00171339
0.00163484
0.000601687
0.000352756
0.000228561
0.000143143
0.000143073
0.000228453
0.000352649
0.000601605
0.00163482
0.00155138
0.000580196
0.00034797
0.000225725
0.000141634
0.000141567
0.00022562
0.000347866
0.000580123
0.00155136
0.00284665
0.00255207
0.00185107
0.00161322
0.00132498
0.00132545
0.0016152
0.00185526
0.00255829
0.00284756
0.00230432
0.00150289
0.0012804
0.00120738
0.000971245
0.000971263
0.00120806
0.00128215
0.00150407
0.00230426
0.00204925
0.00125187
0.000887572
0.000806184
0.000623565
0.000623444
0.000806324
0.000888078
0.00125201
0.00204916
0.00186755
0.00111032
0.000649329
0.000529499
0.000385068
0.000384931
0.000529423
0.000649369
0.00111016
0.0018675
0.00178731
0.00102088
0.000524
0.000371478
0.000252141
0.000252021
0.000371348
0.000523893
0.0010207
0.00178728
0.0110953
0.00487046
0.00257977
0.00189429
0.00153533
0.0015299
0.00189154
0.00268181
0.00581723
0.0144973
0.00490546
0.00381472
0.00250706
0.00188951
0.00154157
0.00153883
0.00188904
0.00250484
0.00374425
0.00495061
0.00440515
0.00343489
0.0024859
0.00188698
0.00154851
0.00154816
0.00189067
0.00249039
0.003411
0.00441682
0.00391719
0.00315302
0.00246944
0.00188391
0.00155541
0.00155637
0.0018883
0.00247506
0.00315768
0.00392194
0.00335758
0.00309682
0.00236663
0.00183892
0.001528
0.00152922
0.00184275
0.0023725
0.00310839
0.00335947
0.0004445
0.000443201
0.000442547
0.000443518
0.00044287
0.000443413
0.000444559
0.000444101
0.000443779
0.00044743
0.000980128
0.000984137
0.000988767
0.000993067
0.000997577
0.00100155
0.00100504
0.00100868
0.00101209
0.0010143
0.00135102
0.00135791
0.0013649
0.00137182
0.00137856
0.00138497
0.00139095
0.00139644
0.0014013
0.00140535
0.0016467
0.00165677
0.00166708
0.00167752
0.00168795
0.00169826
0.00170837
0.00171818
0.00172765
0.00173677
0.0019075
0.00192152
0.00193616
0.0019513
0.00196686
0.00198274
0.00199889
0.00201532
0.00203208
0.00204938
0.00215211
0.00217104
0.00219108
0.00221217
0.00223424
0.00225726
0.00228127
0.0023064
0.00233292
0.00236134
0.0023923
0.00241715
0.00244368
0.00247186
0.00250168
0.00253319
0.00256655
0.00260208
0.00264034
0.00268228
0.00263648
0.00266822
0.00270219
0.0027384
0.00277691
0.00281785
0.00286153
0.00290851
0.00295971
0.00301658
0.00289114
0.00293057
0.0029727
0.00301756
0.00306525
0.00311601
0.00317032
0.00322898
0.00329331
0.00336526
0.00316146
0.00320914
0.00325983
0.00331357
0.00337049
0.00343092
0.00349549
0.00356528
0.00364197
0.003728
0.00345169
0.00350794
0.00356732
0.00362984
0.00369568
0.00376524
0.00383931
0.0039192
0.00400696
0.00410548
0.00376555
0.00383051
0.00389854
0.00396966
0.00404406
0.00412223
0.00420511
0.00429425
0.00439206
0.00450189
0.00410659
0.00418046
0.00425726
0.00433705
0.00442007
0.00450692
0.00459867
0.00469719
0.00480529
0.00492695
0.00447887
0.0045622
0.00464841
0.00473766
0.00483034
0.00492714
0.00502932
0.00513907
0.00525988
0.00539656
0.00488747
0.00498158
0.00507882
0.0051796
0.00528453
0.00539453
0.00551097
0.00563638
0.00577517
0.00593362
0.005339
0.00544642
0.0055577
0.00567374
0.00579563
0.00592461
0.00606208
0.00621066
0.00637601
0.00656676
0.00584162
0.00596653
0.00609666
0.00623353
0.00637903
0.0065351
0.00670318
0.00688562
0.00709034
0.00732842
0.00640385
0.00655241
0.00670821
0.00687325
0.00705018
0.00724194
0.00745052
0.00768135
0.00794523
0.0082506
0.00703162
0.00721129
0.00740095
0.00760274
0.00781956
0.00805592
0.00831794
0.00861797
0.00896355
0.00935601
0.00772725
0.00794597
0.00817834
0.00842732
0.0086983
0.00899928
0.0093384
0.00972352
0.0101599
0.0106487
0.00849222
0.00875924
0.00904566
0.00935741
0.00970349
0.0100901
0.0105224
0.0110046
0.0115411
0.0121345
0.00932388
0.00965012
0.0100062
0.0104
0.0108382
0.0113247
0.0118624
0.0124548
0.0131051
0.0138163
0.0102184
0.0106173
0.0110584
0.0115482
0.0120909
0.012689
0.0133445
0.0140598
0.0148373
0.0156805
0.0111735
0.0116569
0.0121935
0.0127885
0.0134448
0.0141639
0.0149472
0.0157965
0.0167137
0.0177018
0.0121812
0.0127568
0.0133957
0.0141023
0.0148787
0.0157262
0.0166457
0.017638
0.0187038
0.0198446
0.0132282
0.0138998
0.0146442
0.0154656
0.0163659
0.0173463
0.0184071
0.019548
0.0207682
0.0220669
0.0142893
0.0150605
0.0159133
0.016851
0.0178763
0.0189905
0.0201936
0.0214844
0.02286
0.0243168
0.0153511
0.01622
0.0171788
0.0182305
0.0193778
0.020622
0.0219629
0.0233982
0.0249232
0.0265313
0.0164035
0.0173635
0.0184209
0.0195785
0.0208386
0.0222024
0.0236692
0.0252362
0.0268981
0.0286469
0.0174358
0.0184766
0.0196209
0.0208711
0.0222289
0.0236947
0.0252673
0.0269432
0.0287168
0.030581
0.018433
0.0195419
0.0207582
0.022084
0.02352
0.0250657
0.0267189
0.0284743
0.0303236
0.0322538
0.0193801
0.0205405
0.0218101
0.02319
0.0246801
0.026279
0.0279834
0.0297858
0.0316736
0.0336227
0.0202662
0.0214578
0.0227575
0.024165
0.0256793
0.0272982
0.0290176
0.0308277
0.0327118
0.0346319
0.0210887
0.0222895
0.023594
0.0250007
0.0265076
0.0281125
0.0298104
0.0315893
0.0334293
0.0352862
0.0218502
0.0230401
0.0243271
0.0257087
0.0271823
0.0287454
0.0303922
0.0321107
0.0338813
0.0356645
0.0225625
0.0237261
0.024979
0.0263182
0.0277407
0.0292437
0.0308213
0.0324635
0.0341535
0.0358635
0.0232468
0.0243734
0.0255813
0.0268676
0.0282298
0.0296651
0.0311689
0.0327338
0.0343481
0.0359936
0.0239228
0.0250062
0.0261639
0.0273938
0.0286942
0.0300638
0.0314995
0.0329966
0.0345483
0.0361442
0.0246131
0.0256496
0.0267559
0.027931
0.0291751
0.030488
0.0318686
0.0333148
0.0348236
0.0363909
0.0253335
0.0263245
0.0273824
0.0285088
0.0297058
0.0309748
0.0323167
0.0337322
0.0352219
0.0367866
0.0260996
0.0270481
0.0280617
0.0291462
0.0303062
0.0315448
0.032865
0.0342697
0.0357628
0.0373491
0.026919
0.0278253
0.0287972
0.0298461
0.030979
0.0322005
0.0335149
0.0349267
0.0364424
0.0380706
0.0277897
0.0286489
0.0295792
0.0305981
0.0317136
0.0329304
0.0342525
0.0356858
0.0372386
0.0389225
0.0286832
0.0294925
0.0303872
0.0313868
0.0324965
0.0337191
0.0350592
0.0365237
0.0381225
0.0398693
0.0295257
0.0303149
0.0312073
0.0322098
0.0333267
0.0345636
0.035928
0.0374293
0.0390792
0.0408925
0.0303471
0.0311394
0.0320551
0.0330764
0.0342102
0.0354682
0.0368626
0.0384054
0.04011
0.0419915
0.0312353
0.0320051
0.0329254
0.0339789
0.0351482
0.0364428
0.0378785
0.0394709
0.0412351
0.0431866
0.0322395
0.033014
0.0339137
0.0349742
0.0361849
0.0375316
0.0390199
0.0406685
0.0424954
0.0445158
0.0333803
0.0341888
0.0351
0.0361685
0.0374062
0.0388063
0.0403567
0.0420667
0.0439563
0.0460402
0.0347096
0.0355659
0.0365248
0.0376355
0.0389123
0.0403637
0.041976
0.0437494
0.0456981
0.0478336
0.0363147
0.0372284
0.0382602
0.0394424
0.0407838
0.042301
0.0439838
0.0458227
0.0478246
0.049998
0.0383263
0.0393177
0.0404399
0.0417144
0.0431471
0.0447483
0.0465085
0.0484178
0.0504752
0.0526856
0.0409192
0.0420087
0.0432382
0.0446203
0.0461595
0.0478567
0.0497039
0.0516916
0.0538149
0.0560738
0.0442695
0.0454735
0.0468257
0.0483342
0.049997
0.0518071
0.0537558
0.0558337
0.0580352
0.0603594
0.0485589
0.0498952
0.0513895
0.0530454
0.0548549
0.0568022
0.0588734
0.0610594
0.0633583
0.0657714
0.0539604
0.0554495
0.0571075
0.0589391
0.0609309
0.0630511
0.0652756
0.0676028
0.070038
0.0725857
0.0606152
0.0622862
0.0641405
0.066183
0.0683968
0.0707334
0.0731578
0.0756831
0.0783201
0.0810743
0.0685958
0.0704885
0.0725864
0.0748872
0.0773646
0.0799614
0.0826546
0.085461
0.088389
0.0914444
0.0779302
0.0800844
0.0824678
0.0850647
0.0878352
0.0907407
0.0937738
0.0969413
0.100248
0.103704
0.0886051
0.0910518
0.0937353
0.0966246
0.0996942
0.102933
0.106328
0.10989
0.113652
0.117647
0.100573
0.103316
0.106271
0.109419
0.112753
0.116305
0.120094
0.124148
0.12853
0.133236
0.11364
0.116639
0.119834
0.123234
0.126885
0.130811
0.13494
0.139215
0.143601
0.147969
0.127552
0.130801
0.134192
0.137664
0.141246
0.144831
0.14817
0.151007
0.153445
0.156008
0.142348
0.145263
0.147738
0.149667
0.151092
0.152457
0.154014
0.155797
0.157853
0.160277
0.155382
0.15529
0.154902
0.154671
0.154695
0.155103
0.156051
0.157646
0.15997
0.163044
0.161074
0.158606
0.156554
0.155146
0.154505
0.154705
0.155829
0.157974
0.161226
0.165594
0.161569
0.157398
0.154315
0.152418
0.151799
0.152534
0.154718
0.158413
0.163654
0.170485
0.157234
0.152414
0.149288
0.147899
0.148317
0.150661
0.155029
0.161481
0.170024
0.180465
0.149287
0.145265
0.143332
0.143581
0.146169
0.151299
0.159097
0.169524
0.182139
0.195151
0.140007
0.137935
0.138253
0.141228
0.147226
0.156504
0.169021
0.184003
0.198507
0.206377
0.131376
0.131929
0.135431
0.142379
0.153213
0.168009
0.185816
0.202408
0.209989
0.20445
0.124489
0.128529
0.136408
0.148726
0.165711
0.186542
0.206242
0.214712
0.207505
0.19227
0.120443
0.129223
0.142922
0.161927
0.185711
0.209727
0.221165
0.213235
0.195905
0.17827
0.120845
0.13581
0.156573
0.182912
0.211799
0.228991
0.221919
0.202654
0.182708
0.16522
0.127708
0.14999
0.178611
0.211828
0.236661
0.233563
0.212776
0.190146
0.16995
0.15321
0.14225
0.172716
0.209772
0.243734
0.248289
0.226902
0.200909
0.177312
0.157481
0.142071
0.163755
0.202609
0.245787
0.264158
0.244146
0.214696
0.187287
0.163899
0.145218
0.132056
0.19163
0.239289
0.276476
0.265569
0.232831
0.201032
0.173399
0.150699
0.133864
0.123899
0.227769
0.282687
0.292462
0.257616
0.220502
0.187522
0.159717
0.13811
0.123985
0.118289
0.26989
0.312923
0.288945
0.246625
0.207318
0.173423
0.145872
0.126261
0.116082
0.115843
0.315358
0.331244
0.283529
0.235787
0.194023
0.158995
0.132179
0.115708
0.110847
0.117164
0.357341
0.332822
0.275505
0.223632
0.179557
0.14384
0.11882
0.10703
0.108915
0.122678
0.386288
0.328984
0.265481
0.210239
0.164046
0.128247
0.106381
0.100923
0.110778
0.132539
0.418922
0.329357
0.255626
0.195829
0.14752
0.112479
0.0954455
0.0979168
0.116619
0.146597
0.401907
0.312765
0.238875
0.178204
0.129463
0.0968176
0.0865586
0.098227
0.126218
0.164454
0.390636
0.298597
0.223112
0.160864
0.111618
0.0823743
0.0802477
0.101647
0.138977
0.185654
0.383112
0.286965
0.208706
0.144163
0.0943173
0.0695286
0.0763772
0.107423
0.154038
0.209866
0.375487
0.276571
0.19491
0.127692
0.0775376
0.0583663
0.0743365
0.11441
0.170302
0.236601
0.370261
0.266957
0.181112
0.111189
0.0614658
0.0488762
0.073233
0.121293
0.186456
0.264662
0.369246
0.258774
0.167441
0.0947835
0.0465424
0.0408843
0.0720649
0.126838
0.201354
0.293555
0.373047
0.251241
0.152998
0.0781586
0.0331394
0.0340197
0.0698495
0.129737
0.213284
0.321453
0.376655
0.241065
0.136249
0.0612521
0.021853
0.0278775
0.0657093
0.128415
0.21916
0.342957
0.376507
0.226762
0.117128
0.0450619
0.0133477
0.0221292
0.0591649
0.121655
0.215593
0.350124
0.368019
0.206961
0.0959841
0.0307806
0.00771211
0.0166561
0.050405
0.109422
0.201074
0.337376
0.346667
0.180169
0.0736712
0.0194153
0.00444828
0.0116368
0.0402161
0.0930126
0.176845
0.303641
0.309191
0.14714
0.052014
0.0114362
0.00278236
0.00743527
0.0296718
0.0743438
0.146462
0.257191
0.255727
0.110041
0.0332403
0.00652804
0.00201483
0.00437823
0.0197548
0.0553882
0.114144
0.202967
0.189702
0.0736124
0.0191494
0.00386292
0.0016923
0.00255684
0.0114019
0.0377953
0.0842637
0.15099
0.11849
0.043701
0.0101464
0.00258191
0.00157324
0.00175556
0.0054501
0.0221343
0.0585043
0.107951
0.0702092
0.0240572
0.00512693
0.00204949
0.00153853
0.00154583
0.00246384
0.0091035
0.0338753
0.0761214
0.000451155
0.000454788
0.000457965
0.000460661
0.000462912
0.000464809
0.000466502
0.000468193
0.000470129
0.000472591
0.000475866
0.000480236
0.000485987
0.000493445
0.000503042
0.000515422
0.000531608
0.000553297
0.000581003
0.000611111
0.000642445
0.000673378
0.000701671
0.000725447
0.000745012
0.00076206
0.000775592
0.000780014
0.000768625
0.00073756
0.000686591
0.000619534
0.000544801
0.000475781
0.000443428
0.000380458
0.000303986
0.000232324
0.000163957
7.19347e-05
0.00101552
0.00101563
0.00101459
0.00101251
0.00100967
0.0010065
0.00100367
0.00100205
0.0010027
0.00100692
0.00101611
0.00103178
0.00105545
0.00108868
0.00113303
0.00119008
0.00126143
0.00134887
0.00145357
0.00157125
0.00169639
0.00182153
0.00193867
0.00204361
0.00213821
0.00222408
0.00229087
0.00231816
0.00228939
0.00219851
0.00204609
0.00183791
0.00158498
0.0013055
0.00102502
0.000778095
0.000573264
0.000406089
0.000265292
0.000122301
0.00140865
0.00141111
0.00141271
0.00141386
0.00141528
0.00141805
0.00142364
0.00143394
0.00145123
0.00147816
0.00151759
0.00157247
0.00164569
0.00173982
0.00185702
0.00199877
0.0021658
0.00235788
0.00257564
0.00281329
0.00305749
0.00329396
0.00350959
0.00369989
0.00386835
0.00401261
0.00410911
0.00412908
0.0040611
0.00390712
0.00367246
0.00336579
0.00299703
0.00257793
0.00213104
0.00168573
0.00126099
0.000870375
0.00052842
0.000231203
0.001746
0.00175572
0.00176601
0.00177791
0.00179301
0.00181352
0.00184233
0.00188304
0.00193989
0.00201753
0.00212074
0.00225391
0.00242044
0.00262217
0.00285884
0.00312809
0.0034256
0.00374552
0.00408056
0.00442972
0.00477482
0.00509917
0.00538949
0.00564346
0.00585862
0.00601347
0.00608097
0.00604664
0.0059131
0.0056851
0.00537162
0.00498885
0.00455369
0.00407499
0.00355297
0.00299998
0.00241287
0.00178958
0.00115328
0.00055704
0.00206841
0.00209051
0.00211595
0.00214688
0.00218631
0.00223826
0.00230778
0.00240083
0.00252389
0.00268329
0.00288425
0.0031299
0.00342053
0.00375321
0.00412193
0.00451842
0.00493374
0.00535891
0.00578462
0.0062052
0.00660997
0.00697829
0.0073008
0.00757433
0.00778652
0.00791224
0.00793386
0.00784759
0.00765799
0.00736878
0.00698979
0.00654347
0.00605645
0.00554347
0.00498675
0.00436871
0.00366839
0.00287928
0.00200639
0.00116639
0.00239393
0.00243344
0.00248054
0.0025389
0.0026135
0.00271062
0.00283767
0.00300259
0.00321277
0.00347365
0.00378743
0.00415243
0.00456349
0.00501289
0.00549081
0.00598602
0.0064885
0.00698902
0.00747901
0.00794849
0.00838463
0.0087725
0.00910014
0.00936097
0.00954276
0.00963081
0.00961673
0.00950035
0.00928507
0.00897409
0.00857323
0.00809515
0.0075577
0.00697321
0.00632778
0.00560356
0.00478596
0.0038576
0.0027561
0.0014082
0.00273151
0.00279261
0.0028667
0.00295928
0.00307737
0.00322933
0.00342409
0.00366993
0.00397283
0.00433493
0.00475379
0.00522276
0.00573255
0.00627315
0.00683458
0.00740559
0.0079747
0.00853348
0.00906989
0.00957216
0.0100269
0.0104194
0.0107385
0.0109792
0.0111327
0.0111913
0.0111526
0.0110196
0.010798
0.0104952
0.0101167
0.00965645
0.00910296
0.00844544
0.00768901
0.00683492
0.00588074
0.00478674
0.00345513
0.00148113
0.00308423
0.00316926
0.00327319
0.00340316
0.00356786
0.00377682
0.0040392
0.00436209
0.00474898
0.00519885
0.00570613
0.00626154
0.00685392
0.00747226
0.0081068
0.00874605
0.0093753
0.00998164
0.0105547
0.0110809
0.0115456
0.0119368
0.0122473
0.0124724
0.0126063
0.0126459
0.0125918
0.0124487
0.0122232
0.0119221
0.0115479
0.0110889
0.0105248
0.00984155
0.00904305
0.00812965
0.00707176
0.00580998
0.00423216
0.0019155
0.00345144
0.0035604
0.00369379
0.00385999
0.00406868
0.00432981
0.00465203
0.00504102
0.00549842
0.0060216
0.00660387
0.00723533
0.00790445
0.00859948
0.00930714
0.0100123
0.0106994
0.0113541
0.0119635
0.0125147
0.0129942
0.0133919
0.0137014
0.0139187
0.0140414
0.0140688
0.0140029
0.0138477
0.0136084
0.0132898
0.0128936
0.0124134
0.0118315
0.0111329
0.0103139
0.00935945
0.00823139
0.00685407
0.00507139
0.00234774
0.00383133
0.0039622
0.00412214
0.00432033
0.00456702
0.00487241
0.00524494
0.00568967
0.00620755
0.00679546
0.00744669
0.00815146
0.00889797
0.009672
0.0104562
0.0112323
0.011983
0.0126922
0.0133454
0.01393
0.014434
0.014848
0.0151664
0.0153864
0.0155074
0.0155306
0.0154586
0.0152951
0.0150436
0.0147062
0.0142831
0.0137707
0.0131602
0.0124381
0.0115873
0.0105731
0.00933123
0.00778978
0.00579749
0.00275228
0.00422392
0.00437398
0.00455694
0.00478245
0.00506125
0.00540413
0.0058198
0.00631356
0.00688647
0.00753537
0.00825393
0.00903357
0.00986186
0.0107211
0.0115897
0.0124472
0.0132737
0.0140501
0.0147599
0.0153897
0.0159295
0.0163703
0.0167076
0.0169401
0.0170691
0.0170978
0.0170301
0.0168705
0.016622
0.0162853
0.0158581
0.0153366
0.0147114
0.0139631
0.0130644
0.0119731
0.0106204
0.0089237
0.00669501
0.00321496
0.00463407
0.00480165
0.00500572
0.00525637
0.00556493
0.00594276
0.00639897
0.00693929
0.00756546
0.00827497
0.00906252
0.00992076
0.0108368
0.0117895
0.0127559
0.0137121
0.0146331
0.015495
0.0162772
0.0169656
0.0175527
0.0180305
0.0183964
0.0186514
0.0187989
0.0188446
0.0187952
0.0186576
0.0184363
0.0181308
0.017736
0.0172445
0.0166377
0.0158789
0.0149167
0.0136855
0.0121295
0.0101656
0.00762241
0.0037526
0.00507376
0.00526021
0.0054872
0.00576566
0.00610743
0.00652348
0.00702271
0.00761116
0.00829138
0.00906265
0.00992243
0.0108659
0.0118785
0.0129375
0.0140193
0.0150966
0.0161369
0.017107
0.0179798
0.01874
0.0193857
0.0199116
0.0203179
0.0206081
0.020788
0.0208658
0.0208522
0.0207596
0.0205966
0.0203616
0.0200407
0.019606
0.0190078
0.01819
0.0170999
0.0156788
0.0138715
0.0115954
0.00868546
0.00440483
0.00556252
0.00577416
0.00603189
0.00634702
0.006731
0.00719403
0.00774433
0.00838784
0.00912807
0.0099671
0.0109053
0.0119388
0.013055
0.0142339
0.0154518
0.016678
0.0178691
0.0189753
0.0199568
0.0208006
0.0215165
0.0221048
0.0225688
0.0229135
0.0231455
0.0232745
0.0233157
0.0232886
0.0232098
0.0230743
0.0228378
0.0224232
0.0217557
0.0207926
0.019505
0.0178553
0.0157863
0.0132097
0.00990752
0.00516527
0.00612771
0.00637625
0.00667787
0.00704307
0.00748237
0.00800514
0.00861889
0.00932921
0.0101405
0.0110567
0.012081
0.013212
0.0144423
0.0157562
0.0171312
0.0185336
0.019908
0.0211759
0.0222794
0.0232166
0.0240184
0.0246904
0.0252372
0.025663
0.0259727
0.0261759
0.0262922
0.0263474
0.0263646
0.0263254
0.026114
0.0255809
0.0247124
0.0235245
0.0220004
0.0201127
0.0178152
0.0149918
0.0113277
0.00597591
0.00680224
0.0071034
0.00746506
0.00789633
0.0084066
0.00900426
0.00969615
0.0104878
0.0113844
0.0123917
0.0135158
0.0147589
0.0161185
0.0175832
0.0191282
0.0207179
0.0222928
0.0237357
0.0249705
0.0260199
0.0269311
0.0277127
0.0283665
0.0288942
0.0292981
0.029592
0.0298064
0.0299722
0.0300974
0.0300888
0.0296951
0.0288479
0.0276786
0.0262087
0.0244251
0.0222999
0.0197787
0.0167249
0.0127535
0.00672868
0.00762219
0.0079935
0.00843206
0.00894569
0.00954287
0.0102314
0.0110175
0.0119069
0.0129065
0.0140246
0.0152694
0.0166462
0.0181527
0.0197779
0.0214965
0.023273
0.0250424
0.0266696
0.0280491
0.0292422
0.0302826
0.0311874
0.031953
0.0325807
0.0330762
0.0334686
0.0338
0.0340803
0.0341948
0.0339135
0.033128
0.0319465
0.0304764
0.0287205
0.0266616
0.024279
0.0215166
0.0182276
0.0139751
0.00734383
0.0086211
0.00907888
0.00960886
0.01022
0.0109208
0.0117176
0.0126161
0.0136239
0.0147496
0.0160029
0.0173924
0.0189239
0.0205954
0.0223938
0.0242915
0.0262524
0.0282017
0.0299728
0.0315004
0.0328616
0.0340588
0.0350955
0.0359634
0.0366825
0.0372682
0.0377467
0.03811
0.0382209
0.03794
0.0372737
0.0362169
0.0348054
0.0330854
0.03107
0.0287561
0.026125
0.0231152
0.0195687
0.0150303
0.00784185
0.00982009
0.0103782
0.0110118
0.0117348
0.012558
0.0134832
0.0145172
0.0156691
0.0169482
0.0183626
0.0199183
0.0216177
0.0234589
0.0254306
0.0275006
0.029639
0.0317473
0.0336476
0.0353556
0.0369065
0.0382721
0.0394159
0.0403559
0.041155
0.0418166
0.042208
0.0422337
0.0419176
0.0412921
0.0403599
0.0390883
0.0374829
0.0355626
0.0333394
0.0308099
0.0279482
0.024686
0.0208606
0.016008
0.0082903
0.0112184
0.0118929
0.0126502
0.0135057
0.0144695
0.015546
0.016743
0.0180692
0.019533
0.0211384
0.022883
0.0247586
0.0267625
0.0288888
0.0311429
0.0334832
0.0357262
0.0377766
0.03965
0.0413487
0.0428461
0.0440673
0.0450552
0.0458592
0.0462802
0.0462041
0.0458622
0.0452897
0.0444438
0.043304
0.041854
0.0400915
0.0380191
0.0356347
0.0329237
0.0298495
0.0263354
0.0222135
0.0170176
0.00874945
0.0128209
0.0136292
0.0145299
0.0155369
0.0166622
0.0179137
0.0192996
0.0208272
0.0225009
0.0243187
0.0262651
0.0283101
0.0304625
0.0327636
0.0352267
0.0377145
0.0400797
0.0422532
0.0442095
0.045974
0.0475681
0.048912
0.0498107
0.0501689
0.0501186
0.0497831
0.0492392
0.0484721
0.0474578
0.0461777
0.0446151
0.0427562
0.040587
0.0380887
0.035231
0.0319635
0.0281983
0.02376
0.0181747
0.00928911
0.0146334
0.0155894
0.0166481
0.0178236
0.0191285
0.0205729
0.022164
0.0239044
0.0257884
0.0278031
0.0299185
0.0321094
0.0344358
0.0369537
0.0395894
0.0422085
0.0446928
0.0469391
0.0489018
0.0506605
0.0522717
0.0534239
0.0537891
0.0537762
0.0535454
0.0530856
0.0524136
0.0515352
0.0504404
0.0491087
0.0475152
0.0456328
0.0434302
0.0408694
0.0379008
0.034457
0.0304346
0.0256452
0.0196032
0.00996978
0.0166424
0.0177592
0.0189881
0.0203436
0.0218388
0.0234842
0.025284
0.0272304
0.0292929
0.0314356
0.0336644
0.0360676
0.0386476
0.0413755
0.0441599
0.0468717
0.0494096
0.0516993
0.053642
0.0552273
0.0563515
0.0569492
0.0571156
0.0569963
0.0566549
0.056125
0.0554252
0.0545547
0.0534974
0.0522255
0.0507032
0.0488871
0.0467263
0.0441607
0.0411186
0.0375103
0.0332121
0.0280154
0.0214147
0.0108461
0.0188209
0.0201091
0.0215156
0.0230555
0.024743
0.0265861
0.0285792
0.0306861
0.0328621
0.0351361
0.0375831
0.0402438
0.0430609
0.0459524
0.0487891
0.0514546
0.0538774
0.0560688
0.0577963
0.0587646
0.0594093
0.059803
0.0599017
0.0597518
0.0594214
0.0589531
0.0583595
0.057632
0.0567459
0.0556629
0.0543317
0.0526889
0.0506593
0.0481562
0.0450798
0.041313
0.036705
0.03102
0.0237218
0.0119695
0.0211284
0.0225945
0.0241801
0.0259002
0.0277686
0.0297854
0.0319213
0.0341332
0.036463
0.0389698
0.0416925
0.0446021
0.0476029
0.050556
0.0533336
0.055843
0.0581163
0.0599746
0.0610038
0.0615844
0.0619762
0.0621923
0.0622353
0.0621405
0.0619452
0.061672
0.0613231
0.0608817
0.0603127
0.0595632
0.0585622
0.0572202
0.0554304
0.0530704
0.0500038
0.0460779
0.0411079
0.0348225
0.0266421
0.0133971
0.0235189
0.0251625
0.0269218
0.0288102
0.0308369
0.0329902
0.035253
0.0376343
0.040192
0.0429647
0.0459417
0.0490408
0.0521153
0.0550028
0.057573
0.0598547
0.0617004
0.0627587
0.0633611
0.0637377
0.063979
0.0641339
0.0642341
0.0643021
0.064356
0.0644034
0.064437
0.0644309
0.0643384
0.0640892
0.0635861
0.0627042
0.0612922
0.0591767
0.0561701
0.0520735
0.0466613
0.0396194
0.0303125
0.0152038
0.0259343
0.0277482
0.029669
0.0317088
0.0338765
0.036177
0.0386076
0.041193
0.0439897
0.0470021
0.0501679
0.0533528
0.0563473
0.0589509
0.0612485
0.063068
0.0640423
0.0646125
0.0649871
0.0652525
0.0654835
0.0657277
0.0660144
0.0663622
0.0667828
0.0672793
0.0678402
0.0684347
0.0690056
0.0694624
0.0696741
0.0694649
0.0686156
0.066875
0.0639796
0.059671
0.0536818
0.0456549
0.0348875
0.0174897
0.0283068
0.0302778
0.0323431
0.03452
0.0368299
0.039288
0.0418964
0.0446888
0.0476977
0.0508748
0.0541013
0.0571874
0.0598161
0.0621612
0.0640116
0.0648469
0.0653254
0.0656803
0.0659825
0.0662942
0.0666669
0.0671379
0.0677356
0.0684822
0.0693947
0.0704823
0.0717397
0.0731382
0.0746142
0.0760548
0.0772828
0.0780456
0.0780154
0.0768117
0.0740534
0.0694125
0.0626009
0.0532416
0.0405518
0.0203792
0.0305695
0.0326788
0.0348578
0.0371446
0.0395787
0.0421813
0.0449662
0.0479575
0.0511426
0.0544005
0.0574536
0.0599303
0.0623635
0.0644236
0.0651327
0.0655065
0.0658457
0.0662024
0.0666149
0.0671242
0.0677712
0.0685927
0.0696248
0.0709033
0.0724622
0.0743291
0.0765167
0.0790091
0.0817413
0.0845738
0.0872632
0.0894359
0.0905811
0.0900899
0.0873898
0.0820994
0.0739956
0.0627637
0.0475253
0.023991
0.0326251
0.0348394
0.0370853
0.0394375
0.0419567
0.0446765
0.0476218
0.0507932
0.0540655
0.0570034
0.0592803
0.0616568
0.0639006
0.0647513
0.0651322
0.0655222
0.0659818
0.0665303
0.0672004
0.0680336
0.0690786
0.070386
0.0720119
0.0740179
0.0764682
0.0794237
0.0829295
0.0869932
0.0915515
0.0964245
0.101262
0.105494
0.108299
0.108634
0.105596
0.0988789
0.0885758
0.0746286
0.0560374
0.0283711
0.0343446
0.0365796
0.0388655
0.0412588
0.0438224
0.0466054
0.0496438
0.0528682
0.0557638
0.0579607
0.0602072
0.0624767
0.0636363
0.0641992
0.0647595
0.0653968
0.0661305
0.0669937
0.0680363
0.0693211
0.0709221
0.0729194
0.0754065
0.0784894
0.0822843
0.0869079
0.0924583
0.0989769
0.10639
0.114427
0.122528
0.129766
0.134781
0.135716
0.131089
0.121189
0.10702
0.0890885
0.0661942
0.0334128
0.0356894
0.0378671
0.0401324
0.0425181
0.0450581
0.0477944
0.050752
0.0537077
0.0561745
0.0583182
0.060409
0.0618593
0.0627688
0.063622
0.0645193
0.0654915
0.0665821
0.0678571
0.0694013
0.0713185
0.0737268
0.0767623
0.0805876
0.0853933
0.0913929
0.098806
0.107819
0.118515
0.13076
0.144048
0.15734
0.168973
0.176577
0.176588
0.166818
0.15012
0.129432
0.105865
0.077703
0.038817
0.0366283
0.0387171
0.040892
0.0431894
0.0456148
0.0481685
0.0508407
0.0534931
0.0559667
0.0579773
0.0595942
0.0609342
0.0621733
0.0634021
0.064662
0.0660113
0.0675361
0.0693476
0.0715831
0.0744151
0.0780371
0.0826933
0.0886852
0.0963741
0.106165
0.118464
0.133597
0.151679
0.172411
0.194781
0.216634
0.234282
0.243598
0.238442
0.214462
0.184807
0.15443
0.123704
0.0896157
0.0441266
0.0371962
0.0391745
0.0412165
0.0433667
0.0456149
0.0479256
0.0502557
0.0525481
0.0547612
0.0567943
0.058623
0.0603383
0.0619862
0.0636045
0.0652636
0.0670676
0.0691533
0.0716936
0.0749068
0.0790799
0.0845532
0.0917823
0.101342
0.113923
0.130259
0.151005
0.176599
0.207125
0.242135
0.28031
0.317487
0.334132
0.340889
0.317626
0.26721
0.220491
0.178885
0.140489
0.100528
0.0488364
0.0374975
0.0393741
0.0412847
0.0432853
0.0453701
0.0475032
0.0496365
0.0517323
0.053807
0.0558995
0.0580111
0.0601113
0.0621748
0.0642363
0.0663922
0.0687919
0.0716395
0.0752027
0.0798255
0.0859547
0.094218
0.105465
0.120775
0.141365
0.168366
0.20256
0.244244
0.293324
0.34971
0.413738
0.457468
0.477839
0.454587
0.379002
0.31033
0.250589
0.199383
0.154261
0.109334
0.0525726
0.0376436
0.0394593
0.0412731
0.0431633
0.0451452
0.047198
0.0492778
0.0513477
0.0534348
0.0556355
0.057994
0.0604467
0.0629399
0.0655086
0.0682805
0.071456
0.0753174
0.0802676
0.086859
0.0958265
0.108262
0.125644
0.149791
0.18256
0.225309
0.278467
0.341536
0.413501
0.493344
0.576258
0.600488
0.633664
0.531075
0.431572
0.345636
0.273805
0.214445
0.164049
0.115577
0.0551612
0.037739
0.0395456
0.0413296
0.0431734
0.0451222
0.0471773
0.0493075
0.0514791
0.0537091
0.0561259
0.0587921
0.0616187
0.0645723
0.0677148
0.0712163
0.0753665
0.080583
0.0874647
0.0968067
0.109831
0.128276
0.154432
0.190939
0.240261
0.303782
0.381209
0.470859
0.570173
0.67562
0.743608
0.780486
0.727172
0.58756
0.467089
0.367497
0.286976
0.222308
0.168866
0.118757
0.0564591
0.0378663
0.0396984
0.0415287
0.0434245
0.0454381
0.0475866
0.0498661
0.052276
0.0547909
0.0575497
0.0606428
0.0638711
0.067308
0.0710941
0.0754932
0.0809149
0.0879639
0.0974529
0.110609
0.129227
0.155777
0.193336
0.245218
0.314353
0.40266
0.509894
0.633812
0.770548
0.905651
0.927662
0.96536
0.77222
0.609374
0.477398
0.371615
0.287851
0.221726
0.167928
0.118206
0.0564057
0.0381082
0.039988
0.0419265
0.0439634
0.0461362
0.0484696
0.0509998
0.0537696
0.0568152
0.0601629
0.0638397
0.0675385
0.0715085
0.076057
0.0815614
0.0886096
0.098034
0.111003
0.129227
0.155087
0.19166
0.242531
0.31141
0.401785
0.516756
0.658689
0.827223
0.993982
1.03334
1.11894
0.960785
0.757444
0.593536
0.462304
0.358321
0.276831
0.213036
0.161403
0.113765
0.0545631
0.0385261
0.0404711
0.0425326
0.0447431
0.0471322
0.0497192
0.0525672
0.0557843
0.0594813
0.0636776
0.0681226
0.0726284
0.0773702
0.0828318
0.0896844
0.0988061
0.111304
0.12876
0.153347
0.187897
0.235797
0.300746
0.386549
0.497155
0.637019
0.810692
0.98073
1.05527
1.13457
1.10394
0.883683
0.698811
0.54819
0.427247
0.331544
0.256748
0.198256
0.150735
0.106541
0.0513522
0.0391366
0.0411709
0.0433712
0.0457695
0.0483887
0.0512533
0.0544589
0.0581539
0.0624688
0.0673467
0.0725209
0.0780004
0.0839946
0.0908378
0.0995053
0.111344
0.127824
0.150854
0.182966
0.227219
0.286958
0.36556
0.466307
0.592419
0.747073
0.917339
1.01056
1.08459
1.16157
1.00649
0.794687
0.625476
0.489954
0.38229
0.29775
0.231906
0.180304
0.137967
0.0979893
0.047602
0.0399279
0.0420739
0.0444308
0.0470252
0.049874
0.0530237
0.0566043
0.0607651
0.0656098
0.0710292
0.0769227
0.0833997
0.0905961
0.0991563
0.110429
0.125886
0.147252
0.17679
0.217324
0.272024
0.344149
0.436855
0.553121
0.695665
0.865963
0.976674
1.03855
1.14684
1.08826
0.872512
0.69139
0.544469
0.426954
0.33428
0.26209
0.206038
0.161843
0.125004
0.089462
0.0440124
0.0408624
0.0431293
0.0456428
0.0484287
0.0515154
0.054978
0.0589565
0.0635902
0.068915
0.0748284
0.0813932
0.0887098
0.0972434
0.10808
0.122494
0.142055
0.16882
0.205387
0.254818
0.320477
0.405903
0.514811
0.651289
0.819731
0.942445
0.983053
1.07117
1.12385
0.956033
0.75187
0.591226
0.464477
0.365046
0.287757
0.228051
0.181713
0.14475
0.113218
0.0819323
0.0410284
0.041896
0.0442809
0.0469387
0.0499006
0.0532186
0.0569836
0.0613171
0.0663308
0.0720156
0.0783461
0.0855218
0.0939423
0.104303
0.117622
0.135259
0.159027
0.191223
0.234621
0.292428
0.368247
0.466151
0.59058
0.746116
0.868345
0.911995
0.988894
1.08221
0.977149
0.778197
0.617048
0.488283
0.386432
0.306853
0.245308
0.197755
0.160491
0.130136
0.103417
0.075942
0.0388403
0.0430073
0.0455062
0.0483001
0.0514287
0.054952
0.0589562
0.0635338
0.0687612
0.0747188
0.0815448
0.0895462
0.0992226
0.111348
0.127041
0.147812
0.175581
0.212665
0.261797
0.326147
0.409385
0.515952
0.643866
0.745986
0.79675
0.85997
0.936528
0.904286
0.752735
0.610265
0.490902
0.393752
0.316441
0.255944
0.208993
0.172363
0.143068
0.118454
0.095914
0.0716801
0.0374682
0.0441933
0.0468002
0.0497198
0.0529966
0.056689
0.060871
0.065625
0.0710494
0.0773
0.0846046
0.0933189
0.104041
0.117674
0.135441
0.158885
0.189892
0.230633
0.283536
0.351261
0.436669
0.530458
0.605569
0.662725
0.719556
0.779276
0.797099
0.697423
0.575432
0.471653
0.385162
0.31478
0.258747
0.214705
0.180101
0.152527
0.129786
0.109906
0.0908198
0.0691703
0.0368686
0.0454733
0.0481813
0.0512135
0.0546158
0.0584427
0.0627542
0.067625
0.0731805
0.0796297
0.0872435
0.0963875
0.10774
0.122307
0.141382
0.166541
0.199654
0.242812
0.29806
0.361893
0.423327
0.477784
0.531068
0.580965
0.624703
0.654967
0.60405
0.514429
0.432717
0.361804
0.3022
0.25348
0.214461
0.183425
0.158525
0.138048
0.120477
0.104367
0.0880093
0.0682671
0.0369411
0.0468817
0.0496788
0.0528043
0.0563028
0.0602253
0.0646131
0.0695103
0.0750529
0.0814788
0.0890667
0.098168
0.109437
0.123893
0.142829
0.167909
0.201209
0.244783
0.293642
0.334188
0.373882
0.418363
0.463552
0.498951
0.514512
0.496994
0.443781
0.383055
0.328652
0.281527
0.241821
0.209181
0.182712
0.161223
0.143479
0.128333
0.114719
0.101517
0.0872107
0.0687393
0.0375669
0.0484727
0.0513361
0.0545203
0.0580657
0.0620192
0.0664041
0.0712148
0.0765662
0.0826892
0.0898113
0.0982436
0.108533
0.121476
0.138044
0.159468
0.187175
0.220967
0.251362
0.278494
0.307078
0.335276
0.35995
0.375763
0.376849
0.355182
0.322272
0.287616
0.254814
0.225495
0.200222
0.17896
0.161275
0.14651
0.1339
0.12267
0.112014
0.100973
0.0881161
0.0703631
0.0386573
0.0503104
0.0532042
0.0563968
0.0599203
0.0638103
0.0680755
0.072678
0.0776821
0.0832735
0.0896297
0.0969791
0.105697
0.116261
0.129176
0.144915
0.163722
0.185136
0.207391
0.22577
0.241166
0.255272
0.266256
0.271608
0.269167
0.25905
0.243206
0.224682
0.206089
0.188844
0.173249
0.159529
0.147753
0.137643
0.128695
0.12032
0.111835
0.102349
0.0904471
0.0729658
0.0401528
0.0524949
0.0553812
0.0585309
0.061969
0.0657228
0.0697978
0.0741329
0.0787466
0.0837627
0.0892958
0.0954942
0.102587
0.110824
0.12042
0.131485
0.143911
0.157275
0.170687
0.182806
0.193039
0.201171
0.206458
0.208394
0.206959
0.202624
0.195508
0.186004
0.175865
0.166212
0.156753
0.147806
0.139982
0.133148
0.126858
0.120588
0.113699
0.105313
0.0939934
0.076439
0.0420248
0.0551973
0.0580664
0.0611602
0.0644978
0.0680996
0.0719693
0.0760446
0.0802975
0.0848061
0.0896292
0.0948496
0.100615
0.10705
0.114229
0.122139
0.130644
0.139456
0.148167
0.156284
0.163322
0.168588
0.171461
0.172423
0.172033
0.170227
0.166908
0.162421
0.157489
0.15258
0.147204
0.141498
0.136436
0.131966
0.127651
0.122968
0.117268
0.109655
0.0986401
0.0807379
0.0442679
0.0586142
0.0614847
0.0645458
0.0678106
0.0712936
0.0750005
0.0788702
0.0828373
0.0869567
0.0912536
0.0957736
0.100611
0.105833
0.111455
0.117435
0.123676
0.130036
0.136363
0.142421
0.147607
0.150672
0.151885
0.152332
0.152227
0.151543
0.150398
0.14886
0.147029
0.14498
0.142209
0.138941
0.136027
0.133394
0.130619
0.127169
0.122369
0.115281
0.104345
0.0858489
0.0468743
0.062953
0.065863
0.0689458
0.0722117
0.0756689
0.079307
0.0830625
0.08687
0.0907501
0.0947167
0.0987982
0.103074
0.107585
0.112329
0.117269
0.122339
0.127456
0.132539
0.137195
0.140028
0.141126
0.141601
0.141818
0.141911
0.141957
0.142047
0.142096
0.14203
0.14166
0.140605
0.139245
0.138094
0.136976
0.135468
0.133014
0.128899
0.122134
0.111069
0.0917388
0.0498072
0.0684509
0.0714486
0.0746194
0.0779741
0.0815088
0.0851857
0.0889331
0.0927019
0.0964978
0.100343
0.104266
0.108328
0.112563
0.116963
0.121502
0.126118
0.130674
0.134663
0.136803
0.137369
0.137634
0.137824
0.137978
0.138215
0.138622
0.139292
0.140144
0.141008
0.141559
0.14168
0.14184
0.142158
0.142342
0.141927
0.140308
0.136717
0.130103
0.11872
0.0983201
0.052991
0.0754086
0.0785706
0.0819267
0.0854838
0.0892079
0.0930169
0.0968399
0.100672
0.104558
0.108512
0.112557
0.116747
0.1211
0.125604
0.130201
0.134562
0.138057
0.139616
0.139392
0.138952
0.138734
0.13869
0.138793
0.139062
0.139578
0.140462
0.141617
0.142831
0.14386
0.144902
0.146278
0.147835
0.149166
0.149716
0.148809
0.145611
0.139005
0.127132
0.105448
0.0563252
0.0841249
0.0875575
0.0912147
0.0950742
0.0990583
0.103083
0.107124
0.111218
0.115412
0.119736
0.124217
0.128877
0.13371
0.138457
0.142406
0.144846
0.145451
0.144638
0.143631
0.142968
0.142621
0.142536
0.142661
0.14292
0.143439
0.144317
0.145428
0.146577
0.14789
0.14975
0.152163
0.154805
0.15715
0.158545
0.158232
0.155312
0.148587
0.136081
0.112931
0.0596972
0.0948237
0.0986208
0.102647
0.106865
0.111204
0.115637
0.120162
0.124809
0.129628
0.134619
0.139814
0.14501
0.14927
0.151733
0.152528
0.152034
0.150946
0.149899
0.149153
0.148689
0.148476
0.1485
0.148661
0.148871
0.149248
0.149819
0.150495
0.151443
0.153139
0.155761
0.159112
0.162721
0.165952
0.168065
0.168233
0.165486
0.158541
0.145291
0.120548
0.0629911
0.107521
0.11181
0.116371
0.121126
0.125977
0.130977
0.13619
0.14164
0.147194
0.152287
0.15629
0.158692
0.159421
0.15911
0.158363
0.157653
0.15711
0.156696
0.156399
0.15623
0.156211
0.156312
0.156327
0.156194
0.155992
0.155772
0.155848
0.156834
0.159062
0.162472
0.166701
0.171166
0.175155
0.177868
0.178415
0.175757
0.168523
0.154463
0.128065
0.0661004
0.122128
0.127251
0.132755
0.138317
0.143558
0.148584
0.15342
0.157709
0.161036
0.163206
0.164373
0.164793
0.164895
0.165021
0.165205
0.165416
0.165627
0.165786
0.165859
0.165861
0.165801
0.165434
0.164593
0.163402
0.162009
0.160898
0.160816
0.162218
0.165157
0.16939
0.174438
0.17966
0.184301
0.187517
0.188365
0.185742
0.178183
0.163298
0.135255
0.0689371
0.138456
0.144113
0.149571
0.154304
0.158284
0.161669
0.164657
0.166882
0.168367
0.169558
0.170621
0.171617
0.172573
0.173556
0.174579
0.175533
0.1763
0.176835
0.177084
0.176723
0.175359
0.173235
0.170715
0.168053
0.165721
0.1645
0.164909
0.167079
0.170875
0.17595
0.181779
0.187694
0.192915
0.196569
0.197672
0.195061
0.187184
0.171513
0.141915
0.0714389
0.152334
0.156517
0.160078
0.163029
0.165905
0.168786
0.171504
0.173999
0.176263
0.178253
0.180021
0.181646
0.183086
0.184319
0.185389
0.186199
0.186675
0.186775
0.185648
0.18312
0.179729
0.175899
0.172065
0.168783
0.166743
0.166336
0.167726
0.170895
0.175644
0.181592
0.188195
0.194774
0.200537
0.204591
0.20593
0.203344
0.195206
0.178865
0.147911
0.0736843
0.158974
0.162327
0.165745
0.169254
0.172889
0.176529
0.180054
0.183463
0.186697
0.189532
0.19177
0.193414
0.194373
0.194398
0.193729
0.192683
0.190941
0.188216
0.184647
0.180582
0.176308
0.172197
0.168853
0.166611
0.165772
0.16658
0.169153
0.173434
0.179191
0.186021
0.193372
0.200562
0.206801
0.211205
0.212769
0.210253
0.20198
0.185206
0.153291
0.0767783
0.163339
0.167104
0.171343
0.176034
0.181023
0.186041
0.190814
0.19497
0.198315
0.200734
0.201838
0.201502
0.199973
0.197304
0.193717
0.1896
0.185154
0.180593
0.176283
0.172356
0.168907
0.166062
0.164076
0.163239
0.163809
0.165969
0.169778
0.175145
0.181815
0.189386
0.197311
0.204933
0.211465
0.216015
0.217566
0.214913
0.206387
0.189217
0.156668
0.0794173
0.167059
0.172158
0.178013
0.184487
0.191182
0.197322
0.2023
0.205242
0.205797
0.204453
0.201693
0.197975
0.193646
0.188791
0.183616
0.178557
0.17388
0.169732
0.166206
0.163348
0.161205
0.159857
0.159454
0.160184
0.162216
0.165663
0.170539
0.176738
0.184012
0.19198
0.200103
0.207728
0.214128
0.218478
0.219817
0.216958
0.208245
0.190908
0.158178
0.0812531
0.171448
0.178949
0.18732
0.195627
0.202621
0.206471
0.206608
0.204128
0.200096
0.195128
0.18971
0.184352
0.179237
0.174384
0.169829
0.16568
0.162093
0.159195
0.157046
0.155675
0.155103
0.155373
0.156557
0.158751
0.16204
0.166476
0.17205
0.178662
0.186064
0.193873
0.201633
0.208787
0.214678
0.218538
0.219461
0.216304
0.207452
0.190166
0.157709
0.0821557
0.17931
0.189639
0.19936
0.205331
0.20579
0.202333
0.196571
0.190075
0.183913
0.178345
0.173294
0.168694
0.164531
0.160829
0.157623
0.154963
0.152931
0.151601
0.151022
0.151222
0.152207
0.153974
0.156525
0.159874
0.164027
0.168985
0.17473
0.181122
0.187963
0.194986
0.201837
0.208049
0.213037
0.216103
0.216402
0.212853
0.203906
0.186882
0.155151
0.0820149
0.192417
0.202073
0.205099
0.201545
0.194143
0.186047
0.178746
0.17248
0.167156
0.162702
0.159001
0.155902
0.153324
0.151247
0.149688
0.148682
0.148275
0.148513
0.149438
0.151087
0.153455
0.156463
0.160027
0.164089
0.168582
0.173411
0.178502
0.183858
0.189433
0.195075
0.200519
0.205374
0.209124
0.211138
0.210641
0.206627
0.197626
0.181058
0.150477
0.0807536
0.204448
0.204199
0.196284
0.185879
0.176373
0.168523
0.1623
0.157552
0.154008
0.151414
0.149553
0.148265
0.147466
0.147124
0.147242
0.147841
0.14894
0.150564
0.152766
0.15565
0.159267
0.163373
0.167654
0.17212
0.176347
0.179859
0.183027
0.186357
0.189979
0.193753
0.197435
0.20067
0.202983
0.203795
0.202404
0.197884
0.188868
0.172906
0.143818
0.0783505
0.20329
0.191988
0.179457
0.16869
0.160261
0.154083
0.149891
0.147359
0.146115
0.14579
0.146067
0.146732
0.147686
0.148919
0.150483
0.152474
0.154924
0.157728
0.160853
0.164484
0.168827
0.173454
0.177774
0.18197
0.185419
0.186878
0.187417
0.188231
0.18943
0.190971
0.192703
0.19424
0.19507
0.194639
0.19231
0.187258
0.178229
0.16293
0.13552
0.0748716
0.190619
0.175903
0.163602
0.154235
0.147767
0.143968
0.142473
0.142796
0.144377
0.146655
0.14917
0.151647
0.153982
0.156189
0.158347
0.160733
0.163627
0.166981
0.170584
0.17433
0.177982
0.181412
0.184482
0.187046
0.189005
0.190004
0.189825
0.188899
0.187782
0.187212
0.187131
0.187046
0.186412
0.184718
0.181414
0.17577
0.166652
0.151929
0.126152
0.0704882
0.175643
0.161362
0.150529
0.143253
0.13945
0.138799
0.140734
0.144503
0.149267
0.154216
0.158626
0.162057
0.164481
0.166021
0.166991
0.168014
0.169806
0.172819
0.176827
0.180959
0.184142
0.186096
0.187189
0.187593
0.187869
0.188149
0.187849
0.186637
0.184795
0.183138
0.18177
0.180252
0.178209
0.175256
0.170935
0.164606
0.155235
0.140853
0.116422
0.0654384
0.16197
0.149078
0.140364
0.13595
0.135657
0.138946
0.144936
0.15251
0.16045
0.167455
0.172243
0.174361
0.17464
0.173979
0.17325
0.173237
0.174537
0.177479
0.181848
0.186067
0.188334
0.188761
0.187905
0.186532
0.185369
0.184565
0.183744
0.182641
0.181219
0.179512
0.177434
0.174757
0.171447
0.16727
0.16188
0.154732
0.144886
0.1305
0.106865
0.0600611
0.150013
0.139108
0.133287
0.132591
0.136602
0.144438
0.154836
0.16623
0.176694
0.18347
0.185171
0.183734
0.181405
0.179389
0.17829
0.178277
0.179618
0.182633
0.186949
0.18983
0.189622
0.187955
0.185727
0.183599
0.182032
0.181049
0.180346
0.179581
0.178624
0.177307
0.175028
0.171411
0.166835
0.161354
0.154758
0.146613
0.136057
0.121337
0.0980086
0.055177
0.139681
0.131573
0.12954
0.133365
0.142258
0.154963
0.169842
0.184585
0.194748
0.196572
0.193372
0.189525
0.186627
0.184737
0.183743
0.183696
0.184966
0.187896
0.191346
0.19091
0.187143
0.183409
0.180515
0.1787
0.177867
0.177687
0.177696
0.177616
0.177358
0.176564
0.174583
0.170437
0.164475
0.157585
0.149694
0.140429
0.129009
0.113786
0.0906344
0.0508451
0.131094
0.126774
0.129398
0.138327
0.152382
0.170028
0.189216
0.204804
0.208545
0.203879
0.198943
0.195496
0.193196
0.191522
0.190232
0.189549
0.190118
0.192264
0.193173
0.188965
0.182849
0.178122
0.17523
0.173792
0.173428
0.173677
0.173987
0.17444
0.175163
0.175355
0.173879
0.169957
0.163346
0.155287
0.146329
0.136074
0.123812
0.108072
0.0851378
0.0473201
0.124722
0.125183
0.133129
0.147429
0.166614
0.188986
0.210938
0.220208
0.215223
0.209367
0.205928
0.204195
0.202961
0.20116
0.198586
0.196017
0.194443
0.194099
0.191479
0.185033
0.17845
0.173705
0.170793
0.16929
0.168751
0.168807
0.169167
0.16979
0.170724
0.171543
0.170681
0.167348
0.161383
0.153198
0.143872
0.13311
0.120288
0.104198
0.0815887
0.0448141
0.121268
0.127312
0.14092
0.160489
0.18434
0.209908
0.228076
0.227269
0.220079
0.216524
0.216314
0.217762
0.218733
0.216492
0.210696
0.204038
0.19834
0.193856
0.188242
0.181301
0.174935
0.170139
0.167066
0.165352
0.164516
0.164214
0.164342
0.164824
0.16553
0.166103
0.165584
0.162771
0.157629
0.150472
0.141531
0.130862
0.117965
0.101867
0.0796884
0.0433358
0.121356
0.133533
0.152823
0.177254
0.204917
0.229429
0.236132
0.229235
0.224801
0.225766
0.230861
0.238313
0.245204
0.243332
0.229676
0.215268
0.203466
0.19406
0.18616
0.178944
0.172543
0.167551
0.164157
0.162082
0.160855
0.160192
0.160014
0.160219
0.160589
0.160727
0.160031
0.157743
0.153262
0.146926
0.138665
0.128519
0.11612
0.10048
0.0788625
0.0426916
0.125463
0.144072
0.168831
0.197367
0.225581
0.24077
0.23706
0.230958
0.231006
0.237297
0.249387
0.267024
0.288824
0.287512
0.25659
0.230828
0.211652
0.197336
0.186444
0.177809
0.170957
0.165753
0.162016
0.159496
0.157859
0.156818
0.15625
0.15608
0.156079
0.155852
0.1549
0.152771
0.148918
0.142874
0.135146
0.125705
0.114053
0.0991772
0.0783412
0.0425911
0.133935
0.15904
0.188905
0.220034
0.242591
0.244972
0.237487
0.234581
0.238637
0.249413
0.267752
0.296088
0.320397
0.303634
0.282843
0.246726
0.220504
0.201807
0.188172
0.17794
0.1702
0.164461
0.160321
0.157405
0.155369
0.153911
0.152887
0.152264
0.151835
0.15125
0.150098
0.148019
0.144552
0.138899
0.13153
0.122646
0.111667
0.097558
0.0775562
0.0425242
0.146899
0.178398
0.212927
0.243088
0.254199
0.247278
0.240298
0.240574
0.247381
0.260147
0.279183
0.304721
0.309643
0.28828
0.274866
0.25118
0.224416
0.204013
0.188908
0.17764
0.169254
0.163059
0.158522
0.155231
0.152834
0.151043
0.149677
0.148643
0.147767
0.146777
0.14534
0.143128
0.139755
0.13456
0.127562
0.119118
0.108661
0.0951977
0.0759842
0.0419725
0.164253
0.202015
0.239605
0.263267
0.261591
0.250615
0.246212
0.249522
0.258917
0.273539
0.292993
0.303984
0.287742
0.268857
0.25447
0.23947
0.221335
0.202687
0.18748
0.175974
0.167386
0.161008
0.156261
0.152719
0.15007
0.148055
0.146468
0.145149
0.143932
0.142598
0.14088
0.138491
0.135099
0.130182
0.123362
0.115151
0.105026
0.0920102
0.0733957
0.040749
0.18569
0.229802
0.26777
0.279581
0.266915
0.25597
0.255009
0.261806
0.274583
0.292194
0.303417
0.290316
0.269807
0.252233
0.23839
0.224804
0.210293
0.195787
0.182701
0.172247
0.164191
0.158046
0.153368
0.149797
0.147061
0.144932
0.143214
0.141731
0.140309
0.138757
0.13685
0.134341
0.130937
0.126082
0.119319
0.111134
0.101164
0.0884156
0.0702714
0.0392084
0.210836
0.26083
0.294631
0.290719
0.272393
0.26357
0.266173
0.277286
0.295221
0.311017
0.303299
0.281347
0.258144
0.239781
0.225471
0.212361
0.199408
0.187128
0.176348
0.167412
0.160214
0.154525
0.150067
0.146576
0.143831
0.141649
0.13986
0.138285
0.136733
0.135013
0.132926
0.13029
0.12688
0.12203
0.115421
0.107219
0.0972555
0.0846329
0.066893
0.0373792
0.23974
0.294612
0.316246
0.294911
0.276175
0.271132
0.277709
0.293868
0.318045
0.324628
0.300605
0.272256
0.248409
0.230172
0.215176
0.202028
0.190279
0.179843
0.170696
0.162888
0.156393
0.1511
0.146836
0.143404
0.140624
0.138372
0.136527
0.134902
0.133274
0.131439
0.129234
0.126529
0.123101
0.11834
0.111791
0.103394
0.0933151
0.0807179
0.0633647
0.0353029
0.273279
0.329622
0.331417
0.300013
0.281273
0.278394
0.287848
0.307557
0.330307
0.319691
0.288615
0.261691
0.240207
0.222629
0.208009
0.195518
0.184633
0.17509
0.166759
0.159576
0.153481
0.148398
0.144217
0.140761
0.137846
0.135422
0.133464
0.13179
0.130113
0.128231
0.126009
0.123238
0.119573
0.114601
0.107841
0.0993588
0.0892366
0.0766812
0.0597853
0.0330284
0.312733
0.3716
0.352455
0.310353
0.28847
0.285105
0.294691
0.314296
0.3266
0.30399
0.276682
0.253498
0.234105
0.217828
0.204018
0.19214
0.181806
0.172756
0.164824
0.1579
0.151913
0.146816
0.14256
0.139008
0.135854
0.133037
0.130733
0.128851
0.127102
0.125155
0.122749
0.119684
0.115712
0.110325
0.103281
0.0948919
0.0848767
0.0724953
0.056226
0.0306149
0.356156
0.427628
0.390925
0.326465
0.296524
0.289685
0.296902
0.313525
0.31968
0.294713
0.269582
0.248533
0.230757
0.215621
0.202611
0.191315
0.181408
0.172655
0.164887
0.157988
0.151884
0.146544
0.141966
0.138044
0.134411
0.131046
0.128191
0.125801
0.123604
0.121233
0.118459
0.115111
0.110818
0.105139
0.098148
0.0899391
0.0801477
0.0681364
0.0526997
0.0281165
0.405831
0.495458
0.43143
0.344552
0.304023
0.291674
0.295267
0.30875
0.313706
0.290474
0.266397
0.246624
0.230007
0.21581
0.203516
0.192745
0.183203
0.174663
0.166956
0.15996
0.153595
0.147818
0.142614
0.13792
0.133542
0.129436
0.12571
0.122387
0.119302
0.116207
0.112953
0.109269
0.104709
0.0990731
0.0923966
0.084502
0.0750858
0.0636416
0.0492132
0.0255747
0.461039
0.561869
0.460538
0.361653
0.310243
0.29081
0.289369
0.298538
0.305353
0.288356
0.265704
0.247053
0.231397
0.218016
0.206395
0.196159
0.187018
0.178742
0.171148
0.164096
0.157483
0.151241
0.145303
0.1396
0.134123
0.128926
0.124038
0.119485
0.115203
0.111069
0.106981
0.102738
0.0980286
0.0926023
0.0862621
0.0787805
0.0698902
0.0591692
0.0458359
0.023044
0.514093
0.628467
0.490674
0.379949
0.315989
0.288349
0.280984
0.284579
0.293801
0.287488
0.266837
0.249272
0.234465
0.221828
0.210879
0.201245
0.192635
0.184805
0.177546
0.170682
0.164063
0.157563
0.151074
0.144514
0.137888
0.131294
0.124848
0.11865
0.112736
0.107147
0.101898
0.0968554
0.0917698
0.0863391
0.0802481
0.0732042
0.0649105
0.0549806
0.0426766
0.0206202
0.547634
0.683622
0.510635
0.398478
0.321915
0.286117
0.272892
0.271301
0.275696
0.280158
0.270401
0.253266
0.238911
0.226846
0.216543
0.207586
0.199675
0.192558
0.185998
0.179768
0.17365
0.167432
0.160921
0.153964
0.146496
0.138563
0.130312
0.121971
0.113809
0.10612
0.0990844
0.0926981
0.0867812
0.0810069
0.0749733
0.0682807
0.0605451
0.0513271
0.039785
0.018418
0.54377
0.687524
0.524011
0.408868
0.33328
0.288767
0.269247
0.262397
0.261883
0.264145
0.266265
0.257846
0.244078
0.232411
0.222634
0.214402
0.207408
0.201357
0.195987
0.19103
0.186202
0.181189
0.175649
0.169243
0.161697
0.152876
0.142856
0.131982
0.120823
0.110057
0.100239
0.0916391
0.0841969
0.0775664
0.0712326
0.0646369
0.0572293
0.0484128
0.0371713
0.0165223
0.499099
0.657531
0.528884
0.410132
0.34387
0.300634
0.275225
0.262173
0.25627
0.253728
0.25301
0.252278
0.246932
0.237416
0.228154
0.220589
0.214681
0.210112
0.206559
0.203702
0.201223
0.198737
0.195731
0.191559
0.185539
0.177104
0.166
0.152501
0.137503
0.122321
0.108236
0.0960775
0.0860317
0.077729
0.0704712
0.0634542
0.0558611
0.0468208
0.0351594
0.0150228
0.432666
0.597502
0.522921
0.421264
0.357194
0.325415
0.298975
0.277601
0.26402
0.253705
0.247571
0.243172
0.239353
0.235552
0.230351
0.224637
0.220276
0.217568
0.216412
0.216558
0.217716
0.219526
0.221359
0.222228
0.220824
0.215746
0.205798
0.190559
0.171018
0.149473
0.128657
0.110657
0.0962592
0.0850695
0.076012
0.0678383
0.0593634
0.0492707
0.0360419
0.0147427
0.343648
0.488645
0.470664
0.411445
0.355794
0.32138
0.306123
0.296718
0.283281
0.265318
0.252785
0.24002
0.231523
0.226264
0.222956
0.220985
0.220317
0.221114
0.223538
0.227673
0.233787
0.242068
0.25203
0.262367
0.271118
0.275683
0.272779
0.259469
0.235742
0.205101
0.173171
0.145263
0.123779
0.108191
0.0967249
0.0875849
0.0790008
0.0691051
0.0548024
0.0283274
0.251782
0.357592
0.370836
0.354186
0.326258
0.298803
0.283835
0.28138
0.279123
0.268265
0.254143
0.237098
0.221344
0.209968
0.205175
0.205269
0.208492
0.214616
0.222963
0.232631
0.244771
0.261517
0.284443
0.312387
0.341304
0.36609
0.380958
0.378316
0.353632
0.311747
0.263224
0.219385
0.186139
0.165848
0.157223
0.155393
0.152503
0.146866
0.134173
0.114546
0.167721
0.225755
0.245787
0.248199
0.245428
0.246251
0.245407
0.249687
0.256852
0.260292
0.251538
0.224797
0.196031
0.175349
0.169634
0.17326
0.179206
0.191807
0.209344
0.223657
0.241068
0.265871
0.3067
0.363974
0.429407
0.496713
0.552735
0.579071
0.565649
0.511572
0.425673
0.345147
0.294969
0.274176
0.275724
0.298617
0.30064
0.277115
0.232913
0.193802
0.107995
0.124373
0.127004
0.123819
0.125237
0.179142
0.206235
0.220592
0.230831
0.235559
0.228433
0.203529
0.1611
0.117719
0.114599
0.116552
0.118769
0.125877
0.131717
0.134831
0.186972
0.211809
0.249362
0.367284
0.4967
0.616447
0.699545
0.735609
0.727782
0.678148
0.578804
0.435279
0.28765
0.133124
0.143832
0.162226
0.160154
0.158695
0.148369
0.148206
0.000190768
0.000319664
0.000396242
0.000443097
0.000442965
0.000444458
0.000458805
0.000482976
0.000505245
0.00052364
0.000538031
0.000548743
0.000556188
0.00056078
0.000562954
0.000563049
0.00056136
0.000558124
0.000553552
0.000547813
0.000541105
0.000534474
0.000528476
0.000522663
0.000516778
0.000510699
0.000504384
0.000497841
0.000491112
0.000484265
0.000477392
0.000470597
0.000463993
0.000457692
0.000451792
0.000446386
0.000444272
0.000444266
0.000443481
0.000444546
0.000261682
0.000442962
0.000573711
0.000677613
0.000764981
0.000839308
0.000901496
0.000951665
0.000991297
0.00102166
0.0010441
0.00105989
0.00107019
0.00107599
0.00107816
0.00107743
0.00107445
0.00106976
0.00106384
0.00105713
0.00105006
0.00104308
0.0010356
0.00102787
0.00102008
0.00101239
0.00100493
0.000997818
0.000991179
0.000985147
0.000979856
0.000975438
0.00097201
0.000969664
0.00096845
0.000968323
0.000968536
0.000970282
0.000972364
0.000976133
0.000451472
0.000645778
0.000793944
0.000912488
0.00101003
0.00109104
0.00115841
0.00121386
0.00125865
0.00129396
0.00132095
0.00134081
0.00135465
0.00136353
0.00136837
0.00137004
0.0013693
0.00136682
0.00136321
0.00135908
0.00135509
0.00135081
0.00134638
0.00134189
0.00133746
0.00133318
0.00132915
0.00132547
0.00132225
0.00131959
0.00131762
0.00131647
0.00131625
0.00131707
0.00131898
0.001322
0.00132607
0.00133114
0.00133712
0.00134396
0.000642363
0.000845508
0.00100162
0.00112583
0.00122725
0.00131113
0.00138067
0.00143796
0.00148449
0.00152152
0.00155022
0.00157173
0.00158715
0.00159749
0.00160372
0.00160672
0.0016073
0.00160621
0.00160412
0.00160172
0.00159936
0.00159676
0.00159411
0.00159153
0.00158915
0.00158705
0.00158531
0.00158403
0.00158329
0.00158319
0.00158384
0.00158535
0.00158782
0.00159135
0.00159601
0.00160184
0.00160884
0.00161698
0.00162624
0.00163643
0.000814259
0.00102531
0.00119073
0.00132338
0.00143173
0.00152093
0.00159434
0.00165432
0.00170269
0.00174097
0.00177053
0.00179263
0.00180843
0.00181902
0.00182541
0.00182855
0.00182928
0.00182841
0.00182669
0.00182483
0.00182255
0.00182012
0.00181776
0.00181563
0.00181385
0.00181254
0.00181178
0.00181167
0.0018123
0.00181376
0.00181615
0.00181957
0.00182412
0.00182992
0.00183702
0.00184551
0.00185542
0.00186679
0.00187949
0.00189337
0.000963995
0.0011842
0.00136273
0.0015081
0.00162737
0.00172532
0.00180532
0.00186995
0.00192137
0.00196146
0.0019919
0.00201421
0.00202974
0.00203975
0.00204535
0.00204759
0.0020474
0.00204564
0.00204313
0.00204023
0.00203691
0.00203351
0.00203029
0.00202746
0.0020252
0.00202364
0.00202289
0.00202307
0.00202427
0.0020266
0.00203016
0.00203506
0.00204141
0.00204932
0.00205888
0.0020702
0.00208338
0.00209831
0.00211496
0.00213327
0.0010932
0.00132656
0.00152363
0.00168639
0.00182018
0.00192959
0.00201817
0.00208881
0.00214409
0.00218633
0.00221763
0.00223985
0.0022546
0.00226334
0.00226737
0.00226784
0.0022658
0.0022622
0.00225791
0.00225287
0.0022475
0.00224219
0.00223725
0.00223293
0.00222945
0.00222698
0.00222567
0.00222565
0.00222705
0.00222997
0.00223454
0.00224089
0.00224913
0.0022594
0.00227182
0.0022865
0.00230341
0.00232259
0.00234404
0.00236774
0.00120285
0.00145608
0.00167893
0.0018642
0.0020157
0.00213842
0.00223661
0.00231375
0.00237298
0.00241721
0.00244904
0.0024707
0.0024841
0.00249094
0.00249268
0.00249064
0.00248597
0.00247972
0.00247262
0.00246476
0.0024567
0.00244887
0.00244167
0.0024354
0.00243032
0.00242665
0.00242457
0.00242425
0.00242584
0.00242947
0.00243529
0.00244344
0.00245406
0.00246731
0.00248322
0.00250191
0.00252341
0.00254778
0.00257504
0.00260517
0.00129186
0.00157513
0.00183323
0.00204655
0.00221841
0.00235534
0.00246317
0.00254647
0.00260917
0.00265484
0.0026866
0.00270711
0.00271856
0.00272286
0.0027217
0.00271653
0.00270866
0.00269925
0.00268858
0.00267733
0.00266611
0.00265541
0.00264569
0.0026373
0.00263056
0.00262573
0.00262303
0.00262266
0.0026248
0.00262961
0.00263726
0.00264792
0.00266168
0.00267867
0.00269896
0.00272265
0.00274979
0.00278042
0.00281455
0.00285215
0.00135676
0.00168546
0.00199061
0.00223705
0.00243102
0.0025821
0.00269884
0.00278751
0.00285292
0.00289929
0.00293031
0.00294903
0.00295794
0.00295915
0.00295452
0.00294568
0.00293404
0.00292083
0.00290638
0.00289152
0.00287698
0.00286335
0.00285113
0.00284076
0.00283259
0.00282694
0.00282407
0.00282422
0.00282759
0.00283438
0.00284473
0.00285879
0.00287666
0.00289846
0.00292425
0.00295409
0.00298801
0.00302601
0.00306804
0.00311405
0.00139313
0.00179093
0.00215569
0.00243781
0.00265381
0.00281868
0.00294367
0.0030369
0.00310422
0.00315051
0.00318009
0.00319641
0.00320222
0.00319982
0.00319127
0.00317838
0.00316272
0.00314528
0.00312683
0.0031083
0.00309049
0.0030741
0.00305968
0.00304773
0.00303867
0.00303284
0.00303055
0.00303207
0.00303762
0.00304737
0.0030615
0.00308012
0.00310333
0.0031312
0.00316376
0.00320101
0.00324289
0.00328932
0.00334018
0.00339533
0.00139003
0.00190137
0.00233351
0.00265005
0.00288647
0.00306428
0.00319698
0.00329411
0.00336269
0.0034083
0.0034358
0.00344912
0.00345129
0.00344482
0.00343195
0.00341468
0.00339478
0.003373
0.00335056
0.00332852
0.00330777
0.00328905
0.00327299
0.00326015
0.003251
0.0032459
0.0032452
0.00324916
0.00325803
0.00327199
0.0032912
0.00331575
0.0033457
0.00338105
0.00342174
0.00346766
0.00351865
0.00357451
0.00363501
0.00369988
0.00139326
0.00202487
0.00252362
0.00287232
0.00312775
0.00331748
0.00345737
0.00355798
0.00362744
0.00367203
0.00369706
0.00370687
0.0037049
0.00369391
0.00367637
0.00365449
0.00363014
0.0036042
0.00357806
0.00355298
0.00352989
0.0035096
0.00349279
0.00348002
0.0034718
0.00346854
0.0034706
0.00347828
0.00349182
0.00351143
0.00353721
0.00356923
0.00360745
0.00365177
0.003702
0.00375789
0.00381913
0.00388534
0.00395619
0.00403131
0.00139462
0.0021664
0.00272482
0.00310235
0.00337554
0.00357679
0.00372366
0.00382783
0.00389818
0.00394155
0.00396374
0.00396957
0.00396291
0.00394694
0.00392447
0.00389807
0.00386913
0.00383931
0.0038101
0.00378272
0.00375818
0.0037373
0.00372078
0.00370923
0.00370316
0.00370304
0.00370924
0.00372209
0.00374185
0.00376869
0.00380268
0.00384379
0.0038919
0.00394675
0.00400799
0.00407517
0.00414779
0.00422534
0.00430734
0.00439338
0.00140458
0.00232315
0.00293209
0.00333629
0.00362681
0.00383991
0.00399448
0.00410302
0.00417474
0.00421697
0.00423608
0.00423742
0.00422544
0.00420391
0.00417618
0.00414504
0.00411194
0.00407889
0.00404741
0.00401875
0.00399388
0.00397363
0.0039587
0.00394971
0.0039472
0.00395167
0.00396353
0.00398314
0.00401074
0.00404648
0.00409038
0.0041423
0.00420198
0.00426898
0.00434275
0.00442265
0.00450798
0.0045981
0.00469242
0.00479055
0.00140521
0.00248765
0.00314279
0.00357183
0.00387955
0.00410515
0.00426855
0.00438258
0.00445651
0.00449805
0.00451411
0.00451059
0.00449265
0.00446505
0.00443193
0.00439576
0.00435898
0.00432357
0.00429099
0.00426236
0.00423857
0.00422039
0.00420851
0.00420355
0.00420609
0.00421668
0.00423577
0.00426374
0.00430083
0.00434716
0.00440268
0.00446713
0.00454009
0.00462094
0.00470893
0.00480324
0.004903
0.00500746
0.00511602
0.00522835
0.00140658
0.00266928
0.00335579
0.0038075
0.00413237
0.00437127
0.00454457
0.00466521
0.0047427
0.00478467
0.00479793
0.00478891
0.00476408
0.00472968
0.00469058
0.00464996
0.00461061
0.0045743
0.00454224
0.00451529
0.00449421
0.00447969
0.00447238
0.00447296
0.00448205
0.00450024
0.00452807
0.00456592
0.00461408
0.00467261
0.0047414
0.00482008
0.00490807
0.0050046
0.00510874
0.00521954
0.00533604
0.00545747
0.00558329
0.00571334
0.00148944
0.00284255
0.00356646
0.00404203
0.00438429
0.00463663
0.00482067
0.00494946
0.00503221
0.0050759
0.00508674
0.00507152
0.00503852
0.00499638
0.00495127
0.0049076
0.00486768
0.00483264
0.00480317
0.00477983
0.0047632
0.00475392
0.00475266
0.00476017
0.00477715
0.00480429
0.00484218
0.00489129
0.00495191
0.0050241
0.0051077
0.00520225
0.00530706
0.00542123
0.00554375
0.00567359
0.00580986
0.00595185
0.00609925
0.00625217
0.00157412
0.00301659
0.00377756
0.0042758
0.00463516
0.00490123
0.00509641
0.00523405
0.00532297
0.00536929
0.00537803
0.00535564
0.00531195
0.00526106
0.00521242
0.0051691
0.00513188
0.00510095
0.00507644
0.00505865
0.00504809
0.00504545
0.0050515
0.0050671
0.00509309
0.00513026
0.00517931
0.0052408
0.00531507
0.00540219
0.00550199
0.00561397
0.00573739
0.00587129
0.00601467
0.00616654
0.00632616
0.0064931
0.00666737
0.00684947
0.00166117
0.00319055
0.00398894
0.00451064
0.00488734
0.00516695
0.00537279
0.00551855
0.00561279
0.0056607
0.00566507
0.00563054
0.00557494
0.00552077
0.00547477
0.00543696
0.00540634
0.00538232
0.00536481
0.00535412
0.00535088
0.00535595
0.00537027
0.00539487
0.00543074
0.0054788
0.00553988
0.00561463
0.00570349
0.0058066
0.00592384
0.00605473
0.00619855
0.00635438
0.00652126
0.00669839
0.0068853
0.00708196
0.00728888
0.00750705
0.0017451
0.00336286
0.00419974
0.00474616
0.00514094
0.00543415
0.00564988
0.0058019
0.00589813
0.00594054
0.0059284
0.00587657
0.0058232
0.00577884
0.00574344
0.00571544
0.00569388
0.00567845
0.00566923
0.00566672
0.00567175
0.00568541
0.00570887
0.0057433
0.00578982
0.00584948
0.00592326
0.00601196
0.00611617
0.00623618
0.00637199
0.0065232
0.00668919
0.00686915
0.0070623
0.00726811
0.00748649
0.00771798
0.00796375
0.00822547
0.0018231
0.00352893
0.004405
0.0049769
0.00538987
0.00569538
0.00591739
0.00606893
0.00615719
0.00618331
0.00615554
0.00610855
0.00607135
0.0060417
0.00601895
0.00600225
0.00599129
0.00598608
0.00598677
0.00599389
0.00600845
0.00603189
0.00606559
0.00611086
0.0061689
0.00624089
0.00632793
0.00643111
0.00655127
0.00668895
0.0068443
0.00701711
0.00720694
0.00741323
0.00763544
0.00787337
0.00812742
0.0083988
0.00868954
0.00900215
0.00189477
0.00368643
0.00460125
0.00519931
0.00563188
0.00595131
0.0061806
0.00633094
0.00640747
0.0064167
0.00638127
0.00634358
0.00631913
0.00630391
0.00629556
0.00629245
0.00629438
0.00630166
0.00631437
0.00633287
0.00635845
0.00639306
0.00643831
0.00649555
0.006566
0.00665095
0.00675179
0.00686995
0.00700657
0.00716239
0.00733791
0.00753325
0.00774834
0.00798294
0.00823687
0.00851028
0.008804
0.00911995
0.00946128
0.00983177
0.0019614
0.00383451
0.00478559
0.00540862
0.00586083
0.00619493
0.00643211
0.00658154
0.00664992
0.00664977
0.00661601
0.00659014
0.00657816
0.00657664
0.00658197
0.00659202
0.00660693
0.00662721
0.00665262
0.00668323
0.0067208
0.00676775
0.00682568
0.00689574
0.00697917
0.00707751
0.00719254
0.00732604
0.0074793
0.00765343
0.00784933
0.00806766
0.0083089
0.00857336
0.00886134
0.00917338
0.00951066
0.00987573
0.0102732
0.0107099
0.0020239
0.00397306
0.00495501
0.005598
0.00606557
0.00641176
0.00665709
0.00680761
0.00686984
0.00686627
0.00684775
0.0068416
0.00684722
0.00686144
0.00688058
0.00690354
0.00693141
0.00696452
0.00700222
0.00704491
0.00709521
0.00715533
0.00722657
0.00730991
0.0074067
0.00751878
0.0076482
0.00779695
0.00796663
0.00815874
0.00837471
0.00861584
0.00888335
0.00917832
0.00950184
0.0098551
0.0102397
0.0106589
0.0111191
0.0116312
0.00208491
0.00410641
0.00511463
0.00577276
0.00625064
0.00660404
0.00685337
0.00700282
0.00706382
0.00707562
0.00708278
0.00709916
0.00712398
0.00715418
0.00718749
0.00722486
0.00726693
0.00731333
0.00736353
0.0074189
0.00748222
0.00755551
0.00764002
0.00773665
0.00784691
0.00797285
0.0081167
0.00828057
0.00846634
0.00867592
0.00891132
0.00917457
0.00946773
0.0097929
0.0101523
0.0105482
0.0109832
0.0114608
0.0119901
0.0125858
0.00214148
0.00423344
0.00526644
0.00593875
0.00642649
0.00678719
0.00703949
0.0071875
0.0072551
0.00729003
0.00732355
0.00736298
0.00740785
0.00745544
0.00750465
0.00755714
0.00761356
0.00767352
0.00773684
0.00780529
0.00788143
0.00796744
0.00806478
0.00817452
0.00829828
0.00843819
0.00859657
0.00877553
0.00897722
0.00920396
0.00945835
0.00974316
0.0100613
0.0104159
0.0108102
0.0112477
0.0117319
0.0122681
0.0128694
0.0135522
0.00219016
0.00434943
0.00540602
0.00609229
0.00659043
0.00696001
0.00721849
0.00737337
0.00745849
0.00751717
0.00757408
0.00763595
0.00770148
0.00776762
0.00783368
0.00790094
0.00797082
0.00804347
0.00811937
0.00820043
0.00828905
0.00838752
0.00849755
0.00862049
0.00875815
0.00891266
0.00908616
0.00928072
0.00949869
0.00974283
0.0100164
0.0103229
0.0106663
0.0110505
0.0114793
0.0119564
0.0124857
0.0130762
0.0137494
0.0145194
0.0022277
0.00444962
0.0055289
0.00622903
0.0067375
0.00711653
0.00738595
0.00755759
0.00766751
0.00775249
0.00783405
0.00791869
0.00800461
0.00808913
0.00817154
0.00825264
0.00833474
0.00841905
0.00850683
0.00860004
0.00870098
0.00881195
0.0089349
0.00907158
0.009224
0.00939418
0.00958393
0.00979518
0.0100303
0.0102925
0.0105857
0.0109144
0.0112834
0.0116972
0.0121596
0.0126741
0.0132451
0.0138882
0.0146308
0.0154832
0.00225196
0.00453173
0.00563402
0.00634921
0.00686921
0.00725911
0.00754411
0.00774028
0.00788043
0.00799464
0.00810209
0.00820959
0.00831553
0.00841793
0.00851568
0.00860991
0.0087035
0.00879882
0.00889776
0.00900249
0.00911532
0.0092387
0.00937499
0.00952635
0.00969483
0.00988209
0.0100895
0.0103188
0.0105719
0.0108522
0.0111644
0.0115142
0.0119072
0.0123483
0.0128417
0.0133913
0.0140041
0.0147011
0.0155094
0.0164367
0.0022644
0.00459816
0.00572499
0.0064582
0.0069934
0.00739805
0.00770274
0.0079272
0.00810065
0.00824538
0.00837791
0.00850653
0.00863058
0.00874905
0.0088616
0.00897001
0.00907679
0.00918392
0.00929362
0.009409
0.00953306
0.00966874
0.00981882
0.00998574
0.0101714
0.0103771
0.0106037
0.0108521
0.0111236
0.0114212
0.0117505
0.0121192
0.0125344
0.0130016
0.0135252
0.0141094
0.0147617
0.0155084
0.0163746
0.0173667
0.00227134
0.00465718
0.00580979
0.00656333
0.00711715
0.007541
0.00786882
0.00812319
0.00833009
0.00850559
0.0086627
0.00881088
0.00895177
0.00908572
0.0092132
0.00933577
0.00945547
0.00957431
0.00969513
0.00982144
0.0099569
0.0101052
0.0102698
0.0104531
0.0106569
0.0108822
0.0111292
0.0113978
0.0116879
0.0120015
0.0123456
0.0127318
0.013169
0.0136624
0.0142157
0.0148316
0.0155181
0.0163054
0.0172178
0.0182615
0.00228187
0.00472135
0.00590134
0.00667693
0.00725183
0.00769843
0.00805226
0.0083376
0.00857527
0.00877812
0.00895836
0.00912509
0.00928215
0.00943131
0.00957375
0.00971086
0.00984422
0.0099755
0.0101077
0.010245
0.010392
0.0105534
0.010733
0.0109336
0.0111565
0.0114022
0.0116704
0.0119597
0.0122686
0.012597
0.0129551
0.0133594
0.0138197
0.0143392
0.0149198
0.0155617
0.0162736
0.0170903
0.0180354
0.019114
0.00230468
0.00480295
0.00601256
0.006812
0.00740974
0.00788025
0.00825989
0.00857259
0.00883583
0.0090633
0.00926576
0.00945092
0.00962397
0.00978804
0.00994515
0.0100968
0.0102442
0.0103888
0.010533
0.0106813
0.0108404
0.011016
0.0112125
0.0114321
0.0116757
0.0119431
0.0122329
0.0125421
0.0128676
0.0132092
0.0135826
0.0140069
0.0144902
0.0150342
0.0156382
0.0162995
0.0170289
0.0178642
0.0188278
0.0199235
0.00234061
0.00490461
0.00614605
0.00697032
0.00759129
0.00808433
0.00848706
0.00882304
0.00910924
0.00935878
0.0095815
0.0097848
0.00997415
0.0101535
0.0103256
0.0104924
0.0106549
0.0108135
0.0109697
0.011129
0.0113011
0.0114932
0.0117091
0.0119504
0.012217
0.0125078
0.0128201
0.013149
0.0134905
0.0138475
0.0142374
0.0146787
0.0151797
0.0157422
0.0163633
0.0170388
0.0177815
0.018627
0.0195956
0.020691
0.00238867
0.00502489
0.00629937
0.00714801
0.00779072
0.0083046
0.00872813
0.00908493
0.00939204
0.00966194
0.00990374
0.0101245
0.01033
0.0105244
0.0107114
0.0108933
0.0110709
0.0112434
0.0114108
0.0115816
0.0117696
0.0119821
0.0122211
0.0124866
0.0127779
0.0130931
0.0134288
0.0137782
0.0141381
0.0145155
0.0149236
0.0153787
0.0158924
0.0164671
0.0170992
0.0177861
0.0185381
0.0193834
0.0203435
0.0214243
0.00244762
0.00516178
0.00647009
0.00734255
0.00800467
0.00853727
0.00897942
0.00935511
0.00968165
0.00997092
0.0102312
0.010469
0.0106899
0.0108987
0.0110993
0.0112941
0.0114833
0.0116636
0.0118403
0.0120297
0.0122407
0.0124782
0.0127429
0.0130342
0.0133507
0.0136902
0.0140491
0.0144211
0.0148037
0.0152046
0.0156332
0.0161032
0.0166286
0.0172122
0.0178513
0.0185453
0.0193008
0.0201391
0.0210828
0.0221399
0.00251385
0.00531146
0.00665466
0.00754936
0.00822947
0.00877847
0.00923688
0.00962991
0.00997487
0.0102827
0.0105609
0.0108152
0.0110504
0.0112713
0.0114823
0.0116848
0.011878
0.0120639
0.0122608
0.0124777
0.012714
0.0129766
0.0132663
0.0135824
0.0139232
0.0142861
0.0146678
0.0150636
0.0154724
0.0159004
0.0163531
0.0168416
0.0173805
0.0179736
0.0186194
0.0193183
0.0200754
0.0209052
0.0218284
0.0228544
0.00258686
0.00547177
0.0068505
0.00776705
0.00846421
0.00902796
0.00950071
0.00990893
0.01027
0.0105945
0.0108896
0.0111601
0.0114095
0.0116424
0.0118632
0.0120722
0.0122715
0.0124735
0.0126949
0.0129337
0.0131922
0.0134765
0.0137878
0.0141254
0.0144876
0.0148721
0.0152759
0.015696
0.0161319
0.0165885
0.01707
0.0175837
0.0181406
0.0187458
0.0194005
0.0201052
0.020864
0.0216875
0.0225926
0.0235869
0.0026597
0.00563479
0.00704887
0.00798826
0.00870297
0.00928191
0.00976912
0.0101917
0.0105669
0.0109048
0.011213
0.0114967
0.0117592
0.0120043
0.012235
0.0124538
0.0126691
0.0128952
0.0131386
0.0133975
0.0136765
0.0139802
0.0143099
0.0146655
0.015046
0.0154496
0.0158744
0.0163187
0.0167824
0.0172676
0.0177785
0.0183206
0.018901
0.0195246
0.0201934
0.0209089
0.021674
0.0224961
0.0233862
0.0243492
0.00272834
0.00579056
0.00724194
0.00820544
0.00893887
0.00953415
0.0100368
0.0104742
0.0108624
0.0112113
0.0115285
0.011821
0.0120938
0.0123512
0.012596
0.0128338
0.0130741
0.0133259
0.0135908
0.01387
0.0141687
0.0144904
0.0148369
0.0152088
0.0156058
0.0160271
0.0164717
0.0169386
0.0174278
0.0179403
0.0184795
0.0190502
0.0196581
0.0203072
0.020999
0.0217339
0.022513
0.0233395
0.0242179
0.0251535
0.00281139
0.00594777
0.00743399
0.0084205
0.00917208
0.00978362
0.010302
0.0107544
0.0111559
0.011516
0.011843
0.0121451
0.0124299
0.0127016
0.0129655
0.0132285
0.0134956
0.0137713
0.0140569
0.0143563
0.0146741
0.0150135
0.0153765
0.0157643
0.0161773
0.0166154
0.0170784
0.0175659
0.018078
0.0186152
0.0191801
0.019778
0.0204151
0.0210947
0.0218168
0.0225795
0.0233811
0.0242203
0.0250962
0.0260102
0.00290369
0.00610414
0.00762289
0.00863226
0.00940304
0.0100323
0.0105674
0.011035
0.0114497
0.0118215
0.0121601
0.0124756
0.0127771
0.0130698
0.0133591
0.0136485
0.0139392
0.014236
0.0145423
0.0148623
0.0151998
0.0155576
0.0159381
0.0163428
0.0167725
0.0172276
0.0177083
0.0182149
0.0187479
0.0193074
0.0198946
0.0205164
0.0211808
0.0218909
0.0226449
0.0234391
0.0242694
0.0251315
0.0260184
0.0269198
0.00298333
0.00624038
0.00779183
0.00882611
0.00961941
0.0102697
0.0108249
0.0113107
0.0117412
0.0121272
0.0124808
0.0128136
0.0131356
0.0134521
0.0137677
0.0140829
0.0143989
0.0147199
0.0150498
0.0153926
0.0157517
0.0161301
0.0165303
0.0169543
0.0174031
0.0178772
0.0183768
0.0189027
0.0194557
0.0200358
0.0206429
0.021284
0.0219691
0.0227019
0.0234799
0.0242987
0.0251546
0.0260429
0.0269539
0.027854
0.00304875
0.00635827
0.00794336
0.00900345
0.00981891
0.0104897
0.0110641
0.011568
0.0120163
0.0124214
0.0127963
0.013153
0.0134999
0.0138423
0.0141837
0.0145262
0.0148715
0.0152215
0.0155791
0.0159481
0.0163322
0.0167346
0.0171582
0.017605
0.0180764
0.0185727
0.0190939
0.0196404
0.0202129
0.0208115
0.021436
0.022093
0.0227919
0.0235366
0.0243261
0.0251571
0.0260272
0.0269333
0.0278655
0.028753
0.0031063
0.0064641
0.00808318
0.00917047
0.0100099
0.0107027
0.0112975
0.0118208
0.0122889
0.0127164
0.0131173
0.0135025
0.0138785
0.0142498
0.0146195
0.0149905
0.0153649
0.0157445
0.0161319
0.0165302
0.0169428
0.0173729
0.0178237
0.0182973
0.0187953
0.0193171
0.0198623
0.020431
0.021023
0.0216393
0.0222812
0.0229537
0.0236645
0.0244165
0.0252083
0.0260376
0.0269025
0.0278007
0.0287231
0.0296034
0.00315894
0.00656214
0.00821517
0.00933129
0.0101973
0.0109152
0.0115334
0.0120791
0.0125704
0.0130241
0.0134542
0.01387
0.0142768
0.0146786
0.0150787
0.01548
0.0158846
0.016295
0.0167135
0.0171432
0.0175871
0.0180484
0.0185301
0.0190345
0.0195625
0.0201133
0.020686
0.02128
0.0218939
0.0225304
0.023192
0.0238828
0.0246083
0.0253688
0.0261614
0.0269831
0.0278315
0.0287039
0.0295943
0.0304701
0.00320761
0.00665343
0.00833903
0.00948391
0.0103777
0.0111226
0.0117677
0.0123405
0.0128606
0.0133453
0.0138078
0.0142565
0.0146959
0.0151303
0.0155628
0.0159964
0.0164337
0.016877
0.0173291
0.0177928
0.0182712
0.0187675
0.0192843
0.0198236
0.0203861
0.0209708
0.0215768
0.0222024
0.0228455
0.0235088
0.0241952
0.0249079
0.02565
0.026421
0.0272168
0.0280333
0.0288674
0.0297166
0.0305781
0.031442
0.00325073
0.00673568
0.00845201
0.0096244
0.0105451
0.0113185
0.011994
0.0125999
0.0131561
0.0136783
0.0141787
0.0146639
0.015139
0.0156086
0.0160763
0.0165452
0.0170179
0.0174972
0.017986
0.0184874
0.0190046
0.0195407
0.0200982
0.020679
0.0212833
0.0219102
0.0225576
0.0232233
0.0239048
0.0246033
0.0253201
0.026057
0.0268165
0.0275977
0.0283966
0.0292087
0.0300308
0.0308616
0.0317022
0.032557
0.00327987
0.00680325
0.00855336
0.00975754
0.0107104
0.0115172
0.0122278
0.0128712
0.0134672
0.014031
0.0145728
0.0150984
0.0156131
0.0161216
0.0166278
0.0171352
0.0176468
0.0181659
0.0186957
0.0192397
0.0198015
0.0203843
0.0209907
0.021622
0.0222783
0.0229578
0.0236576
0.0243741
0.025104
0.0258457
0.0265981
0.0273624
0.0281407
0.0289319
0.0297325
0.0305393
0.0313509
0.0321694
0.033001
0.0338582
0.00329114
0.00685647
0.00864647
0.00988949
0.0108816
0.0117281
0.0124792
0.0131643
0.0138036
0.0144114
0.0149974
0.0155674
0.0161261
0.016678
0.0172272
0.0177775
0.0183326
0.0188965
0.0194732
0.0200669
0.0206818
0.0213213
0.0219881
0.022683
0.0234052
0.0241518
0.0249186
0.0257002
0.0264906
0.0272852
0.0280816
0.0288799
0.0296808
0.0304838
0.0312871
0.0320902
0.0328958
0.033711
0.034548
0.0354248
0.00328318
0.00689549
0.00873151
0.0100198
0.0110573
0.0119495
0.0127473
0.0134804
0.0141684
0.0148247
0.0154595
0.0160791
0.0166876
0.0172888
0.0178865
0.0184853
0.0190899
0.0197054
0.0203373
0.0209909
0.0216713
0.0223825
0.0231269
0.0239047
0.0247138
0.0255493
0.0264045
0.0272709
0.0281396
0.0290028
0.0298566
0.0306996
0.0315313
0.0323523
0.0331643
0.0339705
0.0347791
0.0356033
0.0364614
0.0373772
0.00327223
0.00691626
0.00880731
0.0101481
0.0112368
0.0121802
0.0130309
0.0138185
0.0145615
0.0152749
0.015968
0.0166459
0.0173117
0.0179687
0.0186211
0.0192746
0.0199358
0.020612
0.0213107
0.022039
0.0228033
0.0236083
0.0244562
0.0253459
0.0262728
0.0272291
0.028204
0.0291851
0.030159
0.0311146
0.0320456
0.0329489
0.033824
0.0346743
0.0355059
0.0363276
0.0371542
0.0380054
0.0389061
0.0398855
0.0032612
0.00694343
0.00889052
0.0102827
0.0114222
0.0124202
0.0133303
0.0141811
0.0149896
0.0157708
0.0165346
0.0172838
0.0180176
0.0187375
0.0194497
0.0201636
0.0208894
0.0216379
0.0224194
0.0232437
0.0241189
0.0250503
0.0260393
0.0270827
0.0281716
0.0292937
0.0304329
0.0315707
0.0326874
0.0337673
0.0348012
0.0357846
0.0367193
0.0376135
0.038479
0.0393321
0.0401949
0.0410945
0.0420616
0.0431296
0.00325934
0.00700075
0.00900177
0.0104415
0.0116288
0.0126812
0.0136526
0.0145709
0.0154549
0.0163197
0.0171737
0.0180136
0.0188277
0.0196153
0.0203894
0.021168
0.0219676
0.0228039
0.0236914
0.0246428
0.0256683
0.0267735
0.0279577
0.0292128
0.0305257
0.0318766
0.0332409
0.0345896
0.0358945
0.0371348
0.0382989
0.0393839
0.0403961
0.0413496
0.0422644
0.0431659
0.0440847
0.0450549
0.0461123
0.0472923
0.00328755
0.00712133
0.00916917
0.0106459
0.0118713
0.0129727
0.0140053
0.0149946
0.0159616
0.0169287
0.0178974
0.0188485
0.0197527
0.0206071
0.0214416
0.0222904
0.0231783
0.0241271
0.025156
0.026281
0.0275142
0.0288606
0.0303146
0.0318636
0.0334853
0.0351482
0.036813
0.0384348
0.0399767
0.0414128
0.0427314
0.0439347
0.045037
0.0460615
0.0470385
0.0480039
0.0489972
0.0500593
0.0512299
0.0525452
0.00337014
0.00733172
0.00941416
0.0109165
0.0121735
0.0133156
0.0144012
0.0154619
0.016524
0.017605
0.0186892
0.0197585
0.0207738
0.021694
0.0225898
0.0235211
0.0245228
0.0256232
0.0268466
0.0282129
0.0297353
0.0314165
0.0332448
0.0351974
0.0372376
0.0393136
0.0413618
0.0433207
0.0451419
0.046799
0.0482856
0.0496127
0.0508074
0.0519056
0.0529502
0.0539886
0.0550698
0.0562416
0.0575472
0.0590233
0.00351438
0.00764544
0.00975699
0.011279
0.0125622
0.0137388
0.0148706
0.0159931
0.017137
0.0183208
0.0195138
0.0206854
0.0218005
0.0227863
0.02377
0.0248226
0.0259884
0.0273045
0.0288023
0.0305064
0.0324307
0.0345738
0.0369144
0.0394103
0.0419978
0.0445954
0.047113
0.0494659
0.051594
0.053476
0.0551225
0.0565621
0.0578373
0.0589987
0.0601033
0.0612119
0.0623845
0.0636764
0.0651345
0.0667955
0.00370058
0.00801679
0.0101643
0.0117084
0.0130163
0.0142218
0.0153871
0.0165471
0.0177328
0.0189648
0.0202549
0.0215871
0.0227843
0.0238466
0.0249513
0.0261746
0.0275719
0.0291905
0.0310707
0.0332423
0.0357178
0.0384859
0.0415055
0.0447043
0.0479814
0.0512156
0.0542771
0.0570589
0.059501
0.0615944
0.0633758
0.0649015
0.0662255
0.0674163
0.068552
0.0697114
0.0709674
0.072383
0.0740083
0.0758823
0.00392916
0.00838459
0.0105797
0.012155
0.0134914
0.0147253
0.015923
0.017123
0.0183561
0.0196434
0.0210271
0.0224497
0.0236761
0.0248472
0.0261183
0.0275737
0.0292836
0.0313099
0.0337046
0.0365017
0.0397078
0.0432917
0.047179
0.0512542
0.0553671
0.0593353
0.0629785
0.0661945
0.0689595
0.0712743
0.0731698
0.0747242
0.0760249
0.0771755
0.0782883
0.0794646
0.0807896
0.0823319
0.0841467
0.086271
0.00410297
0.00868068
0.0109342
0.0125484
0.0139138
0.0151705
0.0163873
0.0176036
0.0188439
0.0201677
0.0216231
0.0230355
0.0243345
0.0256816
0.0271959
0.0289727
0.0311014
0.0336642
0.0367287
0.0403337
0.0444736
0.0490859
0.0540485
0.0591851
0.06427
0.069055
0.0733581
0.0770742
0.0801584
0.0826228
0.0845346
0.0859979
0.0871546
0.0881698
0.0891996
0.0903672
0.0917629
0.0934537
0.0954953
0.0979166
0.00420955
0.00887416
0.0111849
0.0128406
0.0142361
0.0155139
0.0167441
0.0179638
0.0192099
0.0205924
0.0220795
0.0234822
0.0248811
0.0264254
0.0282247
0.030388
0.033026
0.0362447
0.0401295
0.0447226
0.0500014
0.0558649
0.0621296
0.0685326
0.0747671
0.0805476
0.0856545
0.0899256
0.0932842
0.0957541
0.097455
0.0985858
0.0994036
0.100162
0.101059
0.102229
0.103746
0.105649
0.107966
0.110693
0.00427715
0.00897864
0.0113219
0.013002
0.0144185
0.0157104
0.0169408
0.0181441
0.0194067
0.0208275
0.0223041
0.0237514
0.0252998
0.0270789
0.0292052
0.0318082
0.0350274
0.0389977
0.0438243
0.0495538
0.0561486
0.0634717
0.071273
0.0792069
0.0869028
0.0940133
0.100183
0.105098
0.108584
0.110709
0.111768
0.112187
0.112409
0.112786
0.11354
0.114781
0.116526
0.118733
0.121344
0.124343
0.00431497
0.00901284
0.0113582
0.0130349
0.0144464
0.0157348
0.0169582
0.018172
0.0194899
0.0209447
0.0224328
0.0239586
0.0256676
0.0276877
0.0301522
0.0332185
0.0370592
0.0418404
0.0476881
0.0546548
0.0626968
0.0716529
0.0812329
0.0910384
0.100656
0.109584
0.117176
0.12283
0.126197
0.1274
0.127151
0.126363
0.125731
0.12566
0.126331
0.127777
0.129912
0.132568
0.135579
0.138964
0.00437786
0.00905108
0.0113756
0.0130256
0.0144059
0.015665
0.0168791
0.0181349
0.0195142
0.0209903
0.0225045
0.0241218
0.0259922
0.0282469
0.0310446
0.0345777
0.0390577
0.0446829
0.0516004
0.0598739
0.0694655
0.0802151
0.0918211
0.103875
0.115891
0.127128
0.136595
0.143305
0.146336
0.145555
0.143006
0.140564
0.139008
0.138586
0.139347
0.14121
0.14398
0.147343
0.150868
0.154019
0.00446907
0.00909975
0.0113924
0.0130098
0.0143574
0.0155876
0.0167892
0.0180634
0.0194599
0.0209243
0.0224771
0.0242011
0.0262296
0.0287059
0.0318232
0.0358171
0.0409403
0.0474227
0.0554277
0.0650313
0.07622
0.0888842
0.102764
0.117453
0.132386
0.146567
0.158713
0.167187
0.169092
0.16389
0.158318
0.154356
0.152195
0.151765
0.152935
0.155506
0.159131
0.163402
0.166023
0.163833
0.00448648
0.00903586
0.0112852
0.0128739
0.0142093
0.0154276
0.0166229
0.0178978
0.01928
0.0207424
0.0223449
0.0241602
0.0263148
0.0289816
0.0323948
0.036837
0.0426054
0.0499583
0.059071
0.0700288
0.0828561
0.0975312
0.11397
0.131961
0.150941
0.169075
0.184363
0.193761
0.188039
0.178971
0.171567
0.16703
0.164987
0.165166
0.167387
0.171349
0.176441
0.180423
0.174302
0.167158
0.00448702
0.00894661
0.0111639
0.012725
0.0140257
0.0152182
0.0164108
0.0176871
0.0190609
0.0205181
0.0221165
0.023951
0.0261663
0.0289674
0.0326279
0.0374785
0.0438632
0.0520715
0.0622894
0.0746127
0.089121
0.105968
0.125463
0.147987
0.173552
0.195961
0.207052
0.203316
0.194377
0.188519
0.18146
0.177572
0.17639
0.177873
0.181962
0.187672
0.194737
0.185835
0.17375
0.164125
0.00443382
0.00880278
0.0110087
0.0125647
0.0138495
0.0150146
0.016172
0.0173982
0.0187179
0.0201467
0.0217148
0.0235139
0.0257223
0.0285792
0.0323942
0.0375473
0.0444356
0.0533877
0.0646061
0.0781939
0.0942754
0.113183
0.135699
0.163116
0.187993
0.197378
0.198518
0.194969
0.192506
0.18999
0.187095
0.185274
0.185032
0.18757
0.192997
0.202309
0.195674
0.17841
0.165392
0.155772
0.00431166
0.00857546
0.0107734
0.0123339
0.0136187
0.0147764
0.0159015
0.0170637
0.0183062
0.019664
0.0211685
0.0228916
0.0250186
0.0278159
0.0316246
0.0368729
0.0440167
0.0534376
0.0653602
0.0798603
0.096963
0.11679
0.139704
0.166232
0.184585
0.186309
0.186551
0.186108
0.185588
0.185031
0.184579
0.184563
0.185795
0.189598
0.19649
0.191239
0.175633
0.162462
0.15215
0.144588
0.00412085
0.00827083
0.0104601
0.0120358
0.0133427
0.0145176
0.0156361
0.0167482
0.0179
0.0191446
0.0205321
0.0221282
0.0240946
0.0266966
0.0302906
0.0353387
0.0423557
0.0517998
0.0639647
0.0789502
0.0967232
0.117209
0.140272
0.165283
0.180432
0.179426
0.17865
0.178851
0.179362
0.179821
0.180562
0.182237
0.185144
0.18659
0.179516
0.167129
0.155636
0.145972
0.13851
0.133484
0.00389036
0.00793163
0.010115
0.0117148
0.0130546
0.0142525
0.0153695
0.0164419
0.017504
0.0186128
0.0198283
0.0212288
0.0229521
0.0252331
0.0284084
0.0329342
0.0393547
0.048209
0.0599127
0.0746977
0.0926584
0.113879
0.138379
0.165428
0.178417
0.174087
0.172536
0.172926
0.174205
0.176017
0.177844
0.178773
0.176381
0.167652
0.15661
0.146455
0.137698
0.13071
0.125862
0.123581
0.00367221
0.00757714
0.0097572
0.0113794
0.0127503
0.0139717
0.0150893
0.0161234
0.0170969
0.018057
0.0190656
0.0202196
0.0216412
0.0235189
0.0261336
0.029881
0.0352684
0.042855
0.053138
0.0664518
0.0829614
0.102841
0.126534
0.15473
0.167351
0.165516
0.164996
0.165966
0.166999
0.166916
0.165247
0.160628
0.152369
0.143494
0.134882
0.127248
0.121017
0.116615
0.114549
0.115578
0.00348548
0.00726309
0.00939543
0.0110203
0.0124132
0.0136597
0.0147854
0.0157807
0.0166427
0.0174435
0.0182573
0.019168
0.0202796
0.0217369
0.0237495
0.0266178
0.0307482
0.0366332
0.0447735
0.0555594
0.0691698
0.0855617
0.104522
0.125237
0.142353
0.146168
0.146048
0.146866
0.146888
0.144215
0.139855
0.134236
0.127569
0.120754
0.114442
0.109193
0.105517
0.103959
0.10527
0.110661
0.00333074
0.00699936
0.00905746
0.0106431
0.0120246
0.013285
0.0144258
0.015405
0.0161498
0.0167888
0.0174235
0.0181184
0.0189541
0.0200351
0.0215059
0.0235689
0.0265033
0.0306699
0.0364811
0.0443189
0.0544177
0.0667469
0.0809392
0.0960883
0.109884
0.11683
0.119159
0.120019
0.119314
0.116994
0.11344
0.109077
0.10425
0.0994845
0.0954109
0.0926878
0.0919152
0.0938219
0.0995865
0.110771
0.00321556
0.00677595
0.00873706
0.0102439
0.0115658
0.0127849
0.013906
0.0148518
0.0155793
0.0161068
0.0165899
0.0171029
0.0177091
0.0184846
0.0195268
0.0209612
0.0229547
0.0257286
0.0295572
0.0347339
0.0414942
0.0499042
0.0597423
0.0703908
0.0805933
0.0879888
0.0917586
0.0931079
0.0927741
0.091182
0.0887834
0.0859252
0.0829043
0.0802359
0.0786253
0.0787968
0.0814711
0.087762
0.0993314
0.117613
0.00314135
0.00659494
0.00845545
0.00987129
0.0111056
0.0122374
0.01325
0.0140266
0.0147585
0.0152903
0.0156968
0.0160866
0.0165233
0.0170758
0.0178156
0.0188156
0.0201624
0.0219723
0.024398
0.0276194
0.0318093
0.0370683
0.0433331
0.0502815
0.0572615
0.0632459
0.0672491
0.0690846
0.0693485
0.0686731
0.0675168
0.0661707
0.0649714
0.0644844
0.0654956
0.0688427
0.0755911
0.0872537
0.105377
0.131114
0.003098
0.00641942
0.00819946
0.00954347
0.0106934
0.0117183
0.0125979
0.013215
0.0137795
0.0143216
0.0147287
0.0150522
0.0153805
0.0157907
0.0163399
0.0170643
0.0179982
0.0191954
0.0207319
0.022702
0.0252059
0.0283195
0.0320458
0.0362512
0.0406139
0.0446446
0.0477939
0.0497042
0.0505868
0.0508326
0.050807
0.0508778
0.051479
0.053243
0.0570405
0.0639594
0.0753439
0.0927187
0.117331
0.150524
0.00301432
0.00618807
0.00789488
0.00917426
0.010247
0.0111754
0.0119387
0.0124588
0.0128772
0.0133099
0.0136977
0.0140144
0.0143003
0.0146369
0.0150766
0.0156291
0.0162992
0.0171134
0.0181087
0.0193309
0.0208294
0.0226454
0.0247894
0.0272107
0.0297671
0.03223
0.0343498
0.0359597
0.0371113
0.038015
0.0389624
0.0403184
0.0425973
0.0465701
0.0533072
0.0640984
0.0803098
0.103366
0.134643
0.176289
0.00285795
0.00586396
0.00749502
0.00871045
0.0097185
0.0105708
0.0112546
0.0117322
0.0120903
0.0124275
0.0127467
0.0130364
0.0133104
0.0136125
0.013985
0.0144225
0.0149204
0.0154967
0.0161685
0.0169558
0.017882
0.0189669
0.020217
0.0216133
0.0231006
0.0245905
0.0259902
0.0272572
0.0284495
0.0297159
0.0313343
0.0337196
0.0375177
0.0436875
0.0534642
0.0681762
0.0891476
0.117876
0.15625
0.207219
0.00265176
0.00547396
0.00702619
0.00818513
0.00914319
0.00994173
0.0105771
0.0110495
0.0114003
0.0116958
0.0119626
0.0122044
0.0124458
0.0127138
0.0130272
0.0133816
0.0137748
0.0142114
0.0146948
0.0152329
0.0158387
0.0165243
0.0172955
0.0181475
0.0190634
0.0200199
0.0210043
0.0220297
0.0231826
0.024642
0.0267243
0.0299534
0.0351515
0.0434557
0.056189
0.0747198
0.100544
0.135539
0.182172
0.243556
0.00243107
0.00506175
0.00653054
0.00763652
0.00855219
0.00931354
0.00992462
0.0103957
0.0107505
0.0110356
0.011283
0.0115103
0.0117334
0.0119741
0.0122443
0.0125439
0.012869
0.0132181
0.0135894
0.013983
0.0144077
0.0148735
0.0153883
0.0159553
0.0165734
0.0172459
0.0179933
0.0188697
0.0199916
0.0215788
0.0240227
0.0279802
0.0344429
0.0446904
0.0601683
0.0825119
0.113763
0.156674
0.214918
0.291667
0.00223156
0.0046698
0.00604859
0.00709661
0.0079675
0.00870002
0.00930348
0.00978444
0.010161
0.010473
0.0107432
0.0109894
0.0112261
0.0114662
0.0117188
0.0119859
0.0122649
0.0125537
0.0128502
0.0131539
0.0134694
0.0138047
0.0141701
0.0145743
0.0150237
0.0155346
0.0161451
0.0169316
0.0180384
0.0197315
0.0224861
0.02709
0.0346819
0.0466711
0.064698
0.0908326
0.127896
0.179628
0.250923
0.345221
0.00208227
0.00435639
0.00564833
0.00664132
0.00747462
0.0081899
0.00880297
0.00932157
0.00975205
0.010119
0.0104454
0.0107442
0.011024
0.011292
0.0115544
0.0118134
0.0120677
0.012316
0.0125576
0.0127931
0.013028
0.0132695
0.013529
0.0138184
0.01415
0.0145484
0.0150626
0.0157846
0.0168854
0.0186834
0.0217548
0.0270504
0.0359188
0.050029
0.0714417
0.102951
0.148452
0.212956
0.303189
0.422231
0.00200278
0.00418593
0.00542544
0.00639174
0.00721778
0.00794726
0.00860104
0.00918958
0.00971423
0.0101785
0.0105946
0.0109717
0.0113158
0.0116315
0.011923
0.0121923
0.0124381
0.0126582
0.0128527
0.0130241
0.0131806
0.0133319
0.0134905
0.0136716
0.0138934
0.0141872
0.0146106
0.0152705
0.0163689
0.0182931
0.0217623
0.027975
0.0386198
0.0558084
0.0822891
0.122032
0.180967
0.268127
0.395954
0.484608
0.00202828
0.00424147
0.00550994
0.00651814
0.00740148
0.0082042
0.00895045
0.00965363
0.0103118
0.0109156
0.01146
0.0119451
0.012374
0.0127509
0.013081
0.013366
0.0136038
0.0137921
0.013932
0.014028
0.0140911
0.014136
0.0141763
0.0142317
0.0143265
0.0144983
0.0148134
0.0153955
0.0164852
0.0185605
0.022529
0.0298876
0.042645
0.0631603
0.094379
0.140443
0.207485
0.304887
0.441318
0.503692
0.00222406
0.00465398
0.00608463
0.00724306
0.00827971
0.00923775
0.0101428
0.0110128
0.0118434
0.012617
0.0133164
0.0139351
0.0144715
0.0149268
0.0153032
0.0156005
0.0158185
0.0159601
0.0160295
0.0160313
0.015975
0.0158813
0.0157719
0.0156708
0.0156062
0.0156214
0.0157917
0.0162587
0.0173061
0.0195128
0.0239863
0.0324789
0.0471464
0.0702868
0.104658
0.154193
0.224997
0.325819
0.471077
0.511499
0.00269688
0.00559791
0.00734814
0.00878409
0.0100857
0.0112949
0.0124323
0.0135205
0.0145547
0.0155155
0.0163817
0.0171443
0.0177977
0.0183395
0.0187686
0.0190811
0.0192768
0.0193613
0.019345
0.0192352
0.0190409
0.0187834
0.0184923
0.0181964
0.0179304
0.0177438
0.0177194
0.0180122
0.0189384
0.0211551
0.0259127
0.0351104
0.0508364
0.0751025
0.110253
0.159702
0.228849
0.326391
0.466903
0.498801
0.00350882
0.00720392
0.00943955
0.0112697
0.0129387
0.014505
0.0159636
0.0173209
0.0185795
0.0197333
0.0207692
0.0216769
0.0224462
0.0230716
0.0235501
0.0238807
0.0240655
0.0241043
0.024004
0.0237765
0.0234367
0.0230054
0.0225118
0.0219903
0.021484
0.0210509
0.020779
0.0208274
0.021519
0.023528
0.0281543
0.0374018
0.0533087
0.0776592
0.112553
0.161191
0.228716
0.323191
0.454783
0.490707
0.00463732
0.0094602
0.0123506
0.0146931
0.0168193
0.0188107
0.0206629
0.0223545
0.0238829
0.0252526
0.0264637
0.0275103
0.0283868
0.0290914
0.0296232
0.0299807
0.0301647
0.0301729
0.030007
0.0296782
0.0292032
0.0286033
0.0279071
0.0271508
0.0263823
0.0256681
0.0251003
0.0248336
0.0251719
0.026747
0.0308425
0.0395364
0.0549437
0.0788422
0.113315
0.161707
0.229512
0.325465
0.460271
0.497305
0.00601334
0.0122868
0.016002
0.0189691
0.021626
0.0240827
0.0263427
0.0283981
0.0302376
0.0318578
0.0332655
0.0344639
0.0354555
0.0362427
0.0368322
0.0372277
0.0374276
0.037429
0.0372303
0.0368375
0.0362626
0.0355248
0.0346522
0.0336795
0.0326542
0.0316445
0.0307439
0.0301007
0.0299859
0.030965
0.0342602
0.0419455
0.0563402
0.0794595
0.113619
0.162466
0.23217
0.332909
0.478748
0.517468
0.00756072
0.0156134
0.0203267
0.0240293
0.0272749
0.0302066
0.0328642
0.0352549
0.0373817
0.0392475
0.0408576
0.0422209
0.0433473
0.0442444
0.0449192
0.0453763
0.0456202
0.0456515
0.0454667
0.0450665
0.0444562
0.0436472
0.0426594
0.0415229
0.0402813
0.0389962
0.0377565
0.0367029
0.0360768
0.0363915
0.0387782
0.0452462
0.0583723
0.0806328
0.114781
0.165046
0.238536
0.347657
0.510991
0.54627
0.00921253
0.0194214
0.0253087
0.0298376
0.0337122
0.0371275
0.0401532
0.0428238
0.0451664
0.0472067
0.0489675
0.0504684
0.0517231
0.052741
0.0535317
0.0541011
0.0544504
0.0545759
0.0544732
0.0541438
0.053589
0.0528114
0.0518181
0.0506245
0.0492621
0.047781
0.0462568
0.0448149
0.0436797
0.0433427
0.0448433
0.0500944
0.0618733
0.0831971
0.117419
0.169416
0.247549
0.365947
0.544935
0.573618
0.0110492
0.0236377
0.0309622
0.0364593
0.0410039
0.0448714
0.0481888
0.0510389
0.053489
0.0555971
0.0574118
0.0589712
0.0603022
0.0614195
0.0623333
0.0630482
0.0635608
0.0638648
0.063954
0.0638205
0.0634548
0.0628571
0.062029
0.0609699
0.0596914
0.0582182
0.0565957
0.0549145
0.0533828
0.0524931
0.0532337
0.0574561
0.0680413
0.0884227
0.122451
0.175505
0.256768
0.382444
0.576273
0.594289
0.0130615
0.0285115
0.0376057
0.0442013
0.049388
0.0535786
0.0570075
0.0598433
0.0622189
0.0642389
0.065983
0.0675083
0.0688512
0.0700309
0.0710543
0.0719223
0.0726329
0.0731822
0.073568
0.0737837
0.073813
0.0736404
0.0732514
0.0726515
0.0718562
0.0708582
0.0696377
0.0681956
0.0666495
0.0654466
0.0656176
0.0690613
0.0787082
0.0982219
0.131668
0.184586
0.266758
0.395868
0.598025
0.597008
0.015511
0.0347866
0.0460756
0.0537818
0.0593658
0.0635193
0.0666797
0.0691562
0.0711715
0.0728838
0.0744006
0.0757897
0.0770875
0.0783068
0.0794429
0.0804855
0.0814304
0.0822793
0.0830424
0.0837361
0.0843736
0.0849546
0.0854611
0.0859106
0.0863741
0.0868843
0.0873533
0.0875433
0.0871773
0.0863254
0.0860078
0.08841
0.0966256
0.114324
0.145389
0.195349
0.274187
0.3996
0.599701
0.569758
0.021006
0.0451348
0.0584801
0.0665438
0.0716062
0.0748763
0.0770834
0.0786896
0.0799851
0.0811495
0.0822905
0.0834643
0.0846909
0.0859625
0.087246
0.0885042
0.0897325
0.0909396
0.0921632
0.0934626
0.0949076
0.0965784
0.0985769
0.10107
0.104341
0.108703
0.114208
0.120204
0.125075
0.126622
0.124956
0.124013
0.128466
0.141567
0.166515
0.208532
0.277303
0.390079
0.576921
0.50578
0.0426899
0.0676259
0.0785441
0.0838314
0.0861526
0.0871143
0.0875
0.0877233
0.0880067
0.0884676
0.0891653
0.0901189
0.0913174
0.0927227
0.0942508
0.0957906
0.0973882
0.0990437
0.100821
0.102842
0.105251
0.108271
0.112331
0.11827
0.127214
0.140851
0.160797
0.183702
0.202985
0.209338
0.200641
0.188833
0.181112
0.180404
0.190981
0.219074
0.272315
0.361827
0.515102
0.403052
0.0688965
0.0953532
0.102359
0.10207
0.0997773
0.097772
0.0962292
0.0950697
0.0943738
0.0941731
0.0944848
0.0953049
0.0966003
0.098321
0.100327
0.102108
0.104221
0.106558
0.109084
0.112004
0.115438
0.119672
0.125493
0.136514
0.154855
0.183701
0.240257
0.317482
0.390139
0.403535
0.355149
0.296693
0.25281
0.222398
0.200502
0.199982
0.226071
0.284272
0.366365
0.249527
0.0983163
0.102727
0.104808
0.104403
0.103107
0.102151
0.100624
0.098878
0.0976758
0.0971518
0.097354
0.0982791
0.0999121
0.102345
0.105529
0.106621
0.109069
0.11287
0.116307
0.120163
0.124292
0.128088
0.125991
0.134468
0.142491
0.136271
0.307516
0.524177
0.622226
0.60795
0.535245
0.407369
0.294798
0.215961
0.129495
0.124185
0.121141
0.132673
0.135383
0.112208
)
;

boundaryField
{
    inlet
    {
        type            kqRWallFunction;
        value           nonuniform List<scalar> 10(0.00155138 0.000580196 0.00034797 0.000225725 0.000141634 0.000141567 0.00022562 0.000347866 0.000580123 0.00155136);
    }
    inletWall
    {
        type            kqRWallFunction;
        value           nonuniform List<scalar> 
30
(
0.00182759
0.00178488
0.00171341
0.00163484
0.00155138
0.00284665
0.00230432
0.00204925
0.00186755
0.00178731
0.0110953
0.00490546
0.00440515
0.00391719
0.00335758
0.0018276
0.00178487
0.00171339
0.00163482
0.00155136
0.00284756
0.00230426
0.00204916
0.0018675
0.00178728
0.0144973
0.00495061
0.00441682
0.00392194
0.00335947
)
;
    }
    bottleWall
    {
        type            kqRWallFunction;
        value           nonuniform List<scalar> 
290
(
7.19347e-05
0.000122301
0.000231203
0.00055704
0.00116639
0.0014082
0.00148113
0.0019155
0.00234774
0.00275228
0.00321496
0.0037526
0.00440483
0.00516527
0.00597591
0.00672868
0.00734383
0.00784185
0.0082903
0.00874945
0.00928911
0.00996978
0.0108461
0.0119695
0.0133971
0.0152038
0.0174897
0.0203792
0.023991
0.0283711
0.0334128
0.038817
0.0441266
0.0488364
0.0525726
0.0551612
0.0564591
0.0564057
0.0545631
0.0513522
0.047602
0.0440124
0.0410284
0.0388403
0.0374682
0.0368686
0.0369411
0.0375669
0.0386573
0.0401528
0.0420248
0.0442679
0.0468743
0.0498072
0.052991
0.0563252
0.0596972
0.0629911
0.0661004
0.0689371
0.0714389
0.0736843
0.0767783
0.0794173
0.0812531
0.0821557
0.0820149
0.0807536
0.0783505
0.0748716
0.0704882
0.0654384
0.0600611
0.055177
0.0508451
0.0473201
0.0448141
0.0433358
0.0426916
0.0425911
0.0425242
0.0419725
0.040749
0.0392084
0.0373792
0.0353029
0.0330284
0.0306149
0.0281165
0.0255747
0.023044
0.0206202
0.018418
0.0165223
0.0150228
0.0147427
0.0283274
0.114546
0.193802
0.148206
0.000451155
0.000454788
0.000457965
0.000460661
0.000462912
0.000464809
0.000466502
0.000468193
0.000470129
0.000472591
0.000475866
0.000480236
0.000485987
0.000493445
0.000503042
0.000515422
0.000531608
0.000553297
0.000581003
0.000611111
0.000642445
0.000673378
0.000701671
0.000725447
0.000745012
0.00076206
0.000775592
0.000780014
0.000768625
0.00073756
0.000686591
0.000619534
0.000544801
0.000475781
0.000443428
0.000380458
0.000303986
0.000232324
0.000163957
7.19347e-05
0.0004445
0.000443201
0.000442547
0.000443518
0.00044287
0.000443413
0.000444559
0.000444101
0.000443779
0.00044743
0.000190768
0.000319664
0.000396242
0.000443097
0.000442965
0.000444458
0.000458805
0.000482976
0.000505245
0.00052364
0.000538031
0.000548743
0.000556188
0.00056078
0.000562954
0.000563049
0.00056136
0.000558124
0.000553552
0.000547813
0.000541105
0.000534474
0.000528476
0.000522663
0.000516778
0.000510699
0.000504384
0.000497841
0.000491112
0.000484265
0.000477392
0.000470597
0.000463993
0.000457692
0.000451792
0.000446386
0.000444272
0.000444266
0.000443481
0.000444546
0.000190768
0.000261682
0.000451472
0.000642363
0.000814259
0.000963995
0.0010932
0.00120285
0.00129186
0.00135676
0.00139313
0.00139003
0.00139326
0.00139462
0.00140458
0.00140521
0.00140658
0.00148944
0.00157412
0.00166117
0.0017451
0.0018231
0.00189477
0.0019614
0.0020239
0.00208491
0.00214148
0.00219016
0.0022277
0.00225196
0.0022644
0.00227134
0.00228187
0.00230468
0.00234061
0.00238867
0.00244762
0.00251385
0.00258686
0.0026597
0.00272834
0.00281139
0.00290369
0.00298333
0.00304875
0.0031063
0.00315894
0.00320761
0.00325073
0.00327987
0.00329114
0.00328318
0.00327223
0.0032612
0.00325934
0.00328755
0.00337014
0.00351438
0.00370058
0.00392916
0.00410297
0.00420955
0.00427715
0.00431497
0.00437786
0.00446907
0.00448648
0.00448702
0.00443382
0.00431166
0.00412085
0.00389036
0.00367221
0.00348548
0.00333074
0.00321556
0.00314135
0.003098
0.00301432
0.00285795
0.00265176
0.00243107
0.00223156
0.00208227
0.00200278
0.00202828
0.00222406
0.00269688
0.00350882
0.00463732
0.00601334
0.00756072
0.00921253
0.0110492
0.0130615
0.015511
0.021006
0.0426899
0.0688965
0.0983163
)
;
    }
    atmosphere
    {
        type            inletOutlet;
        inletValue      uniform 0.1;
        value           nonuniform List<scalar> 
80
(
0.1
0.1
0.1
0.1
0.1
0.179142
0.206235
0.220592
0.230831
0.235559
0.228433
0.203529
0.1611
0.1
0.1
0.1
0.1
0.1
0.1
0.1
0.186972
0.211809
0.249362
0.367284
0.4967
0.616447
0.699545
0.735609
0.727782
0.678148
0.578804
0.435279
0.28765
0.1
0.1
0.1
0.1
0.1
0.1
0.148206
0.1
0.1
0.1
0.1
0.1
0.1
0.100624
0.098878
0.0976758
0.0971518
0.097354
0.0982791
0.0999121
0.102345
0.1
0.106621
0.1
0.11287
0.116307
0.120163
0.124292
0.128088
0.1
0.1
0.1
0.1
0.307516
0.524177
0.622226
0.60795
0.535245
0.407369
0.294798
0.215961
0.1
0.1
0.1
0.1
0.1
0.1
)
;
    }
    frontAndBack
    {
        type            empty;
    }
}


// ************************************************************************* //
