/*--------------------------------*- C++ -*----------------------------------*\
  =========                 |
  \\      /  F ield         | OpenFOAM: The Open Source CFD Toolbox
   \\    /   O peration     | Website:  https://openfoam.org
    \\  /    A nd           | Version:  8
     \\/     M anipulation  |
\*---------------------------------------------------------------------------*/
FoamFile
{
    version     2.0;
    format      ascii;
    class       volScalarField;
    location    "4.9";
    object      k;
}
// * * * * * * * * * * * * * * * * * * * * * * * * * * * * * * * * * * * * * //

dimensions      [0 2 -2 0 0 0 0];

internalField   nonuniform List<scalar> 
9150
(
0.00182764
0.000940976
0.000475574
0.000301376
0.000191967
0.000191862
0.000301239
0.000475433
0.000940837
0.00182764
0.00178493
0.000746818
0.000398825
0.000256668
0.000160534
0.000160448
0.000256541
0.000398698
0.0007467
0.00178492
0.00171344
0.000651475
0.000365814
0.000236588
0.000147933
0.000147857
0.000236471
0.000365694
0.00065137
0.00171343
0.00163487
0.000601445
0.000352685
0.000228533
0.000143132
0.000143061
0.000228421
0.000352569
0.000601352
0.00163485
0.0015514
0.000579964
0.000347907
0.000225699
0.000141625
0.000141556
0.00022559
0.000347792
0.000579875
0.00155138
0.00284749
0.00255403
0.00185119
0.0016132
0.00132517
0.00132536
0.0016145
0.0018542
0.0025585
0.00284814
0.00230478
0.00150387
0.00128042
0.00120721
0.000971364
0.000971263
0.0012076
0.00128166
0.00150468
0.0023047
0.00204961
0.00125242
0.000887644
0.000806068
0.000623636
0.00062347
0.000806093
0.000887963
0.00125246
0.00204952
0.00186777
0.0011105
0.000649372
0.000529406
0.000385082
0.000384931
0.000529291
0.000649348
0.00111033
0.00186771
0.00178741
0.00102081
0.000523965
0.000371395
0.000252127
0.000252004
0.000371253
0.000523838
0.00102062
0.00178738
0.0117549
0.00499258
0.00258622
0.00189292
0.00153478
0.00153051
0.00189096
0.00264177
0.00552537
0.013626
0.00491321
0.00380275
0.00250529
0.0018893
0.0015415
0.0015395
0.00188946
0.0025039
0.00375211
0.00494429
0.004408
0.00343173
0.00248569
0.00188741
0.00154874
0.0015485
0.00189028
0.00248901
0.00341476
0.00441706
0.00391904
0.00315467
0.00246968
0.00188429
0.00155576
0.00155641
0.00188749
0.0024737
0.00315817
0.0039227
0.00335877
0.00309967
0.00236706
0.00183913
0.00152832
0.0015291
0.00184184
0.00237127
0.0031082
0.00336018
0.000490072
0.000487659
0.000485323
0.000483007
0.000480668
0.000478279
0.00047586
0.000473589
0.000471968
0.000471346
0.00107975
0.00108242
0.00108492
0.00108717
0.00108907
0.00109057
0.00109158
0.00109209
0.00109208
0.00109163
0.00147412
0.00147878
0.00148319
0.00148725
0.00149092
0.00149413
0.00149681
0.00149892
0.00150048
0.00150149
0.00179319
0.00180061
0.00180791
0.00181505
0.00182196
0.00182857
0.00183486
0.00184084
0.00184649
0.00185181
0.00208242
0.00209416
0.00210619
0.00211841
0.0021308
0.00214335
0.00215607
0.00216895
0.00218198
0.00219511
0.0023642
0.00238246
0.00240158
0.00242157
0.00244243
0.00246416
0.00248676
0.00251019
0.00253442
0.00255936
0.00265389
0.0026815
0.00271089
0.00274207
0.00277503
0.00280973
0.00284612
0.00288411
0.00292357
0.00296432
0.00296421
0.0030048
0.00304828
0.00309461
0.0031437
0.00319542
0.00324957
0.00330593
0.00336418
0.00342398
0.00330669
0.00336438
0.00342614
0.00349177
0.00356099
0.00363344
0.00370866
0.00378617
0.00386541
0.00394578
0.00369147
0.00377052
0.00385465
0.00394335
0.00403597
0.00413178
0.00422994
0.0043296
0.00442994
0.00453013
0.00412643
0.0042307
0.00434058
0.00445509
0.00457308
0.00469327
0.00481437
0.00493517
0.00505463
0.00517185
0.00461613
0.00474848
0.00488629
0.00502798
0.00517179
0.00531588
0.00545846
0.005598
0.00573336
0.00586383
0.00516103
0.00532304
0.00548962
0.00565859
0.00582765
0.00599444
0.00615673
0.00631262
0.00646095
0.0066014
0.00575774
0.00594978
0.00614489
0.00634046
0.00653386
0.00672246
0.00690371
0.00707525
0.0072356
0.00738483
0.00640044
0.00662222
0.0068452
0.0070665
0.00728344
0.00749353
0.00769433
0.0078832
0.00805775
0.00821809
0.00708262
0.00733408
0.00758474
0.0078315
0.00807179
0.00830352
0.00852485
0.00873363
0.0089269
0.00910386
0.00779752
0.00807956
0.00835896
0.00863233
0.00889717
0.00915196
0.0093959
0.00962825
0.00984796
0.0100534
0.00853811
0.0088529
0.00916393
0.00946729
0.00976051
0.010043
0.0103155
0.0105787
0.010835
0.0110872
0.00929683
0.00964729
0.00999409
0.0103323
0.0106593
0.0109762
0.0112867
0.0115949
0.0119059
0.0122231
0.0100673
0.0104565
0.0108443
0.0112244
0.0115936
0.0119561
0.0123193
0.0126894
0.0130709
0.013468
0.0108459
0.0112747
0.0117072
0.012136
0.0125576
0.0129803
0.0134121
0.0138593
0.0143247
0.0148135
0.0116384
0.0121051
0.0125795
0.0130577
0.013543
0.0140401
0.0145558
0.0150931
0.0156548
0.0162459
0.0124494
0.0129534
0.0134694
0.0140039
0.0145643
0.0151463
0.0157542
0.01639
0.0170559
0.0177564
0.0132755
0.0138199
0.0143883
0.0149943
0.0156387
0.0163127
0.0170186
0.017758
0.018533
0.019347
0.0141459
0.0147369
0.0153638
0.0160433
0.0167729
0.0175441
0.0183551
0.0192055
0.020096
0.0210292
0.0150554
0.0157024
0.0163995
0.0171612
0.0179816
0.0188551
0.0197775
0.0207462
0.0217599
0.0228193
0.0160183
0.0167252
0.0175006
0.0183535
0.0192751
0.0202592
0.0213006
0.0223947
0.0235387
0.0247313
0.0170547
0.0178267
0.0186839
0.0196323
0.020662
0.0217643
0.0229314
0.0241573
0.0254372
0.0267681
0.0181811
0.019024
0.0199678
0.0210148
0.0221546
0.0233769
0.0246721
0.0260317
0.0274489
0.0289184
0.0194192
0.0203351
0.021365
0.0225103
0.0237588
0.0250998
0.0265218
0.0280139
0.0295664
0.0311715
0.0207861
0.0217756
0.0228861
0.0241233
0.025477
0.0269338
0.0284797
0.030101
0.0317852
0.033522
0.022286
0.0233523
0.0245414
0.0258636
0.0273144
0.0288801
0.0305441
0.0322898
0.0341019
0.0359667
0.0239183
0.0250656
0.0263331
0.0277312
0.0292666
0.0309322
0.0327087
0.0345747
0.0365111
0.0385011
0.0256902
0.026919
0.0282458
0.029702
0.0313148
0.0330773
0.0349631
0.0369447
0.0389999
0.0411101
0.0275848
0.0288966
0.0302642
0.0317581
0.0334455
0.0353085
0.0373001
0.0393875
0.0415518
0.0437753
0.0295487
0.0308605
0.0322363
0.0338415
0.035663
0.0376399
0.0397177
0.0418879
0.0441473
0.0464775
0.0316265
0.0329257
0.0343195
0.0360105
0.0379286
0.039975
0.0421256
0.0443915
0.0467623
0.049208
0.0339064
0.0352777
0.036692
0.0383367
0.0402244
0.0423046
0.0445549
0.04694
0.0494306
0.0519891
0.0364379
0.0379265
0.0394071
0.041019
0.0428481
0.0449034
0.0471737
0.0496249
0.0522005
0.0548407
0.0391929
0.0407892
0.0423735
0.0440355
0.0458596
0.047886
0.0501273
0.0525718
0.0551616
0.0578238
0.0420927
0.0438224
0.0455257
0.0472777
0.0491568
0.0511991
0.0534254
0.055836
0.0583877
0.0610157
0.0450945
0.0469828
0.0488336
0.0507146
0.0526859
0.0547813
0.0570188
0.0593982
0.0618918
0.0644549
0.0482236
0.0502942
0.0523201
0.0543491
0.0564249
0.0585849
0.0608444
0.0632018
0.0656447
0.0681451
0.0514895
0.0537567
0.0559686
0.0581486
0.0603331
0.0625639
0.0648524
0.0671978
0.069602
0.0720632
0.0548551
0.0573159
0.0597139
0.0620513
0.0643575
0.0666679
0.0689886
0.0713277
0.0737138
0.0761666
0.0583423
0.0609748
0.0635321
0.0660142
0.0684409
0.0708336
0.0731838
0.0755153
0.0779026
0.0803805
0.0619709
0.0647505
0.0674361
0.0700298
0.0725488
0.0750023
0.0773674
0.0797015
0.0821142
0.0846356
0.0657585
0.0686545
0.071431
0.0740951
0.0766653
0.0791508
0.081542
0.083909
0.0863585
0.0889318
0.069736
0.0727077
0.0755256
0.0782099
0.0807894
0.0832876
0.0857232
0.0881567
0.0906656
0.0933028
0.0739653
0.0769605
0.0797587
0.0824107
0.0849685
0.0874706
0.0899568
0.0924785
0.0950792
0.0978037
0.0785239
0.0814834
0.0841941
0.0867649
0.0892798
0.0917941
0.0943477
0.0969747
0.0996992
0.102551
0.0834073
0.086257
0.0888319
0.0913122
0.0938011
0.096352
0.0989987
0.101762
0.104657
0.107699
0.0884959
0.0911997
0.0936034
0.0960158
0.098517
0.10115
0.103948
0.106923
0.110088
0.11346
0.0935563
0.0959864
0.098396
0.100838
0.103446
0.106297
0.109405
0.112782
0.11646
0.120489
0.0975479
0.100715
0.103575
0.106116
0.109091
0.112543
0.116325
0.120514
0.125239
0.130582
0.100047
0.103797
0.107494
0.111244
0.115413
0.120167
0.125484
0.131494
0.138243
0.145581
0.101164
0.105126
0.109722
0.114925
0.120592
0.126321
0.131817
0.137391
0.143947
0.152111
0.100931
0.105395
0.110048
0.115015
0.120173
0.125417
0.131149
0.138104
0.146687
0.156574
0.0981448
0.10311
0.108261
0.11379
0.119455
0.125107
0.130981
0.136888
0.14283
0.149101
0.0952435
0.100404
0.105741
0.111338
0.117162
0.123037
0.128867
0.134627
0.140293
0.145875
0.0924717
0.0979477
0.103656
0.109627
0.115799
0.121995
0.127969
0.133614
0.139038
0.144456
0.0896528
0.0954026
0.101346
0.107365
0.113493
0.119523
0.125051
0.130269
0.135784
0.141826
0.0854476
0.0907208
0.0959751
0.101392
0.107011
0.112828
0.118927
0.125523
0.132878
0.141276
0.0794445
0.0843089
0.08943
0.0949201
0.100913
0.107604
0.11525
0.123993
0.134114
0.145939
0.0745165
0.0794452
0.0849652
0.0912052
0.0983849
0.106696
0.116416
0.12785
0.141392
0.157493
0.0712567
0.0768039
0.0832495
0.0908139
0.0996844
0.110155
0.122573
0.137369
0.155069
0.176014
0.0694761
0.0761263
0.0839846
0.0933048
0.104377
0.117539
0.133196
0.151878
0.174033
0.198304
0.0693294
0.0773109
0.0868989
0.0983812
0.11207
0.128318
0.147589
0.17033
0.195828
0.218963
0.0709962
0.0806039
0.0922165
0.106158
0.122757
0.142389
0.165492
0.191931
0.217298
0.233611
0.0744599
0.0860011
0.0999697
0.116702
0.136531
0.159842
0.186702
0.214347
0.233918
0.238447
0.0800909
0.0938712
0.110527
0.1304
0.153828
0.180985
0.210391
0.233755
0.241377
0.23224
0.0878891
0.104377
0.124208
0.147724
0.175205
0.205901
0.233084
0.244468
0.236457
0.218934
0.0983057
0.118059
0.141677
0.169498
0.201228
0.232022
0.247985
0.241628
0.223418
0.204823
0.111767
0.13549
0.163682
0.19636
0.230799
0.252747
0.248632
0.229537
0.209109
0.192073
0.128738
0.157376
0.191191
0.228773
0.257596
0.258054
0.238164
0.215119
0.19553
0.181064
0.14989
0.184724
0.225151
0.262595
0.270723
0.250092
0.223612
0.200565
0.183195
0.172216
0.175987
0.218229
0.264586
0.286545
0.26676
0.235912
0.208286
0.186918
0.172748
0.166164
0.208361
0.259743
0.301713
0.290443
0.254178
0.220451
0.193574
0.174773
0.16471
0.16342
0.248045
0.308633
0.322014
0.281138
0.239537
0.205142
0.17976
0.164421
0.159461
0.164366
0.296896
0.347379
0.319602
0.268735
0.2243
0.189975
0.166991
0.156185
0.157367
0.169313
0.352664
0.369732
0.309824
0.25359
0.208083
0.17486
0.155397
0.150303
0.158661
0.178409
0.39775
0.367272
0.297185
0.237605
0.191473
0.160081
0.145215
0.146982
0.163458
0.191605
0.423312
0.35202
0.279838
0.219718
0.17406
0.14557
0.13658
0.146378
0.171747
0.208637
0.434619
0.344661
0.265221
0.202266
0.156618
0.131647
0.12969
0.148553
0.183348
0.229063
0.441933
0.330854
0.246275
0.182434
0.138141
0.118072
0.124551
0.153422
0.197979
0.252473
0.401102
0.302117
0.223025
0.161396
0.119387
0.105215
0.121204
0.160721
0.215268
0.278455
0.38359
0.284052
0.20469
0.14255
0.101572
0.0933948
0.119407
0.169966
0.235085
0.307698
0.372787
0.270417
0.188953
0.125115
0.0844484
0.0822964
0.118404
0.180296
0.257297
0.341737
0.364155
0.258992
0.174663
0.108643
0.0679395
0.0714858
0.117007
0.19027
0.281106
0.381575
0.358015
0.248653
0.160841
0.0927032
0.0521688
0.0605241
0.113659
0.197616
0.304249
0.426298
0.353558
0.238165
0.146459
0.0769538
0.0376119
0.0491764
0.10673
0.199319
0.322426
0.470374
0.349908
0.226496
0.130868
0.0614729
0.025102
0.0376836
0.095284
0.192724
0.331116
0.509224
0.344582
0.212208
0.113633
0.0466572
0.0154129
0.0267863
0.0795453
0.175974
0.324781
0.535081
0.334007
0.1937
0.0946011
0.033159
0.00882037
0.0174586
0.0610836
0.148642
0.29554
0.523401
0.314238
0.169849
0.0743059
0.0218209
0.00494392
0.0104638
0.0428019
0.114599
0.242952
0.454525
0.281078
0.140485
0.0540806
0.0132848
0.00296775
0.00592317
0.0275121
0.0814606
0.182272
0.353035
0.235774
0.107815
0.035931
0.00763988
0.00207484
0.00336451
0.0162913
0.0542349
0.127833
0.253557
0.177187
0.0746128
0.0214939
0.00438891
0.00171077
0.00213457
0.00885016
0.0337357
0.0854363
0.170275
0.118148
0.0471479
0.0117643
0.00278165
0.00157872
0.00166375
0.00436569
0.0187721
0.055348
0.110755
0.0722257
0.0261525
0.00565538
0.00208139
0.0015384
0.00153967
0.0023062
0.0079199
0.0314244
0.0744615
0.000471475
0.00047208
0.000472844
0.000473551
0.000474052
0.000474236
0.00047402
0.000473342
0.000472173
0.000470509
0.000468378
0.000465854
0.000463051
0.000460096
0.000457126
0.000454282
0.000451686
0.00044941
0.000447556
0.000446571
0.000447653
0.000448902
0.00044943
0.000448942
0.000447541
0.000445707
0.000444189
0.000443879
0.000443047
0.000444059
0.000444341
0.000443393
0.000428921
0.000398443
0.000360444
0.00031782
0.00027129
0.000220298
0.000162935
7.79643e-05
0.00109069
0.00108907
0.00108675
0.00108366
0.00107972
0.00107485
0.00106898
0.00106208
0.00105418
0.00104532
0.00103556
0.00102507
0.00101406
0.00100281
0.000991588
0.00098064
0.000970124
0.000960127
0.000950772
0.000942314
0.00093478
0.000926996
0.000918009
0.000906907
0.000892712
0.000874438
0.000851163
0.000822243
0.000788351
0.000750588
0.000710197
0.000667963
0.000622534
0.000571551
0.000514516
0.000453371
0.000389449
0.000320863
0.000239899
0.000125345
0.00150196
0.00150172
0.00150066
0.0014987
0.00149574
0.00149168
0.00148644
0.00147996
0.00147224
0.00146333
0.00145332
0.0014424
0.00143082
0.00141886
0.00140681
0.0013949
0.00138332
0.00137223
0.00136186
0.00135257
0.00134536
0.0013395
0.00133343
0.0013256
0.00131416
0.00129687
0.00127139
0.00123554
0.00118906
0.00113401
0.00107293
0.00100648
0.000932271
0.000845825
0.000744492
0.000636567
0.000532637
0.000433291
0.000325941
0.000182834
0.00185702
0.00186201
0.00186638
0.00187
0.00187274
0.00187448
0.00187512
0.00187458
0.00187287
0.00187004
0.00186625
0.00186176
0.00185693
0.00185214
0.00184779
0.00184423
0.00184181
0.00184096
0.00184233
0.00184708
0.0018572
0.00187583
0.00190123
0.0019314
0.00196334
0.0019921
0.00201081
0.00201198
0.00199247
0.00195439
0.00189898
0.00182337
0.00171539
0.00155818
0.00133813
0.00108482
0.000845191
0.000642333
0.000456245
0.00025838
0.00220902
0.00222369
0.00223814
0.00225221
0.00226571
0.0022785
0.00229046
0.00230154
0.00231179
0.00232138
0.00233067
0.00234024
0.00235087
0.00236352
0.0023792
0.00239902
0.00242423
0.00245645
0.00249797
0.00255197
0.00262272
0.0027199
0.00284762
0.00300151
0.00317236
0.00334664
0.00350608
0.00363323
0.00371935
0.00376217
0.00374821
0.00366743
0.00349681
0.00321773
0.00280807
0.00229276
0.00174318
0.00124137
0.000786726
0.000417216
0.00258628
0.00261532
0.00264463
0.00267394
0.00270301
0.00273166
0.00275981
0.00278751
0.002815
0.00284279
0.00287183
0.00290358
0.0029401
0.00298398
0.00303823
0.00310624
0.00319207
0.00330079
0.00343882
0.00361323
0.00383048
0.00409459
0.00441814
0.00479237
0.00518467
0.00556235
0.0058965
0.00616594
0.0063596
0.00645922
0.00645096
0.00631375
0.00603293
0.00560539
0.00504676
0.00435434
0.00352658
0.00257564
0.00158794
0.00081503
0.00300838
0.00305598
0.00310409
0.00315227
0.00320021
0.00324776
0.00329502
0.00334233
0.0033904
0.00344053
0.00349495
0.0035571
0.00363164
0.00372453
0.00384284
0.00399442
0.00418805
0.0044331
0.00473823
0.0051092
0.00554613
0.00604057
0.00658062
0.00715862
0.00772004
0.00822143
0.00863476
0.0089504
0.00915842
0.00924293
0.00918373
0.00896995
0.00859704
0.0080676
0.0073906
0.0065597
0.00554217
0.0043213
0.00289621
0.00141011
0.00348814
0.00355685
0.00362562
0.00369384
0.00376115
0.00382764
0.00389386
0.00396086
0.00403024
0.00410463
0.00418847
0.0042883
0.00441274
0.00457247
0.00477973
0.00504698
0.0053858
0.0058045
0.00630437
0.00688037
0.0075222
0.00821028
0.00891703
0.00961452
0.010256
0.0108049
0.011246
0.0115668
0.0117517
0.0117843
0.0116574
0.0113692
0.0109157
0.0102892
0.00948568
0.00850342
0.007326
0.0059257
0.00420769
0.00158284
0.00403085
0.00412062
0.00420908
0.00429542
0.00437936
0.00446152
0.00454346
0.00462749
0.00471656
0.0048151
0.00493032
0.00507238
0.00525396
0.0054904
0.00579832
0.0061931
0.0066841
0.00727149
0.00794833
0.00870237
0.00951725
0.0103639
0.011197
0.0119785
0.0126734
0.0132518
0.0136999
0.0140055
0.0141553
0.014139
0.0139534
0.0135952
0.0130553
0.0123217
0.0113815
0.010225
0.0088541
0.00724872
0.00527527
0.00213403
0.00463444
0.00474262
0.00484725
0.0049473
0.00504268
0.00513491
0.00522724
0.00532398
0.00543019
0.00555237
0.00569976
0.00588527
0.00612577
0.00644098
0.00685028
0.00736763
0.00799832
0.00873808
0.00957688
0.0104995
0.0114759
0.0124603
0.0134044
0.0142711
0.0150215
0.0156312
0.0160853
0.0163743
0.016492
0.0164356
0.0162018
0.0157821
0.0151651
0.0143403
0.0132911
0.0119848
0.0104031
0.00852744
0.00622938
0.00275483
0.00529182
0.00541408
0.00553018
0.00563872
0.00573961
0.00583575
0.00593325
0.00603955
0.00616225
0.00630884
0.00648918
0.00671878
0.00701939
0.00741374
0.00792111
0.00855338
0.00931434
0.0102002
0.0111982
0.0122842
0.0134161
0.0145394
0.0156025
0.0165631
0.0173779
0.0180225
0.018485
0.0187604
0.0188487
0.0187507
0.0184654
0.017988
0.0173115
0.0164277
0.0153203
0.01395
0.0122529
0.010151
0.00747825
0.00352399
0.00599518
0.0061271
0.00625065
0.00636385
0.00646602
0.00656215
0.00666314
0.00678008
0.00692169
0.00709552
0.00731223
0.00759147
0.00795914
0.00843893
0.00904894
0.00979982
0.010693
0.0117229
0.0128741
0.0141172
0.0154068
0.0166823
0.0178809
0.018945
0.019824
0.0204957
0.0209557
0.021208
0.0212587
0.0211131
0.0207736
0.020239
0.0195057
0.0185665
0.0174076
0.0159908
0.0142333
0.0120072
0.00903049
0.00435934
0.00674065
0.00687909
0.00700828
0.00712575
0.00722918
0.00732661
0.00743574
0.00757018
0.00773841
0.00794802
0.00821141
0.00855478
0.00900747
0.00959093
0.0103195
0.0112001
0.0122313
0.0134045
0.0147034
0.0161007
0.0175552
0.0190009
0.0203502
0.0215169
0.0224376
0.0231055
0.0235347
0.0237419
0.0237406
0.0235393
0.0231418
0.0225473
0.0217504
0.0207407
0.0194978
0.0179782
0.0160912
0.0136834
0.0104127
0.00515409
0.00753048
0.00767364
0.00780738
0.00793113
0.00804501
0.00815863
0.00829196
0.00845766
0.00866342
0.00892138
0.00925388
0.00969124
0.0102582
0.0109705
0.0118384
0.0128653
0.0140468
0.0153716
0.016822
0.0183753
0.0200002
0.0216316
0.023138
0.0243719
0.0252675
0.0258728
0.0262295
0.0263646
0.0262948
0.0260283
0.025567
0.0249075
0.0240406
0.0229505
0.0216105
0.0199728
0.0179465
0.0153546
0.0117815
0.00595349
0.00837234
0.00852134
0.00865992
0.00879603
0.00894222
0.00910209
0.00928348
0.00949707
0.00975633
0.0100873
0.010525
0.0110902
0.0117977
0.0126622
0.0136924
0.0148891
0.0162449
0.0177454
0.0193709
0.0210973
0.0228937
0.0247077
0.0263445
0.0275176
0.0282812
0.0287635
0.0290125
0.0290542
0.0289017
0.0285593
0.0280253
0.0272926
0.0263482
0.0251723
0.0237349
0.0219862
0.0198366
0.0171005
0.0132853
0.00677399
0.00927429
0.00944274
0.00960855
0.00978382
0.00997934
0.0101997
0.0104478
0.0107375
0.0110923
0.0115411
0.012111
0.0128213
0.0136886
0.0147269
0.0159432
0.0173353
0.0188924
0.0205986
0.022434
0.0243739
0.0263786
0.0283469
0.0299283
0.0308594
0.0314186
0.0317409
0.0318586
0.0317889
0.0315379
0.031105
0.0304834
0.0296614
0.0286215
0.0273401
0.0257849
0.0239084
0.0216266
0.0187553
0.0147571
0.00753747
0.0102581
0.0104722
0.0106941
0.010934
0.0111991
0.0114985
0.0118426
0.0122479
0.0127364
0.0133327
0.0140594
0.0149367
0.0159841
0.0172163
0.0186387
0.0202446
0.0220195
0.0239451
0.0260033
0.0281689
0.0303667
0.0322803
0.0335121
0.0342124
0.0345962
0.0347586
0.0347365
0.0345441
0.0341831
0.0336471
0.0329234
0.0319933
0.0308315
0.0294068
0.0276806
0.0256079
0.0231165
0.0200359
0.0158169
0.0080989
0.0113507
0.0116371
0.0119396
0.0122678
0.0126336
0.0130471
0.0135217
0.0140754
0.0147287
0.0155019
0.016414
0.0174849
0.018735
0.0201807
0.0218288
0.0236697
0.0256829
0.0278484
0.0301484
0.0325203
0.034649
0.0361121
0.0369689
0.0374578
0.0376892
0.037722
0.0375835
0.0372839
0.0368221
0.0361883
0.0353635
0.034319
0.0330165
0.0314109
0.0294532
0.027094
0.0242768
0.0208683
0.0163392
0.00824171
0.0125653
0.0129459
0.0133532
0.013799
0.014296
0.0148569
0.0154974
0.0162344
0.0170872
0.018071
0.0192007
0.0204944
0.0219732
0.0236571
0.025556
0.0276628
0.0299513
0.0323899
0.0349129
0.0372228
0.0388622
0.0397969
0.040356
0.0406595
0.0407543
0.0406718
0.0404299
0.0400371
0.0394911
0.0387793
0.0378725
0.036725
0.0352771
0.0334599
0.031201
0.0284439
0.0251659
0.0212993
0.0163711
0.00801453
0.0139042
0.0143968
0.0149297
0.0155156
0.0161692
0.016906
0.0177421
0.0186939
0.0197772
0.0210027
0.0223813
0.0239278
0.0256633
0.0276135
0.0297946
0.0321976
0.0347812
0.0374314
0.0398422
0.0415997
0.0426672
0.0433391
0.0437329
0.0438966
0.0438684
0.0436759
0.0433399
0.0428704
0.0422666
0.0415106
0.0405549
0.0393242
0.0377329
0.0356885
0.0330848
0.0298586
0.0260658
0.0217339
0.0164139
0.00783046
0.0153554
0.015973
0.0166452
0.0173862
0.0182127
0.0191419
0.0201911
0.0213755
0.0227066
0.0241924
0.0258411
0.0276663
0.0296923
0.0319508
0.0344569
0.0371671
0.0399256
0.0423877
0.0442456
0.0455017
0.0463613
0.0469067
0.047179
0.0472238
0.0470866
0.0468042
0.0464046
0.0459021
0.045296
0.0445528
0.0435778
0.0422502
0.0404843
0.0382165
0.0353307
0.0317873
0.027689
0.0229115
0.016922
0.00817791
0.0169027
0.0176529
0.0184705
0.0193713
0.0203738
0.0214974
0.02276
0.0241748
0.0257499
0.0274919
0.0294103
0.0315213
0.0338526
0.0364361
0.0392373
0.042066
0.0446083
0.0466237
0.0481372
0.04926
0.0500366
0.0505011
0.0506922
0.0506669
0.0504859
0.0501954
0.0498331
0.0494099
0.0489147
0.0482708
0.0472924
0.0457925
0.0437731
0.0413474
0.0384654
0.0350695
0.0308349
0.0253319
0.0183694
0.0094082
0.0185339
0.0194196
0.0203817
0.0214372
0.0226063
0.0239104
0.0253687
0.0269924
0.0287847
0.0307524
0.0329096
0.0352745
0.037869
0.0406966
0.043594
0.0462427
0.0485115
0.0503563
0.0518108
0.0528872
0.0536186
0.0540439
0.0542174
0.0542339
0.0541791
0.0541089
0.0540491
0.0539721
0.0538398
0.0535425
0.0526497
0.0508704
0.0485231
0.046063
0.0436347
0.0403747
0.0351244
0.028489
0.0206742
0.010965
0.0202482
0.0212695
0.0223715
0.0235714
0.0248899
0.02635
0.0279736
0.0297735
0.0317473
0.0338964
0.0362371
0.0387808
0.0415187
0.0443915
0.0471907
0.0497044
0.0518881
0.0537101
0.0551527
0.0562212
0.056945
0.0573934
0.0576859
0.0579729
0.0583693
0.0589577
0.059738
0.0604765
0.0610045
0.061295
0.0602421
0.0578935
0.0558439
0.0548721
0.0522999
0.0458359
0.0384697
0.0310521
0.0228949
0.0121149
0.0220585
0.0232172
0.0244569
0.0257934
0.0272464
0.0288382
0.0305911
0.0325305
0.0346678
0.0369743
0.0394586
0.0421302
0.0449374
0.047739
0.0503657
0.0527557
0.0548653
0.0566664
0.0581147
0.059175
0.0599064
0.0604604
0.0610384
0.0618861
0.0632187
0.0651495
0.0675349
0.0685579
0.0672926
0.0661962
0.0668003
0.0675307
0.0653287
0.0602826
0.0533277
0.0461044
0.0389894
0.031961
0.0240915
0.0126425
0.0239832
0.0252841
0.0266631
0.0281341
0.0297147
0.0314269
0.0332973
0.0353598
0.037631
0.0400773
0.0426725
0.0454241
0.0482492
0.0509241
0.0533826
0.0556474
0.0576987
0.0594824
0.060891
0.0618635
0.0625257
0.0631289
0.0640241
0.0656712
0.0683353
0.0702429
0.0701547
0.070654
0.0728716
0.0752941
0.0737935
0.0681987
0.0620902
0.0563014
0.050425
0.044398
0.0381945
0.0316255
0.0239251
0.0124986
0.026037
0.0274868
0.0290104
0.0306185
0.0323265
0.0341545
0.0361293
0.0382803
0.0406215
0.0431425
0.0457803
0.0485187
0.0512687
0.0538051
0.0561343
0.058326
0.0603552
0.0621197
0.0634313
0.0641871
0.0645646
0.0649317
0.0657362
0.0672412
0.0686311
0.069829
0.0720773
0.0736837
0.0728361
0.0704225
0.0671187
0.0630724
0.0585482
0.0537397
0.0486313
0.0431761
0.0373208
0.0309516
0.0233521
0.0120709
0.0282202
0.0298235
0.0314957
0.0332426
0.0350742
0.0370046
0.0390524
0.0412392
0.0435796
0.0460744
0.0486921
0.051361
0.0539451
0.0563234
0.0585621
0.0607092
0.062725
0.0644656
0.0656183
0.0660059
0.0659191
0.0658396
0.0661905
0.0672019
0.069115
0.0705234
0.0704973
0.0696564
0.0682287
0.0662101
0.0636188
0.0604553
0.0567239
0.0524744
0.0477726
0.042635
0.0370199
0.0307759
0.0232121
0.0119505
0.0305158
0.0322694
0.034084
0.0359598
0.0379009
0.039915
0.0420132
0.0442093
0.0465154
0.0489411
0.0514683
0.0539906
0.0563776
0.0586025
0.0607422
0.0628324
0.0648353
0.0665852
0.0675977
0.067591
0.0671234
0.0667514
0.0668175
0.067433
0.0683101
0.0687927
0.0686421
0.0679625
0.0667735
0.0650415
0.062729
0.0598291
0.0563713
0.0524229
0.0480202
0.0431276
0.037673
0.0314686
0.0238177
0.0122413
0.03291
0.0348065
0.0367535
0.0387469
0.0407855
0.0428715
0.0450096
0.047207
0.0494733
0.0518174
0.0542158
0.0565547
0.0587471
0.0608224
0.0628448
0.0648423
0.0668089
0.0686174
0.0696635
0.0694984
0.0688527
0.0683218
0.0681026
0.0681764
0.0683844
0.0685407
0.0684391
0.0679174
0.0668792
0.065293
0.0631495
0.0604555
0.0572498
0.0535739
0.0494026
0.044657
0.0392367
0.0329153
0.0250037
0.0128094
0.0353965
0.0374294
0.0395011
0.0416036
0.0437312
0.0458811
0.048053
0.0502493
0.0524765
0.0547388
0.0569969
0.0591538
0.0611869
0.0631424
0.065064
0.0669741
0.0688678
0.0706341
0.0719185
0.0720254
0.0713674
0.0707589
0.0703666
0.0701764
0.0700942
0.0700075
0.0697701
0.0692241
0.0682509
0.0667934
0.0648295
0.0623617
0.0593985
0.0559103
0.0518411
0.0471196
0.0416169
0.0350363
0.0266764
0.0136927
0.0379738
0.0401395
0.0423317
0.0445382
0.0467491
0.0489567
0.0511568
0.0533508
0.0555419
0.057729
0.0598659
0.06189
0.0638178
0.0656947
0.0675581
0.0694245
0.0712012
0.0727913
0.0743783
0.0750414
0.0745143
0.0739012
0.0734901
0.0732581
0.0731077
0.0729413
0.0726459
0.0720906
0.0711638
0.069807
0.0679866
0.0656709
0.0628259
0.0594008
0.0553292
0.0505172
0.0447942
0.037821
0.0288612
0.0148924
0.0406383
0.0429351
0.0452472
0.047558
0.0498527
0.0521183
0.0543468
0.0565383
0.0586956
0.0608057
0.0628255
0.0647348
0.0665757
0.0683964
0.0702411
0.0720369
0.0735817
0.0751733
0.0768544
0.0777658
0.0776966
0.0774074
0.077265
0.0772469
0.0772527
0.0771871
0.0769488
0.0764362
0.075567
0.0742774
0.072514
0.0702295
0.0673758
0.0638943
0.0597051
0.0546876
0.0486341
0.0411566
0.0314422
0.0163722
0.0433734
0.0457978
0.0482268
0.0506387
0.0530133
0.0553329
0.0575866
0.0597687
0.0618743
0.0638911
0.0657952
0.0675875
0.0693267
0.07108
0.0728313
0.074407
0.0760373
0.0780012
0.0796975
0.0805984
0.0811091
0.0815207
0.0819172
0.0822874
0.0825744
0.0827008
0.0825807
0.0821311
0.0812822
0.0799753
0.078159
0.0757859
0.0728044
0.0691509
0.0647361
0.0594202
0.0529641
0.0449204
0.0343548
0.0180856
0.0461609
0.048711
0.0512557
0.053767
0.0562191
0.0585883
0.0608584
0.0630146
0.0650464
0.066949
0.0687281
0.0703958
0.0720182
0.0736658
0.0752819
0.0769982
0.0790919
0.0812072
0.082921
0.0843892
0.0856635
0.0867622
0.0877169
0.0885192
0.0891179
0.0894425
0.0894203
0.088984
0.0880774
0.0866542
0.084674
0.0820966
0.0788753
0.0749473
0.0702187
0.0645366
0.0576333
0.0489943
0.0375191
0.0199785
0.0489813
0.0516508
0.0543008
0.0568961
0.0594045
0.0617991
0.0640676
0.0662047
0.0681878
0.0700118
0.0716937
0.073271
0.0748206
0.076426
0.0781899
0.0803008
0.0826682
0.0849719
0.087172
0.0892922
0.0912649
0.0930411
0.0945883
0.0958527
0.096766
0.0972609
0.0972791
0.0967745
0.0957123
0.0940661
0.0918132
0.0889276
0.0853726
0.0810905
0.0759861
0.0698969
0.0625287
0.0532995
0.0409103
0.021996
0.0518292
0.0546061
0.0573415
0.059998
0.0625433
0.0649523
0.0672162
0.0693303
0.0712791
0.0730782
0.0747487
0.0763411
0.0779506
0.0797098
0.0817684
0.0841537
0.0867662
0.0895052
0.0922968
0.095068
0.0977483
0.100238
0.10242
0.104172
0.105389
0.106001
0.105974
0.105297
0.103967
0.101987
0.0993593
0.0960759
0.0921126
0.0874182
0.0818973
0.0753781
0.0675422
0.0577419
0.044467
0.0240733
0.0547145
0.0575741
0.0603653
0.0630552
0.065618
0.0680372
0.0703063
0.0724102
0.0743614
0.0762187
0.0780008
0.0797546
0.0815855
0.0836271
0.0859829
0.0886735
0.0916593
0.0948725
0.0982394
0.101687
0.105123
0.108384
0.111252
0.113498
0.114959
0.115578
0.115373
0.114386
0.11266
0.110234
0.107137
0.10338
0.0989497
0.0938014
0.0878375
0.0808762
0.0725745
0.0622234
0.0481055
0.0261486
0.0576417
0.0605583
0.0633865
0.0660995
0.0686784
0.0711151
0.0734048
0.0755374
0.0775718
0.0795834
0.0816031
0.0836623
0.0858465
0.0882708
0.091014
0.0941043
0.0975289
0.101254
0.105236
0.109404
0.113634
0.117716
0.121301
0.123998
0.125556
0.125976
0.125391
0.123919
0.121655
0.11867
0.115016
0.110721
0.10578
0.10015
0.0937278
0.0863196
0.077556
0.0666696
0.0517497
0.0281816
0.0606531
0.0635975
0.0664518
0.0691928
0.0718059
0.0742876
0.0766385
0.0788769
0.081094
0.0833587
0.0857198
0.0882062
0.0908651
0.0937867
0.0970396
0.100655
0.10464
0.108986
0.113663
0.118602
0.123665
0.128601
0.132918
0.135947
0.137303
0.137192
0.135958
0.133801
0.13085
0.127197
0.12291
0.118024
0.112541
0.106412
0.0995285
0.0916773
0.0824604
0.0710524
0.0553632
0.0301572
0.0638216
0.0667571
0.0696208
0.072394
0.0750693
0.0776526
0.0801525
0.0826079
0.0851182
0.0877379
0.0905237
0.0935294
0.0967821
0.100316
0.104205
0.108487
0.113183
0.118293
0.12379
0.129596
0.135556
0.141417
0.146547
0.149622
0.150154
0.149084
0.146944
0.143921
0.14015
0.135735
0.13075
0.125237
0.119195
0.112569
0.105233
0.0969548
0.087301
0.0753861
0.0589502
0.0320852
0.067202
0.0700966
0.0729489
0.0757494
0.0785061
0.0812419
0.0839812
0.0867823
0.0897195
0.0928192
0.0961425
0.099764
0.103696
0.107941
0.11258
0.117656
0.123195
0.129201
0.13564
0.142413
0.149337
0.156211
0.162189
0.164657
0.163647
0.161323
0.158104
0.154091
0.149411
0.144173
0.138459
0.13231
0.125719
0.118618
0.110861
0.102185
0.0921212
0.0797165
0.0625421
0.0339914
0.0708318
0.0736866
0.0765374
0.0793878
0.0822592
0.0851862
0.0882142
0.0914407
0.0949024
0.0986053
0.102618
0.10697
0.111645
0.116662
0.122117
0.128053
0.134493
0.141434
0.148831
0.156577
0.164496
0.172228
0.178181
0.179058
0.176757
0.173288
0.168997
0.163993
0.158413
0.152371
0.145954
0.139205
0.132109
0.124582
0.116453
0.107427
0.0969881
0.0841153
0.0662059
0.0359146
0.074723
0.0775797
0.08048
0.0834413
0.0864977
0.0896971
0.0931101
0.0968338
0.100863
0.105233
0.110015
0.115165
0.120599
0.126393
0.132659
0.139437
0.146734
0.154522
0.162733
0.171244
0.179899
0.188554
0.193866
0.192541
0.189151
0.184652
0.179358
0.173455
0.167066
0.160295
0.153238
0.145949
0.138411
0.13052
0.122079
0.112754
0.101981
0.0886626
0.0700159
0.0378951
0.0788447
0.081759
0.0847698
0.0879078
0.0912197
0.0947659
0.0986339
0.102907
0.107563
0.112651
0.118215
0.124141
0.130316
0.136874
0.143924
0.15149
0.159562
0.168091
0.176984
0.1861
0.195214
0.203872
0.207621
0.205243
0.200835
0.195364
0.189228
0.182619
0.175561
0.168122
0.160452
0.152654
0.144715
0.136514
0.127817
0.118246
0.107178
0.0934345
0.074041
0.0399715
0.0831122
0.0861248
0.0892827
0.0926303
0.0962248
0.100137
0.104478
0.109302
0.114603
0.120419
0.126733
0.133388
0.140318
0.147653
0.155469
0.163773
0.172507
0.181593
0.190907
0.200241
0.209065
0.217359
0.219468
0.216429
0.211437
0.205427
0.198891
0.191946
0.184335
0.176153
0.167776
0.159424
0.151092
0.142621
0.133723
0.123962
0.112644
0.098498
0.0783433
0.0421851
0.0874356
0.0905609
0.0938749
0.0974341
0.101308
0.105586
0.110384
0.115742
0.121653
0.128141
0.135114
0.14243
0.150085
0.158166
0.166673
0.175581
0.184837
0.194334
0.203912
0.213284
0.22147
0.229331
0.231358
0.227213
0.221689
0.215554
0.209181
0.202353
0.193901
0.184522
0.175186
0.166195
0.157488
0.148814
0.139799
0.129929
0.118429
0.103916
0.0829833
0.0445921
0.0918125
0.0950581
0.0985385
0.102312
0.106457
0.111076
0.116277
0.122098
0.128527
0.135541
0.143024
0.150847
0.159036
0.167601
0.176523
0.185788
0.195358
0.205168
0.215155
0.225202
0.233903
0.23999
0.242742
0.237354
0.231426
0.225716
0.220359
0.214354
0.204356
0.192852
0.182276
0.172667
0.163715
0.154997
0.146018
0.136164
0.124573
0.109737
0.0879908
0.0472358
0.0962717
0.0996421
0.103286
0.107261
0.111645
0.116531
0.121986
0.128054
0.134751
0.14203
0.149785
0.15789
0.166278
0.174919
0.183801
0.192942
0.202346
0.21204
0.222067
0.23224
0.239325
0.242636
0.243934
0.242334
0.238836
0.234736
0.22975
0.222733
0.214253
0.20017
0.188508
0.178569
0.169664
0.161157
0.15242
0.142744
0.131173
0.116074
0.0934976
0.0501415
0.100872
0.104369
0.10817
0.112337
0.116943
0.122046
0.127644
0.133731
0.140355
0.147568
0.1553
0.163318
0.171424
0.179551
0.187709
0.195953
0.204315
0.212838
0.221585
0.230128
0.235265
0.237103
0.23815
0.238116
0.236638
0.233228
0.228092
0.224373
0.217399
0.204407
0.193179
0.183717
0.175345
0.167376
0.159117
0.149791
0.138355
0.123047
0.0996071
0.0533582
0.105753
0.109409
0.113396
0.117784
0.122648
0.128001
0.133725
0.139706
0.146037
0.152918
0.160319
0.167839
0.175143
0.182094
0.188742
0.19522
0.201637
0.208018
0.214313
0.22035
0.225218
0.227486
0.228209
0.228035
0.22686
0.224494
0.22157
0.219081
0.2152
0.206187
0.196564
0.188312
0.180933
0.173812
0.166256
0.157445
0.146253
0.130774
0.106413
0.056922
0.111118
0.115026
0.119302
0.12402
0.129276
0.135056
0.140978
0.146835
0.152931
0.159563
0.166675
0.173437
0.179419
0.184403
0.188742
0.192826
0.196946
0.201234
0.205673
0.210182
0.214521
0.217601
0.218832
0.218935
0.218177
0.216856
0.21547
0.214503
0.212917
0.207307
0.199653
0.192823
0.186673
0.180628
0.173974
0.165837
0.154988
0.13936
0.113987
0.0608478
0.117295
0.121725
0.126583
0.131933
0.137861
0.144243
0.150304
0.156153
0.162522
0.169746
0.177649
0.183707
0.187771
0.189497
0.189928
0.190686
0.192286
0.19469
0.197737
0.20127
0.205135
0.208752
0.211223
0.21235
0.212126
0.211305
0.210601
0.210568
0.210705
0.208081
0.202612
0.197266
0.192555
0.187846
0.182337
0.175057
0.164653
0.14888
0.122371
0.0651218
0.125192
0.130766
0.136949
0.143684
0.151122
0.158394
0.164333
0.170352
0.177553
0.185964
0.1927
0.197587
0.201387
0.198325
0.192011
0.189004
0.188299
0.189148
0.191081
0.193783
0.197017
0.200519
0.203972
0.206838
0.20812
0.207884
0.2073
0.207444
0.208282
0.207963
0.204906
0.201321
0.198412
0.195412
0.191365
0.185162
0.175305
0.159362
0.131554
0.0696935
0.137024
0.144973
0.153974
0.163037
0.173402
0.183696
0.18874
0.193491
0.200687
0.210244
0.215759
0.21271
0.205419
0.195735
0.189555
0.186196
0.184864
0.185009
0.186256
0.188322
0.190993
0.194099
0.19751
0.201137
0.204742
0.206597
0.205857
0.205391
0.206029
0.206785
0.205914
0.204754
0.2042
0.203362
0.201114
0.196187
0.186934
0.170747
0.141437
0.0744619
0.153741
0.162329
0.169948
0.178092
0.189288
0.202516
0.216175
0.228151
0.238005
0.232509
0.215414
0.204136
0.195811
0.190049
0.186468
0.184447
0.18351
0.183452
0.184208
0.185709
0.18785
0.190496
0.193557
0.197033
0.200887
0.204681
0.205646
0.204555
0.204442
0.20534
0.206353
0.20808
0.210283
0.21191
0.211645
0.208055
0.199361
0.182799
0.151774
0.079255
0.162173
0.173864
0.185672
0.19633
0.203343
0.209366
0.212773
0.212969
0.212827
0.206339
0.199314
0.194406
0.191085
0.188851
0.187506
0.186679
0.186035
0.18557
0.185509
0.186096
0.187391
0.189248
0.191575
0.194423
0.197876
0.201802
0.204575
0.204429
0.203861
0.205123
0.207985
0.212268
0.217123
0.22113
0.222729
0.220339
0.212065
0.194985
0.162095
0.0838151
0.167436
0.178117
0.184894
0.186
0.185648
0.186793
0.188598
0.190289
0.191544
0.192106
0.192596
0.193295
0.19369
0.193551
0.193062
0.192242
0.191124
0.189847
0.188739
0.188206
0.188327
0.189
0.190217
0.192104
0.1948
0.198344
0.201928
0.203076
0.203398
0.205792
0.210595
0.217251
0.224423
0.230404
0.233525
0.232098
0.224113
0.206462
0.171729
0.0878232
0.15583
0.16238
0.167568
0.171491
0.175028
0.178654
0.182334
0.185614
0.188489
0.191476
0.194619
0.197171
0.198405
0.198595
0.198216
0.197233
0.195613
0.193667
0.191723
0.190094
0.188905
0.188172
0.188021
0.188744
0.190629
0.193605
0.196388
0.198311
0.201205
0.206179
0.213419
0.222207
0.231145
0.238592
0.242874
0.242227
0.234497
0.216367
0.18002
0.0910185
0.151624
0.157467
0.163264
0.169179
0.175157
0.18092
0.186126
0.190555
0.19436
0.197446
0.199572
0.200792
0.201198
0.200884
0.200115
0.199108
0.19772
0.195571
0.192747
0.189846
0.187379
0.185519
0.184409
0.184375
0.185592
0.187863
0.190901
0.194807
0.200111
0.207327
0.21642
0.226642
0.236734
0.245163
0.250264
0.250206
0.242719
0.22429
0.186735
0.0936051
0.150326
0.15677
0.163834
0.171687
0.179857
0.187806
0.195125
0.20108
0.205141
0.206487
0.205655
0.20414
0.202545
0.200819
0.198945
0.197016
0.194949
0.192418
0.189334
0.186045
0.183096
0.180878
0.17967
0.179714
0.181076
0.183746
0.187777
0.193249
0.200353
0.209218
0.219591
0.23073
0.241492
0.250425
0.255909
0.256102
0.248656
0.229959
0.19164
0.0968558
0.149041
0.157858
0.16791
0.178963
0.190303
0.20085
0.209366
0.214278
0.214798
0.211752
0.207286
0.20294
0.199136
0.195757
0.192656
0.189764
0.187028
0.184336
0.181626
0.179028
0.176831
0.175373
0.174942
0.175745
0.177914
0.181547
0.186731
0.193542
0.202024
0.212065
0.223247
0.234782
0.245575
0.254314
0.259497
0.259371
0.251633
0.232649
0.193964
0.0992752
0.1516
0.164333
0.178791
0.194239
0.208912
0.219613
0.222276
0.218653
0.212482
0.206064
0.200205
0.194978
0.190371
0.186359
0.182867
0.179841
0.177259
0.17508
0.173252
0.171815
0.170934
0.170846
0.171764
0.17384
0.177207
0.181993
0.188304
0.196205
0.205638
0.216272
0.227555
0.238729
0.248825
0.256691
0.260988
0.260097
0.251817
0.232573
0.193933
0.100609
0.160655
0.178782
0.198747
0.216874
0.227413
0.226691
0.218408
0.209332
0.201376
0.194601
0.18884
0.183914
0.179703
0.176142
0.173194
0.17084
0.169077
0.167885
0.167252
0.16722
0.167901
0.16944
0.171994
0.17566
0.180446
0.18642
0.193749
0.202448
0.212211
0.222599
0.233046
0.242884
0.251338
0.257486
0.260213
0.258074
0.249011
0.229557
0.191394
0.100691
0.177547
0.200637
0.220882
0.23145
0.228095
0.216901
0.20574
0.196459
0.18889
0.182763
0.177807
0.173801
0.170603
0.168129
0.166331
0.165187
0.16469
0.164837
0.165646
0.167191
0.169596
0.172991
0.177468
0.182998
0.189337
0.196668
0.205144
0.214318
0.2236
0.232501
0.240636
0.247655
0.253138
0.256495
0.256866
0.252991
0.242946
0.223382
0.186168
0.0993579
0.200134
0.22165
0.232798
0.229041
0.216328
0.203509
0.192969
0.184621
0.178112
0.173153
0.169479
0.166871
0.16516
0.16423
0.163998
0.164418
0.16549
0.167243
0.169729
0.173048
0.177359
0.182782
0.189298
0.196908
0.205746
0.215655
0.225818
0.235006
0.242257
0.247436
0.250887
0.252977
0.253847
0.253268
0.250574
0.244608
0.233508
0.21401
0.17823
0.096507
0.220979
0.233946
0.23096
0.217356
0.20303
0.191236
0.182078
0.175208
0.170304
0.167055
0.165172
0.164404
0.164549
0.165463
0.167044
0.169245
0.172053
0.175521
0.179741
0.1849
0.191255
0.199053
0.208566
0.21993
0.233318
0.247742
0.260886
0.269359
0.271225
0.268213
0.263104
0.257635
0.252374
0.247117
0.241095
0.233035
0.221021
0.201829
0.167891
0.0921739
0.2342
0.233226
0.219524
0.20395
0.19096
0.181015
0.173822
0.169034
0.166291
0.165233
0.165526
0.166877
0.169057
0.171917
0.17532
0.179208
0.183628
0.188797
0.195088
0.202921
0.212664
0.224585
0.238931
0.255989
0.275924
0.297859
0.317485
0.32438
0.312779
0.293188
0.274641
0.259591
0.247724
0.23798
0.229019
0.219236
0.206577
0.187861
0.155923
0.0865977
0.235853
0.222919
0.206205
0.191923
0.181089
0.173511
0.168831
0.166634
0.166469
0.1679
0.170534
0.17404
0.178133
0.182624
0.187341
0.192453
0.198537
0.206172
0.215951
0.228407
0.24386
0.262455
0.284212
0.309254
0.337827
0.369033
0.396481
0.392892
0.356235
0.314275
0.281275
0.257442
0.240197
0.227073
0.21597
0.204935
0.191814
0.173524
0.143381
0.0801903
0.227551
0.209765
0.19399
0.182056
0.173923
0.169245
0.167554
0.168302
0.17092
0.174871
0.179695
0.184942
0.190169
0.195197
0.200496
0.206899
0.215366
0.226801
0.241994
0.261553
0.285843
0.314938
0.348506
0.385873
0.425455
0.455098
0.442705
0.412438
0.373839
0.321751
0.279589
0.250738
0.230574
0.215607
0.203262
0.191418
0.17793
0.159874
0.131101
0.0733443
0.214183
0.19687
0.183643
0.17475
0.169907
0.168626
0.170265
0.174107
0.17944
0.185602
0.191909
0.197519
0.202279
0.207006
0.212883
0.221196
0.233182
0.249977
0.272575
0.301904
0.338828
0.383837
0.436535
0.492963
0.516255
0.481145
0.433511
0.404324
0.363193
0.309545
0.268755
0.240004
0.219488
0.204044
0.191212
0.17894
0.165182
0.14718
0.119156
0.0668927
0.200514
0.185747
0.175796
0.170532
0.169493
0.171967
0.177078
0.183904
0.19154
0.198964
0.204875
0.208951
0.21243
0.216922
0.224072
0.235353
0.251993
0.275237
0.306548
0.347634
0.400323
0.465993
0.540275
0.572395
0.529785
0.466367
0.421352
0.391243
0.341225
0.2912
0.254098
0.227195
0.207484
0.192319
0.179505
0.167135
0.15329
0.135377
0.108045
0.0607856
0.188555
0.177091
0.170994
0.169897
0.173058
0.179458
0.18794
0.197312
0.206181
0.212642
0.21598
0.217776
0.220303
0.225587
0.235064
0.249882
0.271355
0.301151
0.341373
0.394634
0.463723
0.54959
0.606636
0.577192
0.511786
0.451758
0.41435
0.372437
0.317647
0.273157
0.23945
0.214372
0.195556
0.180796
0.168144
0.155832
0.14205
0.124361
0.097903
0.054995
0.178828
0.171319
0.169699
0.173252
0.180862
0.191155
0.202634
0.21352
0.221153
0.224026
0.224011
0.22433
0.227352
0.234317
0.246231
0.264286
0.290061
0.325646
0.373766
0.437864
0.521249
0.610188
0.625075
0.567606
0.498001
0.446554
0.408717
0.354224
0.301001
0.259247
0.227313
0.203161
0.184728
0.170077
0.157434
0.145143
0.131474
0.114131
0.0887872
0.0495908
0.171649
0.168867
0.172344
0.180921
0.193061
0.207014
0.220665
0.230504
0.233576
0.231974
0.230117
0.230705
0.234862
0.243427
0.257369
0.277978
0.307022
0.346833
0.400468
0.471688
0.563642
0.639536
0.623834
0.558555
0.494844
0.453783
0.406891
0.344032
0.291728
0.250635
0.218919
0.194621
0.175838
0.160789
0.147823
0.135362
0.121743
0.104806
0.0807424
0.0446695
0.167533
0.170246
0.179336
0.193145
0.209709
0.226765
0.240205
0.244839
0.242131
0.238264
0.236551
0.238002
0.243273
0.253132
0.26853
0.290786
0.321793
0.36403
0.42057
0.49477
0.587907
0.651098
0.620945
0.555689
0.500854
0.467889
0.411182
0.343625
0.289793
0.247574
0.214765
0.189352
0.169486
0.15348
0.139772
0.126855
0.11313
0.096567
0.0738135
0.040326
0.16707
0.175932
0.190981
0.210044
0.230652
0.248978
0.257645
0.254761
0.248975
0.245167
0.244295
0.246727
0.253029
0.263864
0.279983
0.302726
0.334262
0.377392
0.435454
0.511887
0.60845
0.666004
0.622479
0.557875
0.513889
0.482053
0.415627
0.347926
0.292989
0.24919
0.214633
0.187469
0.165962
0.148518
0.133663
0.119967
0.105909
0.0895967
0.0680329
0.0366328
0.170709
0.18625
0.207449
0.231631
0.255455
0.270776
0.26985
0.262109
0.256203
0.25338
0.253661
0.257265
0.264718
0.276433
0.292327
0.313853
0.344159
0.386534
0.444586
0.521742
0.620827
0.675879
0.624521
0.563573
0.527444
0.493497
0.423265
0.35606
0.300116
0.25456
0.217943
0.188683
0.165198
0.145997
0.129689
0.114928
0.100293
0.0840305
0.0634062
0.0336247
0.178754
0.201393
0.228863
0.257985
0.28208
0.287376
0.278136
0.269644
0.264749
0.263282
0.265023
0.270148
0.279163
0.292048
0.305938
0.323577
0.351041
0.390803
0.445672
0.518966
0.613685
0.672366
0.62702
0.570856
0.538511
0.505035
0.434797
0.367109
0.309879
0.262485
0.223748
0.192308
0.166743
0.145664
0.127759
0.111764
0.0963582
0.0799292
0.0599299
0.0312987
0.191397
0.221477
0.255342
0.288803
0.306531
0.298808
0.286513
0.278738
0.275362
0.275603
0.279155
0.286193
0.297004
0.308927
0.317193
0.329728
0.353125
0.388938
0.438934
0.505163
0.588658
0.65758
0.631441
0.577297
0.545545
0.512769
0.445986
0.378283
0.32014
0.271253
0.23068
0.197269
0.169769
0.146908
0.127456
0.110221
0.0939725
0.0772219
0.0575516
0.0296143
0.208664
0.246504
0.287006
0.321443
0.325318
0.308436
0.296324
0.290256
0.288896
0.291249
0.29696
0.306005
0.316663
0.32029
0.320705
0.329211
0.349077
0.381087
0.426279
0.485824
0.559952
0.634976
0.630378
0.578156
0.5449
0.514418
0.453852
0.386786
0.32849
0.278844
0.237065
0.202194
0.17316
0.148831
0.128075
0.10977
0.0927608
0.0756548
0.0561117
0.0284849
0.230412
0.276461
0.324168
0.351211
0.337664
0.318931
0.308584
0.304985
0.306215
0.311135
0.319204
0.328921
0.329837
0.319118
0.315121
0.321692
0.338987
0.36746
0.407917
0.461223
0.527685
0.599466
0.61095
0.567716
0.534684
0.507529
0.454369
0.389585
0.332485
0.283215
0.241174
0.205619
0.175684
0.150401
0.128752
0.1097
0.0921554
0.074795
0.0553122
0.0277669
0.256223
0.311
0.365269
0.377327
0.350591
0.332494
0.324627
0.32405
0.328401
0.33619
0.345614
0.344187
0.324769
0.309548
0.30467
0.309685
0.324365
0.34897
0.384067
0.430263
0.487793
0.552627
0.575247
0.544077
0.514399
0.489069
0.444167
0.384829
0.330477
0.282804
0.241558
0.206245
0.176205
0.150634
0.128638
0.109273
0.0915207
0.0741143
0.0547611
0.0272709
0.285432
0.349383
0.403472
0.396743
0.365505
0.349173
0.344692
0.34813
0.356407
0.36645
0.363388
0.336851
0.312275
0.297442
0.291973
0.295281
0.307078
0.327423
0.356596
0.394868
0.442166
0.496634
0.52587
0.507823
0.483849
0.460695
0.424939
0.372785
0.321819
0.276654
0.237215
0.203131
0.173872
0.148772
0.127057
0.107881
0.0903049
0.0731226
0.0540618
0.026797
0.317492
0.391472
0.436806
0.410223
0.380397
0.367975
0.368771
0.378367
0.391289
0.388478
0.355563
0.322735
0.29923
0.284752
0.278586
0.280119
0.288975
0.305039
0.328376
0.359035
0.396747
0.440014
0.468019
0.462016
0.445832
0.426201
0.397208
0.352376
0.305722
0.264174
0.227659
0.19584
0.168282
0.144435
0.123644
0.105169
0.0881628
0.0714932
0.0529368
0.026197
0.351222
0.431873
0.464552
0.425735
0.396809
0.388136
0.396043
0.415774
0.420437
0.382619
0.341342
0.309731
0.28724
0.272916
0.26594
0.265668
0.271654
0.283669
0.301684
0.325705
0.355456
0.389223
0.412645
0.414056
0.404681
0.388301
0.362469
0.322969
0.282252
0.245675
0.213212
0.184626
0.159599
0.137706
0.118413
0.101097
0.0850161
0.0691302
0.0513082
0.0254094
0.388063
0.470161
0.484912
0.437905
0.409903
0.40444
0.418274
0.439843
0.412296
0.365346
0.327551
0.298523
0.277317
0.263114
0.255233
0.25312
0.256334
0.264578
0.277831
0.296331
0.320175
0.3453
0.361812
0.366479
0.36073
0.34625
0.321127
0.286804
0.253344
0.222751
0.195148
0.170476
0.148566
0.129122
0.111738
0.0959155
0.0810252
0.0661347
0.0492421
0.0244506
0.432565
0.514118
0.503707
0.446343
0.417701
0.413056
0.426869
0.426617
0.386856
0.34832
0.315986
0.290084
0.27028
0.256145
0.247262
0.243264
0.24377
0.248235
0.256681
0.26957
0.286055
0.302179
0.313378
0.317099
0.312353
0.299055
0.276141
0.248934
0.222653
0.198107
0.175512
0.15494
0.136343
0.119539
0.104244
0.0900726
0.0765099
0.0627346
0.0468951
0.0233848
0.489315
0.562214
0.516049
0.452508
0.422071
0.415928
0.426403
0.410852
0.370852
0.337154
0.30882
0.285449
0.266766
0.252528
0.242522
0.236533
0.234133
0.234615
0.23826
0.245807
0.256264
0.265513
0.270401
0.270381
0.264632
0.252497
0.23413
0.21383
0.193803
0.17462
0.156553
0.139754
0.124248
0.109944
0.0966554
0.0840977
0.0718524
0.0592023
0.0444471
0.0222855
0.562225
0.609028
0.521706
0.456893
0.423647
0.413398
0.417075
0.398684
0.363079
0.332928
0.307227
0.285471
0.267378
0.252767
0.2415
0.233405
0.228043
0.2249
0.224059
0.225769
0.229714
0.234019
0.234854
0.23131
0.224246
0.213554
0.199872
0.184961
0.169776
0.154789
0.140314
0.126541
0.113544
0.101299
0.0896919
0.0785149
0.067425
0.055789
0.0420401
0.0212056
0.641598
0.666423
0.547355
0.470139
0.428334
0.410773
0.408879
0.397092
0.365065
0.336465
0.311883
0.290708
0.272608
0.257365
0.244825
0.234795
0.226969
0.220987
0.216659
0.213885
0.212273
0.210898
0.208442
0.203808
0.196722
0.187548
0.176817
0.165121
0.152946
0.140652
0.128515
0.116725
0.105381
0.0945047
0.0840367
0.0738236
0.0635752
0.0527173
0.0397912
0.02017
0.72867
0.757029
0.602649
0.499752
0.441274
0.412231
0.402112
0.396423
0.374313
0.347188
0.322818
0.301284
0.282505
0.26629
0.252472
0.240845
0.231147
0.223093
0.216448
0.210985
0.206321
0.201856
0.19692
0.190981
0.183807
0.175424
0.165957
0.155666
0.144842
0.133751
0.122617
0.11162
0.100886
0.0904855
0.0804101
0.0705539
0.0606631
0.0501961
0.0377732
0.0191808
0.82751
0.866891
0.706418
0.555383
0.468235
0.421186
0.398107
0.38939
0.381409
0.364251
0.340615
0.316822
0.296421
0.278694
0.263447
0.250447
0.239458
0.230203
0.222382
0.21568
0.209721
0.204041
0.19816
0.1917
0.184432
0.176243
0.167124
0.157182
0.146583
0.135518
0.124181
0.112768
0.101469
0.090443
0.0797755
0.0694325
0.0592014
0.0485574
0.0361767
0.0182773
0.879738
1.00577
0.794308
0.641036
0.514563
0.443318
0.40397
0.382738
0.371761
0.364346
0.353476
0.33401
0.312031
0.2923
0.275633
0.261616
0.249942
0.240285
0.232295
0.225599
0.219796
0.214386
0.208874
0.202881
0.196144
0.188493
0.179832
0.170142
0.159454
0.147845
0.135479
0.122562
0.109398
0.0963501
0.0837249
0.0716637
0.06005
0.0483877
0.0354124
0.0175501
0.803729
1.03244
0.812691
0.700523
0.5804
0.483223
0.425091
0.389812
0.367613
0.352658
0.341706
0.332892
0.320439
0.302862
0.286032
0.271906
0.260037
0.250782
0.243743
0.238278
0.233821
0.22979
0.22576
0.221418
0.216432
0.210505
0.203409
0.194978
0.185064
0.173526
0.160264
0.14526
0.128897
0.111964
0.0952889
0.0795014
0.064787
0.0507569
0.0362134
0.0171865
0.639422
0.910513
0.791111
0.671281
0.61293
0.541857
0.467089
0.417003
0.382425
0.358299
0.341114
0.3268
0.313168
0.301294
0.289933
0.27696
0.265423
0.257415
0.252561
0.249913
0.248655
0.247704
0.24626
0.244462
0.242538
0.240286
0.23705
0.232199
0.225359
0.216139
0.203941
0.188062
0.167992
0.144824
0.120738
0.0976637
0.0767502
0.0579995
0.0400964
0.0175338
0.46941
0.708635
0.696564
0.619429
0.555866
0.522554
0.496559
0.462519
0.418991
0.383288
0.36047
0.338956
0.316471
0.298153
0.282946
0.269619
0.259107
0.25233
0.24967
0.250765
0.25474
0.260252
0.265444
0.269468
0.273211
0.277502
0.281306
0.283405
0.283529
0.281149
0.275021
0.26281
0.241302
0.209703
0.172995
0.13652
0.104226
0.0769447
0.0520822
0.0206043
0.313413
0.483408
0.522957
0.518663
0.484519
0.452102
0.434971
0.427256
0.412627
0.39194
0.372638
0.352012
0.322805
0.29407
0.270223
0.251556
0.237962
0.230785
0.230435
0.236276
0.246962
0.260178
0.274543
0.29098
0.3113
0.33432
0.349643
0.356022
0.365014
0.376473
0.385743
0.386946
0.370511
0.330342
0.275933
0.220088
0.171849
0.137149
0.115293
0.0865935
0.186037
0.270139
0.306224
0.327315
0.344182
0.347397
0.346864
0.351515
0.359795
0.367941
0.365306
0.343391
0.311413
0.277866
0.245634
0.217014
0.192315
0.181596
0.185224
0.201442
0.230092
0.259763
0.284656
0.311166
0.357164
0.461757
0.499087
0.46336
0.470098
0.499154
0.545917
0.591823
0.600476
0.556345
0.469868
0.380676
0.332786
0.349105
0.408406
0.254926
0.10896
0.126413
0.126565
0.122189
0.127387
0.214444
0.259447
0.285066
0.304475
0.319104
0.324244
0.315961
0.294654
0.261162
0.217695
0.164974
0.116415
0.111496
0.113119
0.121006
0.210886
0.27136
0.295322
0.276324
0.162505
0.199586
0.186603
0.165602
0.393598
0.544759
0.670095
0.758079
0.780504
0.743083
0.65965
0.54263
0.415117
0.181424
0.192786
0.126829
0.000193786
0.000322772
0.000398719
0.000441893
0.000442362
0.00044347
0.000471353
0.000500778
0.000526615
0.000547981
0.000564999
0.000578075
0.000587683
0.000594279
0.000598271
0.000600023
0.000599854
0.000598045
0.00059484
0.000590451
0.000585057
0.000578825
0.000572233
0.000566576
0.00056133
0.000556212
0.000551081
0.00054588
0.000540606
0.000535292
0.000529994
0.000524787
0.000519747
0.000514944
0.000510434
0.000506248
0.000502399
0.000498876
0.000495648
0.000492672
0.000265505
0.000451547
0.000587411
0.000697455
0.000791423
0.000872521
0.000939984
0.000995357
0.0010397
0.00107425
0.00110038
0.00111935
0.00113234
0.0011404
0.00114446
0.00114532
0.00114368
0.00114014
0.00113524
0.00112943
0.00112314
0.00111679
0.00111091
0.00110485
0.00109884
0.00109302
0.00108753
0.00108247
0.00107793
0.00107401
0.0010708
0.0010684
0.00106685
0.00106619
0.00106639
0.00106738
0.00106908
0.00107133
0.00107401
0.00107693
0.000460026
0.000663869
0.000820634
0.000947219
0.00105222
0.00114017
0.00121386
0.00127499
0.00132478
0.00136442
0.00139515
0.00141819
0.00143472
0.00144584
0.00145258
0.00145586
0.00145649
0.00145521
0.00145265
0.00144941
0.00144603
0.00144307
0.0014406
0.00143831
0.0014363
0.00143464
0.0014334
0.00143262
0.00143235
0.00143265
0.00143358
0.00143518
0.00143747
0.00144046
0.00144411
0.00144836
0.00145311
0.00145823
0.00146359
0.00146904
0.000661409
0.000877081
0.00104398
0.00117772
0.00128757
0.00137885
0.00145486
0.00151773
0.00156902
0.0016101
0.00164224
0.00166666
0.00168454
0.00169698
0.00170501
0.0017096
0.00171161
0.00171181
0.00171092
0.00170958
0.00170839
0.0017079
0.00170764
0.00170775
0.0017083
0.00170935
0.00171095
0.00171311
0.00171587
0.00171925
0.00172328
0.00172796
0.00173331
0.0017393
0.00174591
0.00175306
0.00176068
0.00176867
0.0017769
0.00178527
0.000846399
0.00107224
0.00125044
0.00139427
0.00151224
0.00160958
0.00168978
0.00175537
0.00180837
0.00185047
0.00188319
0.00190792
0.00192594
0.00193844
0.00194653
0.00195121
0.00195339
0.00195391
0.00195353
0.00195294
0.00195284
0.00195301
0.00195354
0.00195456
0.00195619
0.00195848
0.00196149
0.00196525
0.00196977
0.00197508
0.0019812
0.00198814
0.00199589
0.00200445
0.00201378
0.00202385
0.0020346
0.00204597
0.00205789
0.0020703
0.00100808
0.00124551
0.00143952
0.00159856
0.00172943
0.00183689
0.00192452
0.00199523
0.00205148
0.00209542
0.00212894
0.00215372
0.00217131
0.00218307
0.00219025
0.00219396
0.00219521
0.00219489
0.00219383
0.00219276
0.00219217
0.00219176
0.00219182
0.00219251
0.002194
0.00219638
0.00219972
0.00220409
0.00220951
0.00221604
0.00222369
0.0022325
0.00224248
0.00225365
0.00226602
0.00227959
0.00229435
0.00231029
0.00232743
0.00234575
0.00114526
0.00139951
0.00161642
0.00179675
0.00194521
0.00206629
0.00216391
0.00224154
0.00230221
0.00234862
0.00238313
0.00240782
0.00242454
0.00243491
0.00244037
0.00244221
0.00244154
0.00243937
0.0024366
0.00243407
0.00243155
0.00242939
0.00242789
0.00242727
0.00242772
0.00242939
0.00243239
0.00243681
0.00244273
0.00245023
0.00245937
0.00247021
0.00248283
0.00249729
0.00251365
0.00253198
0.00255236
0.00257484
0.00259955
0.00262642
0.00125712
0.00153731
0.001787
0.0019954
0.00216569
0.00230296
0.0024121
0.0024975
0.00256301
0.00261196
0.00264729
0.00267151
0.00268683
0.00269515
0.00269814
0.00269726
0.00269379
0.00268884
0.00268341
0.0026781
0.00267286
0.00266815
0.00266435
0.00266175
0.00266062
0.00266115
0.00266351
0.00266786
0.00267432
0.00268304
0.00269413
0.00270774
0.002724
0.00274305
0.00276505
0.00279015
0.00281856
0.00285029
0.00288546
0.00292416
0.00134091
0.00166165
0.00195746
0.0022009
0.0023962
0.00255099
0.00267209
0.00276524
0.00283528
0.00288636
0.00292198
0.00294515
0.00295843
0.00296401
0.0029638
0.00295946
0.00295242
0.00294395
0.00293516
0.0029261
0.00291736
0.00290947
0.00290286
0.00289792
0.00289497
0.00289428
0.0028961
0.00290065
0.00290815
0.00291881
0.00293285
0.00295051
0.002972
0.00299763
0.00302762
0.00306214
0.00310144
0.00314572
0.00319515
0.00324985
0.00139008
0.0017763
0.00213517
0.00241919
0.00264074
0.00281287
0.00294537
0.00304559
0.00311947
0.00317195
0.00320719
0.00322864
0.0032392
0.00324137
0.00323727
0.00322877
0.00321746
0.00320473
0.00319169
0.00317845
0.00316579
0.00315438
0.00314476
0.0031374
0.00313272
0.00313108
0.00313282
0.00313826
0.00314772
0.00316152
0.00318002
0.00320359
0.0032325
0.00326713
0.00330786
0.00335501
0.00340891
0.00346983
0.00353793
0.00361326
0.00139507
0.00189184
0.00232913
0.00265481
0.00290122
0.00308916
0.00323184
0.00333821
0.00341512
0.0034683
0.0035025
0.00352162
0.00352888
0.00352702
0.00351843
0.00350519
0.00348912
0.00347182
0.00345372
0.00343581
0.00341896
0.00340391
0.00339132
0.00338176
0.00337575
0.00337377
0.00337625
0.00338366
0.00339645
0.00341504
0.0034399
0.00347152
0.0035104
0.00355703
0.00361193
0.00367554
0.00374824
0.00383029
0.00392176
0.00402246
0.00140026
0.002029
0.00254319
0.00290728
0.0031762
0.00337817
0.00352987
0.0036417
0.00372116
0.00377459
0.00380734
0.0038237
0.00382717
0.00382077
0.00380714
0.00378859
0.00376716
0.00374456
0.00372128
0.00369859
0.00367753
0.00365901
0.00364379
0.00363256
0.00362596
0.00362459
0.00362901
0.0036398
0.00365753
0.00368282
0.00371629
0.00375862
0.00381047
0.00387252
0.00394537
0.00402956
0.00412544
0.00423313
0.00435244
0.00448275
0.00140357
0.00218976
0.00277399
0.00317197
0.00346141
0.00367676
0.00383717
0.00395438
0.00403645
0.00409012
0.00412127
0.00413461
0.00413394
0.00412253
0.00410335
0.00407906
0.00405204
0.00402346
0.00399474
0.00396727
0.00394222
0.00392067
0.00390349
0.00389147
0.00388532
0.00388578
0.00389355
0.00390936
0.00393398
0.00396819
0.00401284
0.00406877
0.00413685
0.00421788
0.00431254
0.00442135
0.00454452
0.00468186
0.00483271
0.00499583
0.00140429
0.00237485
0.00301725
0.00344468
0.00375321
0.00398219
0.00415172
0.00427455
0.00435962
0.00441398
0.00444376
0.00445404
0.00444894
0.00443206
0.00440675
0.00437613
0.00434285
0.0043082
0.00427413
0.00424225
0.00421387
0.00419009
0.0041719
0.00416017
0.00415575
0.00415949
0.00417227
0.00419499
0.00422862
0.00427416
0.00433266
0.00440515
0.00449266
0.00459607
0.00471608
0.00485304
0.00500686
0.00517691
0.00536184
0.00555963
0.00141093
0.00258105
0.00326932
0.00372232
0.00404898
0.00429162
0.00447114
0.00460059
0.00468955
0.00474537
0.00477432
0.00478166
0.00477186
0.00474893
0.00471696
0.00467975
0.00463952
0.00459878
0.00455974
0.00452411
0.00449327
0.00446836
0.0044504
0.00444035
0.00443918
0.00444788
0.00446749
0.00449913
0.00454396
0.00460321
0.00467812
0.0047699
0.00487966
0.00500832
0.00515646
0.00532418
0.00551098
0.00571561
0.00593599
0.00616923
0.00149014
0.00279648
0.00352282
0.00400131
0.00434682
0.00460369
0.004794
0.00493139
0.00502549
0.0050838
0.00511272
0.00511742
0.00510266
0.00507306
0.00503362
0.00498866
0.00494128
0.00489479
0.00485156
0.00481332
0.00478138
0.00475682
0.00474066
0.00473393
0.00473771
0.00475313
0.00478145
0.00482396
0.00488206
0.00495715
0.00505067
0.00516391
0.00529804
0.0054539
0.00563192
0.00583187
0.00605279
0.00629283
0.00654921
0.0068182
0.00159231
0.00300283
0.00377306
0.00427901
0.0046446
0.00491681
0.00511899
0.00526552
0.00536606
0.00542816
0.00545818
0.00546105
0.00544133
0.00540421
0.00535603
0.00530181
0.00524723
0.0051959
0.00515
0.00511093
0.00507975
0.00505738
0.00504484
0.00504318
0.00505364
0.00507751
0.00511625
0.00517136
0.00524443
0.00533705
0.00545073
0.00558683
0.00574646
0.00593036
0.00613877
0.00637119
0.00662628
0.00690172
0.00719415
0.00749921
0.00169315
0.0032083
0.00402177
0.00455562
0.00494177
0.00522995
0.00544479
0.0056012
0.00570934
0.00577678
0.0058093
0.00581131
0.00578676
0.005741
0.00568053
0.00561666
0.00555622
0.00550237
0.00545639
0.00541899
0.00539083
0.00537271
0.0053656
0.0053707
0.00538939
0.00542321
0.00547378
0.00554281
0.00563205
0.0057432
0.00587784
0.00603727
0.0062225
0.00643414
0.0066723
0.00693632
0.00722464
0.0075347
0.00786288
0.0082045
0.00179395
0.0034139
0.00427003
0.00483125
0.00523793
0.0055423
0.00577023
0.00593711
0.00605352
0.00612688
0.00616247
0.00616409
0.00613411
0.00607473
0.00600094
0.00593041
0.00586863
0.00581646
0.00577385
0.00574089
0.00571802
0.00570598
0.00570587
0.00571908
0.00574723
0.00579209
0.00585549
0.00593929
0.00604533
0.00617538
0.00633096
0.00651332
0.00672336
0.0069616
0.00722804
0.00752192
0.00784167
0.00818482
0.00854789
0.00892628
0.00189482
0.00361701
0.00451768
0.00510721
0.00553492
0.00585586
0.00609702
0.00627427
0.00639816
0.00647569
0.00651152
0.00650821
0.00646429
0.00638983
0.00631236
0.00624486
0.00618879
0.00614293
0.00610675
0.0060804
0.00606446
0.00605986
0.00606786
0.00609013
0.0061286
0.00618532
0.00626224
0.0063613
0.00648437
0.00663309
0.00680893
0.00701314
0.00724669
0.00750999
0.00780284
0.00812448
0.0084735
0.00884771
0.00924411
0.00965873
0.00199412
0.00382021
0.00476581
0.00538412
0.00583356
0.00617191
0.00642692
0.00661436
0.00674383
0.00682087
0.00684797
0.00682568
0.00676071
0.00668506
0.00662122
0.00656634
0.00652069
0.00648382
0.00645595
0.00643783
0.00643036
0.00643455
0.00645177
0.00648401
0.0065337
0.00660314
0.00669432
0.00680904
0.00694902
0.00711588
0.00731116
0.00753612
0.00779172
0.0080783
0.00839565
0.00874308
0.00911936
0.00952269
0.00995064
0.0104
0.00209184
0.00402276
0.00501318
0.00566048
0.00613222
0.00648883
0.0067587
0.00695733
0.00709318
0.00716995
0.00718615
0.00714352
0.00706527
0.00699155
0.00693631
0.00689419
0.00686128
0.00683582
0.00681842
0.00681061
0.00681363
0.00682836
0.00685627
0.00689988
0.00696225
0.00704567
0.00715189
0.00728253
0.00743928
0.00762389
0.00783796
0.0080827
0.00835897
0.00866718
0.00900733
0.00937901
0.00978137
0.0102131
0.0106721
0.011156
0.00218623
0.0042217
0.00525564
0.0059306
0.00642303
0.00679567
0.00707725
0.00728264
0.00741932
0.00749057
0.00749669
0.00744757
0.00737522
0.0073145
0.00727102
0.00724074
0.00721913
0.00720418
0.00719726
0.00720058
0.00721513
0.00724142
0.00728145
0.00733855
0.00741558
0.00751422
0.00763598
0.00778263
0.00795612
0.00815828
0.0083905
0.00865392
0.00894944
0.00927769
0.00963907
0.0100337
0.0104613
0.010921
0.0114115
0.0119302
0.00227584
0.00441512
0.00549137
0.00619281
0.00670461
0.00709209
0.00738482
0.00759745
0.00773659
0.00780363
0.00780045
0.00774731
0.00768693
0.00764265
0.00761381
0.00759718
0.00758862
0.00758665
0.00759292
0.00760953
0.00763706
0.00767662
0.00773093
0.00780336
0.00789619
0.00801077
0.00814858
0.00831157
0.00850177
0.00872105
0.00897067
0.00925167
0.00956503
0.00991167
0.0102925
0.0107083
0.0111594
0.0116458
0.0121665
0.0127193
0.00236093
0.00460319
0.00572088
0.00644816
0.00697883
0.007381
0.00768524
0.00790615
0.0080494
0.0081147
0.0081076
0.00806157
0.00801739
0.00798832
0.00797321
0.00796883
0.00797299
0.00798624
0.00800911
0.00804179
0.00808446
0.00813896
0.00820856
0.00829664
0.00840545
0.00853631
0.0086908
0.0088708
0.00907825
0.00931476
0.00958145
0.00987935
0.0102095
0.0105733
0.0109723
0.0114084
0.0118833
0.0123982
0.0129529
0.0135461
0.00244082
0.00478499
0.00594337
0.00669597
0.00724497
0.00766128
0.0079766
0.00820563
0.00835183
0.00841444
0.00841115
0.008383
0.00835996
0.00834989
0.00835198
0.00836334
0.00838312
0.00841242
0.00845202
0.00850126
0.00856001
0.00863053
0.00871621
0.00882048
0.0089456
0.00909311
0.0092648
0.00946252
0.00968797
0.00994234
0.0102265
0.0105415
0.0108882
0.0112683
0.0116843
0.0121398
0.0126384
0.0131824
0.0137724
0.0144077
0.00251449
0.0049589
0.00615732
0.00693481
0.00750155
0.00793123
0.00825695
0.00849406
0.00864416
0.00871012
0.00872253
0.00871695
0.00871658
0.00872879
0.00875178
0.00878268
0.00882098
0.00886748
0.00892363
0.00898925
0.00906463
0.00915207
0.00925484
0.00937622
0.00951856
0.00968381
0.00987395
0.0100907
0.0103353
0.0106086
0.0109113
0.0112441
0.0116077
0.0120037
0.0124355
0.0129095
0.013432
0.014007
0.0146357
0.0153179
0.00258076
0.00512387
0.00636224
0.00716464
0.00774881
0.00819101
0.00852586
0.0087698
0.00892537
0.00900447
0.00904089
0.00906247
0.00908896
0.00912674
0.00917345
0.00922663
0.00928512
0.0093498
0.00942269
0.00950508
0.00959815
0.00970388
0.00982495
0.00996457
0.0101256
0.0103103
0.0105209
0.0107587
0.0110245
0.0113188
0.0116419
0.0119944
0.0123766
0.0127892
0.0132369
0.0137311
0.0142817
0.0148928
0.0155656
0.0162989
0.0026398
0.00527995
0.00655868
0.00738693
0.00798954
0.00844518
0.00879015
0.00904322
0.00921017
0.00931096
0.00937561
0.00942637
0.00948092
0.00954428
0.00961439
0.00968952
0.00976904
0.00985438
0.00994726
0.010049
0.0101612
0.0102863
0.010427
0.0105866
0.0107684
0.0109751
0.0112088
0.0114706
0.0117608
0.0120793
0.0124259
0.0128008
0.0132041
0.0136348
0.0141011
0.0146214
0.0152072
0.0158602
0.0165804
0.0173661
0.00269199
0.00542694
0.00674585
0.00760059
0.00822264
0.00869297
0.00904992
0.00931556
0.00950195
0.00963206
0.00972898
0.00981098
0.00989366
0.00998126
0.0100734
0.0101699
0.0102711
0.0103784
0.0104934
0.0106172
0.0107514
0.0108981
0.0110604
0.011242
0.0114471
0.0116788
0.011939
0.0122285
0.0125471
0.0128942
0.0132686
0.0136696
0.0140961
0.0145478
0.0150404
0.0155961
0.0162244
0.0169254
0.0176976
0.0185407
0.00273858
0.00556583
0.00692489
0.00780723
0.00845115
0.00894027
0.00931499
0.00959897
0.00981046
0.00997242
0.0101017
0.0102135
0.0103223
0.010433
0.0105467
0.0106647
0.0107882
0.0109189
0.0110585
0.0112074
0.0113667
0.0115376
0.0117232
0.011929
0.0121601
0.0124198
0.0127098
0.0130303
0.0133809
0.0137604
0.0141663
0.0145971
0.0150528
0.0155376
0.0160668
0.0166629
0.0173386
0.0180942
0.0189268
0.0198367
0.00278586
0.00570482
0.00710416
0.00801518
0.00868365
0.00919623
0.0095951
0.00990517
0.0101472
0.0103405
0.0104985
0.0106372
0.0107699
0.0109022
0.0110366
0.0111753
0.0113204
0.0114744
0.0116388
0.0118146
0.0120016
0.0121993
0.0124101
0.0126424
0.0129027
0.0131938
0.0135164
0.0138706
0.0142558
0.0146706
0.0151115
0.0155776
0.0160707
0.0165963
0.0171705
0.0178154
0.0185458
0.0193641
0.0202678
0.0212567
0.00284019
0.00585466
0.00729587
0.00823715
0.00893233
0.00947117
0.00989569
0.0102335
0.0105051
0.0107272
0.0109145
0.0110812
0.011238
0.0113915
0.0115456
0.0117036
0.0118688
0.0120444
0.0122324
0.0124338
0.0126479
0.0128725
0.0131113
0.0133745
0.013668
0.0139934
0.0143508
0.01474
0.0151606
0.0156118
0.0160911
0.0165987
0.0171358
0.0177087
0.0183362
0.0190403
0.0198357
0.0207278
0.0217163
0.0227987
0.00290309
0.00601953
0.00750547
0.00847907
0.00920268
0.00976683
0.0102171
0.0105815
0.0108802
0.0111298
0.0113452
0.0115389
0.0117202
0.0118958
0.0120701
0.0122472
0.0124317
0.0126281
0.0128377
0.0130599
0.0132929
0.0135421
0.0138179
0.0141184
0.0144483
0.0148093
0.015202
0.0156263
0.0160824
0.0165703
0.0170898
0.0176432
0.0182337
0.0188677
0.0195616
0.0203359
0.0212074
0.0221857
0.0232737
0.024467
0.00297427
0.00619931
0.00773275
0.00874033
0.00949103
0.0100807
0.0105563
0.010946
0.01127
0.0115451
0.0117864
0.0120052
0.0122103
0.0124079
0.0126026
0.0127985
0.0130019
0.0132181
0.0134462
0.0136855
0.0139412
0.0142264
0.0145402
0.0148765
0.0152411
0.0156367
0.016064
0.016524
0.0170174
0.0175457
0.0181108
0.018716
0.0193671
0.0200719
0.0208441
0.0217012
0.0226607
0.0237356
0.0249325
0.0262471
0.00305297
0.00639257
0.00797595
0.0090164
0.00979462
0.0104098
0.0109099
0.0113232
0.0116705
0.0119696
0.0122347
0.0124761
0.0127023
0.01292
0.0131338
0.0133493
0.0135743
0.0138112
0.0140589
0.0143218
0.0146116
0.0149342
0.0152807
0.0156501
0.016048
0.0164774
0.0169399
0.0174373
0.0179716
0.0185454
0.0191625
0.0198276
0.0205476
0.0213318
0.0221927
0.0231454
0.0242048
0.0253844
0.0266924
0.0281241
0.00313558
0.00659443
0.00822704
0.00930121
0.0101078
0.0107485
0.0112726
0.0117091
0.0120801
0.0124032
0.0126913
0.0129537
0.0131986
0.0134329
0.0136631
0.013898
0.0141438
0.014401
0.0146738
0.0149711
0.0153
0.0156563
0.0160341
0.016437
0.016869
0.0173335
0.0178334
0.0183718
0.0189521
0.0195787
0.0202567
0.0209926
0.0217945
0.0226725
0.0236384
0.0247045
0.025882
0.0271801
0.0286038
0.0301458
0.00321918
0.00679737
0.00848046
0.00959034
0.0104266
0.0110936
0.0116415
0.0121011
0.0124954
0.012842
0.0131524
0.0134352
0.0136975
0.0139466
0.0141919
0.0144451
0.0147131
0.0149979
0.015305
0.0156407
0.016005
0.0163924
0.0168024
0.017239
0.0177062
0.0182078
0.0187481
0.0193319
0.0199646
0.0206523
0.021402
0.022222
0.0231217
0.0241119
0.0252041
0.0264078
0.0277286
0.0291661
0.030714
0.0323534
0.00332164
0.00699823
0.00873087
0.00987663
0.010743
0.0114368
0.0120093
0.0124924
0.0129097
0.0132782
0.0136085
0.0139092
0.0141881
0.0144549
0.0147216
0.0149998
0.0152959
0.0156132
0.0159566
0.0163281
0.0167249
0.017144
0.0175875
0.0180588
0.0185623
0.019103
0.019687
0.0203207
0.0210117
0.0217685
0.0226001
0.0235167
0.0245288
0.0256482
0.0268871
0.028253
0.0297439
0.0313481
0.0330435
0.0347931
0.00342846
0.00718969
0.00897056
0.0101521
0.0110491
0.0117706
0.0123696
0.0128784
0.0133196
0.0137092
0.0140582
0.0143765
0.0146748
0.0149652
0.01526
0.0155686
0.0158971
0.01625
0.0166293
0.0170349
0.0174639
0.0179157
0.0183929
0.0188992
0.0194401
0.0200219
0.0206524
0.0213401
0.0220949
0.0229276
0.0238495
0.0248727
0.0260086
0.0272689
0.0286677
0.0302114
0.0318895
0.033679
0.035545
0.037437
0.00353045
0.00736997
0.00919792
0.0104155
0.0113437
0.0120937
0.0127202
0.0132562
0.0137243
0.0141384
0.0145096
0.0148487
0.0151693
0.0154865
0.0158128
0.0161555
0.0165194
0.0169079
0.0173218
0.0177609
0.0182226
0.0187075
0.0192186
0.0197606
0.0203402
0.0209655
0.0216458
0.0223921
0.0232162
0.0241312
0.0251505
0.0262876
0.0275537
0.0289595
0.0305202
0.0322406
0.0341052
0.0360832
0.0381312
0.0401907
0.00362395
0.00753461
0.00940838
0.0106626
0.0116235
0.0124041
0.0130599
0.0136242
0.0141193
0.0145595
0.0149568
0.0153233
0.0156732
0.0160218
0.0163809
0.0167581
0.0171571
0.0175796
0.0180265
0.0184983
0.0189932
0.019512
0.0200584
0.0206384
0.0212597
0.0219321
0.0226668
0.0234767
0.0243757
0.0253779
0.0264981
0.0277513
0.0291501
0.0307044
0.0324261
0.0343184
0.0363637
0.0385278
0.0407652
0.0430166
0.00370417
0.00767773
0.0095955
0.0108868
0.0118827
0.0126977
0.0133867
0.0139828
0.0145075
0.0149757
0.0154005
0.0157965
0.01618
0.0165644
0.0169591
0.017371
0.0178033
0.018258
0.0187364
0.0192391
0.0197664
0.02032
0.0209042
0.0215256
0.0221931
0.0229178
0.0237126
0.0245918
0.0255697
0.0266609
0.0278821
0.0292505
0.0307819
0.0324883
0.0343786
0.0364511
0.0386853
0.0410453
0.0434845
0.0459465
0.00377248
0.00780171
0.00976171
0.0110899
0.0121213
0.0129715
0.0136958
0.014327
0.0148854
0.0153859
0.0158426
0.0162725
0.016692
0.0171138
0.0175449
0.017991
0.0184554
0.0189406
0.0194486
0.0199806
0.0205389
0.0211267
0.0217493
0.0224143
0.0231319
0.0239145
0.0247758
0.0257294
0.0267895
0.0279721
0.0292974
0.0307873
0.0324602
0.0343292
0.0364001
0.0386666
0.041105
0.0436757
0.0463305
0.0490061
0.00382904
0.00790769
0.00990762
0.0112715
0.0123374
0.0132224
0.0139821
0.0146491
0.0152438
0.0157822
0.0162794
0.0167512
0.0172122
0.0176726
0.0181391
0.0186172
0.0191111
0.0196238
0.0201583
0.0207174
0.0213047
0.0219252
0.0225857
0.0232952
0.0240647
0.0249075
0.0258375
0.0268687
0.0280184
0.0293058
0.0307517
0.0323789
0.0342084
0.0362542
0.03852
0.0409955
0.0436532
0.0464388
0.0493001
0.0521776
0.00387388
0.00799678
0.0100347
0.0114336
0.012534
0.0134541
0.0142507
0.0149559
0.01559
0.0161699
0.016711
0.0172289
0.0177348
0.0182357
0.0187375
0.0192459
0.019766
0.0203023
0.0208593
0.0214417
0.022055
0.022706
0.023403
0.0241563
0.0249781
0.0258821
0.026884
0.0280012
0.0292531
0.03066
0.0322425
0.0340252
0.0360303
0.0382716
0.0407513
0.0434525
0.0463285
0.0493309
0.0524016
0.0554799
0.00390839
0.00807193
0.0101454
0.011578
0.0127129
0.0136695
0.014505
0.0152508
0.015927
0.0165505
0.0171371
0.0177018
0.0182539
0.0187965
0.0193334
0.0198699
0.0204122
0.0209671
0.0215415
0.0221424
0.0227778
0.0234563
0.024188
0.0249847
0.0258598
0.0268287
0.0279089
0.0291204
0.0304846
0.0320234
0.0337595
0.0357164
0.0379154
0.0403715
0.0430867
0.0460228
0.0491357
0.0523692
0.055658
0.0589366
0.00393664
0.00813956
0.0102456
0.011709
0.0128762
0.0138682
0.0147422
0.0155288
0.0162482
0.0169168
0.0175508
0.0181642
0.0187647
0.0193505
0.019921
0.0204811
0.0210394
0.0216059
0.0221909
0.0228048
0.0234579
0.0241612
0.0249267
0.0257677
0.0266993
0.0277385
0.0289048
0.03022
0.0317076
0.0333921
0.0352967
0.0374435
0.0398541
0.0425461
0.0455148
0.0487119
0.0520873
0.0555732
0.0590926
0.0625705
0.00396248
0.00820633
0.010341
0.01183
0.0130238
0.0140459
0.0149545
0.0157799
0.016542
0.0172567
0.0179418
0.0186115
0.0192673
0.0198991
0.0204991
0.0210732
0.0216362
0.0222038
0.0227909
0.0234114
0.0240784
0.024805
0.0256049
0.0264932
0.0274866
0.0286038
0.0298664
0.031298
0.0329241
0.03477
0.03686
0.0392161
0.04186
0.0448088
0.0480567
0.0515465
0.0552158
0.0589809
0.0627462
0.0664196
0.00399567
0.00827927
0.0104354
0.0119413
0.0131517
0.0141946
0.0151315
0.0159931
0.0167977
0.0175601
0.0183021
0.0190418
0.0197686
0.0204539
0.0210709
0.0216389
0.0221884
0.0227436
0.0233236
0.0239454
0.0246241
0.0253744
0.0262117
0.0271524
0.0282148
0.0294201
0.0307919
0.0323569
0.0341425
0.0361736
0.0384741
0.0410653
0.0439663
0.0471931
0.0507433
0.0545628
0.0585654
0.0626463
0.0666823
0.0705516
0.00404334
0.00836389
0.0105339
0.0120482
0.0132663
0.0143224
0.0152804
0.0161704
0.0170115
0.0178243
0.0186362
0.0194551
0.0202623
0.0210049
0.0216183
0.0221496
0.0226681
0.0232011
0.0237698
0.0243924
0.0250849
0.0258631
0.0267433
0.0277434
0.0288837
0.0301873
0.0316809
0.0333926
0.0353509
0.0375853
0.0401214
0.0429818
0.0461826
0.0497259
0.0536011
0.0577746
0.0621602
0.0666094
0.0709628
0.0750447
0.00408634
0.00844759
0.0106314
0.0121513
0.0133764
0.0144456
0.015421
0.0163342
0.0172091
0.0180742
0.0189454
0.0198092
0.0206402
0.0214018
0.0220356
0.0225337
0.0230238
0.0235416
0.024108
0.0247406
0.0254561
0.0262711
0.0272029
0.0282713
0.0294985
0.0309099
0.0325348
0.0344032
0.0365482
0.0390022
0.0417939
0.0449473
0.048476
0.0523773
0.0566257
0.0611813
0.0659655
0.0708325
0.0755656
0.0798948
0.00414639
0.00855157
0.010751
0.0122797
0.0135127
0.0145898
0.0155719
0.0164934
0.0173786
0.018252
0.0191157
0.0199577
0.0207761
0.0215915
0.0222587
0.0227498
0.0232319
0.0237526
0.0243329
0.0249904
0.0257416
0.0266042
0.0275971
0.0287419
0.0300633
0.0315893
0.0333516
0.0353847
0.0377253
0.040409
0.0434672
0.0469238
0.0507894
0.0550566
0.059695
0.064647
0.0698405
0.0751225
0.0802482
0.0848906
0.00424946
0.00870044
0.0109134
0.0124459
0.0136762
0.0147419
0.0157042
0.0166011
0.0174618
0.018309
0.0191502
0.0199717
0.0207859
0.0216424
0.0223256
0.0228347
0.0233313
0.0238695
0.0244746
0.0251652
0.0259589
0.0268746
0.0279328
0.0291573
0.0305747
0.0322156
0.0341141
0.036309
0.0388403
0.0417469
0.0450629
0.0488123
0.0530033
0.057622
0.0626315
0.0679739
0.0735707
0.0793028
0.084966
0.0901163
0.00436285
0.00886763
0.0110959
0.0126278
0.0138469
0.0148893
0.015818
0.0166709
0.0174858
0.0182921
0.0190954
0.0198929
0.0207399
0.0215992
0.022274
0.0228132
0.0233431
0.0239121
0.0245495
0.0252773
0.0261153
0.0270844
0.028207
0.0295085
0.0310175
0.0327658
0.0347888
0.0371279
0.0398251
0.0429218
0.0464543
0.0504493
0.0549152
0.0598325
0.0651561
0.0708441
0.0768499
0.0831255
0.0895862
0.0945718
0.00443359
0.00897528
0.0112167
0.0127495
0.0139605
0.0149875
0.0158907
0.0167036
0.0174715
0.0182349
0.0189921
0.0197716
0.0206312
0.0214605
0.0221195
0.0226886
0.0232587
0.0238676
0.0245443
0.0253129
0.0261962
0.0272174
0.0284011
0.0297742
0.0313659
0.0332085
0.0353373
0.0377906
0.0406107
0.043838
0.0475087
0.0516514
0.056279
0.0613673
0.0668492
0.0726814
0.0788558
0.0853136
0.0917038
0.0963203
0.00449115
0.009035
0.0112721
0.0127953
0.0139915
0.015
0.0158812
0.0166649
0.0173929
0.0181122
0.0188319
0.0196066
0.0204525
0.0212366
0.0218838
0.0224793
0.0230858
0.0237331
0.0244481
0.025256
0.0261821
0.027252
0.028492
0.0299295
0.0315938
0.0335156
0.0357278
0.0382652
0.0411629
0.0444553
0.048171
0.052332
0.0569487
0.0620134
0.0674842
0.0732777
0.0793818
0.0857938
0.0921793
0.0973478
0.00457348
0.00910211
0.0113231
0.0128267
0.0139979
0.0149746
0.0158143
0.0165526
0.0172417
0.0179216
0.0186226
0.0193937
0.0202025
0.0209398
0.0215842
0.0222034
0.0228365
0.0235112
0.0242547
0.0250939
0.0260562
0.0271687
0.0284584
0.0299526
0.0316784
0.0336636
0.0359365
0.0385256
0.0414591
0.0447632
0.0484596
0.052543
0.0569781
0.0617897
0.0670167
0.072579
0.0783775
0.084278
0.0900982
0.0957982
0.00465954
0.00917136
0.0113794
0.0128653
0.014009
0.0149405
0.0157191
0.0164039
0.0170537
0.0177007
0.0183835
0.0191298
0.0198806
0.0205791
0.0212235
0.0218561
0.0225024
0.0231911
0.0239517
0.0248134
0.0258048
0.0269535
0.0282861
0.0298277
0.0316024
0.0336328
0.0359399
0.0385418
0.0414534
0.0446909
0.048258
0.0521275
0.0562881
0.0608006
0.0656964
0.0709252
0.0763683
0.081866
0.0873541
0.0928672
0.0047032
0.00918479
0.0113841
0.0128588
0.0139825
0.0148802
0.0156172
0.0162541
0.0168534
0.0174601
0.0181072
0.0187992
0.0194911
0.0201558
0.0207898
0.0214181
0.0220642
0.022758
0.0235299
0.0244097
0.025426
0.0266056
0.0279732
0.0295516
0.0313609
0.0334179
0.0357352
0.0383188
0.0411698
0.0442847
0.0476351
0.0511819
0.0550187
0.059251
0.063873
0.0687972
0.073894
0.0790772
0.0843842
0.0898607
0.00467885
0.00910816
0.0113027
0.0127756
0.013892
0.0147764
0.0154925
0.0160919
0.0166454
0.0172073
0.0178029
0.0184335
0.019071
0.0196869
0.0202871
0.0208943
0.0215316
0.0222266
0.0230078
0.0239031
0.0249394
0.0261417
0.027533
0.0291333
0.0309587
0.0330202
0.0353211
0.0378547
0.0406078
0.0435433
0.046595
0.0498266
0.0534134
0.0574297
0.0618467
0.06655
0.0713792
0.0762752
0.0813967
0.0868815
0.00457802
0.00893943
0.0111405
0.0126319
0.0137643
0.0146569
0.0153653
0.0159366
0.0164446
0.0169518
0.0174832
0.0180443
0.0186234
0.0191882
0.0197464
0.0203272
0.0209516
0.021644
0.0224293
0.0233326
0.0243783
0.0255896
0.0269878
0.028591
0.0304125
0.0324583
0.0347224
0.0371846
0.0398136
0.0425331
0.0452764
0.0482327
0.0515814
0.0553861
0.059638
0.0642123
0.068843
0.0734616
0.0783987
0.0838769
0.00440331
0.00868387
0.0108987
0.012428
0.0136028
0.0145272
0.0152404
0.0157754
0.0162377
0.0166865
0.0171527
0.0176463
0.0181653
0.0186862
0.0192095
0.0197637
0.0203709
0.0210532
0.0218324
0.0227304
0.0237692
0.0249699
0.0263519
0.0279317
0.02972
0.0317188
0.0339152
0.0362796
0.038763
0.0412468
0.0437302
0.0464464
0.0495429
0.0531076
0.0571498
0.0614303
0.0656312
0.0699181
0.0746173
0.0799079
0.00419758
0.00835756
0.0105719
0.0121348
0.0133603
0.0143362
0.0150779
0.0155932
0.01603
0.0164307
0.0168374
0.017269
0.0177275
0.0182009
0.0186926
0.0192214
0.0198075
0.0204717
0.0212333
0.0221114
0.0231255
0.0242945
0.0256361
0.0271654
0.0288919
0.0308154
0.0329195
0.0351663
0.0374811
0.0397118
0.0419211
0.0443531
0.0471344
0.0503476
0.0540086
0.057942
0.0619202
0.0658776
0.0700287
0.0746073
0.00402137
0.00802249
0.01019
0.0117495
0.0129996
0.0140207
0.0148139
0.0153506
0.0158078
0.0161793
0.0165362
0.0169102
0.0173112
0.0177362
0.0181926
0.0186946
0.0192576
0.0198986
0.0206337
0.0214796
0.0224527
0.0235699
0.0248476
0.0262997
0.0279351
0.0297536
0.0317386
0.0338461
0.0359766
0.0379414
0.0398572
0.0419647
0.0443798
0.0471738
0.0503717
0.0539109
0.0576544
0.06148
0.0654608
0.0698321
0.00387655
0.00772143
0.00980802
0.0113228
0.0125571
0.0135897
0.0144075
0.014953
0.0154857
0.0158898
0.0162266
0.0165602
0.0169125
0.0172934
0.0177133
0.0181852
0.0187214
0.019334
0.0200353
0.0208384
0.021757
0.0228058
0.0239995
0.0253509
0.0268685
0.0285529
0.0303921
0.0323452
0.0342959
0.0360098
0.0376656
0.0394812
0.0415618
0.0439856
0.0467903
0.0499617
0.0534578
0.0572618
0.0614243
0.0661218
0.00376156
0.00746201
0.00945655
0.0109044
0.0120962
0.0131144
0.013926
0.0144694
0.015022
0.0155119
0.0158748
0.016189
0.0165045
0.0168496
0.0172389
0.0176836
0.0181927
0.0187744
0.0194374
0.0201913
0.0210473
0.0220175
0.0231146
0.0243506
0.0257333
0.0272642
0.0289367
0.0307195
0.0324972
0.0340078
0.0354592
0.037065
0.0388912
0.0410329
0.0435543
0.0464875
0.0498587
0.0537307
0.0582186
0.0635089
0.00366308
0.00722116
0.00913596
0.01052
0.0116583
0.0126408
0.0134303
0.0139788
0.0144954
0.0150094
0.015418
0.015738
0.016038
0.0163664
0.0167409
0.0171696
0.0176583
0.0182121
0.0188372
0.0195413
0.020333
0.0212227
0.0222211
0.0233386
0.0245829
0.025957
0.0274603
0.0290724
0.0306925
0.0320826
0.033376
0.0348415
0.0365117
0.0384694
0.0408134
0.0436293
0.047013
0.0511098
0.0561111
0.0622669
0.00354416
0.00696377
0.00881299
0.0101473
0.0112326
0.0121558
0.0129167
0.013484
0.0139627
0.0144342
0.0148539
0.0151966
0.0155065
0.0158398
0.0162157
0.0166395
0.0171139
0.0176432
0.018233
0.0188894
0.0196202
0.0204339
0.0213394
0.0223454
0.0234587
0.0246828
0.0260212
0.0274637
0.0289425
0.0302995
0.03156
0.0329417
0.0345334
0.0364069
0.0386841
0.0415212
0.0451012
0.0496571
0.0554137
0.0626039
0.00337595
0.0066531
0.00844357
0.00973688
0.0107718
0.0116316
0.0123542
0.0129356
0.0134124
0.0138563
0.0142483
0.0145991
0.0149359
0.0152897
0.0156757
0.0160972
0.0165583
0.0170646
0.0176212
0.0182335
0.0189086
0.0196537
0.0204763
0.0213834
0.0223808
0.0234723
0.0246623
0.0259484
0.0273051
0.028664
0.0299994
0.0314123
0.0329975
0.0348858
0.0372341
0.0402713
0.0442464
0.0494207
0.0560736
0.0644927
0.00317444
0.00628543
0.00800871
0.00925842
0.010251
0.0110618
0.0117438
0.0123162
0.0128007
0.0132318
0.0136109
0.0139715
0.0143379
0.0147195
0.0151197
0.0155418
0.0159918
0.016476
0.0170005
0.017572
0.0181975
0.0188819
0.0196317
0.0204529
0.0213509
0.0223298
0.023395
0.0245516
0.0257983
0.0271233
0.028524
0.0300269
0.0317283
0.0337989
0.0364175
0.0398641
0.0444459
0.0504852
0.0583081
0.0682438
0.00298277
0.00590949
0.00755118
0.008749
0.00970303
0.010476
0.0111242
0.0116841
0.0121679
0.0125891
0.0129761
0.0133542
0.0137422
0.0141445
0.0145563
0.0149793
0.0154203
0.0158857
0.0163819
0.0169159
0.0174947
0.018124
0.0188093
0.019556
0.0203691
0.0212532
0.0222161
0.0232699
0.0244288
0.0257043
0.0271176
0.0287238
0.0306493
0.033031
0.0360837
0.0401131
0.0454797
0.05258
0.0618383
0.0736956
0.00280458
0.00556391
0.00712054
0.00826434
0.00918074
0.00992334
0.0105402
0.011083
0.0115635
0.0119939
0.0123958
0.0127871
0.0131836
0.013593
0.0140092
0.0144306
0.0148622
0.0153092
0.0157785
0.0162782
0.0168156
0.0173964
0.0180257
0.018708
0.0194487
0.0202549
0.0211372
0.0221126
0.0232057
0.0244498
0.0258957
0.027629
0.0297868
0.032544
0.0361458
0.040924
0.0473062
0.0558159
0.0669301
0.0812312
0.002641
0.00525352
0.0067287
0.00781937
0.00869686
0.00941206
0.0100019
0.0105244
0.0110047
0.0114507
0.0118717
0.0122783
0.0126817
0.0130883
0.0134989
0.013913
0.014332
0.0147597
0.0152032
0.0156709
0.0161708
0.0167088
0.0172895
0.0179174
0.0185987
0.0193425
0.0201632
0.0210833
0.0221372
0.0233749
0.0248705
0.026737
0.0291384
0.0323006
0.0365374
0.0422501
0.0499588
0.0602891
0.0738082
0.0911575
0.00249544
0.0049891
0.00638898
0.00742787
0.00826716
0.00896107
0.00953955
0.0100506
0.0105293
0.0109817
0.0114133
0.0118306
0.0122393
0.0126414
0.0130408
0.0134405
0.0138424
0.0142494
0.0146675
0.0151049
0.0155702
0.0160694
0.0166072
0.0171887
0.0178211
0.0185156
0.0192905
0.0201736
0.0212082
0.0224589
0.0240223
0.0260413
0.0287236
0.0323602
0.0373499
0.0442075
0.0535884
0.0661677
0.0826444
0.103747
0.00237048
0.00477815
0.00611395
0.00710722
0.00791355
0.00858986
0.00916179
0.00966092
0.010128
0.0105776
0.0110126
0.0114352
0.0118473
0.0122484
0.0126397
0.0130256
0.0134089
0.0137925
0.014183
0.0145896
0.0150212
0.015484
0.0159832
0.0165243
0.017116
0.0177718
0.0185133
0.0193742
0.0204062
0.0216886
0.0233417
0.0255458
0.0285665
0.0327802
0.0386949
0.0469554
0.0583434
0.0736548
0.0937302
0.119443
0.00226787
0.00462311
0.00590481
0.00685414
0.00762568
0.00828078
0.00884761
0.00934492
0.00980381
0.0102458
0.0106751
0.0110937
0.0115024
0.0118998
0.0122851
0.0126601
0.0130272
0.0133889
0.0137523
0.0141286
0.0145279
0.0149568
0.0154208
0.0159266
0.0164842
0.0171095
0.0178277
0.0186781
0.0197217
0.0210537
0.0228217
0.0252532
0.0286876
0.0336082
0.0406567
0.0506247
0.0644396
0.0830592
0.107502
0.138841
0.00218898
0.00452853
0.00576675
0.00667098
0.00740096
0.00802813
0.00858723
0.00908825
0.00954306
0.00997471
0.0103936
0.0108025
0.0112026
0.0115922
0.011969
0.0123307
0.0126788
0.0130197
0.013363
0.0137166
0.0140891
0.0144883
0.0149213
0.0153964
0.0159255
0.0165271
0.01723
0.0180792
0.0191461
0.0205441
0.0224547
0.025163
0.0291022
0.0348878
0.0433206
0.0553562
0.0720856
0.0946944
0.124457
0.162756
0.00213231
0.00449083
0.00570406
0.00656479
0.00723901
0.00782051
0.00836012
0.0088644
0.00932695
0.00975719
0.0101676
0.0105639
0.0109488
0.0113231
0.0116851
0.0120321
0.0123652
0.0126897
0.0130152
0.0133498
0.0137009
0.0140758
0.0144827
0.0149322
0.0154385
0.0160227
0.0167173
0.0175735
0.0186739
0.020154
0.0222358
0.0252776
0.0298303
0.0366716
0.0467839
0.0612949
0.081474
0.108822
0.145
0.191917
0.00209544
0.00448565
0.00569798
0.00653491
0.00715079
0.00766762
0.00816868
0.00866054
0.00912874
0.00956672
0.00997861
0.0103686
0.0107399
0.0110966
0.0114399
0.0117699
0.0120886
0.0124
0.0127111
0.01303
0.0133632
0.0137181
0.0141041
0.0145335
0.015023
0.0155968
0.0162908
0.0171625
0.0183074
0.019887
0.0221743
0.0256199
0.0309248
0.0390665
0.051232
0.0687173
0.0929663
0.125884
0.169698
0.227298
0.00206802
0.0044774
0.00570361
0.00655744
0.0071514
0.00759345
0.00802998
0.00848101
0.00893391
0.00937454
0.00979402
0.0101884
0.0105587
0.0109083
0.011239
0.0115542
0.0118583
0.0121559
0.0124538
0.012759
0.0130775
0.0134167
0.0137874
0.0142034
0.0146839
0.015256
0.0159592
0.0168577
0.0180626
0.0197677
0.0223091
0.0262555
0.0325021
0.042282
0.0570226
0.0781688
0.107286
0.146724
0.19942
0.269215
0.00203078
0.00442466
0.00566336
0.00654533
0.00717186
0.00758756
0.00795686
0.00835184
0.00876887
0.00919468
0.00961361
0.0100151
0.0103942
0.0107485
0.0110787
0.0113893
0.0116853
0.0119709
0.0122542
0.0125441
0.0128479
0.0131752
0.0135376
0.0139501
0.0144324
0.0150148
0.015741
0.0166842
0.0179767
0.0198521
0.0227241
0.0273063
0.0347321
0.0465486
0.0644796
0.0900997
0.125026
0.17188
0.235098
0.319732
0.00197757
0.00431213
0.00554238
0.00643557
0.00711286
0.00758845
0.00794733
0.00830152
0.00868356
0.00908639
0.00949532
0.0098965
0.0102797
0.0106397
0.0109752
0.0112894
0.0115835
0.01186
0.0121287
0.0124019
0.0126914
0.0130105
0.0133724
0.0137926
0.0142904
0.0148969
0.0156643
0.0166827
0.0181133
0.0202414
0.0235735
0.0289808
0.0378334
0.0519829
0.0734774
0.104039
0.145305
0.200743
0.277173
0.381549
0.00192562
0.00417759
0.0053877
0.00628292
0.00699795
0.00755795
0.00798567
0.00835327
0.00872598
0.00911911
0.00952233
0.00992156
0.0103045
0.0106645
0.010999
0.0113086
0.0115938
0.0118602
0.012119
0.012381
0.0126597
0.012971
0.0133313
0.0137581
0.0142759
0.0149219
0.0157609
0.0169074
0.0185662
0.0210934
0.0251039
0.0316116
0.0421217
0.0585834
0.0831932
0.117992
0.16446
0.226654
0.311729
0.423
0.0019052
0.00409047
0.00529314
0.00619981
0.00695535
0.00759581
0.00813075
0.00858002
0.00899317
0.00940641
0.00982203
0.0102261
0.0106067
0.0109584
0.0112791
0.0115699
0.0118345
0.0120816
0.0123225
0.0125669
0.0128285
0.013124
0.0134719
0.0138948
0.014428
0.0151238
0.0160701
0.0174207
0.019442
0.0225841
0.0275914
0.0356094
0.0482181
0.0674062
0.095711
0.135669
0.19025
0.267341
0.375133
0.49621
0.00195529
0.00415701
0.00539791
0.00636209
0.00719558
0.00793837
0.00859997
0.0091795
0.00968967
0.0101623
0.0106115
0.0110305
0.0114098
0.0117451
0.0120373
0.0122909
0.0125129
0.0127137
0.0129054
0.0131005
0.0133151
0.0135675
0.0138775
0.0142757
0.0148122
0.0155615
0.0166465
0.0182756
0.0207905
0.0247409
0.0309791
0.0407293
0.0556198
0.0777943
0.110127
0.155863
0.222324
0.32054
0.461738
0.524895
0.00213669
0.00452106
0.00591134
0.00701781
0.00800134
0.00890642
0.00973441
0.0104804
0.0111355
0.0117068
0.0122124
0.0126561
0.0130323
0.01334
0.0135852
0.0137752
0.0139199
0.0140316
0.0141248
0.0142161
0.0143253
0.0144756
0.0146958
0.0150284
0.0155373
0.0163207
0.0175438
0.0194768
0.0225334
0.0273249
0.0347117
0.0458146
0.0621619
0.0855403
0.11836
0.164229
0.230811
0.327822
0.468371
0.514413
0.00253533
0.00536647
0.00706977
0.00844568
0.00968111
0.0108235
0.0118799
0.0128371
0.0136771
0.014388
0.0149758
0.0154505
0.015819
0.0160881
0.0162667
0.016364
0.0163917
0.0163648
0.0163014
0.0162231
0.0161555
0.0161298
0.0161855
0.0163769
0.0167844
0.0175336
0.0188292
0.0209961
0.0244964
0.0299284
0.0380238
0.0498464
0.0667246
0.0902406
0.122659
0.168383
0.234385
0.330996
0.47518
0.508081
0.00324205
0.00686309
0.00906801
0.0108515
0.0124501
0.0139205
0.0152699
0.0164879
0.0175493
0.0184371
0.0191408
0.0196695
0.0200392
0.0202664
0.0203658
0.0203493
0.0202295
0.0200235
0.019753
0.0194447
0.019131
0.0188512
0.0186549
0.0186081
0.0188065
0.0193972
0.0206156
0.0228115
0.0264001
0.031877
0.0401438
0.0521764
0.0691162
0.0922657
0.124245
0.1694
0.233811
0.326776
0.462164
0.494125
0.0043104
0.00910742
0.0120086
0.014335
0.0164015
0.0182819
0.0199864
0.0215046
0.0228153
0.0239053
0.0247607
0.0253814
0.025783
0.025987
0.0260143
0.025883
0.025608
0.0252066
0.0247021
0.0241248
0.0235124
0.022911
0.0223782
0.0219885
0.021846
0.0221048
0.0230086
0.0248969
0.0281573
0.0334831
0.0417151
0.0537018
0.0702661
0.0929225
0.124432
0.168765
0.231845
0.322831
0.454249
0.488393
0.00573415
0.0121171
0.0159123
0.01891
0.021534
0.0238864
0.0259855
0.0278243
0.029397
0.0306981
0.0317224
0.032468
0.0329438
0.0331678
0.0331587
0.032939
0.0325304
0.0319503
0.0312198
0.0303679
0.0294329
0.0284632
0.0275196
0.0266806
0.0260536
0.0257889
0.0261064
0.0273526
0.0300923
0.0351751
0.0432901
0.0550181
0.0711828
0.0934291
0.124418
0.168274
0.231549
0.324866
0.464055
0.494856
0.00745781
0.0158622
0.0207553
0.0245475
0.0277982
0.0306497
0.0331474
0.0353055
0.0371316
0.0386327
0.0398165
0.040692
0.0412695
0.0415597
0.0415727
0.0413258
0.0408439
0.0401447
0.039243
0.0381605
0.0369278
0.0355874
0.0341969
0.0328342
0.0316113
0.0306691
0.0302089
0.0306515
0.0327647
0.0374042
0.0451787
0.0565846
0.0724186
0.0942474
0.124786
0.168494
0.232624
0.328914
0.474798
0.504384
0.00941609
0.0203132
0.0265105
0.0311974
0.035113
0.0384657
0.0413369
0.0437719
0.0458043
0.0474629
0.0487729
0.0497565
0.0504329
0.0508194
0.0509238
0.0507498
0.0503062
0.0496029
0.0486491
0.0474537
0.0460288
0.0443984
0.042605
0.0407165
0.0388449
0.0371411
0.0358755
0.0355965
0.037114
0.0412457
0.048582
0.0595811
0.074981
0.0963157
0.126419
0.170142
0.235523
0.3356
0.49037
0.517134
0.0116627
0.0253747
0.0331507
0.0388602
0.0434607
0.0472632
0.0504191
0.0530279
0.055166
0.0568959
0.0582688
0.0593253
0.0600974
0.0606075
0.0608671
0.0608775
0.0606274
0.0601023
0.0593001
0.058217
0.0568375
0.055151
0.0531629
0.0509113
0.0484999
0.0461342
0.0442374
0.0434724
0.0446157
0.0484068
0.0553499
0.0658557
0.0806485
0.101284
0.130734
0.174207
0.240416
0.343478
0.505413
0.526004
0.0141698
0.0312175
0.0408739
0.0476865
0.0528999
0.0569975
0.0602526
0.0628514
0.0649321
0.0666005
0.0679392
0.0690107
0.0698605
0.0705181
0.0709986
0.0713066
0.0714316
0.0713479
0.0710344
0.0704635
0.0695955
0.0683928
0.0668041
0.0647944
0.0623958
0.0598316
0.0576864
0.0567986
0.0579342
0.0616785
0.068279
0.0780741
0.0918255
0.111162
0.139197
0.181471
0.247388
0.352052
0.520367
0.52652
0.0171909
0.0384173
0.0502024
0.0580004
0.063533
0.0675815
0.0706094
0.0729187
0.074716
0.0761493
0.0773293
0.0783392
0.0792375
0.0800619
0.0808328
0.081561
0.0822566
0.0829277
0.0835736
0.0841854
0.0847353
0.0851642
0.0853853
0.0852609
0.0845488
0.0831325
0.0815178
0.0808069
0.0819071
0.0851141
0.0906307
0.098819
0.110496
0.127334
0.152511
0.19159
0.25331
0.352207
0.514092
0.500114
0.0231802
0.0490793
0.0624637
0.0703459
0.0753553
0.0786948
0.0810125
0.0826873
0.083955
0.0849754
0.0858707
0.0867406
0.0876562
0.0886604
0.0897764
0.0910254
0.0924642
0.0941947
0.0963624
0.0991522
0.102747
0.107279
0.112796
0.119017
0.124922
0.128343
0.127905
0.125288
0.123503
0.123523
0.12548
0.129631
0.136799
0.148485
0.168277
0.201669
0.256618
0.345349
0.494048
0.450054
0.0432536
0.0684058
0.0793604
0.0846515
0.0876222
0.0894338
0.0905954
0.0913873
0.0919805
0.0924819
0.0929954
0.0936561
0.0945558
0.0957364
0.0971995
0.0989368
0.101086
0.10394
0.108016
0.11415
0.123571
0.137846
0.157997
0.182094
0.205262
0.219063
0.217191
0.205859
0.192781
0.180917
0.17228
0.168625
0.169843
0.172813
0.183077
0.206307
0.24934
0.320441
0.434711
0.36009
0.0649012
0.0886586
0.0953854
0.0968891
0.0975313
0.0979558
0.0981334
0.0981814
0.0982373
0.0982781
0.0983191
0.0986839
0.0995182
0.100857
0.10263
0.104544
0.106895
0.110193
0.115499
0.125017
0.143289
0.177215
0.232158
0.305334
0.385325
0.426741
0.402542
0.344677
0.290266
0.250297
0.221304
0.208401
0.211738
0.197779
0.193717
0.205414
0.225122
0.260778
0.330426
0.237125
0.0930637
0.0995784
0.100236
0.100437
0.100848
0.10138
0.101775
0.102062
0.102342
0.102343
0.10154
0.10147
0.102215
0.103763
0.105971
0.107261
0.108836
0.110958
0.114416
0.1207
0.131395
0.135169
0.28145
0.484092
0.623242
0.644241
0.60886
0.502064
0.36429
0.244565
0.133851
0.133355
0.149763
0.144551
0.185596
0.186244
0.181621
0.133052
0.141538
0.113548
)
;

boundaryField
{
    inlet
    {
        type            kqRWallFunction;
        value           nonuniform List<scalar> 10(0.0015514 0.000579964 0.000347907 0.000225699 0.000141625 0.000141556 0.00022559 0.000347792 0.000579875 0.00155138);
    }
    inletWall
    {
        type            kqRWallFunction;
        value           nonuniform List<scalar> 
30
(
0.00182764
0.00178493
0.00171344
0.00163487
0.0015514
0.00284749
0.00230478
0.00204961
0.00186777
0.00178741
0.0117549
0.00491321
0.004408
0.00391904
0.00335877
0.00182764
0.00178492
0.00171343
0.00163485
0.00155138
0.00284814
0.0023047
0.00204952
0.00186771
0.00178738
0.013626
0.00494429
0.00441706
0.0039227
0.00336018
)
;
    }
    bottleWall
    {
        type            kqRWallFunction;
        value           nonuniform List<scalar> 
290
(
7.79643e-05
0.000125345
0.000182834
0.00025838
0.000417216
0.00081503
0.00141011
0.00158284
0.00213403
0.00275483
0.00352399
0.00435934
0.00515409
0.00595349
0.00677399
0.00753747
0.0080989
0.00824171
0.00801453
0.00783046
0.00817791
0.0094082
0.010965
0.0121149
0.0126425
0.0124986
0.0120709
0.0119505
0.0122413
0.0128094
0.0136927
0.0148924
0.0163722
0.0180856
0.0199785
0.021996
0.0240733
0.0261486
0.0281816
0.0301572
0.0320852
0.0339914
0.0359146
0.0378951
0.0399715
0.0421851
0.0445921
0.0472358
0.0501415
0.0533582
0.056922
0.0608478
0.0651218
0.0696935
0.0744619
0.079255
0.0838151
0.0878232
0.0910185
0.0936051
0.0968558
0.0992752
0.100609
0.100691
0.0993579
0.096507
0.0921739
0.0865977
0.0801903
0.0733443
0.0668927
0.0607856
0.054995
0.0495908
0.0446695
0.040326
0.0366328
0.0336247
0.0312987
0.0296143
0.0284849
0.0277669
0.0272709
0.026797
0.026197
0.0254094
0.0244506
0.0233848
0.0222855
0.0212056
0.02017
0.0191808
0.0182773
0.0175501
0.0171865
0.0175338
0.0206043
0.0865935
0.254926
0.126829
0.000471475
0.00047208
0.000472844
0.000473551
0.000474052
0.000474236
0.00047402
0.000473342
0.000472173
0.000470509
0.000468378
0.000465854
0.000463051
0.000460096
0.000457126
0.000454282
0.000451686
0.00044941
0.000447556
0.000446571
0.000447653
0.000448902
0.00044943
0.000448942
0.000447541
0.000445707
0.000444189
0.000443879
0.000443047
0.000444059
0.000444341
0.000443393
0.000428921
0.000398443
0.000360444
0.00031782
0.00027129
0.000220298
0.000162935
7.79643e-05
0.000490072
0.000487659
0.000485323
0.000483007
0.000480668
0.000478279
0.00047586
0.000473589
0.000471968
0.000471346
0.000193786
0.000322772
0.000398719
0.000441893
0.000442362
0.00044347
0.000471353
0.000500778
0.000526615
0.000547981
0.000564999
0.000578075
0.000587683
0.000594279
0.000598271
0.000600023
0.000599854
0.000598045
0.00059484
0.000590451
0.000585057
0.000578825
0.000572233
0.000566576
0.00056133
0.000556212
0.000551081
0.00054588
0.000540606
0.000535292
0.000529994
0.000524787
0.000519747
0.000514944
0.000510434
0.000506248
0.000502399
0.000498876
0.000495648
0.000492672
0.000193786
0.000265505
0.000460026
0.000661409
0.000846399
0.00100808
0.00114526
0.00125712
0.00134091
0.00139008
0.00139507
0.00140026
0.00140357
0.00140429
0.00141093
0.00149014
0.00159231
0.00169315
0.00179395
0.00189482
0.00199412
0.00209184
0.00218623
0.00227584
0.00236093
0.00244082
0.00251449
0.00258076
0.0026398
0.00269199
0.00273858
0.00278586
0.00284019
0.00290309
0.00297427
0.00305297
0.00313558
0.00321918
0.00332164
0.00342846
0.00353045
0.00362395
0.00370417
0.00377248
0.00382904
0.00387388
0.00390839
0.00393664
0.00396248
0.00399567
0.00404334
0.00408634
0.00414639
0.00424946
0.00436285
0.00443359
0.00449115
0.00457348
0.00465954
0.0047032
0.00467885
0.00457802
0.00440331
0.00419758
0.00402137
0.00387655
0.00376156
0.00366308
0.00354416
0.00337595
0.00317444
0.00298277
0.00280458
0.002641
0.00249544
0.00237048
0.00226787
0.00218898
0.00213231
0.00209544
0.00206802
0.00203078
0.00197757
0.00192562
0.0019052
0.00195529
0.00213669
0.00253533
0.00324205
0.0043104
0.00573415
0.00745781
0.00941609
0.0116627
0.0141698
0.0171909
0.0231802
0.0432536
0.0649012
0.0930637
)
;
    }
    atmosphere
    {
        type            inletOutlet;
        inletValue      uniform 0.1;
        value           nonuniform List<scalar> 
80
(
0.1
0.1
0.1
0.1
0.1
0.214444
0.259447
0.285066
0.304475
0.319104
0.324244
0.315961
0.294654
0.261162
0.217695
0.164974
0.1
0.1
0.1
0.1
0.210886
0.27136
0.295322
0.276324
0.1
0.1
0.1
0.1
0.393598
0.544759
0.670095
0.758079
0.780504
0.743083
0.65965
0.54263
0.415117
0.1
0.1
0.1
0.0930637
0.1
0.1
0.1
0.1
0.1
0.1
0.1
0.1
0.1
0.10154
0.10147
0.102215
0.103763
0.1
0.1
0.1
0.1
0.1
0.1
0.1
0.1
0.28145
0.484092
0.623242
0.644241
0.60886
0.502064
0.36429
0.244565
0.1
0.1
0.1
0.1
0.185596
0.186244
0.181621
0.1
0.1
0.1
)
;
    }
    frontAndBack
    {
        type            empty;
    }
}


// ************************************************************************* //
