/*--------------------------------*- C++ -*----------------------------------*\
  =========                 |
  \\      /  F ield         | OpenFOAM: The Open Source CFD Toolbox
   \\    /   O peration     | Website:  https://openfoam.org
    \\  /    A nd           | Version:  8
     \\/     M anipulation  |
\*---------------------------------------------------------------------------*/
FoamFile
{
    version     2.0;
    format      ascii;
    class       volScalarField;
    location    "2.8";
    object      p_rgh;
}
// * * * * * * * * * * * * * * * * * * * * * * * * * * * * * * * * * * * * * //

dimensions      [1 -1 -2 0 0 0 0];

internalField   nonuniform List<scalar> 
9150
(
2552.81
2525.8
2500.3
2483.11
2474.8
2474.8
2483.1
2500.29
2525.78
2552.79
2543.57
2524
2508.36
2496.55
2490.58
2490.57
2496.55
2508.35
2523.99
2543.55
2533.91
2520.33
2511.8
2504.04
2499.94
2499.94
2504.04
2511.79
2520.32
2533.89
2528.82
2518.79
2513.33
2507.97
2505
2505
2507.96
2513.33
2518.78
2528.81
2527.15
2518.22
2513.65
2509.48
2507.03
2507.03
2509.47
2513.64
2518.21
2527.14
2087.77
2084.04
2109.2
2123.45
2130.11
2130.07
2123.32
2109.01
2083.78
2087.44
2277.62
2253.58
2248.23
2247.03
2247.17
2247.15
2246.96
2248.12
2253.45
2277.48
2401.65
2370.42
2354.54
2344.68
2340.04
2340.03
2344.64
2354.49
2370.35
2401.59
2501.86
2459.79
2432.04
2414.71
2406.22
2406.21
2414.68
2432.01
2459.75
2501.83
2572.42
2519.58
2480.98
2458.94
2448.81
2448.8
2458.93
2480.96
2519.56
2572.4
1905.46
1944.97
1934.36
1942.49
1937.72
1937.29
1942.21
1933.49
1942.78
1900.86
1932.78
1951.85
1932.43
1940.85
1936.27
1935.89
1940.77
1930.98
1950.17
1929.64
1909.95
1941.41
1909.44
1917.67
1920.51
1920.35
1917.36
1908.46
1940.17
1908.05
1750.47
1875.91
1892.22
1911.1
1927.39
1927.3
1910.75
1891.5
1875.27
1749.05
1623.85
1863.65
1959.62
1989.76
2005.54
2005.48
1989.53
1959.26
1863.22
1622.89
1838.5
1838.78
1839.07
1839.36
1839.65
1839.94
1840.23
1840.53
1840.82
1841.12
1838.6
1838.89
1839.18
1839.48
1839.77
1840.06
1840.36
1840.65
1840.95
1841.24
1838.69
1838.98
1839.28
1839.58
1839.88
1840.17
1840.47
1840.76
1841.05
1841.34
1838.74
1839.04
1839.35
1839.65
1839.95
1840.25
1840.54
1840.84
1841.13
1841.41
1838.77
1839.08
1839.38
1839.69
1839.99
1840.29
1840.59
1840.89
1841.18
1841.47
1838.77
1839.08
1839.39
1839.7
1840.01
1840.31
1840.62
1840.92
1841.21
1841.5
1838.75
1839.07
1839.38
1839.7
1840.01
1840.32
1840.63
1840.93
1841.24
1841.53
1838.71
1839.03
1839.36
1839.68
1839.99
1840.31
1840.63
1840.94
1841.25
1841.55
1838.66
1838.99
1839.31
1839.64
1839.97
1840.29
1840.61
1840.93
1841.25
1841.56
1838.59
1838.92
1839.26
1839.59
1839.93
1840.26
1840.59
1840.91
1841.23
1841.56
1838.5
1838.84
1839.19
1839.53
1839.87
1840.21
1840.55
1840.88
1841.21
1841.54
1838.4
1838.75
1839.1
1839.45
1839.8
1840.15
1840.5
1840.84
1841.18
1841.52
1838.28
1838.64
1839.01
1839.37
1839.72
1840.07
1840.41
1840.79
1841.14
1841.49
1838.16
1838.53
1838.9
1839.27
1839.63
1839.99
1840.3
1840.67
1841.08
1841.44
1838.03
1838.41
1838.79
1839.17
1839.54
1839.91
1840.2
1840.51
1840.96
1841.36
1837.89
1838.28
1838.67
1839.06
1839.44
1839.82
1840.19
1840.41
1839.87
1840.17
1837.75
1838.15
1838.55
1838.95
1839.35
1839.75
1840.15
1840.47
1838.97
1838.6
1837.6
1838.01
1838.42
1838.83
1839.24
1839.65
1840.06
1840.46
1839.16
1838.3
1837.45
1837.87
1838.3
1838.71
1839.13
1839.53
1839.94
1840.35
1840.29
1837.78
1837.31
1837.75
1838.18
1838.6
1839.01
1839.43
1839.84
1840.25
1840.67
1837.9
1837.19
1837.63
1838.06
1838.48
1838.89
1839.29
1839.67
1840.05
1840.42
1838.89
1837.09
1837.54
1837.98
1838.4
1838.8
1839.18
1839.54
1839.86
1840.16
1839.98
1837.04
1837.51
1837.96
1838.38
1838.78
1839.15
1839.49
1839.78
1840.03
1840.24
1837.06
1837.55
1838.03
1838.48
1838.91
1839.3
1839.67
1840
1840.3
1840.57
1837.13
1837.66
1838.17
1838.65
1839.09
1839.5
1839.86
1840.15
1840.36
1840.47
1837.28
1837.87
1838.43
1838.98
1839.5
1840
1840.48
1840.96
1841.43
1841.9
1837.5
1838.14
1838.77
1839.38
1839.97
1840.55
1841.12
1841.7
1842.32
1842.99
1837.76
1838.47
1839.15
1839.81
1840.43
1841.02
1841.56
1842.06
1842.49
1842.85
1838.09
1838.88
1839.65
1840.39
1841.08
1841.73
1842.32
1842.84
1843.28
1843.62
1838.47
1839.38
1840.26
1841.11
1841.91
1842.65
1843.33
1843.93
1844.44
1844.84
1838.9
1839.96
1840.99
1841.98
1842.93
1843.83
1844.65
1845.39
1846.01
1846.5
1839.33
1840.57
1841.79
1842.99
1844.15
1845.27
1846.32
1847.28
1848.13
1848.84
1839.69
1841.14
1842.6
1844.06
1845.51
1846.93
1848.3
1849.62
1850.84
1851.94
1839.86
1841.56
1843.3
1845.07
1846.87
1848.67
1850.47
1852.24
1853.97
1855.61
1839.72
1841.69
1843.74
1845.86
1848.05
1850.3
1852.62
1854.97
1857.34
1859.76
1839.12
1841.37
1843.73
1846.22
1848.84
1851.6
1854.51
1857.57
1860.84
1864.49
1837.91
1840.4
1843.06
1845.89
1848.9
1852.12
1855.59
1859.34
1863.51
1868.39
1835.9
1838.61
1841.5
1844.58
1847.86
1851.39
1855.17
1859.27
1863.78
1868.93
1832.97
1835.84
1838.9
1842.15
1845.59
1849.24
1853.11
1857.22
1861.59
1866.19
1829.01
1832.02
1835.2
1838.58
1842.13
1845.69
1849.5
1852.44
1853.78
1851.27
1818.19
1822.62
1830
1833.96
1837.75
1839.55
1827.28
1818.76
1811.51
1813.22
1765.77
1776.83
1813.94
1817.35
1828.89
1826.07
1796.58
1800.75
1804.66
1808.22
1799.02
1784.04
1787.49
1791.33
1810.32
1827.88
1818.5
1816.41
1835.68
1843.37
1801.95
1802.02
1790.11
1797.95
1812.16
1816.21
1820.76
1826.07
1832.17
1838.86
1791.16
1792.95
1794.88
1796.96
1799.34
1802.48
1806.67
1812.14
1818.93
1826.84
1779.34
1780.78
1782.07
1782.76
1782.94
1784.23
1787.34
1792.82
1800.95
1811.58
1762.66
1762.18
1759.25
1725.4
1645.67
1567.83
1516.25
1537.05
1605.15
1699.57
1419.18
1377.58
1359.15
1272.7
1159.81
1099.63
1100.03
1101.22
1119.08
1229.87
1113.66
1113.26
1109.96
1105.44
1101.06
1097.83
1095.99
1095.26
1095.64
1102.2
1215.1
1249.81
1245.23
1203.84
1155.77
1098.66
1081.91
1079.77
1080.43
1087.57
1726.47
1757.81
1775.19
1767.51
1721.29
1567.19
1229.6
1058.8
1058.92
1098.55
1752.42
1760.39
1768.72
1777.91
1788.66
1798.35
1663.61
1063.76
1045.02
1479.56
1738.02
1746.59
1754.54
1762.26
1770.02
1775.72
1717.1
1063.59
1123.64
1685.29
1723.63
1739.47
1745.45
1751.27
1755.96
1726.71
1521.89
1123.69
1549.94
1767.21
1699.82
1741.27
1743.91
1745.93
1745.22
1395.54
1261.32
1407.54
1727.79
1766.64
1680.21
1739.99
1742.65
1741.85
1574.56
1202.76
1223.17
1509.81
1752.7
1760.74
1692.37
1730.38
1735.36
1710.83
1178.87
1163.12
1288.3
1686.18
1753.94
1754.51
1713.96
1717.67
1720.39
1227.4
1047.19
1153.09
1683.44
1751.05
1750.05
1747.36
1703.37
1706.87
1483.74
947.742
996.403
1602.89
1749.43
1748.02
1744.44
1740.19
1700.99
1704.39
997.467
924.88
1213.87
1719.76
1744.94
1742.73
1738.51
1733.32
1700.15
1369.37
859.402
887.272
1528.09
1747.16
1745.89
1740.63
1734.58
1727.87
1714.29
988.302
833.443
914.675
1588.31
1745.77
1743.11
1736.81
1729.95
1722.4
1563.4
832.45
814.468
907.982
1594.6
1743.32
1739.9
1733.07
1725.61
1717.43
1138.9
799.032
801.076
891.593
1608.69
1741.23
1737.01
1729.81
1721.91
1713.24
907.787
789.153
789.934
949.664
1666.96
1740.42
1735.02
1727.5
1719.33
1710.47
834.81
776.634
777.912
1127.46
1719.64
1739.31
1733.19
1725.61
1717.41
1708.67
826.854
767.262
764.508
1370.94
1742.22
1738.81
1731.9
1724.1
1715.74
1706.95
897.012
764.258
758.116
1584.77
1742.55
1737.73
1730.55
1722.7
1714.29
1705.34
960.708
767.744
1008.36
1702.42
1740.75
1735.94
1729.25
1721.86
1713.91
1705.47
967.091
770.949
1303.3
1738.86
1739.72
1734.89
1728.64
1721.67
1714.18
1706.37
860.995
772.723
1541.64
1743.02
1741.62
1736.46
1729.88
1722.47
1714.54
1706.37
720.301
934.975
1710.72
1757.3
1750.2
1742.02
1733.46
1724.59
1715.4
1705.91
699.65
1232.55
1759.85
1760.35
1752.98
1744.65
1735.81
1726.63
1717.26
1707.93
669.003
1460.05
1768.38
1763.84
1756.34
1747.59
1738.08
1728.22
1718.39
1709.11
639.466
1638.6
1780.43
1771.22
1761.32
1750.93
1740.04
1728.83
1717.49
1706.21
786.253
1703.45
1781.23
1772.41
1762.78
1752.55
1741.72
1730.43
1718.85
1706.98
814.948
1712.24
1779.46
1771.72
1763.01
1753.67
1743.74
1733.51
1723.3
1713.25
808.398
1711.38
1776.99
1770.37
1762.63
1754.08
1744.82
1735.31
1726.21
1718.02
798.906
1712.64
1776.71
1770.72
1763.59
1755.44
1746.26
1736.23
1725.35
1712.65
803.558
1722.57
1779.26
1773.67
1767.21
1759.89
1751.74
1742.96
1733.61
1723.78
828.118
1738.7
1783.76
1778.53
1772.78
1766.44
1759.54
1752.25
1744.7
1737.71
856.824
1753.78
1789.21
1784.41
1779.41
1774.09
1768.5
1762.84
1757.46
1753.48
877.901
1766.37
1794.92
1790.55
1786.18
1781.61
1776.84
1772.15
1768.06
1765.44
898.184
1778.39
1800.66
1796.76
1792.89
1788.77
1784.3
1779.67
1775.18
1770.85
929.534
1791.45
1806.71
1803.36
1800.05
1796.42
1792.33
1787.94
1783.53
1779.34
983.405
1805.71
1813.47
1810.75
1808.06
1805.06
1801.61
1797.92
1794.58
1792.97
1063.72
1819.46
1821.24
1818.99
1816.83
1814.43
1811.71
1809.05
1807.57
1799.99
1161.63
1831.41
1830.04
1827.67
1825.46
1823.1
1820.68
1819.06
1819.91
1722.6
1265.97
1843.59
1840.06
1836.65
1833.3
1829.64
1825.9
1823.37
1822.96
1649.81
1370.5
1857.99
1851.87
1846.69
1841.38
1835.38
1828.94
1822.99
1816.11
1526.6
1459.61
1876.57
1866.03
1858.14
1850.47
1842.17
1833.47
1824.8
1814.06
1415.12
1523.18
1893.95
1878.52
1867.58
1858.1
1848.54
1838.72
1828.57
1816.5
1350.82
1527.72
1894.33
1880.46
1870.22
1861.78
1853.41
1844.6
1835.2
1824.65
1332.11
1443.56
1877.75
1874.32
1869.23
1864.16
1858.53
1851.95
1844.59
1836.04
1340.46
1409.81
1871.32
1873.35
1871.9
1869.43
1866.11
1861.6
1856.24
1850.8
1401.63
1454.77
1874.44
1877.65
1878.1
1877.39
1875.75
1872.82
1869.17
1865.69
1473.64
1535.86
1884.03
1886.65
1887.1
1887.4
1886.64
1884.37
1881.86
1878.94
1556.16
1627.24
1895.76
1898.51
1898.84
1899.93
1899.55
1897.15
1895.71
1891.24
1639.16
1726.57
1917.14
1917.09
1915.1
1914.89
1914.67
1914.12
1917.14
1914.59
1727.88
1821.64
1948.43
1935.92
1931.63
1928.57
1928.29
1931.16
1937.01
1948.39
1817.91
1841.43
1841.76
1842.09
1842.42
1842.75
1843.08
1843.4
1843.72
1844.04
1844.35
1844.66
1844.97
1845.27
1845.56
1845.83
1846.1
1846.35
1846.58
1846.79
1846.97
1847.13
1847.26
1847.36
1847.42
1847.46
1847.46
1847.43
1847.38
1847.31
1847.23
1847.15
1847.08
1847.02
1846.98
1846.96
1846.97
1846.98
1847
1847.02
1847.07
1841.54
1841.87
1842.18
1842.5
1842.81
1843.11
1843.41
1843.71
1844
1844.29
1844.57
1844.84
1845.1
1845.36
1845.6
1845.83
1846.05
1846.25
1846.43
1846.59
1846.73
1846.85
1846.94
1847
1847.04
1847.06
1847.06
1847.04
1847.01
1846.98
1846.95
1846.92
1846.91
1846.91
1846.94
1846.97
1847.01
1847.05
1847.09
1847.14
1841.64
1841.96
1842.27
1842.57
1842.86
1843.16
1843.44
1843.72
1843.99
1844.25
1844.5
1844.75
1844.99
1845.22
1845.44
1845.64
1845.84
1846.02
1846.18
1846.33
1846.46
1846.57
1846.66
1846.73
1846.79
1846.82
1846.85
1846.86
1846.87
1846.87
1846.87
1846.88
1846.9
1846.92
1846.95
1846.98
1847.01
1847.03
1847.06
1847.09
1841.71
1842.02
1842.33
1842.62
1842.91
1843.19
1843.47
1843.74
1844
1844.25
1844.49
1844.73
1844.96
1845.17
1845.38
1845.58
1845.76
1845.94
1846.1
1846.25
1846.38
1846.49
1846.59
1846.67
1846.74
1846.79
1846.83
1846.86
1846.87
1846.88
1846.88
1846.89
1846.9
1846.92
1846.95
1846.98
1847
1847.01
1847.01
1846.98
1841.77
1842.07
1842.38
1842.67
1842.96
1843.24
1843.51
1843.78
1844.03
1844.28
1844.53
1844.76
1844.99
1845.2
1845.41
1845.61
1845.8
1845.98
1846.14
1846.3
1846.44
1846.57
1846.68
1846.77
1846.85
1846.92
1846.96
1846.99
1847
1846.99
1846.97
1846.94
1846.92
1846.92
1846.95
1847
1847.03
1847.03
1847
1846.88
1841.81
1842.12
1842.42
1842.72
1843.01
1843.29
1843.57
1843.83
1844.09
1844.35
1844.59
1844.83
1845.06
1845.29
1845.5
1845.71
1845.91
1846.1
1846.28
1846.45
1846.61
1846.75
1846.88
1846.99
1847.09
1847.16
1847.21
1847.24
1847.24
1847.2
1847.13
1846.99
1846.86
1846.84
1846.9
1847.03
1847.1
1847.09
1847.04
1846.94
1841.84
1842.15
1842.46
1842.77
1843.06
1843.35
1843.63
1843.91
1844.17
1844.43
1844.69
1844.94
1845.18
1845.41
1845.64
1845.86
1846.08
1846.29
1846.48
1846.67
1846.85
1847.02
1847.18
1847.31
1847.43
1847.53
1847.6
1847.64
1847.63
1847.57
1847.45
1847.07
1846.33
1845.97
1846.54
1846.95
1847.1
1847.07
1847
1846.91
1841.86
1842.19
1842.5
1842.81
1843.12
1843.41
1843.7
1843.99
1844.27
1844.54
1844.81
1845.07
1845.32
1845.57
1845.82
1846.06
1846.29
1846.52
1846.74
1846.95
1847.16
1847.36
1847.55
1847.72
1847.88
1848.02
1848.14
1848.22
1848.27
1848.26
1848.18
1847.95
1842.1
1833.97
1832.68
1841.75
1845.4
1846.61
1846.96
1846.53
1841.88
1842.21
1842.54
1842.86
1843.17
1843.48
1843.78
1844.08
1844.37
1844.65
1844.93
1845.21
1845.48
1845.75
1846.01
1846.27
1846.53
1846.78
1847.02
1847.26
1847.5
1847.73
1847.96
1848.18
1848.4
1848.6
1848.8
1849
1849.18
1849.37
1849.55
1849.7
1838.94
1830.56
1830.17
1829.4
1829.12
1828.95
1830.22
1830.17
1841.89
1842.23
1842.57
1842.9
1843.22
1843.54
1843.86
1844.17
1844.47
1844.77
1845.07
1845.36
1845.65
1845.93
1846.22
1846.5
1846.77
1847.05
1847.32
1847.58
1847.85
1848.12
1848.38
1848.64
1848.91
1849.17
1849.45
1849.73
1850.03
1850.35
1850.71
1851.15
1851.71
1852.37
1848.84
1835.55
1831.5
1834.38
1831.75
1830.77
1841.89
1842.24
1842.59
1842.93
1843.27
1843.6
1843.93
1844.25
1844.57
1844.89
1845.2
1845.51
1845.82
1846.12
1846.42
1846.72
1847.02
1847.31
1847.61
1847.9
1848.19
1848.48
1848.77
1849.07
1849.37
1849.67
1849.98
1850.3
1850.63
1850.99
1851.37
1851.78
1852.23
1852.65
1852.97
1853.15
1853.37
1853.57
1853.44
1853.05
1841.88
1842.24
1842.6
1842.95
1843.31
1843.65
1844
1844.34
1844.67
1845
1845.33
1845.66
1845.98
1846.3
1846.62
1846.94
1847.26
1847.57
1847.88
1848.19
1848.51
1848.82
1849.13
1849.44
1849.76
1850.08
1850.41
1850.74
1851.08
1851.43
1851.79
1852.16
1852.52
1852.71
1852.5
1852.43
1852.74
1853.14
1853.29
1852.97
1841.85
1842.23
1842.6
1842.97
1843.33
1843.7
1844.06
1844.41
1844.76
1845.11
1845.46
1845.8
1846.14
1846.48
1846.81
1847.15
1847.48
1847.81
1848.14
1848.47
1848.8
1849.12
1849.44
1849.77
1850.09
1850.42
1850.75
1851.08
1851.42
1851.75
1852.09
1852.42
1852.73
1852.5
1852.1
1852.24
1852.3
1852.24
1852.18
1851.96
1841.8
1842.17
1842.57
1842.97
1843.35
1843.73
1844.1
1844.47
1844.84
1845.21
1845.57
1845.93
1846.29
1846.64
1847
1847.35
1847.7
1848.05
1848.39
1848.73
1849.06
1849.4
1849.73
1850.05
1850.38
1850.71
1851.03
1851.35
1851.67
1851.99
1852.3
1852.61
1852.89
1853.06
1852.58
1852.26
1852.27
1852.44
1852.06
1851.77
1841.73
1842.09
1842.5
1842.95
1843.34
1843.74
1844.12
1844.49
1844.9
1845.29
1845.67
1846.05
1846.43
1846.81
1847.17
1847.54
1847.91
1848.27
1848.62
1848.97
1849.32
1849.66
1849.99
1850.32
1850.64
1850.96
1851.27
1851.58
1851.88
1852.18
1852.48
1852.76
1853.04
1853.28
1853.47
1853.47
1853.45
1853.34
1853.04
1852.22
1841.64
1842.04
1842.43
1842.87
1843.32
1843.73
1844.09
1844.5
1844.93
1845.36
1845.76
1846.16
1846.56
1846.96
1847.35
1847.74
1848.12
1848.49
1848.86
1849.22
1849.57
1849.92
1850.25
1850.58
1850.9
1851.2
1851.5
1851.79
1852.07
1852.34
1852.6
1852.88
1853.16
1853.39
1853.56
1853.64
1853.1
1852.28
1851.45
1852.08
1840.76
1841.98
1842.36
1842.77
1843.28
1843.69
1844.07
1844.5
1844.95
1845.41
1845.83
1846.25
1846.66
1847.1
1847.52
1847.93
1848.33
1848.72
1849.11
1849.48
1849.85
1850.2
1850.54
1850.87
1851.18
1851.47
1851.75
1852.01
1852.24
1852.46
1852.69
1852.98
1853.3
1853.56
1853.73
1853.8
1849.43
1845.83
1845.48
1846.78
1841.28
1841.86
1842.26
1842.67
1843.15
1843.66
1844.05
1844.5
1844.99
1845.44
1845.16
1845.26
1846.79
1847.25
1847.69
1848.13
1848.55
1848.97
1849.38
1849.77
1850.15
1850.52
1850.87
1851.2
1851.51
1851.79
1852.05
1852.29
1852.48
1852.48
1851.39
1850.85
1853.41
1853.85
1854.2
1854.18
1848.06
1845.87
1845.56
1845.19
1837.82
1841.7
1842.12
1842.53
1843.04
1843.58
1844.05
1844.51
1845
1844.85
1844.57
1845.05
1845.86
1847.41
1847.88
1848.34
1848.8
1849.24
1849.68
1850.1
1850.51
1850.89
1851.26
1851.61
1851.94
1852.24
1852.52
1852.79
1852.97
1848.68
1833.16
1829.24
1846.42
1854.35
1854.73
1854.99
1853.8
1849.98
1847.14
1845.45
1835.51
1841.22
1841.93
1842.37
1842.91
1843.44
1843.96
1844.48
1844.94
1844.25
1844.54
1845.05
1845.55
1846.53
1848.07
1848.57
1849.06
1849.55
1850.02
1850.48
1850.92
1851.34
1851.74
1852.12
1852.47
1852.79
1852.96
1851.13
1840.99
1827.49
1824.95
1825.42
1825.81
1849.47
1855.39
1855.59
1855.71
1855.73
1855.56
1851.39
1835.03
1841.24
1841.67
1842.15
1842.69
1843.23
1843.78
1844.4
1844.96
1844.53
1844.52
1845.08
1845.62
1846.59
1848.27
1848.81
1849.35
1849.89
1850.41
1850.91
1851.39
1851.86
1852.3
1852.72
1853.11
1853.47
1852.18
1831.13
1823.62
1823.99
1824.42
1824.77
1825.05
1841.73
1856.2
1856.3
1856.35
1856.33
1856.21
1856.17
1835.63
1840.78
1841.23
1841.69
1842.31
1842.92
1843.57
1844.25
1844.9
1845.44
1845.31
1845.38
1846.39
1847.77
1848.46
1849.06
1849.67
1850.28
1850.86
1851.41
1851.95
1852.47
1852.97
1853.46
1853.95
1854.47
1850.86
1822.9
1823.21
1823.6
1823.94
1824.26
1827.56
1853.63
1857.23
1857.26
1857.28
1857.27
1857.23
1857.27
1839.14
1823.98
1828.48
1840.81
1841.73
1842.52
1843.31
1844.05
1844.82
1845.53
1846.18
1846.76
1847.31
1847.95
1848.57
1849.27
1850.01
1850.72
1851.38
1852
1852.59
1853.15
1853.69
1854.21
1854.76
1855.46
1855.31
1838.87
1822.58
1823.16
1823.54
1824.36
1850.65
1858.43
1858.26
1858.44
1858.49
1858.52
1858.54
1858.67
1840.83
1798.01
1751.86
1840.55
1841.35
1842.24
1843.12
1843.96
1844.77
1845.58
1846.3
1846.99
1847.63
1845.82
1836.3
1839.14
1850.45
1851.3
1852.04
1852.71
1853.34
1853.91
1854.43
1854.8
1852.39
1846.78
1853.86
1854.35
1834.47
1823.44
1823.6
1845.33
1859.62
1859.66
1859.72
1859.8
1859.91
1860.02
1860.14
1860.32
1840.44
1817.13
1729.14
1746.2
1841.9
1842.45
1843.26
1844.09
1844.92
1845.78
1846.58
1847.38
1848.15
1838.96
1827.2
1827.94
1835.81
1851.79
1852.95
1853.66
1854.35
1854.99
1855.57
1855.55
1825.85
1813.96
1822.83
1845.23
1846.07
1829.33
1838.42
1859.19
1860.65
1860.9
1861.13
1861.33
1861.53
1861.73
1861.96
1862.22
1842.46
1842.37
1745.62
1677.71
1759.89
1841.57
1842.85
1843.97
1844.98
1845.91
1846.84
1847.78
1846.72
1827.27
1826.8
1827.58
1828.23
1832.11
1849.01
1854.55
1855.58
1856.34
1857.07
1848.73
1811.87
1812.72
1813.31
1814.49
1822.9
1860.03
1861.68
1861.8
1862.12
1862.42
1862.76
1863.08
1863.36
1863.66
1863.99
1864.35
1843.82
1845.06
1831.76
1666.01
1658.19
1757.42
1841.29
1844.19
1845.09
1846.05
1847.05
1848.12
1848.58
1832.89
1826.85
1827.72
1828.65
1829.55
1830.91
1854.19
1856.94
1857.81
1857.58
1821.22
1811.63
1812.5
1813.34
1814.21
1822.8
1860.86
1863.16
1863.58
1863.88
1864.2
1864.59
1865.03
1865.4
1865.8
1866.24
1866.7
1843.12
1843.22
1842.95
1746.51
1653.15
1648.23
1831.29
1845.86
1845.84
1846.39
1847.27
1848.38
1849.65
1849.66
1848.27
1843.2
1832.01
1830.23
1834.8
1854.22
1858.43
1859.28
1838.61
1810.71
1811.51
1812.32
1816.77
1838.69
1861.55
1864.47
1864.96
1865.42
1865.87
1866.29
1866.68
1867.17
1867.65
1868.15
1868.71
1869.26
1843.83
1843.82
1843.5
1842.82
1721.13
1642.31
1650.58
1836.9
1843.94
1845.02
1846.36
1847.82
1849.46
1851.18
1852.83
1854.31
1855.53
1850.32
1855.89
1858.73
1859.84
1860.45
1811.86
1811.14
1811.5
1833.73
1862.98
1865.71
1866.04
1866.47
1866.96
1867.47
1867.99
1868.51
1869.01
1869.5
1870.1
1870.72
1871.39
1872.04
1845.11
1845.18
1845.03
1844.78
1843.94
1676.52
1613.26
1761.61
1839.33
1842.4
1844.59
1846.6
1848.95
1851.31
1853.37
1855.13
1856.72
1858.09
1859.3
1860.43
1861.49
1860.9
1822.13
1812.83
1846.67
1866.48
1866.83
1867.31
1867.85
1868.42
1869.02
1869.63
1870.26
1870.87
1871.42
1872.01
1872.75
1873.51
1874.29
1875.02
1846.83
1846.92
1846.71
1846.21
1845.55
1825.82
1614.42
1458.09
1709.1
1822.73
1839.85
1841.81
1848.81
1852.38
1854.81
1856.85
1858.63
1860.11
1861.41
1862.49
1863.44
1864.26
1859.68
1854.83
1859.3
1859.84
1866.33
1868.77
1869.6
1870.35
1871
1871.88
1872.67
1873.37
1873.99
1874.7
1875.57
1876.5
1877.41
1878.23
1849.37
1849.64
1849.6
1849.28
1848.57
1841.41
1557.41
1380.38
1399.86
1498.64
1509.23
1554.35
1744.23
1852.75
1857.65
1859.72
1861.41
1862.91
1864.21
1865.18
1866.06
1867
1867.91
1867.1
1803.72
1819.58
1867.29
1870.4
1871.55
1871.12
1867.05
1870.41
1875.23
1876.18
1873.6
1869.99
1877.63
1879.7
1880.78
1881.7
1852.91
1853.68
1854.26
1854.68
1854.45
1752.42
1410.89
1367.64
1368.61
1369.83
1373.08
1377.86
1536.7
1841.49
1863.59
1864.77
1865.78
1866.87
1867.92
1868.84
1869.69
1870.58
1871.21
1829.66
1665.73
1796.24
1872.03
1873.06
1874.1
1870.99
1866.35
1867.12
1876.63
1879.43
1860.45
1841.83
1869.39
1883.24
1884.45
1885.51
1857.22
1858.71
1859.69
1850.51
1702.93
1433.87
1358.51
1361.09
1363.48
1365.72
1368.15
1371.66
1627.33
1867.75
1870.4
1870.47
1870.82
1871.46
1872.22
1873.05
1873.95
1874.94
1876.06
1741.93
1627.36
1799.57
1874.09
1875.4
1876.65
1876.08
1868.77
1869.76
1877.32
1882.58
1851
1843
1849.12
1884.58
1888.31
1889.54
1862.38
1864.46
1837.46
1580.63
1372.64
1351.2
1353.19
1355.83
1358.28
1360.51
1363.08
1565.72
1865.17
1876.95
1876.28
1875.78
1875.73
1875.98
1876.46
1877.12
1877.97
1879.08
1877.79
1691.58
1606.95
1805.82
1876.79
1878.24
1879.59
1880.83
1877.62
1872.83
1880.17
1885.78
1858.84
1844.79
1845.51
1875.63
1892.2
1893.6
1868.62
1865.24
1629.23
1354.57
1345.92
1346.99
1348.43
1350.01
1352.03
1384.92
1707.67
1884.05
1883.02
1881.73
1881.06
1880.53
1880.14
1880.06
1880.26
1880.7
1881.33
1882.23
1871.39
1671.72
1599.24
1768.23
1880.46
1881.69
1882.93
1884.13
1885.32
1877.68
1882.44
1889.3
1888.47
1849.6
1848.5
1866.67
1895.81
1897.55
1874.09
1832.93
1462.65
1343.26
1343.22
1343.37
1342.89
1343.34
1511.27
1872.52
1893.53
1890.39
1887.47
1885.74
1884.67
1884.69
1883.88
1883.45
1883.41
1883.64
1883.95
1884.31
1885.07
1671.73
1591.71
1679.05
1878.53
1885.59
1886.44
1887.43
1888.49
1888.89
1886.44
1890.8
1893.53
1883.33
1851
1863.23
1898.34
1901.55
1874.98
1857.74
1600.75
1390.81
1338.43
1338.38
1338.6
1386.46
1773.22
1899.63
1898.08
1894.95
1892.67
1890.82
1889.18
1887.92
1886.11
1885.17
1885.19
1885.95
1886.12
1885.96
1885.78
1735.28
1583.48
1579.34
1817.17
1889.04
1889.54
1890.4
1891.4
1892.53
1893.8
1895.18
1896.63
1898.25
1864.73
1863.96
1897.1
1905.05
1871.16
1876.6
1882.05
1830.44
1668.65
1511.34
1384.68
1387.08
1597.95
1808.07
1871.06
1893.07
1895.85
1894.27
1892.45
1865.56
1802.42
1830.56
1883.68
1888.91
1889.48
1889.8
1890.28
1880.94
1583.76
1550.24
1615.3
1864.5
1890.76
1891.92
1893.22
1894.66
1896.16
1897.65
1899.26
1901.04
1880.34
1866.94
1892.75
1908.71
1851.04
1855.66
1869.21
1877.69
1885.65
1888.52
1863.35
1788.37
1691.5
1691.08
1726.77
1844.51
1888.06
1881.18
1855.6
1743.33
1744.52
1750.94
1859.25
1887.98
1892.78
1892.95
1893.4
1894.69
1810.69
1541.35
1540.65
1585.33
1855.4
1893.11
1894.81
1896.35
1897.86
1899.39
1901.26
1903.2
1899.37
1869.2
1899.09
1912.03
1818.25
1823.2
1828.48
1850.37
1871.79
1885.64
1887.67
1890.11
1893.15
1874.3
1853.41
1844.26
1790.38
1746.27
1744.52
1743.3
1742.99
1783.53
1839.42
1857.54
1866.21
1876.69
1888.92
1895.63
1897.34
1725.51
1533.8
1533.64
1560.64
1845.42
1892.86
1859.39
1875.89
1900.16
1902.72
1904.94
1907.25
1901.27
1908.93
1914.77
1812.9
1818.6
1825.16
1832.2
1857.38
1885.09
1888.05
1890.38
1892.49
1894.53
1896.49
1898.06
1896.82
1801.64
1742.82
1742.06
1838.82
1900.09
1899.37
1883.88
1829.88
1828.59
1827.66
1855.5
1897.51
1897.74
1642.25
1526.97
1527.7
1595.06
1860.01
1840.16
1830.79
1888.82
1903.66
1906.23
1908.95
1911.91
1912.36
1917.24
1841.67
1847.13
1856.19
1865.59
1874.45
1882.55
1886.35
1889.4
1891.84
1893.74
1895.11
1895.86
1895.88
1895.55
1864.45
1864.45
1891.25
1897.58
1896.7
1895.84
1895.5
1850.29
1826.67
1826.99
1850.13
1892.23
1886.5
1562.95
1520.69
1519.14
1667.83
1796.94
1816.55
1869.84
1904.06
1906.78
1909.73
1898.68
1908.19
1919.49
1846.16
1853.8
1861.12
1867.9
1874
1879.3
1883.7
1887.24
1889.99
1892.03
1893.4
1894.15
1894.31
1894.09
1894.1
1894.41
1894.54
1894.18
1893.57
1893.11
1892.75
1892.85
1873.59
1823.92
1825.45
1873.04
1879.97
1822.28
1514.09
1511.99
1510.5
1698.51
1815.73
1863.48
1903.61
1906.59
1909.95
1892.78
1890.82
1919.99
1835.94
1845.54
1854.5
1862.54
1869.56
1875.51
1880.38
1884.23
1887.15
1889.23
1890.57
1891.28
1891.48
1891.32
1891
1890.68
1890.28
1889.78
1889.24
1888.79
1888.49
1888.36
1888.62
1872.78
1822.37
1847.09
1873.64
1876.32
1673.05
1502.76
1504.5
1580.08
1781.76
1839.54
1894.52
1905.44
1909.23
1889.9
1890.28
1917.63
1824.15
1835.97
1847.37
1856.89
1864.76
1871.22
1876.38
1880.35
1883.26
1885.23
1886.39
1886.88
1886.84
1886.43
1885.79
1885.04
1884.26
1883.49
1882.84
1882.36
1882.14
1882.14
1882.43
1883.35
1849.19
1834.89
1856.53
1869.49
1861.44
1513.38
1494.1
1515.27
1758.32
1797.33
1866.12
1903.16
1907.37
1891.86
1889.05
1917.19
1783.49
1824.72
1842.71
1852.65
1860.45
1866.8
1871.79
1875.52
1878.13
1879.76
1880.53
1880.59
1880.12
1879.25
1878.15
1876.95
1875.76
1874.68
1873.8
1873.21
1872.98
1873.1
1873.57
1874.45
1875.89
1826.66
1827.46
1860.63
1866.33
1665.39
1485.89
1494.99
1731.78
1822.53
1849.35
1899.07
1902.98
1901.15
1889.13
1914.97
1581.81
1822.81
1843.82
1851.13
1857.08
1862.28
1866.41
1869.41
1871.36
1872.35
1872.5
1871.94
1870.84
1869.36
1867.67
1865.9
1864.21
1862.73
1861.58
1860.86
1860.64
1860.92
1861.62
1862.68
1864.26
1846.03
1817.49
1838.65
1859.77
1871.48
1567.44
1493.56
1714.78
1872.86
1870.8
1762.89
1878.2
1895.62
1865.75
1909.27
1421.23
1825.66
1844.98
1848.9
1852.56
1856.25
1859.22
1861.23
1862.29
1862.45
1861.79
1860.43
1858.55
1856.31
1853.88
1851.43
1849.11
1847.1
1845.58
1844.76
1844.68
1845.3
1846.49
1848.12
1850.17
1852.94
1821.92
1821.24
1841.34
1860.64
1828.14
1703.94
1749.86
1873.22
1841.97
1746.48
1783.12
1881.4
1856.97
1899.57
1445.41
1828.47
1840.82
1842.69
1844.94
1847.42
1849.3
1850.3
1850.39
1849.6
1848
1845.72
1842.93
1839.79
1836.5
1833.25
1830.18
1827.4
1825.26
1824.3
1824.63
1825.94
1827.92
1830.4
1833.26
1836.49
1838.62
1828.48
1829.39
1846.75
1851.39
1856.32
1839.41
1860.77
1868.28
1733.98
1654.3
1827.44
1847.27
1892.52
1714.17
1825.05
1829.65
1831.43
1833.5
1835.3
1836.31
1836.37
1835.48
1833.69
1831.08
1827.79
1824
1819.96
1815.93
1812.18
1808.29
1803.56
1798.86
1797.56
1799.43
1802.9
1806.2
1809.85
1813.77
1817.89
1822.2
1826.59
1827.96
1830.36
1835.47
1840.52
1844.84
1848.97
1854.6
1721.47
1634.38
1747.63
1838.71
1885.33
1798.49
1810.27
1814.37
1817.12
1819.31
1820.55
1820.7
1819.8
1817.88
1815.03
1811.38
1807.13
1802.58
1798
1793.57
1789.14
1766.1
1711.28
1710.05
1740.89
1769.8
1776.35
1781.98
1787.25
1792.44
1797.57
1802.63
1807.62
1812.56
1803.17
1818.36
1823.1
1827.84
1832.6
1838.58
1715.5
1611.54
1675.64
1828.3
1874.17
1791.16
1797.95
1800.72
1802.81
1804.08
1804.23
1803.24
1801.18
1798.12
1794.2
1789.68
1784.83
1779.67
1773.75
1761.31
1745.32
1488.19
1192.9
1323.78
1679.22
1738.94
1750.11
1758.19
1764.83
1770.97
1776.88
1782.57
1788.08
1793.57
1787.85
1750.76
1798.57
1810.27
1815.42
1821.59
1714.86
1585.58
1595.42
1813.47
1860.81
1778.5
1783.41
1785.95
1787.34
1787.51
1786.42
1784.17
1780.86
1776.66
1771.92
1766.87
1760.59
1747.06
1690.89
1504.74
1146.69
1141.19
1147.07
1153.72
1421.95
1716.95
1731.65
1738.78
1745.12
1751.15
1757.1
1762.99
1768.74
1774.51
1764.65
1712.89
1761.41
1792.61
1797.98
1804.28
1710.26
1559.94
1563.97
1793.58
1846.11
1770.44
1772.19
1772.77
1772.27
1770.64
1767.88
1764.08
1759.39
1754.12
1748.4
1740.31
1689.92
1504.2
1105.25
1104.08
1106.6
1114.09
1122.86
1132.03
1395.28
1715.09
1716.71
1719.93
1725.75
1731.87
1737.91
1743.94
1749.93
1755.98
1746.39
1689.58
1693.22
1767.57
1780.71
1787.16
1699.99
1537
1542.53
1776.38
1829.97
1761.32
1760.72
1759.3
1756.84
1753.34
1748.83
1743.48
1737.53
1730.41
1719.12
1617.66
1193.43
1073.88
1076.45
1082.69
1085.85
1078.85
1273.52
1539.35
1289.36
1116.5
1462.72
1697.33
1702.85
1710.99
1718.46
1725.26
1731.81
1738.27
1745.21
1685.93
1606.7
1724.48
1764.26
1770.55
1682.08
1515.07
1520.74
1765.01
1812.75
1752.58
1749.76
1746.16
1741.63
1736.2
1730.03
1723.42
1715.78
1700.6
1515.77
1054.54
1046.28
1047.2
1052.02
1061.69
1063.8
1303.31
1548.77
1529.83
1167.41
975.826
994.208
1502.62
1683.02
1692.06
1700.77
1708.17
1714.93
1721.46
1728.2
1673.62
1585.21
1668.72
1749.19
1754.81
1662.86
1493.62
1499.08
1756.85
1795.06
1743.65
1738.89
1733.28
1726.84
1719.68
1712.12
1703.88
1689.09
1377.19
1010.82
1013.34
1023.23
1028.79
1063.27
1287.98
1573.3
1561.11
1524.72
1509.95
1404.31
924.863
829.06
1129.06
1645.36
1674.87
1684.51
1692.67
1699.71
1706.32
1712.99
1668.11
1565.03
1615.09
1732.25
1740.63
1646.92
1472.11
1477.03
1739.18
1777.44
1734.96
1728.47
1721.12
1713.04
1704.53
1695.89
1683.16
1382.27
974.49
982.641
992.491
1002.68
1209.34
1638.01
1649.73
1626.96
1425.65
1304.59
1465.36
1450.54
1093.53
775.356
879.983
1531.98
1663.22
1671.72
1679.76
1686.71
1693.22
1699.73
1665.78
1545.04
1569.13
1713.44
1725.26
1643.08
1453.71
1459.76
1723.2
1760.24
1726.83
1718.88
1710.09
1700.76
1691.44
1680.58
1514.67
953.537
941.258
951.127
1007.35
1439.2
1648.85
1646.29
1636.81
1276.97
876.009
1106.92
1413.68
1410.37
1308.56
712.178
772.952
1423.58
1652.07
1660.36
1668.46
1675.57
1682.26
1689.04
1688.51
1527.22
1490.25
1681.7
1710.19
1643.4
1439.42
1465.93
1711.06
1743.51
1719.91
1710.6
1700.67
1690.59
1680.44
1649.15
993.015
896.402
906.598
1042.31
1562.03
1644.38
1639.75
1632.92
1459.54
841.723
831.95
1100.94
1376.17
1384.89
1282.93
629.008
692.153
1368.98
1641.78
1650.48
1658.61
1665.71
1672.35
1678.91
1686.01
1517.8
1474.54
1638.77
1698.01
1655.35
1424.51
1429.08
1693.04
1726.66
1713.57
1703.45
1692.92
1682.43
1671.63
1135.87
856.994
871.701
962.756
1552.42
1640.92
1635.7
1629.69
1598.56
951.046
721.999
802.235
1301.6
1360.87
1363.84
1054.7
526.69
661.812
1389.16
1632.57
1642.9
1650.67
1657.42
1663.66
1669.6
1675.7
1535.19
1460.72
1577.13
1689.13
1691.45
1407.4
1382.67
1667.48
1709.12
1707.95
1697.28
1686.48
1675.8
1617.2
892.707
835.73
842.234
1494.08
1640.1
1637.12
1631.88
1621.33
1082.09
613.441
681.403
1038.81
1299.5
1308.66
1026.15
542.978
476.057
659.756
1443.55
1626.8
1637.8
1645.01
1651.17
1656.72
1661.77
1666.66
1572.1
1448.31
1548.34
1677.89
1679.07
1412.45
1364.17
1639.51
1694.9
1703.23
1691.99
1680.47
1668.95
1186.11
810.893
820.829
1193.33
1635.92
1637.8
1632.79
1628.66
1176.87
557.709
573.067
880.166
1038.43
959.153
653.578
467.141
442.273
448.427
724.294
1518.69
1630.66
1637.52
1641.44
1641.38
1649.92
1655.79
1659.4
1620.27
1437.62
1539.27
1663.97
1665.47
1464.83
1345.68
1605.7
1683.08
1700.43
1689.26
1677.7
1666.1
941.588
783.132
792.889
1402.88
1637.46
1633.85
1628.49
1437.59
549.698
532.503
718.59
892.736
718.759
442.737
424.102
424.657
428.369
435.026
881.779
1583.44
1634.89
1638.95
1637.82
1638.82
1643.85
1651.71
1655.02
1659.59
1466.01
1372.7
1636.24
1656.52
1448.82
1325.61
1560.85
1671.24
1699
1688.65
1678.42
1582.96
807.829
763.28
858.287
1560.79
1634.39
1628.96
1622.59
839.343
421.302
617.379
767.365
702.87
419.476
411.294
414.612
417.731
421.541
496.61
1232.72
1615.03
1626.41
1629.83
1632.54
1637.13
1642.74
1647.26
1649.79
1653.42
1463.93
1329.33
1599.9
1648.64
1379.16
1308.35
1538.36
1660
1697.36
1687.33
1678.11
1329.15
739.97
751.706
1074.5
1623.61
1633.81
1629.19
1483.81
517.88
396.095
608.683
662.069
413.299
396.875
401.603
406.363
410.984
498.042
1058.67
1574.68
1627.13
1629.92
1630.2
1635.43
1638.95
1640.42
1641.53
1642.99
1644.72
1386.86
1307.86
1576.17
1639.07
1353.39
1294.23
1532.11
1651.27
1695.32
1684.17
1672.86
1099.79
701.776
722.465
1337.23
1642.32
1635.37
1630.79
1200.91
396.736
377.666
603.987
418.849
379.809
386.433
391.924
417.616
667.603
1207.19
1604.02
1643
1639.23
1637.67
1635.65
1634.84
1634.14
1633.88
1633.36
1612.49
1455.7
1278.62
1285.13
1487.47
1626.79
1423.79
1280.83
1485.91
1644.96
1696.06
1685.66
1675.44
888.315
666.568
745.289
1527.38
1641.62
1634.89
1632.09
959.487
335.64
352.466
441.735
358.721
370.839
407.106
612.223
1054.3
1477.87
1637.74
1643.16
1640.36
1637.05
1633.99
1631.08
1628.16
1625.68
1573.86
1419.31
1308.47
1266.66
1266.7
1268.03
1269.27
1594.11
1563.31
1265.31
1309.36
1631.73
1698.06
1689.65
1636.66
724.355
645.87
963.719
1616.8
1639
1633.37
1632.86
754.688
300.861
297.995
307.892
348.44
491.799
982.757
1445.94
1631.79
1646.51
1643.85
1640.47
1636.88
1633.19
1629.12
1620.78
1490.9
1414.05
1389.41
1381.03
1366.91
1264.45
1255.19
1255.53
1255.42
1537.32
1588.36
1249.01
1258.49
1598.14
1697.94
1690.01
1342.35
618.11
626.91
1181.67
1641.61
1638.03
1633.39
1616.58
614.54
287.731
289.124
312.042
572.583
1203.15
1617.34
1654.13
1650.6
1646.56
1642.6
1638.59
1634.38
1629.42
1557.97
1331.35
1308.93
1316.64
1397.79
1522.89
1556.91
1488.42
1251.65
1241.38
1242.28
1535.06
1582.61
1246.17
1248.68
1557.06
1695.62
1684.3
1007.67
567.018
589.912
1401.14
1649.41
1641.76
1636.24
1606.61
530.141
274.989
280.807
475.831
1294.5
1653.98
1660.55
1655.69
1651.01
1646.38
1641.76
1636.98
1631.82
1495.88
1260.12
1255.22
1292.07
1443.2
1542.29
1549.52
1544.73
1540.68
1454.87
1247.91
1351.81
1558.56
1568.2
1368.51
1239.45
1545.37
1698.18
1687.15
718.52
539.948
681.039
1532.15
1650.12
1642.1
1634.93
1616.84
459.424
266.34
312.103
1194.51
1668.22
1670.03
1662.99
1656.78
1646.3
1638.77
1622.46
1615.27
1458.86
1229.87
1229.65
1316.79
1509.33
1552.39
1546.06
1537.35
1530.69
1529.97
1530.45
1500.37
1536.34
1551.52
1553.5
1533.93
1341.9
1549.06
1700.02
1539.18
575.442
524.572
827.472
1614.44
1651.98
1644.39
1636.23
1636.38
432.288
290.018
812.866
1655.68
1676.71
1669.1
1662.54
1650.19
1607.73
1598.65
1604.74
1544.32
1232.57
1227.39
1335.41
1554.67
1554.38
1541.62
1483.95
1489.58
1509.18
1518.35
1532.31
1549.26
1551.84
1544.8
1535.9
1552.19
1566.5
1578.1
1693.57
1033.74
506.18
511.171
1075.93
1661.63
1658.56
1651.12
1643.01
1641.84
630.592
378.858
1399.66
1676.95
1672.54
1667
1661.66
1620.59
1602.67
1596.88
1614.55
1520.02
1233.84
1226.19
1554.59
1577.11
1549.19
1162.75
750.266
711.856
975.576
1346.6
1509.83
1550.51
1553.12
1524.05
1527.39
1543.04
1588.14
1597.05
1694.17
740.751
482.846
488.863
1373.72
1672.45
1665.78
1659.6
1653.28
1652.01
1109.77
293.908
1356.4
1676.43
1671.58
1667.21
1662.49
1618.96
1603.49
1600.25
1628.89
1539.74
1395.69
1404.22
1584.38
1573.78
1238.47
368.272
129.006
121.819
238.5
854.083
1472.37
1558.42
1563.1
1530.71
1536.53
1542.32
1598.65
1600.21
1703.29
554.686
472.165
662.873
1591.31
1678.93
1672.46
1666.61
1661.06
1658.15
1536.76
279.507
1067.39
1674.58
1672.5
1668.91
1664.65
1640.35
1607.31
1636.63
1636.26
1532.94
1377.72
1482.6
1583.77
1520.12
555.612
97.4901
94.9138
96.3999
108.172
357.865
1332.99
1575.57
1585.83
1549.44
1552.04
1570.53
1611.13
1606.46
1583.02
443.042
452.777
1125
1669.92
1685.15
1678.74
1672.44
1665.78
1658.06
1633.93
357.561
463.068
1558.49
1678.2
1673.05
1668.59
1663.36
1654.22
1654.58
1647.14
1445.45
1008.1
1505.37
1588.33
1376.75
208.491
89.1383
89.1646
89.9006
95.9921
155.906
977.796
1585.34
1605.2
1606.04
1585.42
1621.45
1624.32
1616.69
1352.21
355.954
554.468
1426.02
1688.03
1691.15
1685.26
1679.21
1674.1
1669.24
1659.57
902.069
379.949
1497.37
1676.19
1674.81
1672.6
1669.86
1666.62
1662.67
1658.36
1187.83
612.009
1541.43
1595.23
1320.78
180.184
87.5052
87.5268
87.4918
90.1894
112.481
493.844
1447.22
1623.14
1632.16
1639.8
1641.14
1637.67
1630.15
1196.92
322.769
1077.1
1523.4
1519.08
1487.11
1656.31
1681.31
1679.27
1677.29
1677.27
1195.55
370.239
1340.12
1680.91
1679.77
1678.58
1676.89
1674.73
1672.39
1636.81
906.824
586.384
1573.37
1604.43
1414.87
284.578
86.5258
86.5239
86.5271
87.0671
100.82
189.663
847.675
1516.31
1650.3
1655.3
1654.82
1650.83
1647.24
1093.88
304.559
1184.85
1520.23
953.87
937.389
1380.57
1687.05
1684.76
1683.04
1681.42
1428.63
407.976
855.217
1692.56
1689.04
1687.22
1685.31
1683.84
1682.32
1593.35
773.458
558.488
1588.78
1617.9
1590.72
747.621
85.6774
85.9213
85.784
85.6588
88.5642
102.679
207.999
812.678
1346.57
1567.39
1596.21
1557.82
1529.3
1058.14
282.222
1140.25
1454.3
919.658
918.856
1001.99
1673.21
1696.13
1692.97
1689.36
1548.8
688.971
640.743
1700.66
1695.62
1693.16
1691.46
1691.12
1690.46
1561.67
695.467
491.697
1516.01
1634.57
1632.02
1423.54
352.226
85.3093
85.151
84.8889
84.7014
85.421
91.0006
143.297
391.714
639.387
671.938
596.894
564.03
994.379
249.894
997.83
925.35
920.532
918.814
915.217
1304.49
1711.56
1708.85
1708.09
1668.87
889.188
477.297
1497.85
1696.66
1693.81
1696.53
1690.22
1696.12
1528.09
605.174
432.248
1195
1650.66
1649.75
1646.81
1203.49
253.715
84.3205
84.1483
83.9418
83.9304
85.3662
89.0718
96.6856
104.109
105.623
104.103
107.947
886.758
217.248
848.422
1045.67
921.703
920.908
922.91
971.032
1583.35
1721.61
1717.97
1717.55
1190.97
474.695
708.16
1706.93
1703.13
1705.53
1697.34
1695.13
1470.12
514.774
411.335
631.238
1623.5
1667.31
1665.83
1659.44
1117.95
253.993
83.4424
83.4852
83.3987
83.4793
84.7055
86.1316
87.5752
88.322
88.2248
89.6265
765.175
185.827
827.251
1673.74
1025.55
1017.62
988.633
980.771
1087.27
1623.59
1734.11
1734.56
1540.4
505.375
325.613
1508.19
1707.41
1712.09
1708.36
1648.92
1418.18
500.054
402.599
401.99
979.034
1650.55
1679.43
1676.92
1667.94
1143.8
303.633
83.0805
83.1141
83.0815
83.2726
83.7915
83.8481
83.4528
83.5602
84.2113
639.489
163.821
932.328
1751.36
1660.3
1737.4
1652.43
1165.87
1093.78
1096.75
1731.26
1740.18
1717.57
832.581
310.424
903.456
1724.62
1725.25
1724.96
1587.88
1411.4
598.998
397.891
398.503
402.927
887.898
1529.41
1681.09
1668.91
1681.15
1262.71
398.632
92.1712
83.0217
83.017
83.0382
82.942
82.9842
82.5957
82.6106
527.197
145.654
1021.34
1752.06
1750.39
1750.34
1749.19
1731.75
1261.69
1147.63
1627.4
1746.26
1742.96
1210.06
297.339
580.904
1739.09
1737.84
1740.59
1562.51
1376.58
844.133
395.108
396.862
398.202
404.579
601.723
1264.43
1647.44
1705.13
1725.91
1402.51
556.312
124.89
82.9204
82.8025
82.689
82.6237
82.6289
82.6741
417.966
121.566
971.375
1755.84
1753.7
1753.88
1752.96
1751.51
1750.67
1750.12
1664.44
1754.64
1747.18
1342.38
287.005
445.744
1747.86
1747.75
1750.92
1567.62
1277.27
1028.39
782.297
395.818
404.352
403.572
408.366
468.252
1225.3
1726.61
1744.98
1757.3
1552.57
778.193
193.24
82.5618
82.5689
82.5197
82.505
82.5279
287.343
75.2587
445.465
1595.12
1758.59
1759.45
1759
1758.36
1758.06
1758.41
1744.87
1658.09
1713.22
1090.22
170.02
240.907
1600.13
1758.22
1763.24
1611.14
1298.64
1248.1
1448.09
993.741
609.874
438.415
433.983
511.766
978.523
1652.25
1761.54
1775.57
1782.9
1672.51
1017.52
303.22
86.4448
82.4778
82.4903
82.3893
144.313
26.2946
32.3956
432.595
1242.1
1696.73
1763.09
1764.03
1764.79
1765.7
1736.98
1409.59
1209.64
678.516
88.7903
86.5262
958.225
1775.36
1776.49
1722.1
1503.81
1438.66
1614.48
1697.07
1552.99
1267.9
1100.02
1306.03
1330.09
1594.57
1755.51
1786.77
1797.74
1797.97
1747.94
1255.6
493.011
131.441
82.5461
82.062
52.7184
6.18185
4.67816
3.31244
26.3782
620.805
1325.55
1706.47
1771.18
1771.36
1766.98
1377.62
889.517
775.921
293.955
83.0324
167.805
1785.16
1793.43
1792.17
1764.41
1649.98
1567.13
1749.54
1794.58
1767.49
1685.57
1699.93
1725.11
1726.47
1762.31
1789.59
1802.3
1806.7
1808.07
1791.66
1508.19
876.914
439.885
371.05
15.8477
1.60087
1.67146
1.5364
1.37973
1.13105
24.1722
604.156
1268.22
1662.95
1761.01
1736.54
1233.46
799.511
643.263
141.956
110.548
1339.94
1810.67
1806.54
1804.5
1793.65
1585.41
1752.01
1804.54
1779.95
1581.54
1480.03
1572.58
1711.1
1779.52
1783.32
1800.44
1805.01
1809.54
1812.33
1809.66
1745.18
1495.62
1224.52
4.42651
0.855082
1.03779
1.01936
0.972196
0.848753
0.75603
0.561893
0.141544
461.921
1109.61
1504.49
1491.18
868.157
732.159
468.812
107.547
379.951
1619.8
1819.68
1813.9
1810.58
1790.94
1790.33
1806.73
1793.93
1566.35
1404.99
1396.57
1451.11
1730.37
1770.73
1793.97
1798.28
1803.06
1807.91
1811.21
1808.7
1750.76
1187.52
0.642693
0.688101
0.776047
0.78218
0.732202
0.655903
0.617973
0.553685
0.529589
0.448954
-0.200431
238.703
838.628
1007.06
1008.15
1000.79
790.191
352.338
636.007
1478.38
1823.96
1816.11
1813.93
1811.71
1807.22
1801.96
1727.43
1390.98
1384.93
1378.46
1445.91
1744.57
1783.33
1787.75
1793.21
1799.14
1805.09
1807.95
1700.23
1049.56
0.474185
0.564922
0.59024
0.593346
0.57235
0.535591
0.500829
0.48331
0.44323
0.410483
0.383152
0.263389
-0.395731
382.754
913.27
1043.05
1045.39
985.404
656.771
952.12
1431.07
1738.01
1816.72
1812.15
1805.9
1798.58
1791.6
1465.96
1369.16
1362.25
1355.21
1689.81
1767.49
1771.93
1780.32
1789.27
1798.88
1808.04
1695.67
1047.64
0.327305
0.427101
0.43847
0.446968
0.446152
0.433199
0.411895
0.397522
0.37875
0.351566
0.324225
0.306235
0.293783
0.178589
-0.741767
206.871
793.428
978.923
968.407
797.627
736.474
1076.65
1679.54
1816.16
1803.44
1792.75
1781.56
1752.03
1352.91
1338.9
1327.97
1651.22
1740.79
1747.9
1761.72
1777.33
1793.98
1809.94
1724.21
1211.36
0.207158
0.314982
0.326175
0.339673
0.349037
0.346876
0.335037
0.318331
0.312079
0.298553
0.275113
0.245345
0.215441
0.199402
0.15241
0.483424
66.8752
164.69
290.298
367.945
544.195
925.904
1133.4
1316.95
1616.65
1787.44
1768.33
1744.35
1611.37
1298.56
1282.22
1601.96
1690.31
1705.43
1731
1761.43
1792.57
1821.52
1778.75
1441.15
0.047744
0.203079
0.224625
0.252659
0.275239
0.280942
0.270916
0.254237
0.240183
0.245302
0.239624
0.228244
0.199971
0.190768
0.19192
0.255339
0.312702
0.251202
-0.029361
0.28747
125.645
344.132
283.679
394.404
926.646
1646.39
1765
1708.75
1664.34
1547.54
1207.72
1492.36
1598.19
1636.61
1683.75
1736.16
1786.17
1832.01
1766.66
1141.82
-0.57813
-0.099318
0.0173648
0.105462
0.172555
0.206343
0.208237
0.188539
0.173019
0.169096
0.188083
0.187889
0.183558
0.197209
0.221344
0.270006
0.345607
0.437439
0.58221
0.965818
1.1801
2.27982
1.08773
-0.796813
159.002
384.038
596.933
1352.05
1582.24
1378.96
1230.43
1228.09
1364.26
1425.82
1536.38
1669.29
1794.89
1088.59
327.092
105.274
-3.30864
-0.744972
-0.338057
-0.130437
0.0117427
0.0687274
0.0657051
0.059936
0.0678001
0.0820219
0.100607
0.112457
0.120594
0.125113
0.123179
0.112699
0.0988375
0.0931271
0.189715
0.539808
0.894469
0.739962
-0.0247229
-1.78859
-4.45412
-4.56721
-6.78513
51.3219
117.181
484.056
1045.09
1006.06
1136.05
1032.24
487.002
141.719
107.284
-1.57353
-11.4453
-3.58546
1832.01
1832
1832
1832
1832
1832
1832.01
1832.03
1832.06
1832.09
1832.14
1832.2
1832.27
1832.36
1832.46
1832.57
1832.7
1832.84
1832.99
1833.15
1833.32
1833.51
1833.7
1833.91
1834.12
1834.35
1834.58
1834.82
1835.07
1835.32
1835.58
1835.85
1836.13
1836.41
1836.69
1836.99
1837.28
1837.59
1837.89
1838.2
1832.02
1832
1832.01
1832.03
1832.06
1832.09
1832.11
1832.14
1832.17
1832.21
1832.26
1832.31
1832.38
1832.46
1832.55
1832.65
1832.77
1832.9
1833.04
1833.2
1833.36
1833.54
1833.73
1833.93
1834.14
1834.36
1834.59
1834.83
1835.08
1835.34
1835.61
1835.88
1836.16
1836.45
1836.74
1837.04
1837.35
1837.66
1837.97
1838.29
1832.1
1832.03
1832
1832.01
1832.04
1832.07
1832.11
1832.15
1832.19
1832.24
1832.29
1832.35
1832.42
1832.5
1832.59
1832.7
1832.81
1832.94
1833.08
1833.23
1833.39
1833.57
1833.75
1833.95
1834.16
1834.38
1834.61
1834.85
1835.1
1835.36
1835.63
1835.91
1836.2
1836.49
1836.79
1837.1
1837.41
1837.73
1838.05
1838.38
1832.13
1832.03
1831.97
1831.95
1831.96
1831.99
1832.03
1832.07
1832.12
1832.18
1832.24
1832.3
1832.38
1832.47
1832.56
1832.67
1832.78
1832.91
1833.05
1833.21
1833.37
1833.55
1833.74
1833.94
1834.15
1834.37
1834.6
1834.85
1835.1
1835.37
1835.64
1835.92
1836.21
1836.51
1836.82
1837.13
1837.45
1837.77
1838.1
1838.43
1832.11
1831.99
1831.91
1831.87
1831.86
1831.88
1831.91
1831.95
1832
1832.06
1832.12
1832.19
1832.28
1832.37
1832.47
1832.58
1832.7
1832.84
1832.98
1833.14
1833.31
1833.49
1833.69
1833.89
1834.1
1834.33
1834.57
1834.82
1835.07
1835.34
1835.62
1835.91
1836.2
1836.51
1836.82
1837.13
1837.46
1837.78
1838.12
1838.45
1832.04
1831.91
1831.81
1831.75
1831.72
1831.72
1831.75
1831.78
1831.83
1831.89
1831.96
1832.04
1832.12
1832.22
1832.33
1832.45
1832.58
1832.72
1832.87
1833.03
1833.21
1833.4
1833.6
1833.81
1834.03
1834.26
1834.5
1834.76
1835.02
1835.29
1835.58
1835.87
1836.17
1836.48
1836.79
1837.11
1837.44
1837.77
1838.11
1838.45
1831.91
1831.78
1831.66
1831.58
1831.54
1831.53
1831.55
1831.58
1831.62
1831.68
1831.75
1831.84
1831.93
1832.03
1832.15
1832.27
1832.41
1832.56
1832.72
1832.89
1833.07
1833.27
1833.47
1833.69
1833.92
1834.16
1834.41
1834.67
1834.94
1835.22
1835.51
1835.8
1836.11
1836.42
1836.74
1837.07
1837.4
1837.74
1838.08
1838.42
1831.72
1831.59
1831.46
1831.37
1831.32
1831.3
1831.3
1831.33
1831.37
1831.43
1831.51
1831.59
1831.69
1831.8
1831.92
1832.06
1832.2
1832.36
1832.53
1832.71
1832.9
1833.1
1833.32
1833.54
1833.78
1834.02
1834.28
1834.55
1834.83
1835.11
1835.41
1835.71
1836.03
1836.35
1836.67
1837
1837.34
1837.68
1838.03
1838.38
1831.47
1831.33
1831.2
1831.1
1831.04
1831.01
1831.01
1831.04
1831.08
1831.14
1831.22
1831.31
1831.42
1831.53
1831.66
1831.81
1831.96
1832.13
1832.31
1832.49
1832.7
1832.91
1833.13
1833.36
1833.61
1833.86
1834.13
1834.4
1834.69
1834.98
1835.29
1835.6
1835.92
1836.24
1836.58
1836.92
1837.26
1837.61
1837.96
1838.32
1831.16
1831.02
1830.87
1830.76
1830.7
1830.67
1830.67
1830.69
1830.74
1830.81
1830.89
1830.99
1831.1
1831.23
1831.37
1831.52
1831.69
1831.86
1832.05
1832.25
1832.46
1832.68
1832.91
1833.16
1833.41
1833.67
1833.95
1834.23
1834.53
1834.83
1835.14
1835.46
1835.79
1836.12
1836.46
1836.81
1837.16
1837.52
1837.88
1838.24
1830.79
1830.64
1830.47
1830.36
1830.3
1830.27
1830.27
1830.3
1830.35
1830.42
1830.52
1830.62
1830.75
1830.89
1831.04
1831.2
1831.38
1831.56
1831.76
1831.97
1832.19
1832.42
1832.67
1832.92
1833.18
1833.46
1833.74
1834.04
1834.34
1834.65
1834.97
1835.3
1835.63
1835.98
1836.33
1836.68
1837.04
1837.41
1837.77
1838.14
1830.35
1830.19
1830.01
1829.88
1829.82
1829.79
1829.81
1829.84
1829.91
1829.99
1830.1
1830.22
1830.36
1830.51
1830.67
1830.85
1831.04
1831.23
1831.44
1831.62
1831.84
1832.13
1832.39
1832.66
1832.93
1833.21
1833.51
1833.81
1834.13
1834.45
1834.78
1835.12
1835.46
1835.81
1836.17
1836.54
1836.91
1837.28
1837.66
1838.03
1829.83
1829.65
1829.47
1829.32
1829.17
1829.15
1829.27
1829.34
1829.42
1829.52
1829.64
1829.78
1829.94
1830.1
1830.28
1830.47
1830.67
1830.88
1831.1
1831.2
1831.36
1831.75
1832.09
1832.37
1832.65
1832.95
1833.25
1833.57
1833.89
1834.22
1834.56
1834.91
1835.27
1835.63
1836
1836.38
1836.75
1837.14
1837.52
1837.91
1829.23
1829.03
1828.83
1828.69
1828.52
1828.51
1828.55
1828.72
1828.86
1829.01
1829.15
1829.31
1829.48
1829.67
1829.86
1830.06
1830.27
1830.49
1830.72
1830.82
1830.99
1831.26
1831.76
1832.05
1832.35
1832.65
1832.97
1833.3
1833.63
1833.98
1834.33
1834.69
1835.06
1835.43
1835.81
1836.2
1836.59
1836.98
1837.38
1837.78
1828.53
1828.29
1828.08
1827.95
1827.88
1827.86
1827.93
1827.92
1828.04
1828.22
1828.64
1828.82
1829.01
1829.21
1829.42
1829.63
1829.85
1830.08
1830.33
1830.54
1830.58
1830.86
1831.28
1831.7
1832.01
1832.33
1832.66
1833
1833.35
1833.71
1834.08
1834.45
1834.83
1835.22
1835.61
1836.01
1836.41
1836.81
1837.22
1837.63
1827.69
1827.42
1827.18
1827.08
1827.1
1827.2
1827.33
1827.44
1827.44
1827.54
1827.74
1828.24
1828.53
1828.74
1828.96
1829.18
1829.41
1829.65
1829.89
1830.15
1830.25
1830.44
1830.79
1831.33
1831.65
1831.98
1832.33
1832.68
1833.05
1833.42
1833.8
1834.19
1834.59
1834.99
1835.4
1835.81
1836.22
1836.64
1837.06
1837.48
1826.74
1826.41
1826.15
1826.08
1826.19
1826.39
1826.63
1826.88
1827.1
1827.13
1827.19
1827.4
1827.96
1828.27
1828.49
1828.72
1828.95
1829.2
1829.42
1829.65
1829.9
1830.04
1830.35
1830.84
1831.25
1831.6
1831.96
1832.34
1832.72
1833.11
1833.51
1833.92
1834.33
1834.75
1835.17
1835.6
1836.03
1836.46
1836.89
1837.33
1825.67
1825.1
1824.84
1824.91
1825.23
1825.61
1825.98
1826.31
1826.61
1826.87
1826.88
1826.92
1827.14
1827.74
1828.03
1828.25
1828.48
1828.71
1828.94
1829.13
1829.41
1829.66
1829.88
1830.37
1830.82
1831.19
1831.57
1831.96
1832.37
1832.78
1833.2
1833.63
1834.06
1834.5
1834.94
1835.38
1835.83
1836.27
1836.72
1837.17
1807.63
1795.41
1806.08
1819.84
1824.34
1824.99
1825.49
1825.89
1826.22
1826.49
1826.72
1826.67
1826.69
1826.93
1827.54
1827.76
1827.97
1828.2
1828.43
1828.6
1828.87
1829.2
1829.47
1829.88
1830.36
1830.75
1831.15
1831.56
1831.99
1832.43
1832.87
1833.32
1833.78
1834.24
1834.7
1835.16
1835.63
1836.09
1836.55
1837.01
1757.64
1757.98
1758.9
1794.78
1824.88
1825.32
1825.64
1825.9
1826.11
1826.29
1826.46
1826.6
1826.31
1826.46
1826.87
1827.24
1827.43
1827.64
1827.86
1828.02
1828.27
1828.41
1828.61
1829.44
1829.84
1830.26
1830.69
1831.14
1831.59
1832.06
1832.53
1833.01
1833.49
1833.97
1834.46
1834.95
1835.43
1835.91
1836.39
1836.86
1756.03
1756.15
1756.37
1795.89
1821.39
1825.81
1826.1
1826.11
1826.13
1826.16
1826.21
1826.28
1826.14
1825.98
1826.25
1826.69
1826.84
1827.01
1827.17
1827.33
1827.61
1827.62
1827.94
1828.84
1829.28
1829.73
1830.2
1830.68
1831.18
1831.68
1832.18
1832.69
1833.2
1833.71
1834.22
1834.73
1835.24
1835.74
1836.24
1836.73
1754.09
1760.73
1795.87
1822.11
1823.26
1824.77
1826.26
1826.16
1826.02
1825.93
1825.88
1825.86
1825.86
1825.44
1825.66
1826.06
1826.16
1826.28
1826.4
1826.53
1826.86
1827.13
1827.35
1828.15
1828.65
1829.16
1829.68
1830.21
1830.74
1831.28
1831.82
1832.37
1832.91
1833.45
1834
1834.54
1835.07
1835.6
1836.11
1836.62
1814.08
1818.61
1826.79
1827.17
1826.67
1825.75
1825.8
1825.79
1825.6
1825.45
1825.35
1825.29
1825.26
1824.92
1825.04
1825.31
1825.36
1825.41
1825.44
1825.51
1825.81
1826.22
1826.8
1827.4
1827.98
1828.56
1829.14
1829.72
1830.3
1830.88
1831.46
1832.04
1832.63
1833.21
1833.78
1834.35
1834.92
1835.47
1836.02
1836.54
1825.57
1825.93
1826.06
1825.98
1825.77
1825.51
1825.2
1825.03
1824.87
1824.73
1824.62
1824.55
1824.51
1824.47
1824.43
1824.46
1824.46
1824.42
1824.28
1818.14
1800.59
1814.03
1825.83
1826.61
1827.29
1827.95
1828.6
1829.23
1829.86
1830.48
1831.1
1831.73
1832.35
1832.97
1833.58
1834.19
1834.8
1835.39
1835.96
1836.53
1824.01
1824.34
1824.53
1824.56
1824.48
1824.35
1824.19
1824.04
1823.91
1823.8
1823.71
1823.65
1823.62
1823.61
1823.62
1823.65
1823.69
1823.74
1823.91
1788.29
1726.33
1787.99
1825.52
1826.14
1826.82
1827.49
1828.14
1828.79
1829.44
1830.09
1830.75
1831.42
1832.08
1832.74
1833.4
1834.06
1834.7
1835.34
1835.96
1836.56
1822.6
1822.86
1823.04
1823.12
1823.11
1823.04
1822.95
1822.86
1822.77
1822.69
1822.63
1822.6
1822.59
1822.61
1822.65
1822.71
1822.78
1822.9
1823.08
1757.4
1719.99
1769.02
1824.99
1825.61
1826.31
1826.99
1827.66
1828.33
1828.99
1829.6
1830.27
1831.09
1831.81
1832.52
1833.23
1833.94
1834.64
1835.33
1836
1836.66
1821.28
1821.47
1821.62
1821.7
1821.7
1821.67
1821.62
1821.56
1821.49
1821.44
1821.42
1821.4
1821.42
1821.45
1821.49
1821.5
1821.45
1821.35
1795.69
1710.7
1711.34
1809.13
1825.34
1825.57
1826.04
1826.59
1827.2
1827.86
1827.99
1828.41
1829.78
1830.76
1831.53
1832.29
1833.06
1833.83
1834.59
1835.34
1836.09
1836.81
1819.99
1820.13
1820.23
1820.28
1820.28
1820.26
1820.21
1820.16
1820.11
1820.08
1820.08
1820.09
1820.16
1820.27
1820.4
1820.55
1820.73
1820.08
1744.49
1704.9
1731.26
1824.4
1824.37
1824.77
1825.3
1825.89
1826.54
1826.51
1826.67
1827.87
1829.58
1830.38
1831.21
1832.04
1832.87
1833.71
1834.55
1835.38
1836.2
1837
1818.73
1818.81
1818.86
1818.87
1818.84
1818.79
1818.73
1818.68
1818.63
1818.61
1818.6
1818.65
1818.78
1818.99
1819.25
1819.63
1820.14
1796.57
1695.67
1698.34
1775.01
1821.9
1822.61
1823.36
1824.11
1824.87
1824.96
1824.02
1826.62
1828.17
1829.04
1829.92
1830.82
1831.73
1832.65
1833.58
1834.51
1835.43
1836.34
1837.24
1817.47
1817.5
1817.48
1817.43
1817.36
1817.28
1817.19
1817.1
1817.03
1816.96
1816.87
1816.89
1817.03
1817.29
1817.56
1817.86
1817.86
1741.96
1691.52
1706.05
1821.59
1821.41
1821.83
1822.39
1823.06
1823.89
1821.99
1822.99
1825.88
1827.44
1828.4
1829.37
1830.36
1831.36
1832.38
1833.4
1834.44
1835.47
1836.49
1837.51
1816.22
1816.18
1816.09
1815.97
1815.84
1815.71
1815.58
1815.46
1815.34
1815.22
1815.07
1805.53
1783.22
1815.63
1816.34
1817
1795.83
1683.75
1685.4
1756.21
1818.72
1819.3
1819.99
1820.68
1817.28
1806.47
1819.29
1824.64
1825.61
1826.63
1827.67
1828.72
1829.8
1830.9
1832.02
1833.16
1834.31
1835.47
1836.63
1837.79
1814.97
1814.85
1814.68
1814.49
1814.3
1814.12
1813.96
1813.81
1813.67
1813.57
1808.15
1754.23
1752.85
1807.24
1814.93
1815
1738.41
1681.07
1698.09
1817.92
1817.68
1818.05
1818.6
1813.36
1789.99
1802.59
1822.69
1823.6
1824.63
1825.7
1826.8
1827.94
1829.11
1830.31
1831.54
1832.8
1834.08
1835.39
1836.71
1838.04
1813.71
1813.53
1813.27
1813
1812.74
1812.49
1812.26
1812.03
1811.82
1811.68
1784.53
1745.44
1747.7
1814.41
1815.37
1790.11
1673.89
1674.99
1763.67
1814.54
1815.21
1816.02
1810.57
1775.46
1779.64
1815.38
1821.12
1822.23
1823.37
1824.54
1825.74
1826.97
1828.23
1829.54
1830.88
1832.27
1833.69
1835.16
1836.65
1838.19
1812.46
1812.21
1811.86
1811.51
1811.17
1810.85
1810.55
1810.28
1810.05
1809.31
1755.74
1739.98
1762.17
1813.08
1808.71
1693.36
1671.08
1707.65
1813.08
1813.07
1813.6
1808.99
1756.75
1759.44
1793.9
1818.45
1819.58
1820.78
1821.99
1823.21
1824.48
1825.78
1827.13
1828.53
1829.99
1831.5
1833.07
1834.7
1836.38
1838.13
1811.22
1810.88
1810.44
1809.97
1809.52
1809.08
1808.63
1808.16
1807.68
1789.01
1726.28
1752.36
1808.66
1809.53
1727.79
1676.94
1677.16
1810.28
1811.58
1811.29
1811.03
1749.67
1720.97
1763.53
1816.16
1817
1818.1
1819.22
1820.42
1821.69
1822.99
1824.34
1825.75
1827.24
1828.79
1830.41
1832.12
1833.9
1835.77
1837.74
1809.98
1809.56
1809.01
1808.44
1807.91
1807.41
1806.94
1806.51
1800.62
1725.66
1722.21
1777.49
1806.27
1763.22
1666.61
1669.45
1748.43
1808.11
1807.95
1807.92
1761.31
1669.51
1722.06
1814.37
1814.61
1815.39
1815.97
1817.06
1818.62
1819.87
1821.18
1822.56
1824.02
1825.57
1827.2
1828.92
1830.75
1832.68
1834.72
1836.9
1808.74
1808.22
1807.54
1806.85
1806.18
1805.51
1804.83
1804.17
1767.05
1672.28
1722.81
1783.35
1778.91
1658.2
1660.58
1696.16
1806.19
1805.88
1806.09
1770.22
1635.95
1660.52
1788.89
1811.57
1812.21
1812.62
1813.55
1814.76
1816.37
1817.63
1818.96
1820.36
1821.86
1823.44
1825.13
1826.93
1828.84
1830.89
1833.09
1835.46
1807.5
1806.87
1806.05
1805.25
1804.51
1803.82
1803.2
1786.03
1660.21
1663.08
1721.13
1781.33
1698.82
1653.49
1659.64
1804.92
1804.79
1804.9
1768.71
1617.46
1622.57
1729.78
1806.59
1807.74
1808.68
1809.6
1810.73
1812.35
1813.69
1814.96
1816.3
1817.71
1819.21
1820.81
1822.51
1824.34
1826.31
1828.43
1830.73
1833.25
1806.23
1805.46
1804.47
1803.5
1802.58
1801.72
1788.14
1671.1
1652.99
1653.55
1794.32
1754.57
1649.92
1649.94
1734.3
1802.33
1802.98
1763.9
1588.45
1593.49
1676.85
1802.8
1803.66
1804.85
1805.55
1806.65
1808.02
1809.48
1810.65
1811.88
1813.18
1814.56
1816.02
1817.59
1819.26
1821.06
1822.99
1825.11
1827.49
1830.17
1804.91
1804.01
1802.88
1801.8
1800.87
1800.13
1746.23
1645.89
1647.11
1699.54
1802.71
1751.7
1649.48
1696.8
1798.18
1799.31
1761.56
1565.09
1569.9
1627.03
1800.04
1800.32
1801.18
1801.78
1802.59
1803.67
1805.12
1806.14
1807.22
1808.36
1809.57
1810.86
1812.24
1813.71
1815.29
1816.98
1818.51
1819.33
1819.88
1824.6
1803.46
1802.43
1801.16
1799.96
1798.96
1779.86
1639.93
1640.4
1649.9
1797.31
1797.23
1771.39
1755.24
1784.08
1792.06
1764.78
1550.83
1553.69
1582.36
1796.38
1797.41
1797.85
1798.15
1798.67
1799.45
1800.72
1801.53
1802.39
1803.33
1804.33
1805.41
1806.57
1807.82
1809.16
1810.63
1812.23
1809.84
1782.47
1767.63
1789.12
1801.81
1800.71
1799.35
1798.12
1797.19
1728.82
1634.95
1635.55
1699.89
1793.9
1793.54
1792.32
1792.04
1790.04
1767.96
1548.6
1531.11
1550.77
1780.6
1794.65
1794.67
1794.63
1794.81
1795.3
1796.34
1796.88
1797.49
1798.17
1798.92
1799.74
1800.65
1801.63
1802.69
1803.87
1805.13
1781.52
1755.63
1758
1760.43
1763.08
1799.91
1798.75
1797.31
1795.94
1790.85
1668.42
1630.29
1630.18
1790.78
1791.9
1790.78
1789.78
1788.75
1777.27
1553.88
1504.34
1523.63
1763.89
1791.89
1791.53
1791.24
1791.04
1791.16
1791.99
1792.25
1792.57
1792.96
1793.42
1793.95
1794.55
1795.23
1795.99
1796.83
1794.1
1753.33
1746.65
1748.25
1749.97
1773.34
1805.06
1797.81
1796.65
1795.21
1793.89
1788.34
1660.29
1626.22
1665.6
1790.08
1788.48
1787.1
1785.69
1780.07
1563.62
1485.91
1494.48
1742.57
1789.08
1788.34
1787.85
1787.32
1787.11
1787.58
1787.67
1787.69
1787.78
1787.93
1788.15
1788.43
1788.8
1789.25
1789.81
1790.42
1774.55
1738.09
1738.91
1750.62
1796.71
1798.12
1799.93
1795.49
1794.28
1792.78
1791.38
1788.6
1692.1
1623.29
1756.07
1786.23
1784.75
1783.33
1782.03
1598.55
1465.39
1469.72
1691.57
1786.06
1784.9
1784.25
1783.52
1783.08
1783.12
1783.16
1782.9
1782.7
1782.54
1782.42
1782.36
1782.35
1782.42
1782.51
1782.65
1783.2
1782.14
1761.79
1752.81
1783.51
1786.85
1788.04
1789.49
1792.94
1791.66
1790.05
1788.5
1785.08
1764.49
1751.56
1783.98
1782.79
1781.68
1780.88
1642.55
1442.11
1450.18
1557.01
1780.83
1780.28
1779.87
1779.31
1778.87
1778.61
1778.69
1778.23
1777.78
1777.34
1776.93
1776.54
1776.19
1774.17
1767.88
1771.6
1775.47
1775.52
1775.67
1775.93
1776.19
1776.5
1776.96
1777.45
1778.16
1790.26
1788.92
1787.24
1785.55
1783.03
1782.71
1781.79
1780.37
1778.99
1777.81
1662.63
1422.14
1427.89
1481.99
1777.17
1777.24
1776.39
1775.54
1774.97
1774.42
1774.49
1773.81
1773.14
1772.46
1771.79
1771.11
1770.42
1764.24
1759.22
1758.83
1763.74
1767.8
1767.47
1767.23
1767.07
1766.94
1766.66
1765.88
1764.33
1763.45
1787.45
1786.07
1784.31
1782.57
1781.05
1779.62
1778.2
1776.67
1775.25
1688.89
1407.38
1410.23
1413.52
1726.1
1775.13
1774.09
1772.82
1771.61
1770.92
1770.65
1769.8
1768.89
1767.95
1767.03
1766.15
1765.23
1759.19
1752.83
1752.05
1752.12
1760.75
1759.97
1759.27
1758.55
1757.57
1756.06
1754.71
1747.81
1692.25
1547.64
1784.55
1783.12
1781.28
1779.4
1777.36
1776.31
1774.83
1773.29
1734
1400.64
1397.29
1398.73
1541.1
1772.85
1771.56
1770.49
1769.26
1768.05
1767.29
1766.22
1765.13
1763.9
1756.65
1751.13
1755.2
1759.3
1750.65
1746.01
1744.77
1751.39
1752.94
1751.74
1750.43
1748.86
1747.38
1713.43
1579.49
1376.9
1179.26
1109.69
1781.56
1780.08
1778.17
1776.12
1773.99
1773.13
1771.71
1746.07
1455.32
1385.2
1387.18
1439.06
1769.08
1769.4
1768.18
1767
1765.75
1764.43
1763.05
1760.23
1760.6
1758.77
1748.95
1745.36
1743.7
1742.71
1740.6
1739.87
1747.48
1746.65
1744.95
1743.11
1741.18
1741.19
1490.95
1072.93
1083.87
1092.32
1100.12
1143.61
1778.43
1776.91
1774.92
1773.03
1770.8
1770.09
1768.77
1611.03
1374.76
1375.73
1376.06
1680.61
1768.31
1766.7
1765.27
1763.83
1762.34
1760.46
1728.32
1715.77
1752.91
1754.38
1751.21
1741.55
1738.21
1736.2
1734.09
1736.49
1740.88
1738.52
1736.01
1733.31
1639.13
1133.6
1054.1
1059.31
1060.6
1250.86
1522.29
1660.41
1775.03
1773.43
1771.3
1769.43
1767.76
1767.03
1712.45
1366.32
1366.87
1367.08
1467.83
1767.4
1765.56
1763.94
1762.38
1760.82
1758.72
1726.28
1708.37
1707.04
1714.35
1750.28
1749.1
1745.93
1735.87
1730.71
1727.99
1732.97
1733.33
1729.71
1725.77
1411.13
1033.23
1034.52
1031.08
1217.75
1727.76
1736.78
1737.95
1744.5
1771.43
1760.6
1728.41
1728.7
1765.35
1764.98
1652.76
1359.66
1360.05
1374.83
1729.7
1764.68
1762.81
1761.16
1759.55
1757.95
1739.8
1705.45
1704.15
1702.78
1700.9
1721.17
1745.49
1743.08
1739.24
1729.57
1724.99
1728.53
1725.52
1673.16
1211.15
1014.51
1014.91
1017.71
1516.08
1713.45
1706.99
1706.97
1715.01
1727.32
1768.41
1731.23
1505.48
1620.76
1763.47
1763.87
1689.74
1368.75
1356.74
1591.12
1762.48
1760.96
1759.52
1758.1
1756.64
1747.86
1703.3
1701.98
1700.85
1699.31
1697.35
1721.74
1742.73
1740.14
1737.25
1733.75
1729.72
1724.97
1679.42
1228.87
1011.33
1005.46
1117.19
1610.55
1698.01
1687.4
1667.93
1581.33
1516.6
1641.53
1764.84
1712.17
1487.49
1526.44
1762.17
1761.03
1730.78
1605.08
1568.24
1757.51
1758.26
1757.32
1756.27
1755.12
1752.77
1720.25
1700.23
1699.06
1700.59
1734.58
1735.77
1736.07
1740.64
1738.4
1735.55
1732.36
1728.6
1723.55
1446.79
997.742
997.493
998.513
1531.84
1697.76
1685.57
1668.58
1359.1
912.29
785.246
1248.49
1759.48
1657.87
1475.8
1500.79
1759.71
1758.29
1748.23
1742.54
1748.67
1755.9
1755.15
1754.35
1753.48
1752.54
1748.16
1701.9
1697.93
1696.59
1735.14
1746
1744.24
1742.23
1739.74
1737.7
1735.07
1732.07
1728.1
1639.09
1066
987.615
987.445
1174.56
1691.45
1697.04
1685.21
1551.59
875.899
628.806
642.397
1004.63
1741.95
1485.35
1463.09
1482.43
1751.92
1755.01
1753.75
1745.93
1744.64
1753.04
1752.39
1751.72
1751.02
1750.28
1747.69
1709.36
1696.23
1712.69
1746.03
1744.79
1743.39
1741.83
1740.04
1738.16
1736.08
1733.65
1708.81
1344.23
980.116
979.512
1073.57
1566.09
1708.1
1700.2
1691.78
1237.55
623.411
618.133
621.32
1042.57
1698.38
1455.15
1454.68
1455.21
1748.75
1752.51
1751.86
1746.43
1740.52
1750.43
1749.93
1749.39
1748.84
1748.27
1746.85
1733.83
1719.45
1741.58
1745
1744.15
1743.18
1742.1
1740.79
1739.05
1737.65
1734.23
1708.93
1276.87
973.199
972.233
1074.47
1613.25
1714.69
1708.22
1696.49
984.822
607.96
610.482
609.596
1396.54
1664.88
1449.01
1448.5
1452.87
1750.56
1750.55
1749.93
1748.34
1738.52
1748.43
1747.96
1747.51
1747.08
1746.65
1745.98
1745.67
1745.18
1743.84
1743.78
1744.1
1743.55
1742.93
1742.17
1740.73
1738.34
1735.25
1711.71
1440.02
1022.68
965.962
1013
1488.52
1722.98
1719.34
1654.26
852.485
597.606
601.345
785.075
1605.41
1669.65
1443.82
1443.71
1512.41
1748.03
1747.77
1748.15
1747.42
1746.24
1746.69
1746.31
1745.96
1745.47
1744.86
1744.88
1744.69
1744.62
1743.13
1739.63
1742.75
1744.36
1744.16
1743.9
1743.27
1741.17
1739.7
1731.4
1597.64
1157.26
962.499
963.039
1302.61
1722.34
1729.37
1578.31
728.532
591.173
584.109
1191.95
1703.3
1699.76
1439.62
1440.03
1580.02
1747.98
1747.14
1698.53
1742.6
1745.51
1745.15
1744.93
1744.77
1744.27
1742.08
1743.71
1743.78
1744.27
1743.58
1739.96
1740.19
1744.51
1745.77
1745.96
1746.14
1746
1746.34
1747.27
1705.94
1366.77
959.461
961.798
1083.46
1650.42
1742.91
1410.54
621.447
584.031
660.581
1541.35
1714.35
1746.34
1437.03
1437.41
1601.7
1751.1
1747.42
1583.49
1523.36
1743.73
1744.19
1744.1
1744.23
1744.12
1742.82
1668.8
1563.21
1744.3
1744.38
1741.4
1741.3
1742.99
1747.43
1747.98
1748.43
1748.87
1749.31
1749.76
1750.2
1654.29
1291.29
958.385
959.167
1550.81
1748.02
1071.4
607.171
574.583
1230.81
1720
1717.02
1752.49
1627.37
1485.5
1665.12
1750.88
1747.3
1574.78
978.622
1736.13
1742.61
1743.53
1744.49
1745.29
1745.96
1557.83
1520.2
1652.22
1745.5
1745.77
1744.27
1745.99
1749.28
1750.17
1750.81
1751.44
1752.04
1752.6
1753.13
1753.59
1729.55
1395.48
1255.49
1372.16
1200.22
617.646
605.467
814.949
1628.39
1728.11
1722.42
1747.77
1748.4
1732.93
1741.81
1748.81
1745.67
1555.77
744.821
1711.93
1742.58
1744.2
1745.46
1746.46
1747.11
1626.57
1515.29
1512.53
1696.88
1749.49
1750.23
1750.9
1751.65
1752.52
1753.31
1754.12
1754.97
1755.86
1756.84
1757.97
1759.32
1760.02
1695.09
1100.34
587.143
591.051
632.293
1491.04
1737.09
1733.29
1729.02
1746.05
1748.09
1749.84
1749.65
1747.67
1743.45
1384.79
699.367
1342.55
1723.12
1748.38
1749.27
1749.91
1750.65
1751.05
1534.78
1510.99
1576.13
1742.27
1752.14
1753.09
1753.88
1754.71
1755.58
1756.49
1757.48
1758.56
1759.82
1761.37
1763.31
1765.89
1650.6
634.142
580.455
580.106
1388.99
1746.24
1741.75
1738.62
1720.87
1743.72
1748.13
1750.21
1750.28
1742.92
1625.11
891.96
661.795
700.796
1210.04
1686.45
1754.2
1754.02
1753.84
1753.73
1594.71
1507.96
1517.16
1724.23
1751.65
1754.03
1755.9
1756.65
1757.42
1758.23
1759.08
1759.97
1760.86
1761.68
1762.56
1764.49
1234.24
589.423
572.114
1329.89
1751.19
1748.05
1747.67
1746.35
1622.35
1744.56
1740.65
1507.94
1257.01
1030.85
864.196
648.641
649.948
650.778
659.623
1374.14
1758.47
1758.54
1757.53
1756.75
1596.57
1504.67
1517.73
1724.78
1753.78
1753.99
1755.98
1758.11
1758.84
1759.57
1760.45
1761.54
1762.92
1764.8
1768.97
1491.51
593.528
576.453
1218.76
1749.59
1749.03
1751.37
1752.9
1753.25
1614.59
1752.28
1696.22
949.128
658.436
651.455
648.207
647.053
647.646
647.871
648.792
1349.12
1763.98
1763.39
1761.71
1760.53
1537.23
1501.84
1526.97
1734.2
1757.21
1757.02
1756.92
1758.21
1759.18
1759.56
1760.02
1760.58
1761.2
1762.4
1614.11
649.357
585.215
1094.12
1751.08
1750.34
1753.13
1755.47
1757.43
1758.91
1684.7
1746.3
1694.48
951.952
648.217
646.501
645.053
644.801
644.786
644.008
1021.83
1626.52
1766.44
1767.01
1764.93
1671.6
1500.01
1500.03
1563.5
1749.79
1758.98
1758.95
1758.2
1758.27
1758.45
1758.29
1758.01
1757.43
1756.5
1723.39
883.488
554.63
766.404
1680.11
1757.7
1757.68
1758.41
1759.41
1761.06
1762.91
1724.04
1697.27
1668.15
1332.78
963.036
888.226
848.899
844.54
934.188
1272.95
1687.65
1768.59
1770.76
1768.58
1747.29
1509.21
1498.03
1497.35
1649.16
1759.51
1759.73
1759
1758.28
1757.56
1756.84
1756.08
1755.07
1753.81
1754.3
1423.22
558.3
554.066
1495.04
1761.43
1760.05
1760.2
1760.42
1761.18
1762.73
1764.63
1730.18
1708.83
1558.6
1655.79
1674.42
1684.07
1662.1
1651.92
1698.45
1766.15
1776.21
1774.3
1771.77
1765.46
1542.2
1498.1
1496.85
1552.63
1745.51
1760.52
1759.49
1758.24
1757.08
1756.03
1755.09
1754.23
1753.51
1754.66
1624.86
581.689
544.582
1314.29
1755.95
1756.22
1758.12
1759.13
1759.69
1760.38
1761.38
1762.61
1696.65
1715.02
1550
1611.84
1751.35
1756.66
1763.32
1769.54
1777.97
1780.26
1778.47
1775.94
1768.51
1558.58
1498.75
1496.93
1525.36
1726.16
1761.72
1760.02
1758.14
1756.3
1754.49
1752.62
1750.39
1747.23
1743.28
1687.02
877.401
496.04
984.595
1756.67
1758.45
1758.94
1759.35
1759.27
1759.02
1758.64
1757.66
1755.22
1513.35
1716.55
1547.39
1548.35
1709.24
1729.71
1734.59
1754.41
1782.24
1781.81
1779.68
1771.33
1572.96
1500.1
1497.64
1538.49
1722.45
1763.32
1760.95
1758.48
1756.2
1754.06
1751.97
1749.66
1746.21
1740.66
1695.85
1134.36
408.706
505.403
1596
1766.96
1763.42
1761.91
1760.96
1760.33
1760.01
1759.95
1759.65
1759.02
1087.47
1714.14
1545.62
1546.92
1673.15
1676.21
1683.76
1747.29
1783.6
1782.48
1780.52
1753.12
1505.35
1500.1
1579.62
1739.6
1764.86
1761.92
1759.04
1756.51
1754.25
1752.02
1749.67
1746.94
1701.55
1545.38
1045.5
399.012
384.709
1101.74
1755
1758.42
1759.58
1759.99
1760.03
1759.88
1759.66
1759.3
1758.39
1758.18
721.794
1722.33
1545.11
1546.06
1690.71
1740.52
1700.84
1762.34
1784.6
1783.09
1779.83
1748.18
1663.02
1673.13
1752.01
1765.91
1762.53
1759.08
1755.6
1752.12
1729.06
1615.71
1436.04
1189.57
925.782
604.081
324.615
305.815
492.93
1569.07
1758.33
1759.8
1760.29
1760.57
1760.64
1760.42
1759.75
1757.98
1753.88
1727.28
541.844
1737.22
1549.31
1545.76
1740.66
1790.87
1774.14
1784.02
1786.48
1783.45
1774.5
1769.11
1774.06
1772
1768.13
1763.87
1759.2
1742.4
1561.92
1246.87
906.708
644.787
452.582
331.598
283.341
275.446
276.459
281.976
926.945
1738.19
1760.96
1761.53
1761.93
1762.41
1762.84
1763.21
1763.34
1762.6
1760.78
1276.03
478.422
1739.42
1620.75
1553.73
1780.84
1792.93
1791.99
1790.65
1788.81
1785.08
1779.18
1779.64
1776.25
1772.56
1767.43
1761.89
1433.78
920.295
540.924
337.935
271.972
265.511
265.907
265.887
265.921
266.273
268.204
399.917
1475.36
1759.95
1762.33
1763.37
1764.11
1764.73
1765.35
1765.98
1766.38
1766.07
1765.2
1005.18
455.1
1740.23
1615.21
1616.06
1789.92
1796.64
1795.37
1793.91
1792.03
1789.46
1787.12
1783.36
1779
1774.62
1696.31
984.449
421.507
273.41
263.313
262.953
262.815
262.83
263.059
263.37
263.936
264.103
263.754
1096.55
1762.27
1765.45
1766.7
1767.36
1767.69
1768
1768.43
1768.9
1769.12
1768.85
1768.06
995.623
434.111
1743.33
1588.69
1604.68
1785.84
1800.07
1798.9
1797.62
1796.15
1794.42
1792.18
1788.37
1784.65
1752.05
991.616
269.093
262.373
262.105
262.073
262.184
262.353
262.516
262.735
262.981
263.173
262.99
838.84
1738.33
1771.86
1772.48
1772.69
1772.42
1772.09
1771.93
1771.94
1771.91
1771.51
1770.64
1768.93
1171
419.806
1688.14
1588.31
1587.74
1771.59
1803.42
1802.58
1801.66
1800.78
1799.76
1798.51
1796.32
1794.31
1627.38
491.981
261.83
261.894
261.932
262.033
262.184
262.335
262.41
262.4
262.261
261.633
882.219
1737.93
1781.83
1780.99
1780.19
1779.04
1777.87
1776.97
1776.36
1775.91
1775.27
1774.17
1772.53
1769.94
1327.77
403.906
1589.98
1589.63
1590.75
1778.2
1807.19
1806.64
1805.77
1804.58
1805.33
1805.12
1804.84
1804.54
1705.22
697.645
259.921
260.98
261.288
261.475
261.594
261.598
261.369
261.617
495.816
1210.23
1768.25
1793.27
1791.06
1789
1786.85
1784.86
1783.22
1782.01
1781.14
1780.35
1779.28
1777.74
1775.64
1772.71
1380.98
380.768
1643.1
1592.56
1702.53
1792.49
1808.58
1810.88
1810.53
1788.47
1716.88
1790
1811.35
1812.1
1798.13
1543.04
830.999
470.428
393.339
387.449
426.464
529.135
760.187
1185.78
1613.57
1800.6
1803.45
1800.49
1797.57
1794.69
1792.08
1789.89
1788.18
1786.95
1786.01
1785.05
1783.79
1782.09
1779.85
1776.95
1383.38
357.385
1787.77
1599.74
1806.77
1812.34
1812.24
1815.39
1815.24
1772.77
1644.07
1660.76
1816.65
1817.24
1817.86
1818.22
1757.04
1599.26
1529.06
1518.92
1563.37
1651.47
1754.49
1811.23
1812.62
1810.62
1807.96
1804.78
1801.65
1798.78
1796.3
1794.28
1792.76
1791.68
1790.8
1789.87
1788.65
1787.03
1784.91
1782.29
1354.39
334.109
1822.8
1786.41
1820.73
1820.26
1819.72
1820.44
1820.46
1794.48
1642.98
1640.89
1689.34
1815.17
1822.09
1822.97
1823.56
1823.68
1823.73
1824.34
1824.12
1822.88
1821.11
1818.88
1816.41
1813.61
1810.58
1807.56
1804.72
1802.17
1800
1798.28
1797.04
1796.17
1795.49
1794.75
1793.76
1792.44
1790.66
1788.52
1320.22
311.284
1826.35
1825.89
1825.55
1825.03
1825.28
1825.37
1825.53
1820.18
1753.71
1643.28
1643.3
1662.02
1804.41
1826.28
1826.42
1826.31
1825.49
1825.42
1824.96
1823.85
1822.22
1820.2
1817.83
1815.26
1812.62
1810.04
1807.59
1805.39
1803.51
1801.83
1800.62
1800.31
1800.08
1799.68
1799.09
1798.22
1796.97
1795.47
1303.15
289.254
1830.35
1830.12
1829.88
1829.03
1829.96
1830.17
1830.44
1830.7
1830.18
1764.4
1672.76
1661.84
1676.62
1724.33
1760.41
1783.28
1826.1
1788.18
1781.46
1824.43
1822.93
1821.23
1819.38
1817.28
1815.07
1812.84
1810.68
1808.68
1806.97
1805.12
1802.88
1802.89
1804.26
1804.56
1804.53
1804.27
1803.75
1803.12
1302.9
268.294
1834.54
1834.28
1767.68
1834.33
1834.77
1835.12
1835.41
1835.63
1835.75
1835.5
1817.59
1807.89
1782.43
1695.35
1592.11
1589.47
1586.83
1550.67
1543.56
1542.7
1586.45
1723.44
1822.76
1820.69
1818.56
1816.36
1814.21
1812.18
1810.36
1808.86
1806.87
1803.95
1804.89
1808.63
1809.89
1810.38
1810.76
1811.21
1327.54
249.056
1811.97
1778.53
1575.86
1806.28
1840.39
1840.72
1840.92
1841.01
1840.98
1840.8
1840.49
1840.19
1839.7
1811.62
1769.74
1631.37
1549.46
1547.38
1545.21
1542.99
1540.8
1538.74
1558.5
1776.62
1822.61
1820.38
1818.06
1815.74
1813.37
1780.03
1610.6
1615.94
1755.05
1812.66
1814.57
1816.19
1817.68
1819.51
1352.73
232.105
1766.59
1585.19
1574.24
1591.43
1756.97
1847.09
1847.08
1846.94
1846.66
1846.26
1845.74
1845.13
1844.45
1843.7
1842.92
1825.19
1771.79
1760.79
1562.2
1543.49
1542.31
1540.91
1542.35
1781.85
1826.81
1825.03
1822.79
1820.49
1818.18
1767.51
870.959
625.126
1295.99
1789.32
1817.11
1821.64
1824.34
1827.8
1356.08
219.669
1787.99
1576.77
1577.54
1577.95
1578.54
1686.05
1836.59
1853.11
1852.62
1851.95
1851.18
1850.33
1849.41
1848.46
1847.48
1846.5
1845.58
1844.62
1831.84
1792.2
1624.41
1637.66
1772.75
1832.31
1831.8
1830.02
1828.3
1826.82
1825.64
1118.73
555.487
551.972
552.324
1372.06
1820.4
1827.12
1831.16
1837.45
1231.6
215.42
1848.45
1617.99
1581.99
1582.72
1583.08
1583.35
1780.73
1857.17
1858.86
1857.87
1856.77
1855.63
1854.46
1853.28
1852.11
1850.94
1849.74
1848.49
1847.09
1845.47
1840.51
1838.87
1838.19
1837.19
1836.15
1834.44
1832.92
1831.28
1174.02
545.133
543.122
543.152
544.736
1118.8
1813.44
1833.11
1839.5
1850.46
1014.84
218.031
1866.06
1823.74
1690.25
1587.92
1610.21
1720.23
1822.08
1853.76
1863.94
1863.57
1862.21
1860.79
1859.38
1858
1856.65
1855.33
1854.01
1852.63
1851.13
1849.46
1847.6
1845.6
1843.67
1841.98
1840.43
1838.77
1756.99
888.514
539.973
535.864
536.515
536.688
885.238
1732.04
1821.25
1829.78
1832.15
1850.61
678.435
212.264
1868.86
1870.2
1862.83
1830.07
1844.27
1867.92
1868.3
1865.7
1868.89
1868.75
1863.53
1862.09
1863.7
1862.47
1860.99
1859.56
1858.15
1856.69
1855.12
1853.45
1851.67
1849.72
1847.83
1848.06
1759.03
915.091
553.934
548.953
544.797
760.036
1466.35
1689.11
1711.92
1774.11
1794.93
1822.92
1756.1
816.755
70.8966
146.123
1865.81
1872.79
1874.49
1876.18
1877.09
1877.53
1877.47
1876.77
1875.48
1873.88
1863.05
1852.14
1850.16
1858.8
1865.06
1863.59
1862.16
1860.63
1858.99
1857.44
1856.92
1822.94
1128.92
913.69
907.366
900.354
1352.53
1700.38
1712.58
1736.03
1739.49
1730.88
1731.32
1703.5
965.496
95.2736
4.11244
5.04125
11.092
30.7974
1860.95
1866.96
1875.85
1879.13
1880.53
1881.47
1881.75
1881.25
1880
1878.15
1859.47
1855.66
1853.77
1851.94
1853.93
1866.25
1865.82
1864.21
1862.67
1685.44
1120.48
1118.4
1210.63
1386.6
1388.62
1391.28
1393.24
1422.27
1415.16
1107.1
405.08
91.094
5.21947
0.0433636
0.752116
3.29338
2.81278
1.93841
2.12812
2.99425
1875.05
1877.57
1879.69
1881.35
1882.94
1884.35
1885.02
1884.61
1869.75
1866.37
1867.32
1865.68
1856.68
1855.15
1854.23
1868.83
1869.44
1868.13
1499.93
1197.78
1130.81
1240.59
1246.24
1269.95
1087.14
359.798
0.138433
-0.145065
-0.226589
-0.341822
-0.104489
0.395684
0.688274
0.788333
0.850598
0.793073
1.03114
1.20106
1.27632
0.986339
513.601
679.912
931.709
1188.21
1427.68
1696.85
1876.7
1892.22
1888.96
1883
1877.11
1874.94
1874.04
1869.86
1867.52
1870.02
1870.08
1817.39
1374.24
1267.66
1054.26
388.449
2.619
-0.254895
-0.150216
0.134373
0.189609
0.161965
0.156243
0.126997
0.155569
0.27137
0.370413
0.432841
0.529173
0.597781
0.728982
0.83087
0.850618
0.629844
-0.111308
-0.138059
0.840967
13.3974
40.9854
73.4351
109.809
197.287
328.407
351.564
429.22
1121.15
1875.22
1877.18
1867.27
1867.07
1876.06
1380.19
272.916
-0.278253
-0.0830806
0.0683433
0.110744
0.105113
0.301799
0.148454
0.122546
0.126714
0.126683
0.126397
0.160922
0.196847
0.230291
0.299365
0.39619
0.490525
0.56034
0.595322
0.600597
0.408737
-0.0492186
-0.0335399
-0.0202377
-0.00622418
-0.0295934
-0.0778907
-0.084852
0.0254463
0.398112
1.15019
2.22444
3.42824
-0.498552
855.7
1806.4
1795.42
591.521
50.16
0.427293
0.294035
0.243149
0.200624
0.14109
0.217146
0.250335
0.0998961
0.107478
0.109286
0.105757
0.106443
0.114546
0.124935
0.14406
0.190604
0.282158
0.36066
0.389032
0.356041
0.274238
-0.120711
-0.037551
-0.154757
-0.130034
0.0141131
0.0883055
0.106259
0.123057
0.180041
0.27697
0.344963
-0.147458
-1.01452
-1.64655
-8.24144
565.35
278.529
-9.54153
-1.65151
-0.574535
-0.189554
0.0578349
0.0947743
0.107355
0.193903
0.108726
0.101962
0.0975304
0.0842004
0.0644776
0.0407348
0.0159801
-0.0091523
-0.033923
-0.0355242
0.0348574
0.218368
0.189273
-0.010319
-0.465412
-3.00428
)
;

boundaryField
{
    inlet
    {
        type            fixedFluxPressure;
        gradient        nonuniform List<scalar> 10(-0.0311102 -0.0336772 -0.0252811 -0.0198046 -0.0121853 -0.0177715 -0.0217163 -0.0251007 -0.0316085 -1.0199e-06);
        value           nonuniform List<scalar> 10(2527.15 2518.22 2513.65 2509.48 2507.03 2507.03 2509.47 2513.64 2518.21 2527.14);
    }
    inletWall
    {
        type            fixedFluxPressure;
        gradient        uniform 0;
        value           nonuniform List<scalar> 
30
(
2552.81
2543.57
2533.91
2528.82
2527.15
2087.77
2277.62
2401.65
2501.86
2572.42
1905.46
1932.78
1909.95
1750.47
1623.85
2552.79
2543.55
2533.89
2528.81
2527.14
2087.44
2277.48
2401.59
2501.83
2572.4
1900.86
1929.64
1908.05
1749.05
1622.89
)
;
    }
    bottleWall
    {
        type            fixedFluxPressure;
        gradient        uniform 0;
        value           nonuniform List<scalar> 
290
(
1847.07
1847.14
1847.09
1846.98
1846.88
1846.94
1846.91
1846.53
1830.17
1830.77
1853.05
1852.97
1851.96
1851.77
1852.22
1852.08
1846.78
1845.19
1845.45
1851.39
1856.17
1857.27
1858.67
1860.32
1862.22
1864.35
1866.7
1869.26
1872.04
1875.02
1878.23
1881.7
1885.51
1889.54
1893.6
1897.55
1901.55
1905.05
1908.71
1912.03
1914.77
1917.24
1919.49
1919.99
1917.63
1917.19
1914.97
1909.27
1899.57
1892.52
1885.33
1874.17
1860.81
1846.11
1829.97
1812.75
1795.06
1777.44
1760.24
1743.51
1726.66
1709.12
1694.9
1683.08
1671.24
1660
1651.27
1644.96
1631.73
1598.14
1557.06
1545.37
1549.06
1578.1
1597.05
1600.21
1606.46
1616.69
1630.15
1647.24
1529.3
564.03
107.947
89.6265
84.2113
82.6106
82.6741
82.5279
82.3893
82.062
371.05
1224.52
1187.52
1049.56
1047.64
1211.36
1441.15
1141.82
105.274
-3.58546
1841.43
1841.76
1842.09
1842.42
1842.75
1843.08
1843.4
1843.72
1844.04
1844.35
1844.66
1844.97
1845.27
1845.56
1845.83
1846.1
1846.35
1846.58
1846.79
1846.97
1847.13
1847.26
1847.36
1847.42
1847.46
1847.46
1847.43
1847.38
1847.31
1847.23
1847.15
1847.08
1847.02
1846.98
1846.96
1846.97
1846.98
1847
1847.02
1847.07
1838.5
1838.78
1839.07
1839.36
1839.65
1839.94
1840.23
1840.53
1840.82
1841.12
1832.01
1832
1832
1832
1832
1832
1832.01
1832.03
1832.06
1832.09
1832.14
1832.2
1832.27
1832.36
1832.46
1832.57
1832.7
1832.84
1832.99
1833.15
1833.32
1833.51
1833.7
1833.91
1834.12
1834.35
1834.58
1834.82
1835.07
1835.32
1835.58
1835.85
1836.13
1836.41
1836.69
1836.99
1837.28
1837.59
1837.89
1838.2
1832.01
1832.02
1832.1
1832.13
1832.11
1832.04
1831.91
1831.72
1831.47
1831.16
1830.79
1830.35
1829.83
1829.23
1828.53
1827.69
1826.74
1825.67
1807.63
1757.64
1756.03
1754.09
1814.08
1825.57
1824.01
1822.6
1821.28
1819.99
1818.73
1817.47
1816.22
1814.97
1813.71
1812.46
1811.22
1809.98
1808.74
1807.5
1806.23
1804.91
1803.46
1801.81
1799.91
1797.81
1795.49
1792.94
1790.26
1787.45
1784.55
1781.56
1778.43
1775.03
1771.43
1768.41
1764.84
1759.48
1741.95
1698.38
1664.88
1669.65
1699.76
1746.34
1752.49
1747.77
1746.05
1743.72
1744.56
1752.28
1746.3
1697.27
1708.83
1715.02
1716.55
1714.14
1722.33
1737.22
1739.42
1740.23
1743.33
1688.14
1589.98
1643.1
1787.77
1822.8
1826.35
1830.35
1834.54
1811.97
1766.59
1787.99
1848.45
1866.06
1868.86
1865.81
1860.95
1875.05
513.601
-0.111308
-0.0492186
-0.037551
)
;
    }
    atmosphere
    {
        type            totalPressure;
        rho             rho;
        psi             none;
        gamma           1;
        p0              uniform 0;
        value           nonuniform List<scalar> 
80
(
-0.586066
-0.432357
-0.314527
-0.184618
-0.0863101
-0.0261284
-0.000725387
0
0
0
0
0
0
0
0
0
0
0
-0.0176003
-0.0835918
-0.153671
-0.159501
-0.126435
-0.0151983
0
0
0
0
0
0
0
0
0
0
0
0
0
0
-0.0419542
-0.707296
-5.39107e-06
-0.0161215
-0.0112422
-0.00492749
-0.00139329
-5.38629e-05
0
0
0
-0.000447676
-0.0575304
-0.216904
-0.069118
0
0
0
0
-0.0312161
-0.144861
-0.0677717
-0.0110499
0
0
0
0
0
0
0
0
0
0
0
0
0
-0.00448079
-0.0307253
-0.101819
-0.230427
-0.362708
-0.559926
)
;
    }
    frontAndBack
    {
        type            empty;
    }
}


// ************************************************************************* //
