/*--------------------------------*- C++ -*----------------------------------*\
  =========                 |
  \\      /  F ield         | OpenFOAM: The Open Source CFD Toolbox
   \\    /   O peration     | Website:  https://openfoam.org
    \\  /    A nd           | Version:  8
     \\/     M anipulation  |
\*---------------------------------------------------------------------------*/
FoamFile
{
    version     2.0;
    format      ascii;
    class       volScalarField;
    location    "6.6";
    object      p;
}
// * * * * * * * * * * * * * * * * * * * * * * * * * * * * * * * * * * * * * //

dimensions      [1 -1 -2 0 0 0 0];

internalField   nonuniform List<scalar> 
9150
(
-204.818
-205.824
-206.451
-206.921
-207.156
-207.15
-206.909
-206.44
-205.822
-204.816
-224.871
-225.387
-225.808
-226.127
-226.302
-226.307
-226.127
-225.803
-225.384
-224.868
-244.764
-245.048
-245.302
-245.519
-245.63
-245.631
-245.515
-245.296
-245.044
-244.761
-264.503
-264.679
-264.847
-265.006
-265.087
-265.081
-265
-264.843
-264.675
-264.5
-284.125
-284.305
-284.443
-284.571
-284.63
-284.628
-284.57
-284.44
-284.303
-284.122
-118.794
-119.605
-119.331
-118.928
-118.759
-118.763
-118.952
-119.353
-119.642
-118.821
-134.322
-135.032
-135.195
-135.268
-135.168
-135.167
-135.254
-135.19
-135.023
-134.307
-150.804
-151.562
-151.862
-152.222
-152.272
-152.257
-152.2
-151.835
-151.532
-150.784
-167.649
-168.792
-169.249
-169.877
-170.058
-170.048
-169.901
-169.268
-168.805
-167.66
-184.672
-186.728
-187.484
-188.188
-188.462
-188.465
-188.192
-187.492
-186.729
-184.672
-25.2019
-26.5274
-28.5444
-29.5689
-29.9986
-29.9169
-29.2953
-28.1826
-26.4218
-24.9845
-45.4826
-45.7054
-46.693
-47.0478
-47.5245
-47.5302
-47.0876
-46.7567
-45.7412
-45.4806
-65.5595
-65.4364
-66.4903
-66.1476
-66.569
-66.5314
-66.0468
-66.4805
-65.4545
-65.57
-88.3813
-85.5652
-86.558
-85.0233
-85.2407
-85.2474
-85.1288
-86.6114
-85.6137
-88.4433
-114.116
-104.537
-104.079
-102.665
-102.283
-102.288
-102.685
-104.094
-104.561
-114.16
1273.77
1275.19
1276.45
1277.23
1276.68
1276.02
1275.06
1273.65
1272
1270.73
1252.21
1252.95
1254.05
1254.48
1254.71
1254.57
1254.18
1252.9
1250.26
1247.55
1230.52
1231.33
1231.51
1231.61
1231.67
1230.92
1229.25
1227.84
1229.81
1223.4
1209.1
1209.46
1209.75
1209.19
1208.77
1208.96
1209.43
1208.67
1209.6
1207.45
1187.73
1188.52
1188.59
1188.27
1188.25
1188.25
1189.36
1190.27
1191.18
1191.64
1166.77
1167.66
1168.26
1168.81
1170.57
1171.51
1172.72
1174
1175.08
1176.16
1147.12
1148.71
1152.53
1153.86
1154.66
1155.48
1156.58
1157.62
1158.63
1159.36
1127.86
1129.85
1135.3
1136.84
1137.69
1138.67
1140
1140.91
1141.83
1142.47
1108.06
1110.26
1113.14
1115.65
1118.02
1120.26
1123.64
1122.53
1122.38
1123.16
1087.74
1090.11
1092.58
1094.93
1096.94
1098.65
1099.67
1101.33
1102.48
1104.15
1067.17
1069.77
1072.25
1074.4
1076.53
1078.35
1079.75
1080.99
1082.08
1083.41
1047.8
1050.23
1052.54
1054.65
1056.67
1058.4
1059.56
1061.63
1062.54
1063.53
1029.57
1031.94
1034.1
1036.13
1037.89
1039.17
1041.3
1042.67
1043.44
1044.14
1012.69
1014.39
1015.98
1017.53
1019.59
1021.73
1022.73
1023.58
1024.35
1025
994.66
996.824
999.267
1001.3
1002.23
1002.89
1003.83
1004.68
1005.42
1006.04
978.225
980.079
981.385
982.4
983.363
984.237
985.127
985.864
986.537
987.215
960.167
961.639
962.948
964.135
965.163
965.813
966.607
967.462
968.13
968.702
942.822
943.961
944.992
945.926
946.709
947.604
948.486
949.301
949.996
950.526
925.25
926.087
926.881
927.686
928.677
929.654
930.548
931.304
931.886
932.229
907.215
908.085
908.947
909.852
910.79
911.805
912.709
913.338
913.761
913.928
889.178
890.034
890.68
891.311
892.204
893.187
894.182
894.811
894.937
894.849
871.399
872.084
872.581
873.238
872.822
873.437
874.479
874.67
874.833
874.711
854.423
855.152
855.571
855.412
854.656
855.235
855.593
855.896
856.011
856.135
836.807
837.131
837.156
837.335
837.38
837.118
837.057
837.238
837.235
837.328
817.495
817.703
817.911
818.082
818.126
818.092
818.566
819.154
818.236
818.363
798.605
798.903
799.073
799.164
799.187
799.153
799.077
799.058
799.128
799.23
780.41
780.654
780.709
780.664
780.545
780.359
780.19
780.035
779.918
779.823
762.693
762.819
762.6
762.162
761.744
761.309
760.934
760.637
760.426
760.298
745.214
745.463
745.36
744.864
744.1
743.168
742.435
741.845
741.369
741
726.821
726.887
726.584
726.037
725.427
724.614
723.607
722.843
722.516
721.816
708.306
707.864
707.561
707.058
706.334
705.618
705.064
704.545
704.115
703.062
690.378
689.81
689.294
688.779
688.088
687.544
687.075
688.117
687.774
687.361
673.288
672.644
672.026
671.44
671.656
671.331
669.848
670.216
670.866
670.917
656.455
655.67
654.884
654.06
653.323
652.628
652.818
652.909
652.403
652.878
639.861
638.342
636.679
635.209
634.015
633.102
632.684
632.654
632.835
634.115
623.398
620.685
617.684
615.464
613.995
613.524
614.535
616.191
617.674
618.575
608.799
604.025
601.266
599.418
597.878
597.59
598.45
600.198
601.704
602.807
591.382
588.719
586.095
584.702
584.515
585.267
586.33
586.684
586.258
586.16
571.587
571.993
572.42
572.407
572.019
573.541
573.967
573.171
571.832
569.659
547.737
548.316
549.049
554.614
552.118
553.713
555.131
555.158
553.786
552.568
516.916
518.736
522.069
525.49
528.501
531.264
532.867
534.299
534.029
532.738
494.908
497.618
500.988
503.555
506.239
509.428
512.316
514.121
514.849
515.079
480.354
480.656
481.391
483.54
486.881
490.009
492.753
495.199
497.402
499.746
463.064
463.429
464.245
465.548
467.477
469.695
473.441
476.09
479.894
483.552
447.732
447.751
447.445
447.479
448.422
450.308
454.109
457.166
461.904
466.711
436.37
433.416
431.849
429.7
428.745
428.781
430.699
434.458
439.803
445.302
425.476
426.047
422.58
417.207
411.897
407.752
404.383
406.114
411.039
415.297
414.409
414.639
411.044
404.191
395.731
388.232
380.24
376.45
379.737
385.886
383.612
387.763
385.736
380.351
372.99
368.207
361.019
353.987
348.478
346.525
335.995
343.515
342.707
340.125
334.471
328.186
319.203
311.335
308.171
302.664
283.341
296.449
291.31
292.445
285.25
277.007
263.607
257.586
251.879
255.689
252.118
266.614
252.397
252.479
243.085
231.197
217.651
211.15
206.228
209.989
238.608
250.155
237.67
237.083
219.252
208.499
201.003
194.797
196.239
199.484
234.876
243.161
230.202
228.637
213.648
209.29
201.513
202.446
205.214
213.025
231.171
239.976
226.08
226.248
218.064
217.563
212.594
217.423
219.899
223.262
223.349
232.967
223.042
225.944
218.202
222.051
222.836
230.546
233.438
226.74
215.066
230.793
222.577
225.897
225.742
225.457
231.761
226.411
243.98
226.784
212.418
236.918
226.128
227.925
226.92
225.84
226.227
226.259
225.587
225.499
204.309
231.864
221.709
221.744
221.816
223.399
223.331
225.399
225.821
223.721
191.713
207.123
208.436
206.766
212.385
216.812
219.988
221.306
231.371
221.243
182.222
183.077
187.632
191.3
196.771
203.023
209.697
214.923
218.893
217.804
158.889
163.098
170.142
176.544
183.73
189.64
192.628
196.517
200.029
203.661
145.887
148.948
154.652
160.753
166.605
172.734
178.249
183.125
186.962
187.452
133.645
135.336
140.625
146.841
152.415
157.373
161.566
165.107
168.425
170.608
131.222
129.88
129.122
134.894
139.736
143.842
147.216
149.761
151.959
154.284
128.478
127.317
124.37
127.854
131.08
133.321
134.546
135.298
136.578
136.776
126.174
123.325
121.679
123.183
123.971
124.382
123.878
122.69
120.317
109.523
119.794
118.163
118.423
117.925
116.277
114.27
112.037
111.675
97.8674
75.1064
117.273
115.316
113.278
110.03
106.314
100.83
101.267
90.235
66.0078
32.8846
112.157
107.627
102.669
97.5366
92.0867
83.6551
80.9247
62.6297
33.7298
17.1911
99.3704
94.9789
90.304
84.2874
97.0452
73.8216
64.1127
42.6599
24.1847
15.8929
90.6188
87.5714
83.0054
78.0563
99.122
73.1106
52.2307
28.106
17.6002
18.7554
79.7864
84.6914
87.9809
83.8471
110.913
75.9859
46.9151
6.43155
2.98041
1.61509
73.6811
80.85
82.0208
81.7266
82.3827
85.991
25.6171
1.39545
-1.83242
-0.683824
71.4938
70.1538
72.075
73.3767
68.859
64.1855
5.17604
0.0871032
-1.96984
-1.39243
67.5273
64.8611
60.4495
66.2291
62.6192
51.1667
-0.747768
-1.06114
-1.25742
-1.2547
58.5567
55.3034
65.3046
86.5615
51.7137
47.4188
-1.72038
-1.45968
-1.48459
-1.38678
45.4041
49.8289
44.6969
82.4887
40.1159
43.6336
-1.6757
-1.47758
-1.47782
-1.45299
27.6132
25.6937
39.5141
49.9674
33.9481
38.3727
-1.55631
-1.4934
-1.47756
-1.48963
12.3297
3.39529
15.243
21.271
32.7839
32.7281
-1.60067
-1.53514
-1.52412
-1.52787
-2.23045
-1.1404
-0.147212
0.428572
24.8677
23.7622
-1.66816
-1.56786
-1.56888
-1.57135
-1.42967
-3.37628
-3.68263
-4.90137
21.6435
22.9814
-1.73113
-1.60947
-1.61112
-1.61211
-1.5597
-1.6617
-1.2401
-4.25291
23.347
20.0892
-1.70215
-1.64363
-1.64647
-1.64845
-1.64111
-1.68446
-1.42167
-2.55455
20.6815
20.4218
-1.59837
-1.68193
-1.68202
-1.68316
-1.58464
-1.54676
-1.54545
-1.43178
21.6842
18.4869
-1.6075
-1.71762
-1.71753
-1.71876
-1.55824
-1.54538
-1.56697
-1.54777
22.3939
16.2663
-1.72866
-1.75506
-1.75595
-1.75588
-1.56833
-1.55459
-1.54925
-1.60984
13.6525
23.2747
-1.97015
-1.81027
-1.80095
-1.79467
-1.58083
-1.56832
-1.54585
-1.73644
9.57713
24.6399
-2.13463
-1.8449
-1.83389
-1.82483
-1.60824
-1.59469
-1.57208
-1.78393
9.09836
20.5332
-1.98489
-1.8643
-1.84963
-1.84181
-1.64976
-1.62802
-1.61873
-1.67968
5.95798
18.1474
-1.69431
-1.86741
-1.85311
-1.84855
-1.69392
-1.6742
-1.66854
-1.56363
4.70592
14.7434
-1.88581
-1.86918
-1.85878
-1.85288
-1.73631
-1.72643
-1.7314
-1.64224
9.2344
5.09624
-2.2218
-1.84092
-1.86296
-1.85548
-1.7735
-1.771
-1.79319
-2.15054
6.43365
3.38559
-2.48763
-1.87814
-1.86892
-1.87038
-1.80077
-1.8005
-1.85909
-2.35134
1.75831
2.73543
-1.8675
-1.94232
-1.88159
-1.88028
-1.82357
-1.82422
-1.98625
-1.47585
0.339852
1.32399
-1.85458
-2.05259
-1.89648
-1.89333
-1.84874
-1.85326
-2.23073
-1.60083
-0.512636
0.158784
-1.08523
-2.28179
-1.90422
-1.90324
-1.87132
-1.86282
-3.0398
-1.67843
-1.05364
-0.852926
-1.68703
-3.41633
-1.90925
-1.91636
-1.89463
-2.32305
-4.14882
-2.20999
-1.65807
-2.23137
-3.38622
-4.74612
-2.45624
-1.92876
-1.91916
-4.15664
-5.91836
-5.92316
-5.78304
-5.55819
-5.20381
-5.15257
-3.92307
-1.93903
-2.69248
-9.49229
-12.6913
-14.5202
-15.3301
-15.419
-14.8964
-13.1464
-9.83799
-2.81916
1270.63
1271.9
1273.93
1275.93
1277.47
1278.48
1278.99
1279.55
1280.28
1280.98
1281.77
1282.19
1282.51
1283
1283.36
1283.66
1283.84
1284.68
1284.08
1283.56
1282.99
1282.31
1281.54
1281.11
1280.47
1279.95
1279.71
1279.62
1279.67
1279.86
1279.87
1279.67
1279.86
1280.24
1280.18
1280.2
1280.32
1279.21
1280.02
1280.29
1247.08
1248.75
1251.51
1254.29
1256.57
1258.18
1258.88
1259.51
1260.36
1261.21
1261.97
1262.54
1263.09
1263.51
1263.82
1264.28
1264.53
1264.62
1265.01
1263.83
1263.39
1262.64
1261.77
1261.08
1260.29
1259.78
1259.51
1259.43
1259.86
1260.01
1260.28
1260.06
1261.17
1261.92
1260.98
1260.81
1261.19
1260.58
1260.61
1260.61
1220.8
1223.87
1227.89
1231.48
1234.37
1236.44
1236.98
1237.99
1239.33
1240.55
1241.61
1242.44
1243.11
1243.62
1243.89
1244.26
1244.51
1244.43
1245.65
1244.39
1243.77
1243.08
1242.17
1240.83
1239.82
1238.96
1238.61
1238.68
1239.22
1239.99
1240.51
1241
1240.98
1240.94
1241.02
1240.93
1240.94
1240.96
1240.88
1240.87
1204.82
1205.19
1208.78
1211.94
1213.73
1216.85
1220.08
1217.07
1218.6
1220
1221.13
1222.06
1222.77
1223.36
1223.77
1224.07
1224.52
1224.7
1226.01
1224.43
1223.58
1222.71
1221.36
1219.76
1218.02
1217.25
1216.91
1216.01
1216.59
1217.74
1219.24
1220.36
1220.68
1220.75
1220.99
1221.44
1221.33
1221.02
1221.09
1221.17
1191.9
1192.5
1193.07
1195.78
1193.86
1196.33
1198.49
1197.41
1198.68
1199.93
1200.95
1201.82
1202.52
1203.07
1203.57
1203.87
1204.27
1204.68
1204.76
1204.16
1203.22
1202.1
1200.54
1199.28
1197.87
1197.01
1196.32
1196.44
1197.43
1196.92
1199.25
1200.5
1200.58
1201.26
1201.61
1202.17
1202.52
1202.11
1201.75
1201.8
1176.96
1178.22
1177.54
1181.24
1177
1178.33
1179.26
1179.63
1180.01
1180.72
1181.37
1181.98
1182.47
1182.87
1183.27
1183.46
1183.73
1184.02
1184.25
1183.96
1182.98
1181.99
1180.8
1179.91
1179.72
1178.77
1178.18
1178.19
1179.12
1178.45
1181.36
1181.78
1182.67
1181.33
1182.15
1182.82
1182.91
1183.56
1182.34
1182.29
1160
1160.61
1161.13
1162.75
1159.79
1162.28
1162.39
1162.05
1161.82
1161.9
1162.1
1162.34
1162.54
1162.87
1162.99
1162.99
1163.08
1163.09
1163.32
1163.23
1162.66
1162.36
1161.72
1161.25
1162.66
1162.08
1161.61
1161.55
1160.92
1162.15
1162.99
1162.65
1163.25
1162.63
1162.96
1163.22
1163.73
1162.98
1162.99
1162.99
1141.96
1142.54
1142.89
1143.09
1142.67
1143.48
1143.56
1143.11
1142.87
1142.8
1142.77
1142.78
1142.85
1142.9
1142.69
1142.57
1142.41
1142.09
1142.06
1145.04
1142.46
1142.81
1142.15
1142.18
1143.46
1142.54
1142.5
1142.78
1142.63
1142.81
1143.16
1143.37
1143.68
1143.4
1144.06
1143.74
1144.4
1143.64
1143.7
1143.85
1123.28
1123.54
1123.17
1123.15
1125.08
1125.42
1123.43
1123.5
1123.44
1123.33
1123.2
1123.09
1123.26
1122.91
1122.68
1122.33
1122.03
1121.55
1120.98
1124.78
1122.27
1121.75
1121.66
1121.62
1120.72
1121.77
1122.35
1122.87
1123.09
1123.28
1123.49
1123.45
1123.88
1123.75
1123.68
1123.98
1123.96
1124
1124.39
1124.8
1102.91
1103.5
1103.23
1103.21
1106.99
1104.13
1103.67
1103.81
1103.87
1103.81
1103.68
1103.5
1103.71
1103.14
1102.75
1102.29
1101.8
1101.55
1100.86
1100.95
1099.74
1099.8
1099.53
1099.29
1099.67
1100.77
1101.54
1102.34
1103.07
1103.54
1106.44
1105.16
1104.96
1105.02
1104.17
1104.21
1104.14
1103.75
1103.75
1104.09
1083.19
1083.66
1083.71
1083.89
1083.84
1083.99
1084.2
1084.33
1084.41
1084.33
1084.22
1084
1084.21
1083.48
1082.83
1082.12
1081.21
1080.55
1079.53
1080.27
1078.87
1078.52
1077.15
1076.17
1077.08
1078.91
1080.55
1082.11
1083.6
1084.83
1087.93
1086.21
1085.84
1086.09
1085.05
1084.38
1084.5
1083.8
1082.65
1083.42
1064
1064.28
1064.51
1064.59
1064.71
1064.87
1064.99
1065.03
1065.07
1064.96
1064.92
1064.74
1064.44
1063.92
1063.16
1062.05
1060.58
1059.76
1061.88
1062.55
1061.84
1059.01
1060.18
1059.79
1058.18
1059.57
1061.63
1063.25
1064.48
1065.68
1067.39
1066.71
1066.61
1066.53
1066.59
1066.58
1066.11
1065.18
1068.92
1066.75
1044.65
1045.06
1045.36
1045.48
1045.67
1045.83
1045.94
1046.03
1046.6
1046.64
1046.04
1045.89
1045.61
1045.13
1044.42
1043.35
1041.99
1042.76
1043.51
1044.18
1043.23
1042.9
1043.05
1043.12
1043.18
1043.47
1045.12
1046.55
1047.56
1048.56
1049.48
1048.26
1047.57
1048.43
1048.71
1048.57
1048.81
1049.09
1050.69
1048.99
1025.53
1025.99
1026.35
1026.52
1026.76
1026.95
1027.11
1027.39
1027.6
1027.7
1027.59
1027.45
1027.3
1027.05
1026.7
1026.19
1025.48
1026.93
1028.48
1029.42
1028.97
1028.58
1028.3
1028.13
1027.64
1027.73
1028.59
1029.83
1030.69
1031.3
1032.87
1031.96
1030.73
1032.22
1030.44
1032.12
1032
1032.11
1032.97
1034.86
1006.57
1007.14
1007.51
1007.75
1008.02
1008.25
1008.44
1008.68
1008.9
1009.01
1009.04
1009.06
1009.02
1009.06
1009.16
1009.36
1009.56
1010.83
1012.88
1014.22
1014.76
1014.4
1013.85
1012.33
1011.82
1011.58
1011.85
1012.11
1012.75
1012.83
1015.67
1013.61
1014.65
1014.2
1015.13
1015.56
1015.29
1015.41
1015.04
1015.56
987.798
988.341
988.709
989.032
989.3
989.561
989.819
990.009
990.163
990.301
990.444
990.49
990.49
990.713
991.049
991.552
992.206
993.363
994.738
995.513
995.925
995.366
994.701
994.339
994.147
993.637
993.835
993.842
994.279
994.716
995.297
995.825
994.443
995.484
994.622
995.934
995.817
995.433
995.49
995.868
969.306
969.794
970.195
970.522
970.777
970.97
971.097
971.238
971.408
971.375
971.885
971.92
971.644
971.885
972.297
972.772
973.349
974.123
974.933
975.504
975.717
975.576
975.441
975.265
975.02
974.875
975.011
975.033
975.039
975.526
975.577
977.637
976.391
976.135
976.074
976.066
976.245
976.595
976.577
976.791
950.951
951.41
951.798
952.118
952.351
952.515
952.606
952.612
952.598
952.452
952.758
953.037
952.587
952.852
953.111
953.464
953.918
954.385
954.855
955.218
955.389
955.5
955.537
955.518
955.496
955.552
955.819
955.864
955.804
956.136
956.275
956.822
957.294
956.684
956.905
957.096
957.318
957.562
957.78
957.958
932.542
932.879
933.155
933.394
933.548
933.603
933.6
933.504
933.497
933.492
933.247
933.336
933.454
933.689
933.918
934.167
934.367
934.585
934.801
935.031
935.236
935.385
935.5
935.63
935.752
935.875
936.308
936.351
936.382
936.63
936.84
936.977
937.084
937.267
937.572
937.927
938.302
938.695
938.994
939.185
913.972
914.05
914.122
914.164
914.131
914.106
914.036
914.073
914.277
913.701
913.644
913.656
913.791
914.05
914.413
914.586
914.726
914.826
914.843
914.921
915.085
915.27
915.486
915.699
915.902
916.125
916.347
916.604
916.812
917.056
917.283
917.458
917.659
917.886
918.225
918.724
919.241
919.799
920.183
920.408
894.695
894.555
894.453
894.266
894.014
894.587
894.786
894.406
894.019
893.926
893.675
893.552
893.653
893.834
894.184
894.373
894.583
894.76
894.689
894.679
894.784
894.999
895.296
895.64
895.963
896.266
896.569
896.876
897.175
897.471
897.754
897.999
898.266
899.142
898.984
899.638
900.263
900.958
901.417
901.646
874.991
875.082
874.81
874.748
875.128
875.331
875.074
874.525
874.098
873.485
872.877
872.638
872.871
873.121
873.336
873.652
873.883
873.989
873.795
873.976
874.326
874.746
875.151
875.613
876.058
876.43
876.823
877.177
877.526
877.871
878.248
878.704
879.287
879.849
880.342
880.746
881.376
882.129
882.528
882.692
856.333
856.412
856.361
856.23
855.924
855.856
855.589
854.722
853.45
852.384
851.875
852.456
852.292
852.727
853.012
853.379
853.446
853.749
852.511
852.87
853.707
854.512
855.229
855.886
856.418
856.878
857.247
857.57
857.953
858.359
858.795
859.439
860.032
860.623
861.294
861.75
862.397
863.024
863.356
863.385
837.538
837.376
837.466
837.499
837.428
837.224
836.87
836.046
835.75
836.285
836.462
836.447
836.016
834.62
834.897
834.486
835.238
835.815
834.696
833.249
833.989
834.998
835.904
836.627
837.113
837.401
837.616
837.878
838.242
838.786
839.318
840.053
840.755
841.313
841.905
842.283
843.309
843.634
843.711
843.627
818.458
818.476
818.516
818.616
818.727
818.786
818.691
818.433
818.384
818.602
819.226
819.842
819.707
819.157
818.949
818.817
818.877
818.926
818.015
815.631
815.954
816.495
817.083
817.671
817.726
817.647
817.638
817.892
818.328
818.843
819.353
820.03
821.032
821.169
821.788
822.579
823.354
823.665
823.257
823.036
799.317
799.268
799.321
799.542
799.942
800.399
800.733
800.981
801.708
802.207
802.218
801.871
801.319
801.01
801.092
802.018
802.127
800.117
798.73
797.36
796.936
797.082
797.414
797.595
797.442
797.302
797.326
797.609
798.047
798.626
799.271
799.714
800.032
800.305
800.587
801.444
802.02
801.794
801.72
801.629
779.834
779.987
780.151
780.482
780.925
781.39
781.877
782.439
783.035
783.819
784.472
784.543
784.063
782.602
781.169
780.261
779.844
779.327
778.2
777.032
776.017
777.937
777.318
776.746
776.799
776.84
776.988
777.468
778.155
778.767
779.281
779.429
779.505
779.017
778.123
781.027
779.247
779.42
779.557
780.078
760.25
760.268
760.569
760.66
761.097
761.681
761.861
762.271
762.596
762.843
763.172
762.539
761.777
760.689
760.109
759.682
759.291
758.819
758.02
757.092
756.937
759.208
759.859
757.72
757.149
757.259
757.726
758.601
759.202
759.423
759.331
759.372
759.246
758.811
758.7
761.011
761.013
759.757
759.424
759.767
740.075
739.269
739.687
740.158
740.645
741.119
741.307
741.276
740.77
739.971
738.828
737.069
736.137
736.889
737.244
738.13
738.449
738.38
737.951
738.421
739.384
739.954
740.304
739.429
739.429
739.364
740.182
740.51
740.601
740.567
740.349
740.227
739.827
739.598
740.106
740.891
741.083
740.585
741.32
740.577
721.174
721.369
719.374
719.679
720.18
720.629
720.806
720.56
719.719
718.451
716.987
714.653
717.086
718.214
716.555
717.815
718.57
718.75
718.908
719.869
722.218
721.903
721.964
722.018
721.224
720.878
722.09
722.64
722.271
721.729
721.49
721.495
721.281
722.08
722.572
723.047
723.321
723.13
722.78
722.734
704.186
703.913
700.395
700.613
700.985
700.972
700.681
700.198
699.704
698.923
697.974
696.218
696.905
697.352
697.9
698.499
699.021
699.39
699.785
700.189
700.995
702.237
702.249
701.633
704.312
702.285
703.195
703.314
703.194
703.024
703.008
703.211
703.356
704.179
705.002
705.603
705.727
705.234
704.954
705.253
687.342
686.795
684.537
684.039
683.183
682.154
681.077
679.733
678.935
678.49
679.025
678.996
678.552
679.198
679.782
678.795
679.268
680.29
679.327
680.367
682.458
682.199
682.473
682.103
682.18
682.759
683.789
684.238
684.217
684.197
684.336
684.69
684.976
686.151
688.319
688.948
686.736
685.963
685.849
686.219
670.572
670.922
669.629
667.473
665.833
664.329
662.062
659.591
658.615
658.362
657.809
659.3
659.846
659.805
661.618
661.956
660.218
660.324
662.648
662.986
665.494
663.754
665.197
664.615
664.5
664.552
664.363
664.686
664.594
664.623
665.136
665.542
665.674
665.906
668.147
666.89
666.264
666.277
666.011
666.072
653.832
654.186
652.886
654.06
651.996
646.821
643.977
640.805
637.838
636.898
637.106
637.229
637.165
639.796
640.234
643.106
643.734
643.349
645.394
646.23
645.888
650.2
647.146
647.082
647.288
647.32
647.46
647.469
647.011
645.34
645.805
646.535
646.763
646.916
646.774
646.837
646.716
646.553
645.968
647.469
636.082
637.615
638.969
636.368
632.182
629.015
625.493
622.308
619.966
618.076
616.923
615.727
616.315
618.341
619.794
621.678
624.197
625.395
627.584
630.583
627.835
630.822
630.608
629.78
630.357
630.363
630.234
630.082
629.894
627.833
627.463
627.838
627.844
627.708
627.438
627.249
626.98
626.945
627.978
628.344
619.697
619.39
618.28
616.947
613.982
610.635
606.567
602.181
598.667
595.518
595.782
596.179
597.07
598.74
600.402
602.439
604.976
606.81
608.107
609.105
609.929
610.845
611.36
611.422
611.336
611.889
613.242
611.628
610.301
609.815
608.949
608.781
608.524
608.145
607.734
607.278
607.057
607.263
607.98
608.291
601.569
601.488
600.308
597.937
594.87
590.831
584.813
578.287
572.713
570.511
572.184
575.781
578.242
579.992
581.787
584.327
586.988
589.282
591.032
592.047
592.033
592.268
591.822
592.154
591.919
591.876
591.299
591.161
591.02
590.568
589.994
589.541
589.054
588.493
587.872
587.259
586.956
586.934
587.387
587.676
584.683
582.873
580.757
578.527
575.815
571.808
564.093
554.049
550.797
553.499
554.909
556.588
559.34
561.938
564.382
566.89
569.455
571.769
574.009
575.499
576.768
576.06
574.597
573.447
572.448
571.697
571.88
571.593
571.305
571.377
571.256
570.01
569.473
568.811
567.982
566.807
565.662
565.719
566.218
566.285
567.323
564.949
562.312
560.2
557.282
554.226
548.417
541.172
540.881
542.274
543.52
543.97
543.624
547.077
548.232
550.014
552.085
554.302
556.323
557.817
556.619
554.73
552.227
551.333
551.203
551.042
550.626
551.5
551.211
552.905
553.008
551.342
550.504
549.732
548.609
546.66
545.549
548.555
546.42
547.033
550.148
546.874
544.218
541.532
538.943
535.629
534.251
533.989
532.141
535.634
535.456
535.616
534.226
532.586
530.847
533.77
534.607
537.913
535.554
534.883
532.646
529.111
527.494
527.274
528.044
529.747
530.662
531.66
531.137
534.061
534.048
533.847
532.969
531.603
530.629
528.567
529.263
530.21
529.138
530.22
531.247
529.154
526.42
524.801
525.752
522.705
521.357
523.478
525.428
524.793
526.077
527.224
526.573
526.095
526.05
525.238
520.463
516.303
517.539
517.398
515.531
512.379
510.398
509.637
509.832
510.237
511.142
511.865
514.002
514.387
515.739
515.429
515.335
516.902
516.307
514.637
511.382
511.241
515.407
517.222
514.444
513.67
514.785
516.071
515.626
514.764
513.862
512.039
514.242
516.768
518.024
515.798
515.93
517.365
516.638
515.969
513.489
504.798
505.671
503.523
501.713
499.68
497.711
496.74
496.538
496.514
496.156
496.517
497.335
498.396
497.024
498.804
498.442
497.506
501.42
495.726
496.35
498.158
502.331
501.542
501.319
504.887
506.822
506.259
505.844
504.625
503.416
503.123
502.679
496.572
500.208
500.558
502.082
504.504
501.458
497.842
497.41
494.357
489.966
489.118
488.904
487.584
485.611
484.886
483.694
483.853
483.473
483.321
483.292
483.133
480.956
481.991
479.664
480.316
481.8
481.625
484.425
481.987
483.038
483.113
486.352
488.805
493.065
495.197
494.722
492.999
491.334
489.688
488.471
488.772
487.231
479.406
484.526
484.097
482.821
483.315
482.6
487.382
480.829
475.864
474.47
475.355
473.645
472.082
471.047
470.533
469.598
469.351
468.825
467.372
465.019
463.101
463.039
463.147
463.057
465.094
468.175
466.516
465.99
467.125
470.762
473.059
473.72
473.391
474.113
472.596
470.502
468.403
465.782
463.106
462.163
460.81
463.178
461.456
462.763
468.025
468.699
466.099
462.809
465.631
467.358
467.263
464.263
460.938
460.667
462.453
462.942
458.503
456.389
452.742
449.916
448.897
448.27
446.125
445.958
451.8
457.167
453.901
455.694
455.973
449.291
450.366
450.605
450.408
449.805
448.245
445.998
444.01
441.897
440.219
439.809
438.815
437.444
435.827
431.531
434.716
435.486
439.283
444.757
446.007
450.302
453.587
452.924
453.189
453.046
448.561
448.76
445.164
446.799
444.217
438.584
430.924
431.961
432.445
431.822
436.184
439.596
443.905
445.989
450.318
421.351
420.344
419.042
420.01
420.521
419.057
418.26
418.038
417.698
417.674
418.11
418.287
418.22
417.422
415.13
422.475
423.206
415.515
419.129
421.47
424.278
427.489
431.71
437.558
437.585
428.727
431.049
429.503
427.548
427.634
426.8
422.929
421.585
424.869
425.865
431.748
432.559
434.506
436.253
437.326
383.266
397.017
385.89
383.602
388.438
389.839
392.259
392.048
393.566
394.978
395.978
396.595
397.143
398.485
401.336
404.02
404.346
401.626
396.114
399.447
402.843
404.11
403.785
405.042
405.27
403.863
404.794
405.258
405.076
405.036
404.681
409.239
408.815
418.962
416.376
420.038
421.766
422.92
424.834
426.26
347.509
347.38
349.77
350.503
353.99
360.313
365.205
368.816
371.884
374.266
375.632
376.519
378.385
381.707
386.823
388.638
388.761
384.947
379.676
378.152
377.679
378.074
379.317
381.455
381.136
380.868
380.641
380.927
381.422
382.429
383.946
387.213
389.919
397.063
400.218
405.756
408.762
410.012
412.836
412.874
306.167
297.866
307.095
316.937
325.487
333.288
341.696
346.714
350.908
354.085
356.335
359.385
362.166
366.311
368.027
370.31
372.903
370.617
367.207
364.296
361.638
360.806
359.92
358.474
357.96
356.923
356.471
356.687
358.107
360.346
363.455
367.101
370.878
377.11
383.792
389.531
393.898
397.205
401.125
403.686
254.545
256
268.382
287.537
303.361
312.515
320.938
325.687
330.217
333.494
336.513
344.183
347.526
347.838
353.469
358.637
357.365
354.233
349.705
346.575
347.72
344.331
344.862
344.377
342.295
339.363
338.032
335.933
333.434
336.579
341.058
346.556
353.797
359.808
364.602
369.397
372.404
380.169
387.369
391.919
219.099
231.28
249.686
270.789
287.819
296.545
303.674
308.069
310.084
311.782
314.911
328.844
333.145
331.426
337.932
339.559
341.422
340.376
334.585
341.771
342.188
336.063
330.32
327.831
323.853
318.156
311.65
306.087
304.595
312.569
323.114
331.971
337.177
342.045
345.437
349.656
351.148
371.391
374.287
383.857
211.074
228.81
246.998
263.05
275.56
285.167
289.917
290.398
290.656
289.778
290.358
295.306
306.544
317.171
319.639
331.166
334.733
325.539
329.178
327.195
328.989
327.024
320.238
314.395
309.849
304.075
297.605
296.599
304.343
309.963
312.097
318.863
326.645
326.281
332.448
340.787
348.316
357.354
363.096
367.769
223.645
234.275
244.693
259.202
270.612
275.303
276.896
276.673
275.226
273.621
273.661
279.078
284.26
292.274
301.737
308.002
308.135
309.909
317.108
311.636
321.883
309.077
304.06
301.622
298.795
298.332
300.647
300.719
302.45
304.756
306.843
308.448
310.254
314.936
322.787
329.269
334.863
346.323
350.529
348.717
227.702
235.982
247.569
257.591
262.792
265.405
266.893
266.75
268.086
269.016
269.509
271.574
275.849
281.37
285.281
287.054
291.704
295.657
298.225
298.445
298.819
298.224
295.352
293.161
292.765
296.589
298.907
300.13
301.535
302.849
304.645
306.19
308.308
311.869
315.89
318.619
319.531
327.312
330.23
329.069
232.052
237.462
244.772
250.113
253.658
257.271
260.308
263.337
272.781
273.302
274.758
277.287
279.117
279.826
279.175
278.187
281.066
285.639
288.989
290.44
290.923
290.327
289.051
288.727
289.115
292.75
297.387
298.264
299.49
300.53
301.742
302.747
304.209
305.763
304.219
304.99
305.183
308.221
309.784
310.896
229.559
232.649
237.845
242.944
247.04
251.819
257.066
263.796
272.876
274.735
276.949
279.604
280.881
280.803
279.79
278.548
278.413
280.042
282.026
283.046
283.218
283.249
283.663
284.199
285.94
287.933
289.184
292.72
296.059
297.065
295.413
293.854
293.189
293.854
296.037
296.998
296.741
296.045
294.608
296.54
226.653
227.473
231.043
235.785
240.554
246.743
254.254
261.966
271.142
277.705
280.883
282.133
281.769
280.565
278.768
277
275.328
273.225
273.895
274.88
275.534
275.978
277.174
276.494
277.315
278.501
278.49
278.743
279.443
280.767
280.746
279.861
278.074
276.595
275.597
276.994
277.922
278.122
277.031
275.558
222.174
223.827
221.403
223.429
230.696
238.87
248.581
258.371
267.739
274.532
279.68
281.706
281.277
279.998
277.444
273.982
270.905
266.068
266.716
267.145
266.409
267.663
264.833
264.91
265.567
266.301
267.011
268.224
269.571
270.601
268.815
263.552
259.836
257.146
253.682
250.526
253.311
257.962
253.163
252.324
219.946
216.446
213.148
213.618
219.462
228.901
240.064
251.265
261.437
270.167
275.738
275.376
276.605
275.936
273.418
270.819
262.082
258.007
256.967
254.929
255.726
254.726
252.862
251.164
250.998
251.512
251.512
251.965
252.951
253.52
251.331
249.659
246.608
243.442
239.253
236.941
243.626
242.023
241.847
250.798
213.366
207.563
203.256
204.06
207.881
215.884
228.098
241.255
253.249
264.592
272.725
274.511
271.448
266.594
262.54
257.183
252.191
248.278
245.063
242
239.435
237.053
234.935
234.256
234.422
234.855
235.891
236.401
235.918
237.441
235.424
235.132
233.497
231.312
228.646
226.926
232.155
233.377
233.928
239.341
202.534
196.959
190.407
189.418
190.933
196.989
209.363
225.62
241.503
255.191
269.884
276.33
271.189
264.212
256.667
249.516
242.384
236.269
231.59
227.326
223.155
219.766
217.338
215.657
215.211
214.907
214.939
215.503
216.409
217.501
219.092
219.876
220.07
219.44
217.881
216.569
220.49
224.965
225.517
229.877
182.025
181.561
177.08
170.124
171.166
173.039
183.625
203.252
224.894
245.56
264.045
271.537
266.727
258.123
248.385
237.865
230.625
223.911
215.006
209.206
203.447
198.117
193.451
190.372
189.476
190.52
192.065
193.957
196.074
198.644
202.363
205.148
206.951
208.037
208.488
208.703
213.438
214.597
215.45
222.367
170.776
168.625
162.926
158.517
152.323
148.565
155.377
176.579
203.892
233.034
257.927
261.81
256.262
243.808
231.932
221.878
214.914
207.376
200.353
195.419
190.197
184.005
177.253
175.354
173.396
171.98
171.156
170.817
172.544
176.745
181.586
187.112
190.906
193.743
196.056
196.659
204.761
202.09
207.047
210.573
156.132
156.648
151.05
145.026
138.786
130.922
129.516
145.169
167.287
192.837
221.684
230.539
228.305
218.83
208.809
200.069
193.053
183.214
176.321
169.755
164.413
158.811
155.757
151.985
149.618
149.108
147.575
146.93
146.77
151.839
160.29
167.497
172.479
175.405
177.952
179.927
184.375
186.571
192.764
195.274
136.1
126.783
118.128
103.57
87.6927
88.1297
73.8925
79.3772
80.4824
90.6044
107.841
140.729
162.793
169.326
169.424
163.569
157.845
150.874
144.985
140.951
137.782
133.751
129.71
128.463
125.36
126.053
125.307
127.17
131.819
136.229
142.754
153.009
157.647
159.589
161.646
165.375
168.836
172.277
175.945
180.659
93.0144
72.5788
49.6278
28.0964
18.3405
9.94218
7.23542
10.6166
15.8522
31.2521
47.6459
62.0201
91.9912
110.586
119.464
118.205
118.323
115.074
110.468
107.283
105.748
102.851
109.909
96.8971
100.916
103.432
103.772
104.73
113.056
121.15
128.265
135.685
141.369
142.745
147.109
150.718
153.522
155.505
157.795
167.35
43.7233
17.6801
5.06124
2.15107
-5.04943
-11.2551
-13.8436
-12.2581
-5.68055
4.76
14.186
25.6295
54.3643
73.1896
83.9005
86.6792
88.9644
87.1486
83.5975
82.6921
84.943
85.1449
88.4035
86.7955
85.5372
89.3837
93.5232
95.9937
98.6047
108.925
115.302
119.11
123.324
127.411
132.131
133.832
136.376
138.215
140.684
149.335
12.9981
6.41381
3.88115
-0.163595
-6.63314
-12.4626
-14.9856
-15.7913
-11.723
-2.37773
6.47007
27.2029
46.3372
59.2166
67.0618
71.8143
73.124
73.0116
72.4631
72.1862
71.4709
69.7413
73.5706
75.9548
77.7326
80.084
81.9857
87.1062
88.8589
92.7026
98.7292
101.934
104.638
108.079
112.78
113.983
115.622
119.667
122.103
128.204
9.59844
4.53925
0.0413835
-1.79622
-4.46418
-5.7466
-5.19365
-3.25376
1.46808
13.5094
28.662
41.9963
50.9315
56.6601
60.8618
63.5305
62.8552
64.0359
59.7097
51.6515
46.5053
48.0597
56.7791
62.3693
60.4425
67.9515
72.6964
86.0287
78.0323
74.8804
77.6214
79.9832
84.4481
85.8425
86.3834
90.6457
92.7276
95.0634
97.5503
105.163
11.8508
3.36817
7.75879
13.3089
10.5925
8.53618
10.3363
13.9034
21.4732
31.1759
40.2474
45.4133
48.5003
50.2973
50.1725
49.145
49.5155
50.4016
46.5827
32.4044
32.9399
35.0554
33.9394
33.6124
41.9275
52.7562
59.3195
60.2013
56.5554
64.3128
62.911
62.656
63.3931
64.8939
65.3401
65.4536
65.1366
68.1478
70.4386
77.8619
-3.2299
9.86529
10.4138
9.7618
11.6377
13.3219
13.9021
15.1439
17.2092
21.8494
23.114
23.8205
25.3234
27.1907
32.1648
37.0875
41.7367
42.2906
35.4116
23.0309
17.3545
14.166
15.2988
26.8855
34.7263
41.5664
42.5906
44.7912
45.9261
48.0638
50.0141
48.1801
47.5244
44.4672
45.7194
46.1939
46.3335
51.039
54.8484
59.1247
-0.799318
-0.683121
-0.828338
-3.50258
-3.39034
-4.05467
2.27329
6.64397
9.93371
12.6941
13.0746
7.63899
2.16093
4.06549
11.9085
17.1349
19.6491
22.8792
21.7095
15.9641
12.2196
10.9587
9.60603
18.1874
24.8452
27.7027
33.0162
36.2902
36.5339
32.1925
34.2321
33.6549
32.5442
33.4665
34.9514
36.5725
40.5253
47.0602
45.9426
50.0168
-0.0793559
-1.92911
-0.945984
-0.726561
-0.586109
-2.39314
-8.71187
-6.15727
-4.27215
0.790817
5.01533
3.82396
-0.760178
-2.22541
0.866005
1.86094
0.129109
-0.679405
0.804427
4.53009
9.18897
5.11654
16.1135
8.55378
20.8156
25.8475
23.0076
21.1949
20.9927
21.4097
17.9664
17.994
17.5787
20.5306
21.4708
23.9104
27.4988
29.4692
32.5557
33.1699
-1.33209
-1.31247
-1.20973
-1.05428
-1.02348
-1.67112
-3.57873
-0.269539
0.0261944
-0.856374
-3.71909
-1.241
-0.726105
-1.10058
-1.25679
-1.31492
-1.33059
-1.30015
-1.37893
-1.37313
-0.691007
1.99006
1.55513
1.2761
0.365521
1.76817
4.24403
4.69252
2.67126
0.163477
0.22868
2.28829
2.89952
3.20119
5.09408
6.69025
8.56228
10.8552
13.7272
15.0793
-1.33407
-1.31728
-1.28673
-1.27593
-1.29104
-0.925348
6.12664
10.8768
11.5993
8.47316
-1.14863
-1.22754
-1.32358
-1.36073
-1.38234
-1.38587
-1.40009
-1.42458
-1.43802
-1.42809
-1.44575
-1.41957
-1.27687
-1.45936
-1.44476
-1.45979
-1.46745
-1.46678
-1.45648
-1.42593
-1.37382
-1.31684
-1.30721
-1.20673
-1.00099
-0.6991
-0.139818
0.632162
1.5695
2.95398
-1.38024
-1.37144
-1.36958
-1.41474
-1.46185
-1.45477
-1.16259
1.32073
13.8056
11.2238
-1.41312
-1.43498
-1.41363
-1.41603
-1.42158
-1.42654
-1.43049
-1.43727
-1.44759
-1.45595
-1.46094
-1.46621
-1.4793
-1.48245
-1.48246
-1.48419
-1.48104
-1.47296
-1.47027
-1.46697
-1.46598
-1.46555
-1.46564
-1.46417
-1.4652
-1.46408
-1.46264
-1.461
-1.46039
-1.46103
-1.45101
-1.45152
-1.44931
-1.46705
-1.49257
-1.53749
-1.55469
-1.64119
-1.73376
-1.7974
-1.69039
-1.54558
-1.48473
-1.47077
-1.46727
-1.46778
-1.47025
-1.47469
-1.4806
-1.48642
-1.49206
-1.49531
-1.49931
-1.50036
-1.50067
-1.50378
-1.50235
-1.50216
-1.49621
-1.49233
-1.4895
-1.48264
-1.4815
-1.48184
-1.48618
-1.48785
-1.48876
-1.49322
-1.49291
-1.49284
-1.49156
-1.48916
-1.47056
-1.47876
-1.48421
-1.50926
-1.22903
-1.54806
-1.60691
-1.67012
-1.64306
-1.60584
-1.57408
-1.55825
-1.54635
-1.53171
-1.52748
-1.52839
-1.52786
-1.5304
-1.52564
-1.52804
-1.52118
-1.5219
-1.52085
-1.52065
-1.5228
-1.52156
-1.51992
-1.51944
-1.51984
-1.51892
-1.51806
-1.49904
-1.51629
-1.51574
-1.51351
-1.51084
-1.50665
-1.50509
-1.52553
-1.5204
-1.5142
-1.53439
-1.51975
-1.52304
-1.43522
-1.54267
-1.57837
-1.65173
-1.69587
-1.71628
-1.72713
-1.73198
-1.72848
-1.70881
-1.67133
-1.62653
-1.59746
-1.58394
-1.57537
-1.57644
-1.56391
-1.55436
-1.54663
-1.54404
-1.54745
-1.547
-1.54654
-1.54606
-1.54579
-1.54551
-1.54516
-1.53906
-1.52908
-1.52569
-1.52193
-1.52451
-1.52352
-1.52154
-1.57174
-1.55771
-1.56451
-1.59186
-1.57507
-1.55214
-1.59644
-1.60672
-1.63999
-1.71314
-1.79222
-1.8662
-1.88116
-1.8886
-1.86669
-1.85404
-1.79672
-1.74024
-1.68637
-1.64977
-1.62978
-1.6202
-1.60912
-1.59947
-1.59098
-1.58472
-1.58088
-1.57828
-1.57662
-1.57565
-1.57513
-1.57429
-1.57274
-1.57077
-1.56739
-1.56013
-1.54512
-1.55238
-1.54955
-1.54647
-1.61591
-1.61523
-1.62643
-1.63433
-1.6343
-1.60522
-1.64667
-1.67009
-1.71002
-1.77019
-1.84825
-1.93423
-1.94983
-1.95143
-1.93035
-1.90203
-1.85987
-1.82048
-1.76753
-1.68231
-1.67768
-1.66289
-1.64798
-1.63635
-1.62716
-1.62017
-1.61539
-1.6122
-1.61002
-1.60849
-1.60733
-1.60586
-1.6034
-1.59974
-1.59549
-1.5936
-1.5654
-1.57984
-1.57648
-1.57465
-1.65101
-1.65448
-1.65924
-1.66434
-1.66529
-1.68069
-1.69334
-1.71529
-1.75223
-1.80191
-1.86122
-1.91958
-1.95012
-1.95432
-1.94102
-1.91148
-1.86801
-1.83003
-1.79853
-1.71089
-1.70704
-1.69225
-1.6778
-1.66641
-1.65772
-1.65261
-1.649
-1.64656
-1.64473
-1.64339
-1.64238
-1.641
-1.638
-1.63311
-1.62852
-1.6266
-1.58544
-1.60453
-1.60161
-1.60077
-1.68493
-1.6877
-1.69102
-1.69494
-1.69964
-1.70861
-1.71894
-1.73532
-1.76128
-1.79398
-1.82932
-1.86293
-1.88618
-1.89157
-1.88414
-1.86701
-1.83955
-1.80981
-1.78466
-1.71456
-1.72715
-1.70978
-1.69784
-1.68882
-1.68205
-1.67708
-1.67397
-1.67283
-1.67334
-1.67478
-1.67595
-1.6752
-1.67011
-1.66357
-1.65792
-1.65524
-1.61537
-1.63599
-1.63125
-1.63067
-1.71954
-1.72044
-1.72214
-1.72475
-1.72742
-1.73092
-1.73667
-1.74472
-1.7595
-1.77896
-1.79879
-1.81221
-1.82068
-1.82292
-1.81921
-1.80795
-1.79259
-1.77851
-1.74516
-1.73275
-1.7296
-1.71782
-1.70868
-1.70121
-1.69695
-1.69338
-1.69113
-1.69081
-1.69116
-1.69394
-1.69621
-1.69854
-1.69595
-1.69134
-1.68608
-1.6721
-1.67061
-1.66657
-1.66224
-1.66077
-1.75495
-1.75433
-1.75407
-1.75478
-1.75661
-1.75928
-1.76211
-1.76686
-1.77473
-1.78473
-1.7916
-1.78969
-1.78405
-1.7768
-1.76734
-1.75631
-1.74609
-1.73906
-1.72285
-1.73492
-1.72676
-1.71954
-1.71374
-1.70998
-1.70831
-1.70421
-1.69118
-1.70146
-1.70739
-1.70972
-1.71201
-1.71265
-1.71994
-1.71574
-1.70304
-1.69346
-1.69806
-1.69479
-1.69127
-1.68604
-1.78978
-1.78698
-1.78631
-1.78774
-1.79077
-1.79597
-1.80274
-1.8095
-1.81584
-1.81938
-1.81583
-1.80241
-1.782
-1.75947
-1.73776
-1.72366
-1.72073
-1.71703
-1.73222
-1.73172
-1.72899
-1.72535
-1.72229
-1.72102
-1.72154
-1.72031
-1.71586
-1.71544
-1.71603
-1.72172
-1.72629
-1.72847
-1.73254
-1.73402
-1.73179
-1.72659
-1.72226
-1.71776
-1.71426
-1.70649
-1.81746
-1.81304
-1.81143
-1.81258
-1.81638
-1.82279
-1.83195
-1.83873
-1.84299
-1.84127
-1.8302
-1.81042
-1.78679
-1.76261
-1.74647
-1.7266
-1.72048
-1.74127
-1.74112
-1.74044
-1.73952
-1.73804
-1.73622
-1.73502
-1.7345
-1.73431
-1.73348
-1.73846
-1.73848
-1.74128
-1.7437
-1.74774
-1.7471
-1.74566
-1.7435
-1.74209
-1.73683
-1.73273
-1.73494
-1.72916
-1.83492
-1.83029
-1.828
-1.82794
-1.82988
-1.83372
-1.8387
-1.84197
-1.84268
-1.83784
-1.82645
-1.81168
-1.79478
-1.7807
-1.76225
-1.74288
-1.76145
-1.759
-1.75673
-1.75527
-1.75406
-1.75313
-1.75267
-1.75208
-1.75188
-1.75217
-1.75264
-1.75577
-1.75725
-1.76038
-1.76348
-1.76501
-1.7636
-1.76226
-1.76111
-1.76103
-1.75542
-1.7544
-1.75234
-1.75067
-1.84414
-1.84061
-1.83825
-1.83701
-1.83674
-1.83722
-1.83782
-1.8375
-1.83467
-1.82849
-1.81918
-1.80862
-1.79879
-1.79081
-1.78029
-1.78186
-1.77803
-1.77504
-1.77369
-1.77227
-1.77122
-1.77052
-1.77015
-1.76986
-1.76985
-1.77022
-1.77094
-1.77287
-1.77333
-1.77569
-1.77987
-1.78213
-1.78042
-1.7827
-1.77956
-1.7769
-1.77487
-1.77258
-1.77332
-1.76469
-1.85103
-1.84848
-1.84629
-1.84447
-1.84292
-1.84142
-1.83959
-1.83674
-1.8323
-1.8262
-1.81873
-1.8109
-1.80382
-1.79742
-1.79471
-1.79315
-1.79253
-1.79235
-1.79123
-1.79021
-1.78939
-1.78892
-1.7886
-1.78816
-1.78854
-1.78881
-1.78937
-1.79044
-1.79128
-1.78854
-1.79019
-1.79084
-1.78988
-1.7966
-1.79436
-1.79185
-1.79007
-1.7903
-1.78763
-1.78905
-1.85807
-1.8559
-1.85461
-1.85301
-1.85114
-1.84889
-1.84615
-1.84287
-1.83881
-1.83385
-1.8284
-1.82299
-1.81803
-1.8138
-1.81144
-1.81082
-1.8097
-1.81161
-1.81034
-1.80925
-1.80845
-1.80787
-1.80736
-1.80725
-1.80758
-1.8083
-1.80809
-1.80906
-1.81061
-1.81226
-1.81074
-1.80739
-1.81396
-1.81285
-1.80968
-1.8069
-1.80639
-1.80534
-1.80635
-1.80676
-1.8688
-1.86711
-1.86545
-1.86363
-1.8616
-1.85929
-1.85663
-1.85361
-1.8502
-1.84651
-1.84275
-1.83918
-1.83603
-1.83352
-1.8315
-1.82986
-1.83061
-1.8299
-1.82917
-1.82828
-1.82747
-1.82685
-1.82629
-1.8262
-1.82638
-1.82306
-1.82373
-1.82874
-1.82877
-1.83007
-1.8316
-1.83206
-1.83104
-1.82902
-1.8267
-1.82513
-1.82193
-1.82205
-1.82349
-1.8236
-1.87962
-1.87837
-1.87691
-1.87527
-1.87342
-1.87137
-1.86909
-1.86661
-1.86396
-1.86124
-1.85858
-1.85616
-1.85409
-1.85241
-1.85031
-1.84856
-1.85004
-1.84833
-1.84787
-1.84715
-1.84658
-1.84624
-1.84604
-1.84619
-1.84636
-1.84364
-1.84505
-1.84736
-1.8483
-1.84908
-1.84961
-1.8496
-1.84895
-1.84766
-1.84617
-1.84499
-1.84281
-1.84256
-1.84292
-1.84293
-1.89179
-1.89035
-1.88897
-1.88755
-1.88601
-1.88434
-1.88254
-1.88063
-1.87866
-1.87668
-1.87478
-1.87307
-1.8716
-1.87038
-1.86934
-1.86881
-1.86804
-1.86735
-1.86579
-1.86595
-1.86566
-1.86579
-1.86616
-1.86691
-1.86773
-1.8637
-1.86658
-1.8679
-1.86837
-1.86896
-1.86939
-1.86936
-1.86881
-1.86778
-1.86594
-1.86472
-1.86371
-1.86263
-1.86246
-1.86134
-1.90258
-1.90211
-1.90133
-1.90032
-1.89918
-1.89791
-1.89656
-1.89515
-1.89372
-1.8923
-1.89095
-1.88972
-1.88865
-1.88775
-1.88699
-1.88638
-1.88518
-1.88314
-1.8829
-1.88323
-1.8842
-1.88504
-1.88616
-1.88703
-1.88761
-1.88854
-1.88721
-1.89031
-1.88947
-1.88922
-1.88905
-1.88857
-1.88805
-1.88742
-1.88593
-1.88444
-1.88353
-1.88245
-1.88187
-1.88155
-1.91429
-1.91468
-1.91423
-1.91361
-1.91281
-1.91189
-1.91091
-1.9099
-1.90888
-1.90789
-1.90696
-1.90612
-1.90539
-1.90478
-1.90428
-1.90396
-1.90362
-1.90227
-1.90207
-1.90242
-1.90322
-1.90474
-1.90703
-1.9084
-1.91031
-1.90987
-1.90883
-1.90789
-1.90552
-1.90636
-1.90123
-1.90435
-1.9056
-1.90488
-1.90426
-1.90331
-1.90213
-1.90136
-1.90099
-1.90022
-1.93306
-1.93036
-1.92918
-1.92808
-1.92713
-1.92628
-1.92552
-1.92481
-1.92412
-1.92346
-1.92285
-1.92231
-1.92186
-1.92152
-1.92138
-1.92142
-1.92166
-1.92169
-1.92144
-1.92173
-1.92299
-1.92546
-1.92974
-1.92889
-1.93621
-1.93865
-1.93824
-1.93463
-1.92916
-1.92436
-1.92122
-1.92023
-1.92242
-1.9222
-1.92163
-1.92106
-1.92033
-1.91945
-1.91895
-1.91764
-1.9399
-1.94078
-1.94085
-1.94087
-1.94077
-1.94052
-1.94014
-1.9397
-1.93929
-1.93891
-1.93858
-1.93831
-1.9381
-1.93797
-1.93796
-1.93816
-1.9386
-1.93925
-1.9402
-1.94181
-1.94404
-1.94801
-1.95524
-1.96493
-1.98153
-1.98794
-1.98612
-1.96774
-1.95089
-1.94808
-1.94456
-1.94275
-1.94152
-1.94046
-1.93964
-1.93892
-1.93825
-1.93774
-1.93722
-1.93675
-1.96223
-1.96075
-1.95873
-1.95744
-1.95647
-1.95578
-1.95529
-1.95492
-1.95465
-1.95446
-1.95433
-1.95427
-1.95427
-1.95438
-1.95463
-1.95517
-1.95619
-1.95789
-1.96064
-1.96493
-1.97288
-1.98805
-2.00482
-2.02833
-2.0558
-2.06645
-2.05982
-2.03123
-1.99935
-1.98458
-1.97255
-1.96578
-1.96208
-1.9596
-1.958
-1.95701
-1.95646
-1.95622
-1.95599
-1.95663
1269.21
1270.21
1271.11
1272.21
1273.59
1275.33
1277.97
1280.53
1284.75
1286.37
1286.65
1285.9
1283.97
1280.84
1277.07
1274.78
1271.98
1269.05
1266.59
1264.58
1262.83
1261.07
1259.97
1261.04
1260.13
1259.57
1259.24
1259.15
1259.56
1258.3
1258.12
1259.23
1260.38
1261.74
1263.1
1264.5
1266.38
1269.02
1270.23
1272.24
1251.95
1250.36
1248.42
1248.26
1249.37
1251.7
1254.56
1258.19
1262.1
1264.59
1265.96
1265.2
1263.57
1261.08
1256.19
1252.82
1249.94
1247.59
1245.63
1243.99
1242.58
1241.37
1240.88
1240.71
1241.8
1241.98
1241.69
1240.99
1239.27
1239.2
1239.04
1239.92
1240.93
1241.79
1243.38
1244.65
1246.01
1247.89
1249.24
1250.51
1235.62
1234.25
1231.56
1224.77
1224.69
1227.41
1231.75
1234.3
1236.85
1240.74
1241.66
1240.89
1238.63
1233.93
1232.73
1228.4
1226.1
1224.88
1223.62
1222.56
1221.52
1220.76
1220.37
1220.07
1220.02
1219.73
1219.14
1218.44
1217.68
1217.3
1217.44
1218.44
1219.59
1220.67
1222.52
1224.21
1225.67
1227.11
1228.34
1229.51
1218.67
1217.72
1216.54
1214.08
1210.02
1212.48
1212.86
1213.36
1213.89
1216.52
1216.56
1215
1212.81
1210.11
1206.62
1207.36
1205.71
1202.79
1201.44
1200.89
1198.79
1197.33
1197.35
1197.48
1197.28
1196.76
1196.01
1195.1
1194.29
1193.91
1194.24
1195.13
1196.59
1198.48
1200.62
1202.68
1204.44
1206.06
1207.29
1208.3
1203.6
1202.92
1202.56
1201.32
1199.48
1200.69
1199.77
1198.03
1196.44
1195.07
1192.71
1190.9
1188.75
1186.68
1184.16
1182.52
1182.33
1181.63
1180.36
1179.47
1178.94
1175.94
1173.84
1173.96
1173.83
1173.19
1172.47
1171.44
1170.32
1169.95
1169.94
1170.79
1172.6
1175.09
1177.83
1180.54
1182.89
1185.09
1186.26
1186.79
1186.26
1185.95
1185.07
1184
1184.56
1184.42
1181.5
1179.75
1176.86
1172.71
1172.34
1168.47
1166.14
1164.18
1162.3
1161.03
1160.98
1161.67
1161.48
1160.98
1160.56
1159.67
1156.13
1152.96
1151.15
1149.33
1147.83
1146.96
1145.96
1146.27
1146.81
1147.42
1149.26
1151.86
1154.87
1157.97
1161.69
1164.01
1165.3
1166.01
1163.6
1164.1
1163.97
1164.86
1164.88
1164.41
1162.28
1158.36
1156.2
1153.37
1149.12
1146.07
1143.66
1141.83
1140.63
1140.33
1141.89
1144.03
1144.54
1144.76
1144.64
1141.21
1136.4
1132.37
1128.82
1125.2
1122.03
1123.28
1124.82
1122.13
1122.97
1124.08
1126.18
1128.77
1132.19
1136.15
1139.98
1142.35
1144.53
1145.89
1142.79
1142.14
1141.75
1142.7
1143.45
1142.92
1141.57
1140.17
1140.11
1131.82
1129.03
1125.84
1122.87
1120.71
1119.45
1119.17
1120.29
1127.83
1123.71
1124.57
1123.36
1120.47
1116.19
1111.32
1106.68
1101.58
1097.55
1099.94
1100.88
1098.4
1099.69
1100.85
1102.72
1105.37
1108.88
1114.1
1117.85
1120.9
1123.82
1125.97
1120.84
1119.21
1119.54
1119.9
1120.64
1120.05
1120.79
1120.91
1114.19
1113
1110.09
1106.66
1103.13
1100.68
1099.47
1099.27
1100.16
1100.82
1101.47
1101.67
1100.49
1098.38
1094.63
1089.82
1085.44
1080.59
1076.23
1075.73
1076.8
1075.62
1076.28
1077.34
1078.81
1081.58
1085.64
1090.62
1095.2
1099.52
1102.98
1105.76
1099.32
1098.67
1098.99
1097.33
1097.97
1097.16
1101.21
1100.21
1095.19
1093.24
1090.5
1087.45
1084.6
1083.26
1082.78
1081.78
1081.98
1081.9
1081.1
1079.63
1078
1075.51
1072.26
1068.03
1063.54
1058.68
1054.04
1052.59
1052.7
1052.25
1051.69
1051.77
1052.61
1055.68
1060.79
1066.89
1072.95
1077.93
1081.95
1085.23
1078
1077.62
1076.71
1074.91
1074.64
1074.14
1079.74
1076.3
1074.3
1072.57
1069.96
1067.71
1065.94
1065.27
1065.23
1064.87
1063.98
1062.3
1060.63
1058.33
1056.73
1054.69
1051.63
1047.61
1043.31
1038.67
1034.71
1033.19
1031.86
1030.84
1029.72
1028.62
1028.76
1032.63
1039.17
1045.75
1051.63
1056.77
1061.1
1064.38
1056.53
1054.14
1052.51
1051.16
1050.04
1049.2
1055.53
1051.44
1050.36
1048.4
1045.57
1044.15
1043.21
1042.69
1043.22
1042.79
1042.05
1040.5
1038.64
1037.06
1035.83
1034.65
1032.41
1029.02
1025.31
1021.59
1018.29
1016.52
1014.65
1013.63
1012.69
1011.23
1012.1
1016.44
1022.02
1027.56
1032.76
1037.36
1041.48
1044.97
1027.67
1027.51
1025.95
1023.68
1021.73
1019.85
1025.18
1021.87
1023.89
1020.16
1015.52
1013.88
1015.87
1017.8
1019.42
1020.04
1019.99
1019.55
1017.77
1016.85
1017.71
1016.8
1014.4
1011.77
1009.07
1006.4
1003.75
1001.27
999.887
999.974
999.563
999.042
1000.57
1004.85
1008.76
1013.12
1017.25
1021.16
1023.7
1026.74
1003.12
1001.23
998.257
993.854
992.268
992.296
995.169
995.931
996.789
993.402
996.868
987.935
989.458
994.063
997.486
999.659
1000.43
1000.35
999.902
998.864
999.943
999.766
997.969
995.876
993.846
991.827
989.73
987.956
987.133
986.797
987.04
988.191
990.821
995.064
999.111
1003.14
1006.88
1009.34
1009.11
1010.74
983.949
982.926
976.827
973.9
979.467
978.264
979.531
983.045
976.345
976.318
974.782
971.441
970.374
975.85
979.537
981.929
983.222
983.258
982.961
982.304
983.072
983.26
981.936
980.608
979.186
977.584
976.138
975.152
974.635
974.167
974.226
975.086
977.008
981.705
984.565
987.683
990.02
990.947
991.279
992.699
971.43
971.782
961.515
960.232
959.82
960.424
964.846
969.736
963.795
964.395
964.108
962.262
958.979
960.955
963.613
965.383
966.541
966.336
966.159
965.756
965.424
966.758
966.341
965.513
964.336
963.189
962.173
961.303
960.839
960.914
961.659
963.034
963.96
970.615
968.103
971.652
972.896
973.289
974.381
976.322
958.554
959.624
950.073
951.962
952.34
953.198
953.863
953.173
953.405
953.105
952.106
948.972
946.711
947.754
948.939
949.757
950.009
949.9
949.632
948.877
947.817
949.572
949.892
950.001
949.034
947.988
946.962
946.298
946.159
946.512
947.442
948.734
950.184
954.799
952.995
954.516
955.193
955.659
957.611
958.551
939.148
940.582
936.182
937.984
940.839
941.079
942.136
942.2
940.05
937.095
935.043
933.83
932.802
932.867
933.274
933.855
933.79
935.024
933.416
932.507
930.87
932.184
932.448
932.103
931.369
931.047
930.315
929.764
929.872
930.504
931.751
933.264
934.917
936.206
937.462
938.693
939.534
940.64
941.533
941.613
919.107
916.508
914.778
912.692
915.024
917.681
923.08
924.079
921.653
918.817
916.819
915.588
914.846
914.654
915.268
916.505
916.753
918.902
916.535
915.808
914.504
914.285
914.823
914.362
913.609
913.405
912.6
911.959
911.495
913.135
914.933
916.674
918.505
920.705
921.47
922.277
923.917
923.511
923.557
924.298
893.614
891.344
889.628
887.224
886.353
887.285
891.298
895.784
897.009
896.416
894.947
894.508
895.945
895.365
895.907
898.186
899.312
899.24
899.15
897.286
897.19
896.667
897.447
896.916
896.089
895.223
894.552
895.158
895.815
896.776
898.646
899.54
902.552
902.984
902.212
903.156
903.81
904.747
905.621
906.397
867.214
866.677
863.627
860.771
857.239
854.069
855.182
866.474
870.219
872.729
874.396
875.675
877.413
878.433
877.339
880.143
882.534
880.187
883.363
881.118
878.538
879.489
879.494
880.083
880.01
879.249
879.036
879.32
880.121
881.037
882.215
883.159
884.654
885.605
882.414
884.101
885.339
886.343
887.21
888.152
852.49
854.027
848.989
848.092
845.579
842.697
842.943
849.574
850.983
853.598
854.224
855.521
856.902
858.066
857.553
861.756
863.14
862.779
861.418
861.834
859.707
859.762
860.577
861.799
858.949
860.116
861.453
861.193
862.316
863.474
864.415
865.807
868.707
866.244
866.319
866.736
867.506
868.399
869.362
870.503
842.269
842.834
839.281
841.945
841.347
838.611
832.073
830.801
832.587
833.367
833.724
832.302
832.828
834.132
833.923
836.105
846.237
842.201
845.218
840.429
840.429
839.974
838.575
840.839
839.371
838.903
841.112
842.398
844.057
846.268
847.6
850.516
851.251
847.772
849.161
848.975
849.354
850.808
852.039
853.418
828.922
826.669
826.1
824.523
821.616
816.486
812.55
809.834
808.296
812.271
808.581
807.043
807.024
806.777
806.831
815.435
825.282
817.719
822.941
824.267
820.028
819.726
819.114
818.963
816.944
818.42
821.359
822.786
823.545
826.263
828.515
833.459
829.589
830.352
830.679
831.74
831.815
833.077
834.682
835.633
812.752
809.583
807.68
804.438
798.53
792.722
787.036
783.295
781.376
781.04
780.763
780.62
780.913
780.737
782.127
791.658
799.425
799.92
800.251
802.381
800.11
801.535
798.26
797.872
795.363
801.176
800.881
803.961
803.848
805.418
808.977
810.506
811.544
811.68
812.824
813.528
813.928
814.616
815.994
817.01
800.152
788.163
785.385
780.34
773.603
764.78
765.223
760.43
756.555
754.998
755.147
756.191
757.026
759.263
765.803
775.816
784.599
786.706
785.098
785.754
784.34
782.54
781.228
780.067
783.098
785.426
786.267
786.641
788.139
788.593
787.56
791.807
792.314
794.337
795.39
795.95
795.975
796.68
797.468
798.137
786.389
770.944
768.437
757.839
753.843
752.277
750.471
742.8
738.126
735.994
737.01
740.449
743.055
749.785
757.437
765.368
771.659
771.159
770.733
770.039
769.592
769.325
768.724
770.743
771.931
772.74
773.499
774.066
773.801
772.063
770.3
772.145
773.95
775.243
776.371
777.159
777.948
778.704
779.354
779.97
759.41
760.891
750.787
747.634
743.62
740.954
738.822
735.253
730.178
728.165
729.192
733.095
737.139
742.41
747.863
751.334
755.267
755.188
754.965
754.639
754.893
755.338
755.801
756.856
759.811
760.345
760.569
760.718
759.826
758.213
755.989
755.853
757.101
758.033
758.756
759.388
760.032
760.799
761.536
762.246
751.459
748.136
744.391
741.132
737.616
734.304
731.373
732.137
723.911
723.882
726.243
727.258
727.808
729.404
735.314
737.496
737.715
738.264
738.715
738.951
739.33
740.337
741.83
743.412
744.989
745.157
746.948
747.235
746.501
743.901
740.733
741.073
741.129
741.449
741.331
741.389
741.764
742.694
743.796
744.809
741.599
738.097
736.29
733.581
729.195
725.306
722.688
725.487
714.57
717.157
716.207
707.547
712.921
714.781
716.837
716.814
717.494
718.545
720.429
721.907
722.725
723.412
724.465
726.156
727.491
728.139
728.127
727.783
727.349
725.335
724.718
724.015
723.051
722.527
723.135
724.142
726.207
725.073
725.546
726.127
733.011
730.086
726.005
721.561
715.427
711.84
706.424
699.363
701.316
694.556
702.481
690.723
693.016
693.954
694.686
695.343
695.761
696.14
697.698
699.585
700.828
702.101
704.452
707.108
708.666
709.395
709.403
708.998
708.447
707.64
706.868
705.941
707.015
706.304
707.256
708.5
709.929
710.182
709.916
708.52
725.804
722.136
715.651
708.313
701.264
694.563
690.768
686.14
680.878
676.987
673.159
674.268
671.662
669.549
669.984
669.996
670.365
672.43
674.467
677.495
680.855
684.136
686.948
689.235
691.031
691.795
691.296
690.393
689.591
688.274
689.53
690.441
691.129
691.083
690.401
692.518
692.606
695.536
691.651
691.03
716.48
709.813
701.04
692.129
683.653
675.608
672.34
669.161
664.106
655.349
653.849
647.771
644.113
644.035
643.494
645.832
651.84
657.691
663.26
665.789
667.378
668.828
669.145
670.323
671.366
672.447
672.109
671.63
671.353
670.734
671.983
672.592
673.548
674.845
675.392
675.945
676.18
675.637
674.915
674.113
699.783
693.458
683.949
673.611
664.147
655.484
648.582
642.799
637.769
629.936
621.792
623.669
622.907
622.651
623.719
627.664
634.513
641.661
647.394
651.699
654.464
656.497
657.075
651.666
648.428
649.706
651.222
652.588
651.348
649.982
650.669
653.618
655.386
656.652
657.788
659.054
660.081
659.484
658.362
657.228
676.204
670.228
661.159
649.313
638.849
628.053
618.118
609.709
603.397
602.798
606.539
606.597
606.809
606.769
607.429
609.092
613.694
619.924
624.619
627.45
629.033
626.466
626.116
622.739
622.071
621.395
625.986
627.833
628.887
627.72
631.134
632.945
635.212
637.752
640.376
643.064
641.996
642.336
641.669
640.905
641.362
636.51
627.83
616.63
606.351
596.683
588.33
581.306
580.13
586.049
588.464
590.5
592.341
591.764
589.519
587.557
590.465
592.398
592.109
590.884
588.258
584.017
581.177
575.314
580.921
576.761
587.581
593.737
598.326
604.487
610.308
617.426
623.446
627.542
630.946
628.383
628.278
628.372
627.009
625.793
593.881
590.466
580.909
570.599
561.291
540.477
533.965
535.579
542.985
551.417
559.372
560.421
570.052
563.177
560.605
554.316
549.521
548.318
543.37
536.698
526.059
517.394
518.753
522.033
536.223
531.187
543.66
552.357
563.081
577.476
591.993
604.146
611.819
615.785
618.64
617.512
618.108
615.889
615.364
612.045
550.1
545.751
535.442
523.065
520.426
511.925
503.463
500.279
498.008
492.216
500.517
512.662
516.348
525.026
527.395
518.637
525.614
514.764
509.088
495.035
485.811
491.333
490.539
482.45
489.645
494.863
502.443
513.766
532.425
552.335
571.479
584.894
592.026
595.933
599.641
601.416
600.711
603.317
599.545
596.894
521.485
514.925
507.149
497.51
491.079
489.745
478.764
480.082
481.901
484.454
480.012
486.204
484.312
495.901
499.493
512.381
506.912
506.184
504.829
487.736
486.465
483.59
479.842
472.483
475.314
481.477
486.2
496.752
514.591
532.872
549.262
560.562
566.686
572.219
576.162
577.378
579.419
579.847
576.152
573.923
503.208
498.001
493.262
487.705
481.196
477.861
477.826
481.774
483.033
481.776
485.161
485.355
485.293
489.913
497.108
498.858
495.322
500.258
495.638
487.551
499.426
490.669
492.779
491.407
489.024
487.486
495.981
502.803
511.118
520.378
528.26
536.214
541.644
545.575
548.199
549.504
553.083
547.638
547.754
547.56
500.998
497.141
496.167
489.615
484.106
479.642
476.341
481.93
483.932
484.573
487.267
488.639
490.445
491.592
492.82
490.395
498.219
491.405
492.693
492.552
507.01
494.151
496.521
494.337
491.176
490.434
497.852
500.867
501.144
506.273
511.442
515.696
518.189
520.016
521.089
521.549
521.047
518.543
517.356
516.802
503.372
500.478
500.165
494.358
491.773
487.806
484.258
486.124
486.52
486.393
488.216
488.523
488.966
488.757
489.474
489.291
494.591
483.083
484.168
483.052
491.26
484.767
484.238
483.999
482.435
481.587
482.842
483.78
486.711
489.87
492.779
495.479
496.983
498.178
499.312
498.634
496.499
493.963
493.255
493.916
495.971
495.419
495.172
493.187
492.523
492
488.303
485.669
485.018
483.528
483.983
485.295
487.122
485.295
481.55
485.025
480.411
475.684
473.112
470.239
474.082
471.196
469.746
470.08
468.798
468.526
469.261
469.93
470.501
471.958
473.799
475.809
477.527
478.735
479.453
479.141
478.164
476.964
477.21
479.495
482.255
483.371
483.771
483.826
483.182
481.245
479.011
477.77
476.902
476.467
476.521
476.651
492.373
478.672
472.186
469.789
462.973
459.525
455.512
453.702
454.855
454.683
454.487
453.706
453.548
452.845
452.911
452.878
455.777
453.733
455.223
457.346
459.37
461.106
462.217
462.736
462.671
462.56
462.398
462.84
467.579
467.733
467.786
468.419
468.894
468.26
467.317
466.367
465.781
466.086
466.133
467.903
465.221
463.518
457.835
449.496
445.823
441.614
435.39
435.496
436.278
436.985
437.76
436.459
436.257
435.64
435.699
436.892
437.26
437.145
437.637
440.284
442.755
444.382
446.993
448.334
448.969
448.942
448.582
448.145
451.332
450.062
446.659
446.948
449.865
451.511
452.41
452.24
451.76
451.377
451.021
465.448
453.728
450.999
441.109
435.102
429.387
421.891
416.604
417.486
417.662
418.123
418.143
417.624
417.646
417.892
418.83
419.469
419.446
419.848
420.974
421.715
425.434
425.934
430.943
433.495
435.485
436.57
437.019
435.679
438.713
436.146
438.498
435.219
434.286
438.503
441.576
442.811
443.028
443.729
444.445
461.848
442.685
438.496
424.867
420.089
415.263
401.447
398.901
399.477
399.314
399.168
396.896
398.074
399.484
400.223
399.751
400.788
401.36
401.79
401.793
402.557
404.385
406.647
410.34
414.586
418.645
421.567
425.207
425.776
432.768
432.722
430.684
427.99
425.592
428.229
431.733
434.267
434.397
433.376
432.505
443.442
427.605
417.528
409.703
401.975
394.497
383.96
382.278
382.264
382.032
381.195
379.215
379.754
380.318
380.655
380.71
380.961
382.031
383.588
380.226
381.275
382.511
384.21
386.726
390.859
395.748
399.571
404.665
409.256
423.827
423.75
419.549
415.895
413.772
413.354
414.941
417.114
417.218
415.444
418.638
415.344
410.837
400.273
396.845
388.687
374.878
366.912
366.167
366.531
366.612
365.796
364.674
362.398
363.221
363.583
363.553
363.151
362.362
361.102
359.917
359.038
357.851
357.042
357.198
358.488
359.832
362.266
368.338
376.962
408.017
406.99
403.8
399.059
394.19
392.396
397.85
400.346
398.417
408.226
405.429
399.289
398.296
386.852
383.801
377.771
358.968
354.97
353.624
353.328
352.877
352.573
352.341
350.48
349.927
350.466
349.48
347.222
344.536
341.343
338.298
335.492
331.081
325.829
319.428
315.166
310.716
308.658
310.829
321.674
391.649
388.893
385.699
381.388
378.146
382.419
383.024
383.898
387.248
389.881
386.849
387.245
381.066
376.947
369.487
369.928
349.934
348.248
345.947
344.313
342.305
341.473
342.114
342.524
341.942
340.806
335.513
331.373
327.069
321.551
316.008
309.348
298.974
288.856
278.04
267.471
264.198
265.564
266.972
266.189
377.533
376.332
374.522
371.489
369.778
372.77
373.07
372.54
372.627
372.521
370.033
378.897
366.089
364.927
357.46
359.937
343.975
343.701
341.051
339.372
337.022
335.282
333.941
332.644
330.741
328.697
322.697
315.903
309.314
302.331
293.537
283.809
271.867
257.426
248.642
248.324
250.752
251.73
253.629
254.358
364.101
362.978
361.313
360.568
360.695
362.947
360.914
359.484
358.269
357.449
357.397
365.021
352.925
351.186
345.566
348.979
341.765
337.867
336.111
334.073
331.562
329.188
325.938
322.418
318.214
313.236
307.351
299.645
292.399
284.903
276.112
264.749
251.394
239.495
240.111
240.262
240.21
240.423
241.101
240.809
344.051
341.893
340.513
340.37
343.296
348.303
345.339
345.085
343.166
342.217
343.715
349.572
339.725
339.506
337.683
334.598
332.403
329.194
329.351
327.727
325.861
322.765
318.585
314.152
308.842
302.05
293.05
285.659
280.079
272.375
262.108
249.929
237.529
231.741
230.776
227.98
226.264
226.735
228.687
229.968
310.5
302.929
303.176
311.888
320.779
328.086
326.976
328.029
327.527
325.522
326.774
327.999
324.657
326.935
326.542
319.415
319.346
318.669
318.38
319.474
318.748
316.547
313.535
308.982
303.29
297.576
287.069
276.721
268.794
261.276
251.896
241.237
228.365
217.166
213.103
211.274
212.427
215.858
219.762
222.668
286.378
295.365
283.434
283.023
297.974
305.325
310.581
311.682
312.412
309.202
307.569
307.246
305.538
303.944
303.463
305.956
306.64
305.596
308.527
309.301
308.07
308.508
307.375
304.288
299.257
290.458
276.445
264.455
254.827
246.075
237.422
228.895
221.479
214.653
207.408
204.383
206.759
210.266
214.005
216.978
273.085
286.515
279.701
281.033
287.055
292.461
298.698
300.502
301.207
298.419
292.083
289.95
287.451
285.67
285.044
285.843
288.171
290.965
291.577
293.544
293.781
291.374
288.774
285.452
277.163
267.526
256.721
247.291
238.281
229.586
221.774
216.432
215.645
213.66
204.228
201.147
203.224
206.079
208.89
211.253
275.423
286.47
281.452
282.629
284.972
287.966
291.186
295.385
297.531
293.743
280.675
275.777
271.984
270.146
270.656
272.468
273.071
273.096
273.362
273.009
273.21
271.174
266.868
260.54
253.997
245.958
237.443
228.999
219.931
211.911
207.821
205.454
202.454
199.878
197.168
197.547
199.213
201.545
204.658
208.573
295.173
282.421
283.379
276.122
281.661
282.532
282.996
278.869
279.295
278.336
271.043
265.814
262.457
260.424
258.653
257.959
257.743
258.001
252.623
248.734
250.836
249.654
245.886
240.837
234.113
226.827
220.068
213.36
205.006
209.567
209.492
206.216
203.107
200.227
196.881
194.58
198.716
204.462
205.354
211.302
287.857
277.688
279.468
279.135
271.176
269.15
268.611
270.734
272.03
270.826
265.399
260.109
255.172
250.795
248.375
246.174
242.995
237.526
235.828
225.417
219.669
228.108
224.782
218.392
213.247
207.848
203.113
199.829
193.295
200.973
202.334
200.775
198.996
198.1
195.465
194.187
200.611
201.795
195.042
215.477
272.506
270.314
272.203
272.165
271.377
271.802
270.236
262.724
260.38
257.62
254.04
250.276
245.935
241.253
236.828
232.742
228.766
223.105
221.252
219.321
205.895
208.583
207.959
206.939
198.489
192.832
189.093
184.446
181.066
178.445
180.404
182.517
181.119
178.125
175.633
177.082
179.407
180.635
178.832
204.916
251.754
251.876
255.379
258.888
262.52
256.892
251.974
247.901
246.692
248.879
244.947
238.416
233.735
228.225
222.282
215.962
209.815
204.988
202.342
200.351
197.772
195.61
191.678
189.954
186.17
181.097
175.857
171.365
168.621
167.443
168.057
166.908
165.079
160.785
159.573
157.096
157.878
159.725
158.377
159.115
232.532
233.18
234.439
235.506
235.971
234.662
232.763
229.816
227.383
224.98
223.304
220.949
215.709
209.544
203
196.768
189.776
185.809
186.783
187.499
187.371
186.953
182.316
181.472
175.147
172.395
169.217
166.222
162.135
156.753
154.955
152.722
150.043
146.629
141.244
140.713
144.167
138.161
140.188
143.707
214.301
212.983
217.339
218.168
218.082
215.886
212.82
209.626
206.527
204.13
201.457
198.327
193.628
187.038
180.542
175.54
171.818
169.561
172.612
175.252
176.503
177.131
172.902
176.14
166.075
164.253
156.212
153.085
149.513
146.125
142.127
139.264
137.078
133.42
130.655
131.974
134.703
136.108
135.984
135.843
194.243
193.653
192.601
193.843
194.894
193.156
190.471
187.308
183.73
180.666
177.475
173.238
169.682
163.247
161.32
156.075
158.869
158.914
162.699
164.047
164.239
163.637
159.171
156.98
151.184
145.899
140.644
137.042
134.245
131.199
128.892
125.709
125.769
127.089
126.877
127.985
129.789
130.797
131.152
131.277
176.009
175.606
175.866
176.007
172.617
168.241
166.81
164.542
162.463
159.224
156.361
153.822
151.135
146.875
140.946
141.797
143.429
148.703
157.966
157.764
151.508
150.324
146.06
142.522
138.93
133.278
126.211
120.52
118.485
117.831
122.311
123.202
123.684
124.088
124.324
125.008
126.001
127.254
128.097
128.304
157.461
156.35
155.458
154.202
152.698
152.556
150.173
143.057
141.008
138.195
138.719
142.663
141.865
134.807
131.09
128.546
130.648
137.183
152.927
147.414
138.433
136.829
134.192
131.503
127.302
121.416
115.369
110.375
107.662
110.614
113.955
116.71
118.982
120.471
121.823
122.991
123.977
125.163
125.813
126.247
133.439
133.135
132.79
131.446
129.213
126.305
124.716
122.617
119.927
121.468
121.435
122.8
120.337
119.612
118.832
117.593
116.779
116.958
117.853
121.039
123.017
122.948
122.641
119.961
120.022
121.886
118.278
112.763
110.93
112.181
115.643
117.986
118.997
119.709
120.589
121.287
122.408
123.262
123.803
125.244
110.069
109.785
109.085
107.625
105.444
102.994
101.473
100.632
98.4432
97.8863
98.0614
99.7239
103.02
104.098
102.431
99.7552
96.4819
94.4004
95.0862
99.7911
104.289
107.627
109.311
109.219
112.581
123.465
123.385
119.947
117.165
116.949
117.811
118.242
118.213
118.465
118.943
119.366
116.912
116.784
118.163
118.711
85.2574
84.924
84.9751
84.9265
83.8797
82.9114
84.341
80.1512
78.8431
76.2622
73.7672
70.9086
67.7891
69.0448
72.3075
74.7864
73.2187
69.3003
70.7288
79.3533
84.709
89.2296
91.592
93.195
96.5984
100.711
102.462
107.72
116.093
117.262
114.454
116.816
114.34
111.588
115.322
114.279
114.134
116.272
122.151
115.835
63.8502
62.213
63.3351
64.1259
63.7948
64.3631
65.9664
64.5897
63.5965
61.6996
56.4405
58.4291
64.437
58.3037
50.3866
54.0164
55.2971
57.0235
61.3108
65.0327
68.743
73.324
76.6528
80.0512
84.0719
88.4804
93.2938
98.9485
103.836
105.491
104.367
102.066
101.825
103.858
106.432
105.903
103.667
105.105
104.158
101.869
40.3976
40.065
40.288
40.7762
41.9996
43.7175
44.5661
42.9383
40.9052
40.7823
43.0283
52.3184
51.6071
50.9885
52.4426
52.3835
44.7773
48.5746
52.5313
54.5839
56.6609
58.6517
61.3555
64.601
68.7464
73.315
78.0716
82.7087
86.6093
89.3754
90.9583
90.3837
90.4478
91.6564
92.4117
92.8357
93.0527
93.9408
94.9726
93.4261
18.371
18.027
16.9085
17.1239
18.4382
19.9368
22.1677
24.023
25.2124
25.3839
31.1545
34.1665
41.3828
45.3191
42.4943
47.2993
33.2194
38.7395
41.1616
40.4875
40.9196
41.8209
43.8085
46.7741
50.7138
54.9347
59.5676
64.0957
68.4724
72.6831
75.6406
76.98
77.6228
78.2251
78.9477
80.3316
81.8075
83.0126
82.6193
79.8828
2.59107
2.39784
1.55861
2.34264
3.12826
3.04316
3.24016
3.28262
4.59495
2.69126
-0.943008
-0.238093
10.5032
26.3299
31.6876
36.5366
27.0467
29.2363
26.8102
26.3406
24.9861
24.6846
26.2339
28.8575
32.0717
36.2396
41.169
45.9951
50.843
54.9719
58.0969
60.3012
61.954
63.3554
65.3839
67.9555
70.4821
72.2388
71.9509
69.2421
-0.842938
-0.850585
-0.85222
-0.853211
-0.842024
-0.816821
-0.783728
-0.747645
-0.714041
-0.682503
-0.645275
-0.599143
-0.469879
-1.11486
9.06597
25.3404
27.1219
21.7864
24.6965
14.139
8.92581
4.68373
3.10714
5.98768
10.483
17.5907
24.0573
29.0171
34.2324
38.6681
42.3852
44.883
46.6273
48.8299
52.9992
57.439
60.9173
63.0447
67.8934
69.5802
-0.930199
-0.930156
-0.930928
-0.954995
-0.956224
-0.880176
-0.836416
-0.830819
-0.846858
-0.774449
-0.616019
-0.471511
-0.41364
-0.522988
2.35187
13.2803
24.5832
21.6654
10.2137
8.81294
6.31571
1.47875
-1.81038
-2.45332
0.592912
3.06001
8.14194
13.6184
19.2166
24.3611
28.4569
31.4561
33.9949
39.414
44.1346
50.6986
62.5219
66.0963
66.986
68.2295
-1.04206
-1.0836
-1.09145
-1.08053
-1.09461
-1.0907
-1.07938
-1.00917
-0.921964
-0.867686
-0.787958
-0.744621
-0.583539
-0.811711
-0.723393
-1.27388
-0.383243
1.33751
0.841851
1.96
0.251834
-1.23558
-0.857062
-0.956853
-0.967598
-1.03831
-1.33006
1.19814
3.68233
7.42425
14.5438
19.5623
22.3288
28.4404
31.6238
36.9417
40.1432
52.1443
58.7417
53.5469
-1.1831
-1.16521
-1.19004
-1.24836
-1.32725
-1.37424
-1.37312
-1.35259
-1.32771
-1.2919
-1.18771
-1.11248
-1.03864
-1.1927
-1.4595
-1.32635
-1.29395
-1.21663
-1.17334
-1.17907
-0.799981
-1.39632
-1.28607
-1.27045
-1.28317
-1.33219
-1.314
-1.21183
0.37276
0.392314
0.320112
2.64121
8.56108
15.9187
20.8154
24.192
27.0264
30.7763
34.4548
40.3953
-1.35145
-1.36653
-1.37646
-1.39009
-1.4128
-1.42577
-1.42972
-1.42227
-1.41588
-1.42622
-1.46682
-1.42709
-1.50011
-1.55983
-1.47072
-1.42964
-1.46409
-1.25576
-1.24383
-1.23679
-1.21238
-1.39924
-1.39168
-1.39454
-1.40298
-1.41414
-1.42332
-1.43803
-1.46861
-1.40793
-1.49197
-1.66786
0.337196
5.89248
12.7797
17.9427
21.5411
22.9303
24.0399
26.2589
-1.4058
-1.40667
-1.40833
-1.41297
-1.42518
-1.44586
-1.46741
-1.48391
-1.50407
-1.52932
-1.56302
-1.57381
-1.56267
-1.54772
-1.54525
-1.4823
-1.50581
-1.42521
-1.41744
-1.1568
-1.34624
-1.42869
-1.46254
-1.4912
-1.49866
-1.49541
-1.48787
-1.47634
-1.4559
-1.44439
-1.46303
-1.48487
-1.33109
-1.59847
2.97245
10.7051
12.8683
12.1387
11.4627
11.9386
-1.436
-1.43755
-1.44841
-1.46558
-1.49
-1.51917
-1.54834
-1.57128
-1.58792
-1.59588
-1.60603
-1.60446
-1.59423
-1.58551
-1.57388
-1.55549
-1.53945
-1.51396
-1.50718
-1.45438
-1.45804
-1.47702
-1.52675
-1.56059
-1.55914
-1.54845
-1.53316
-1.52002
-1.51368
-1.51347
-1.51995
-1.53391
-1.55334
-1.63414
-1.55889
0.234221
3.16051
4.4432
3.39841
-2.23328
-1.46998
-1.48087
-1.50351
-1.53512
-1.57004
-1.60213
-1.63267
-1.65577
-1.6688
-1.67518
-1.6777
-1.67068
-1.65438
-1.64539
-1.64329
-1.63804
-1.61832
-1.57034
-1.52733
-1.50358
-1.39961
-1.54717
-1.5678
-1.57866
-1.5787
-1.57031
-1.55771
-1.54593
-1.54153
-1.54611
-1.55705
-1.56916
-1.5794
-1.58141
-1.5579
-1.54979
-1.54275
-1.53086
-1.5076
-1.47038
-1.51881
-1.53583
-1.56515
-1.60198
-1.63956
-1.6725
-1.69988
-1.7133
-1.71871
-1.71896
-1.7167
-1.70539
-1.53295
-1.69107
-1.70362
-1.69628
-1.66646
-1.61809
-1.57791
-1.5449
-1.48371
-1.56974
-1.58185
-1.56799
-1.56768
-1.56733
-1.56452
-1.56043
-1.55304
-1.55541
-1.55871
-1.56178
-1.56638
-1.5727
-1.56733
-1.56978
-1.56388
-1.56216
-1.54984
-1.55132
-1.55989
-1.57539
-1.60644
-1.64153
-1.67311
-1.69866
-1.71721
-1.72639
-1.72568
-1.72919
-1.66722
-1.66
-1.70956
-1.69944
-1.69358
-1.6854
-1.64749
-1.62067
-1.59213
-1.52227
-1.52519
-1.58794
-1.58337
-1.56261
-1.55929
-1.5644
-1.56724
-1.56837
-1.56963
-1.56736
-1.57029
-1.57297
-1.57552
-1.57688
-1.57639
-1.57999
-1.57568
-1.57706
-1.57871
-1.60208
-1.56424
-1.5791
-1.612
-1.6481
-1.67872
-1.69987
-1.70632
-1.7209
-1.68655
-1.66579
-1.66361
-1.69155
-1.6894
-1.6843
-1.67316
-1.65153
-1.62098
-1.60841
-1.59773
-1.59792
-1.58911
-1.59118
-1.57463
-1.56415
-1.56279
-1.56824
-1.57301
-1.57649
-1.579
-1.58099
-1.58262
-1.58451
-1.5862
-1.589
-1.58976
-1.59117
-1.59131
-1.58798
-1.58074
-1.57539
-1.52798
-1.54507
-1.57824
-1.61642
-1.66411
-1.65551
-1.6649
-1.64693
-1.65703
-1.69746
-1.68724
-1.68578
-1.68267
-1.67471
-1.6636
-1.64911
-1.63522
-1.62501
-1.6218
-1.61887
-1.60737
-1.58934
-1.5767
-1.57191
-1.57454
-1.57974
-1.58439
-1.58785
-1.59026
-1.59418
-1.59654
-1.59807
-1.60059
-1.59964
-1.59888
-1.59846
-1.59531
-1.58857
-1.58218
-1.57108
-1.49666
-1.51043
-1.53774
-1.54868
-1.56522
-1.61124
-1.67076
-1.67875
-1.6933
-1.70329
-1.69939
-1.69203
-1.68703
-1.67854
-1.66598
-1.65249
-1.63928
-1.62902
-1.62088
-1.61257
-1.604
-1.59556
-1.59054
-1.59093
-1.59408
-1.59814
-1.60185
-1.60488
-1.60689
-1.60889
-1.6111
-1.61259
-1.61295
-1.61171
-1.6097
-1.60749
-1.60464
-1.59979
-1.58954
-1.58088
-1.52226
-1.53553
-1.56139
-1.56451
-1.61229
-1.64821
-1.67082
-1.68679
-1.69684
-1.70798
-1.71162
-1.70913
-1.70025
-1.68978
-1.67661
-1.66034
-1.64761
-1.63674
-1.62786
-1.62043
-1.61511
-1.6128
-1.61269
-1.6146
-1.61754
-1.62079
-1.62361
-1.62567
-1.62753
-1.62405
-1.62467
-1.62749
-1.62864
-1.6282
-1.6271
-1.62414
-1.62161
-1.61619
-1.60828
-1.59981
-1.58317
-1.59481
-1.61849
-1.61735
-1.66337
-1.67704
-1.69114
-1.71414
-1.72185
-1.72764
-1.7323
-1.72873
-1.72175
-1.7115
-1.69648
-1.67937
-1.66331
-1.65174
-1.6429
-1.63712
-1.63438
-1.63428
-1.63643
-1.63965
-1.64332
-1.64693
-1.651
-1.65218
-1.64957
-1.65258
-1.65457
-1.65544
-1.65505
-1.65275
-1.64938
-1.64695
-1.64188
-1.63849
-1.63007
-1.62187
-1.651
-1.65828
-1.67094
-1.6822
-1.68301
-1.71225
-1.72641
-1.73927
-1.75336
-1.76229
-1.7665
-1.77135
-1.75795
-1.72672
-1.71323
-1.70844
-1.68769
-1.67508
-1.66091
-1.65398
-1.65222
-1.65677
-1.66448
-1.66968
-1.67346
-1.67792
-1.68119
-1.68412
-1.68791
-1.69252
-1.6895
-1.68863
-1.68672
-1.68266
-1.67907
-1.67828
-1.67826
-1.66735
-1.6594
-1.65542
-1.70655
-1.71129
-1.72042
-1.7308
-1.74021
-1.74608
-1.7634
-1.7737
-1.78553
-1.79671
-1.80773
-1.81752
-1.81126
-1.77625
-1.75798
-1.74419
-1.72739
-1.70877
-1.69349
-1.68255
-1.681
-1.68758
-1.6943
-1.70226
-1.70649
-1.70538
-1.70884
-1.71828
-1.71253
-1.71937
-1.72138
-1.71926
-1.71874
-1.71281
-1.71636
-1.70986
-1.7062
-1.70757
-1.68732
-1.69421
-1.74981
-1.75409
-1.76105
-1.7696
-1.77776
-1.78569
-1.79393
-1.80492
-1.81533
-1.82602
-1.8358
-1.84301
-1.83918
-1.82491
-1.81443
-1.80371
-1.78788
-1.76814
-1.75233
-1.74236
-1.73782
-1.73658
-1.74465
-1.74778
-1.74796
-1.74974
-1.74958
-1.75073
-1.7497
-1.75061
-1.75141
-1.75033
-1.74632
-1.75135
-1.74838
-1.74524
-1.7418
-1.73925
-1.73648
-1.73306
-1.78229
-1.78574
-1.79192
-1.79934
-1.80712
-1.815
-1.82222
-1.83019
-1.83831
-1.84661
-1.85346
-1.85661
-1.85584
-1.84954
-1.8416
-1.83325
-1.82476
-1.81861
-1.8132
-1.7964
-1.78374
-1.78317
-1.788
-1.78609
-1.77816
-1.77821
-1.77836
-1.77784
-1.77716
-1.77734
-1.77731
-1.77737
-1.77321
-1.773
-1.78261
-1.77785
-1.77376
-1.77176
-1.77237
-1.77103
-1.80661
-1.80931
-1.81436
-1.82121
-1.82882
-1.8366
-1.8447
-1.85162
-1.85885
-1.86555
-1.87097
-1.87375
-1.87316
-1.86883
-1.86197
-1.85462
-1.84712
-1.84059
-1.83623
-1.83372
-1.82579
-1.82846
-1.82212
-1.81285
-1.80775
-1.80612
-1.80589
-1.80605
-1.80576
-1.80513
-1.80459
-1.80428
-1.80183
-1.80487
-1.80941
-1.80563
-1.80296
-1.80104
-1.80048
-1.79984
-1.82481
-1.82906
-1.83232
-1.83804
-1.8448
-1.85216
-1.85979
-1.86755
-1.87438
-1.8807
-1.88428
-1.88526
-1.88354
-1.87957
-1.87404
-1.86753
-1.86127
-1.85602
-1.85167
-1.85031
-1.84842
-1.8453
-1.84181
-1.83759
-1.83521
-1.83391
-1.83401
-1.83402
-1.83378
-1.83295
-1.83177
-1.83009
-1.83042
-1.83137
-1.83033
-1.82873
-1.82698
-1.82636
-1.82512
-1.82384
-1.84553
-1.84576
-1.84581
-1.84974
-1.85805
-1.86569
-1.87236
-1.87945
-1.88513
-1.88899
-1.8903
-1.88979
-1.88776
-1.88462
-1.88066
-1.87649
-1.87254
-1.86966
-1.86822
-1.86745
-1.86634
-1.86486
-1.86303
-1.86151
-1.86034
-1.85956
-1.85906
-1.85874
-1.85828
-1.85755
-1.8567
-1.85607
-1.85576
-1.855
-1.85375
-1.85256
-1.85155
-1.8505
-1.84932
-1.8484
-1.87461
-1.87336
-1.87344
-1.87401
-1.87737
-1.88146
-1.88795
-1.8961
-1.89844
-1.89911
-1.8984
-1.89655
-1.89399
-1.89155
-1.8893
-1.88746
-1.88626
-1.88618
-1.88646
-1.88629
-1.88602
-1.88554
-1.8847
-1.88394
-1.88325
-1.8826
-1.88203
-1.88152
-1.88102
-1.88035
-1.87963
-1.87898
-1.87846
-1.8779
-1.87711
-1.87623
-1.87524
-1.87425
-1.87275
-1.87067
-1.89961
-1.89863
-1.89851
-1.9001
-1.90453
-1.90466
-1.91441
-1.91888
-1.9177
-1.91501
-1.91151
-1.90775
-1.90453
-1.90243
-1.90157
-1.90158
-1.90319
-1.90471
-1.90588
-1.90664
-1.90704
-1.90707
-1.90684
-1.90647
-1.90603
-1.90557
-1.90506
-1.90449
-1.90393
-1.90333
-1.90279
-1.90238
-1.9021
-1.90181
-1.90147
-1.90108
-1.9007
-1.90053
-1.89985
-1.9029
-1.92422
-1.92382
-1.92413
-1.92559
-1.92838
-1.93168
-1.93547
-1.93875
-1.93903
-1.93671
-1.9324
-1.92707
-1.92285
-1.92083
-1.9194
-1.92253
-1.92484
-1.92681
-1.92811
-1.92896
-1.92944
-1.92965
-1.92964
-1.92946
-1.92914
-1.92873
-1.92828
-1.92781
-1.92731
-1.92686
-1.92648
-1.92619
-1.92599
-1.92578
-1.92551
-1.92513
-1.92466
-1.9241
-1.92359
-1.9219
-1.94976
-1.94971
-1.95013
-1.95106
-1.95286
-1.95567
-1.9594
-1.96249
-1.96247
-1.95956
-1.95551
-1.95245
-1.95044
-1.95036
-1.94783
-1.95056
-1.95043
-1.95159
-1.95231
-1.95282
-1.95315
-1.95329
-1.95325
-1.95307
-1.95277
-1.9524
-1.95198
-1.95154
-1.95115
-1.95084
-1.95067
-1.95062
-1.95062
-1.9507
-1.95091
-1.95133
-1.95216
-1.95353
-1.95622
-1.95923
)
;

boundaryField
{
    inlet
    {
        type            calculated;
        value           nonuniform List<scalar> 10(-293.935 -294.115 -294.253 -294.381 -294.44 -294.438 -294.38 -294.25 -294.113 -293.932);
    }
    inletWall
    {
        type            calculated;
        value           nonuniform List<scalar> 
30
(
-204.818
-224.871
-244.764
-264.503
-284.125
-118.497
-134.07
-150.586
-167.456
-184.5
-25.2019
-45.4826
-65.5595
-88.3813
-114.116
-204.816
-224.868
-244.761
-264.5
-284.122
-118.524
-134.055
-150.566
-167.467
-184.5
-24.9845
-45.4806
-65.57
-88.4433
-114.16
)
;
    }
    bottleWall
    {
        type            calculated;
        value           nonuniform List<scalar> 
290
(
1280.29
1260.61
1240.87
1221.17
1201.8
1182.29
1162.99
1143.85
1124.8
1104.09
1083.42
1066.75
1048.99
1034.86
1015.56
995.868
976.791
957.958
939.185
920.408
901.646
882.692
863.385
843.627
823.036
801.629
780.078
759.767
740.577
722.734
705.253
686.219
666.072
647.469
628.344
608.291
587.676
566.285
547.033
530.22
517.222
501.542
483.113
467.125
455.973
450.318
437.326
426.26
412.874
403.686
391.919
383.857
367.769
348.717
329.069
310.896
296.54
275.558
252.324
250.798
239.341
229.877
222.367
210.573
195.274
180.659
167.35
149.335
128.204
105.163
77.8619
59.1247
50.0168
33.1699
15.0793
2.95398
-1.46103
-1.49284
-1.50509
-1.52154
-1.54647
-1.57465
-1.60077
-1.63067
-1.66077
-1.68604
-1.70649
-1.72916
-1.75067
-1.76469
-1.78905
-1.80676
-1.8236
-1.84293
-1.86134
-1.88155
-1.90022
-1.91764
-1.93675
-1.95663
1280.4
1281.67
1283.7
1285.7
1287.25
1288.26
1288.78
1289.33
1290.06
1290.71
1291.45
1291.87
1292.25
1292.74
1293.1
1293.4
1293.57
1294.25
1293.67
1293.32
1292.75
1292.08
1291.28
1290.8
1290.16
1289.71
1289.48
1289.39
1289.43
1289.63
1289.63
1289.4
1288.94
1289.19
1289.14
1289.15
1289.27
1288.42
1289.45
1289.47
1283.49
1284.9
1286.04
1286.82
1286.36
1285.8
1284.85
1283.42
1281.77
1280.5
1278.35
1279.49
1280.4
1281.5
1282.87
1284.62
1287.25
1289.59
1292.77
1294.39
1294.66
1293.9
1291.97
1288.84
1285.28
1284.42
1281.77
1278.84
1276.38
1274.37
1272.62
1270.87
1269.07
1269.08
1268.15
1267.59
1267.26
1267.17
1267.59
1267.02
1267.89
1269.02
1270.17
1271.53
1272.89
1274.29
1276.04
1278.54
1279.92
1281.97
1269.21
1251.95
1235.62
1218.67
1203.6
1186.26
1163.6
1142.79
1120.84
1099.32
1078
1056.53
1027.67
1003.12
983.949
971.43
958.554
939.148
919.107
893.614
867.214
852.49
842.269
828.922
812.752
800.152
786.389
759.41
751.459
741.599
733.011
725.804
716.48
699.783
676.204
641.362
593.881
550.1
521.485
503.208
500.998
503.372
495.971
482.255
467.579
451.332
438.713
432.768
423.827
408.017
391.649
377.533
364.101
344.051
310.5
286.378
273.085
275.423
295.173
287.857
272.506
251.754
232.532
214.301
194.243
176.009
157.461
133.439
110.069
85.2574
63.8502
40.3976
18.371
2.59107
-0.842938
-0.930199
-1.04206
-1.1831
-1.35145
-1.4058
-1.436
-1.46998
-1.51881
-1.55989
-1.56424
-1.52798
-1.49666
-1.52226
-1.58317
-1.651
-1.70655
-1.74981
-1.78229
-1.80661
-1.82481
-1.84553
-1.87461
-1.89961
-1.92422
-1.94976
)
;
    }
    atmosphere
    {
        type            calculated;
        value           nonuniform List<scalar> 
80
(
-1.96676
-1.962
-1.962
-1.962
-1.962
-1.962
-1.962
-1.962
-1.962
-1.962
-1.962
-1.962
-1.962
-1.962
-1.962
-1.962
-1.962
-1.96201
-1.96205
-1.96252
-1.96202
-1.98984
-2.00136
-2.09354
-2.17305
-2.18933
-2.27705
-2.17151
-1.96557
-1.97499
-1.97262
-1.9693
-1.96723
-1.9657
-1.96481
-1.9643
-1.96399
-1.96362
-1.96262
-1.97265
-1.962
-1.96201
-1.9622
-1.96253
-1.96327
-1.96419
-1.96358
-1.97944
-1.9794
-1.97405
-1.96582
-1.96583
-1.96796
-1.98366
-1.96563
-1.9628
-1.96365
-1.96447
-1.96505
-1.96545
-1.9656
-1.96561
-1.96547
-1.96523
-1.96493
-1.96458
-1.9642
-1.9638
-1.96339
-1.96302
-1.96272
-1.96257
-1.96252
-1.96253
-1.96259
-1.9627
-1.9629
-1.96312
-1.96406
-1.96871
)
;
    }
    frontAndBack
    {
        type            empty;
    }
}


// ************************************************************************* //
