/*--------------------------------*- C++ -*----------------------------------*\
  =========                 |
  \\      /  F ield         | OpenFOAM: The Open Source CFD Toolbox
   \\    /   O peration     | Website:  https://openfoam.org
    \\  /    A nd           | Version:  8
     \\/     M anipulation  |
\*---------------------------------------------------------------------------*/
FoamFile
{
    version     2.0;
    format      ascii;
    class       volScalarField;
    location    "4.35";
    object      k;
}
// * * * * * * * * * * * * * * * * * * * * * * * * * * * * * * * * * * * * * //

dimensions      [0 2 -2 0 0 0 0];

internalField   nonuniform List<scalar> 
9150
(
0.00182762
0.000940821
0.000475445
0.000301325
0.000191934
0.000191892
0.000301289
0.000475385
0.000940708
0.00182764
0.00178492
0.000746644
0.000398729
0.00025662
0.000160509
0.000160476
0.000256583
0.000398683
0.000746551
0.00178493
0.00171344
0.00065133
0.000365731
0.00023654
0.00014791
0.000147884
0.000236509
0.000365696
0.000651255
0.00171344
0.00163487
0.000601294
0.000352601
0.000228485
0.000143108
0.000143087
0.000228459
0.000352573
0.000601235
0.00163487
0.0015514
0.000579783
0.000347819
0.000225651
0.000141601
0.000141581
0.000225629
0.000347795
0.000579734
0.0015514
0.00284705
0.00255268
0.00185041
0.00161273
0.00132473
0.00132562
0.00161542
0.00185531
0.00255949
0.00284806
0.00230442
0.00150261
0.00128001
0.00120694
0.000971056
0.00097139
0.00120812
0.00128215
0.00150394
0.00230439
0.00204938
0.00125157
0.000887376
0.00080591
0.000623449
0.000623536
0.000806369
0.000888106
0.00125179
0.00204931
0.00186762
0.00110999
0.000649188
0.000529328
0.000384987
0.00038498
0.000529448
0.000649365
0.00110988
0.00186758
0.00178733
0.00102059
0.000523828
0.000371345
0.000252077
0.000252041
0.000371343
0.000523814
0.00102044
0.00178732
0.0120342
0.0050578
0.00259629
0.00189339
0.0015343
0.00152933
0.00189444
0.00276007
0.00624271
0.0155657
0.00491475
0.00380377
0.00250528
0.00188874
0.00154066
0.00153802
0.00188873
0.00250442
0.00373227
0.00496058
0.0044064
0.00343029
0.00248422
0.00188661
0.00154761
0.00154754
0.00189097
0.00248955
0.00340561
0.00441839
0.00391789
0.00315181
0.00246738
0.00188335
0.00155457
0.00155596
0.00188858
0.00247396
0.00315689
0.00392282
0.00335821
0.00309691
0.00236478
0.00183824
0.00152749
0.00152919
0.00184291
0.00237153
0.00310925
0.00336023
0.000808083
0.000800743
0.000793237
0.000785569
0.000777734
0.000769732
0.000761569
0.000753252
0.000744792
0.000736178
0.00158864
0.00157821
0.00156758
0.00155672
0.00154561
0.00153422
0.00152255
0.00151057
0.0014983
0.00148568
0.00206712
0.00205733
0.00204709
0.00203637
0.00202514
0.00201336
0.002001
0.00198804
0.00197446
0.00196021
0.00243565
0.00242682
0.00241734
0.00240716
0.00239623
0.0023845
0.00237194
0.00235851
0.00234416
0.00232886
0.00276013
0.00275208
0.00274316
0.00273332
0.0027225
0.00271064
0.00269769
0.00268359
0.00266829
0.00265174
0.00306677
0.0030592
0.00305053
0.00304071
0.00302967
0.00301733
0.00300362
0.00298845
0.00297176
0.00295349
0.00336944
0.00336207
0.00335335
0.00334322
0.00333161
0.00331841
0.00330352
0.0032868
0.00326816
0.00324754
0.00367732
0.00366991
0.00366087
0.00365016
0.0036377
0.00362335
0.0036069
0.00358815
0.00356695
0.00354324
0.00399777
0.00399016
0.00398063
0.00396917
0.00395571
0.00394005
0.00392186
0.0039007
0.00387628
0.0038486
0.00433792
0.00433007
0.00431996
0.00430769
0.00429322
0.00427634
0.0042565
0.00423279
0.00420458
0.00417198
0.0047059
0.00469795
0.00468738
0.00467435
0.0046589
0.0046409
0.00461983
0.0045938
0.00456132
0.00452297
0.00511219
0.00510473
0.00509447
0.00508133
0.00506521
0.00504589
0.00502386
0.00499625
0.00495991
0.00491639
0.00557042
0.00556469
0.00555648
0.0055448
0.00552963
0.00551018
0.00548748
0.0054595
0.00542168
0.00537612
0.00609912
0.00609799
0.00609551
0.00608928
0.00607953
0.00606545
0.00604573
0.00601947
0.00598378
0.00593981
0.00672729
0.00673821
0.00674858
0.00675525
0.0067576
0.00675435
0.00674351
0.00672428
0.00669494
0.00665585
0.00749591
0.00753271
0.00756721
0.00759496
0.00761541
0.00762848
0.00763223
0.00762564
0.00760772
0.00757852
0.00845993
0.00853016
0.0085969
0.00865554
0.00870362
0.00874099
0.008767
0.0087812
0.00878296
0.00877214
0.00966243
0.00977395
0.00988063
0.00997891
0.0100655
0.0101392
0.0102003
0.0102492
0.0102855
0.0103086
0.0111229
0.0112874
0.0114467
0.0115978
0.0117362
0.0118603
0.0119726
0.0120746
0.0121664
0.0122462
0.0128394
0.0130701
0.0132995
0.0135235
0.0137343
0.0139283
0.0141116
0.0142886
0.0144592
0.0146229
0.0147998
0.0151104
0.0154281
0.0157484
0.0160601
0.0163544
0.0166346
0.0169071
0.0171725
0.0174371
0.0169783
0.0173862
0.0178129
0.0182538
0.0186952
0.0191192
0.0195192
0.0198981
0.0202575
0.020611
0.0193367
0.0198626
0.020425
0.0210146
0.0216131
0.022192
0.0227273
0.0232082
0.0236378
0.024044
0.021837
0.0224936
0.0232076
0.0239695
0.0247536
0.0255129
0.0261827
0.0267247
0.0271511
0.0275262
0.0244423
0.0252419
0.0261115
0.0270427
0.0280026
0.0289003
0.0296152
0.0301135
0.0304343
0.0306948
0.0270386
0.0279792
0.0289691
0.029961
0.0309164
0.0317635
0.0323886
0.0327286
0.0329496
0.0332109
0.0293918
0.0304079
0.0314169
0.0322296
0.0328502
0.0334906
0.0340729
0.0344497
0.034794
0.0352065
0.0313244
0.0322136
0.0329067
0.0334883
0.034127
0.0348205
0.0354401
0.0359955
0.0365493
0.0371408
0.0326399
0.0332833
0.0338939
0.0346019
0.0353974
0.0361906
0.0369643
0.0377186
0.0384662
0.0392254
0.0336727
0.034312
0.0350515
0.0359094
0.0368205
0.0377533
0.0386893
0.0396126
0.0405233
0.0414291
0.0348248
0.0355479
0.0363898
0.0373457
0.0383668
0.0394206
0.0404845
0.0415424
0.0425869
0.0436211
0.036061
0.036858
0.0377725
0.0387969
0.0398946
0.0410348
0.0421983
0.0433687
0.044533
0.0456884
0.0372804
0.0381483
0.039123
0.0401969
0.0413486
0.042555
0.0437974
0.0450595
0.046327
0.0475921
0.038424
0.0393658
0.0404008
0.0415246
0.0427243
0.0439836
0.0452867
0.0466193
0.047968
0.0493236
0.0394528
0.0404678
0.0415631
0.0427369
0.0439817
0.0452863
0.0466383
0.0480263
0.0494392
0.0508685
0.040336
0.0414191
0.0425712
0.0437926
0.0450791
0.0464231
0.0478161
0.0492493
0.0507143
0.0522043
0.041057
0.0421993
0.0434011
0.0446641
0.0459865
0.0473643
0.0487919
0.0502631
0.0517723
0.0533146
0.0416167
0.0428079
0.0440499
0.0453462
0.0466976
0.0481026
0.0495584
0.0510614
0.0526085
0.0541968
0.0420343
0.0432648
0.0445376
0.0458585
0.0472309
0.0486557
0.0501326
0.0516606
0.0532387
0.0548664
0.0423479
0.0436127
0.0449095
0.0462476
0.0476331
0.0490696
0.0505591
0.0521031
0.0537028
0.0553599
0.0426142
0.0439168
0.0452368
0.0465872
0.047979
0.0494183
0.0509101
0.0524586
0.0540678
0.0557417
0.0428935
0.0442578
0.0456134
0.0469773
0.04837
0.0498033
0.0512867
0.0528281
0.0544342
0.0561121
0.0432605
0.0447482
0.0461761
0.0475587
0.0489455
0.0503617
0.0518247
0.0533472
0.0549393
0.0566116
0.0439028
0.0455358
0.0470756
0.0484858
0.0498582
0.0512458
0.0526752
0.0541663
0.0557348
0.0573963
0.0449306
0.0467286
0.0483846
0.0498298
0.0511857
0.0525417
0.0539333
0.0553885
0.0569309
0.0585834
0.046408
0.0483817
0.0501076
0.0515687
0.052905
0.0542271
0.0555794
0.057004
0.0585335
0.0601983
0.0483168
0.050459
0.0522035
0.053639
0.0549297
0.056195
0.0574959
0.0588915
0.0604294
0.0621511
0.0508657
0.0531515
0.0547767
0.0560612
0.0572061
0.0583561
0.0595995
0.0609976
0.0625977
0.0644406
0.0542221
0.0565933
0.0578393
0.0587966
0.0597019
0.060715
0.0619232
0.0633732
0.0650979
0.0671295
0.0579581
0.060173
0.0609431
0.0614826
0.0621894
0.0631655
0.0644387
0.0660282
0.0679516
0.0702258
0.0608947
0.0625926
0.0631021
0.0635415
0.0643414
0.0655103
0.0670192
0.0688696
0.071075
0.0736457
0.0623586
0.0633963
0.0640335
0.0649081
0.066139
0.0677041
0.069585
0.0717894
0.074334
0.0772372
0.0623136
0.063471
0.064699
0.0661475
0.0678633
0.0698559
0.072133
0.0747113
0.0776031
0.0808357
0.0621316
0.0637814
0.0655187
0.0674228
0.0695471
0.0719196
0.0745579
0.0774791
0.0806951
0.0842299
0.0621663
0.0641566
0.0662475
0.0685032
0.070967
0.0736653
0.0766172
0.0798332
0.0833304
0.0871271
0.0619715
0.0642152
0.0665822
0.0691148
0.0718454
0.0747975
0.0779886
0.0814323
0.0851462
0.0891461
0.0613921
0.0638171
0.0663704
0.0690826
0.07198
0.0750839
0.0784111
0.0819809
0.0858122
0.0899217
0.0604417
0.0629508
0.0655879
0.0683762
0.0713372
0.0744901
0.0778536
0.0814501
0.0852991
0.0894178
0.0591655
0.0616867
0.0643379
0.0671375
0.0701042
0.0732567
0.0766193
0.080212
0.0840506
0.0881443
0.0576815
0.060186
0.0628306
0.0656319
0.0686094
0.0717855
0.0751882
0.0788344
0.0827305
0.0868688
0.0561774
0.0586837
0.061354
0.0642057
0.0672644
0.0705657
0.0741412
0.0780069
0.0821556
0.0865512
0.0548937
0.0574773
0.060271
0.0632952
0.0665917
0.0702227
0.074238
0.0786614
0.0834591
0.0885266
0.0540892
0.0568986
0.0600022
0.0634214
0.0672323
0.071546
0.0764678
0.0820415
0.088158
0.0945016
0.054033
0.0573009
0.0610302
0.0652283
0.0700266
0.0756278
0.0822545
0.0899692
0.0983466
0.106427
0.0549818
0.0590479
0.0638696
0.0694334
0.0759947
0.083959
0.0936811
0.105008
0.116169
0.125284
0.05696
0.0621009
0.0685326
0.0764654
0.086075
0.0980605
0.112563
0.127758
0.140296
0.149527
0.0597807
0.0663344
0.0748527
0.0859659
0.100026
0.117175
0.136186
0.153999
0.168175
0.177499
0.0635129
0.0719468
0.0831979
0.0981479
0.117378
0.140063
0.163891
0.18641
0.202456
0.206889
0.0687815
0.0798484
0.094918
0.115077
0.140816
0.170797
0.20284
0.231686
0.239872
0.229627
0.076814
0.0916672
0.112028
0.139191
0.173964
0.215814
0.260767
0.282324
0.265644
0.242078
0.088714
0.108931
0.136525
0.17327
0.220973
0.277421
0.317762
0.308102
0.275012
0.244311
0.105542
0.132721
0.169341
0.217526
0.279115
0.338406
0.34763
0.312436
0.272369
0.238403
0.127355
0.162511
0.209031
0.269302
0.338757
0.377823
0.352911
0.304259
0.261398
0.226695
0.154548
0.198653
0.256322
0.329335
0.39079
0.386569
0.336953
0.286257
0.244355
0.211272
0.185918
0.239584
0.308678
0.382019
0.407538
0.368133
0.311626
0.263023
0.224179
0.194457
0.221098
0.284402
0.362147
0.41814
0.394683
0.336333
0.282309
0.237912
0.203399
0.178282
0.261914
0.334791
0.407689
0.415698
0.36142
0.302535
0.252666
0.213129
0.18381
0.164284
0.311646
0.390359
0.427049
0.385355
0.323468
0.268648
0.224037
0.190042
0.166743
0.153646
0.358044
0.42257
0.405862
0.345073
0.286787
0.237328
0.198043
0.169939
0.153307
0.147273
0.397074
0.421755
0.370395
0.309672
0.255243
0.209864
0.175423
0.15352
0.144176
0.145716
0.417243
0.403881
0.342419
0.282185
0.229274
0.186285
0.156305
0.141086
0.139691
0.149217
0.43581
0.389013
0.32355
0.26116
0.20706
0.165402
0.140243
0.132615
0.139907
0.157731
0.470484
0.39172
0.313064
0.243741
0.186573
0.146263
0.127008
0.12805
0.144647
0.170939
0.490547
0.391222
0.301678
0.225996
0.16637
0.128602
0.116626
0.127177
0.15341
0.188297
0.505502
0.39065
0.291375
0.2095
0.147575
0.113079
0.109106
0.129374
0.165302
0.209145
0.533651
0.396772
0.284551
0.195151
0.130462
0.0995914
0.103793
0.133522
0.179187
0.232874
0.561572
0.403048
0.277806
0.181027
0.113938
0.0873816
0.0996382
0.138275
0.193825
0.258893
0.57962
0.403249
0.267498
0.165152
0.097086
0.0758788
0.0956908
0.142312
0.207822
0.286331
0.58521
0.395095
0.252122
0.146802
0.0798173
0.0649524
0.0912486
0.144379
0.219376
0.313214
0.574171
0.376481
0.230922
0.125891
0.062553
0.054731
0.0858717
0.143356
0.226186
0.335717
0.549882
0.350324
0.205543
0.103475
0.0462788
0.0454594
0.0793805
0.138476
0.225833
0.348265
0.517541
0.319364
0.177604
0.0809086
0.0320878
0.0372592
0.0718218
0.129604
0.216604
0.343925
0.48077
0.285713
0.148644
0.0597606
0.0208186
0.030014
0.0633987
0.117461
0.19922
0.321852
0.442472
0.250688
0.119811
0.041401
0.0126993
0.0234431
0.0543478
0.103255
0.176215
0.284744
0.403112
0.213788
0.0917936
0.0267428
0.00738802
0.0173293
0.0448573
0.0882217
0.151593
0.24411
0.355541
0.173787
0.0656915
0.0161313
0.00424425
0.0117228
0.0350572
0.0729708
0.127171
0.203642
0.296805
0.131339
0.0428725
0.00913384
0.00258665
0.00698767
0.025139
0.057749
0.103935
0.166
0.218754
0.087339
0.0246854
0.00501414
0.00185571
0.0036485
0.015547
0.0423661
0.0820908
0.132157
0.137451
0.0518762
0.0128805
0.00298132
0.00160641
0.00198818
0.00742336
0.0263956
0.0609775
0.102902
0.078178
0.0272171
0.0059014
0.00211652
0.00154109
0.00155841
0.00276516
0.0108155
0.0365545
0.077461
0.000726636
0.000716894
0.000707043
0.000697097
0.000687056
0.000676906
0.000666619
0.000656157
0.000645467
0.000634482
0.000623136
0.000611367
0.000599123
0.000586378
0.000573129
0.000559409
0.000545285
0.000530854
0.000516234
0.000501544
0.00048688
0.000472283
0.000457724
0.000443685
0.00044414
0.000442743
0.000442654
0.000443293
0.000443303
0.00044387
0.000443892
0.000442568
0.000441793
0.000443137
0.000431965
0.000401557
0.000355342
0.000297357
0.000231408
0.000130972
0.00147184
0.00145722
0.00144221
0.0014268
0.00141095
0.00139459
0.00137767
0.00136013
0.00134187
0.0013228
0.00130283
0.00128189
0.00125994
0.00123696
0.00121299
0.00118812
0.00116246
0.00113616
0.00110938
0.00108225
0.00105486
0.00102716
0.000998866
0.000969163
0.000937136
0.000904657
0.000872365
0.000840411
0.000807904
0.000774756
0.00074111
0.000706934
0.000671583
0.000635007
0.000594726
0.000546754
0.000488477
0.000417618
0.000329287
0.0002019
0.00194432
0.00192698
0.00190878
0.00188971
0.00186972
0.00184879
0.00182688
0.00180394
0.00177994
0.00175482
0.00172853
0.00170105
0.00167235
0.00164245
0.00161138
0.00157922
0.00154604
0.00151198
0.00147714
0.00144163
0.00140548
0.00136867
0.00133104
0.00129228
0.00125211
0.00121063
0.00116788
0.00112389
0.00107842
0.00103131
0.0009824
0.000931785
0.000879582
0.000825718
0.000769534
0.000709158
0.000641239
0.000561023
0.000458105
0.000305305
0.00231154
0.00229219
0.00227157
0.00224965
0.00222641
0.00220184
0.00217594
0.0021487
0.00212014
0.00209024
0.002059
0.00202641
0.00199249
0.00195723
0.00192067
0.00188287
0.00184388
0.0018038
0.00176272
0.00172071
0.00167782
0.00163406
0.00158938
0.00154364
0.00149666
0.00144827
0.00139829
0.00134647
0.00129251
0.00123613
0.00117735
0.00111645
0.00105393
0.0009903
0.000925651
0.000858604
0.000784724
0.00069625
0.000582499
0.000412642
0.00263278
0.00261124
0.00258803
0.00256314
0.00253656
0.00250831
0.00247846
0.00244705
0.00241414
0.00237977
0.00234397
0.00230674
0.00226809
0.00222802
0.00218654
0.00214367
0.00209945
0.00205393
0.00200722
0.0019594
0.00191053
0.0018607
0.00180994
0.00175825
0.00170549
0.00165144
0.00159575
0.00153796
0.00147753
0.00141401
0.00134736
0.0012779
0.00120632
0.00113353
0.00106036
0.000986237
0.000908681
0.000817122
0.000694192
0.000516546
0.00293235
0.00290807
0.00288172
0.0028533
0.00282286
0.00279048
0.00275629
0.00272041
0.00268296
0.00264403
0.00260366
0.00256186
0.0025186
0.00247386
0.0024276
0.00237979
0.00233044
0.00227959
0.00222733
0.00217377
0.00211904
0.00206328
0.00200667
0.00194935
0.00189131
0.00183235
0.00177199
0.00170944
0.00164374
0.00157413
0.0015004
0.00142284
0.00134218
0.0012595
0.00117571
0.00109094
0.00100716
0.000914157
0.000781853
0.000577689
0.00322352
0.00319572
0.00316545
0.00313275
0.00309769
0.00306046
0.0030213
0.00298043
0.00293806
0.00289429
0.00284918
0.00280269
0.00275475
0.00270527
0.00265415
0.0026013
0.00254669
0.00249033
0.0024323
0.00237274
0.00231184
0.00224984
0.00218709
0.00212391
0.00206051
0.00199685
0.00193236
0.00186576
0.0017953
0.00171971
0.00163877
0.00155304
0.00146343
0.00137119
0.00127735
0.00118228
0.00108538
0.000975408
0.000827331
0.000614272
0.00351545
0.0034832
0.00344808
0.00341015
0.00336954
0.00332658
0.00328167
0.00323519
0.00318741
0.00313845
0.00308833
0.00303694
0.00298412
0.00292967
0.00287342
0.00281522
0.00275499
0.00269272
0.0026285
0.00256247
0.00249486
0.00242605
0.00235653
0.00228686
0.00221761
0.00214907
0.00208082
0.00201089
0.00193597
0.00185396
0.0017653
0.0016716
0.00157396
0.00147332
0.00137027
0.00126434
0.00115349
0.00102779
0.000865795
0.000648185
0.00381601
0.0037782
0.00373724
0.00369306
0.00364585
0.00359618
0.00354471
0.00349196
0.00343826
0.00338373
0.00332827
0.00327166
0.00321358
0.0031537
0.00309176
0.0030276
0.0029611
0.00289229
0.00282127
0.0027482
0.00267338
0.00259724
0.00252038
0.00244358
0.00236775
0.0022938
0.00222197
0.00214979
0.00207088
0.00198172
0.00188473
0.00178359
0.00167928
0.00157163
0.00146061
0.00134481
0.00122265
0.00108496
0.000910406
0.000693166
0.00413342
0.0040889
0.00404112
0.00398973
0.00393491
0.00387766
0.00381891
0.00375931
0.0036992
0.00363864
0.0035774
0.00351503
0.00345099
0.00338481
0.00331619
0.00324499
0.00317122
0.00309494
0.00301632
0.00293562
0.00285314
0.00276941
0.0026851
0.00260112
0.00251861
0.00243885
0.00236302
0.00228918
0.00220846
0.00211221
0.00200705
0.00189985
0.00179137
0.00168045
0.00156569
0.00144248
0.00130976
0.0011646
0.000991081
0.000776912
0.00447761
0.00442566
0.00437052
0.00431144
0.00424856
0.00418334
0.00411686
0.00404986
0.00398275
0.00391553
0.00384778
0.00377874
0.00370755
0.00363358
0.00355659
0.00347664
0.00339397
0.00330888
0.00322166
0.0031326
0.00304205
0.00295055
0.00285892
0.00276835
0.00268027
0.00259596
0.00251677
0.00244271
0.00236149
0.00225801
0.0021465
0.00203435
0.0019219
0.00180786
0.00169202
0.00156708
0.00142978
0.00127973
0.00110617
0.000890988
0.00486507
0.00480627
0.00474386
0.00467715
0.00460621
0.00453264
0.0044577
0.00438236
0.0043072
0.00423226
0.00415688
0.0040798
0.00399965
0.0039157
0.00382799
0.0037371
0.00364377
0.00354864
0.00345223
0.00335484
0.00325678
0.00315855
0.00306113
0.00296612
0.00287515
0.00278935
0.00270945
0.00263159
0.00254065
0.00243028
0.00231512
0.00219939
0.00207955
0.00195516
0.00183004
0.00170069
0.00156061
0.00140299
0.00122186
0.000999747
0.00532165
0.00525781
0.0051889
0.00511488
0.00503597
0.00495355
0.00486915
0.00478415
0.00469952
0.00461552
0.00453113
0.00444437
0.00435298
0.00425625
0.00415517
0.00405121
0.00394588
0.00384038
0.00373543
0.00363133
0.00352819
0.00342635
0.00332667
0.00323057
0.00313826
0.00304839
0.00296015
0.00286885
0.00276543
0.00264743
0.00252365
0.00239647
0.00226391
0.00212669
0.00198642
0.00184154
0.00168788
0.00151628
0.00131304
0.00107798
0.00588534
0.00581903
0.0057454
0.00566493
0.00557822
0.00548651
0.00539163
0.00529563
0.00520001
0.00510576
0.00501127
0.00491323
0.00480837
0.00469635
0.00458
0.00446196
0.0043446
0.00422984
0.0041187
0.00401123
0.00390704
0.00380586
0.00370789
0.00361285
0.00351755
0.00341944
0.00331753
0.00320761
0.00308497
0.00294904
0.0028055
0.00265689
0.00250266
0.00234321
0.00217822
0.00200661
0.00182425
0.00162381
0.00139586
0.00113754
0.00660475
0.0065398
0.00646491
0.00638074
0.00628809
0.00618785
0.00608245
0.00597471
0.00586665
0.00576166
0.00565782
0.00554832
0.00542977
0.00530339
0.00517334
0.00504304
0.00491583
0.0047948
0.00468164
0.00457592
0.00447564
0.00437831
0.00428133
0.00418192
0.00407812
0.00396959
0.0038515
0.00371682
0.00356268
0.00339222
0.00321308
0.00302741
0.00283502
0.00263673
0.0024325
0.00222178
0.00200191
0.00176762
0.00151055
0.00123154
0.00753642
0.00747924
0.00740985
0.00732844
0.00723596
0.00713193
0.00702079
0.00690705
0.00679262
0.00668231
0.00657363
0.00645668
0.00632967
0.00619525
0.00605679
0.00591814
0.00578421
0.00566053
0.00555078
0.00545363
0.00536343
0.00527371
0.00517792
0.00506926
0.00494569
0.00480655
0.00464728
0.00446406
0.00425638
0.00402978
0.00379123
0.00354322
0.00328786
0.00302775
0.00276497
0.0025
0.00223047
0.00195044
0.00165085
0.0013367
0.00874822
0.00870938
0.00865705
0.0085908
0.00851296
0.008422
0.00832056
0.00821795
0.00811317
0.00800745
0.00789978
0.00778707
0.00766664
0.00753718
0.00740077
0.00726196
0.00712717
0.00700589
0.00690675
0.00682637
0.00675192
0.00666504
0.00654568
0.00639214
0.00620769
0.0059961
0.00575966
0.00549887
0.00521389
0.00490663
0.00458032
0.00423862
0.00388703
0.00353289
0.00318309
0.00284053
0.00250189
0.00215636
0.00178692
0.00140025
0.0103203
0.010321
0.0103108
0.0102866
0.0102507
0.0102
0.0101315
0.0100552
0.00997408
0.00988318
0.00978866
0.00969567
0.00960016
0.00949379
0.00937783
0.00925901
0.00914211
0.00903754
0.00895904
0.00889423
0.00880874
0.00867007
0.00846578
0.00820719
0.00790611
0.00757527
0.00722446
0.00685666
0.00646853
0.00605459
0.00561156
0.00514101
0.00465183
0.0041603
0.00368413
0.00323306
0.00280342
0.00237702
0.00191479
0.00139197
0.0123216
0.0123964
0.0124661
0.0125236
0.0125644
0.0125811
0.0125694
0.012541
0.0124975
0.012434
0.012361
0.0122972
0.012237
0.0121636
0.0120864
0.0120221
0.0119696
0.0119275
0.0118824
0.0117692
0.0115636
0.0112735
0.0109134
0.0104948
0.0100293
0.00953986
0.00904549
0.00854939
0.00803968
0.00749894
0.00691385
0.00627947
0.00560473
0.00491942
0.00426393
0.00366304
0.00311353
0.00258803
0.00202907
0.00139301
0.0147925
0.0149795
0.0151674
0.0153428
0.0154911
0.0156003
0.0156622
0.0156953
0.0157059
0.0156875
0.0156561
0.0156366
0.0156209
0.0155958
0.0155829
0.0155965
0.0155999
0.0155786
0.0154696
0.0152153
0.0148335
0.0143687
0.0138412
0.0132436
0.0125871
0.011914
0.0112572
0.0106175
0.0099692
0.00928071
0.00853147
0.00770813
0.00680593
0.00586223
0.00495886
0.00415484
0.00344795
0.00279558
0.0021218
0.00138922
0.0177215
0.0180405
0.0183729
0.0186962
0.0189792
0.0191994
0.0193576
0.0194755
0.0195588
0.0196013
0.019632
0.0196813
0.0197302
0.0197528
0.0197678
0.0198137
0.0198627
0.0198228
0.0195712
0.0191009
0.0185103
0.0178864
0.0172193
0.0164635
0.0156263
0.0147753
0.0139546
0.0131586
0.0123469
0.0114787
0.0105453
0.00953877
0.00842383
0.00718724
0.00595845
0.00488752
0.00398403
0.00317225
0.00232281
0.00139631
0.0209973
0.0214452
0.0219334
0.0224297
0.0228718
0.0232213
0.0234872
0.0236939
0.0238457
0.0239302
0.023985
0.024066
0.0241504
0.0241991
0.0242679
0.0243923
0.024482
0.0243456
0.0239038
0.0232525
0.0225268
0.0217979
0.021023
0.0201524
0.0192081
0.0182577
0.0173109
0.0163544
0.0153531
0.0142716
0.0131363
0.0119753
0.0107456
0.00934571
0.0077466
0.00636377
0.00521399
0.00414298
0.00295092
0.00140043
0.0244877
0.0250181
0.0256263
0.0262756
0.026858
0.0273042
0.0276196
0.0278303
0.0279534
0.0280137
0.0280765
0.0281913
0.0283385
0.0284951
0.0286992
0.0289076
0.0288697
0.0284092
0.0277418
0.0270964
0.0265165
0.0258794
0.0250768
0.0241543
0.0232242
0.0223199
0.0213733
0.0203262
0.0191484
0.0178859
0.0165776
0.015273
0.0139804
0.0126418
0.0109354
0.00918649
0.00760055
0.00601934
0.00426168
0.00184974
0.0279386
0.0284622
0.0291127
0.0298528
0.0304814
0.0308878
0.0311682
0.0313674
0.0315205
0.0316571
0.0318332
0.0320636
0.0322926
0.0324685
0.0325939
0.0325772
0.0322865
0.0317517
0.0311535
0.0305858
0.0300489
0.0295006
0.0288675
0.0280792
0.0272284
0.0263728
0.0254563
0.0244425
0.0233075
0.0220736
0.0207561
0.0193082
0.0178966
0.0165067
0.0148347
0.0127016
0.0105698
0.00846743
0.00619728
0.00279329
0.0310314
0.0315119
0.0321257
0.0328437
0.0334906
0.0339299
0.0342217
0.0344717
0.0347357
0.0350322
0.0353874
0.0357854
0.0361025
0.036235
0.0362035
0.0360207
0.0356701
0.0351816
0.0346495
0.034138
0.0336518
0.0331444
0.0325506
0.0318468
0.031075
0.0302399
0.0293381
0.0283264
0.0271355
0.0257801
0.0243287
0.0228822
0.0214731
0.0199985
0.0182631
0.0159142
0.0132769
0.0106195
0.00784352
0.0036287
0.0335888
0.0341238
0.0347754
0.035477
0.0360907
0.0365914
0.0370244
0.0374175
0.0378119
0.0382271
0.0386608
0.0390799
0.0394197
0.0396468
0.0397296
0.0396446
0.0393887
0.0390041
0.0385652
0.0381236
0.037688
0.0372091
0.0366248
0.035942
0.0351721
0.0343208
0.0333757
0.0322792
0.0309716
0.0294557
0.0277848
0.0260312
0.0241759
0.0221473
0.0199815
0.0176213
0.0149415
0.0119128
0.0086586
0.00378969
0.0357177
0.0363533
0.0370706
0.0378277
0.0385469
0.0391945
0.0397819
0.0403262
0.040851
0.0413652
0.0418614
0.0423164
0.0426997
0.0429928
0.0431746
0.0432263
0.0431499
0.0429763
0.042752
0.042494
0.0421636
0.0416968
0.0411037
0.0404312
0.0396849
0.0388535
0.0378929
0.0367394
0.0353631
0.0337643
0.0319517
0.0299696
0.0278362
0.0254755
0.0228782
0.0200079
0.0167432
0.013057
0.00908915
0.00391474
0.0378043
0.0385676
0.0393837
0.0402246
0.0410498
0.0418326
0.0425702
0.0432635
0.0439186
0.0445364
0.0451102
0.045626
0.0460685
0.0464271
0.0466943
0.0468666
0.0469495
0.0469595
0.0469164
0.0468188
0.0466174
0.0462644
0.0457735
0.0451591
0.0444449
0.0436285
0.0426694
0.0415073
0.0401694
0.0386625
0.0369847
0.0350642
0.0328637
0.0304177
0.027676
0.0245846
0.0210216
0.016754
0.011885
0.00569565
0.0400375
0.0409303
0.0418509
0.0427838
0.0437076
0.0446043
0.0454645
0.0462809
0.0470504
0.0477692
0.0484307
0.0490264
0.0495478
0.0499891
0.0503474
0.0506233
0.0508218
0.050951
0.0510157
0.0510097
0.0509065
0.0506758
0.0502887
0.0497311
0.0490246
0.0481916
0.0472403
0.0461545
0.0448954
0.0434563
0.0418484
0.0400368
0.0379721
0.0356428
0.0329754
0.0298033
0.0260878
0.0214778
0.0157449
0.00769909
0.0423764
0.0433935
0.0444224
0.0454545
0.0464768
0.0474764
0.0484431
0.0493684
0.0502451
0.0510667
0.0518268
0.0525186
0.0531363
0.0536759
0.0541351
0.054514
0.0548139
0.0550359
0.0551773
0.0552266
0.0551601
0.0549508
0.0545826
0.0540643
0.0534096
0.0526111
0.0516324
0.0504554
0.0490898
0.0475747
0.0459153
0.0440525
0.0419215
0.0395119
0.0367866
0.0336829
0.0300719
0.0255634
0.0193068
0.00953798
0.044695
0.0458367
0.0469811
0.0481221
0.0492506
0.0503566
0.0514307
0.0524656
0.0534528
0.0543851
0.0552555
0.0560578
0.0567865
0.0574372
0.0580064
0.0584913
0.0588889
0.0591948
0.0594008
0.0594932
0.0594533
0.0592636
0.0589159
0.0584136
0.0577581
0.0569326
0.0559031
0.0546534
0.0531953
0.0515497
0.0497105
0.0476281
0.0452464
0.042542
0.0394834
0.03601
0.0319849
0.0271475
0.0206434
0.009405
0.046887
0.048157
0.0494251
0.0506856
0.0519313
0.0531539
0.054345
0.0554985
0.0566064
0.0576612
0.0586559
0.0595836
0.060438
0.0612131
0.061903
0.0625018
0.0630027
0.0633976
0.063676
0.0638249
0.0638293
0.0636755
0.0633544
0.0628615
0.0621909
0.0613286
0.0602544
0.0589533
0.0574218
0.0556589
0.0536514
0.0513661
0.0487618
0.0458029
0.0424453
0.0386106
0.03416
0.0288325
0.0218783
0.00985104
0.0489078
0.050303
0.0516958
0.0530805
0.0544507
0.0557991
0.0571181
0.0584026
0.0596453
0.060839
0.0619763
0.0630496
0.0640513
0.0649731
0.0658066
0.0665425
0.0671708
0.0676804
0.0680587
0.0682924
0.0683677
0.0682715
0.0679931
0.0675235
0.0668534
0.0659708
0.0648614
0.0635119
0.0619116
0.0600491
0.0579065
0.0554562
0.0526621
0.0494807
0.0458518
0.04168
0.0368051
0.0309287
0.0233105
0.010605
0.0507416
0.0522509
0.053762
0.0552692
0.0567663
0.0582468
0.0597041
0.0611334
0.0625287
0.0638831
0.0651891
0.0664383
0.0676216
0.0687283
0.069747
0.0706646
0.0714672
0.0721395
0.0726658
0.07303
0.0732166
0.0732111
0.073001
0.0725751
0.0719231
0.0710344
0.0698975
0.0685
0.0668289
0.0648684
0.062598
0.0599888
0.0570033
0.0535921
0.0496876
0.0451888
0.0399336
0.0336059
0.0254113
0.0116613
0.0523729
0.0539827
0.0556031
0.0572282
0.0588527
0.0604709
0.0620775
0.0636685
0.0652391
0.0667837
0.0682952
0.0697648
0.0711819
0.0725336
0.0738043
0.0749761
0.0760287
0.0769401
0.0776876
0.0782489
0.0786033
0.0787324
0.0786214
0.0782582
0.0776336
0.0767395
0.0755678
0.0741088
0.0723503
0.0702756
0.0678618
0.0650773
0.0618792
0.0582098
0.0539907
0.04911
0.0434
0.036557
0.0277544
0.0128976
0.0537829
0.0554826
0.0572046
0.0589444
0.0606976
0.0624608
0.0642302
0.0660034
0.0677783
0.0695515
0.0713178
0.0730694
0.0747953
0.0764803
0.0781041
0.0796414
0.0810617
0.0823306
0.083412
0.0842701
0.0848731
0.0851949
0.0852165
0.0849265
0.0843202
0.0833962
0.0821544
0.0805923
0.0787028
0.0764722
0.0738778
0.0708853
0.0674461
0.0634929
0.0589329
0.0536343
0.0473999
0.0398982
0.0303197
0.0143381
0.0549594
0.0567419
0.0585612
0.0604146
0.0623002
0.0642172
0.0661651
0.0681441
0.0701567
0.072204
0.0742857
0.0763982
0.0785329
0.0806744
0.0827978
0.0848678
0.0868379
0.0886522
0.0902481
0.0915628
0.0925404
0.0931381
0.09333
0.0931075
0.0924771
0.0914541
0.0900565
0.088298
0.0861847
0.0837116
0.0808602
0.077596
0.0738655
0.0695911
0.0646629
0.0589231
0.0521345
0.0439087
0.0334192
0.016092
0.0559023
0.0577627
0.0596765
0.0616438
0.0636662
0.0657467
0.0678878
0.0700958
0.0723795
0.0747479
0.0772103
0.0797738
0.0824396
0.0851978
0.0880227
0.0908689
0.0936691
0.0963322
0.0987469
0.100794
0.102363
0.103376
0.103789
0.103601
0.102845
0.101574
0.099845
0.0977058
0.0951888
0.0923071
0.0890519
0.0853912
0.081267
0.0765894
0.0712275
0.0649894
0.0575844
0.0485433
0.0369752
0.0181537
0.0566262
0.0585587
0.0605626
0.0626419
0.0648026
0.0670531
0.0693995
0.0718562
0.0744393
0.077169
0.0800704
0.0831721
0.0864992
0.090061
0.0938417
0.097796
0.101841
0.105843
0.109607
0.11289
0.115462
0.117156
0.117888
0.117665
0.116576
0.11476
0.11236
0.109495
0.106246
0.102658
0.0987401
0.0944643
0.0897668
0.0845426
0.0786343
0.0718092
0.0637123
0.0537741
0.0409928
0.0205634
0.0571643
0.0591588
0.0612435
0.0634273
0.0657221
0.068142
0.0707024
0.0734253
0.0763331
0.0794545
0.0828349
0.0865385
0.0906366
0.0951817
0.100187
0.105635
0.111472
0.117558
0.123597
0.129095
0.133492
0.136429
0.137729
0.137361
0.135528
0.132587
0.128879
0.124659
0.120097
0.115292
0.110277
0.105031
0.099478
0.0934903
0.0868754
0.079349
0.0704765
0.0595567
0.0454105
0.0233639
0.0575773
0.0596198
0.0617722
0.064049
0.0664688
0.0690511
0.0718257
0.0748282
0.0780947
0.0816542
0.0855495
0.0898805
0.0947956
0.100424
0.106836
0.114085
0.122247
0.131343
0.141072
0.150574
0.158653
0.164348
0.166998
0.166303
0.162792
0.157524
0.151304
0.144622
0.137766
0.130897
0.124088
0.117321
0.110496
0.103446
0.0959253
0.0875818
0.077882
0.0659559
0.0503351
0.0265986
0.0579665
0.0600455
0.0622563
0.0646201
0.0671596
0.0699044
0.0728939
0.0761767
0.0798144
0.083872
0.0883902
0.0934262
0.0991594
0.105835
0.113634
0.122709
0.133302
0.145756
0.160323
0.176381
0.191391
0.204741
0.212746
0.212015
0.204212
0.193691
0.182494
0.171351
0.160563
0.150286
0.14061
0.13151
0.122833
0.114332
0.105674
0.0964055
0.0858659
0.0729795
0.0558466
0.0302435
0.0584777
0.0605902
0.062863
0.0653236
0.0679999
0.0709311
0.0741636
0.0777577
0.0817906
0.0863531
0.0915192
0.0974077
0.104182
0.112056
0.1213
0.132205
0.145074
0.160487
0.179283
0.202164
0.229138
0.254325
0.286417
0.291317
0.270195
0.247673
0.227019
0.207902
0.190306
0.174341
0.160143
0.147578
0.136308
0.125905
0.115875
0.105604
0.0942585
0.0805303
0.0619705
0.0341929
0.0592737
0.0614285
0.0637828
0.0663656
0.0692208
0.0723991
0.0759462
0.0799389
0.0844685
0.0896458
0.0956044
0.102512
0.110584
0.120078
0.131305
0.144593
0.160301
0.178982
0.201584
0.229375
0.264271
0.307812
0.328583
0.347571
0.35164
0.323576
0.289589
0.258181
0.229334
0.203881
0.182596
0.16505
0.150376
0.137689
0.126147
0.114875
0.10282
0.0884286
0.0686628
0.0383001
0.0604837
0.0627117
0.0651799
0.0679308
0.0710185
0.0745067
0.0784722
0.0830129
0.0882529
0.0943491
0.101499
0.109947
0.119989
0.131963
0.146227
0.163128
0.182979
0.206061
0.232624
0.262927
0.297151
0.335029
0.356453
0.368896
0.387714
0.383826
0.352025
0.311118
0.272902
0.237224
0.206235
0.182418
0.163909
0.148916
0.135986
0.123872
0.111281
0.0964327
0.0757749
0.0424016
0.0621496
0.0644774
0.0671057
0.0700936
0.07351
0.0774388
0.081987
0.0872948
0.0935464
0.100983
0.109918
0.120742
0.133924
0.149979
0.169405
0.192594
0.219733
0.250754
0.285347
0.323036
0.363233
0.405299
0.424725
0.429361
0.439478
0.431161
0.398905
0.354307
0.305313
0.260373
0.224135
0.196385
0.17529
0.158722
0.144885
0.132263
0.119371
0.104262
0.0830208
0.0463529
0.0642185
0.0667205
0.0695998
0.0729285
0.0767955
0.081314
0.0866359
0.0929687
0.100597
0.109908
0.121422
0.135809
0.153881
0.176526
0.204562
0.238541
0.278567
0.324239
0.374743
0.429048
0.486063
0.54487
0.550358
0.526032
0.523528
0.512878
0.475518
0.40359
0.331047
0.276096
0.235769
0.206046
0.183849
0.166677
0.152554
0.139823
0.126873
0.111637
0.0899782
0.0501028
0.0666945
0.0694629
0.0726914
0.0764658
0.0808991
0.086145
0.0924196
0.10003
0.109417
0.121203
0.136257
0.155734
0.181057
0.21378
0.255292
0.306451
0.367334
0.437243
0.514953
0.599075
0.6883
0.743251
0.684217
0.666699
0.677883
0.633386
0.52123
0.416186
0.338866
0.28242
0.241462
0.211644
0.189582
0.17267
0.15886
0.146414
0.133634
0.118331
0.0960845
0.053531
0.0696364
0.0727425
0.0763884
0.0806761
0.0857477
0.0918072
0.0991537
0.10823
0.119697
0.134527
0.15412
0.180391
0.215724
0.26269
0.323512
0.399486
0.490763
0.596688
0.716298
0.848648
0.917555
0.856628
0.834422
0.864157
0.783246
0.623595
0.496683
0.400509
0.329102
0.27694
0.239173
0.21178
0.191583
0.176109
0.163394
0.151739
0.139428
0.124197
0.101391
0.0562085
0.0730391
0.0765243
0.0806153
0.0854313
0.0911462
0.0980196
0.106447
0.117037
0.130727
0.148951
0.173838
0.208358
0.256242
0.321453
0.407283
0.515522
0.646435
0.800759
0.98007
1.05589
0.989557
0.987734
0.99824
0.868971
0.692023
0.553789
0.446894
0.365933
0.30586
0.261994
0.230245
0.207229
0.190247
0.177159
0.166198
0.155771
0.144199
0.129186
0.1059
0.0582469
0.0767984
0.0806725
0.0851933
0.0904953
0.0967811
0.104362
0.113729
0.125659
0.141388
0.162869
0.193095
0.236356
0.298135
0.384295
0.499616
0.646117
0.821246
1.02518
1.09936
1.05929
1.0766
1.03315
0.867803
0.705171
0.572176
0.466321
0.384158
0.321902
0.275721
0.242018
0.217642
0.199982
0.186926
0.176732
0.167884
0.158925
0.148235
0.133516
0.109803
0.0598288
0.0807403
0.0849842
0.0898813
0.0955755
0.102287
0.110362
0.120357
0.133174
0.150289
0.174104
0.208435
0.259008
0.33356
0.441121
0.590551
0.788624
0.973582
1.01775
1.04368
1.07232
0.955596
0.793321
0.658988
0.545991
0.453302
0.379236
0.32155
0.277754
0.245255
0.221578
0.204535
0.192276
0.183234
0.17603
0.169366
0.161909
0.152098
0.137645
0.113474
0.0612
0.0846691
0.089236
0.0944281
0.100386
0.10733
0.115606
0.125779
0.138777
0.156135
0.180412
0.215812
0.268978
0.349618
0.470448
0.645856
0.807282
0.85412
0.908159
0.904922
0.788585
0.67431
0.572666
0.48562
0.412726
0.353167
0.305628
0.268392
0.240008
0.219006
0.203891
0.193267
0.185875
0.180549
0.176159
0.171551
0.165478
0.156425
0.142111
0.117353
0.0626207
0.0883553
0.0931876
0.0985885
0.104682
0.111663
0.11984
0.129712
0.142093
0.158329
0.180645
0.212706
0.260377
0.332485
0.440827
0.576251
0.649547
0.702227
0.684204
0.605413
0.53183
0.465073
0.406108
0.355436
0.312952
0.278219
0.250461
0.228313
0.211227
0.198862
0.190438
0.185063
0.181831
0.179791
0.177929
0.175155
0.170263
0.16177
0.147397
0.121833
0.0643066
0.0915015
0.0965493
0.102096
0.108237
0.115124
0.12299
0.13221
0.143384
0.157503
0.176176
0.201936
0.238704
0.292028
0.363807
0.441422
0.499551
0.509407
0.455202
0.407083
0.364954
0.328167
0.296303
0.26908
0.246265
0.227463
0.212223
0.200271
0.191071
0.184838
0.181455
0.180301
0.180602
0.18145
0.181827
0.180639
0.176695
0.168526
0.153849
0.127197
0.0663999
0.0937157
0.0989352
0.104596
0.110767
0.117544
0.125056
0.133499
0.143235
0.154936
0.169714
0.189215
0.215461
0.249468
0.290728
0.333209
0.356576
0.338351
0.311538
0.287294
0.265864
0.247162
0.230957
0.217066
0.205264
0.195247
0.187192
0.181367
0.177552
0.175839
0.176419
0.178815
0.182232
0.185673
0.188039
0.1882
0.184965
0.176879
0.161638
0.133588
0.0689593
0.0945994
0.0999243
0.105675
0.111904
0.11866
0.125988
0.133767
0.141931
0.151118
0.162227
0.176088
0.19309
0.212196
0.231854
0.24909
0.255428
0.246307
0.233886
0.222265
0.211831
0.202568
0.194415
0.187292
0.180914
0.175464
0.171447
0.169189
0.168877
0.170626
0.174536
0.180117
0.186415
0.192247
0.196398
0.197698
0.194963
0.186748
0.170714
0.140973
0.0719543
0.0940965
0.0994071
0.105114
0.111249
0.11781
0.124631
0.131529
0.138345
0.145265
0.152854
0.161776
0.172218
0.183074
0.192215
0.198817
0.201529
0.198947
0.193977
0.188741
0.183785
0.179114
0.174755
0.170638
0.166863
0.163851
0.162038
0.161894
0.163869
0.168232
0.174989
0.183477
0.192458
0.200493
0.206249
0.208535
0.206172
0.19771
0.180745
0.149116
0.0752619
0.092765
0.097935
0.103361
0.10898
0.114737
0.120606
0.126594
0.132521
0.138324
0.144103
0.15002
0.156057
0.161868
0.166928
0.170838
0.173266
0.174166
0.174095
0.172925
0.170903
0.168424
0.165675
0.162756
0.159947
0.157776
0.156882
0.15791
0.161367
0.167687
0.176859
0.187909
0.199248
0.209224
0.216423
0.219624
0.217634
0.208962
0.1911
0.157571
0.0786895
0.0914971
0.0965804
0.10179
0.107046
0.112315
0.117629
0.123003
0.12833
0.133475
0.138352
0.142956
0.147341
0.151513
0.155363
0.15876
0.161646
0.164104
0.166279
0.167728
0.167351
0.165431
0.162855
0.159689
0.156445
0.154048
0.153354
0.154974
0.159559
0.167639
0.178918
0.192075
0.205312
0.216922
0.225437
0.229582
0.228107
0.219443
0.200949
0.165843
0.0823389
0.0914195
0.0966644
0.101934
0.107152
0.112288
0.11735
0.122344
0.127215
0.131861
0.136193
0.140195
0.143928
0.147444
0.150716
0.153665
0.156227
0.1584
0.160121
0.160874
0.160236
0.158706
0.156677
0.153925
0.150906
0.148764
0.148553
0.151151
0.157282
0.167145
0.180103
0.194765
0.209415
0.222354
0.23206
0.237179
0.236408
0.228053
0.209313
0.173069
0.0868183
0.0940435
0.0998025
0.105408
0.110796
0.115939
0.120831
0.12547
0.129831
0.133858
0.137502
0.140751
0.143632
0.146156
0.148252
0.149833
0.150838
0.15119
0.150936
0.150208
0.149041
0.147436
0.145544
0.143575
0.141982
0.141487
0.142969
0.14728
0.155016
0.166242
0.180298
0.195917
0.211486
0.225328
0.235882
0.241703
0.241353
0.233133
0.214209
0.177366
0.0902234
0.101104
0.107594
0.113582
0.119064
0.12404
0.128511
0.132487
0.135964
0.138932
0.14137
0.143264
0.144624
0.145489
0.145814
0.145536
0.144685
0.143346
0.14168
0.13991
0.138153
0.136485
0.135081
0.134197
0.134184
0.135563
0.138989
0.145096
0.154287
0.166519
0.181177
0.197117
0.21286
0.226786
0.23734
0.24313
0.242777
0.23458
0.215688
0.178838
0.0923404
0.114089
0.121012
0.12696
0.132025
0.136244
0.139646
0.142263
0.144141
0.145349
0.145917
0.145862
0.145236
0.144092
0.142489
0.140508
0.138246
0.135818
0.133387
0.131156
0.129311
0.128021
0.127471
0.12789
0.129567
0.132875
0.138241
0.146043
0.15646
0.169329
0.184051
0.199596
0.214558
0.227496
0.237044
0.241953
0.240966
0.232463
0.213648
0.17731
0.0929848
0.133153
0.139692
0.144686
0.148269
0.150578
0.151773
0.152
0.151428
0.150209
0.148473
0.14632
0.143836
0.141079
0.138122
0.135089
0.132105
0.129286
0.126786
0.124794
0.123496
0.123074
0.123722
0.125645
0.129069
0.13423
0.141348
0.150563
0.16185
0.174934
0.189132
0.203381
0.216545
0.227442
0.234965
0.238102
0.235803
0.226617
0.207884
0.172562
0.0919565
0.156751
0.161539
0.16384
0.16414
0.16297
0.16081
0.158002
0.154798
0.15135
0.147758
0.144108
0.140465
0.136888
0.133431
0.130169
0.127225
0.124738
0.12285
0.121718
0.121506
0.122379
0.124505
0.128061
0.133203
0.140018
0.148536
0.158733
0.170426
0.183001
0.195677
0.207659
0.218055
0.225958
0.230561
0.231164
0.226998
0.216851
0.198263
0.164478
0.0890859
0.181963
0.181904
0.178957
0.174515
0.169396
0.164058
0.158795
0.153758
0.149007
0.144547
0.14037
0.136478
0.132901
0.129691
0.126923
0.124709
0.123178
0.122456
0.122668
0.123936
0.126387
0.130144
0.135365
0.142181
0.150421
0.159795
0.170443
0.18187
0.193003
0.20297
0.211468
0.218106
0.22221
0.223197
0.220743
0.214436
0.203302
0.185056
0.153305
0.0843492
0.202875
0.195056
0.186264
0.177557
0.169435
0.162101
0.155598
0.14988
0.144872
0.14049
0.136656
0.133323
0.130492
0.128201
0.126531
0.125598
0.12552
0.126391
0.128295
0.131311
0.135555
0.141067
0.147851
0.156104
0.165369
0.174534
0.184131
0.194618
0.203749
0.209861
0.213831
0.215898
0.215511
0.212473
0.206979
0.198822
0.187044
0.169431
0.14
0.0780384
0.21489
0.200173
0.186842
0.17522
0.165362
0.157183
0.150517
0.145151
0.140863
0.137449
0.13475
0.132662
0.131172
0.130318
0.130185
0.130916
0.13256
0.135057
0.138385
0.14255
0.147802
0.154274
0.161368
0.168652
0.176297
0.184443
0.193066
0.202289
0.209736
0.213336
0.213438
0.210606
0.205439
0.198988
0.191432
0.182225
0.170275
0.153421
0.126154
0.0707718
0.219328
0.199502
0.183061
0.169798
0.159403
0.151524
0.145781
0.141775
0.139108
0.137431
0.1365
0.13616
0.136376
0.137047
0.138072
0.139705
0.141984
0.144663
0.147668
0.150919
0.154525
0.158887
0.164064
0.169548
0.17594
0.18413
0.193648
0.202617
0.208657
0.210892
0.208159
0.201229
0.193038
0.184854
0.176343
0.166738
0.154862
0.138608
0.11284
0.0636156
0.216878
0.194184
0.176404
0.163012
0.153438
0.147096
0.143381
0.141681
0.1414
0.142027
0.143191
0.14448
0.145589
0.146116
0.145797
0.145135
0.144786
0.145107
0.146243
0.148187
0.150855
0.154502
0.159416
0.165688
0.173617
0.183388
0.19448
0.203204
0.206105
0.204499
0.198591
0.189662
0.180416
0.17158
0.162717
0.15302
0.141298
0.125532
0.100978
0.0572078
0.208919
0.185567
0.168332
0.156434
0.149083
0.145466
0.144751
0.146102
0.148696
0.151688
0.154206
0.154814
0.152714
0.148935
0.144595
0.140624
0.137833
0.136685
0.137337
0.139655
0.143431
0.148543
0.155046
0.163235
0.173308
0.185284
0.198025
0.204975
0.203024
0.196786
0.188095
0.178379
0.168784
0.159676
0.150656
0.140957
0.12943
0.114166
0.0908518
0.051535
0.197455
0.17547
0.160501
0.151554
0.147623
0.147679
0.15066
0.155457
0.160771
0.164481
0.163847
0.158494
0.150473
0.142294
0.135566
0.130917
0.128453
0.128064
0.129551
0.132687
0.137407
0.14377
0.151763
0.161558
0.173447
0.187353
0.200497
0.204076
0.197755
0.188345
0.17834
0.168332
0.158564
0.149292
0.140158
0.130464
0.119141
0.104416
0.0824319
0.0466718
0.184407
0.165586
0.154351
0.149511
0.149871
0.154207
0.161196
0.16912
0.174424
0.172698
0.164159
0.152427
0.141169
0.132423
0.126558
0.123212
0.121952
0.122486
0.124616
0.128238
0.133391
0.140192
0.148763
0.159325
0.172244
0.187184
0.198654
0.198436
0.190255
0.179824
0.169623
0.159659
0.14982
0.140427
0.131191
0.121494
0.110366
0.0961879
0.0755399
0.0426322
0.171643
0.157409
0.151002
0.151038
0.156173
0.165005
0.175605
0.183329
0.181734
0.170977
0.155873
0.141929
0.131647
0.124838
0.120783
0.118847
0.118563
0.119663
0.122034
0.125684
0.130747
0.137393
0.145835
0.156333
0.169225
0.183915
0.193311
0.190771
0.182137
0.171821
0.161967
0.152251
0.142418
0.132947
0.123632
0.113938
0.102993
0.0893386
0.0699322
0.0393447
0.160773
0.152144
0.15124
0.156502
0.16652
0.179505
0.190594
0.191045
0.179321
0.161411
0.144883
0.132969
0.125199
0.120561
0.118173
0.117372
0.117716
0.118999
0.12122
0.124499
0.129039
0.135075
0.142846
0.152589
0.16456
0.178088
0.186021
0.182818
0.174417
0.164508
0.155203
0.145866
0.136119
0.126631
0.117283
0.107614
0.0968464
0.08367
0.0653476
0.0366794
0.153025
0.15065
0.155527
0.165973
0.180518
0.19517
0.199622
0.188928
0.169124
0.14993
0.136076
0.127176
0.121984
0.119369
0.118442
0.118517
0.119114
0.120095
0.121694
0.124184
0.127857
0.132972
0.139739
0.148318
0.158844
0.170723
0.178073
0.175305
0.167368
0.157935
0.149218
0.14026
0.130655
0.12122
0.111899
0.102289
0.0916999
0.0789468
0.0615339
0.0344843
0.14931
0.153497
0.164066
0.179266
0.196636
0.206995
0.19966
0.179024
0.157003
0.140655
0.130195
0.12426
0.121501
0.120827
0.121337
0.122234
0.122759
0.122682
0.122969
0.124292
0.126964
0.131125
0.136862
0.144213
0.15316
0.16318
0.170633
0.169088
0.161407
0.152248
0.143971
0.135223
0.125774
0.116454
0.107221
0.0977121
0.0873066
0.0749256
0.0582662
0.0326136
0.150259
0.160996
0.176841
0.195886
0.211822
0.211053
0.19163
0.166502
0.146792
0.133999
0.126747
0.123532
0.123129
0.124544
0.12671
0.128354
0.127887
0.125639
0.124164
0.124359
0.126194
0.129578
0.134442
0.140735
0.148386
0.157038
0.164903
0.164838
0.156834
0.147611
0.13935
0.130549
0.121254
0.112102
0.103013
0.0936454
0.0834334
0.0713861
0.055366
0.0309481
0.156201
0.173242
0.193686
0.213965
0.221942
0.207214
0.179729
0.155279
0.138948
0.129477
0.125118
0.124463
0.126477
0.130146
0.132404
0.131033
0.128334
0.125749
0.123875
0.123742
0.125266
0.12823
0.132481
0.137954
0.144655
0.152464
0.16025
0.161211
0.153314
0.143788
0.135035
0.126029
0.116911
0.107978
0.0990785
0.0898868
0.0798834
0.0681524
0.052716
0.0294053
0.167206
0.19017
0.214275
0.231183
0.225783
0.198367
0.167847
0.146145
0.133055
0.126549
0.124802
0.126554
0.130724
0.13328
0.13134
0.12798
0.125009
0.122932
0.121842
0.122167
0.123844
0.126677
0.130499
0.135281
0.141179
0.148335
0.155715
0.156938
0.149572
0.139845
0.130554
0.121493
0.11262
0.103948
0.0952738
0.0862863
0.07651
0.0651053
0.0502576
0.0279406
0.183128
0.211714
0.237517
0.24567
0.224173
0.188155
0.158018
0.13892
0.128653
0.12465
0.12507
0.128744
0.132156
0.130791
0.127479
0.124047
0.121401
0.119848
0.119427
0.120175
0.121985
0.124654
0.128012
0.132039
0.136972
0.143139
0.149681
0.151209
0.144752
0.135162
0.12574
0.116881
0.108329
0.0999514
0.0915281
0.0827678
0.0732388
0.0621782
0.0479395
0.0265333
0.203659
0.237867
0.262208
0.256125
0.21913
0.1783
0.149769
0.133167
0.125197
0.123058
0.12494
0.128954
0.130193
0.127306
0.123546
0.120418
0.118328
0.117278
0.117249
0.118183
0.119926
0.122276
0.125067
0.128236
0.13193
0.13643
0.141477
0.143636
0.138786
0.129831
0.120724
0.112266
0.104077
0.0960072
0.0878494
0.0793389
0.0700822
0.0593835
0.0457579
0.0251901
0.228489
0.268372
0.287108
0.261689
0.212505
0.169863
0.142878
0.128423
0.122117
0.121033
0.123475
0.126764
0.126601
0.123302
0.119786
0.117292
0.115751
0.115122
0.115367
0.116375
0.117976
0.119999
0.122289
0.124714
0.127257
0.130037
0.132946
0.134812
0.132447
0.124652
0.115912
0.107849
0.0999744
0.0921904
0.0843061
0.0760696
0.0671122
0.0567959
0.0437787
0.0239389
0.257534
0.30307
0.311117
0.26342
0.205461
0.162738
0.137601
0.124542
0.11895
0.117978
0.119921
0.122198
0.121926
0.119011
0.116108
0.114225
0.113239
0.113041
0.113537
0.114619
0.116162
0.11804
0.120112
0.122122
0.123811
0.125291
0.126775
0.127833
0.126512
0.119961
0.111553
0.103742
0.0961005
0.0885784
0.0809741
0.0730262
0.0643849
0.0544613
0.0420192
0.0228109
0.29112
0.341569
0.332396
0.263925
0.200094
0.157978
0.133719
0.121216
0.115696
0.114299
0.11532
0.117195
0.117153
0.114791
0.11259
0.111234
0.110642
0.110709
0.111349
0.112476
0.114002
0.115856
0.118006
0.1202
0.121569
0.122016
0.122463
0.122896
0.121552
0.11567
0.107601
0.0998632
0.0924267
0.0851768
0.0778598
0.0702068
0.0618919
0.0523684
0.0404627
0.0218191
0.329921
0.384406
0.353812
0.266766
0.198509
0.155664
0.131296
0.118606
0.112711
0.1107
0.110943
0.11239
0.112753
0.111116
0.109469
0.108438
0.108021
0.108152
0.108764
0.109788
0.111164
0.112867
0.114943
0.117297
0.118817
0.118996
0.118969
0.118794
0.116585
0.110883
0.103354
0.0958791
0.0887807
0.0818626
0.0748599
0.0675221
0.0595481
0.0504238
0.039007
0.0209287
0.374979
0.43467
0.376761
0.273564
0.201308
0.156812
0.131284
0.117552
0.110724
0.107827
0.107126
0.107567
0.10816
0.107671
0.106647
0.105947
0.105662
0.105764
0.106212
0.10696
0.107978
0.109267
0.110879
0.112821
0.114557
0.114862
0.114267
0.113141
0.110257
0.105027
0.0983445
0.0915581
0.0849886
0.078487
0.0718483
0.0648589
0.057239
0.0484961
0.0375104
0.0200687
0.425972
0.494361
0.405572
0.288858
0.211543
0.163717
0.135571
0.11973
0.11125
0.10705
0.105274
0.104783
0.104832
0.104832
0.104547
0.104237
0.104093
0.104141
0.104365
0.10474
0.105264
0.105964
0.106877
0.107998
0.109158
0.109712
0.108888
0.106833
0.103521
0.0987575
0.092987
0.0870148
0.081051
0.0750202
0.0687835
0.0621627
0.0548972
0.0465175
0.0359448
0.0191773
0.478482
0.568784
0.453896
0.320673
0.234255
0.18007
0.146979
0.127295
0.115923
0.109606
0.106303
0.104749
0.104136
0.103941
0.103866
0.10382
0.10382
0.103859
0.103891
0.103887
0.103872
0.103912
0.104061
0.104297
0.104483
0.104336
0.103365
0.101076
0.0974306
0.0928742
0.0877899
0.08252
0.0771306
0.0715688
0.0657286
0.0594576
0.0525182
0.0444731
0.0343214
0.0182169
0.523186
0.656742
0.532098
0.378828
0.276931
0.211722
0.170067
0.143585
0.127116
0.117147
0.111305
0.108032
0.106322
0.105513
0.105207
0.105195
0.10533
0.105474
0.105455
0.105162
0.104635
0.10401
0.103396
0.102773
0.101963
0.100659
0.0985955
0.0956953
0.0919776
0.0876106
0.0830122
0.0783224
0.0734397
0.0682839
0.0627736
0.0567896
0.0501279
0.0423967
0.0327038
0.0171854
0.537942
0.738643
0.631249
0.464843
0.349002
0.267814
0.212398
0.17405
0.148733
0.132404
0.122162
0.115899
0.112199
0.110146
0.109167
0.108921
0.109149
0.109579
0.109804
0.109423
0.108461
0.107229
0.105929
0.104531
0.10275
0.100166
0.0965437
0.0922593
0.0877739
0.0832353
0.0788551
0.0745992
0.0700462
0.0651471
0.0598676
0.0541091
0.0476894
0.0402596
0.0310358
0.0160683
0.517664
0.765069
0.675733
0.540832
0.443748
0.367149
0.286547
0.225592
0.185531
0.158985
0.141565
0.130269
0.123093
0.118741
0.116381
0.115449
0.115563
0.11642
0.117545
0.117667
0.116288
0.114444
0.112632
0.110721
0.10817
0.104278
0.0984739
0.0918832
0.0857802
0.0803212
0.0756399
0.0713585
0.0667724
0.0619554
0.0568434
0.0512825
0.0450856
0.0379365
0.0291531
0.0147957
0.456066
0.671413
0.676108
0.55959
0.468647
0.402915
0.356632
0.294884
0.238499
0.199798
0.172344
0.153464
0.140772
0.132613
0.127737
0.125292
0.124715
0.125609
0.127617
0.129468
0.128863
0.126625
0.124657
0.122863
0.120083
0.114444
0.105102
0.0953458
0.0867605
0.0794829
0.0737263
0.0687213
0.0637928
0.0588827
0.0538126
0.0483575
0.0423048
0.0353623
0.0269407
0.0132901
0.387265
0.552747
0.578377
0.530639
0.464105
0.40255
0.357212
0.329241
0.300039
0.254088
0.21574
0.188013
0.167567
0.153643
0.144645
0.13944
0.137125
0.13719
0.139256
0.142591
0.145198
0.144687
0.143822
0.143742
0.141449
0.132243
0.118229
0.104545
0.0924795
0.0825934
0.0749291
0.0685093
0.062688
0.0572076
0.0517919
0.0461558
0.0400633
0.0332501
0.0251384
0.0116946
0.318354
0.449432
0.481859
0.468383
0.435297
0.391589
0.350186
0.320638
0.302839
0.287731
0.266029
0.232771
0.204793
0.184506
0.169581
0.159955
0.154343
0.152622
0.154133
0.157992
0.163215
0.168306
0.171425
0.173688
0.171778
0.160257
0.143132
0.125042
0.108253
0.0947859
0.0841297
0.0751728
0.0673472
0.0603971
0.05399
0.0477451
0.0413152
0.0342999
0.0256677
0.0106831
0.256093
0.355323
0.384998
0.390739
0.383126
0.362497
0.33354
0.306514
0.288093
0.278626
0.273604
0.263223
0.244139
0.221122
0.201523
0.188806
0.179328
0.175212
0.175897
0.180205
0.187063
0.195714
0.206705
0.218325
0.22066
0.208535
0.189722
0.169054
0.148377
0.129847
0.113365
0.0989051
0.0870602
0.0777514
0.0703012
0.0638615
0.057441
0.0492163
0.0367004
0.0163412
0.199405
0.267667
0.291739
0.306136
0.313587
0.312409
0.300275
0.283336
0.269903
0.264614
0.266897
0.271521
0.271893
0.260287
0.23961
0.218034
0.204439
0.202779
0.207231
0.214811
0.223559
0.232259
0.248158
0.272354
0.300139
0.301834
0.282394
0.263982
0.24317
0.21713
0.188124
0.162208
0.142468
0.129355
0.122799
0.122641
0.125817
0.120926
0.100423
0.0652288
0.147464
0.184558
0.200226
0.209824
0.218692
0.230093
0.243593
0.246672
0.246578
0.250424
0.26086
0.274798
0.285209
0.284745
0.270743
0.244691
0.215707
0.200503
0.220197
0.259691
0.270806
0.265226
0.285334
0.327438
0.391405
0.438476
0.456509
0.466889
0.456149
0.411799
0.345558
0.283644
0.243218
0.224948
0.223421
0.243285
0.292034
0.305964
0.222364
0.160681
0.10664
0.120221
0.122628
0.120436
0.118714
0.122813
0.179824
0.213259
0.228
0.23764
0.249228
0.262496
0.271489
0.268863
0.250852
0.217628
0.171927
0.120668
0.125661
0.146106
0.150272
0.133976
0.131899
0.263189
0.42131
0.575167
0.663229
0.675879
0.65431
0.601849
0.511648
0.391231
0.298152
0.227884
0.134921
0.139375
0.172889
0.188029
0.151894
0.13363
0.000250203
0.000378483
0.000438009
0.00044393
0.000472817
0.000543353
0.000606058
0.00066167
0.000710722
0.000753687
0.000791012
0.000823121
0.000850413
0.000873275
0.000892076
0.000907172
0.000918904
0.000927598
0.000933564
0.000937099
0.000938481
0.000937976
0.000935828
0.000932269
0.000927509
0.000921741
0.000915136
0.000907849
0.000900017
0.000891755
0.000883221
0.000875195
0.000867618
0.000860257
0.000852966
0.000845652
0.000838261
0.000830755
0.00082311
0.000815327
0.00034079
0.00054416
0.000709853
0.000859269
0.000998082
0.00112349
0.00123599
0.00133577
0.00142324
0.001499
0.00156381
0.00161847
0.00166384
0.00170078
0.00173015
0.00175275
0.00176937
0.00178074
0.00178757
0.00179049
0.0017901
0.00178694
0.0017815
0.00177423
0.00176552
0.00175571
0.00174511
0.00173397
0.00172254
0.00171103
0.00169974
0.00168852
0.00167726
0.00166603
0.00165484
0.00164371
0.00163261
0.00162152
0.00161039
0.00159921
0.000551301
0.000792072
0.000988177
0.00115928
0.00131297
0.00145222
0.00157811
0.00169098
0.0017911
0.00187881
0.00195464
0.00201927
0.00207347
0.00211809
0.002154
0.00218211
0.00220329
0.0022184
0.00222826
0.00223365
0.00223528
0.00223383
0.00222988
0.00222399
0.00221663
0.0022082
0.00219907
0.00218955
0.0021799
0.00217039
0.00216126
0.0021521
0.00214294
0.0021338
0.00212465
0.00211545
0.00210615
0.00209667
0.00208695
0.00207692
0.000786257
0.00103047
0.00123917
0.00142055
0.00158223
0.00172785
0.00185909
0.00197678
0.00208145
0.00217356
0.00225366
0.00232238
0.00238042
0.0024286
0.00246775
0.00249875
0.0025225
0.00253989
0.00255177
0.00255898
0.0025623
0.00256247
0.00256015
0.00255594
0.00255035
0.00254385
0.00253681
0.00252958
0.00252246
0.00251571
0.002509
0.00250234
0.00249569
0.00248903
0.0024823
0.0024754
0.00246824
0.00246074
0.00245278
0.00244427
0.00097687
0.00123506
0.00145941
0.00165429
0.00182661
0.0019802
0.00211726
0.00223923
0.00234715
0.00244188
0.00252419
0.00259486
0.00265468
0.00270449
0.00274515
0.00277755
0.0028026
0.00282119
0.00283424
0.0028426
0.00284712
0.00284856
0.00284764
0.00284498
0.00284115
0.00283661
0.00283177
0.00282697
0.00282252
0.00281824
0.00281401
0.00280981
0.0028056
0.00280133
0.00279688
0.00279214
0.00278698
0.00278128
0.00277491
0.00276774
0.00113126
0.0014063
0.00165012
0.00186297
0.00205029
0.00221568
0.00236168
0.00249024
0.00260295
0.00270114
0.00278597
0.00285848
0.00291966
0.00297049
0.00301193
0.00304496
0.00307054
0.00308965
0.00310323
0.00311221
0.00311749
0.00311988
0.00312012
0.00311888
0.00311672
0.00311413
0.00311152
0.00310922
0.00310719
0.00310521
0.00310328
0.00310139
0.00309946
0.0030974
0.00309505
0.00309229
0.00308892
0.0030848
0.00307976
0.00307365
0.00125184
0.00154892
0.00181801
0.00205397
0.00226063
0.00244149
0.00259949
0.00273718
0.00285669
0.00295984
0.0030482
0.00312316
0.00318596
0.00323781
0.00327983
0.00331315
0.00333886
0.00335803
0.00337172
0.00338095
0.00338668
0.00338978
0.00339104
0.00339113
0.00339064
0.00339003
0.0033897
0.00338974
0.00338981
0.00338997
0.00339021
0.00339048
0.0033907
0.00339073
0.00339039
0.00338947
0.00338777
0.00338507
0.00338116
0.00337587
0.00133862
0.00166734
0.00197139
0.002237
0.00246734
0.0026667
0.002839
0.00298759
0.0031153
0.00322449
0.00331717
0.00339508
0.00345979
0.00351273
0.00355526
0.00358867
0.00361424
0.00363319
0.00364671
0.00365595
0.00366195
0.00366567
0.00366792
0.00366938
0.00367064
0.00367213
0.00367407
0.003676
0.00367804
0.00368023
0.00368257
0.00368499
0.00368736
0.00368952
0.00369123
0.00369223
0.00369223
0.00369095
0.00368811
0.00368349
0.00138839
0.00176686
0.00212091
0.00242352
0.00268116
0.00290095
0.00308864
0.00324882
0.00338519
0.00350072
0.00359789
0.00367884
0.00374543
0.00379936
0.00384222
0.00387551
0.0039007
0.0039192
0.00393237
0.00394148
0.00394771
0.00395208
0.00395543
0.00395845
0.00396166
0.00396538
0.00396902
0.00397277
0.00397675
0.00398102
0.00398556
0.00399028
0.00399503
0.0039996
0.00400368
0.00400692
0.00400893
0.00400931
0.00400769
0.00400377
0.00139996
0.00185922
0.00228067
0.00262558
0.00291211
0.00315259
0.00335544
0.00352684
0.00367144
0.0037929
0.0038942
0.00397783
0.00404598
0.00410058
0.00414347
0.00417636
0.00420091
0.00421874
0.00423141
0.00424035
0.00424686
0.00425204
0.00425676
0.00426165
0.00426714
0.00427244
0.00427777
0.00428336
0.00428944
0.00429608
0.00430321
0.00431071
0.00431839
0.004326
0.00433312
0.00433927
0.00434394
0.0043466
0.00434666
0.0043437
0.00138813
0.00196762
0.00246396
0.00285199
0.00316682
0.00342696
0.0036439
0.00382548
0.00397742
0.00410403
0.00420878
0.00429453
0.00436372
0.00441856
0.00446108
0.00449321
0.00451683
0.00453378
0.00454582
0.00455459
0.00456152
0.00456779
0.00457428
0.00458157
0.00458867
0.00459562
0.00460271
0.00461041
0.00461913
0.00462893
0.00463954
0.00465071
0.00466228
0.00467401
0.00468529
0.00469542
0.00470384
0.00470989
0.00471262
0.00471121
0.00139542
0.00210194
0.00267627
0.00310679
0.00344833
0.00372654
0.00395618
0.00414679
0.0043051
0.00443606
0.00454358
0.00463083
0.00470055
0.00475516
0.00479688
0.00482788
0.00485024
0.00486604
0.0048773
0.00488587
0.00489335
0.00490099
0.00490975
0.00491891
0.00492802
0.00493691
0.00494605
0.00495652
0.0049692
0.00498388
0.0049996
0.0050158
0.00503269
0.00505022
0.00506735
0.00508291
0.00509656
0.00510788
0.00511511
0.00511642
0.00139922
0.00226927
0.00292148
0.00339166
0.00375755
0.0040521
0.00429317
0.00449188
0.00465582
0.00479053
0.00490031
0.00498863
0.00505847
0.00511244
0.00515298
0.00518243
0.00520313
0.00521742
0.0052276
0.00523581
0.0052438
0.00525286
0.00526311
0.00527456
0.00528657
0.00529835
0.00531042
0.00532516
0.00534443
0.00536728
0.00539074
0.00541356
0.00543744
0.00546337
0.00548901
0.00551155
0.0055319
0.00555135
0.00556653
0.00557267
0.00140617
0.00248323
0.00320099
0.00370612
0.00409384
0.00440338
0.00465513
0.00486149
0.00503079
0.00516905
0.00528092
0.00537015
0.00543992
0.00549306
0.00553215
0.00555974
0.00557836
0.00559063
0.00559917
0.00560644
0.00561425
0.00562369
0.00563474
0.0056487
0.00566535
0.00568294
0.00570071
0.00572266
0.00575264
0.00578852
0.00582315
0.00585402
0.00588646
0.0059245
0.00596328
0.00599524
0.00602328
0.00605376
0.00608187
0.00609703
0.00144411
0.00273795
0.00351058
0.00404667
0.00445505
0.00477935
0.00504194
0.00525622
0.00543118
0.00557329
0.00568754
0.00577794
0.00584788
0.00590035
0.00593809
0.00596377
0.00598009
0.00598985
0.00599595
0.00600093
0.00600692
0.00601485
0.00602688
0.00604428
0.00606857
0.00609797
0.00612808
0.00616143
0.0062043
0.00625587
0.00630719
0.00635083
0.00639452
0.00644765
0.00650528
0.0065528
0.00659147
0.00663435
0.00667929
0.0067116
0.0015867
0.00301052
0.00383937
0.00440809
0.00483858
0.00517891
0.00545342
0.00567657
0.00585803
0.00600477
0.00612213
0.0062144
0.00628518
0.00633761
0.00637457
0.00639877
0.00641295
0.00641991
0.0064227
0.00642424
0.00642735
0.00643477
0.0064494
0.00647393
0.00651032
0.00655652
0.00660531
0.0066526
0.00670521
0.00677096
0.0068474
0.00691809
0.00698068
0.00704888
0.00712708
0.00720147
0.00726491
0.00732854
0.00739523
0.00745294
0.00173495
0.0032961
0.00418525
0.00478906
0.00524362
0.00560166
0.00588954
0.00612283
0.00631191
0.00646429
0.00658578
0.00668097
0.00675358
0.00680702
0.0068443
0.00686817
0.00688133
0.00688664
0.00688736
0.00688737
0.00688978
0.00689949
0.00691988
0.00695395
0.00700377
0.00706594
0.00713131
0.00719737
0.00727249
0.0073628
0.00746504
0.00756514
0.00765979
0.00775949
0.00786802
0.00797645
0.00808027
0.00818479
0.00828798
0.00838146
0.00188865
0.0035987
0.00454916
0.00518967
0.00566998
0.0060473
0.00635017
0.00659485
0.00679263
0.00695168
0.00707822
0.00717727
0.00725299
0.00730897
0.00734838
0.00737408
0.0073889
0.00739591
0.00739855
0.00740015
0.00740527
0.00742105
0.00745145
0.00749684
0.00755868
0.00763725
0.00772688
0.00782322
0.00793115
0.00805454
0.00819074
0.00833041
0.00847053
0.00861968
0.00877817
0.00893604
0.00908964
0.00924329
0.00939593
0.00953822
0.00204689
0.00391657
0.00493042
0.00560953
0.00611709
0.00651494
0.00683354
0.00709078
0.00729857
0.00746558
0.00759852
0.00770278
0.00778293
0.00784289
0.00788612
0.00791581
0.00793525
0.007948
0.00795777
0.00796667
0.00798138
0.00800888
0.00805322
0.00811532
0.00819719
0.00830105
0.0084235
0.00855792
0.00870453
0.00887064
0.0090579
0.00925736
0.00945997
0.00966821
0.00988613
0.0101057
0.0103215
0.0105341
0.0107425
0.0109419
0.00221051
0.00424791
0.00532574
0.00604501
0.00658208
0.00700262
0.00733906
0.00761051
0.00782973
0.00800603
0.00814666
0.00825752
0.00834356
0.00840915
0.00845825
0.00849486
0.00852315
0.00854728
0.0085684
0.0085919
0.00862414
0.00867129
0.00873777
0.00882609
0.00893852
0.00907648
0.00923786
0.00941889
0.00961977
0.00984451
0.0100936
0.0103597
0.0106349
0.0109173
0.011206
0.0114954
0.01178
0.0120577
0.0123284
0.0125922
0.00237877
0.00458283
0.00573233
0.00649607
0.00706532
0.00751063
0.0078667
0.00815397
0.00838608
0.00857312
0.00872298
0.00884216
0.00893619
0.00901004
0.00906846
0.00911634
0.00915871
0.00919694
0.00923584
0.00928096
0.00933835
0.00941376
0.00951188
0.00963609
0.00978886
0.0099714
0.0101831
0.0104225
0.0106897
0.0109849
0.0113065
0.0116487
0.0120049
0.0123696
0.0127373
0.0131014
0.0134569
0.0138023
0.0141403
0.014476
0.0025469
0.004926
0.0061515
0.00696282
0.00756665
0.00803876
0.00841626
0.00872102
0.00896769
0.0091672
0.00932824
0.00945802
0.00956281
0.00964845
0.00972048
0.00978454
0.00984282
0.00990069
0.00996354
0.0100371
0.0101272
0.0102395
0.0103787
0.0105487
0.0107522
0.010991
0.0112652
0.0115742
0.0119172
0.0122923
0.0126958
0.013122
0.0135636
0.0140129
0.014461
0.0148993
0.0153242
0.0157376
0.0161471
0.0165636
0.00271616
0.00527841
0.00658351
0.00744507
0.00808569
0.0085865
0.00898723
0.00931124
0.0095743
0.00978834
0.00996296
0.0101061
0.010225
0.0103262
0.010416
0.0104974
0.0105766
0.0106597
0.0107525
0.0108611
0.0109912
0.0111484
0.0113374
0.0115625
0.0118267
0.0121319
0.0124787
0.0128664
0.0132927
0.0137539
0.0142443
0.0147566
0.0152824
0.0158129
0.0163368
0.0168438
0.0173346
0.0178189
0.0183081
0.0188167
0.00288696
0.00564001
0.00702798
0.00794227
0.00862178
0.0091532
0.0095789
0.00992386
0.0102052
0.010436
0.0106269
0.0107863
0.0109225
0.0110427
0.0111507
0.0112536
0.0113586
0.011472
0.0116002
0.0117496
0.0119258
0.0121345
0.0123806
0.0126682
0.0130004
0.0133793
0.0138053
0.0142768
0.0147902
0.0153395
0.0159159
0.0165094
0.0171105
0.0177113
0.0183019
0.0188746
0.0194347
0.0199976
0.0205787
0.0211956
0.0030589
0.00600991
0.00748382
0.00845315
0.00917357
0.0097374
0.0101898
0.0105575
0.0108591
0.0111089
0.0113182
0.0114966
0.0116531
0.0117921
0.0119215
0.0120497
0.0121841
0.0123315
0.0124991
0.0126934
0.0129203
0.0131853
0.013493
0.0138471
0.0142506
0.0147056
0.0152122
0.0157681
0.0163675
0.0170012
0.0176574
0.0183224
0.0189861
0.0196458
0.0203016
0.0209471
0.0215864
0.0222387
0.0229247
0.0236641
0.00323125
0.00638669
0.00794931
0.00897589
0.00973915
0.0103371
0.0108178
0.0112099
0.0115335
0.0118041
0.0120339
0.0122336
0.0124087
0.0125684
0.0127219
0.0128777
0.013044
0.0132282
0.0134377
0.0136793
0.0139589
0.0142818
0.0146518
0.0150718
0.0155442
0.0160722
0.0166569
0.0172942
0.0179749
0.0186861
0.0194129
0.0201418
0.020868
0.0215915
0.0223109
0.0230227
0.0237342
0.0244692
0.0252558
0.0261193
0.00340325
0.00676865
0.00842239
0.00950812
0.0103158
0.0109495
0.0114599
0.0118779
0.0122249
0.0125175
0.012769
0.0129867
0.0131813
0.0133632
0.0135421
0.0137272
0.0139267
0.0141487
0.0144004
0.0146888
0.01502
0.0153986
0.0158275
0.0163074
0.0168408
0.0174355
0.0180938
0.018808
0.0195631
0.0203422
0.0211322
0.021927
0.0227198
0.0235051
0.0242791
0.0250412
0.0258011
0.0265875
0.0274384
0.0283838
0.00357404
0.00715402
0.00890101
0.0100477
0.0109013
0.0115718
0.0121128
0.0125573
0.0129282
0.0132429
0.0135113
0.0137465
0.0139609
0.0141654
0.0143703
0.0145849
0.0148176
0.0150763
0.0153682
0.0156997
0.0160765
0.0165028
0.0169799
0.0175085
0.0180957
0.0187548
0.0194822
0.0202631
0.0210802
0.0219204
0.0227768
0.023641
0.0245004
0.0253439
0.0261614
0.0269522
0.0277306
0.0285265
0.0293801
0.0303287
0.0037424
0.00754014
0.0093819
0.0105909
0.0114918
0.0122001
0.0127725
0.0132438
0.0136374
0.0139676
0.0142512
0.0145029
0.014736
0.0149623
0.0151923
0.0154354
0.0156996
0.0159921
0.0163193
0.0166869
0.0170985
0.0175555
0.0180614
0.0186292
0.0192747
0.0199976
0.020784
0.0216177
0.0224869
0.0233858
0.0243076
0.0252399
0.0261645
0.0270606
0.027913
0.0287179
0.0294859
0.0302403
0.0310174
0.031849
0.00390712
0.00792431
0.00986172
0.011134
0.0120831
0.0128299
0.0134338
0.0139296
0.0143384
0.0146817
0.014978
0.0152437
0.0154933
0.0157393
0.0159925
0.0162616
0.0165537
0.0168747
0.0172295
0.0176215
0.0180508
0.0185204
0.0190484
0.019659
0.0203619
0.0211385
0.0219685
0.0228404
0.0237535
0.0247057
0.0256881
0.0266817
0.0276601
0.0285967
0.0294712
0.0302758
0.0310157
0.0317042
0.0323696
0.0330357
0.00406606
0.00830255
0.0103359
0.0116722
0.01267
0.0134557
0.0140885
0.0146017
0.0150229
0.0153753
0.0156802
0.0159562
0.0162191
0.0164823
0.0167563
0.0170486
0.0173644
0.0177075
0.0180803
0.0184824
0.0189169
0.0194013
0.0199596
0.0206087
0.0213445
0.0221467
0.0230006
0.0239029
0.0248561
0.0258578
0.0268923
0.0279306
0.0289417
0.0298978
0.0307765
0.0315706
0.0322864
0.0329365
0.0335483
0.0341656
0.00421965
0.00867282
0.0108005
0.0121997
0.0132459
0.0140671
0.0147232
0.0152519
0.0156812
0.0160372
0.0163452
0.0166272
0.0169007
0.0171791
0.0174717
0.0177835
0.0181172
0.0184728
0.0188496
0.019252
0.019696
0.0202033
0.020792
0.0214674
0.0222176
0.0230278
0.0238924
0.0248163
0.0258039
0.0268454
0.0279137
0.0289756
0.0300008
0.0309616
0.0318389
0.0326313
0.0333483
0.0340095
0.0346507
0.0353244
0.00436735
0.00903199
0.0112501
0.0127096
0.0137987
0.0146505
0.0153293
0.0158711
0.016303
0.016655
0.0169602
0.0172455
0.0175295
0.0178235
0.0181333
0.0184604
0.0188022
0.0191565
0.0195298
0.0199373
0.0203978
0.0209298
0.0215434
0.0222331
0.0229846
0.0237911
0.0246591
0.0255997
0.0266123
0.0276761
0.0287596
0.0298306
0.0308599
0.0318227
0.0327059
0.033516
0.0342672
0.0349832
0.0356993
0.0364605
0.00450974
0.0093781
0.0116804
0.0131912
0.0143153
0.0151948
0.0158942
0.0164462
0.0168735
0.0172123
0.0175128
0.0178048
0.0181036
0.0184157
0.0187419
0.0190773
0.0194173
0.0197681
0.0201451
0.0205657
0.021047
0.0216005
0.0222254
0.0229107
0.0236478
0.0244424
0.0253099
0.0262601
0.0272832
0.0283532
0.0294396
0.0305118
0.0315421
0.0325087
0.0334058
0.034248
0.0350535
0.0358454
0.0366539
0.0375144
0.00465027
0.0097134
0.0120902
0.0136416
0.0147943
0.0156941
0.0164065
0.01696
0.0173704
0.0176924
0.0179969
0.0183072
0.0186286
0.0189616
0.0193007
0.0196379
0.0199763
0.020331
0.02072
0.0211602
0.0216624
0.0222268
0.0228451
0.0235081
0.0242208
0.0249991
0.02586
0.0268073
0.0278244
0.0288865
0.0299666
0.0310364
0.0320679
0.0330395
0.0339553
0.0348387
0.0357089
0.0365854
0.0374915
0.0384532
0.0047865
0.010036
0.0124742
0.0140616
0.0152367
0.0161471
0.0168539
0.0173793
0.0177645
0.018097
0.0184289
0.0187686
0.0191159
0.0194671
0.0198131
0.0201508
0.0204929
0.0208586
0.021267
0.0217297
0.0222459
0.0228074
0.0234041
0.0240381
0.0247243
0.0254828
0.0263284
0.0272568
0.0282511
0.0292915
0.0303555
0.0314179
0.0324483
0.0334232
0.0343609
0.0352921
0.0362325
0.0371953
0.0381964
0.0392532
0.00490193
0.0103082
0.0128028
0.0144192
0.0156068
0.016514
0.0171967
0.0176937
0.0180837
0.0184491
0.0188157
0.0191855
0.0195566
0.0199223
0.0202736
0.020616
0.0209672
0.0213501
0.0217819
0.0222628
0.022784
0.0233342
0.0239085
0.024517
0.0251786
0.0259144
0.0267326
0.0276262
0.0285833
0.0295901
0.0306277
0.0316722
0.0326899
0.0336625
0.0346253
0.0356095
0.0366226
0.0376695
0.038759
0.0399013
0.00504025
0.0105447
0.0130837
0.0147236
0.0159208
0.0168186
0.0174754
0.0179589
0.0183622
0.0187529
0.0191469
0.0195418
0.0199335
0.0203133
0.0206749
0.0210292
0.0213966
0.0218011
0.0222524
0.0227447
0.0232662
0.0238064
0.0243664
0.0249572
0.0255981
0.0263063
0.0270833
0.0279263
0.0288328
0.0297954
0.0307977
0.0318147
0.0328084
0.0337765
0.0347682
0.0358054
0.0368876
0.0380126
0.0391821
0.0403996
0.00516373
0.0107325
0.0133051
0.0149623
0.0161662
0.0170604
0.0177128
0.0182054
0.0186293
0.0190406
0.0194513
0.0198595
0.0202618
0.0206505
0.0210233
0.0213916
0.0217761
0.0221983
0.0226643
0.0231656
0.0236888
0.024229
0.0247862
0.0253691
0.0259935
0.0266652
0.0273848
0.0281607
0.0290039
0.0299144
0.0308772
0.0318639
0.0328321
0.0337986
0.0348184
0.035903
0.0370461
0.0382405
0.0394813
0.0407651
0.00524862
0.0108575
0.0134587
0.0151328
0.0163446
0.0172377
0.0178947
0.0184127
0.0188701
0.0193079
0.019735
0.0201523
0.0205596
0.0209546
0.0213374
0.0217175
0.0221145
0.0225465
0.0230194
0.0235259
0.0240568
0.0246089
0.0251752
0.0257609
0.0263719
0.0269986
0.0276438
0.0283376
0.0291122
0.0299723
0.0309005
0.0318617
0.0328081
0.033772
0.0348105
0.0359308
0.0371235
0.0383778
0.0396834
0.04103
0.00532134
0.0109542
0.0135785
0.0152659
0.0164807
0.0173723
0.0180434
0.0185912
0.0190836
0.0195493
0.0199952
0.0204244
0.0208392
0.0212414
0.0216336
0.0220239
0.0224294
0.0228651
0.0233394
0.0238507
0.0243948
0.0249636
0.0255456
0.0261412
0.0267398
0.0273152
0.0278717
0.0284785
0.0291931
0.0300148
0.0309186
0.0318612
0.0327895
0.0337452
0.034791
0.0359325
0.0371605
0.0384628
0.0398275
0.0412397
0.00539614
0.0110479
0.0136932
0.015392
0.0166072
0.0175006
0.0181878
0.018762
0.0192851
0.0197766
0.020242
0.0206853
0.0211109
0.0215226
0.021925
0.0223246
0.0227351
0.0231728
0.0236487
0.0241672
0.0247254
0.0253119
0.0259131
0.0265186
0.0271049
0.0276187
0.0280778
0.0286154
0.0292918
0.0300895
0.0309769
0.0319061
0.0328206
0.0337646
0.0348099
0.0359627
0.0372143
0.0385533
0.0399687
0.0414478
0.00546493
0.011126
0.0137858
0.0154931
0.0167157
0.0176278
0.0183398
0.0189443
0.0194957
0.0200087
0.0204898
0.0209449
0.0213801
0.0218009
0.022213
0.0226215
0.0230377
0.0234779
0.023957
0.0244832
0.0250526
0.025654
0.0262711
0.0268816
0.0274411
0.0278751
0.0282669
0.0287725
0.0294245
0.0302054
0.0310829
0.0320084
0.0329238
0.0338669
0.034915
0.0360812
0.0373571
0.0387318
0.0401953
0.0417361
0.00549874
0.0111454
0.0138086
0.0155266
0.0167739
0.0177232
0.0184768
0.0191222
0.0197045
0.0202379
0.0207326
0.0211978
0.0216417
0.0220712
0.0224925
0.0229103
0.0233334
0.0237771
0.02426
0.0247928
0.0253707
0.0259827
0.0266106
0.027219
0.0277407
0.0281301
0.0284973
0.0289782
0.0296064
0.0303709
0.0312402
0.0321695
0.0331063
0.0340723
0.0351398
0.0363354
0.0376527
0.039083
0.0406188
0.0422533
0.00551361
0.0111307
0.0137944
0.0155262
0.0168015
0.0177875
0.0185833
0.0192694
0.0198829
0.020439
0.0209511
0.0214309
0.0218876
0.0223287
0.0227607
0.0231879
0.023618
0.0240664
0.0245537
0.0250906
0.0256724
0.0262892
0.0269246
0.0275288
0.0280243
0.0284129
0.0287899
0.0292581
0.0298664
0.0306135
0.0314727
0.0324092
0.0333832
0.0343984
0.035511
0.0367576
0.0381426
0.039662
0.0413114
0.0430944
0.00552891
0.0111137
0.0137798
0.0155255
0.0168247
0.0178408
0.01867
0.0193891
0.02003
0.0206103
0.0211447
0.0216451
0.0221201
0.0225768
0.0230213
0.0234578
0.0238947
0.0243495
0.0248417
0.0253796
0.0259592
0.0265719
0.0272032
0.0278053
0.0283087
0.028727
0.0291325
0.0296083
0.0302105
0.0309493
0.0318068
0.0327603
0.0337845
0.0348736
0.0360608
0.0373823
0.0388637
0.0405122
0.0423286
0.0443258
0.00554195
0.0110974
0.0137716
0.0155322
0.0168515
0.0178903
0.0187451
0.0194896
0.0201559
0.0207632
0.0213248
0.0218501
0.0223461
0.0228196
0.0232765
0.0237221
0.0241669
0.0246298
0.0251271
0.0256649
0.0262397
0.0268436
0.0274631
0.0280651
0.0286009
0.0290716
0.0295176
0.0300171
0.030635
0.0313869
0.0322639
0.0332532
0.0343411
0.0355225
0.0368142
0.0382431
0.0398492
0.0416602
0.0436904
0.0459566
0.00553082
0.0110564
0.0137494
0.0155375
0.0168829
0.0179412
0.0188158
0.0195814
0.0202762
0.0209155
0.0215073
0.0220582
0.0225742
0.0230622
0.0235293
0.0239824
0.0244347
0.0249046
0.0254056
0.0259426
0.026513
0.0271097
0.0277192
0.0283193
0.0288854
0.0294157
0.0299253
0.0304802
0.0311474
0.0319444
0.0328701
0.0339191
0.035086
0.0363714
0.0377911
0.0393729
0.0411547
0.0431787
0.0454837
0.048109
0.00547938
0.0109631
0.0136731
0.0154917
0.0168714
0.0179649
0.0188715
0.0196721
0.0204043
0.0210785
0.0217002
0.0222746
0.0228077
0.0233071
0.0237818
0.0242412
0.0247001
0.0251749
0.0256774
0.026213
0.0267814
0.0273776
0.0279911
0.0286055
0.0292066
0.0297948
0.030384
0.0310209
0.0317653
0.03264
0.0336447
0.0347776
0.0360429
0.037453
0.0390309
0.0408122
0.0428418
0.0451751
0.0478668
0.050967
0.00538825
0.0108208
0.0135435
0.015392
0.01681
0.0179472
0.018898
0.0197454
0.0205236
0.0212383
0.021893
0.0224924
0.023043
0.023554
0.0240362
0.0245025
0.024968
0.0254477
0.0259528
0.02649
0.0270624
0.0276683
0.0283018
0.0289535
0.0296131
0.0302741
0.030944
0.0316609
0.0324885
0.0334556
0.0345568
0.0357912
0.0371757
0.0387381
0.0405122
0.0425422
0.0448868
0.04761
0.0507677
0.0543701
0.00525982
0.0106394
0.0133728
0.0152504
0.0167081
0.0178922
0.0188934
0.019793
0.0206217
0.021381
0.0220725
0.0227005
0.0232723
0.0237983
0.0242918
0.0247678
0.025242
0.0257291
0.0262408
0.0267854
0.0273682
0.0279914
0.0286545
0.0293535
0.0300812
0.0308279
0.0315898
0.032379
0.0332779
0.0343309
0.0355296
0.0368795
0.0384088
0.0401543
0.0421558
0.0444622
0.0471382
0.0502547
0.0538299
0.0576564
0.00512947
0.0104314
0.013172
0.0150745
0.0165682
0.017798
0.0188507
0.0198027
0.0206812
0.021486
0.0222176
0.0228791
0.0234772
0.024023
0.0245324
0.0250227
0.0255108
0.0260116
0.0265365
0.0270943
0.027692
0.0283351
0.0290275
0.0297707
0.0305623
0.0313936
0.0322405
0.0330788
0.0340491
0.0351912
0.036488
0.0379742
0.0396737
0.0416176
0.0438427
0.0463952
0.0493552
0.0527695
0.056482
0.0600155
0.00502136
0.0102436
0.012976
0.0148888
0.0164045
0.0176703
0.0187644
0.0197572
0.0206773
0.0215249
0.0222998
0.0230017
0.0236332
0.0242047
0.0247354
0.0252466
0.0257563
0.0262788
0.0268246
0.0274018
0.028018
0.0286806
0.0293962
0.0301709
0.031008
0.0318987
0.0328038
0.0337182
0.0347646
0.0359951
0.0373848
0.0389985
0.0408608
0.0429779
0.0453836
0.0481447
0.0513137
0.0547709
0.0581358
0.0607498
0.00493627
0.0101049
0.0128189
0.0147311
0.0162579
0.0175471
0.018666
0.0196743
0.0206119
0.0214896
0.0223049
0.0230509
0.0237224
0.0243229
0.0248787
0.0254176
0.0259574
0.0265104
0.0270854
0.0276889
0.0283276
0.0290087
0.0297401
0.0305305
0.0313865
0.0323049
0.0332544
0.0342389
0.035357
0.0366669
0.0381539
0.0398691
0.0418492
0.0441285
0.0467371
0.0496331
0.0527405
0.055745
0.0582721
0.0603621
0.00487309
0.0100135
0.0127095
0.014618
0.0161508
0.0174525
0.0185819
0.0195902
0.020528
0.0214143
0.0222501
0.0230301
0.0237376
0.0243648
0.0249476
0.0255196
0.0260966
0.0266875
0.0272984
0.0279339
0.0285986
0.0292987
0.030042
0.0308383
0.0316963
0.03262
0.0335979
0.0346287
0.0357801
0.0371203
0.0386651
0.0404425
0.042501
0.0449138
0.0475627
0.0502727
0.0529624
0.0554863
0.0578434
0.060088
0.00482765
0.00994964
0.0126279
0.0145297
0.0160631
0.0173688
0.0185042
0.0195106
0.0204422
0.0213248
0.0221621
0.0229515
0.023669
0.024318
0.0249339
0.0255437
0.0261611
0.0267927
0.0274424
0.0281118
0.0288028
0.0295197
0.0302709
0.0310673
0.0319196
0.0328365
0.0338216
0.0348792
0.0360373
0.0373557
0.0388744
0.0406156
0.0426068
0.0448388
0.0472516
0.04977
0.0523127
0.0548085
0.0572532
0.0596692
0.00479769
0.00990369
0.0125614
0.0144519
0.0159803
0.0172854
0.0184265
0.0194328
0.0203557
0.0212316
0.022068
0.0228609
0.0235763
0.0242252
0.0248592
0.0254988
0.0261505
0.0268166
0.0274988
0.0281968
0.0289086
0.0296351
0.0303846
0.0311708
0.0320075
0.0329055
0.0338741
0.0349259
0.0360772
0.0373642
0.0388229
0.0404606
0.0422927
0.0443324
0.0465569
0.048924
0.0513781
0.0538686
0.0563775
0.0589209
0.00477334
0.00985906
0.0124992
0.0143802
0.0159051
0.0172106
0.0183554
0.0193623
0.0202717
0.0211355
0.0219693
0.0227647
0.0234869
0.0241347
0.0247695
0.0254168
0.0260796
0.0267594
0.0274565
0.0281695
0.0288923
0.0296182
0.0303534
0.0311165
0.031924
0.0327879
0.0337192
0.0347301
0.0358365
0.0370621
0.0384367
0.0399734
0.0416898
0.0436089
0.0457083
0.0479554
0.0503193
0.0527699
0.0552916
0.0578911
0.00474418
0.009791
0.0124181
0.0142939
0.0158182
0.0171255
0.0182716
0.0192766
0.0201746
0.0210278
0.021858
0.0226529
0.0233869
0.0240426
0.0246679
0.0253023
0.0259558
0.02663
0.0273241
0.028035
0.0287547
0.0294693
0.0301825
0.0309153
0.0316855
0.032505
0.0333855
0.034341
0.035388
0.0365472
0.037841
0.03929
0.0409103
0.0427223
0.0447154
0.0468611
0.0491419
0.0515347
0.054023
0.0566105
0.00469497
0.00969226
0.0123054
0.0141762
0.0156999
0.0170088
0.0181568
0.0191596
0.0200507
0.0208979
0.0217263
0.022525
0.0232788
0.0239597
0.0245785
0.0251896
0.0258191
0.0264729
0.0271492
0.0278435
0.0285474
0.0292438
0.0299303
0.0306295
0.0313594
0.0321325
0.0329604
0.033858
0.0348442
0.0359393
0.0371634
0.0385345
0.0400667
0.0417754
0.0436594
0.0457021
0.0478908
0.0502032
0.0526235
0.0551589
0.00462168
0.00955587
0.0121536
0.014021
0.0155452
0.0168564
0.0180089
0.0190138
0.0199018
0.0207422
0.0215664
0.0223696
0.0231393
0.0238504
0.0244862
0.0250851
0.0256891
0.0263145
0.0269634
0.0276322
0.0283136
0.0289936
0.0296627
0.0303328
0.0310234
0.0317511
0.0325291
0.0333719
0.034298
0.0353282
0.0364827
0.0377787
0.0392287
0.0408411
0.0426204
0.0445602
0.0466504
0.0488701
0.0512074
0.053682
0.00452632
0.00937697
0.011959
0.0138231
0.0153467
0.0166581
0.017812
0.0188213
0.019711
0.0205435
0.0213567
0.0221568
0.0229343
0.0236722
0.0243495
0.0249659
0.0255581
0.0261578
0.026777
0.0274179
0.0280764
0.0287426
0.0294051
0.0300615
0.0307242
0.0314139
0.0321481
0.0329423
0.0338136
0.0347815
0.0358665
0.037087
0.0384565
0.0399833
0.0416692
0.0435118
0.045505
0.0476391
0.0499163
0.0523688
0.00441208
0.0091687
0.0117314
0.0135898
0.0151098
0.0164169
0.0175664
0.0185786
0.0194738
0.0203054
0.0211108
0.0219045
0.0226837
0.0234354
0.0241464
0.0248047
0.025416
0.0260062
0.0266
0.0272128
0.0278495
0.0285039
0.0291643
0.0298221
0.0304773
0.0311457
0.0318475
0.032602
0.0334282
0.0343427
0.0353659
0.0365179
0.0378141
0.0392643
0.0408725
0.0426393
0.0445578
0.0466327
0.0489013
0.0514184
0.00428535
0.00894527
0.0114855
0.0133375
0.0148546
0.0161591
0.0173055
0.0183213
0.0192249
0.0200547
0.0208525
0.0216368
0.0224102
0.0231646
0.0238918
0.0245843
0.0252359
0.0258496
0.0264401
0.0270318
0.0276456
0.0282848
0.0289403
0.0296022
0.0302649
0.030934
0.0316241
0.0323568
0.0331541
0.0340312
0.0350085
0.0361109
0.0373554
0.0387528
0.0403098
0.0420305
0.0439176
0.0460001
0.0483471
0.0510487
0.00415337
0.0087189
0.0112319
0.013073
0.0145849
0.015887
0.0170324
0.0180487
0.0189508
0.0197743
0.020566
0.0213454
0.022115
0.0228699
0.0236051
0.0243161
0.0249985
0.0256497
0.0262694
0.0268675
0.0274672
0.0280846
0.0287237
0.0293806
0.0300501
0.0307339
0.0314401
0.0321827
0.0329748
0.033837
0.0347983
0.0358851
0.0371155
0.0385003
0.0400475
0.041768
0.043686
0.0458622
0.0484008
0.0514463
0.00402703
0.00851151
0.0109939
0.0128199
0.0143228
0.0156201
0.0167653
0.0177868
0.018695
0.0195166
0.0203035
0.0210759
0.0218371
0.022586
0.0233197
0.0240353
0.0247293
0.0254005
0.0260478
0.0266707
0.0272799
0.0278868
0.0285043
0.0291459
0.0298158
0.0305167
0.0312537
0.0320357
0.0328514
0.0337078
0.0347058
0.03584
0.0371094
0.0385291
0.0401094
0.041872
0.0438718
0.0462138
0.0490599
0.052633
0.0039105
0.00833313
0.0107933
0.0126111
0.0141117
0.0154106
0.0165602
0.0175872
0.0184987
0.0193126
0.0200829
0.0208387
0.0215852
0.0223224
0.023048
0.0237589
0.0244519
0.0251254
0.0257798
0.026415
0.0270343
0.0276439
0.0282572
0.0288942
0.0295669
0.0302826
0.0310498
0.0318796
0.0327627
0.0336607
0.0347035
0.0359477
0.0373233
0.0388232
0.0404646
0.0422903
0.0443959
0.0469464
0.0501851
0.0544335
0.00380121
0.00817877
0.0106286
0.0124458
0.0139481
0.0152479
0.0163961
0.017419
0.0183251
0.0191285
0.0198801
0.0206154
0.0213444
0.0220683
0.0227842
0.0234882
0.0241763
0.0248456
0.0254952
0.0261263
0.0267448
0.0273631
0.0279912
0.0286402
0.0293237
0.0300547
0.030846
0.0317117
0.032659
0.0336636
0.0347659
0.0360802
0.0375907
0.0392447
0.0410077
0.0429291
0.0451793
0.0480098
0.0517588
0.0568629
0.00370309
0.00805197
0.0104971
0.0123152
0.0138176
0.0151142
0.0162543
0.0172646
0.0181595
0.0189551
0.0196944
0.0204133
0.0211256
0.0218359
0.0225411
0.0232367
0.0239182
0.0245823
0.0252283
0.0258593
0.0264823
0.0271088
0.0277488
0.0284125
0.0291118
0.0298605
0.0306735
0.0315671
0.0325575
0.0336503
0.034852
0.036241
0.0378487
0.0396424
0.0415967
0.0437276
0.0462468
0.0495292
0.054022
0.0603195
0.00362915
0.00796862
0.0104081
0.0122223
0.0137205
0.0150111
0.0161426
0.0171405
0.0180212
0.018803
0.0195259
0.0202314
0.0209349
0.0216382
0.022337
0.0230263
0.023702
0.0243621
0.0250072
0.0256413
0.0262718
0.026908
0.0275602
0.0282387
0.0289549
0.0297221
0.030555
0.0314712
0.0324915
0.0336396
0.0349435
0.0364524
0.0381949
0.0401354
0.0422896
0.044722
0.0477164
0.0517587
0.057445
0.0656137
0.00359053
0.00794139
0.0103711
0.0121742
0.0136622
0.0149438
0.0160672
0.0170569
0.0179285
0.0186986
0.0194049
0.0200959
0.0207934
0.0214939
0.0221889
0.0228726
0.0235422
0.0241978
0.0248416
0.0254786
0.0261159
0.0267624
0.0274275
0.0281216
0.0288556
0.0296422
0.0304958
0.031434
0.0324804
0.0336681
0.0350442
0.036672
0.0385765
0.0407079
0.0431315
0.0460394
0.0498033
0.0550174
0.0625052
0.0734784
0.00358727
0.00796925
0.0103868
0.0121742
0.0136491
0.0149222
0.0160424
0.0170331
0.017906
0.0186731
0.0193624
0.0200368
0.0207262
0.0214192
0.022105
0.0227784
0.0234384
0.0240865
0.0247264
0.0253637
0.0260055
0.0266603
0.027337
0.0280457
0.0287972
0.0296036
0.0304794
0.0314425
0.032518
0.0337436
0.0351782
0.0368968
0.0389452
0.0413443
0.0442126
0.0478479
0.0527467
0.059699
0.069856
0.0848372
0.00360672
0.00803794
0.0104475
0.0122217
0.0136857
0.0149532
0.0160748
0.0170736
0.0179589
0.0187368
0.019402
0.0200558
0.0207259
0.0213988
0.0220677
0.0227271
0.0233758
0.0240155
0.0246502
0.0252857
0.0259292
0.0265892
0.0272746
0.0279953
0.0287622
0.0295879
0.030488
0.0314826
0.0326007
0.0338869
0.0354129
0.0372727
0.0395322
0.0422721
0.0457199
0.0503113
0.056743
0.0660834
0.0798441
0.100002
0.00362907
0.00812229
0.0105384
0.0123101
0.013771
0.0150388
0.0161669
0.0171792
0.0180809
0.0188685
0.0195289
0.0201538
0.0207861
0.0214244
0.0220677
0.02271
0.0233478
0.0239806
0.0246114
0.0252452
0.0258895
0.0265531
0.0272456
0.027977
0.028759
0.0296055
0.0305346
0.0315713
0.0327516
0.0341308
0.0357943
0.0378713
0.0404302
0.0436372
0.047864
0.0537267
0.0621876
0.0746497
0.0929918
0.119477
0.00364179
0.00820404
0.010644
0.0124241
0.0138858
0.015152
0.0162815
0.0173044
0.0182172
0.0190005
0.0196767
0.0202937
0.0208964
0.0215021
0.0221176
0.0227415
0.0233692
0.0239979
0.0246279
0.0252626
0.0259095
0.0265782
0.0272797
0.0280247
0.0288253
0.0296975
0.0306632
0.031753
0.0330113
0.0345041
0.0363411
0.0386916
0.0416766
0.0455311
0.0507967
0.0583289
0.0693703
0.085625
0.109229
0.142597
0.003658
0.00829488
0.0107713
0.0125642
0.0140222
0.0152737
0.0163834
0.0173897
0.0182993
0.0190931
0.0197965
0.0204377
0.0210421
0.0216346
0.0222344
0.0228465
0.0234677
0.0240955
0.0247288
0.0253688
0.0260216
0.0266989
0.0274139
0.0281778
0.0290028
0.0299064
0.0309144
0.0320645
0.0334106
0.0350332
0.0370774
0.0397548
0.0433031
0.0480743
0.0547794
0.0645386
0.0788351
0.0995595
0.128939
0.169438
0.00372797
0.00843711
0.0109561
0.0127609
0.0142083
0.0154319
0.0165024
0.017465
0.0183441
0.0191442
0.0198792
0.0205679
0.0212131
0.0218251
0.0224332
0.0230467
0.0236674
0.0242983
0.0249404
0.0255916
0.0262537
0.0269422
0.027677
0.0284676
0.0293225
0.0302602
0.0313121
0.0325258
0.03397
0.0357479
0.0380492
0.0411538
0.04545
0.0515115
0.0602962
0.0731833
0.0918208
0.118055
0.153718
0.201425
0.00385685
0.00866876
0.0112389
0.0130567
0.0144918
0.015683
0.0167059
0.0176139
0.0184483
0.0192366
0.0199903
0.0207116
0.0213967
0.0220506
0.02269
0.0233228
0.0239567
0.0246055
0.0252742
0.025954
0.0266295
0.0273314
0.0280956
0.0289238
0.0298116
0.0307798
0.0318684
0.0331452
0.0347028
0.0366772
0.0393067
0.0429707
0.0482443
0.0560506
0.0677559
0.0850223
0.109016
0.140999
0.183242
0.240045
0.00404492
0.0090071
0.0116377
0.0134736
0.0149036
0.016071
0.0170522
0.0179043
0.0186823
0.0194322
0.0201727
0.0208997
0.0216046
0.0222902
0.0229613
0.0236183
0.0242843
0.0249807
0.0257091
0.0264496
0.0271607
0.0278713
0.0286633
0.0295388
0.0304713
0.0314753
0.0325947
0.0339424
0.0356435
0.0378636
0.0408802
0.0452052
0.0516828
0.0616965
0.0772363
0.0994348
0.128853
0.166158
0.214107
0.278177
0.00428376
0.00944011
0.0121319
0.0139901
0.0154273
0.0165915
0.0175542
0.0183604
0.0190682
0.0197467
0.0204289
0.0211183
0.021812
0.0225062
0.0231907
0.023865
0.0245737
0.0253347
0.0261274
0.0269102
0.0276587
0.0284337
0.0293038
0.030231
0.0312085
0.0322649
0.0334366
0.0348921
0.0367872
0.0393348
0.0428335
0.0479227
0.0557638
0.0682541
0.0876633
0.114977
0.148906
0.191049
0.245214
0.316007
0.00455412
0.0099163
0.0126582
0.0145394
0.0159895
0.0171671
0.0181454
0.0189316
0.0195459
0.0201224
0.0207149
0.0213376
0.0219881
0.0226576
0.0233294
0.0240103
0.0247347
0.0255122
0.0263262
0.0271627
0.0280131
0.0288988
0.0298764
0.0309559
0.032007
0.0329836
0.0342225
0.0358937
0.0380527
0.0410038
0.0450106
0.0508825
0.0602078
0.0747664
0.0960963
0.125065
0.162588
0.208497
0.268915
0.346934
0.00484721
0.0103875
0.0131591
0.0150618
0.016513
0.0176864
0.0186738
0.0194066
0.0199464
0.0204404
0.0209652
0.0215368
0.0221474
0.0227833
0.0234341
0.0241107
0.0248294
0.0255904
0.0263942
0.0272502
0.0281583
0.0290983
0.0301018
0.0312365
0.0324965
0.0337745
0.0349456
0.0364636
0.0388676
0.0421656
0.0463948
0.0527706
0.0629674
0.0781916
0.0993721
0.130454
0.171831
0.224847
0.297181
0.389754
0.00521796
0.0108495
0.0135888
0.0154848
0.0169345
0.0180839
0.018972
0.0195733
0.0202421
0.0207565
0.021269
0.0218219
0.0224026
0.0230033
0.023629
0.024293
0.0250007
0.0257503
0.0265432
0.0273825
0.0282681
0.0291956
0.0301874
0.031289
0.0325385
0.0339608
0.0355437
0.0372579
0.0393795
0.0424629
0.0467918
0.0533228
0.0635283
0.0791835
0.103234
0.139121
0.187623
0.253974
0.343814
0.456885
0.00568951
0.0114642
0.0141509
0.015985
0.0173955
0.0184114
0.0191818
0.0198675
0.0205714
0.0211594
0.0216828
0.0222266
0.0228093
0.0234064
0.0240343
0.0247069
0.0254226
0.0261775
0.0269704
0.027802
0.0286724
0.0295875
0.0305697
0.0316537
0.0328799
0.034302
0.0360022
0.0380936
0.0406258
0.043767
0.0480989
0.0547361
0.0653943
0.0826031
0.110155
0.152967
0.216462
0.30806
0.427615
0.538487
0.00600102
0.0120717
0.0148046
0.0166099
0.0179895
0.0190058
0.0197856
0.0204826
0.0211217
0.0217305
0.022323
0.0229269
0.0235353
0.0241552
0.0248156
0.025519
0.0262585
0.0270278
0.0278272
0.0286591
0.0295268
0.0304396
0.0314176
0.0324927
0.0337086
0.0351277
0.0368445
0.0390042
0.0418062
0.0455347
0.0505987
0.0579949
0.0697919
0.0889649
0.119531
0.168165
0.243389
0.355544
0.51593
0.610974
0.00610447
0.0123863
0.0152682
0.0171571
0.0186002
0.0197665
0.0207387
0.0215684
0.022266
0.0229102
0.023549
0.0241882
0.02483
0.0254919
0.0261894
0.0269206
0.0276767
0.0284493
0.0292405
0.0300586
0.0309083
0.0317968
0.0327384
0.0337626
0.0349189
0.0362846
0.0379768
0.0401688
0.043128
0.0472677
0.0532559
0.0621011
0.0757859
0.0975288
0.132121
0.186684
0.270801
0.397111
0.582966
0.682394
0.00616996
0.0125456
0.0156048
0.0176759
0.019306
0.0206836
0.0218915
0.0229674
0.0239157
0.0247525
0.0255157
0.0262409
0.0269502
0.0276664
0.0283999
0.0291495
0.0299068
0.030662
0.0314215
0.0321995
0.032999
0.0338208
0.0346727
0.0355801
0.0365993
0.037826
0.039413
0.0415942
0.0447222
0.0493437
0.0562433
0.0666242
0.0824634
0.107002
0.145174
0.204244
0.294921
0.432485
0.637879
0.744634
0.006346
0.012935
0.0162432
0.0185779
0.0204921
0.0221674
0.0236751
0.0250444
0.0262829
0.0273893
0.0283784
0.0292768
0.0301135
0.0309172
0.0317032
0.0324752
0.0332283
0.0339563
0.0346685
0.0353802
0.036097
0.036816
0.0375339
0.0382695
0.0390887
0.0401055
0.0415056
0.0435914
0.046819
0.0518506
0.0596309
0.0714909
0.0893905
0.116435
0.15754
0.220576
0.318237
0.470022
0.704369
0.802213
0.00673529
0.013809
0.0175139
0.0202254
0.0225148
0.0245616
0.0264296
0.028139
0.029694
0.0310939
0.0323453
0.0334633
0.0344756
0.0354078
0.0362779
0.0370932
0.0378542
0.0385626
0.0392275
0.0398648
0.0404864
0.0410915
0.0416667
0.0422153
0.0428052
0.0435669
0.0447119
0.0466013
0.049777
0.055011
0.0633755
0.0762628
0.0955965
0.124407
0.167793
0.234398
0.338608
0.503214
0.763733
0.843375
0.00738701
0.015297
0.0195907
0.0228141
0.0255788
0.0280681
0.0303438
0.0324244
0.0343153
0.0360144
0.0375296
0.0388778
0.040081
0.0411617
0.0421392
0.0430254
0.0438243
0.0445422
0.0451898
0.0457807
0.0463285
0.0468399
0.0473058
0.0477059
0.0480791
0.048569
0.0494092
0.0509835
0.0538734
0.0589285
0.0673145
0.0804752
0.100321
0.129887
0.174472
0.243407
0.352212
0.525597
0.801052
0.857312
0.00832328
0.0174814
0.0225827
0.0264603
0.0297936
0.0327825
0.0354945
0.0379481
0.0401578
0.0421341
0.0438914
0.0454485
0.0468278
0.0480525
0.049144
0.05012
0.0509921
0.0517681
0.0524579
0.0530696
0.05361
0.0540903
0.0545088
0.0548309
0.0550588
0.0553136
0.0558268
0.0569685
0.0593147
0.0637457
0.0714802
0.0840239
0.103345
0.132547
0.177087
0.246494
0.356458
0.531318
0.807773
0.840548
0.00954972
0.0204284
0.0265714
0.0312338
0.035198
0.0386989
0.0418236
0.0446132
0.0470953
0.0492949
0.0512379
0.0529522
0.0544663
0.0558084
0.0570048
0.0580782
0.0590469
0.0599264
0.0607289
0.0614532
0.0620944
0.0626569
0.0631319
0.0634854
0.0637049
0.0638406
0.0640615
0.0647153
0.0663618
0.0698504
0.0763855
0.0875235
0.105334
0.133015
0.176096
0.244049
0.352086
0.523491
0.793947
0.808241
0.0111398
0.0241948
0.0315827
0.0371202
0.0417363
0.0457198
0.0491956
0.0522364
0.0548965
0.0572234
0.0592613
0.0610521
0.0626351
0.064047
0.0653212
0.0664871
0.0675698
0.0685908
0.0695668
0.0705017
0.0713843
0.072197
0.0729128
0.0734821
0.07387
0.0740802
0.0741794
0.074438
0.0753869
0.0778346
0.0829251
0.0922042
0.107797
0.132978
0.173297
0.238016
0.341596
0.506008
0.765747
0.767449
0.0131103
0.0287658
0.0376346
0.0441188
0.0493508
0.0537184
0.0574142
0.0605625
0.063258
0.0655788
0.0675925
0.0693579
0.070927
0.0723459
0.0736566
0.0748968
0.0761011
0.0773006
0.0785206
0.0797747
0.0810585
0.0823444
0.08358
0.0846842
0.0855613
0.086152
0.0864797
0.0866885
0.0871728
0.0887274
0.0925264
0.100018
0.113202
0.135259
0.171635
0.231263
0.327533
0.480082
0.720093
0.722062
0.0154583
0.0342793
0.044865
0.0522992
0.05801
0.0625592
0.0662546
0.069299
0.0718399
0.0739916
0.0758449
0.0774742
0.078941
0.0802989
0.0815969
0.0828815
0.0841993
0.0855975
0.087123
0.0888155
0.0906962
0.0927523
0.0949217
0.0970861
0.0990843
0.100752
0.102012
0.102878
0.103547
0.10481
0.107923
0.114157
0.125259
0.144153
0.17607
0.229843
0.318595
0.461005
0.686055
0.686234
0.0183844
0.0412445
0.0537283
0.0619191
0.0677544
0.0721015
0.0754501
0.078104
0.0802644
0.082073
0.0836341
0.0850261
0.0863114
0.0875438
0.088775
0.0900586
0.0914548
0.0930355
0.0948886
0.0971151
0.0998134
0.103048
0.106809
0.110975
0.115328
0.119582
0.123416
0.126564
0.129179
0.131955
0.135451
0.140646
0.149483
0.16494
0.191919
0.238949
0.319202
0.451661
0.664326
0.642743
0.0250392
0.0521756
0.0656903
0.0735519
0.0785958
0.0820483
0.0845593
0.0864934
0.088062
0.0893946
0.0905776
0.0916718
0.0927252
0.0937817
0.0948885
0.0961018
0.0974936
0.099165
0.101265
0.104006
0.107665
0.112554
0.118931
0.126879
0.136248
0.146637
0.157284
0.167189
0.176338
0.184771
0.189196
0.190269
0.193071
0.201985
0.221852
0.260236
0.328573
0.443527
0.640188
0.576605
0.0456459
0.0708463
0.0822565
0.0871904
0.0898783
0.091579
0.0928007
0.0938064
0.0947099
0.0955568
0.0963721
0.0971757
0.0979886
0.0988371
0.0997573
0.1008
0.102038
0.103591
0.105657
0.108582
0.112948
0.119673
0.12999
0.145135
0.165792
0.19165
0.220462
0.247686
0.269859
0.285107
0.287743
0.275135
0.25977
0.252603
0.259192
0.284396
0.333034
0.42315
0.574681
0.464368
0.0669933
0.0904048
0.0972053
0.0987064
0.0989045
0.0989396
0.09901
0.0993059
0.0997758
0.100324
0.1009
0.101488
0.102088
0.102714
0.103386
0.104141
0.10504
0.106178
0.107729
0.110056
0.11394
0.121116
0.135355
0.163192
0.207666
0.266142
0.340652
0.420255
0.471156
0.480755
0.447982
0.384946
0.334413
0.304628
0.292985
0.304587
0.300636
0.317832
0.410266
0.291924
0.0980441
0.100183
0.100514
0.100795
0.101139
0.101468
0.101831
0.10241
0.103079
0.103694
0.104239
0.104716
0.105145
0.105543
0.105927
0.106321
0.106748
0.107221
0.1078
0.108661
0.110286
0.113805
0.122357
0.137979
0.142723
0.315027
0.516113
0.645279
0.667793
0.647173
0.569328
0.461878
0.356026
0.252747
0.140022
0.161475
0.155379
0.122602
0.143658
0.129398
)
;

boundaryField
{
    inlet
    {
        type            kqRWallFunction;
        value           nonuniform List<scalar> 10(0.0015514 0.000579783 0.000347819 0.000225651 0.000141601 0.000141581 0.000225629 0.000347795 0.000579734 0.0015514);
    }
    inletWall
    {
        type            kqRWallFunction;
        value           nonuniform List<scalar> 
30
(
0.00182762
0.00178492
0.00171344
0.00163487
0.0015514
0.00284705
0.00230442
0.00204938
0.00186762
0.00178733
0.0120342
0.00491475
0.0044064
0.00391789
0.00335821
0.00182764
0.00178493
0.00171344
0.00163487
0.0015514
0.00284806
0.00230439
0.00204931
0.00186758
0.00178732
0.0155657
0.00496058
0.00441839
0.00392282
0.00336023
)
;
    }
    bottleWall
    {
        type            kqRWallFunction;
        value           nonuniform List<scalar> 
290
(
0.000130972
0.0002019
0.000305305
0.000412642
0.000516546
0.000577689
0.000614272
0.000648185
0.000693166
0.000776912
0.000890988
0.000999747
0.00107798
0.00113754
0.00123154
0.0013367
0.00140025
0.00139197
0.00139301
0.00138922
0.00139631
0.00140043
0.00184974
0.00279329
0.0036287
0.00378969
0.00391474
0.00569565
0.00769909
0.00953798
0.009405
0.00985104
0.010605
0.0116613
0.0128976
0.0143381
0.016092
0.0181537
0.0205634
0.0233639
0.0265986
0.0302435
0.0341929
0.0383001
0.0424016
0.0463529
0.0501028
0.053531
0.0562085
0.0582469
0.0598288
0.0612
0.0626207
0.0643066
0.0663999
0.0689593
0.0719543
0.0752619
0.0786895
0.0823389
0.0868183
0.0902234
0.0923404
0.0929848
0.0919565
0.0890859
0.0843492
0.0780384
0.0707718
0.0636156
0.0572078
0.051535
0.0466718
0.0426322
0.0393447
0.0366794
0.0344843
0.0326136
0.0309481
0.0294053
0.0279406
0.0265333
0.0251901
0.0239389
0.0228109
0.0218191
0.0209287
0.0200687
0.0191773
0.0182169
0.0171854
0.0160683
0.0147957
0.0132901
0.0116946
0.0106831
0.0163412
0.0652288
0.160681
0.13363
0.000726636
0.000716894
0.000707043
0.000697097
0.000687056
0.000676906
0.000666619
0.000656157
0.000645467
0.000634482
0.000623136
0.000611367
0.000599123
0.000586378
0.000573129
0.000559409
0.000545285
0.000530854
0.000516234
0.000501544
0.00048688
0.000472283
0.000457724
0.000443685
0.00044414
0.000442743
0.000442654
0.000443293
0.000443303
0.00044387
0.000443892
0.000442568
0.000441793
0.000443137
0.000431965
0.000401557
0.000355342
0.000297357
0.000231408
0.000130972
0.000808083
0.000800743
0.000793237
0.000785569
0.000777734
0.000769732
0.000761569
0.000753252
0.000744792
0.000736178
0.000250203
0.000378483
0.000438009
0.00044393
0.000472817
0.000543353
0.000606058
0.00066167
0.000710722
0.000753687
0.000791012
0.000823121
0.000850413
0.000873275
0.000892076
0.000907172
0.000918904
0.000927598
0.000933564
0.000937099
0.000938481
0.000937976
0.000935828
0.000932269
0.000927509
0.000921741
0.000915136
0.000907849
0.000900017
0.000891755
0.000883221
0.000875195
0.000867618
0.000860257
0.000852966
0.000845652
0.000838261
0.000830755
0.00082311
0.000815327
0.000250203
0.00034079
0.000551301
0.000786257
0.00097687
0.00113126
0.00125184
0.00133862
0.00138839
0.00139996
0.00138813
0.00139542
0.00139922
0.00140617
0.00144411
0.0015867
0.00173495
0.00188865
0.00204689
0.00221051
0.00237877
0.0025469
0.00271616
0.00288696
0.0030589
0.00323125
0.00340325
0.00357404
0.0037424
0.00390712
0.00406606
0.00421965
0.00436735
0.00450974
0.00465027
0.0047865
0.00490193
0.00504025
0.00516373
0.00524862
0.00532134
0.00539614
0.00546493
0.00549874
0.00551361
0.00552891
0.00554195
0.00553082
0.00547938
0.00538825
0.00525982
0.00512947
0.00502136
0.00493627
0.00487309
0.00482765
0.00479769
0.00477334
0.00474418
0.00469497
0.00462168
0.00452632
0.00441208
0.00428535
0.00415337
0.00402703
0.0039105
0.00380121
0.00370309
0.00362915
0.00359053
0.00358727
0.00360672
0.00362907
0.00364179
0.003658
0.00372797
0.00385685
0.00404492
0.00428376
0.00455412
0.00484721
0.00521796
0.00568951
0.00600102
0.00610447
0.00616996
0.006346
0.00673529
0.00738701
0.00832328
0.00954972
0.0111398
0.0131103
0.0154583
0.0183844
0.0250392
0.0456459
0.0669933
0.0980441
)
;
    }
    atmosphere
    {
        type            inletOutlet;
        inletValue      uniform 0.1;
        value           nonuniform List<scalar> 
80
(
0.1
0.1
0.1
0.1
0.1
0.1
0.179824
0.213259
0.228
0.23764
0.249228
0.262496
0.271489
0.268863
0.250852
0.217628
0.171927
0.1
0.1
0.1
0.1
0.1
0.1
0.263189
0.42131
0.575167
0.663229
0.675879
0.65431
0.601849
0.511648
0.391231
0.298152
0.227884
0.1
0.1
0.1
0.1
0.1
0.13363
0.1
0.1
0.1
0.1
0.1
0.1
0.1
0.1
0.1
0.1
0.1
0.1
0.1
0.1
0.1
0.1
0.1
0.1
0.1
0.1
0.1
0.1
0.1
0.1
0.1
0.315027
0.516113
0.645279
0.667793
0.647173
0.569328
0.461878
0.356026
0.252747
0.1
0.1
0.1
0.1
0.1
0.1
)
;
    }
    frontAndBack
    {
        type            empty;
    }
}


// ************************************************************************* //
