/*--------------------------------*- C++ -*----------------------------------*\
  =========                 |
  \\      /  F ield         | OpenFOAM: The Open Source CFD Toolbox
   \\    /   O peration     | Website:  https://openfoam.org
    \\  /    A nd           | Version:  8
     \\/     M anipulation  |
\*---------------------------------------------------------------------------*/
FoamFile
{
    version     2.0;
    format      ascii;
    class       volScalarField;
    location    "2.3";
    object      p_rgh;
}
// * * * * * * * * * * * * * * * * * * * * * * * * * * * * * * * * * * * * * //

dimensions      [1 -1 -2 0 0 0 0];

internalField   nonuniform List<scalar> 
9150
(
2566.4
2539.39
2513.9
2496.7
2488.4
2488.4
2496.71
2513.9
2539.4
2566.41
2557.16
2537.6
2521.96
2510.15
2504.17
2504.17
2510.15
2521.96
2537.61
2557.17
2547.51
2533.93
2525.4
2517.64
2513.54
2513.54
2517.64
2525.4
2533.93
2547.51
2542.42
2532.39
2526.93
2521.57
2518.6
2518.6
2521.57
2526.94
2532.39
2542.42
2540.76
2531.82
2527.25
2523.08
2520.63
2520.63
2523.08
2527.25
2531.82
2540.76
2101.34
2097.55
2122.68
2136.91
2143.57
2143.57
2136.91
2122.7
2097.56
2101.32
2291.2
2267.15
2261.79
2260.57
2260.71
2260.71
2260.58
2261.8
2267.16
2291.21
2415.24
2384.01
2368.13
2358.25
2353.61
2353.61
2358.26
2368.14
2384.01
2415.25
2515.44
2473.38
2445.63
2428.29
2419.8
2419.8
2428.3
2445.64
2473.39
2515.45
2586.02
2533.18
2494.57
2472.53
2462.4
2462.4
2472.54
2494.58
2533.19
2586.03
1918.28
1955.06
1943.06
1951.63
1947.21
1946.67
1951.28
1941.58
1953.06
1920.09
1946.49
1963.37
1944.27
1951.74
1947.6
1947.36
1951.85
1943.88
1963.23
1947.55
1923.42
1954.01
1922.14
1929.85
1932.85
1932.85
1929.98
1921.94
1954.08
1923.79
1764.1
1888.89
1905.33
1924.05
1940.35
1940.37
1924.06
1905.25
1889.03
1764.06
1637.33
1876.94
1972.91
2003.04
2018.83
2018.83
2003.03
1972.91
1876.99
1637.18
1797.56
1797.87
1798.16
1798.43
1798.69
1798.92
1799.13
1799.33
1799.51
1799.67
1796.48
1796.76
1797.04
1797.3
1797.55
1797.8
1798.04
1798.26
1798.48
1798.69
1795.53
1795.78
1796.03
1796.28
1796.53
1796.79
1797.04
1797.29
1797.54
1797.8
1794.91
1795.14
1795.38
1795.62
1795.87
1796.13
1796.39
1796.66
1796.93
1797.2
1794.53
1794.74
1794.97
1795.21
1795.45
1795.71
1795.97
1796.24
1796.52
1796.81
1794.3
1794.51
1794.73
1794.96
1795.2
1795.46
1795.72
1795.99
1796.27
1796.55
1794.2
1794.4
1794.62
1794.84
1795.08
1795.33
1795.58
1795.85
1796.12
1796.4
1794.19
1794.39
1794.61
1794.83
1795.06
1795.3
1795.55
1795.81
1796.07
1796.33
1794.26
1794.47
1794.68
1794.9
1795.13
1795.36
1795.6
1795.85
1796.09
1796.34
1794.41
1794.62
1794.84
1795.06
1795.29
1795.51
1795.74
1795.97
1796.2
1796.42
1794.64
1794.86
1795.08
1795.31
1795.53
1795.75
1795.97
1796.19
1796.4
1796.59
1794.95
1795.18
1795.41
1795.64
1795.87
1796.1
1796.31
1796.52
1796.71
1796.89
1795.34
1795.58
1795.83
1796.08
1796.32
1796.55
1796.78
1796.99
1797.18
1797.35
1795.8
1796.07
1796.34
1796.61
1796.87
1797.13
1797.38
1797.62
1797.84
1798.03
1796.33
1796.62
1796.92
1797.23
1797.53
1797.83
1798.13
1798.42
1798.7
1798.96
1796.9
1797.23
1797.56
1797.91
1798.26
1798.61
1798.96
1799.31
1799.66
1799.98
1797.49
1797.85
1798.24
1798.64
1799.05
1799.48
1799.91
1800.36
1800.83
1801.32
1798.06
1798.48
1798.91
1799.37
1799.84
1800.32
1800.83
1801.34
1801.87
1802.43
1798.61
1799.08
1799.57
1800.08
1800.61
1801.16
1801.73
1802.31
1802.91
1803.52
1799.13
1799.65
1800.2
1800.77
1801.36
1801.97
1802.6
1803.25
1803.91
1804.58
1799.61
1800.17
1800.77
1801.4
1802.06
1802.75
1803.45
1804.16
1804.89
1805.63
1800.03
1800.62
1801.27
1801.97
1802.71
1803.47
1804.25
1805.05
1805.86
1806.66
1800.33
1800.94
1801.64
1802.43
1803.27
1804.14
1805.03
1805.92
1806.81
1807.7
1800.41
1800.99
1801.75
1802.68
1803.7
1804.74
1805.77
1806.79
1807.79
1808.76
1800.11
1800.59
1801.52
1802.73
1804.03
1805.31
1806.55
1807.72
1808.85
1809.91
1798.39
1797.33
1797.2
1802.45
1804.52
1806.11
1807.54
1808.87
1810.11
1811.25
1780.45
1647.18
1613.05
1770.05
1805.12
1807.24
1808.85
1810.33
1811.66
1812.85
1611.3
1439.38
1442.34
1565.49
1805.48
1810.26
1811.58
1812.79
1813.93
1814.96
1422.74
1425.75
1427.1
1461
1783.28
1813.97
1814.9
1815.73
1816.57
1817.38
1415.86
1417.74
1418.78
1538.31
1797.55
1817.16
1817.91
1818.56
1819.2
1819.83
1409.28
1410.25
1527.71
1784.58
1820.46
1820.64
1821.05
1821.44
1821.85
1822.3
1429.46
1644.03
1808.29
1824.44
1823.86
1823.82
1823.89
1824.05
1824.29
1824.6
1798.48
1829.46
1827.61
1826.83
1826.44
1826.23
1826.15
1826.22
1826.38
1826.63
1829.63
1828.95
1828.48
1828.11
1827.86
1827.74
1827.74
1827.85
1828.05
1828.31
1829.13
1828.95
1828.79
1828.68
1828.64
1828.7
1828.84
1829.04
1829.28
1829.64
1828.54
1828.6
1828.7
1828.83
1829.01
1829.25
1829.25
1828.88
1829.49
1830.75
1827.8
1828.07
1828.38
1828.71
1829.03
1828.87
1828.17
1828.7
1829.98
1831.51
1826.93
1827.36
1827.82
1828.05
1827.3
1827.46
1828.06
1829.26
1831.28
1831.95
1825.83
1826.36
1826.13
1825.57
1826.24
1826.92
1828.88
1830.44
1831.23
1832.04
1824.41
1824.5
1823.72
1824.45
1825.35
1827.99
1828.96
1829.86
1830.72
1831.63
1822.59
1822.8
1822.12
1823.57
1825.81
1826.77
1827.75
1828.16
1829.08
1830.88
1820.42
1821.06
1821.9
1822.83
1823.65
1822.82
1819.99
1821.01
1827.94
1829.97
1817.84
1818.7
1819.51
1820.44
1816.96
1767.24
1750.22
1825.47
1826.81
1828.3
1815.57
1816.31
1817.23
1799.83
1678.62
1675.66
1739.62
1823.94
1825.07
1826.62
1814.36
1815.17
1805.87
1661.58
1654.67
1671.02
1820.96
1821.57
1823
1824.48
1804.62
1669.53
1555.33
1760.1
1818.5
1812.47
1818.42
1819.93
1820.79
1821.07
1128.93
1047.78
1270.95
1776.85
1813.74
1816.72
1817.44
1817.73
1817.69
1787.4
896.969
897.066
898.876
1076.06
1562.92
1814.26
1816.56
1817.75
1744.99
1600.26
892.128
891.845
891.332
891.071
903.701
974.845
1277.32
1669.79
1750.41
1681.84
891.098
890.736
890.351
889.999
890.078
890.798
892.12
1015.77
1644.66
1812.76
888.936
889.159
889.166
889.228
889.234
935.287
1030.94
1323.87
1746.19
1815.14
970.68
907.788
989.133
1283.68
1511.46
1637.63
1720.32
1794.53
1822.97
1822.2
1666.25
1611.88
1679.88
1824.32
1847.92
1842.73
1836.74
1830.73
1825.53
1821.55
1826.57
1830.09
1833
1834.23
1833.42
1831.24
1828.19
1824.74
1821.31
1818.17
1824.9
1826.05
1826.91
1827.1
1826.39
1824.89
1822.8
1820.32
1817.67
1814.98
1821.74
1822.38
1822.7
1822.59
1821.95
1820.83
1819.28
1817.39
1815.22
1812.84
1818.07
1818.84
1819.73
1819.65
1819.23
1818.5
1817.47
1816.11
1814.47
1812.52
1815.81
1816.7
1817.14
1815
1812.95
1814.66
1817.11
1816.39
1815.41
1814.14
1814.25
1815.06
1815.71
1814.82
1811.94
1811.55
1811.58
1811.64
1812.39
1816.4
1813.38
1807.26
1782.9
1803.88
1814.38
1815.76
1816.3
1812.36
1813.26
1815.39
1812.19
1776.33
1755.59
1756.25
1786.35
1815.9
1817.13
1817.83
1817.8
1821.47
1810.88
1778.23
1752.94
1754.28
1756.33
1812.17
1816.95
1818.32
1821.5
1816.5
1809.26
1805.03
1752.42
1753.02
1794.36
1815.08
1816.91
1755.03
1357.78
858.441
1806.29
1808.51
1797.25
1800.67
1805.69
1793.1
1583.92
983.987
712.886
723.791
1803.93
1806.64
1807.79
1808.49
1787.81
1413.45
779.256
679.418
683.866
917.994
1803.05
1805.04
1806.85
1805.72
1404.84
687.616
657.648
661.171
790.282
989.046
1800.6
1802.44
1797.36
1375.29
665.693
631.547
711.278
762.062
725.366
733.799
1795.6
1746.87
1276.1
607.149
546.714
606.401
722.167
727.57
716.532
727.194
1673.37
1127.09
543.026
507.706
517.881
555.509
655.096
945.225
1256.08
1476.92
993.956
487.221
464.348
477.168
522.574
741.146
987.224
1205.54
1556.21
1839.28
445.004
422.676
433.968
448.628
849.768
1372.17
1305.31
808.61
999.11
1681.36
378.621
391.721
402.646
992.738
1493.61
1399.08
770.943
735.462
807.542
1588.58
346.982
355.903
911.776
1561.21
1487.08
782.414
707.491
713.664
860.505
1655.09
314.946
638.46
1556.21
1564.61
943.259
678.856
680.214
687.214
929.037
1704.9
286.842
1315.48
1613.89
1520.47
717.544
660.194
660.874
670.822
1237.99
1770.4
636.929
1583.26
1614.6
1376.36
664.735
647.765
647.077
735.63
1568.48
1772.31
1084.89
1633.63
1619.64
1157.35
660.416
646.212
644.691
1394.18
1756.25
1756.01
1496.31
1640.86
1628.58
844.587
696.72
658.967
1127.87
1724.58
1754.17
1741.21
1693.68
1678.75
1147.28
754.31
726.803
946.306
1638.39
1760.11
1748.28
1728.87
1721.41
1487.63
786.198
790.775
890.546
1618.68
1776.18
1763.39
1743.36
1718.93
1746.51
842.167
760.143
837.733
1643.93
1801.56
1786.5
1765.22
1739.79
1711.1
995.429
691.671
759.453
1607.14
1827.59
1811.68
1790.02
1764.38
1735.4
1703.77
609.146
630.361
1505.41
1843.15
1830.87
1811.99
1788.64
1761.19
1730.43
1697.04
483.963
1091.41
1847.75
1854.67
1836.49
1814.44
1788.64
1759.35
1727.24
1692.37
458.253
1767.77
1884.32
1862.49
1839.93
1815.51
1788.18
1758.05
1725.57
1690.01
946.668
1879.71
1882.02
1859.69
1836.94
1812.7
1785.93
1756.76
1725.27
1690.55
1171.35
1885.86
1870.39
1849.95
1829.53
1807.66
1783.33
1756.7
1727.3
1693.94
1172.13
1866.46
1856.05
1839.99
1822.99
1804.28
1783.19
1759.88
1733.77
1705.89
1212.3
1865.97
1850.97
1835.62
1820.59
1804.49
1786.59
1766.72
1744.39
1631.29
1285.01
1845.28
1838.97
1829.58
1818.9
1806.76
1792.97
1777.59
1761.07
1440.86
1334.16
1839.24
1834.87
1828.3
1820.65
1811.83
1801.61
1790.1
1778.2
1363.37
1353.81
1837.76
1835.6
1831.26
1825.95
1819.72
1812.3
1803.75
1795.16
1322.35
1355.11
1838.92
1839.29
1837.13
1833.94
1829.87
1824.63
1818.25
1811.86
1304.37
1371.24
1843.63
1845.92
1845.63
1844.48
1842.3
1838.77
1834.1
1828.5
1313.64
1408.86
1853.1
1857.52
1858.44
1858.62
1857.53
1854.97
1851.73
1846.74
1374.17
1486.37
1872.71
1876.5
1876.11
1875.73
1874.31
1871.81
1870.33
1864.34
1436.92
1593.18
1898.84
1897.39
1894.11
1892.5
1890.57
1888.2
1887.6
1880.99
1516.56
1687.76
1912.16
1911.03
1908.71
1907.37
1905.89
1904.59
1903.85
1898.65
1610.51
1753.26
1927.18
1925.1
1923.78
1922
1921.07
1921.83
1921.96
1922.98
1723.37
1833.83
1953.35
1940.53
1939.44
1935.98
1935.21
1938.22
1937.4
1949.45
1834.99
1799.82
1799.97
1800.11
1800.24
1800.36
1800.48
1800.6
1800.71
1800.84
1800.96
1801.09
1801.22
1801.36
1801.49
1801.63
1801.77
1801.9
1802.03
1802.15
1802.26
1802.36
1802.44
1802.51
1802.55
1802.58
1802.58
1802.55
1802.51
1802.43
1802.35
1802.25
1802.15
1802.06
1802.01
1802
1802.05
1802.15
1802.27
1802.36
1802.68
1798.91
1799.12
1799.33
1799.54
1799.74
1799.93
1800.13
1800.32
1800.51
1800.7
1800.88
1801.06
1801.24
1801.4
1801.57
1801.72
1801.86
1801.98
1802.09
1802.19
1802.27
1802.33
1802.37
1802.38
1802.38
1802.35
1802.3
1802.23
1802.15
1802.06
1801.97
1801.89
1801.84
1801.83
1801.89
1802
1802.16
1802.35
1802.55
1802.87
1798.06
1798.34
1798.61
1798.88
1799.15
1799.41
1799.67
1799.93
1800.18
1800.42
1800.66
1800.88
1801.09
1801.29
1801.47
1801.64
1801.79
1801.92
1802.03
1802.12
1802.19
1802.25
1802.27
1802.28
1802.27
1802.23
1802.18
1802.11
1802.04
1801.96
1801.88
1801.83
1801.79
1801.79
1801.83
1801.9
1802
1802.15
1802.4
1802.79
1797.49
1797.8
1798.1
1798.41
1798.72
1799.02
1799.33
1799.62
1799.91
1800.19
1800.45
1800.71
1800.95
1801.17
1801.37
1801.56
1801.73
1801.88
1802
1802.11
1802.19
1802.26
1802.3
1802.32
1802.32
1802.3
1802.26
1802.21
1802.15
1802.08
1802.01
1801.94
1801.87
1801.81
1801.75
1801.71
1801.69
1801.77
1802.05
1802.53
1797.11
1797.43
1797.75
1798.08
1798.41
1798.74
1799.06
1799.38
1799.69
1799.99
1800.29
1800.56
1800.83
1801.08
1801.31
1801.52
1801.71
1801.88
1802.04
1802.17
1802.28
1802.37
1802.44
1802.49
1802.52
1802.53
1802.53
1802.51
1802.47
1802.42
1802.35
1802.26
1802.15
1802
1801.82
1801.6
1801.34
1801.21
1801.4
1802.18
1796.86
1797.18
1797.51
1797.84
1798.17
1798.51
1798.84
1799.17
1799.5
1799.82
1800.14
1800.44
1800.73
1801.01
1801.27
1801.51
1801.73
1801.94
1802.12
1802.29
1802.44
1802.57
1802.68
1802.77
1802.85
1802.91
1802.95
1802.97
1802.98
1802.96
1802.92
1802.83
1802.7
1802.49
1802.16
1801.67
1800.96
1798.24
1792.5
1799.82
1796.7
1797.01
1797.33
1797.66
1797.98
1798.32
1798.65
1798.99
1799.32
1799.66
1799.99
1800.32
1800.63
1800.94
1801.24
1801.52
1801.78
1802.03
1802.26
1802.47
1802.66
1802.84
1803
1803.14
1803.27
1803.39
1803.5
1803.59
1803.67
1803.73
1803.77
1803.79
1803.78
1803.7
1803.55
1803.26
1799.72
1783.28
1780.89
1780.61
1796.61
1796.91
1797.21
1797.51
1797.82
1798.13
1798.45
1798.78
1799.12
1799.46
1799.82
1800.17
1800.52
1800.87
1801.21
1801.53
1801.84
1802.14
1802.42
1802.68
1802.93
1803.16
1803.37
1803.58
1803.77
1803.95
1804.13
1804.29
1804.46
1804.63
1804.8
1804.97
1805.15
1805.33
1805.53
1805.74
1799.9
1780.09
1779.75
1779.4
1796.6
1796.86
1797.13
1797.39
1797.66
1797.94
1798.22
1798.52
1798.85
1799.2
1799.58
1799.97
1800.37
1800.76
1801.16
1801.54
1801.91
1802.26
1802.6
1802.92
1803.22
1803.51
1803.78
1804.04
1804.29
1804.54
1804.78
1805.02
1805.26
1805.51
1805.78
1806.08
1806.4
1806.78
1807.21
1807.71
1808.25
1793.96
1779.05
1778.59
1796.65
1796.87
1797.09
1797.29
1797.5
1797.7
1797.92
1798.16
1798.45
1798.79
1799.21
1799.65
1800.13
1800.6
1801.07
1801.52
1801.96
1802.38
1802.78
1803.16
1803.53
1803.87
1804.2
1804.51
1804.82
1805.11
1805.4
1805.69
1805.99
1806.29
1806.6
1806.92
1807.27
1807.64
1808.04
1808.44
1808.82
1808.75
1800.25
1792.78
1796.78
1796.96
1797.11
1797.23
1797.34
1797.41
1797.48
1797.58
1797.77
1798.15
1798.66
1799.22
1799.79
1800.36
1800.92
1801.47
1802.01
1802.51
1802.98
1803.42
1803.85
1804.24
1804.62
1804.99
1805.33
1805.67
1805.99
1806.31
1806.63
1806.95
1807.26
1807.58
1807.9
1808.22
1808.52
1808.79
1808.96
1808.93
1808.57
1807.95
1797.05
1797.16
1797.24
1797.27
1797.24
1797.09
1796.25
1795.94
1796.59
1797.1
1797.81
1798.56
1799.21
1799.89
1800.64
1801.43
1802.06
1802.65
1803.2
1803.71
1804.19
1804.63
1805.06
1805.46
1805.84
1806.2
1806.55
1806.88
1807.2
1807.52
1807.82
1808.1
1808.37
1808.6
1808.8
1808.92
1808.93
1808.74
1808.27
1807.68
1797.49
1797.57
1797.59
1797.52
1797.36
1797.1
1793.13
1778.49
1787.23
1795.34
1796.59
1796.92
1797.88
1799.29
1800.59
1801.4
1802.16
1802.84
1803.46
1804.04
1804.56
1805.05
1805.51
1805.93
1806.34
1806.72
1807.07
1807.41
1807.73
1808.03
1808.31
1808.55
1808.77
1808.93
1809.04
1809.06
1808.96
1808.68
1808.19
1807.66
1798.18
1798.28
1798.29
1798.2
1797.99
1797.71
1795.43
1749.84
1736.82
1792.69
1791.78
1794.99
1798.16
1799.43
1800.58
1801.54
1802.4
1803.15
1803.83
1804.44
1805
1805.52
1805.99
1806.44
1806.85
1807.23
1807.6
1807.93
1808.24
1808.52
1808.77
1808.99
1809.16
1809.28
1809.33
1809.29
1809.13
1808.81
1808.34
1807.85
1799.21
1799.43
1799.61
1799.76
1799.88
1800.06
1800.43
1715.83
1610.21
1769.72
1790.81
1793.2
1798.2
1799.71
1800.93
1801.97
1802.87
1803.65
1804.34
1804.97
1805.51
1806.03
1806.53
1806.98
1807.39
1807.77
1808.13
1808.46
1808.75
1809.02
1809.25
1809.44
1809.58
1809.67
1809.68
1809.61
1809.44
1809.11
1808.66
1808.21
1800.3
1800.58
1800.78
1800.85
1800.74
1800.31
1798.82
1712.47
1573.35
1608.13
1790.56
1797.09
1799.93
1801.19
1802.13
1802.98
1803.74
1804.44
1805.07
1805.65
1806.12
1806.59
1807.06
1807.57
1807.97
1808.35
1808.69
1809.01
1809.29
1809.54
1809.76
1809.93
1810.05
1810.12
1810.12
1810.04
1809.86
1809.55
1809.13
1808.72
1801.86
1802.48
1803.22
1804.13
1805.38
1807.23
1809.89
1756.51
1558.63
1546.71
1670.9
1795.92
1799.93
1801.57
1802.85
1803.81
1804.61
1805.31
1805.89
1806.43
1806.88
1807.28
1807.71
1808.16
1808.6
1808.96
1809.29
1809.59
1809.86
1810.11
1810.31
1810.47
1810.59
1810.65
1810.64
1810.56
1810.39
1810.11
1809.72
1809.37
1803.03
1803.69
1804.4
1805.18
1806.08
1807.19
1808.48
1798.22
1616.7
1528.78
1522.17
1665.11
1807.03
1805.7
1805.61
1805.87
1806.2
1806.57
1806.99
1807.38
1807.77
1808.15
1808.47
1808.87
1809.29
1809.63
1809.95
1810.24
1810.49
1810.73
1810.93
1811.09
1811.2
1811.25
1811.25
1811.18
1811.03
1810.78
1810.44
1810.13
1804.18
1804.88
1805.61
1806.36
1807.12
1807.89
1808.58
1809
1794.9
1597.47
1512.65
1507.4
1679.18
1808.25
1807.26
1807.39
1807.51
1807.68
1807.96
1808.26
1808.6
1808.97
1809.32
1809.67
1810.01
1810.35
1810.66
1810.94
1811.19
1811.42
1811.62
1811.78
1811.89
1811.96
1811.96
1811.91
1811.79
1811.57
1811.28
1811.01
1805.29
1806.04
1806.8
1807.55
1808.28
1808.97
1809.57
1809.99
1810.14
1802.3
1607.6
1499.08
1493.25
1665.34
1807.78
1808.76
1808.78
1808.61
1808.81
1809.1
1809.43
1809.73
1809.53
1809.96
1810.76
1811.13
1811.43
1811.69
1811.92
1812.19
1812.4
1812.57
1812.69
1812.76
1812.79
1812.76
1812.66
1812.48
1812.23
1812
1806.41
1807.22
1808.05
1808.88
1809.71
1810.56
1811.42
1812.33
1813.28
1814.33
1815.26
1635.43
1481.38
1486.58
1568.03
1767.59
1809.69
1809.12
1809.38
1809.81
1810.22
1810.6
1809.78
1809.97
1810.34
1811.57
1812.2
1812.53
1812.71
1813.06
1813.28
1813.46
1813.59
1813.69
1813.74
1813.73
1813.65
1813.51
1813.3
1813.1
1807.5
1808.38
1809.25
1810.12
1810.99
1811.87
1812.76
1813.68
1814.62
1815.53
1816.8
1819.99
1748.28
1511.25
1509.45
1510
1631.7
1809.1
1810.05
1810.62
1811.08
1811.51
1811.41
1810.83
1811.15
1811.43
1811.89
1813.11
1813.63
1814.02
1814.26
1814.46
1814.62
1814.74
1814.81
1814.83
1814.78
1814.66
1814.48
1814.31
1808.61
1809.54
1810.45
1811.36
1812.25
1813.15
1814.03
1814.93
1815.83
1816.71
1817.59
1818.67
1820.41
1821.51
1624.4
1505.74
1504.11
1565.68
1786.76
1811.06
1811.91
1812.47
1812.9
1813.02
1813.09
1812.38
1812.68
1812.97
1814.18
1815.07
1815.36
1815.59
1815.79
1815.93
1816.03
1816.07
1816.05
1815.95
1815.78
1815.63
1809.74
1810.73
1811.68
1812.61
1813.51
1814.4
1815.27
1816.13
1816.98
1817.82
1818.65
1819.43
1820.04
1820.45
1821.57
1740.84
1497.35
1496.09
1528.24
1764.36
1813.57
1814.01
1814.29
1814.42
1814.42
1814.64
1814.3
1814.03
1814.6
1816.15
1816.56
1816.85
1817.09
1817.27
1817.4
1817.47
1817.46
1817.37
1817.21
1817.05
1810.96
1811.99
1812.97
1813.91
1814.8
1815.67
1816.5
1817.3
1818.07
1818.82
1819.53
1820.19
1820.72
1821.07
1821.42
1822.43
1783.36
1511.76
1500.49
1504.47
1734.37
1815.91
1815.98
1815.37
1815.43
1815.71
1815.95
1815.27
1815.97
1817.38
1817.87
1818.23
1818.54
1818.77
1818.94
1819.03
1819.03
1818.94
1818.75
1818.58
1812.35
1813.4
1814.38
1815.3
1816.18
1817.01
1817.79
1818.53
1819.24
1819.89
1820.5
1821.05
1821.52
1821.88
1822.12
1822.3
1822.57
1803.9
1526.88
1496.69
1493.77
1718.18
1817.69
1817.46
1812.61
1815.44
1816.45
1817.37
1817.98
1818.71
1819.31
1819.77
1820.15
1820.44
1820.65
1820.76
1820.77
1820.66
1820.43
1820.16
1813.96
1815
1815.95
1816.84
1817.67
1818.45
1819.18
1819.86
1820.5
1821.09
1821.63
1822.11
1822.53
1822.88
1823.16
1823.33
1823.35
1823.27
1807.75
1523.32
1485.67
1482.91
1734.89
1819.53
1820.37
1764.71
1794.25
1818.23
1819.28
1820.12
1820.84
1821.44
1821.92
1822.29
1822.54
1822.68
1822.69
1822.55
1822.25
1821.14
1815.95
1816.88
1817.74
1818.54
1819.3
1820.01
1820.68
1821.3
1821.88
1822.42
1822.91
1823.35
1823.75
1824.1
1824.42
1824.7
1824.95
1825.16
1825.57
1790.7
1493.15
1473.97
1517.06
1784.39
1824.4
1751.45
1742.3
1808.37
1820.72
1821.77
1822.63
1823.35
1823.92
1824.35
1824.64
1824.79
1824.8
1824.63
1824.19
1822.79
1818.18
1818.95
1819.68
1820.38
1821.05
1821.68
1822.28
1822.84
1823.36
1823.85
1824.29
1824.7
1825.07
1825.4
1825.72
1826.03
1826.36
1826.74
1827.26
1828.28
1734.63
1464.73
1447.17
1636.44
1814.45
1771.18
1716.55
1785.83
1822.56
1823.7
1824.68
1825.49
1826.13
1826.62
1826.94
1827.11
1827.09
1826.88
1826.31
1824.83
1820.46
1821.09
1821.7
1822.3
1822.88
1823.43
1823.96
1824.47
1824.93
1825.37
1825.77
1826.12
1826.43
1826.69
1826.89
1827.02
1827.07
1826.97
1826.66
1826.05
1825.22
1631.83
1436.55
1430.28
1703.58
1776.33
1713.84
1725.85
1817.48
1826.52
1827.32
1828.06
1828.68
1829.17
1829.49
1829.64
1829.6
1829.32
1828.65
1827.05
1822.77
1823.25
1823.74
1824.25
1824.75
1825.24
1825.71
1826.17
1826.6
1827.01
1827.38
1827.71
1828.01
1828.26
1828.47
1828.64
1828.76
1828.85
1828.9
1828.91
1828.95
1828.93
1474.54
1421.76
1579.2
1780.27
1718.78
1637.72
1777.17
1828.51
1829.62
1830.55
1831.29
1831.85
1832.21
1832.36
1832.29
1831.95
1831.2
1829.45
1824.95
1825.33
1825.73
1826.17
1826.61
1827.06
1827.5
1827.93
1828.35
1828.74
1829.1
1829.42
1829.71
1829.95
1830.14
1830.27
1830.32
1830.28
1830.13
1829.8
1829.18
1828.27
1691.25
1412.38
1436.4
1753.55
1732.32
1624.98
1667.39
1831.2
1832.49
1833.46
1834.23
1834.79
1835.15
1835.28
1835.15
1834.74
1833.99
1832.7
1826.91
1827.24
1827.61
1828.01
1828.43
1828.87
1829.3
1829.74
1830.16
1830.56
1830.94
1831.3
1831.62
1831.9
1832.14
1832.34
1832.51
1832.67
1832.85
1833.13
1833.59
1834.59
1816.63
1413.92
1340.1
1630.12
1689.65
1616.03
1616.26
1785.11
1835.8
1836.76
1837.45
1837.96
1838.28
1838.36
1838.18
1837.69
1836.91
1836.11
1828.61
1828.95
1829.32
1829.74
1830.18
1830.63
1831.09
1831.56
1832.02
1832.47
1832.89
1833.3
1833.66
1833.98
1834.25
1834.45
1834.59
1834.65
1834.64
1834.56
1834.43
1834.3
1828.5
1509.34
1318.99
1411.91
1659.46
1658.91
1613.07
1655.84
1837.89
1839.76
1840.64
1841.17
1841.48
1841.53
1841.3
1840.74
1839.9
1839.06
1830.04
1830.43
1830.86
1831.33
1831.82
1832.33
1832.85
1833.39
1833.92
1834.44
1834.95
1835.44
1835.89
1836.29
1836.63
1836.88
1837.02
1837.03
1836.86
1836.48
1835.8
1834.64
1832.33
1584.11
1305.16
1378.81
1659.86
1657.95
1609.64
1610.25
1720.81
1842.97
1844.05
1844.54
1844.77
1844.75
1844.45
1843.85
1842.95
1841.67
1831.2
1831.69
1832.21
1832.76
1833.34
1833.94
1834.56
1835.19
1835.83
1836.47
1837.11
1837.73
1838.32
1838.88
1839.37
1839.77
1840.07
1840.21
1840.14
1839.8
1839.06
1837.66
1835.08
1625.49
1287.98
1308.02
1654.79
1655.59
1633.42
1609.87
1651.08
1843.57
1846.85
1847.6
1847.91
1847.89
1847.59
1847.02
1846.19
1843.82
1832.09
1832.7
1833.33
1834
1834.7
1835.43
1836.17
1836.94
1837.72
1838.52
1839.32
1840.13
1840.93
1841.7
1842.44
1843.13
1843.75
1844.29
1844.74
1845.1
1845.39
1845.7
1846.1
1739.6
1295.47
1219.02
1532.43
1646.83
1650.59
1623.23
1772.56
1849.28
1850.52
1851.06
1851.32
1851.22
1850.89
1850.37
1849.73
1847.56
1832.67
1833.42
1834.2
1835.02
1835.86
1836.74
1837.64
1838.57
1839.53
1840.51
1841.52
1842.55
1843.6
1844.64
1845.68
1846.69
1847.67
1848.6
1849.46
1850.23
1850.99
1851.78
1851.77
1729.08
1262.99
1189.97
1296.45
1618.26
1631.9
1645.13
1840.92
1855.53
1855.49
1855.37
1855.26
1854.96
1854.55
1854.11
1853.75
1851.74
1832.9
1833.81
1834.76
1835.74
1836.76
1837.81
1838.89
1840.01
1841.17
1842.37
1843.61
1844.9
1846.22
1847.58
1848.97
1850.38
1851.81
1853.25
1854.68
1856.15
1857.79
1859.19
1849.55
1497.37
1174.2
1174.22
1173.48
1259.16
1353.63
1546.19
1806.46
1862.26
1861.21
1860.36
1859.77
1859.23
1858.73
1858.34
1858.18
1856.85
1832.74
1833.85
1834.96
1836.12
1837.32
1838.56
1839.85
1841.17
1842.55
1843.98
1845.47
1847.02
1848.64
1850.33
1852.1
1853.95
1855.88
1857.89
1860.03
1862.45
1864.98
1862.38
1584.95
1186.41
1170.33
1171.07
1171.7
1173.09
1176.65
1261.61
1707.43
1868.83
1867.43
1865.83
1864.76
1863.99
1863.4
1863.04
1862.98
1861.67
1832.24
1833.49
1834.78
1836.12
1837.5
1838.94
1840.43
1841.97
1843.57
1845.23
1846.97
1848.79
1850.71
1852.72
1854.86
1857.14
1859.58
1862.22
1865.18
1868.75
1872.21
1781.29
1280.23
1168.49
1168.22
1169.07
1170.24
1171.3
1172.55
1278.19
1728.86
1873.68
1872.36
1870.9
1869.83
1869.01
1868.41
1868.05
1867.98
1864.76
1831.3
1832.72
1834.18
1835.69
1837.26
1838.88
1840.57
1842.32
1844.14
1846.03
1848.01
1850.07
1852.25
1854.55
1857
1859.64
1862.5
1865.65
1869.25
1873.64
1878.16
1764.11
1263.38
1165.1
1165.1
1165.63
1165.98
1173.13
1331.88
1710.02
1873.93
1877.75
1876.77
1875.78
1874.9
1874.17
1873.61
1873.19
1872.95
1869.14
1829.87
1831.5
1833.14
1834.82
1836.54
1838.34
1840.23
1842.18
1844.21
1846.31
1848.49
1850.77
1853.16
1855.67
1858.32
1861.13
1864.14
1867.39
1870.96
1875.02
1879.73
1884.63
1729.82
1261.74
1157.28
1157.96
1275.52
1596.87
1843.34
1884.73
1882.85
1882.09
1881.4
1880.67
1879.98
1879.35
1878.81
1878.3
1877.41
1873.63
1828.25
1829.94
1831.55
1833.12
1835.13
1837.34
1839.37
1841.52
1843.74
1846.04
1848.41
1850.88
1853.44
1856.11
1858.87
1861.74
1864.72
1867.78
1870.88
1873.96
1876.89
1879.52
1881.62
1822.81
1570.2
1564.21
1868.5
1886.73
1885.72
1885.73
1885.9
1885.84
1885.57
1885.2
1884.77
1884.33
1883.82
1883.23
1881.21
1877.97
1826.13
1826.85
1825.38
1827.5
1833.51
1835.74
1837.92
1840.28
1842.72
1845.21
1847.75
1850.4
1853.16
1856.01
1858.93
1861.92
1864.99
1868.1
1871.18
1874.16
1876.96
1879.14
1875.12
1792.26
1680.27
1781.86
1884.6
1886.89
1888.19
1888.95
1889.37
1889.56
1889.59
1889.5
1889.31
1889.02
1888.57
1887.95
1885.27
1882.25
1817.41
1813.44
1815.65
1825.32
1831.28
1833.34
1835.75
1838.46
1841.18
1843.79
1846.44
1849.28
1852.29
1855.35
1858.43
1861.61
1864.88
1868.2
1871.48
1874.74
1877.98
1880.67
1841.9
1622.59
1621.44
1621.2
1811.44
1889.6
1891.1
1891.93
1892.54
1892.99
1893.32
1893.49
1893.54
1893.39
1893.06
1892.46
1889.89
1886.54
1716.39
1729.91
1820.79
1823.14
1818.97
1788.74
1789.24
1828.04
1839.44
1841.95
1843.23
1845.91
1850.21
1854.27
1857.39
1860.7
1864.23
1867.82
1871.36
1874.83
1878.25
1881.51
1873.95
1714.22
1620.21
1621.35
1631.28
1865.52
1893.48
1894.67
1895.54
1896.26
1896.84
1897.27
1897.52
1897.57
1897.38
1896.88
1895.36
1890.97
1602.97
1608.59
1792.72
1824.25
1751.34
1696.18
1698.95
1715.27
1817.15
1798.25
1760.54
1772.81
1822.39
1835.3
1822.16
1836.65
1851.98
1864.12
1870.09
1874.59
1878.02
1880.66
1883.89
1886.79
1768.64
1621.59
1625.58
1678.54
1871.06
1897.27
1898.51
1899.48
1900.3
1900.96
1901.42
1901.67
1901.67
1901.33
1900.47
1897.25
1595.41
1597.94
1696.94
1818.85
1702.6
1691.61
1694.38
1706.9
1710.68
1715.05
1719.65
1723.27
1789.26
1795.92
1776.95
1780.99
1784.68
1803.19
1818.54
1833.56
1851.91
1870.14
1879.99
1882.5
1884.27
1855.05
1679.27
1674.84
1692.41
1858.66
1901.38
1902.8
1903.82
1904.67
1905.36
1905.84
1906.09
1906.01
1905.56
1905.19
1811.59
1815.12
1768.67
1685.63
1688.11
1693.63
1815.62
1832.14
1831.64
1791.41
1780.3
1830.58
1844.63
1810.27
1779.57
1778.72
1783.75
1786.16
1789.27
1792.86
1796.35
1799.47
1817.54
1843.65
1861.78
1865.96
1868.5
1715.97
1695.31
1703.82
1829.26
1902.04
1907.45
1908.52
1909.46
1910.23
1910.79
1911.06
1911.02
1910.99
1816.6
1817.75
1815.72
1774.52
1752.54
1814.56
1823.9
1826.13
1828.64
1831.46
1834.75
1838.63
1842.94
1847.35
1852.15
1857.27
1854.03
1846.13
1835.08
1821.1
1807.17
1797.89
1799.88
1802.76
1805.3
1822.37
1852.51
1853.66
1748.65
1706.22
1711.61
1801.62
1903.71
1912.61
1913.86
1914.98
1915.94
1916.68
1917.15
1917.57
1819.72
1818.09
1817.13
1816.78
1816.98
1817.59
1818.82
1820.63
1822.97
1825.85
1829.33
1833.39
1837.92
1842.82
1848.04
1853.5
1859.08
1864.66
1870.18
1875.61
1880.9
1880.24
1861.07
1840.58
1819.78
1812.03
1814.37
1846.77
1858.86
1790.89
1711.65
1712.3
1794.57
1909.75
1918.63
1920.25
1921.71
1923.03
1924.15
1925.13
1818.4
1815.94
1814.15
1812.94
1812.32
1812.34
1813.02
1814.41
1816.57
1819.43
1823.03
1827.35
1832.3
1837.78
1843.68
1849.86
1856.17
1862.49
1868.7
1874.69
1880.37
1885.65
1890.54
1895.18
1899.46
1877.64
1846.18
1832.04
1863.01
1874.27
1823.29
1710.82
1713.14
1799.44
1920.76
1926.24
1928.24
1930.23
1932.13
1933.76
1815.24
1812.56
1810.06
1807.9
1806.58
1806.17
1806.56
1807.52
1809.37
1812.11
1815.8
1820.39
1825.81
1831.95
1838.64
1845.71
1852.97
1860.25
1867.39
1874.26
1880.74
1886.74
1892.23
1897.22
1901.7
1905.83
1909.71
1876.4
1861.02
1882.46
1923.94
1790.48
1714.48
1715.19
1836.17
1932.67
1935.61
1938.28
1941.05
1943.45
1812.14
1809.16
1806.31
1803.61
1801.47
1798.73
1799.64
1800.1
1801.53
1804.09
1807.76
1812.59
1818.5
1825.36
1832.97
1841.11
1849.51
1857.94
1866.17
1874.03
1881.41
1888.23
1894.45
1900.07
1905.08
1909.54
1913.54
1917.29
1901.71
1911.09
1928.27
1922.6
1726.14
1717.56
1719.23
1894.84
1943.11
1946.79
1950.67
1954
1810.1
1806.97
1795.92
1748.65
1737.26
1786.53
1792.89
1792.56
1793.23
1795.63
1799.15
1804.17
1810.56
1818.2
1826.85
1836.24
1846.01
1855.79
1865.3
1874.3
1882.66
1890.31
1897.23
1903.43
1908.95
1913.85
1918.2
1922.16
1925.95
1929.48
1932.69
1935.94
1874.38
1720.43
1724.78
1770.42
1940.41
1955.58
1960.84
1965.27
1810.07
1806.95
1803.35
1688.56
1451.04
1641.65
1775.94
1760.33
1751.08
1751.86
1770.8
1792.53
1801.38
1810.35
1820.38
1831.36
1842.81
1854.21
1865.15
1875.37
1884.74
1893.18
1900.72
1907.41
1913.29
1918.48
1923.07
1927.17
1930.9
1934.33
1937.42
1940.34
1943.92
1842.78
1729.12
1733.9
1879.47
1964.94
1971.51
1977.08
1812.35
1809.81
1806.39
1801.25
1598.55
1166.47
1094.61
1095.37
1048.29
1047.27
1131.1
1333.79
1568.51
1750.82
1812.2
1826.32
1840.13
1853.74
1866.33
1877.74
1887.98
1897.05
1905.02
1912
1918.07
1923.37
1928.02
1932.15
1935.89
1939.35
1942.6
1945.71
1948.96
1953.46
1821.94
1739.59
1807.84
1969.71
1981.93
1988.81
1817.54
1816.87
1815.89
1814.48
1811.77
1417.98
717.709
667.42
667.957
668.261
668.38
668.545
775.293
1080.71
1541.59
1787.56
1832.93
1854.87
1869.84
1882.14
1892.81
1902.09
1910.13
1917.06
1923.05
1928.22
1932.73
1936.73
1940.36
1943.73
1946.96
1950.15
1953.38
1957.11
1962.67
1750.03
1801.71
1965.91
1991.6
1999.87
1821.95
1823.39
1825.67
1830.54
1785.24
1046.24
668.961
668.152
668.181
668.252
668.283
668.324
668.423
668.734
810.829
1450.29
1823.48
1861.2
1877.41
1889.34
1899.49
1908.23
1915.74
1922.18
1927.72
1932.52
1936.71
1940.45
1943.89
1947.16
1950.41
1953.77
1957.35
1961.52
1967.67
1843.58
1805.44
1924.08
2000.06
2009.48
1822.91
1831.29
1767.69
1426.39
856.125
673.487
669.755
668.725
668.44
668.336
668.354
668.44
668.605
668.803
669.772
1034.55
1783.39
1876.9
1889.84
1899.08
1907.33
1914.59
1920.92
1926.42
1931.21
1935.39
1939.09
1942.45
1945.59
1948.65
1951.75
1955.05
1958.66
1962.83
1968.55
1915.78
1807.01
1889.12
2006.85
2018.1
1381.06
977.201
806.592
726.034
715.896
690.537
675.158
670.982
668.402
668.34
668.456
668.583
668.99
670.123
674.379
1034.83
1790.37
1897.03
1903.35
1908.47
1913.93
1919.15
1923.94
1928.29
1932.2
1935.69
1938.87
1941.82
1944.66
1947.49
1950.45
1953.68
1957.3
1961.48
1966.78
1968.33
1807.39
1872.98
2006.24
2023.22
744.708
755.571
786.446
872.908
979.584
1080.79
994.375
746.937
666.357
665.089
666.251
668.336
672.52
693.784
940.952
1676.45
1911.89
1910.72
1910.06
1912.13
1915.41
1919
1922.59
1926.03
1929.24
1932.2
1934.96
1937.61
1940.23
1942.93
1945.85
1949.15
1953
1957.57
1963.4
1972.33
1836.75
1854.08
1996.99
2023.72
880.066
1220.8
1364.28
1508.67
1709.92
1784.88
1716.65
1308.89
791.704
745.842
802.524
944.83
1138.97
1471.37
1905.59
1911.41
1907.18
1904.25
1904.39
1906.39
1909.17
1912.24
1915.37
1918.4
1921.25
1923.92
1926.47
1928.96
1931.49
1934.18
1937.18
1940.63
1944.75
1949.73
1956.08
1965.51
1867.77
1849.83
1970.93
2020.4
1356.06
1352.92
1283.55
1528.86
1791.98
1808.96
1769.27
1610.2
1481.88
1539.61
1677.92
1859.01
1867.91
1876.15
1882.11
1884.84
1886.26
1887.97
1890.34
1893.15
1896.16
1899.23
1902.22
1905.07
1907.75
1910.29
1912.76
1915.23
1917.8
1920.59
1923.72
1927.38
1931.74
1937.04
1943.73
1953.21
1890.8
1840.83
1944.98
2012.24
877.673
765.071
783.051
1107.4
1809.86
1875
1675.09
1651.33
1830.33
1838.46
1843.89
1849.81
1855.07
1859.87
1863.71
1866.39
1868.51
1870.61
1872.9
1875.42
1878.08
1880.78
1883.44
1886.02
1888.52
1890.98
1893.45
1896
1898.73
1901.73
1905.12
1909.05
1913.74
1919.38
1926.38
1935.94
1900.15
1823.82
1915.9
1998.65
742.429
751.882
833.155
1478.39
1912.25
1899.18
1747.97
1735.06
1830.75
1847.56
1845.56
1845.15
1845.53
1846.09
1846.73
1847.4
1848.2
1849.27
1850.67
1852.37
1854.3
1856.39
1858.57
1860.83
1863.16
1865.59
1868.18
1870.97
1874.01
1877.39
1881.19
1885.56
1890.68
1896.74
1904.1
1913.72
1899.61
1803.88
1890.31
1978.64
764.892
977.472
1666.73
1888.87
1886.63
1875.7
1863.07
1853.08
1845.71
1839.8
1834.99
1831.3
1828.47
1826.25
1824.53
1823.27
1822.47
1822.16
1822.28
1822.9
1824.01
1825.39
1827.06
1829.02
1831.29
1833.89
1836.81
1840.05
1843.63
1847.63
1852.1
1857.12
1862.84
1869.47
1877.29
1887.09
1888.48
1779.16
1862.29
1952.49
1666.07
1838.59
1849.54
1859.27
1861.84
1857.82
1850.3
1841.78
1833.46
1825.47
1818.03
1811.33
1805.39
1800.17
1796
1792.57
1789.84
1787.56
1786.23
1786.14
1786.41
1787.13
1788.35
1790.25
1792.81
1795.9
1799.46
1803.45
1807.94
1812.9
1818.37
1824.31
1830.87
1838.22
1846.6
1856.66
1862.55
1750.29
1818.26
1920.65
1845.87
1846.47
1850.97
1853.61
1851.68
1845.7
1836.98
1826.72
1815.8
1804.78
1794.06
1783.97
1774.69
1766.49
1759.68
1754.03
1749.36
1745.22
1743.54
1742.63
1741.74
1741.52
1742.54
1744.7
1747.77
1751.69
1756.39
1762.04
1767.97
1774.32
1781.09
1788.28
1795.95
1804.22
1813.3
1823.71
1837.05
1719.12
1781.11
1884.1
1858.17
1856.29
1850.29
1845.14
1838.29
1828.92
1817.4
1804.33
1790.32
1775.93
1761.7
1748.14
1735.68
1724.85
1715.98
1708.6
1702.32
1697.95
1695.54
1692.59
1687.89
1686.89
1689.24
1695.4
1699.41
1704.47
1710.58
1717.6
1725.3
1733.49
1741.99
1750.73
1759.66
1769.07
1778.96
1789.78
1802.91
1701.84
1755.69
1845.01
1850.52
1848.08
1838.04
1828.59
1818.04
1805.26
1790.45
1774.01
1756.48
1738.46
1720.74
1703.89
1688.09
1674.02
1661.61
1648.82
1636.78
1617.29
1554.14
1433.85
1406.31
1493.07
1628.31
1637.1
1646.01
1654.47
1662.86
1672.08
1681.31
1692.25
1703.14
1713.52
1724.18
1734.71
1745.24
1756.24
1768.68
1680.46
1730.11
1806.69
1832.8
1829.4
1817.21
1804.86
1790.85
1774.53
1756.05
1735.9
1714.7
1693.27
1672.22
1649.63
1624.69
1591.14
1482.28
1287.69
1136.04
993.523
531.277
501.999
805.498
911.255
824.281
1186.57
1589.87
1601.28
1600.31
1616.26
1640.04
1654.47
1667.44
1679.96
1692.05
1703.41
1714.38
1725.33
1737.1
1632.32
1690.29
1770.48
1813.39
1805.38
1790.81
1775.36
1757.84
1737.84
1715.68
1692.15
1667.75
1642.15
1612.74
1468.06
1284.86
977.703
464.371
345.809
356.786
377.441
399.751
456.263
795.086
577.626
425.217
520.004
735.927
951.164
1365.62
1583.61
1605.5
1623.32
1638.83
1652.72
1665.47
1677.19
1688.13
1698.59
1709.26
1556.18
1651.35
1738.16
1791.28
1777.24
1760.38
1741.72
1720.75
1697.22
1672.04
1645.39
1614.86
1524.82
1287.44
563.449
235.715
255.987
279.294
311.808
320.284
337.214
629.405
803.988
474.469
400.901
402.211
400.446
401.426
404.69
1012.33
1561.83
1585.85
1604.54
1620.28
1633.97
1646.32
1657.58
1667.85
1677.31
1686.44
1517.81
1618.47
1710.51
1765.66
1748.15
1727.95
1706
1681.49
1654.73
1625.35
1587.22
1374.76
820.409
76.307
148.595
202.362
216.463
463.007
501.849
355.107
350.084
539.014
1205.57
823.298
388.699
390.701
391.614
392.094
394.836
776.087
1536.17
1581.4
1597.21
1611.06
1623.29
1634.41
1644.59
1653.76
1661.96
1669.41
1494.23
1595.68
1688.03
1741.31
1720.56
1696.63
1670.61
1642.2
1609.38
1562.79
1157.12
364.662
32.0088
28.3988
142.27
499.185
504.079
510.755
504.841
359.077
434.576
1057.96
1203.44
1154.19
472.861
377.339
381.107
383.393
384.287
804.068
1542.23
1583.54
1596.47
1607.11
1618.39
1628.36
1637.39
1645.41
1652.37
1652.2
1477.15
1583.62
1671.62
1721.19
1695.91
1668.09
1638.02
1602.02
1530.47
963.152
109.107
9.3262
5.8568
7.96925
365.408
495.387
496.773
277.876
374.091
932.051
1183.22
1196.22
1199.29
1042.69
410.752
362.212
366.659
370.37
373.305
887.316
1562.12
1589.14
1599.6
1605.9
1618.02
1627.14
1635.21
1642.36
1647.85
1563.33
1466.08
1587.87
1661.53
1703.87
1674.4
1642.41
1605.57
1528.25
742.639
18.8242
-0.562569
-4.24021
-3.30304
-2.27025
108.86
443.997
492.042
150.024
141.827
563.147
1178.06
1188.78
1129.05
456.542
347.882
351.46
354.914
358.516
370.281
942.588
1589.97
1597.24
1604.51
1611.04
1621.5
1629.76
1637.08
1643.58
1646.77
1505.59
1460.89
1605.13
1655.87
1689.55
1655.81
1618.69
1565.47
673.577
15.8107
-5.06549
-8.74293
-8.28378
-7.38541
2.33485
-8.28903
-7.42702
-6.44397
-5.04707
172.461
845.687
1158.33
1103.11
521.463
395.855
401.259
344.854
348.09
350.094
360.013
875.287
1562.71
1462.74
1509.08
1618.87
1627.24
1635
1641.83
1647.71
1650.22
1528.34
1460.79
1632.63
1654.55
1677.98
1640.23
1595.02
859.581
57.3037
-7.24653
-10.9086
-10.6426
-10.2261
-9.87041
-9.81822
-9.76901
-0.848561
-5.18018
-2.81468
384.305
1093.44
1364.1
1018.16
578.162
810.109
1243.64
646.977
442.288
435.017
359.753
524.552
828.505
784.137
1395.27
1625.06
1634.43
1642.17
1648.53
1653.46
1650.07
1430.01
1471.79
1659.71
1658.01
1667.94
1626.14
1261.88
199.659
-6.79447
-11.7715
-12.07
-11.7931
-11.2813
-10.8024
-10.7802
-10.6593
-3.81018
-5.9539
-5.06279
411.403
1292.29
1471.43
1371.54
1338.04
1406.16
1391.63
1323.72
650.767
362.713
362.56
363.57
381.97
468.587
1418.33
1637.92
1646.43
1653.05
1658.5
1660.79
1615.35
1393.28
1531.83
1666.41
1664.19
1658.66
1614.74
344.924
-5.21172
-12.311
-13.0363
-12.7299
-12.4539
-11.7382
-11.3864
-11.2377
-11.1884
-11.1336
-10.8378
-6.61431
632.529
1487.32
1508.81
1498.42
1500.28
1490.87
1398.15
1033.25
428.344
360.005
360.648
365.413
372.971
490.622
1498.38
1655.39
1661.33
1666.26
1670.7
1650.85
1449.03
1394.74
1583.91
1674
1671.91
1654.13
912.628
37.4957
-12.3152
-13.5954
-13.4642
-13.2529
-12.9838
-12.5968
-12.1183
-11.8301
-11.7045
-11.4427
-10.0699
41.2047
1037.8
1536.53
1549.58
1424.39
924.633
704.666
596.065
387.279
359.71
360.248
362.247
363.393
369.899
769.83
1660.99
1672.38
1676.02
1679.74
1683.48
1648.6
1398.14
1398.07
1580.05
1683.87
1682.14
1651.47
255.833
-10.5908
-14.576
-14.7755
-14.6907
-14.3002
-13.8807
-13.3328
-12.5737
-11.5126
-10.4349
-3.72061
304.569
1007.2
1536.3
1594.59
1385.41
662.565
428.862
400.046
379.296
368.036
363.938
364.938
364.054
417.042
788.918
1453.61
1683.2
1686.65
1689.71
1693.12
1696.41
1664.99
1403.86
1402.98
1538.64
1696.31
1694.96
1148.82
68.3327
-14.0759
-15.3172
-15.7613
-15.4619
-14.3614
37.2552
412.216
661.611
851.18
1042.8
1255.33
1492.15
1640.5
1648.82
1630.33
1181.06
493.178
465.332
586.466
906.196
862.902
661.357
668.358
1008.09
1314.57
1579.64
1691.27
1696.06
1699.74
1703.41
1707.06
1710.41
1679.96
1407.33
1410.44
1559.55
1711.24
1709.81
551.243
-9.93613
-10.532
-14.2709
-10.6961
548.551
1270.46
1461.86
1581.71
1646.11
1668.32
1672.67
1672.34
1671.77
1669.76
1664.52
1655.79
1336.37
936.339
1018.77
1502.55
1660.34
1633.15
1571.06
1585.22
1670.35
1689.09
1698
1705.12
1709.85
1714.17
1718.17
1721.82
1724.43
1562.96
1419.87
1420.33
1658.42
1728.78
1726.98
280.819
-13.6494
-10.8251
17.1371
930.354
1687.96
1698.69
1697.67
1696.18
1694.6
1692.99
1691.41
1689.83
1688.15
1686.2
1683.66
1661.91
1637.1
1660.05
1668.94
1685.26
1688.79
1690.93
1693.85
1698.87
1704.57
1710.47
1716.31
1721.49
1726.3
1731.03
1735.45
1739.07
1575.19
1430.7
1432.59
1462.61
1747.77
1746.84
1744.85
121.053
-8.98842
-8.22198
499.353
1637.57
1715.97
1715.79
1714.6
1712.99
1711.3
1709.63
1708.04
1706.55
1705.18
1703.83
1702.51
1699.82
1699.23
1697.53
1697.69
1701.33
1704.16
1707.72
1712.28
1717.34
1723.15
1728.98
1734.05
1739.13
1744.71
1746.35
1622.13
1490.76
1451.93
1450.95
1455.5
1694.27
1766.22
1765.12
1761.3
45.4721
-3.19358
11.2948
955.791
1735.61
1733.17
1732.89
1731.73
1730.02
1728.21
1726.51
1725.07
1723.97
1723.05
1721.92
1720.13
1718.12
1716.42
1691.2
1692.3
1717.04
1720
1723.17
1647.79
1547.6
1712
1748.83
1704.12
1550.4
1462.8
1424.99
1434.48
1456.31
1466.56
1544.33
1712.57
1783.98
1784.53
1782.99
1778.11
14.5812
-0.82777
2.8651
800.156
1756.43
1751.86
1750.92
1749.34
1747.15
1744.94
1743.07
1741.87
1741.07
1739.6
1731.86
1398.75
1163.42
1133.53
1440.78
1715.39
1732.33
1672.28
1376.31
1328.03
1334.58
1364.06
1446.71
1430.91
1423.87
1428.98
1433.44
1437.1
1558.57
1674.61
1778.89
1800.26
1802.13
1802.15
1800.44
1795.61
4.20134
-0.00602383
1.53374
426.608
1629.9
1771.36
1768.47
1766.11
1763.09
1759.89
1757.12
1755.03
1684.2
1208.64
1040.14
1044.31
1057.54
1066.42
1444.36
1717.44
1581.59
1327.37
1333.53
1336.01
1344.59
1351.58
1361.07
1375.33
1497.8
1543.21
1637.54
1735.17
1792.27
1811.34
1815.58
1818.07
1819.16
1818.56
1816.06
1812.26
0.680272
0.661956
1.28078
103.063
1027.82
1791.35
1784.37
1780.89
1776.85
1772.07
1767.57
1613
1059.48
1049.21
1044.41
1044.63
1046.16
1539.17
1727.32
1625.83
1330.77
1336.84
1338.99
1343.11
1488.87
1617.77
1659.99
1742.44
1780.57
1800.15
1813.71
1819.88
1824.74
1828.73
1831.75
1833.78
1834.49
1832.68
1828.63
1814.06
1.0488
1.08363
1.19461
25.3126
317.722
1406.15
1800.76
1793.4
1788.02
1781.97
1751.38
1232.88
1058.28
1054.54
1049.03
1164.99
1715.36
1754.62
1754.02
1685.41
1377.29
1345.47
1549.98
1758.58
1788.68
1800.7
1806.78
1812.35
1817.07
1823.23
1829.74
1835.11
1839.56
1843.04
1845.67
1847.36
1847.93
1844.75
1833.41
1823.4
1.00742
1.06863
1.11629
1.02978
77.9336
465.349
1638.67
1803.98
1794.58
1787.73
1627.74
1061.78
1061.16
1052.37
1239.36
1739.84
1753.43
1758.32
1761.64
1723.17
1696.3
1714.89
1786.94
1798.85
1806.8
1814.08
1820.79
1826.77
1830.26
1833.8
1840.96
1846.81
1851.3
1854.26
1856.26
1857.42
1857.84
1857.14
1854.44
1849.86
0.750997
0.830443
0.827347
0.828641
0.928286
7.08071
536.959
1773.86
1796.22
1785.41
1458.18
1061.72
1051.91
1147.65
1737.47
1732.19
1738.98
1748.64
1756.55
1766.14
1780.31
1790.04
1799.56
1808.76
1816.95
1824.16
1830.61
1836.28
1838.97
1841.96
1848.57
1852.9
1856.2
1858.88
1860.67
1862.2
1864.31
1866.43
1767.99
1489.66
0.564577
0.638475
0.60573
0.591962
0.57498
0.647291
1.97916
760.222
1808.4
1762.83
1434.52
1038.37
1014.97
1530.2
1680.54
1683.75
1701.04
1720.03
1737.4
1754.41
1771.1
1785.99
1798.23
1808.53
1816.93
1824.22
1830.98
1836.79
1841.66
1846.11
1850.81
1856.79
1864.31
1872.28
1662.2
1311.36
901.037
496.221
187.133
67.3005
0.557928
0.563237
0.502084
0.491788
0.534955
0.603887
0.681748
2.12355
1055.57
1756.81
1583.68
973.631
1067.25
1598.08
1566.9
1588.9
1628.38
1663.67
1687.91
1714.75
1751.05
1782.37
1805.94
1825.46
1838.24
1690.44
1619.59
1526.5
1378.04
1199.47
993.974
768.393
537.559
321.003
148.43
44.4842
2.65425
-0.312037
-0.120228
-0.0814646
0.433705
0.489592
0.500798
0.512591
0.583328
0.734609
1.02968
1.41082
11.1409
1402.29
1475.7
779.399
960.976
1300.79
1255.85
1318.81
1458.51
1603.16
1707.09
1112.72
835.1
742.014
570.969
415.534
313.527
238.665
175.944
115.129
63.2571
27.509
7.99353
0.317582
-0.144631
-0.19503
-0.166493
-0.0629963
1.90627e-05
0.00240441
-0.0232178
-0.0451175
-4.15201
-0.0160079
0.421427
0.34199
0.325408
0.28038
-0.465139
-0.380596
-3.91063
102.876
455.756
839.728
932.379
1063.2
1033.55
567.045
120.153
-11.1319
16.0455
-60.7945
-46.2551
-29.363
-18.8692
-9.59257
-6.0751
-7.81462
-5.41667
-3.84955
-2.68366
-1.7016
-0.820915
-0.124579
0.312766
0.513904
0.519512
0.330315
0.039222
-0.171495
-0.173125
0.00435458
1791.24
1791.1
1790.98
1790.81
1790.65
1790.52
1790.44
1790.41
1790.41
1790.45
1790.51
1790.59
1790.68
1790.77
1790.88
1790.98
1791.09
1791.2
1791.31
1791.43
1791.56
1791.7
1791.85
1792.01
1792.19
1792.4
1792.62
1792.87
1793.14
1793.43
1793.75
1794.09
1794.46
1794.84
1795.24
1795.64
1796.04
1796.44
1796.84
1797.22
1791.7
1791.4
1791.2
1791
1790.82
1790.68
1790.6
1790.59
1790.62
1790.7
1790.81
1790.95
1791.09
1791.24
1791.38
1791.52
1791.66
1791.78
1791.9
1792.01
1792.11
1792.21
1792.31
1792.41
1792.52
1792.63
1792.77
1792.91
1793.08
1793.28
1793.5
1793.74
1794
1794.28
1794.58
1794.89
1795.21
1795.53
1795.86
1796.18
1791.81
1791.36
1791.05
1790.89
1790.79
1790.74
1790.73
1790.77
1790.85
1790.98
1791.12
1791.29
1791.47
1791.65
1791.82
1791.99
1792.14
1792.28
1792.4
1792.5
1792.59
1792.67
1792.74
1792.8
1792.85
1792.91
1792.97
1793.04
1793.13
1793.23
1793.35
1793.49
1793.65
1793.83
1794.04
1794.26
1794.49
1794.74
1795
1795.27
1791.57
1791
1790.65
1790.56
1790.6
1790.69
1790.79
1790.92
1791.06
1791.22
1791.4
1791.58
1791.77
1791.96
1792.14
1792.3
1792.46
1792.59
1792.7
1792.8
1792.87
1792.93
1792.97
1793
1793.02
1793.04
1793.06
1793.09
1793.12
1793.17
1793.23
1793.31
1793.42
1793.54
1793.68
1793.85
1794.03
1794.23
1794.45
1794.68
1790.81
1789.44
1789.84
1790.16
1790.48
1790.73
1790.95
1791.15
1791.34
1791.52
1791.71
1791.89
1792.06
1792.24
1792.4
1792.55
1792.69
1792.81
1792.9
1792.98
1793.04
1793.08
1793.1
1793.11
1793.11
1793.1
1793.09
1793.09
1793.09
1793.11
1793.14
1793.19
1793.26
1793.35
1793.46
1793.59
1793.74
1793.92
1794.11
1794.31
1775.14
1773.84
1782.54
1790.52
1790.98
1791.28
1791.5
1791.67
1791.82
1791.97
1792.11
1792.25
1792.39
1792.52
1792.65
1792.77
1792.88
1792.97
1793.04
1793.1
1793.13
1793.15
1793.15
1793.14
1793.12
1793.1
1793.08
1793.06
1793.05
1793.05
1793.06
1793.1
1793.15
1793.22
1793.32
1793.43
1793.57
1793.73
1793.9
1794.1
1771.28
1770.97
1774.06
1792.18
1792.85
1792.67
1792.6
1792.56
1792.54
1792.56
1792.61
1792.67
1792.74
1792.81
1792.89
1792.97
1793.03
1793.09
1793.13
1793.15
1793.16
1793.16
1793.14
1793.11
1793.08
1793.04
1793.01
1792.99
1792.97
1792.97
1792.99
1793.02
1793.07
1793.14
1793.24
1793.35
1793.48
1793.64
1793.81
1794
1769.6
1769.63
1783.85
1794.73
1794.38
1793.9
1793.59
1793.39
1793.24
1793.14
1793.09
1793.07
1793.07
1793.08
1793.11
1793.13
1793.15
1793.16
1793.16
1793.15
1793.13
1793.1
1793.06
1793.01
1792.97
1792.92
1792.89
1792.87
1792.87
1792.88
1792.9
1792.95
1793.01
1793.1
1793.2
1793.32
1793.46
1793.62
1793.8
1793.99
1780.21
1786.43
1795.14
1795.39
1794.93
1794.52
1794.11
1793.78
1793.71
1793.58
1793.47
1793.4
1793.34
1793.3
1793.27
1793.24
1793.21
1793.18
1793.14
1793.09
1793.03
1792.97
1792.9
1792.83
1792.76
1792.69
1792.66
1792.68
1792.72
1792.76
1792.81
1792.89
1792.98
1793.08
1793.21
1793.35
1793.5
1793.67
1793.86
1794.06
1794.59
1795.04
1795.36
1795.26
1795
1794.72
1794.35
1794.05
1793.86
1793.89
1793.75
1793.64
1793.54
1793.45
1793.37
1793.3
1793.22
1793.14
1793.05
1792.95
1792.85
1792.74
1792.64
1792.54
1792.47
1792.4
1792.39
1792.41
1792.53
1792.62
1792.72
1792.84
1792.97
1793.11
1793.26
1793.43
1793.6
1793.79
1793.99
1794.2
1793.75
1794.26
1794.76
1794.86
1794.81
1794.69
1794.52
1794.22
1793.9
1793.73
1793.89
1793.78
1793.64
1793.53
1793.41
1793.29
1793.17
1793.04
1792.9
1792.75
1792.58
1792.39
1792.22
1792.11
1792.04
1792.06
1791.31
1791.41
1792.27
1792.46
1792.64
1792.82
1793
1793.19
1793.37
1793.57
1793.77
1793.98
1794.19
1794.42
1793.33
1793.78
1794.19
1794.46
1794.58
1794.6
1794.55
1794.46
1793.98
1793.73
1793.56
1793.74
1793.65
1793.51
1793.38
1793.23
1793.06
1792.88
1792.69
1792.47
1792.22
1791.94
1791.35
1790.71
1791.23
1791.4
1791.6
1791.64
1792.14
1792.41
1792.67
1792.9
1793.13
1793.35
1793.57
1793.79
1794.01
1794.24
1794.47
1794.71
1787.54
1790.6
1793.93
1794.31
1794.52
1794.6
1794.61
1794.55
1794.44
1793.78
1793.6
1793.57
1793.66
1793.46
1793.26
1793.1
1792.91
1792.69
1792.44
1792.15
1791.8
1791.37
1790.54
1788.66
1782.88
1782.4
1780.89
1791.51
1792.05
1792.46
1792.8
1793.1
1793.37
1793.61
1793.85
1794.09
1794.33
1794.58
1794.83
1795.08
1785.78
1786.23
1788.92
1794.24
1794.64
1794.73
1794.74
1794.67
1794.55
1794.19
1793.63
1793.67
1793.61
1793.36
1793.11
1792.92
1792.74
1792.51
1792.25
1791.92
1791.52
1790.97
1790.03
1788.28
1756.81
1690.93
1761.06
1792.22
1792.52
1792.92
1793.27
1793.55
1793.79
1794.02
1794.26
1794.5
1794.74
1795
1795.26
1795.53
1785.23
1786.27
1791.27
1794.56
1794.79
1794.88
1794.88
1794.8
1794.65
1794.43
1793.99
1793.52
1793.4
1793.11
1792.85
1792.69
1792.55
1792.38
1792.16
1791.9
1791.57
1791.09
1790.37
1789.36
1732.21
1648.2
1719.49
1794.69
1794.05
1794.06
1794.17
1794.28
1794.41
1794.57
1794.76
1794.98
1795.22
1795.47
1795.75
1796.04
1791.73
1793.8
1794.45
1794.8
1794.98
1795.06
1795.04
1794.94
1794.76
1794.49
1794.12
1793.34
1792.95
1792.49
1792.31
1792.32
1792.32
1792.27
1792.16
1792
1791.76
1791.4
1790.85
1790.28
1729.03
1633.87
1691.18
1797.17
1795.62
1795.2
1795.05
1794.98
1795
1795.1
1795.26
1795.46
1795.7
1795.97
1796.26
1796.58
1787.76
1791.76
1794.36
1794.81
1795.04
1795.14
1795.14
1795.04
1794.84
1794.53
1794.09
1793.36
1769.74
1762.1
1790.28
1791.95
1792.14
1792.25
1792.31
1792.3
1792.25
1792.11
1791.85
1791.86
1726.16
1620.57
1672.88
1797.9
1796.1
1795.62
1795.43
1795.35
1795.37
1795.47
1795.65
1795.88
1796.14
1796.44
1796.77
1797.12
1787.13
1787.98
1793.78
1794.82
1795.09
1795.23
1795.28
1795.24
1795.13
1794.94
1794.69
1794.52
1741.13
1725.01
1742.83
1791.58
1792.43
1792.52
1792.64
1792.78
1792.92
1793.07
1793.25
1793.99
1716.16
1610.74
1675.34
1796.19
1795.07
1795.06
1795.15
1795.26
1795.42
1795.63
1795.89
1796.19
1796.51
1796.87
1797.24
1797.64
1787.28
1788.59
1793.75
1794.91
1795.19
1795.36
1795.44
1795.44
1795.38
1795.26
1795.1
1795.01
1745.3
1719.21
1717.86
1739.27
1791.97
1792.65
1792.86
1793.18
1793.61
1794.2
1795.23
1796.47
1685.27
1600.09
1746.12
1792.57
1793.03
1793.83
1794.41
1794.85
1795.25
1795.65
1796.03
1796.43
1796.83
1797.25
1797.68
1798.14
1793.55
1793.73
1794.46
1795.06
1795.36
1795.54
1795.65
1795.7
1795.71
1795.69
1795.68
1795.79
1779.78
1713.1
1712.6
1711.28
1744.05
1791.22
1792.7
1793.02
1793.52
1794.22
1795.67
1786.27
1633.78
1599.48
1787.86
1789.59
1791.4
1792.79
1793.77
1794.51
1795.13
1795.68
1796.19
1796.67
1797.14
1797.62
1798.1
1798.61
1793.83
1794.34
1794.85
1795.31
1795.6
1795.78
1795.89
1795.95
1795.96
1795.97
1795.97
1796.06
1796.39
1720.81
1708.19
1707.6
1706.36
1768.59
1791.66
1791.71
1791.55
1791.24
1791.12
1751.93
1628.6
1626.22
1795.06
1793.26
1793.48
1793.97
1794.46
1794.97
1795.49
1796.01
1796.52
1797.01
1797.51
1798.01
1798.52
1799.06
1794.32
1794.78
1795.26
1795.68
1795.95
1796.09
1796.16
1796.18
1796.16
1796.11
1796.06
1796.03
1796.08
1732.32
1704.39
1703.95
1703.24
1709.15
1784.58
1790.82
1790.41
1789.96
1789.91
1755.01
1629.63
1702.96
1793.22
1792.73
1793.28
1793.93
1794.55
1795.16
1795.76
1796.33
1796.88
1797.4
1797.91
1798.41
1798.92
1799.46
1795.01
1795.4
1795.83
1796.19
1796.39
1796.47
1796.47
1796.42
1796.31
1796.18
1796.02
1795.86
1795.78
1754
1700.52
1700.37
1699.71
1701.41
1783.62
1790.16
1789.21
1788.41
1788.07
1764.08
1712.12
1771.08
1791.75
1792.08
1792.72
1793.88
1794.71
1795.47
1796.17
1796.81
1797.38
1797.89
1798.37
1798.83
1799.29
1799.78
1795.94
1796.26
1796.61
1796.84
1796.93
1796.91
1796.81
1796.65
1796.42
1796.14
1795.82
1795.46
1795.12
1788.98
1714.33
1697.8
1696.68
1745.08
1787.6
1788.66
1786.86
1784.9
1782.78
1759.22
1647.36
1777.5
1790.96
1791.86
1792.79
1793.99
1795.06
1796.01
1796.83
1797.51
1798.08
1798.55
1798.94
1799.29
1799.61
1799.97
1797.17
1797.36
1797.57
1797.65
1797.61
1797.45
1797.21
1796.89
1796.5
1796.04
1795.5
1794.88
1794.18
1793.4
1776.47
1743.47
1763.23
1788.13
1788.24
1786.41
1784.14
1781.24
1777.88
1741.92
1435.86
1738.09
1782.33
1792.17
1793.01
1794.86
1796.22
1797.21
1798.01
1798.65
1799.14
1799.49
1799.71
1799.84
1799.9
1799.94
1798.76
1798.77
1798.77
1798.66
1798.44
1798.12
1797.72
1797.24
1796.69
1796.06
1795.36
1794.59
1793.73
1792.79
1791.89
1791.06
1789.99
1788.47
1786.63
1784.61
1782.41
1779.96
1778.37
1552.65
1383.28
1544.78
1644.43
1665.12
1676.51
1789.66
1797.84
1799.35
1800.01
1800.43
1800.7
1800.82
1800.76
1800.52
1800.09
1799.41
1800.8
1800.55
1800.28
1799.93
1799.49
1798.98
1798.4
1797.75
1797.03
1796.23
1795.36
1794.42
1793.39
1792.31
1791.23
1790.15
1788.88
1787.09
1784.52
1781.9
1782.02
1698.77
1456.18
1360.59
1363.63
1569.94
1659.77
1501.94
1502.27
1565.77
1704.06
1794
1803.05
1803.23
1803.01
1802.74
1802.3
1801.57
1800.42
1798.7
1803.29
1802.78
1802.17
1801.5
1800.82
1800.09
1799.32
1798.51
1797.62
1796.67
1795.65
1794.57
1793.5
1792.52
1791.56
1789.97
1787.13
1781.45
1721.02
1610.32
1433.15
1345.27
1344.4
1347.76
1454.6
1749.63
1656.93
1495.4
1494.12
1493.05
1494.33
1599.36
1769.75
1805.97
1805.9
1805.5
1805.06
1804.45
1803.69
1798.27
1806.31
1805.46
1804.44
1803.43
1802.47
1801.52
1800.57
1799.59
1798.55
1797.45
1796.3
1795.18
1794.19
1792.98
1789.73
1720.49
1590.91
1432.97
1315.96
1276.69
1285.38
1295.85
1344.48
1614.76
1792.38
1812.72
1577.31
1491.09
1490.08
1489.47
1488.78
1488.81
1577.88
1786.36
1808.77
1808.46
1808.13
1807.88
1801.13
1601.69
1809.8
1808.57
1807.11
1805.72
1804.47
1803.3
1802.17
1801.03
1799.82
1798.52
1797.13
1795.64
1793.48
1749.27
1496.26
1300.53
1235.05
1223.3
1231.07
1238.65
1261.35
1529.73
1738.91
1814.15
1819.05
1813.85
1602.49
1489.07
1487.31
1486.66
1486.25
1485.84
1508.15
1768.91
1811.72
1811.44
1811.37
1795.41
1568.15
1413.17
1813.66
1812.06
1810.13
1808.36
1806.85
1805.5
1804.25
1803.01
1801.72
1800.29
1798.7
1796.68
1704.38
1341.66
1206.94
1206.94
1208.77
1212.02
1216.14
1310.96
1658.37
1813.29
1814.58
1816.95
1820.25
1822.51
1788.74
1642.57
1496.61
1482.19
1482.22
1481.1
1557.59
1810.88
1814.77
1814.71
1770.03
1510.33
1405.06
1407.53
1817.72
1815.77
1813.43
1811.33
1809.61
1808.18
1806.93
1805.8
1804.64
1803.4
1802.4
1749.4
1355.73
1198.68
1199.69
1201.04
1202.85
1205.28
1350.58
1710.08
1816.96
1817.39
1818.37
1819.82
1821.51
1823.28
1825.13
1824
1775.76
1625.81
1507.09
1570.51
1795.06
1814.85
1814.55
1680.5
1443.36
1399.26
1401.14
1401.93
1821.7
1819.5
1816.85
1814.51
1812.68
1811.23
1810.09
1809.12
1808.1
1807.09
1807.1
1538.96
1194.35
1194.51
1195.56
1196.8
1198.43
1386.67
1745.61
1822.1
1821.13
1820.93
1821.1
1821.54
1822.16
1822.88
1823.63
1824.4
1824.5
1816.79
1802.86
1807.51
1806.21
1782.69
1588.06
1413.73
1394.92
1393.36
1470.76
1651.35
1825.34
1823.03
1820.21
1817.77
1815.91
1814.55
1813.61
1812.95
1812.32
1812.33
1786.74
1367.51
1187.87
1189.76
1190.72
1191.87
1446.9
1781.24
1826.96
1825.01
1823.95
1823.26
1822.84
1822.67
1822.68
1822.77
1822.92
1823.17
1823.57
1824.25
1825.31
1823.68
1721.67
1531.38
1525.01
1523.15
1661.69
1776.89
1830.78
1831
1828.35
1826.07
1823.29
1820.87
1819.09
1817.89
1817.23
1817.03
1817.23
1818.82
1773.98
1316.65
1177.45
1181.21
1204.22
1541.62
1816.14
1830.43
1828.1
1826.62
1825.4
1824.42
1823.67
1823.09
1822.66
1822.22
1821.77
1821.94
1797.76
1732.61
1676.06
1671.1
1671.32
1683.24
1800.03
1827.06
1829.48
1829.54
1829.56
1829.36
1830.59
1828.45
1825.8
1823.47
1821.71
1820.51
1819.83
1819.64
1819.94
1821.3
1773.5
1310.49
1165.12
1239.45
1653.59
1835.89
1832
1829.74
1828.22
1826.86
1825.68
1824.68
1823.81
1823.09
1822.9
1823.36
1736.14
1637.6
1639.42
1641.92
1642.6
1712.96
1827.47
1827.44
1827.16
1827.5
1827.95
1828.25
1828.43
1828.5
1832.03
1830.07
1827.6
1825.37
1823.64
1822.39
1821.6
1821.28
1821.42
1822.2
1728.57
1283.33
1198.9
1666.06
1829.81
1828.6
1827.94
1827.33
1826.52
1825.67
1824.94
1824.3
1823.69
1823.47
1731.72
1635.88
1633.77
1634.13
1634.35
1786.78
1823.62
1823.55
1825.83
1826.08
1826.29
1826.55
1826.83
1827.11
1827.35
1827.57
1832.81
1830.98
1828.65
1826.45
1824.63
1823.15
1821.94
1820.91
1819.99
1819.1
1586.57
1286.16
1450.92
1827.41
1827.23
1826.78
1826.23
1825.6
1824.92
1824.4
1824.51
1824.65
1778.18
1637.63
1638.58
1635.95
1776.86
1805.72
1810.12
1824.7
1824.69
1824.71
1824.8
1824.94
1825.1
1825.32
1825.58
1825.88
1826.2
1826.55
1833.09
1831.34
1829.1
1826.96
1825.17
1823.72
1822.57
1821.75
1821.55
1758.2
1414.43
1342.5
1749.1
1821.15
1822.47
1823.09
1823.25
1823.31
1823.64
1773.07
1723.15
1725.15
1751.2
1777.11
1765.23
1799.01
1823.9
1824.02
1823.8
1823.6
1823.54
1823.52
1823.53
1823.58
1823.69
1823.88
1824.14
1824.48
1824.88
1825.33
1832.98
1831.24
1829.01
1826.85
1824.98
1823.36
1821.88
1820.6
1788.95
1490.01
1412.32
1528.06
1821.35
1821.2
1821.58
1821.95
1822.33
1752.5
1703.53
1706.35
1707.66
1769.43
1824.16
1824.23
1823.55
1823
1822.83
1822.75
1822.6
1822.41
1822.24
1822.11
1822.01
1821.97
1822
1822.13
1822.39
1822.77
1823.24
1823.8
1832.55
1830.74
1828.42
1826.17
1824.17
1822.31
1820.52
1818.29
1609.93
1462.17
1460.97
1808.76
1822.3
1821.33
1821.16
1771.16
1696.35
1698.59
1699.95
1732.95
1813.94
1820.48
1822.68
1822.54
1822.28
1821.99
1821.75
1821.51
1821.25
1820.98
1820.72
1820.48
1820.26
1820.07
1819.94
1819.97
1820.21
1820.57
1821.06
1821.8
1831.85
1829.87
1827.43
1825.19
1823.35
1821.94
1821.34
1744.09
1455.01
1454.2
1664.69
1818.68
1818.88
1815.43
1712.2
1692.09
1693.38
1701.3
1807.15
1816.11
1821.7
1821.56
1821.43
1821.25
1821.01
1820.74
1820.45
1820.14
1819.8
1819.44
1819.06
1818.68
1818.27
1817.81
1817.31
1817
1817.18
1816.15
1817.66
1819.62
1830.76
1828.6
1825.97
1823.55
1821.52
1820.13
1772.51
1467.19
1452.79
1545.62
1816.62
1817
1800.44
1689.61
1688.99
1688.79
1741.61
1816.87
1820.54
1820.46
1820.36
1820.25
1820.11
1819.92
1819.68
1819.41
1819.09
1818.73
1818.32
1817.86
1817.37
1816.85
1816.29
1815.57
1810.38
1729.2
1693.22
1805.15
1815.85
1816.88
1829.33
1827.11
1824.37
1821.72
1819.44
1786.3
1509.18
1461.47
1491.47
1809.13
1814.49
1798.03
1683.5
1684.46
1684.71
1782.32
1819.51
1819.17
1819.12
1819.09
1819.01
1818.89
1818.75
1818.57
1818.35
1818.08
1817.75
1817.36
1816.91
1816.38
1815.83
1815.27
1814.92
1761.97
1594.18
1590.25
1616.01
1813.89
1814.17
1814.87
1827.68
1825.45
1822.57
1819.62
1817.04
1694.89
1460.11
1456.58
1767.18
1813.7
1811.39
1706.66
1681.85
1681.02
1784.2
1818.19
1817.85
1817.74
1817.68
1817.61
1817.54
1817.46
1817.35
1817.21
1817.02
1816.77
1816.45
1816.03
1815.48
1814.77
1814.05
1764.72
1589.63
1577.65
1579.21
1580.44
1745.08
1813.26
1813.38
1813.93
1826.01
1823.82
1821.08
1818.66
1784.91
1479.01
1453.38
1569.18
1810.4
1809.77
1773.74
1678.39
1678.06
1749.51
1815.74
1815.71
1815.81
1815.89
1815.92
1815.94
1815.95
1815.94
1815.9
1815.84
1815.72
1815.55
1815.3
1814.95
1814.42
1812.31
1679.28
1571.97
1572.26
1572.61
1577.86
1774.88
1813.49
1812.31
1811.17
1808.39
1823.85
1821.48
1818.39
1815.59
1711.69
1468.32
1466.46
1811.49
1809.85
1793.63
1675.65
1675.63
1709.17
1814.43
1814.01
1814.02
1814.08
1814.12
1814.17
1814.23
1814.3
1814.37
1814.43
1814.48
1814.51
1814.5
1814.47
1814.39
1814.17
1783.07
1582.09
1568.56
1567.78
1608.25
1810.07
1811.29
1808.22
1804.59
1646.62
1273.84
1821.58
1819.21
1816.34
1806.36
1566.12
1461.17
1580.33
1809.71
1808.11
1749.92
1672.93
1673.87
1810.69
1812.71
1812.35
1812.23
1812.18
1812.2
1812.27
1812.38
1812.53
1812.69
1812.86
1813.04
1813.22
1813.39
1813.56
1813.73
1813.89
1810.17
1655.42
1567.4
1594.6
1807.92
1811.8
1807.73
1795.26
1387.61
948.377
897.262
1818.87
1816.38
1813.04
1758.75
1484.71
1479.59
1801.37
1808.93
1799.98
1676.79
1668.4
1723.08
1810.46
1810.01
1809.89
1809.86
1809.88
1809.97
1810.13
1810.33
1810.58
1810.85
1811.16
1811.48
1811.81
1812.16
1812.49
1812.83
1813.16
1813.34
1772.51
1701.89
1749.62
1812.98
1811.69
1808.54
1595.17
963.527
892.917
892.447
1816.53
1814.25
1811.56
1701.35
1482.89
1547.22
1809.26
1805.56
1763.11
1667.45
1666.61
1804.8
1807.9
1807.49
1807.35
1807.32
1807.38
1807.54
1807.78
1808.09
1808.45
1808.86
1809.31
1809.79
1810.31
1810.85
1811.41
1811.97
1812.5
1813.06
1813.63
1814.24
1814.58
1814.8
1814.49
1813.72
1783.58
1261.29
890.682
891.355
1814.1
1811.63
1808.4
1628.68
1474.94
1694.48
1803.66
1803.44
1714.9
1660.84
1700.22
1804.55
1804.14
1804.11
1804.18
1804.31
1804.53
1804.82
1805.19
1805.63
1806.13
1806.68
1807.29
1807.95
1808.65
1809.4
1810.18
1810.99
1811.84
1812.72
1813.64
1814.6
1815.66
1816.87
1817.74
1818.89
1821.69
1788.49
1258.88
887.835
1810.28
1807.29
1781.64
1516.28
1511.69
1808.38
1802.54
1785.01
1657.18
1655.74
1749.34
1800.2
1800.26
1800.5
1800.77
1801.07
1801.44
1801.89
1802.4
1802.98
1803.63
1804.35
1805.12
1805.95
1806.84
1807.78
1808.77
1809.81
1810.89
1812.02
1813.21
1814.48
1815.85
1817.24
1818.5
1820.27
1823.13
1826.71
1806.71
1378.59
1807.39
1804.87
1742.42
1513.07
1563.65
1802.85
1799.44
1743.34
1653.1
1658.81
1798.12
1797.1
1796.98
1797.12
1797.39
1797.77
1798.25
1798.83
1799.48
1800.21
1801.01
1801.88
1802.82
1803.82
1804.89
1806.01
1807.18
1808.41
1809.68
1811
1812.36
1813.79
1815.27
1816.8
1817.99
1819.38
1821.62
1823.12
1824.26
1795.57
1805.23
1802.8
1705.42
1507.19
1626.67
1796.48
1794.69
1696.73
1644.73
1683.17
1792.89
1792.63
1792.82
1793.16
1793.62
1794.19
1794.85
1795.6
1796.43
1797.32
1798.29
1799.33
1800.43
1801.59
1802.82
1804.1
1805.44
1806.82
1808.25
1809.71
1811.2
1812.74
1814.31
1815.92
1817.53
1819.08
1820.69
1822.38
1823.69
1824.51
1802.71
1799.95
1677.63
1496.63
1746.03
1790.26
1780.43
1648.27
1635.45
1694.98
1787.65
1787.85
1788.34
1788.93
1789.63
1790.42
1791.29
1792.25
1793.28
1794.36
1795.51
1796.72
1797.98
1799.3
1800.68
1802.1
1803.57
1805.08
1806.62
1808.18
1809.76
1811.34
1812.94
1814.55
1816.15
1817.74
1819.29
1820.81
1822.26
1823.63
1798.93
1786
1543.38
1494.13
1784.09
1783.2
1763.4
1625.85
1624.97
1678.93
1782.55
1783.05
1783.74
1784.56
1785.49
1786.52
1787.63
1788.82
1790.07
1791.37
1792.71
1794.1
1795.53
1797.01
1798.51
1800.06
1801.64
1803.24
1804.85
1806.48
1808.1
1809.71
1811.3
1812.86
1814.38
1815.78
1817.18
1818.58
1819.8
1820.87
1792.36
1740.58
1525.76
1550.17
1782.05
1779.34
1762.22
1621.06
1615.4
1621.42
1768.1
1778.26
1779.08
1780.07
1781.22
1782.5
1783.88
1785.32
1786.82
1788.35
1789.92
1791.5
1793.11
1794.73
1796.37
1798.02
1799.68
1801.34
1803.01
1804.66
1806.29
1807.89
1809.46
1810.98
1812.44
1813.82
1815.03
1816.08
1817.01
1817.68
1786.19
1707.21
1518.17
1689.21
1775.03
1773.32
1766.66
1665.52
1607.19
1606.68
1640.03
1772.1
1773.76
1775.21
1776.72
1778.34
1780.04
1781.78
1783.56
1785.36
1787.16
1788.96
1790.74
1792.51
1794.27
1796.02
1797.74
1799.45
1801.14
1802.8
1804.42
1806
1807.53
1809.01
1810.42
1811.76
1812.97
1814.04
1814.97
1815.53
1778.79
1703.06
1572.13
1769.05
1767.03
1766.07
1764.23
1745.83
1641.67
1599.69
1599.62
1651.07
1759.76
1770.15
1772.18
1774.18
1776.23
1778.3
1780.39
1782.46
1784.5
1786.51
1788.47
1790.39
1792.26
1794.09
1795.87
1797.6
1799.29
1800.94
1802.54
1804.1
1805.6
1807.05
1808.43
1809.39
1810.86
1812.11
1813.15
1813.57
1768.34
1722
1751.55
1760.66
1759.03
1758.25
1757.95
1758.37
1746.93
1695.09
1637.75
1627.13
1647.42
1736.38
1767.5
1770.08
1772.53
1774.96
1777.36
1779.72
1782
1784.22
1786.35
1788.4
1790.37
1792.26
1794.08
1795.82
1797.5
1799.13
1800.7
1802.23
1803.71
1805.14
1806.27
1807.35
1808.62
1810.25
1811.38
1812.37
1758.68
1755.8
1749.45
1746.38
1750.79
1750.09
1750.01
1750.57
1751.62
1752.7
1739.09
1650.43
1632.52
1635.88
1744.28
1766.15
1769.09
1771.88
1774.59
1777.22
1779.74
1782.14
1784.43
1786.59
1788.63
1790.56
1792.39
1794.13
1795.8
1797.4
1798.94
1800.4
1801.81
1803.31
1804.34
1805.51
1806.82
1808.31
1809.78
1810.99
1751.47
1749.07
1737.32
1702.41
1736.02
1742.48
1742.19
1742.56
1743.69
1745.61
1748.01
1734.51
1644.73
1627.59
1635.11
1745.58
1765.83
1769.09
1772.14
1775.03
1777.76
1780.34
1782.74
1784.98
1787.07
1789.02
1790.85
1792.57
1794.2
1795.76
1797.27
1798.63
1799.37
1800.75
1802.36
1804.1
1805.07
1806.47
1808.16
1809.49
1745.45
1742.67
1731.78
1695.92
1696.02
1736.4
1735.38
1735.1
1735.85
1737.94
1741.31
1745.27
1731.88
1643.93
1622.17
1635.12
1750.85
1766.63
1770.09
1773.24
1776.16
1778.86
1781.35
1783.64
1785.74
1787.68
1789.47
1791.15
1792.73
1794.24
1795.69
1796.9
1797.66
1799.01
1800.34
1802.28
1803.83
1804.43
1805.5
1807.71
1741.07
1739.67
1734.27
1692.74
1690.68
1728.23
1730.22
1728.56
1728.2
1730.22
1734.91
1740.52
1745.76
1729.23
1617.3
1615.79
1660.22
1759.09
1768.53
1771.95
1775.01
1777.79
1780.32
1782.62
1784.7
1786.59
1788.32
1789.92
1791.42
1792.85
1794.22
1795.53
1796.48
1797.28
1799.03
1800.63
1801.92
1802.6
1802.33
1803.68
1738.47
1739.27
1738.95
1726.08
1703.55
1727.67
1727.05
1722.14
1671.47
1625.23
1658.45
1737.2
1744.11
1748.9
1660.29
1613.36
1616.4
1717.34
1767.92
1771.53
1774.58
1777.31
1779.79
1782.01
1784.01
1785.8
1787.44
1788.92
1790.3
1791.59
1792.82
1793.99
1795.14
1796.26
1797.42
1798.6
1799.83
1801.12
1800.39
1801.59
1737.04
1739.95
1740.87
1739.79
1736.18
1732.06
1725.35
1618.03
1120.83
825.538
939.062
1484.05
1742.3
1750
1716.11
1610.9
1615.09
1667.23
1766.06
1771.44
1774.56
1777.29
1779.69
1781.82
1783.69
1785.35
1786.83
1788.16
1789.36
1790.45
1791.47
1792.42
1793.35
1794.29
1795.25
1796.29
1797.41
1798.69
1799.48
1800.54
1737.47
1740.44
1742.32
1742.85
1742.07
1731.51
1562.04
994.623
494.645
433.563
434.495
808.016
1620.81
1754.38
1744.09
1615.81
1615.35
1676.84
1768.52
1772.78
1775.62
1778.1
1780.27
1782.18
1783.84
1785.28
1786.54
1787.63
1788.57
1789.39
1790.1
1790.75
1791.37
1792.01
1792.71
1793.52
1794.48
1795.59
1797
1798.78
1217.2
1278.51
1328.37
1316.21
1253.98
1067.3
735.328
456.994
422.82
421.733
420.984
484.682
1359.98
1754.28
1728.52
1554.85
1646.04
1761.49
1772.46
1775.21
1777.58
1779.66
1781.48
1783.07
1784.43
1785.59
1786.54
1787.31
1787.91
1788.36
1788.68
1788.91
1789.12
1789.35
1789.65
1790.08
1790.71
1791.55
1792.81
1794.25
456.057
464.852
480.525
478.186
464.448
438.052
423.717
420.556
419.539
419.453
419.482
472.923
1383.68
1751.77
1681.49
1529.49
1701.81
1773.23
1776.07
1778.27
1780.16
1781.8
1783.22
1784.42
1785.43
1786.23
1786.81
1787.19
1787.36
1787.34
1787.16
1786.89
1786.56
1786.25
1786.01
1785.91
1786.05
1786.51
1787.32
1788.36
419.993
419.535
419.76
419.926
419.978
419.8
419.294
419.033
419.02
419.081
419.03
702.568
1653.14
1776.83
1655.49
1505.18
1716.31
1778.87
1780.81
1782.27
1783.52
1784.58
1785.48
1786.23
1786.8
1787.18
1787.33
1787.23
1786.89
1786.32
1785.56
1784.66
1783.67
1782.65
1781.65
1780.78
1780.14
1779.76
1779.7
1628.64
418.776
418.701
418.714
418.725
418.734
418.736
418.776
418.821
418.862
418.899
558.007
1470.39
1788.65
1791.77
1568.35
1475.3
1731.53
1785.36
1786.33
1786.97
1787.46
1787.86
1788.18
1788.4
1788.49
1788.4
1788.06
1787.44
1786.53
1785.35
1783.92
1782.29
1780.14
1776.94
1776.28
1774.89
1773.17
1771.8
1644.1
945.515
418.621
418.599
418.603
418.609
418.621
418.62
418.634
418.683
418.669
693.61
1548.19
1801.8
1802.46
1800.23
1499.74
1434.85
1732.52
1792.09
1792.13
1791.92
1791.66
1791.38
1791.11
1790.8
1790.39
1789.81
1788.97
1787.81
1786.31
1784.47
1782.34
1778.73
1765.19
1769.05
1771.52
1768.54
1765.55
1718.15
981.279
420.102
418.465
418.624
418.578
418.53
418.503
418.464
420.58
604.773
1173.71
1721.71
1816.82
1814.45
1811.19
1778.35
1400.09
1408.96
1728.86
1798.89
1798.04
1796.95
1795.92
1794.98
1794.12
1793.3
1792.42
1791.37
1790.05
1788.38
1786.32
1783.87
1780.91
1761.59
1758.32
1767.32
1766.78
1762.6
1758.05
1174.73
415.018
336.301
562.177
483.851
494.139
538.267
652.029
896.953
1292.43
1651.72
1815.81
1828.96
1825.69
1821.23
1816.62
1635
1360.04
1379.79
1702.23
1805.64
1803.68
1801.68
1799.91
1798.38
1797.02
1795.76
1794.47
1793.04
1791.31
1789.17
1786.46
1772.12
1760.8
1757.88
1762.35
1767.44
1763.15
1757.56
1445.28
475.02
301.114
305.015
1629.32
1454.76
1474.34
1556.52
1678.3
1789.65
1839.08
1840.66
1838.4
1835.06
1830.72
1826.4
1822.87
1451.43
1350.38
1380.12
1741.69
1809.67
1807.45
1805.19
1803.12
1801.26
1799.59
1798.04
1796.49
1794.76
1791.63
1765.58
1755.65
1753.31
1759.34
1769.35
1770.82
1766.63
1761.07
1675.4
680.757
285.385
283.348
287.526
1856.09
1856.42
1857.05
1856.95
1855.01
1852.02
1848.66
1844.95
1841
1837
1833.18
1829.94
1705.77
1344.21
1346.99
1576.3
1811.47
1812.54
1810.29
1807.97
1805.76
1803.72
1801.86
1800.11
1795.65
1755.37
1749
1746.68
1755.41
1774.23
1778.95
1776.97
1771.94
1766
1758.65
1022.16
290.381
266.902
269.733
275.76
1851.45
1852.85
1853.77
1854.08
1852.71
1850.17
1847.12
1843.79
1840.36
1836.92
1833.55
1830.99
1405.25
1342.53
1532.51
1811.5
1817.98
1815.49
1812.95
1810.43
1808.03
1805.79
1801.1
1752.74
1744.41
1742.76
1755.91
1780.78
1788.55
1788.13
1784.29
1779.73
1774.36
1767.76
1451.51
364.821
255.597
257.372
259.616
258.347
1846.95
1848.29
1849.04
1849.48
1848.42
1846.48
1844.12
1841.47
1838.61
1835.53
1832.32
1618.98
1251.44
1410.1
1793.38
1824.29
1821.23
1818.26
1815.37
1812.6
1805.77
1754.34
1744.57
1742.83
1757.28
1789.69
1797.97
1797.63
1795.29
1792.59
1789.14
1784.62
1778.79
1673.8
551.314
247.391
247.943
249.524
252.588
362.917
1843.24
1844.49
1845.12
1845
1844.16
1842.78
1841.06
1839.16
1837.19
1835.44
1792.88
1249.61
1243.74
1620.93
1826.81
1825.19
1822.77
1820.09
1817.26
1772.96
1750.64
1748.55
1763.85
1785.98
1804.51
1802.61
1800.93
1799.98
1799.78
1799.73
1797.69
1792.37
1640.37
823.364
242.171
242.206
243.503
244.403
243.114
982.139
1839.48
1840.38
1840.93
1840.88
1840.29
1839.28
1837.97
1836.41
1834.61
1833.07
1359.96
1219.92
1347.28
1800.09
1829.66
1827.54
1825.07
1811.19
1754.57
1749
1764.24
1798.08
1796.53
1793.07
1713.54
1531.91
1431.27
1425.72
1448.85
1624.41
1671.51
1352.57
634.364
240.917
237.606
239.09
240.247
241.124
484.718
1613.29
1836.47
1837.07
1837.45
1837.41
1836.96
1836.15
1835.02
1833.53
1831.59
1568.08
1168.04
1210.53
1683.53
1834.32
1832.58
1830.22
1809.61
1752.04
1749.28
1790.84
1809.24
1804.94
1652.98
1149.14
698.024
460.429
374.105
365.53
397.551
522.475
537.186
344.878
232.882
232.926
234.206
235.477
236.145
351.3
1457.08
1766.41
1834.26
1834.63
1834.85
1834.84
1834.57
1834.13
1833.58
1833
1832.6
1289
1156.38
1326.84
1812.21
1835.58
1834.13
1826.56
1756.97
1754.36
1811.86
1818.9
1814.62
1339.6
473.375
262.912
227.845
227.602
227.551
227.633
227.851
228.41
229.125
229.551
229.791
230.407
231.445
232.168
366.944
1423.68
1808.33
1804.32
1832.69
1832.84
1832.92
1832.86
1832.67
1832.39
1832.08
1831.82
1831.87
1409.4
1147.36
1361.18
1836.87
1836.34
1835.85
1817.47
1785.31
1820.07
1829.55
1827.12
1456.65
353.482
226.863
227.022
227.033
227.005
227.024
227.177
227.252
227.45
227.647
227.998
228.517
228.862
229.102
407.318
1530.55
1818.77
1828.38
1699.51
1831.55
1831.46
1831.35
1831.2
1830.99
1830.73
1830.4
1829.99
1829.56
1679.31
1138.16
1360.54
1837.94
1837.56
1836.89
1832.57
1837.78
1838.52
1838.38
1838.27
1135.02
226.945
226.947
226.978
226.998
227.045
227.095
227.186
227.289
227.44
227.597
227.702
227.837
228.002
581.986
1739.74
1831.19
1830.7
1835.54
781.714
1830.68
1830.32
1829.97
1829.71
1829.47
1829.25
1828.99
1828.65
1828.2
1676.41
1088.45
1223.74
1836.92
1837.64
1838.74
1840.29
1842.02
1844.03
1846.36
1848.85
1529.63
425.143
226.511
226.882
226.989
227.063
227.123
227.15
227.138
227.148
227.188
227.229
303.886
1204.27
1853.46
1846.14
1843.38
1841.85
1829.98
354.87
1829.91
1829.32
1828.73
1828.39
1828.24
1828.3
1828.59
1829.15
1830.28
1573.91
1070.65
1071.84
1363.27
1793.37
1836.97
1839.93
1843.03
1846.58
1850.62
1854.75
1852.84
1534.7
687.62
316.522
229.755
226.389
226.631
226.7
232.713
300.656
476.157
922.004
1588.32
1861.45
1857.92
1854.95
1851.14
1844.91
937.526
257.537
1829.03
1828.2
1827.38
1826.9
1826.74
1826.88
1827.3
1828.07
1804.69
1306.57
1058.19
1057.96
1056.55
1184.27
1676.48
1838.01
1841.78
1845.96
1850.57
1855.6
1861.1
1864.62
1760.22
1500.56
1287.52
1150.2
1117.09
1164.81
1283.87
1458.33
1678.05
1841.32
1868.34
1865.34
1862.31
1857.95
1851.45
1573.01
185.337
214.778
1827.78
1826.74
1825.76
1825.15
1824.96
1825.16
1825.7
1826.65
1755.7
1120.27
1050.97
1052.19
1051.07
1049.94
1074.68
1531.85
1839.25
1843.75
1848.65
1853.7
1858.84
1863.63
1867.78
1872.28
1876.49
1877.94
1878.68
1880.59
1880.78
1878.74
1876.08
1873.36
1871.09
1868.91
1866.41
1862.98
1859.66
1246.37
160.685
173.246
1826.01
1824.84
1823.79
1823.09
1822.87
1823.11
1823.78
1824.93
1780.33
1207.24
1042.62
1044.56
1046.37
1046.12
1047.95
1052.18
1467.66
1841.59
1846.22
1851.05
1855.89
1860.6
1864.95
1868.75
1871.86
1874.21
1875.75
1876.45
1876.37
1875.66
1874.54
1873.2
1871.72
1869.9
1867.09
1862.69
1855.16
1239.93
142.882
146.746
1823.66
1822.56
1821.48
1820.69
1820.33
1820.41
1820.99
1822.03
1816.85
1628.94
1160.13
1037.31
1039.59
1038.91
1042.53
1044.18
1389.64
1830.06
1844.29
1848.47
1852.76
1857.01
1861.04
1864.67
1867.75
1870.16
1871.88
1872.91
1873.36
1873.37
1873.15
1872.86
1872.58
1872.18
1871.58
1871.29
1872.07
1379.86
135.688
126.095
1821.08
1820.09
1819.08
1818.14
1817.42
1817.03
1817.06
1817.58
1818.49
1818.53
1716.29
1545.89
1504.54
1510.93
1459.32
1552.18
1707.27
1803.84
1841.6
1845.47
1849.53
1853.52
1857.31
1860.75
1863.73
1866.2
1868.13
1869.58
1870.62
1871.42
1872.11
1872.82
1873.57
1874.25
1874.76
1875.69
1877.38
1445.75
109.275
105.975
1819.01
1818.1
1817.2
1816
1814.67
1813.4
1812.37
1811.81
1811.95
1812.97
1814.84
1817.58
1820.7
1823.22
1825.42
1828.1
1830.69
1826.51
1837.51
1842.07
1846.27
1850.32
1854.1
1857.53
1860.52
1863.07
1865.21
1866.99
1868.53
1869.94
1871.35
1872.79
1874.27
1875.66
1876.72
1878.04
1879.44
1604.14
96.8259
85.3868
1818.48
1817.97
1817.02
1815.25
1812.81
1810.02
1807.21
1804.71
1802.9
1802.12
1802.58
1804.32
1807.13
1810.05
1814.36
1819.06
1823.84
1828.65
1833.43
1838.44
1843.16
1847.53
1851.51
1855.02
1858.07
1860.68
1862.93
1864.93
1866.8
1868.66
1870.6
1872.57
1874.56
1876.35
1877.74
1879.38
1881.1
1697.57
110.273
66.4066
1821.34
1821.47
1820.34
1817.24
1812.62
1807.21
1801.49
1795.96
1791.18
1787.81
1786.36
1787.13
1790.1
1793.27
1798.79
1807.87
1815.2
1822.21
1828.87
1835.03
1840.6
1845.52
1849.77
1853.39
1856.43
1858.99
1861.2
1863.22
1865.25
1867.44
1869.85
1872.36
1874.79
1876.94
1878.61
1880.44
1882
1701.65
104.263
50.4282
1789.08
1810.48
1789.05
1787.45
1807.25
1805.46
1795.1
1784.76
1775.3
1767.97
1763.52
1763.28
1764.22
1768.96
1778.48
1789.79
1803.91
1815.3
1824.49
1832.49
1839.27
1844.88
1849.43
1853.04
1855.88
1858.14
1860.02
1861.77
1863.65
1865.98
1868.92
1872.16
1875.25
1877.9
1880.11
1882.86
1886.05
1551.31
66.6978
31.6758
1730.73
1755.59
1739.11
1705.04
1737.72
1791.63
1788.82
1770.51
1753.27
1739.41
1730.16
1724.8
1729.3
1740.61
1755.79
1772.66
1792.96
1808.62
1821.2
1831.54
1839.8
1846.21
1851.02
1854.46
1856.82
1858.39
1859.47
1860.36
1861.37
1863.34
1866.99
1871.5
1875.41
1878.28
1880.44
1883.33
1887.52
1375.83
208.911
18.9603
484.995
745.06
1394.07
1712.8
1756.41
1795.84
1770.84
1743.19
1715.3
1690.86
1675.76
1670.54
1682.15
1703.4
1730.01
1757.07
1781.13
1801.13
1817.03
1829.43
1839.05
1846.44
1851.84
1855.45
1857.5
1858.18
1858.01
1857.46
1856.09
1856.07
1861.08
1868.25
1873.1
1875.54
1876.82
1879.48
1886.13
1005.16
259.277
17.4976
-0.519117
-0.346399
-0.867914
200.884
1490.22
1795.41
1726.23
1677.83
1633.55
1592.53
1572.28
1576.37
1607.15
1652.35
1701.24
1746.44
1783.12
1809.82
1826.79
1838.24
1847.64
1855.52
1861.28
1864.23
1864.1
1861.08
1857.29
1855.53
1850.19
1845.09
1851.62
1862.94
1869.69
1880.22
1779.28
599.982
113.49
-0.574025
22.3329
12.1089
0.0717387
0.102182
0.158544
0.437043
32.5013
71.0531
964.47
1644.9
1437.81
1325.15
1292.15
1315.46
1427.6
1609.37
1225.17
961.672
832.791
749.763
665.83
572.256
532.491
548.452
581.141
615.923
663.118
739.671
859.253
1249.19
1804.68
1722.8
1740.76
1836.72
1130.77
255.21
74.1308
-0.0391098
0.608931
0.886329
1.28883
1.5875
0.204983
-0.479574
-0.722343
-0.73395
-2.36495
-7.29134
13.6137
66.6567
482.956
1091.77
1009.86
890.36
292.819
-38.7365
-58.1494
-37.7618
-23.5155
-16.5946
-13.3222
-11.6304
-10.6403
-10.0192
-9.69498
-9.84003
-10.9806
-14.1222
-20.2214
-29.2424
-8.86346
841.474
717.205
-4.62151
0.0330512
-5.51859
-1.74397
-0.21108
0.361249
0.613401
0.240152
-2.77319
)
;

boundaryField
{
    inlet
    {
        type            fixedFluxPressure;
        gradient        nonuniform List<scalar> 10(-0.0149883 -0.0368851 -0.00745763 0.0262028 0.013313 -0.0254881 -0.011441 0.0475603 0.0373595 -2.13986e-07);
        value           nonuniform List<scalar> 10(2540.76 2531.82 2527.25 2523.08 2520.63 2520.63 2523.08 2527.25 2531.82 2540.76);
    }
    inletWall
    {
        type            fixedFluxPressure;
        gradient        uniform 0;
        value           nonuniform List<scalar> 
30
(
2566.4
2557.16
2547.51
2542.42
2540.76
2101.34
2291.2
2415.24
2515.44
2586.02
1918.28
1946.49
1923.42
1764.1
1637.33
2566.41
2557.17
2547.51
2542.42
2540.76
2101.32
2291.21
2415.25
2515.45
2586.03
1920.09
1947.55
1923.79
1764.06
1637.18
)
;
    }
    bottleWall
    {
        type            fixedFluxPressure;
        gradient        uniform 0;
        value           nonuniform List<scalar> 
290
(
1802.68
1802.87
1802.79
1802.53
1802.18
1799.82
1780.61
1779.4
1778.59
1792.78
1807.95
1807.68
1807.66
1807.85
1808.21
1808.72
1809.37
1810.13
1811.01
1812
1813.1
1814.31
1815.63
1817.05
1818.58
1820.16
1821.14
1822.79
1824.83
1827.05
1829.45
1832.7
1836.11
1839.06
1841.67
1843.82
1847.56
1851.74
1856.85
1861.67
1864.76
1869.14
1873.63
1877.97
1882.25
1886.54
1890.97
1897.25
1905.19
1910.99
1917.57
1925.13
1933.76
1943.45
1954
1965.27
1977.08
1988.81
1999.87
2009.48
2018.1
2023.22
2023.72
2020.4
2012.24
1998.65
1978.64
1952.49
1920.65
1884.1
1845.01
1806.69
1770.48
1738.16
1710.51
1688.03
1671.62
1661.53
1655.87
1654.55
1658.01
1664.19
1671.91
1682.14
1694.96
1709.81
1726.98
1744.85
1761.3
1778.11
1795.61
1812.26
1814.06
1823.4
1849.86
1489.66
67.3005
-0.0814646
-0.0451175
0.00435458
1799.82
1799.97
1800.11
1800.24
1800.36
1800.48
1800.6
1800.71
1800.84
1800.96
1801.09
1801.22
1801.36
1801.49
1801.63
1801.77
1801.9
1802.03
1802.15
1802.26
1802.36
1802.44
1802.51
1802.55
1802.58
1802.58
1802.55
1802.51
1802.43
1802.35
1802.25
1802.15
1802.06
1802.01
1802
1802.05
1802.15
1802.27
1802.36
1802.68
1797.56
1797.87
1798.16
1798.43
1798.69
1798.92
1799.13
1799.33
1799.51
1799.67
1791.24
1791.1
1790.98
1790.81
1790.65
1790.52
1790.44
1790.41
1790.41
1790.45
1790.51
1790.59
1790.68
1790.77
1790.88
1790.98
1791.09
1791.2
1791.31
1791.43
1791.56
1791.7
1791.85
1792.01
1792.19
1792.4
1792.62
1792.87
1793.14
1793.43
1793.75
1794.09
1794.46
1794.84
1795.24
1795.64
1796.04
1796.44
1796.84
1797.22
1791.24
1791.7
1791.81
1791.57
1790.81
1775.14
1771.28
1769.6
1780.21
1794.59
1793.75
1793.33
1787.54
1785.78
1785.23
1791.73
1787.76
1787.13
1787.28
1793.55
1793.83
1794.32
1795.01
1795.94
1797.17
1798.76
1800.8
1803.29
1806.31
1809.8
1813.66
1817.72
1821.7
1825.34
1828.35
1830.59
1832.03
1832.81
1833.09
1832.98
1832.55
1831.85
1830.76
1829.33
1827.68
1826.01
1823.85
1821.58
1818.87
1816.53
1814.1
1810.28
1807.39
1805.23
1802.71
1798.93
1792.36
1786.19
1778.79
1768.34
1758.68
1751.47
1745.45
1741.07
1738.47
1737.04
1737.47
1217.2
456.057
419.993
418.776
418.621
418.465
562.177
1629.32
1856.09
1851.45
1846.95
1843.24
1839.48
1836.47
1834.26
1832.69
1831.55
1830.68
1829.91
1829.03
1827.78
1826.01
1823.66
1821.08
1819.01
1818.48
1821.34
1789.08
1730.73
484.995
-0.519117
0.0717387
0.204983
)
;
    }
    atmosphere
    {
        type            totalPressure;
        rho             rho;
        psi             none;
        gamma           1;
        p0              uniform 0;
        value           nonuniform List<scalar> 
80
(
-0.517847
-1.0223e-05
0
0
0
-0.153551
-0.898116
-0.899457
0
0
0
0
0
0
0
0
0
0
0
0
-0.000519901
-9.82171e-05
-5.46019e-05
-8.54946e-06
0
0
0
-4.22404e-05
-2.12249e-05
-0.000938193
-0.00283648
-0.00320966
-0.00189557
-0.00157804
-0.00301524
-0.00798284
-0.0176381
-0.0279573
-0.0287579
-5.20128e-06
0
-0.316266
-0.440878
-0.343966
-0.0515783
0
0
0
0
0
0
0
0
0
-0.000897239
-0.00853171
-0.00605785
-0.00390906
-0.00269278
-0.00217519
-0.00180233
-0.00150986
-0.00142228
-0.00165188
-0.00260155
-0.00530831
-0.0138408
-0.0186877
0
0
0
0
-4.54696e-05
-0.00677554
-0.0166266
-0.0416494
-0.0301872
-0.0313611
-0.0904354
-0.519225
)
;
    }
    frontAndBack
    {
        type            empty;
    }
}


// ************************************************************************* //
