/*--------------------------------*- C++ -*----------------------------------*\
  =========                 |
  \\      /  F ield         | OpenFOAM: The Open Source CFD Toolbox
   \\    /   O peration     | Website:  https://openfoam.org
    \\  /    A nd           | Version:  8
     \\/     M anipulation  |
\*---------------------------------------------------------------------------*/
FoamFile
{
    version     2.0;
    format      ascii;
    class       volScalarField;
    location    "5.9";
    object      p;
}
// * * * * * * * * * * * * * * * * * * * * * * * * * * * * * * * * * * * * * //

dimensions      [1 -1 -2 0 0 0 0];

internalField   nonuniform List<scalar> 
9150
(
-205.228
-206.237
-206.865
-207.33
-207.567
-207.581
-207.349
-206.877
-206.233
-205.224
-225.288
-225.8
-226.229
-226.558
-226.729
-226.714
-226.55
-226.226
-225.797
-225.287
-245.18
-245.457
-245.711
-245.929
-246.053
-246.046
-245.936
-245.718
-245.459
-245.18
-264.917
-265.089
-265.258
-265.412
-265.496
-265.504
-265.422
-265.262
-265.092
-264.919
-284.539
-284.716
-284.853
-284.979
-285.039
-285.044
-284.984
-284.856
-284.719
-284.542
-119.363
-120.059
-119.711
-119.336
-119.145
-119.138
-119.32
-119.683
-120.037
-119.345
-134.752
-135.468
-135.623
-135.658
-135.558
-135.562
-135.668
-135.626
-135.478
-134.752
-151.185
-151.942
-152.257
-152.602
-152.674
-152.688
-152.632
-152.265
-151.966
-151.207
-168.036
-169.191
-169.664
-170.286
-170.47
-170.478
-170.288
-169.674
-169.206
-168.047
-185.139
-187.164
-187.936
-188.614
-188.878
-188.877
-188.58
-187.923
-187.156
-185.13
-26.0623
-27.0341
-28.9607
-29.9395
-30.3548
-30.2428
-29.6031
-28.5315
-26.7296
-25.6036
-46.0195
-46.2336
-47.1353
-47.4932
-47.9849
-47.9478
-47.4999
-47.1331
-46.1101
-45.8438
-66.166
-65.967
-67.0023
-66.5998
-67.0613
-66.9665
-66.5154
-66.8994
-65.8617
-66.0449
-88.9226
-86.0379
-87.0034
-85.4678
-85.6052
-85.5811
-85.4806
-86.9505
-86.0009
-88.8824
-114.18
-104.901
-104.316
-103.01
-102.586
-102.595
-103.027
-104.294
-104.876
-114.106
1130.23
1130.32
1130.12
1129.9
1129.85
1129.82
1129.77
1129.75
1129.77
1129.73
1110.59
1110.54
1110.46
1110.26
1110.3
1110.12
1110.19
1110.16
1110.16
1110.17
1091.17
1091.11
1090.98
1090.77
1091.62
1091.03
1090.92
1090.79
1090.47
1090.11
1071.66
1071.66
1071.61
1071.68
1071.78
1071.14
1071.01
1070.8
1070.32
1069.54
1052.32
1052.26
1052.06
1052.06
1051.74
1051.5
1051.23
1050.85
1050.19
1049.38
1032.76
1032.67
1032.43
1032.13
1031.88
1031.58
1031.33
1031.09
1030.67
1030.11
1012.94
1013
1013.15
1012.48
1012.16
1011.95
1011.45
1011.56
1011.24
1010.42
992.878
994.279
995.011
995.241
995.042
994.449
993.403
992.458
991.867
990.965
970.831
972.919
974.559
976.114
976.145
974.885
973.265
972.445
971.815
971.31
949.732
950.537
951.607
952.252
952.244
951.338
951.004
951.072
950.025
950.1
929.844
928.523
927.35
926.971
926.157
925.531
925.564
927.213
927.701
928.41
909.85
906.538
901.757
903.582
902.837
903.855
903.56
904.583
906.116
906.61
891.366
888.089
886.081
884.37
884.27
883.137
884.976
886.63
886.936
887.351
872.218
871.133
871.055
871.091
870.371
868.26
869.111
869.039
869.089
870.063
853.911
852.145
851.779
852.193
850.117
849.849
850.1
849.358
850.096
850.099
834.256
832.695
832.214
830.697
830.153
830.346
830.543
831.039
831.699
832.927
812.816
810.549
809.453
809.915
810.301
810.934
811.858
812.56
815.824
819.135
794.332
792.822
792.217
794.735
796.12
796.928
798.604
801.772
804.774
805.165
776.881
777.297
776.751
775.253
778.992
779.691
780.101
781.281
785.537
789.894
755.601
757.356
755.232
753.66
752.54
752.871
755.394
762.663
761.421
761.317
733.888
730.265
730.001
729.634
728.359
734.136
728.93
729.454
732.414
731.514
706.861
707.693
710.16
709.879
710.152
710.046
707.005
703.042
702.67
701.631
700.836
700.365
698.304
696.358
695.392
693.859
690.658
686.238
681.999
677.749
687.763
685.356
680.753
683.876
684.215
682.611
679.563
676.297
673.1
670.07
667.633
669.313
669.672
670.715
670.794
669.941
668.013
666.451
663.621
659.472
644.885
645.844
647.745
650.103
653.169
654.124
652.406
648.681
645.973
643.855
620.909
620
622.6
626.178
630.533
633.519
635.151
632.607
625.479
623.514
604.537
600.499
601.071
602.045
604.593
608.001
611.596
613.471
609.105
605.22
597.466
595.101
592.305
586.347
586.809
589.451
592.832
596.438
597.665
591.548
589.323
588.112
586.311
578.833
576.91
576.418
576.341
576.986
577.599
573.982
576.035
573.151
570.607
568.508
567.233
565.995
564.588
563.376
560.824
562.374
560.573
559.201
558.478
558.711
558.944
558.391
554.809
557.46
557.797
550.924
543.617
543.966
544.027
541.31
540.246
555.445
541.61
540.562
534.86
533.582
532.263
528.962
529.213
522.441
526.715
528.836
512.574
517.379
512.777
504.454
519.031
518.376
519.423
509.633
510.572
506.655
498.027
503.267
492.922
495.642
503.194
502.019
507.104
501.388
500.573
503.111
498.404
490.125
493.229
483.37
484.418
489.186
490.367
491.901
495.244
495.188
500.805
488.026
484.332
481.277
471.765
473.31
478.539
480.799
480.223
479.577
480.042
481.301
476.777
467.668
459.11
460.151
464.882
464.882
471.817
471.402
466.985
460.735
455.948
450.09
451.088
449.759
451.513
452.799
449.806
448.441
448.205
444.222
439.165
432.032
434.67
430.68
436.6
439.987
442.001
445.613
435.394
429.519
422.646
413.33
424.543
425.939
428.133
429.178
426.956
421.672
418.547
414.177
405.755
395.3
412.28
413.297
413.485
409.288
409.593
408.894
405.309
398.286
388.185
377.049
392.15
392.431
393.988
392.944
390.067
386.023
380.817
376.1
368.714
357.727
379.829
381.55
379.562
375.619
370.398
367.392
365.935
351.823
351.794
343.387
361.617
369.039
366.162
361.352
362.577
361.911
355.789
345.099
339.453
333.113
330.853
345.714
351.285
357.722
359.97
353.759
343.789
333.871
324.062
318.176
311.28
315.831
327.68
339.563
334.739
328.122
318.322
304.609
303.533
302.364
292.256
291.853
287.569
295.802
300.266
294.201
282.311
265.93
253.052
277.09
251.364
256.605
242.905
240.396
240.98
245.445
243.242
235.127
241.182
249.413
220.002
215.715
211.336
205.852
204.217
202.603
208.534
219.043
232.967
245.128
195.559
193.57
190.412
185.433
183.603
183.504
180.906
189.392
214.774
234.161
188.37
183.679
179.085
176.272
171.102
164.491
163.019
169.141
206.77
220.594
173.688
171.831
170.081
168.003
166.373
165.947
164.341
153.955
162.811
183.211
157.198
156.63
156.614
157.75
159.373
160.868
164.951
163.192
154.321
163.875
139.441
140.099
141.494
145.085
150.151
154.32
155.218
166.418
147.924
148.156
118.827
118.735
121.072
125.365
128.018
127.636
150.715
138.828
130.653
113.511
101.077
101.14
105.99
111.684
115.348
130.292
123.89
119.405
106.155
74.5789
94.6972
100.766
109.491
115.418
116.971
113.607
110.037
109.614
86.2831
77.8044
85.6674
93.3048
104.197
108.883
109.298
100.123
99.3533
97.4759
95.5135
92.2722
71.9278
71.5354
81.3549
79.2358
83.3703
79.0733
83.716
92.2876
99.4363
101.539
60.4527
68.0306
71.6348
71.9245
72.783
71.7389
76.2834
93.3479
106.536
106.967
61.9684
65.2217
73.6993
76.1383
73.5338
73.434
72.414
87.3625
111.695
94.8826
63.3692
68.8223
79.1927
88.3712
89.3071
79.0228
56.9828
75.8441
69.4977
73.891
60.6669
82.8077
94.9453
103.34
122.905
81.5124
45.3024
41.6258
31.1543
38.2219
45.5502
48.517
78.3246
90.204
118.469
73.5962
44.6617
28.8814
14.9117
21.2862
40.3324
48.6623
37.8707
47.9313
61.2267
54.423
46.9658
37.0627
13.3798
14.5681
24.2845
22.3183
34.2148
51.7611
54.1226
39.7364
34.1505
25.0783
12.0379
5.29286
16.0411
18.5691
23.3297
31.5815
34.0196
44.5942
-1.79163
-8.47548
0.209569
-3.97437
7.35587
6.27461
7.0003
10.7683
18.1212
31.7401
-9.65331
-8.60332
-1.73159
-1.41179
1.64082
-0.53032
1.29481
4.12303
16.6627
34.2853
-6.52978
-2.62827
-1.53533
-1.43885
-1.46345
-1.49558
-1.47216
-1.75314
26.7399
18.5289
-2.31771
-1.10722
-1.2777
-1.3449
-1.3768
-1.89118
-2.6132
-3.65377
28.3688
15.2921
-1.86291
-1.23849
-1.33774
-1.35748
-1.37479
-1.3949
-1.80048
-2.62561
23.3588
23.7911
-1.52413
-1.42757
-1.47017
-1.44532
-1.38437
-1.38008
-1.54364
0.366445
14.9074
36.4417
-1.51153
-1.44301
-1.42709
-1.41807
-1.39925
-1.39431
-1.46651
-2.19352
26.0229
20.6927
-1.3885
-1.40004
-1.4012
-1.41003
-1.43387
-1.41931
-1.43434
-1.67737
27.5337
20.684
-1.42832
-1.42384
-1.43545
-1.42558
-1.47898
-1.46468
-1.47973
-2.0211
26.6416
21.0313
-1.43888
-1.44366
-1.44041
-1.43995
-1.52475
-1.49353
-1.4801
-0.914729
18.6944
30.4069
-1.51909
-1.47455
-1.47021
-1.44899
-1.57919
-1.51996
-1.5187
-1.28541
21.7096
27.3477
-1.49261
-1.45026
-1.45653
-1.45991
-1.58457
-1.51291
-1.36779
-1.73116
31.521
15.1871
-1.40266
-1.40898
-1.42866
-1.46696
-1.72473
-1.67903
-1.61561
-1.78433
30.0721
15.6056
-1.42461
-1.43996
-1.45434
-1.48812
-1.9537
-1.97353
-1.92425
-2.0036
24.1038
20.4734
-1.49083
-1.5042
-1.50686
-1.52008
-2.00122
-2.04638
-1.9984
-2.03502
22.249
20.7601
-1.55762
-1.5474
-1.54663
-1.55488
-1.8876
-1.90168
-1.90763
-1.95996
25.3291
15.3308
-1.59261
-1.57159
-1.57625
-1.58348
-1.80481
-1.80444
-1.81117
-1.87057
19.4792
19.2658
-1.66159
-1.61155
-1.61431
-1.61686
-1.76699
-1.76496
-1.77395
-1.83646
19.1609
16.9646
-1.66808
-1.62766
-1.64447
-1.6459
-1.75428
-1.75636
-1.76924
-1.82407
22.6102
10.9482
-1.68332
-1.64783
-1.68771
-1.69316
-1.74214
-1.74652
-1.75098
-1.79541
15.7661
13.8595
-1.74923
-1.70832
-1.7265
-1.73203
-1.74427
-1.74802
-1.75088
-1.80056
10.5145
14.2206
-1.79152
-1.75371
-1.74919
-1.76808
-1.76752
-1.76923
-1.77495
-1.85141
10.7347
9.01195
-1.87991
-1.79109
-1.78895
-1.7915
-1.78782
-1.787
-1.78217
-2.07834
7.77173
6.67755
-2.00753
-1.80266
-1.81306
-1.81142
-1.80163
-1.79892
-1.80025
-2.3319
4.18559
5.71663
-2.07308
-1.83833
-1.83532
-1.83609
-1.82347
-1.82112
-1.92209
-2.76655
3.29677
2.31506
-1.42193
-1.90124
-1.86064
-1.86165
-1.83984
-1.83942
-1.89881
-1.21349
1.133
0.368963
-2.09008
-2.07846
-1.88938
-1.88801
-1.87159
-1.87282
-2.16074
-0.943652
0.213513
-0.222815
-1.8232
-2.32329
-1.91086
-1.90811
-1.89154
-1.87917
-3.4458
-1.63873
-0.607479
-0.629481
-1.55423
-3.12843
-1.91595
-1.92092
-1.9091
-2.57541
-4.7226
-2.7824
-1.70314
-1.66885
-2.55606
-4.3302
-2.20187
-1.92639
-1.92879
-4.23474
-5.78001
-6.08783
-6.18019
-5.97151
-5.87069
-5.6998
-3.99269
-1.94514
-2.83084
-9.79345
-12.9374
-14.8665
-15.7285
-15.9647
-15.3208
-13.4009
-9.93956
-2.71872
1129.77
1129.83
1129.9
1130.09
1130.24
1130.49
1130.8
1131.21
1131.7
1132.28
1132.83
1133.63
1134.56
1135.59
1136.6
1137.72
1138.29
1138.85
1139.2
1138.17
1135.83
1132.77
1129.43
1126.26
1126.21
1125.51
1124.92
1125.16
1125.93
1127.22
1129.32
1131.5
1132.85
1133.71
1133.34
1133.01
1132.69
1132.87
1131.45
1131.07
1110.11
1110.1
1110.17
1110.3
1110.44
1110.76
1111.02
1111.38
1111.8
1112.31
1112.92
1113.64
1114.49
1115.46
1116.58
1117.68
1118.47
1119.12
1118.75
1117.48
1114.8
1111.11
1107.69
1104.79
1102.33
1101.19
1101.52
1102.34
1103.86
1105.81
1107.41
1111.78
1110.62
1112.71
1114.05
1115.05
1114.68
1113.67
1112.52
1112.42
1089.98
1089.97
1090
1090.09
1090.25
1090.82
1090.93
1091.3
1091.68
1092.11
1092.65
1093.27
1093.92
1094.7
1095.43
1096.14
1096.66
1097.09
1096.21
1093.72
1090.51
1086.5
1081.25
1077.17
1074.63
1073.1
1073.62
1075.88
1078.45
1080.91
1083.16
1085.58
1088
1090.44
1092.55
1093.75
1094.14
1093.95
1093.42
1095.4
1068.94
1068.41
1068.58
1069.05
1069.57
1070.09
1070.48
1070.86
1071.25
1071.63
1072.13
1072.7
1073.3
1073.77
1074.09
1074.3
1074.29
1074.02
1072.91
1069.55
1065.79
1061.64
1057.43
1052.56
1048.81
1050.36
1048.42
1050.45
1053.72
1057.06
1060.16
1062.81
1065.18
1067.34
1069.32
1070.34
1070.32
1070.99
1070.9
1071.6
1048.58
1049.77
1048.35
1048.04
1048.75
1049.47
1050.01
1050.48
1050.89
1051.3
1052.23
1052.14
1052.58
1052.84
1052.91
1052.84
1052.53
1051.89
1050.89
1048.87
1043.92
1041.22
1037.84
1034.45
1033.46
1032.3
1032.05
1033.16
1034.75
1036.18
1039.11
1041.44
1043.34
1045.26
1047.38
1049.07
1049.44
1052.38
1052.29
1053.59
1029.66
1029.62
1030.03
1029.09
1028.83
1029.49
1030
1030.4
1030.72
1031.13
1032.12
1031.77
1032.08
1032.16
1032.06
1031.84
1031.42
1030.79
1029.91
1028.58
1026.27
1023.62
1022.13
1020.54
1018.56
1018.53
1018.05
1018
1018.69
1019.27
1020.9
1022.19
1023.02
1024.12
1025.51
1028.45
1030.84
1033.03
1036.36
1038.11
1011.36
1011.42
1011.38
1011.2
1009.56
1009.46
1009.67
1010.04
1010.44
1010.76
1011.68
1011.83
1011.6
1011.48
1011.38
1011.18
1010.87
1010.56
1010.13
1009.57
1008.5
1007.25
1005.95
1004.72
1004.65
1003.88
1003.91
1004.61
1004.97
1003.59
1003.6
1004.01
1004.07
1005.39
1009.38
1008.93
1011.62
1017.01
1017.66
1020.7
991.05
990.555
990.305
989.911
989.441
989.133
988.957
988.959
989.235
989.553
989.869
990.707
990.325
990.502
990.558
990.583
990.595
990.585
990.608
990.641
990.329
989.91
989.423
988.68
988.433
988.283
987.781
987.508
991.613
988.342
987.265
987.521
988.48
990.283
993.117
994.957
996.142
1000.39
1003.19
1003.09
971.002
970.224
969.393
968.966
968.534
968.009
967.891
968.502
967.917
967.884
968.082
968.13
968.23
969.892
969.32
969.912
970.143
970.324
970.653
971.043
971.387
972.48
972.533
971.462
971.524
971.681
971.838
971.937
972.214
972.814
973.145
973.985
975.594
977.48
978.787
983.075
983.802
984.342
987.808
985.679
949.688
948.983
947.976
946.899
946.409
946.287
946.498
946.788
946.811
946.369
946.907
946.563
948.89
948.453
948.317
948.789
949.01
949.815
950.871
951.44
951.907
952.758
953.326
953.835
954.419
955.096
955.801
956.619
957.491
958.386
959.39
960.597
962.106
963.631
965.099
969.186
970.682
968.419
968.409
969.352
928.45
927.852
926.865
928.072
927.435
925.642
925.856
925.809
925.284
925.32
924.814
923.978
930.111
926.462
927.342
927.09
927.166
928.642
930.267
931.524
932.708
933.857
934.96
936.083
937.251
938.614
939.771
941.084
942.413
943.659
944.898
946.276
947.706
949.103
950.169
955.39
951.936
955.654
952.917
953.333
907.954
908.113
907.787
908.233
908.037
906.331
905.842
905.541
905.143
904.578
904.17
905.907
906.722
906.585
904.702
903.945
906.281
908.127
910.027
911.887
913.521
915.214
916.828
918.377
919.978
921.681
923.436
925.165
926.791
928.207
929.731
931.249
932.676
934.203
936.69
940.716
936.224
938.303
936.411
937.224
888.968
888.689
887.975
889.34
888.674
886.63
885.403
884.772
884.455
884.184
884.478
883.893
885.608
885.004
883.331
885.172
887.883
890.859
893.121
893.924
894.775
897.047
898.828
900.516
902.127
904.291
906.949
909.144
910.465
912.16
913.572
915.152
916.431
917.537
923.349
918.947
920.023
919.048
922.092
920.586
870.188
869.109
871.133
869.823
866.909
865.281
863.303
862.449
862.31
862.157
861.526
862.546
864.145
864.993
865.014
867.522
870.869
873.616
876.329
878.394
877.619
879.241
880.621
882.182
884.684
888.758
889.882
891.798
893.392
894.972
896.613
898.247
899.47
904.696
901.282
902.104
902.598
901.963
904.417
903.22
850.828
852.434
851.871
850.222
847.682
844.185
841.186
839.705
838.68
836.631
834.409
836.863
840.747
843.542
846.13
847.405
851.76
853.92
855.841
858.478
860.144
861.759
862.877
864.82
868.568
870.725
872.06
874.086
875.517
877.357
878.434
881.834
883.761
884.011
884.939
885.073
885.074
884.819
885.002
885.158
834.793
835.364
835.731
831.301
821.641
815.92
816.204
816.631
818.004
816.773
818.497
826.311
829.252
824.401
824.045
827.803
833.742
837.067
839.576
841.763
843.317
845.155
847.676
849.191
850.958
852.064
854.886
855.378
857.513
859.313
861.831
864.404
865.59
866.731
867.466
867.572
867.344
867.057
867.094
867.202
821.404
821.925
818.992
816.02
804.905
804.315
802.819
801.113
800.735
800.474
797.724
800.732
803.63
804.319
804.418
809.453
813.979
817.664
820.83
823.671
825.075
828.504
829.119
831.187
832.2
834.752
835.911
838.024
839.409
839.759
842.407
844.814
847.472
849.481
850.416
850.231
849.796
849.225
849.274
849.034
808.544
813.07
810.53
798.795
791.266
784.448
780.888
785.176
785.753
784.536
783.241
782.713
781.87
782.002
784.856
789.571
795.785
801.671
805.857
808.573
808.624
812.703
812.46
812.326
813.611
814.6
814.802
817.538
818.799
820.402
822.885
826.297
829.685
833.018
833.542
832.951
832.39
831.685
831.678
832.004
789.599
787.212
785.452
780.282
772.798
774.294
772.308
771.633
771.963
768.583
766.493
765.333
764.768
764.805
767.352
771.74
776.712
781.274
783.277
785.965
788.349
790.466
791.728
792.714
792.387
791.536
791.199
792.234
793.607
795.61
799.867
807.62
815.744
816.939
816.501
815.006
815.171
817.147
816.971
816.853
762.307
761.65
759.193
756.258
754.304
753.856
752.748
750.187
759.651
754.553
749.967
751.041
747.751
750.994
752.93
754.41
755.161
757.074
759.148
761.709
763.736
765.187
767.2
767.22
765.706
764.901
768.527
771.004
771.929
773.335
778.621
782.134
786.116
789.678
790.583
791.626
793.473
796.001
799.357
801.167
731.863
732.703
732.476
731.862
731.324
730.868
731.077
730.504
729.76
730.095
731.677
732.107
731.162
733.664
732.287
732.974
733.113
733.371
734.149
735.95
737.117
738.459
740.506
742.687
741.764
745.891
746.785
748.999
749.43
747.917
745.666
747.321
749.106
752.952
756.528
760.862
766.234
772.041
777.476
782.74
703.37
705.879
707.064
707.497
707.715
707.757
708.264
709.625
709.269
713.006
712.558
711.881
713.362
714.911
715.152
714.155
712.7
711.371
711.145
712.485
714.414
717.522
722.73
716.943
723.352
726.751
733.795
734.53
730.826
724.519
716.535
715.185
714.194
716.223
719.772
724.592
730.068
738.637
746.348
752.558
678.75
680.944
682.156
682.864
683.893
685.296
690.244
692.61
694.47
696.372
697.609
698.423
696.491
696.875
696.733
695.319
692.949
690.439
689.679
690.868
694.081
696.696
699.108
699.113
699.297
705.613
711.927
712.348
710.639
706.697
699.794
692.479
687.224
685.016
685.091
687.99
692.497
701.455
708.325
712.615
667.037
662.608
658.693
657.369
657.143
660.283
664.223
668.524
673
675.562
681.216
683.413
685.202
687.359
687.596
685.934
680.886
675.534
675.58
676.345
679.94
682.153
683.148
682.765
683.061
683.26
688.393
691.059
690.893
687.935
684.36
679.355
674.432
668.836
661.146
662.324
664.977
670.032
675.033
679.665
655.683
651.501
647.691
642.258
636.087
638.264
640.214
642.016
647.189
651.297
656.349
659.493
661.68
662.598
662.968
662.38
661.072
659.802
659.656
659.666
661.891
665.845
667.194
667.082
666.777
667.254
667.887
668.055
669.993
669.864
666.683
663.639
661.282
657.212
649.912
646.699
646.418
649.001
654.401
658.295
638.942
635.227
634.576
630.609
622.05
620.451
622.571
625.763
629.326
632.619
635.328
638.782
640.222
641.46
643.591
643.661
642.111
640.442
640.096
641.326
642.72
643.63
644.821
646.116
647.874
648.837
651.353
652.595
649.648
649.404
648.584
645.848
643.621
645.395
636.811
634.655
635.218
637.705
641.813
645.262
620.746
620.889
617.206
611.872
610.424
609.692
611.252
612.842
614.202
615.758
617.616
620.01
622.039
623.052
624.011
623.789
622.985
623.212
623.105
624.147
624.672
626.413
626.892
628.639
630.011
630.205
631.928
634.224
635.773
636.645
636.185
633.909
630.922
628.537
627.751
628.373
629.765
631.811
643.807
641.724
606.029
602.196
600.107
599.448
595.524
594.016
597.425
599.653
601.186
601.831
602.269
603.471
604.553
604.993
605.69
605.309
604.886
605.921
606.333
606.502
606.901
609.036
609.23
609.205
610.85
612.595
615.044
618.643
620.425
621.906
619.608
617.815
616.286
616.552
617.24
624.433
626.708
629.353
645.075
637.585
590.776
588.929
587.036
585.465
582.523
585.568
585.423
587.334
589.863
588.67
586.542
585.762
586.455
591.372
587.296
586.465
587.627
587.778
588.408
588.268
588.674
589.939
588.711
588.847
588.953
590.518
592.414
594.198
595.371
596.156
595.294
594.843
596.46
598.372
603.428
609.808
614.07
624.103
628.069
635.665
571.674
568.263
564.474
565.108
562.048
553.951
557.074
567.346
577.621
574.639
572.108
571.996
572.982
577.53
571.534
572.012
571.955
572.5
571.374
570.711
569.806
568.48
566.704
563.924
559.691
557.496
556.019
554.474
559.744
554.884
561.087
569.607
577.269
584.378
591.327
601.98
607.212
611.729
613.922
620.859
561.95
557.506
554.239
550.917
540.519
537.767
542.536
548.474
554.862
559.636
563.092
564.33
563.258
559.43
558.004
557.856
557.335
556.132
555.058
553.755
552.043
549.938
547.252
544.827
541.623
544.062
542.771
541.187
540.63
540.587
538.582
543.236
560.955
575.256
580.175
592.988
599.074
602.184
603.461
605.603
550.799
542.652
541.162
538.988
537.63
538.898
540.961
543.493
546.765
548.235
549.055
546.893
545.393
544.682
544.101
543.18
541.417
539.944
538.326
537.125
535.527
533.3
534.026
540.021
543.342
540.024
535.963
531.717
530.149
530.469
534.472
534.239
543.94
559.946
576.705
582.422
595.85
596.079
592.86
594.305
533.224
533.229
532.383
524.114
530.178
530.005
533.704
531.208
532.815
532.958
530.775
532.149
530.732
530.199
530.097
529.778
529.091
528.239
526.877
525.831
524.228
520.493
525.635
533.113
536.893
533.693
529.795
525.528
524.29
525.528
526.729
532.405
555.34
569.399
570.477
581.622
587.903
590.726
589.092
589.733
499.393
495.405
497.356
503.237
512.798
520.592
520.127
521.304
518.878
516.54
514.333
515.188
514.866
514.043
513.789
514.013
514.447
512.908
510.207
508.695
509.542
507.722
508.224
514.193
524.521
526.799
523.022
516.939
522.771
524.545
532.094
546.601
548.512
566.454
578.035
580.138
585.437
588.778
584.17
586.003
491.722
488.976
492.321
496.954
502.708
507.307
510.21
508.72
498.657
498.345
496.066
494.695
494.616
495.01
494.949
494.37
494.963
496.11
496.649
494.708
495.049
497.289
493.114
503.263
506.881
509.304
515.901
519.367
522.586
524.933
529.115
541.727
550.51
556.177
583.044
582.507
582.17
583.352
578.748
580.93
479.576
482.173
480.883
484.956
493.321
496.164
489.935
488.67
483.628
486.858
486.175
479.184
472.783
472.646
473.431
474.014
475.326
478.557
481.703
484.871
484.311
481.586
480.852
483.705
487.333
492.937
497.187
503.52
507.904
525.676
527.267
534.158
546.169
556.655
567.439
579.721
567.898
572.665
568.982
570.638
474.237
469.962
469.46
467.835
466.581
466.474
467.561
466.461
461.88
457.998
465.867
452.897
449.202
448.09
448.577
449.142
449.348
449.431
450.653
452.741
455.276
456.222
456.032
459.927
464.471
469.715
475.608
487.267
493.883
503.211
515.574
528.491
540.247
550.306
559.421
569.423
554.254
557.787
557.095
556.923
461.001
454.363
450.26
447.346
444.257
442.257
440.21
437.379
433.083
431.059
427.809
425.405
423.219
421.428
420.777
420.942
421.155
421.279
421.551
422.914
426.414
430.33
434.007
437.769
441.863
445.47
453.775
463.728
474.033
488.729
502.468
514.137
523.791
531.813
539.474
554.334
541.15
545.128
545.365
544.44
443.464
436.492
429.41
423.256
419.081
414.953
409.612
408.548
407.118
398.891
398.205
396.404
394.217
392.297
391.416
391.142
391.027
391.739
393.297
393.703
394.577
395.511
396.225
400.064
406.297
415.535
424.386
430.393
457.86
465.2
473.041
486.998
497.796
507.054
514.21
527.839
519.651
529.906
528.413
527.751
422.691
412.393
405.926
398.816
393.701
389.075
381.936
378.286
372.028
367.969
366.672
364.11
363.066
363.668
364.52
363.754
357.073
349.283
354.497
363.855
370.457
377.242
378.069
376.695
387.033
390.192
396.511
408.269
423.808
435.857
446.16
465.173
472.627
477.601
496.915
499.61
502.456
507.673
513.095
508.623
402.552
392.161
386.319
383.342
374.136
363.338
351.821
342.799
338.237
333.322
331.689
325.894
323.03
325.849
333.107
340.878
346.898
356.05
357.137
358.542
358.798
351.687
351.914
358.146
360.628
366.876
374.45
386.148
400.921
412.12
429.985
435.869
446.951
460.025
473.518
480.534
483.988
486.177
484.931
487.225
383.537
372.663
367.03
364.408
344.699
338.932
323.434
306.745
304.674
305.851
304.218
302.433
306.694
312.613
316.858
320.643
328.024
330.018
328.524
331.957
331.663
329.572
330.906
338.48
344.17
350.069
357.131
368.334
380.781
395.466
402.237
416.183
429.305
440.003
449.368
458.985
464.073
470.47
462.942
463.464
365.062
353.986
343.492
340.543
326.465
327.798
306.933
297.598
294.215
293.569
293.993
294.926
297.106
299.907
302.967
306.769
305.411
309.78
308.945
306.632
302.496
304.137
313.261
315.289
330.142
336.502
340.972
354.831
372.605
375.353
385.791
396.03
403.704
417.226
430.178
439.012
444.078
447.844
444.607
444.591
344.998
335.942
330.683
325.359
318.733
307.478
298.504
280.82
281.721
283.078
285.733
288.076
291.085
293.479
293.7
291.061
296.172
290.55
290.353
287.425
284.432
282.887
284.957
293.284
302.951
310.672
324.701
338.157
346.5
357.976
360.385
368.693
378.06
387.013
395.22
403.561
411.19
414.942
416.139
417.104
333.039
325.768
317.892
310.394
300.444
290.171
281.469
274.42
269.875
269.492
271.259
279.183
282.95
284.246
285.753
285.365
283.622
279.856
273.358
265.099
266.18
268.789
269.336
269.271
280.17
287.13
296.241
304.892
326.239
319.6
326.348
334.058
337.029
341.811
341.976
350.395
361.793
370.497
377.336
381.473
322.083
317.174
303.038
294.134
281.992
269.918
259.466
255.344
252.787
252.861
270.498
269.48
278.114
282.887
278.747
271.438
263.935
258.835
259.636
257.87
256.404
256.179
257.349
259.065
263.997
265.477
269.448
275.666
281.714
287.526
296.783
302.639
310.161
312.634
311.739
313.764
324.877
330.844
337.311
342.135
310.286
303.315
293.179
281.075
270.872
259.849
248.864
256.052
257.095
256.645
252.979
261.941
265.023
266.927
263.058
254.486
254.109
254.328
251.405
248.971
248.068
248.264
248.922
252.094
256.647
255.602
253.157
250.249
247.969
252.959
263.922
278.171
285.167
286.572
289.651
292.104
295.575
304.485
302.627
306.855
293.704
289.498
281.937
273.197
264.036
254.541
249.051
254.038
254.399
254.315
252.256
258.309
255.509
252.101
247.317
241.172
241.254
244.541
242.148
240.616
240.999
241.726
242.228
243.214
249.852
246.912
237.296
225.247
214.362
214.098
226.131
239.332
250.211
259.122
265.04
266.667
270.805
275.236
272.929
276.594
267.666
271.807
268.318
263.104
256.982
250.811
247.916
252.726
252.472
251.108
248.226
252.603
245.939
231.506
227.244
228.184
230.204
230.303
230.784
232.659
235.285
236.246
236.719
235.957
234.977
233.168
228.386
216.515
204.146
199.329
200.072
209.662
221.233
230.223
235.605
240.202
243.918
245.926
248.272
249.988
257.865
256.389
255.44
253.065
250.543
248.208
244.788
246.067
246.024
243.357
235.561
231.139
223.241
216.93
203.611
208.154
217.044
223.056
227.745
232.319
232.521
232.266
233.612
233.916
233.435
231.409
225.105
216.627
208.559
203.685
197.146
195.606
203.221
209.136
214.725
219.922
221.571
224.1
226.148
227.236
250.937
255.901
255.357
249.75
244.483
243.495
241.832
237.843
232.239
231.221
224.432
216.38
209.744
204.263
198.255
194.822
199.003
209.385
215.766
222.19
225.149
226.202
227.935
229.766
229.508
228.165
224.266
217.778
210.399
204.842
197.366
192.177
192.872
195.82
199.753
205.528
201.438
203.728
205.801
207.079
249.433
254.096
251.727
245.159
237.218
234.748
234.189
230.352
224.075
218.732
210.879
205.103
198.98
193.459
188.512
185.894
183.774
190.885
198.461
204.983
210.055
212.702
215.206
217.815
220.25
220.615
217.982
213.801
208.288
201.478
192.003
186.439
183.308
181.555
184.243
186.453
184.525
187.089
189.929
191.368
237.388
251.928
245.289
234.945
227.069
221.869
217.712
211.553
213.405
208.283
195.88
190.063
184.617
180.089
176.931
174.662
173.371
174.405
180.419
186.29
191.418
195.341
197.993
199.848
201.057
201.79
201.069
198.222
194.196
188.665
182.35
176.938
173.652
170.811
171.692
171.363
173.831
176.373
179.659
181.166
213.975
230.139
227.328
222.107
208.328
204.884
201.893
194.688
189.457
185.947
186.153
173.247
164.121
161.738
160.85
159.977
157.442
156.795
161.581
166.877
171.998
176.562
179.895
181.946
183.164
183.462
182.93
181.474
179.286
176.573
173.279
169.998
167.726
166.072
167.522
167
166.878
169.573
170.994
172.678
173.496
195.58
191.481
189.659
188.368
185.764
184.768
170.767
170.404
160.025
152.217
146.008
140.711
141.604
143.161
143.912
141.774
139.712
140.514
146.085
152.239
157.368
161.283
163.817
165.431
166.203
166.169
165.582
164.481
163.123
161.554
160.183
159.411
159.736
160.57
161.031
159.99
160.298
161.017
161.827
146.261
141.899
151.082
135.229
150.883
156.024
153.609
149.955
152.372
132.25
131.565
129.244
125.589
126.877
130.818
131.74
130.027
126.423
125.242
128.71
135.443
140.514
144.316
146.881
148.598
149.585
149.912
149.779
149.206
148.509
148.188
148.74
148.481
147.965
147.706
148.622
148.061
147.739
148.445
149.132
104.384
99.5071
104.364
103.643
115.47
125.942
128.338
127.931
127.875
121.545
125.342
123.254
118.068
121.347
125.356
125.701
124.512
122.412
125.321
125.372
126.146
127.809
130.232
132.065
133.251
134.175
134.291
134.193
133.546
133.005
134.772
134.947
132.411
131.703
131.577
132.722
133.394
133.366
133.976
134.943
68.5146
67.7297
76.8388
90.7111
99.7802
106.438
109.966
112.046
114.902
113.99
119.402
117.715
117.968
122.322
125.023
125.473
124.598
122.644
124.798
120.315
119.099
118.541
120.298
118.829
118.401
119.297
119.189
118.416
117.316
117.535
116.768
115.335
115.325
114.938
113.571
115.22
115.373
116.72
118.748
119.823
70.3652
68.0435
72.9366
82.6876
92.2752
97.1951
99.9027
102.906
105.867
105.928
119.471
118.813
122.744
125.288
126.93
126.764
126.176
126.604
126.677
123.542
121.403
118.601
114.671
109.468
105.798
106.212
105.537
104.516
103.023
100.68
99.7763
99.2888
99.363
99.0006
98.7189
108.667
101.351
101.087
103.671
105.253
91.0988
89.1537
82.9148
84.2
88.8019
89.8722
91.1751
93.3184
96.8859
99.6558
119.184
105.283
119.269
113.988
119.027
121.169
122.446
124.075
123.52
122.064
120.859
119.71
116.932
108.714
98.8652
94.9404
92.2791
89.8938
86.3801
83.3397
81.6733
81.9162
82.7072
86.2475
88.6233
91.0727
89.455
86.7154
87.5145
89.295
100.315
96.0522
85.8739
82.6545
81.2395
78.6788
78.4471
80.6481
86.3617
90.1467
104.518
84.1349
92.8273
96.7884
99.8892
104.385
107.641
109.066
109.743
108.556
107.7
103.966
100.674
95.175
85.3756
80.6766
76.7455
73.2395
69.195
65.2887
63.2287
63.5337
66.1435
67.4405
70.02
71.9922
73.5962
73.9491
72.7388
73.3344
97.6248
93.3616
83.4846
79.3683
75.4001
71.8695
71.1898
64.9626
72.9128
77.0287
76.2325
75.485
78.2224
80.9869
83.155
85.3179
88.1245
90.8676
92.6866
91.1309
87.4543
84.5932
80.365
75.0001
69.646
64.4657
59.7657
55.4645
52.2902
49.0889
46.7437
45.8444
52.4435
55.0108
54.1352
58.6341
60.5308
61.2729
62.0168
61.896
93.242
84.8327
72.8634
70.1081
74.6287
60.9609
66.1262
54.1559
68.6241
64.9426
63.3887
65.3145
66.7771
67.4443
66.451
63.6069
61.4246
62.3946
60.9552
56.4916
55.3946
57.9273
57.254
55.0168
54.0972
48.9492
43.5783
39.3711
36.7193
34.1904
29.7248
44.4713
33.2038
39.597
39.2651
41.3098
45.5266
48.4702
48.9408
48.7025
74.8448
63.7906
52.2016
54.4105
55.7798
54.2911
55.1559
50.4816
47.2256
44.9721
48.8728
50.3924
52.871
54.8557
54.7097
49.0544
40.3739
32.3383
26.9162
22.865
17.5688
19.4577
28.576
29.7552
31.9877
31.2908
29.6655
28.05
25.1107
21.8393
17.9852
21.765
13.8071
11.3296
8.62401
10.886
18.396
25.616
30.1245
31.7625
43.0656
38.9443
39.3485
39.8411
41.1086
41.5887
40.9852
36.844
36.2605
33.7638
29.8913
31.3837
35.1085
39.1448
38.6853
33.792
25.8122
18.8874
14.7589
9.80018
1.49123
-3.86629
-0.953382
0.610942
4.06138
11.855
18.284
18.9617
14.9575
10.5313
6.70976
2.26279
0.165605
-1.40312
-1.53933
-1.29368
1.02728
7.75171
15.976
19.2064
24.9856
27.4663
28.6608
28.1602
30.1039
30.7457
28.8793
28.2928
29.1333
21.7166
21.275
20.7786
21.1398
21.9775
20.9064
17.7978
13.5716
9.52091
6.67501
3.47899
-0.588903
-0.532259
-0.505493
-0.226179
-0.293818
3.06766
12.4465
7.91268
2.60484
0.36313
-0.188068
-0.263373
-0.856274
-0.896282
-0.892047
-0.862641
-0.858893
-0.67703
1.18114
1.99777
15.2616
17.8043
22.2594
21.8116
15.2669
11.8718
14.3049
15.1568
15.1596
13.5023
11.432
9.92973
9.18872
7.43125
5.28801
2.72336
1.40746
-0.526657
-1.06758
-1.53756
-1.31491
-1.18594
-1.18263
-1.20499
-1.25878
-1.08694
-0.962668
-0.914703
-0.943529
-0.997767
-1.05469
-1.08335
-1.06659
-1.02222
-0.996687
-1.00837
-1.04678
-1.09075
-1.09544
-1.06467
17.6283
2.50719
0.467972
2.33354
-0.18131
-0.0547967
-0.196902
-0.172622
1.75722
2.92818
2.19117
1.87935
1.12683
-0.745565
-1.02138
-1.24217
-1.28143
-1.30175
-1.31457
-1.34914
-1.36079
-1.33528
-1.30284
-1.28299
-1.24688
-1.19767
-1.11648
-1.06727
-1.08401
-1.10884
-1.09056
-1.09694
-1.11034
-1.09981
-1.09877
-1.09971
-1.09241
-1.09171
-1.10319
-1.10207
2.67256
-0.865848
-1.08739
-1.11968
-1.10778
-1.17637
-1.2435
-1.25005
-1.24481
-1.24361
-1.23357
-1.22753
-1.22678
-1.23216
-1.22879
-1.26912
-1.33429
-1.38729
-1.43013
-1.44586
-1.44599
-1.43075
-1.41154
-1.37481
-1.31766
-1.25473
-1.20724
-1.17929
-1.16909
-1.166
-1.17145
-1.17838
-1.17753
-1.17321
-1.16053
-1.17664
-1.14672
-1.1464
-1.13688
-1.13214
-1.39738
-1.31893
-1.27753
-1.29208
-1.25826
-1.279
-1.24787
-1.25408
-1.26127
-1.26309
-1.26088
-1.26345
-1.28727
-1.30149
-1.31311
-1.33426
-1.38956
-1.43632
-1.46377
-1.47796
-1.48089
-1.47439
-1.46385
-1.4351
-1.38657
-1.33843
-1.29854
-1.27376
-1.26001
-1.2611
-1.28115
-1.26273
-1.26587
-1.26354
-1.25419
-1.23821
-1.22114
-1.21357
-1.20054
-1.20087
-1.46367
-1.38411
-1.3387
-1.32708
-1.32313
-1.30685
-1.28956
-1.2927
-1.29002
-1.29977
-1.30949
-1.30438
-1.3168
-1.34223
-1.37203
-1.39897
-1.42233
-1.4442
-1.46491
-1.48029
-1.48648
-1.48474
-1.4759
-1.45416
-1.42251
-1.3919
-1.36541
-1.3477
-1.3398
-1.34238
-1.34453
-1.30659
-1.33895
-1.3226
-1.31233
-1.29821
-1.28311
-1.27191
-1.26788
-1.26752
-1.34528
-1.32557
-1.30847
-1.29835
-1.29642
-1.29511
-1.31744
-1.31849
-1.33476
-1.33531
-1.3509
-1.34759
-1.36709
-1.39162
-1.40284
-1.41702
-1.43193
-1.44784
-1.46231
-1.47043
-1.47528
-1.47567
-1.46835
-1.45301
-1.4329
-1.41394
-1.39879
-1.39026
-1.38811
-1.39273
-1.3819
-1.38716
-1.38346
-1.37769
-1.37233
-1.35935
-1.34196
-1.32478
-1.31565
-1.31039
-1.33963
-1.31495
-1.27578
-1.27574
-1.32391
-1.32355
-1.3417
-1.34935
-1.36917
-1.37355
-1.37729
-1.38442
-1.39327
-1.40288
-1.41585
-1.42985
-1.4425
-1.45326
-1.4616
-1.46128
-1.46298
-1.46203
-1.45502
-1.44359
-1.43027
-1.41779
-1.40994
-1.4071
-1.40478
-1.40372
-1.39544
-1.39763
-1.4057
-1.40455
-1.40212
-1.39587
-1.38237
-1.35788
-1.34778
-1.34327
-1.40702
-1.36801
-1.30707
-1.32399
-1.33273
-1.35673
-1.36598
-1.37426
-1.38519
-1.38487
-1.38285
-1.38505
-1.39364
-1.40626
-1.42258
-1.44021
-1.45442
-1.46375
-1.46819
-1.46579
-1.46107
-1.45495
-1.44411
-1.43113
-1.4186
-1.40837
-1.40301
-1.40094
-1.40448
-1.39967
-1.39297
-1.38927
-1.40903
-1.40981
-1.40951
-1.40551
-1.39608
-1.38098
-1.36902
-1.36746
-1.40522
-1.36549
-1.33223
-1.37196
-1.35084
-1.3768
-1.38392
-1.40029
-1.40361
-1.40116
-1.398
-1.39847
-1.40432
-1.41792
-1.4335
-1.44852
-1.46205
-1.47144
-1.47489
-1.47459
-1.46546
-1.45731
-1.44159
-1.42647
-1.41339
-1.40206
-1.39733
-1.39747
-1.39684
-1.39698
-1.38689
-1.39324
-1.40633
-1.40891
-1.40905
-1.4078
-1.40368
-1.39089
-1.38538
-1.37936
-1.41272
-1.36242
-1.37729
-1.38181
-1.39217
-1.3978
-1.41171
-1.41479
-1.41779
-1.41905
-1.41925
-1.42087
-1.42521
-1.43303
-1.44237
-1.45428
-1.46521
-1.47423
-1.4753
-1.47481
-1.47095
-1.45606
-1.44326
-1.4296
-1.41795
-1.40931
-1.40421
-1.40114
-1.39967
-1.39586
-1.38774
-1.40311
-1.41033
-1.41
-1.41168
-1.41307
-1.4082
-1.4043
-1.40213
-1.3956
-1.43341
-1.39351
-1.42201
-1.40046
-1.42016
-1.42203
-1.43138
-1.43191
-1.43528
-1.43686
-1.43838
-1.44032
-1.44378
-1.449
-1.45233
-1.46246
-1.46597
-1.47164
-1.47311
-1.47059
-1.46488
-1.45333
-1.44147
-1.43336
-1.42334
-1.41655
-1.41331
-1.40897
-1.40887
-1.41098
-1.415
-1.41815
-1.42081
-1.42263
-1.42464
-1.42339
-1.41969
-1.41906
-1.42164
-1.41872
-1.44355
-1.44044
-1.4281
-1.42873
-1.43429
-1.43953
-1.44708
-1.44999
-1.45438
-1.45693
-1.45885
-1.46101
-1.46405
-1.46827
-1.47025
-1.4782
-1.4786
-1.48156
-1.48263
-1.47864
-1.47178
-1.45802
-1.44738
-1.43957
-1.43319
-1.42739
-1.4231
-1.42113
-1.42179
-1.42415
-1.42779
-1.43189
-1.4379
-1.44288
-1.44516
-1.44659
-1.44605
-1.44466
-1.44379
-1.44332
-1.45187
-1.39832
-1.44325
-1.44381
-1.45737
-1.45928
-1.46522
-1.47056
-1.47551
-1.47966
-1.48199
-1.48441
-1.48589
-1.48884
-1.4937
-1.49791
-1.50362
-1.50608
-1.50297
-1.49839
-1.49048
-1.47965
-1.46432
-1.45551
-1.45247
-1.44565
-1.44225
-1.44083
-1.44117
-1.44349
-1.44776
-1.4525
-1.45954
-1.46828
-1.47077
-1.46907
-1.4675
-1.46683
-1.46718
-1.467
-1.45668
-1.39816
-1.46237
-1.46205
-1.46868
-1.47959
-1.48438
-1.48999
-1.49501
-1.5021
-1.50685
-1.50936
-1.51232
-1.51504
-1.51904
-1.52326
-1.52765
-1.53001
-1.53063
-1.52394
-1.51545
-1.50462
-1.49584
-1.48803
-1.48043
-1.47276
-1.46831
-1.47143
-1.47236
-1.47409
-1.47512
-1.48107
-1.49037
-1.49883
-1.50175
-1.49723
-1.49421
-1.49275
-1.49238
-1.49209
-1.45487
-1.45618
-1.47846
-1.48813
-1.48997
-1.49236
-1.50694
-1.51305
-1.51527
-1.52551
-1.53091
-1.5354
-1.53885
-1.54256
-1.54691
-1.55204
-1.55775
-1.56351
-1.56235
-1.55685
-1.55008
-1.54356
-1.53533
-1.52796
-1.52451
-1.51823
-1.5148
-1.51268
-1.51214
-1.51583
-1.52166
-1.52657
-1.53287
-1.54002
-1.53452
-1.52727
-1.52264
-1.52009
-1.51861
-1.51625
-1.49381
-1.48942
-1.49226
-1.49764
-1.51977
-1.5263
-1.52723
-1.53916
-1.54453
-1.5461
-1.55618
-1.56063
-1.56477
-1.56912
-1.57417
-1.58008
-1.58615
-1.59195
-1.59324
-1.58473
-1.57544
-1.57539
-1.56697
-1.56105
-1.55517
-1.54962
-1.54569
-1.5432
-1.54238
-1.54446
-1.54987
-1.55695
-1.5628
-1.56212
-1.55757
-1.55189
-1.54784
-1.5455
-1.54392
-1.54112
-1.5282
-1.53712
-1.54771
-1.55056
-1.54165
-1.54606
-1.56639
-1.56458
-1.56671
-1.58138
-1.57903
-1.58675
-1.58989
-1.59398
-1.59942
-1.60481
-1.60996
-1.61434
-1.61676
-1.61587
-1.61098
-1.60455
-1.59796
-1.59217
-1.58603
-1.58039
-1.57658
-1.57369
-1.57218
-1.57241
-1.57407
-1.57583
-1.57637
-1.57491
-1.57279
-1.57074
-1.56923
-1.56839
-1.56785
-1.5654
-1.55929
-1.56579
-1.57194
-1.57648
-1.5875
-1.58517
-1.58779
-1.60251
-1.60147
-1.60498
-1.60823
-1.61151
-1.61811
-1.62085
-1.62508
-1.62745
-1.63254
-1.6354
-1.63718
-1.63706
-1.6349
-1.63107
-1.62654
-1.62154
-1.61568
-1.60991
-1.60491
-1.60125
-1.5984
-1.59646
-1.59525
-1.59431
-1.59315
-1.59182
-1.5908
-1.59023
-1.59002
-1.59025
-1.59073
-1.58795
-1.58614
-1.59287
-1.60206
-1.60977
-1.61708
-1.62369
-1.63181
-1.61799
-1.62314
-1.63014
-1.63538
-1.64099
-1.6434
-1.64684
-1.64953
-1.65046
-1.65376
-1.65722
-1.65801
-1.65786
-1.65739
-1.65518
-1.6513
-1.64615
-1.64053
-1.63508
-1.6293
-1.6251
-1.6216
-1.61895
-1.61653
-1.61469
-1.61335
-1.61254
-1.61217
-1.61213
-1.61241
-1.61295
-1.61365
-1.61326
-1.61789
-1.62682
-1.63825
-1.64462
-1.65261
-1.65641
-1.65852
-1.66059
-1.64238
-1.64768
-1.66365
-1.66619
-1.66825
-1.67108
-1.67464
-1.67618
-1.67825
-1.67939
-1.68048
-1.68071
-1.67731
-1.67408
-1.67033
-1.66435
-1.66024
-1.65557
-1.65122
-1.64744
-1.6441
-1.64139
-1.6388
-1.63746
-1.63627
-1.6357
-1.63562
-1.63574
-1.63602
-1.63641
-1.63683
-1.63717
-1.6657
-1.67358
-1.68835
-1.69571
-1.70175
-1.70243
-1.69583
-1.68897
-1.68441
-1.66231
-1.69362
-1.69398
-1.69477
-1.69722
-1.70203
-1.70596
-1.70915
-1.71107
-1.71064
-1.70856
-1.70574
-1.70271
-1.69549
-1.68556
-1.67588
-1.66973
-1.66873
-1.66833
-1.66721
-1.66538
-1.66343
-1.66191
-1.66085
-1.66032
-1.66016
-1.66018
-1.66029
-1.66049
-1.66071
-1.66095
-1.71154
-1.73229
-1.74349
-1.74987
-1.75086
-1.73832
-1.72716
-1.72384
-1.72739
-1.70025
-1.71642
-1.72475
-1.72517
-1.72809
-1.73216
-1.73636
-1.73948
-1.74098
-1.74107
-1.73992
-1.73794
-1.7345
-1.72303
-1.71125
-1.70237
-1.69682
-1.69077
-1.68966
-1.69247
-1.69049
-1.68906
-1.68746
-1.68634
-1.68565
-1.68521
-1.68499
-1.68487
-1.68486
-1.68495
-1.68505
-1.74544
-1.76231
-1.76837
-1.77365
-1.7721
-1.76314
-1.75451
-1.75081
-1.75458
-1.73907
-1.75063
-1.75752
-1.75875
-1.76136
-1.76461
-1.76799
-1.77052
-1.77184
-1.7722
-1.7723
-1.7729
-1.77138
-1.76043
-1.75047
-1.73881
-1.72996
-1.72081
-1.71376
-1.71829
-1.71632
-1.71432
-1.71327
-1.71164
-1.71106
-1.71033
-1.70982
-1.70951
-1.70931
-1.70927
-1.70907
-1.75974
-1.78408
-1.78015
-1.78258
-1.77611
-1.76983
-1.76137
-1.76705
-1.77352
-1.77004
-1.79079
-1.79082
-1.79173
-1.79313
-1.7955
-1.7981
-1.80001
-1.80061
-1.80022
-1.79998
-1.80052
-1.80143
-1.7962
-1.78664
-1.77223
-1.75933
-1.74872
-1.74476
-1.74451
-1.74236
-1.74034
-1.73881
-1.73688
-1.73601
-1.73508
-1.7344
-1.73392
-1.73361
-1.73344
-1.73319
-1.79074
-1.79289
-1.79091
-1.79243
-1.77611
-1.77508
-1.78567
-1.79506
-1.80115
-1.80735
-1.81487
-1.81605
-1.81808
-1.82075
-1.8243
-1.82509
-1.82429
-1.82538
-1.82324
-1.8207
-1.81828
-1.8159
-1.81355
-1.81217
-1.79215
-1.78356
-1.77831
-1.77294
-1.76963
-1.76733
-1.76537
-1.76319
-1.76157
-1.76043
-1.75938
-1.75859
-1.75799
-1.75758
-1.75734
-1.75707
-1.81198
-1.81245
-1.8118
-1.81164
-1.80956
-1.80475
-1.81345
-1.82279
-1.83087
-1.83736
-1.84036
-1.84037
-1.84428
-1.84834
-1.85086
-1.85096
-1.84949
-1.84735
-1.84306
-1.83988
-1.83649
-1.83319
-1.83007
-1.82392
-1.80528
-1.80554
-1.8031
-1.79835
-1.79504
-1.79217
-1.78975
-1.78727
-1.78559
-1.7842
-1.7831
-1.78224
-1.78159
-1.78112
-1.78085
-1.78054
-1.83646
-1.83701
-1.83784
-1.83792
-1.84017
-1.8443
-1.84133
-1.84355
-1.85846
-1.86383
-1.8654
-1.86766
-1.87063
-1.87298
-1.8736
-1.87155
-1.86841
-1.86144
-1.85981
-1.85397
-1.85235
-1.84747
-1.84892
-1.82449
-1.82529
-1.83066
-1.82528
-1.82138
-1.81808
-1.81523
-1.81278
-1.81053
-1.80884
-1.80742
-1.80625
-1.80534
-1.80465
-1.80417
-1.80386
-1.80355
-1.86261
-1.86346
-1.86517
-1.86688
-1.87328
-1.8794
-1.88134
-1.8661
-1.88727
-1.88382
-1.88541
-1.88757
-1.88856
-1.88823
-1.88626
-1.88259
-1.87483
-1.87061
-1.8644
-1.85825
-1.85729
-1.86018
-1.85681
-1.85484
-1.85221
-1.84889
-1.84553
-1.8423
-1.83947
-1.837
-1.8346
-1.83275
-1.83137
-1.82994
-1.82878
-1.82787
-1.82719
-1.82671
-1.8264
-1.82607
-1.88879
-1.89112
-1.8944
-1.8979
-1.89985
-1.91416
-1.9097
-1.90792
-1.90526
-1.9014
-1.89999
-1.89981
-1.8967
-1.89625
-1.89416
-1.88929
-1.88562
-1.88188
-1.87453
-1.87203
-1.87011
-1.87096
-1.87307
-1.87058
-1.86812
-1.86569
-1.86341
-1.86135
-1.85942
-1.85756
-1.85569
-1.85446
-1.85296
-1.85167
-1.85061
-1.84977
-1.84915
-1.8487
-1.84841
-1.84807
-1.90859
-1.91139
-1.91562
-1.91747
-1.92152
-1.93537
-1.93117
-1.92695
-1.92058
-1.91408
-1.91007
-1.90742
-1.90598
-1.90482
-1.90295
-1.9005
-1.89931
-1.89063
-1.88987
-1.89007
-1.88914
-1.88934
-1.88852
-1.88709
-1.88549
-1.88397
-1.88239
-1.88099
-1.87921
-1.87781
-1.87639
-1.87504
-1.87379
-1.87269
-1.87178
-1.87106
-1.87052
-1.87013
-1.86989
-1.86955
-1.92187
-1.92451
-1.92855
-1.9296
-1.93668
-1.94159
-1.94083
-1.93812
-1.9331
-1.9282
-1.92466
-1.92178
-1.91887
-1.915
-1.9116
-1.91019
-1.90897
-1.90621
-1.90623
-1.90485
-1.90413
-1.9039
-1.90351
-1.90282
-1.90195
-1.90104
-1.90005
-1.89893
-1.89812
-1.89709
-1.89598
-1.89489
-1.8939
-1.89305
-1.89236
-1.89181
-1.89139
-1.89108
-1.89089
-1.89075
-1.93676
-1.93769
-1.9399
-1.94061
-1.94036
-1.94723
-1.9501
-1.95173
-1.95107
-1.94907
-1.94589
-1.9417
-1.93642
-1.93144
-1.92744
-1.9231
-1.92108
-1.92036
-1.92002
-1.91959
-1.9194
-1.91937
-1.9193
-1.9191
-1.91868
-1.91811
-1.91766
-1.91726
-1.91652
-1.91573
-1.91494
-1.91421
-1.91355
-1.91299
-1.91252
-1.91214
-1.91185
-1.91163
-1.9115
-1.91145
-1.9445
-1.94359
-1.94311
-1.94375
-1.94587
-1.9563
-1.9729
-1.97772
-1.97771
-1.97666
-1.97513
-1.97168
-1.96495
-1.95534
-1.94561
-1.93944
-1.93688
-1.93605
-1.93585
-1.93591
-1.93608
-1.93628
-1.93643
-1.93705
-1.93658
-1.9363
-1.93579
-1.93526
-1.93473
-1.93424
-1.93379
-1.93337
-1.93301
-1.93269
-1.93242
-1.9322
-1.93203
-1.9319
-1.93184
-1.93182
-1.97265
-1.9715
-1.97009
-1.97255
-1.97891
-1.99499
-2.00658
-2.0134
-2.01185
-2.01099
-2.01317
-2.01063
-2.00457
-1.9933
-1.97914
-1.96716
-1.95989
-1.95735
-1.95559
-1.95474
-1.95435
-1.95426
-1.95412
-1.95497
-1.95504
-1.95433
-1.95388
-1.95353
-1.95322
-1.95295
-1.95273
-1.95254
-1.9524
-1.95228
-1.95218
-1.95211
-1.95205
-1.95202
-1.95201
-1.95202
1141.75
1141.46
1141.66
1141.68
1141.74
1141.61
1141.32
1140.89
1140.34
1139.8
1139.19
1138.57
1138.05
1137.68
1137.34
1136.99
1136.53
1136
1135.41
1134.8
1134.19
1133.6
1133.02
1132.46
1132.13
1131.61
1131.39
1131.16
1130.96
1130.79
1130.65
1130.57
1130.5
1130.44
1130.41
1130.43
1130.46
1130.39
1130.43
1130.42
1121.82
1121.79
1121.83
1122
1122.04
1121.91
1121.67
1121.17
1120.36
1119.84
1119.25
1118.61
1118.32
1118.08
1117.92
1117.75
1117.25
1116.67
1116.02
1115.32
1114.64
1113.99
1113.38
1112.91
1112.48
1112.11
1111.79
1111.53
1111.34
1111.19
1111.09
1111.04
1110.97
1110.9
1110.82
1110.82
1110.77
1110.8
1110.76
1110.69
1102.19
1101.99
1102.35
1102.2
1102.39
1102.21
1101.8
1101.17
1100.59
1100.08
1099.65
1099.22
1098.9
1098.85
1098.81
1098.63
1098.14
1097.44
1096.64
1095.81
1094.98
1094.36
1093.7
1093.12
1092.7
1092.34
1091.97
1091.75
1091.58
1091.45
1091.34
1091.28
1091.24
1091.2
1091.16
1091.13
1091.09
1091.05
1091.17
1091.24
1083.16
1082.27
1082.49
1082.36
1082.38
1082.2
1081.84
1081.19
1080.89
1080.77
1080.32
1080
1079.69
1079.52
1079.61
1079.56
1079.1
1078.34
1077.36
1076.28
1075.38
1074.49
1073.88
1073.25
1072.77
1072.42
1072.07
1071.83
1071.72
1071.63
1071.52
1071.49
1071.51
1071.52
1071.53
1071.52
1071.51
1071.55
1071.64
1071.64
1063.39
1062.56
1062.79
1062.51
1062.67
1062.86
1062.73
1064.25
1062.45
1061.59
1061.41
1061.04
1060.56
1059.91
1059.7
1059.36
1058.88
1058.02
1056.88
1055.69
1054.45
1053.32
1052.54
1052.24
1052.05
1051.98
1051.9
1051.99
1051.85
1051.69
1051.61
1051.61
1051.67
1051.74
1051.86
1052
1052.13
1052.24
1052.31
1052.32
1044.37
1043.66
1043.51
1043.39
1044.24
1045.03
1044.6
1046.19
1046.19
1043.27
1042.32
1041.99
1041.44
1040.84
1040.11
1039.33
1038.46
1037.2
1035.82
1034.87
1033.77
1032.85
1032.72
1032.71
1032.71
1031.5
1031.35
1031.4
1031.51
1031.54
1031.61
1031.7
1031.75
1031.77
1031.85
1032
1032.26
1032.7
1032.86
1032.79
1026.37
1025.95
1025.46
1025.54
1025.52
1025.82
1026.33
1027.02
1026.76
1025.79
1024.92
1023.93
1022.9
1022.07
1021.32
1020.49
1019.28
1018
1017.43
1016.33
1014.98
1014.16
1013.51
1013.05
1012.79
1011.97
1011.19
1011.21
1011.32
1011.5
1011.59
1011.61
1011.79
1011.66
1011.75
1012.07
1012.62
1012.98
1012.92
1012.84
1008.74
1008.01
1007.36
1007.03
1007.24
1007.65
1008.17
1008.27
1008.92
1008.47
1006.28
1006.98
1005.02
1004.33
1003.69
1002.62
1001.75
1000.58
998.258
996.53
994.982
993.974
992.53
991.659
990.795
990.217
989.985
990.188
990.586
991.184
991.633
991.862
991.513
990.598
990.161
990.839
990.217
991.273
991.243
991.624
990.539
989.676
987.732
987.555
987.291
988.042
987.963
986.574
985.418
986.25
986.094
988.809
987.297
986.803
985.941
984.389
983.932
982.596
979.925
978.082
975.984
973.572
970.826
968.939
968.757
968.732
969.365
969.826
971.506
970.378
970.294
970.072
969.842
968.277
969.671
968.291
968.674
967.123
967.317
968.983
968.574
967.311
966.233
966.947
965.023
963.803
961.995
959.883
959.847
961.02
962.402
964.148
966.789
965.656
965.563
964.801
963.756
963.353
961.683
960.141
958.132
955.673
954.398
952.794
951.193
950.989
951.18
951.364
951.252
951.566
952.808
952.852
951.135
948.46
948.062
947.679
948.364
951.017
950.726
950.31
946.685
944.093
946.205
946.705
943.139
938.245
932.764
938.312
935.078
935.992
937.739
939.856
942.314
946.662
945.185
946.241
945.945
945.22
945.075
942.935
941.41
938.921
941.282
943.929
936.954
936.131
935.55
935.734
935.89
935.336
936.992
937.448
936.159
934.112
933.127
933.2
932.225
931.959
930.964
930.459
928.672
929.159
930.981
927.431
927.964
917.305
913.492
912.974
915.08
914.638
916.417
918.133
921.778
925.483
926.364
927.155
927.397
926.953
927.652
925.816
925.117
924.035
926.566
927.321
925.204
920.634
917.914
917.625
916.134
916.253
918.722
920.211
920.271
919.26
917.959
915.541
916.127
915.992
913.55
911.391
912.138
912.387
913.088
914.791
911.524
903.156
901.206
902.081
901.819
901.434
901.263
900.935
903.906
906.206
907.182
907.265
908.392
908.984
910.074
908.261
907.84
907.75
908.748
910.661
910.239
908.753
907.109
905.31
903.845
902.851
902.871
903.177
902.893
901.039
899.633
898.554
897.252
896.26
895.161
893.553
896.962
896.732
896.619
896.688
895.039
889.004
889.072
888.867
888.359
887.405
889.09
887.802
889.335
890.597
891.208
890.953
890.969
890.998
890.744
889.959
889.268
889.243
890.283
891.185
890.967
890.027
889.521
888.681
887.58
886.74
885.543
884.532
883.283
882.487
881.104
879.601
878.176
876.802
875.729
874.211
880.35
880.726
879.602
878.74
877.536
874.489
878.776
878.751
872.623
872.984
873.955
873.634
874.657
875.557
876.147
874.808
873.865
873.42
872.627
874.709
873.08
871.32
871.506
871.557
871.198
870.986
871.16
870.984
870.319
869.163
867.597
866.291
864.678
862.528
861.468
860.342
859.148
857.361
857.42
854.246
864.872
864.625
865.418
861.201
860.056
858.359
857.007
865.639
858.331
859.622
859.861
859.915
860.009
859.463
858.348
858.645
857.09
857.636
855.864
856.565
856.207
852.779
852.085
851.786
851.15
850.59
851.37
851.58
851.076
849.879
848.459
846.734
844.315
843.608
842.996
840.619
839.123
838.918
836.788
835.078
845.473
844.871
849.371
844.454
843.426
842.639
842.632
843.481
847.274
846.003
843.303
843.435
843.019
842.905
842.314
840.769
840.658
839.286
839.102
839.351
838.505
836.496
834.094
832.632
831.731
831.062
831.395
831.771
831.416
830.443
829.094
827.604
826.215
825.171
824.186
822.857
821.201
818.854
816.741
814.7
827.285
827.102
827.183
826.553
825.865
825.576
825.952
826.878
827.005
826.923
827.321
827.321
826.926
824.922
824.608
824.023
822.655
821.854
821.483
820.857
819.54
820.125
817.869
815.876
814.918
813.452
812.634
813.783
813.899
812.513
811.785
810.389
808.943
807.302
806.493
803.854
801.782
800.294
796.959
794.362
808.855
809.031
809.176
811.042
806.716
806.524
807.144
808.084
808.899
809.317
810.039
809.797
809.207
808.439
806.457
806.01
804.865
803.969
803.377
802.798
801.986
801.091
800.349
798.975
798.823
799.166
797.806
798.458
797.916
796.629
795.418
794.494
793.23
791.413
788.743
786.768
782.834
779.927
779.106
775.447
791.483
790.871
791.259
790.922
789.425
789.089
788.653
789.746
791.186
791.749
791.517
791.253
791.108
791.139
790.657
789.798
789.037
786.567
785.603
785.189
784.733
784.383
784.129
783.502
783.628
784.058
785.174
785.791
785.271
783.275
782.39
780.451
778.82
776.829
775.551
770.673
766.983
764.168
762.03
759.358
775.887
775.769
776.192
775.549
774.289
773.311
772.972
772.03
772.98
773.931
773.978
773.682
772.973
771.89
770.829
770.445
770.229
769.444
768.706
767.39
768.217
767.999
766.372
768.085
768.676
769.235
770.817
773.556
770.731
770.726
769.08
767.034
765.833
765.07
760.691
757.826
754.514
749.144
744.281
738.927
759.868
759.498
759.792
760.377
758.252
758.633
756.164
754.236
754.147
754.101
753.968
753.831
753.644
753.255
752.729
751.894
751.147
750.38
749.585
749.881
750.956
750.494
750.468
751.076
751.844
752.925
754.839
754.982
756.574
755.772
757.515
753.807
752.362
750.511
744.99
750.569
737.918
730.845
723.149
715.597
744.752
742.854
743.009
741.833
739.647
737.581
736.193
735.223
734.565
734.15
733.795
733.402
733.717
733.271
732.484
732.655
732.327
731.524
731.141
730.86
730.659
731.266
730.92
733.383
735.386
737.201
739.481
739.629
737.074
739.553
738.555
737.589
737.309
735.865
732.787
731.888
723.256
717.729
708.954
699.077
729.71
725.685
724.649
722.478
720.126
718.106
716.526
715.296
714.375
713.764
713.426
713.321
713.349
713.781
713.911
713.788
713.684
713.16
712.786
712.352
711.592
710.305
710.172
711.862
714
715.552
717.517
717.511
717.956
719.641
718.307
719.051
719.927
718.827
715.597
710.804
705.027
700.014
693.87
691.812
712.566
709.197
707.631
703.811
700.385
697.652
695.738
694.387
693.367
692.819
692.617
692.594
692.715
693.29
694.217
694.45
694.607
694.534
694.241
693.977
693.157
692.5
694.131
697.678
695.403
696.654
698.159
695.746
699.241
699.006
698.911
698.957
699.298
697.671
693.071
686.646
681.279
677.924
674.389
674.505
693.294
690.34
688.483
680.305
676.592
674.128
672.956
672.258
671.571
670.906
670.987
671
671.363
672.128
674.154
675.028
675.291
675.774
676.015
675.932
675.58
675.26
677.149
678.137
677.655
678.41
680.255
677.859
680.823
678.838
678.087
676.925
675.471
672.547
676.61
660.766
654.085
653.099
650.792
646.662
660.31
656.637
649.833
651.954
644.81
645.833
648.245
648.575
650.465
654.452
649.63
649.399
649.945
651.437
653.376
655.659
655.888
656.924
657.746
658.442
658.905
659.233
660.771
660.714
660.232
659.006
663.182
660.969
663.656
660.789
658.241
655.775
652.225
649.699
650.503
642.322
633.684
632.464
629.819
624.983
621.615
616.979
606.237
621.454
617.025
617.29
625.063
625.1
632.121
633.55
629.893
629.041
629.328
631.044
634.524
636.712
637.289
638.321
639.539
640.803
642.141
643.335
644.784
645.002
645.058
644.895
642.878
646.512
643.551
644.039
638.958
637.07
633.66
632.344
630.03
625.829
619.831
616.359
613.352
610.624
596.817
594.568
587.129
591.781
598.693
593.729
606.888
605.007
611.147
612.171
612.171
612.103
612.338
614.486
616.27
617.739
618.874
619.907
621.07
622.305
623.711
625.293
626.789
628.576
630.954
631.138
626.757
626.636
626.678
625.596
622.349
620.686
618.185
616.379
617.272
614.744
610.619
606.875
603.783
600.48
582.717
580.854
577.726
581.158
584.157
582.896
587.155
587.518
592.323
592.858
594.955
596.32
597.35
598.539
599.442
600.187
600.719
601.332
602.268
603.774
604.909
606.202
606.448
607.161
608.505
608.339
607.942
607.108
607.503
607.227
605.985
603.789
602.015
601.351
601.592
601.259
600.051
597.284
594.307
591.607
571.4
570.464
570.266
574.257
576.235
571.24
573.325
575.679
576.839
578.335
578.541
579.583
580.2
580.8
581.254
581.26
581.041
580.672
582.688
585.134
586.33
587.089
587.845
588.587
589.064
588.951
588.545
588.125
587.641
587.198
586.342
584.341
582.469
581.311
580.859
581.509
582.056
581.237
580.305
578.549
560.296
560.809
559.748
558.683
563.892
563.568
560.246
565.039
565.584
564.801
565.097
565.136
565.235
565.151
564.27
562.971
561.445
566.253
569.305
566.039
568.009
569.169
570.058
570.626
570.718
570.454
569.952
569.113
568.07
566.639
566.032
566.797
562.195
561.486
560.452
559.275
560.174
561.687
562.16
561.599
550.128
548.755
550.418
550.376
554.03
555.779
544.201
547.07
547.946
549.16
548.184
549.084
550.011
550.16
548.904
548.444
550.053
551.249
552.418
552.579
550.81
550.669
551.796
552.544
552.792
552.641
552.109
551.287
550.333
548.883
548.139
547.712
546.123
544.752
544.066
542.391
541.427
542.339
543.599
543.601
535.11
533.354
534.918
534.334
534.455
542.31
540.358
533.823
535.593
537.05
534.498
535.125
535.969
536.212
535.297
535.956
537.58
538.056
538.905
539.736
540.024
535.884
534.815
535.023
534.734
533.973
532.791
531.801
531.402
530.847
530.131
530.789
530.498
529.345
528.477
528.344
527.518
525.283
528.549
526.353
520.823
519.406
518.039
516.332
515.121
519.28
520.919
515.242
516.558
520.138
520.239
520.073
521.245
521.01
520.041
519.265
520.071
524.217
524.171
520.126
519.627
518.27
516.905
515.307
513.606
512.578
511.7
511.253
510.555
510.033
510.581
514.216
515.878
513.957
515.621
511.781
512.816
510.276
513.825
508.806
506.747
505.918
504.1
502.12
500.848
500.324
500.934
502.086
502.603
503.037
506.771
503.008
503.409
503.398
501.241
499.699
498.256
498.389
499.449
500.523
500.638
500.146
499.314
498.526
497.233
495.416
493.14
491.447
491.957
491.65
492.477
493.666
494.694
494.32
494.409
494.465
493.885
495.06
496.275
495.359
492.601
493.336
490.47
490.007
489.496
489.445
489.169
488.549
487.526
486.816
486.062
484.821
483.554
480.641
476.335
474.442
470.786
474.695
476.256
478.221
479.728
480.676
481.222
481.865
482.826
481.034
477.446
473.181
473.854
473.796
473.066
474.164
475.502
476.281
476.609
476.345
476.721
478.255
478.537
491.083
478.827
480.306
476.603
475.696
474.627
474.224
473.534
471.972
469.762
468.199
465.699
464.144
464.025
459.432
457.458
454.256
450.649
448.621
450.339
454.528
458.354
461.236
462.884
463.892
465.815
464.43
463.003
475.401
471.017
461.857
462.051
462.069
463.203
463.294
462.788
461.709
464.491
467.823
472.219
474.963
463.835
465.207
460.955
459.713
458.101
456.403
455.269
454.136
451.258
448.69
443.076
445.884
443.675
442.147
441.214
439.077
436.628
437.814
439.26
439.438
442.441
445.582
447.095
447.247
446.736
452.037
455.312
457.645
456.894
456.437
455.612
455.998
460.039
451.687
456.321
460.15
462.815
466.114
466.769
463.578
446.729
447.104
447.912
442.097
440.854
439.433
437.874
436.026
434.199
431.731
428.367
430.418
430.846
430.237
430.005
429.449
428.595
428.962
429.94
430.289
431.843
434.855
436.384
436.546
436.47
443.546
448.658
449.494
449.995
450.483
451.504
452.153
451.94
443.868
441.333
442.846
444.099
448.554
449.36
451.622
426.414
426.686
436.13
424.327
423.585
422.684
421.667
420.415
419.12
417.463
415.986
417.469
417.7
417.954
418.439
418.335
418.315
418.772
419.779
420.431
421.807
424.879
427.112
428.565
430.787
436.583
443
444.022
444.131
444.527
445.922
448.466
446.998
435.271
429.405
429.569
430.805
431.938
432.049
434.634
405.177
404.707
416.239
406.628
406.046
405.533
405.091
404.399
404.128
403.867
403.654
404.529
404.97
405.056
405.226
405.462
405.904
406.545
407.309
406.805
408.975
411.974
414.693
417.168
420.009
423.886
430.012
434.936
434.907
434.229
432.51
429.693
429.695
428.811
419.18
418.026
416.523
422.052
422.383
423.607
386.758
384.044
396.257
390.66
388.178
387.316
386.781
385.958
385.388
385.458
385.899
386.188
388.183
389.782
389.869
390.522
390.291
389.562
389.473
390.455
392.808
395.862
399.032
401.676
404.19
408.436
413.804
418.013
420.32
421.271
422.297
423.858
422.451
418.281
412.193
407.322
405.913
406.732
409.373
410.031
371.068
369.661
378.552
370.515
368.697
367.507
365.211
365.436
365.215
366.463
365.924
366.345
366.485
366.857
366.865
367.36
367.751
368.386
369.294
370.829
373.326
376.542
379.944
383.08
386.053
390.066
397.347
405.835
410.177
407.271
412.23
410.295
406.901
399.406
389.552
389.685
383.135
383.135
386.779
389.398
358.322
356.969
357.187
355.722
354.007
352.467
350.905
349.345
345.979
345.842
345.866
345.577
345.098
344.471
343.969
343.82
344.007
345.059
346.53
348.482
351.916
356.179
360.48
362.362
362.72
366.183
373.827
382.563
390.181
400.765
408.703
411.153
403.232
389.786
377.035
368.506
368.572
371.866
372.881
372.164
346.414
344.645
345.103
343.994
342.583
342.412
338.123
335.686
333.073
330.556
328.404
326.534
324.563
322.545
320.608
319.075
318.176
318.667
319.401
321.559
327.501
335.948
343.422
348.1
362.134
372.603
377.489
380.812
384.859
386.805
384.267
384.041
373.242
362.002
351.445
339.37
331.005
336.539
344.636
353.859
335.399
334.298
335.914
331.453
335.017
329.387
324.626
321.41
318.339
315.213
312.111
308.877
305.144
300.924
296.924
294.56
289.209
287.672
287.403
288.711
304.737
322.846
328.842
330.704
337.197
341.785
339.692
348.999
351.498
352.577
350.032
347.862
340.335
327.618
313.708
307.913
307.525
307.499
312.47
320.248
323.757
323.184
325.712
322.274
332.642
316.778
311.77
308.423
304.812
300.843
296.51
291.743
286.09
279.279
271.953
265.85
268.824
273.022
265.657
265.87
278.554
290.697
300.046
296.528
294.687
293.911
299.078
299.5
294.232
297.788
291.584
296.394
298.829
295.756
298.474
298.303
299.62
302.785
307.94
310.957
310.599
309.489
311.349
304.698
324.811
303.264
296.281
293.314
290.046
286.517
282.23
276.925
270.944
263.542
257.96
258.305
255.812
251.478
249.154
246.719
243.06
246.883
254.435
263.285
262.444
262.009
265.562
265.334
266.918
268.671
269.674
271.427
277.329
276.767
282.882
285.679
287.831
288.125
293.354
286.065
297.391
296.437
296.439
294.784
299.989
297.664
279.648
279.016
276.987
274.86
271.655
267.263
261.081
254.286
252.602
249.395
243.591
234.573
224.495
214.071
209.872
209.861
212.25
216.921
222.433
235.449
241.785
243.578
246.545
248.814
250.933
253.238
255.212
258.49
267.091
273.736
266.424
263.196
259.151
254.954
285.832
284.165
282.884
280.462
280.597
281.944
276.789
270.457
267.645
265.914
264.252
260.45
253.936
245.547
244.46
238.694
229.351
215.132
198.325
181.201
169.492
166.98
169.399
173.549
179.667
189.178
198.126
206.014
214.413
220.827
226.292
231.927
236.98
240.475
241.62
241.174
237.715
236.057
229.584
224.634
273.666
272.793
272.881
272.615
272.545
273.563
269.063
265.332
262.278
259.403
257.542
254.502
248.387
238.946
233.301
224.117
212.977
199.383
182.941
161.282
138.311
127.876
127.442
129.469
133.965
142.244
151.231
161.322
170.752
179.999
188.684
197.56
204.901
209.302
212.423
215.653
217.305
214.208
208.661
201.952
261.467
262.22
263.037
264.488
264.554
266.363
262.344
258.698
255.443
251.499
247.493
244.91
239.713
231.54
221.315
212.538
201.876
190.047
173.131
148.622
117.185
98.3906
91.9497
89.1354
94.6454
104.958
116.77
126.745
136.736
146.625
155.604
164.557
172.363
177.655
182.838
187.82
191.989
192.599
191.832
190.486
249.994
248.474
249.556
251.725
253.476
253.84
250.323
242.819
245.068
242.558
234.545
229.769
223.971
217.129
208.26
198.755
189.019
183.088
161.373
126.12
95.6042
74.8559
72.7578
73.1031
75.2756
83.6064
99.19
106.597
115.546
122.242
130.818
134.595
144.653
151.995
159.948
165.738
169.357
171.522
173.624
174.235
229.513
230.717
231.556
232.225
232.971
233.547
231.793
227.846
229.227
233.85
213.293
207.609
202.731
197.077
190.179
181.119
168.544
156.204
137.956
107.65
82.63
73.7245
73.3146
76.806
81.5913
85.1488
90.9823
100.358
102.645
112.198
113.601
112.609
121.25
129.505
136.749
143.245
148.579
152.738
155.374
157.009
208.514
210.376
210.558
209.909
208.864
207.263
205.928
203.009
201.079
197.413
191.553
185.319
180.905
175.503
169.458
162.34
154.181
144.189
129.828
109.189
98.7635
90.2746
86.6503
87.234
88.8026
88.5026
88.41
92.2863
94.2241
97.3366
97.5771
97.9743
104.152
108.294
115.356
121.712
127.387
133.117
135.381
138.097
181.727
181.935
181.735
180.859
180.44
180.568
179.712
178.62
179.865
172.431
169.632
164.874
159.959
154.986
149.806
143.42
137.228
130.77
121.948
110.992
102.695
100.42
97.604
95.2957
93.0505
89.0762
87.516
87.3687
87.2727
87.6315
89.2124
90.1049
92.0858
93.6141
99.2514
105.602
110.062
113.296
116.201
118.266
155.184
154.416
149.78
147.815
148.025
149.269
151.236
150.718
152.243
150.952
145.239
142.129
138.656
135.005
131.443
126.576
121.663
116.846
111.153
104.537
98.1221
93.6089
96.7929
93.4348
86.8795
83.262
80.184
78.2396
77.2868
77.3465
77.901
81.6327
86.6907
81.0184
85.5823
90.7567
94.9998
98.5521
101.358
101.994
154.793
142.836
135.056
133.96
132.932
130.815
130.166
128.376
126.506
127.486
123.194
120.821
118.326
116.628
113.992
110.658
107.074
102.887
98.2545
93.5927
89.0021
84.7231
81.3416
77.5846
74.6556
71.3848
67.8266
66.662
65.675
65.5291
66.5076
66.6899
78.1635
71.3344
72.5053
75.6768
79.8655
83.793
87.0497
90.7201
132.888
120.78
120.316
120.655
119.159
117.551
114.778
110.422
105.987
101.804
102.057
101.41
99.9681
99.8536
97.9031
95.8413
92.9254
89.7099
86.2615
82.4183
78.2776
73.9022
68.7029
64.2627
58.1404
53.807
48.5301
41.8478
38.5373
42.6565
49.4568
54.4727
55.5407
58.7067
54.5919
58.0315
63.6502
69.5181
73.0742
78.9375
96.7808
89.6722
91.7229
94.3676
94.575
91.953
89.2065
85.6095
82.608
80.1099
82.6093
85.4908
82.4013
83.6301
83.52
82.3541
80.4696
77.561
74.7253
71.4364
67.3237
62.238
56.3837
49.501
41.77
37.8117
44.7076
44.3532
37.3024
35.1406
38.0825
44.2791
47.6448
44.1947
52.0321
47.1176
50.4559
54.4328
58.4339
63.6475
67.4737
63.0601
63.3728
61.1149
63.8211
61.9038
58.8576
56.2908
55.2734
55.4542
58.0712
65.2493
66.8018
70.2677
72.3057
72.1626
70.7832
68.7663
66.2731
62.9063
58.9268
53.964
47.2434
40.4376
34.301
31.0463
35.6701
42.5654
41.5097
41.0408
41.964
39.2919
43.3809
51.942
41.8731
49.1885
47.972
51.1049
56.659
59.5246
60.4064
59.7476
60.4653
52.1756
46.7079
42.8766
40.3679
39.6008
39.997
40.6149
45.1388
51.0557
56.9953
61.6017
64.4264
64.744
64.0104
62.9641
60.735
57.4398
53.985
51.1134
47.7251
44.677
42.0397
40.5369
41.4089
40.9998
41.3976
41.8192
42.0987
42.2778
39.7448
49.6506
43.036
49.5518
51.4974
53.8392
56.6071
60.0381
62.4959
62.0541
59.8154
52.2137
41.9618
36.4134
34.0668
34.3953
39.669
41.9745
42.8046
47.7974
53.0951
57.6666
59.9846
60.243
59.8967
58.6378
57.3694
56.4251
55.1341
53.207
50.9329
49.3629
48.2383
47.995
49.0547
46.8738
42.1961
42.8662
43.5494
43.8823
39.0868
44.2481
46.8626
44.3664
50.4563
53.9336
57.4082
60.3722
62.6391
62.7183
63.3186
52.96
43.4765
38.6829
36.4923
35.2252
35.2569
40.3335
50.707
50.5879
51.0481
52.9385
54.2784
54.8029
54.7755
54.3903
53.2142
55.5643
57.2185
54.6504
53.0422
52.9495
52.1511
51.6714
51.1304
47.211
46.83
46.326
45.4701
44.3049
39.669
40.38
41.9768
42.9468
45.7639
48.0278
56.6179
60.1889
60.502
58.2288
60.5256
51.7956
44.1572
39.3424
36.0141
35.4202
36.1688
40.0699
54.1968
54.8411
56.9777
59.011
60.0862
61.3466
62.4818
63.0493
63.1936
62.5027
61.9754
60.6417
57.2147
57.1905
55.1681
50.3092
49.9405
53.9496
51.7837
49.7789
47.2027
39.8182
38.3254
39.0045
38.7829
39.0188
40.8116
44.4833
48.8359
40.7706
41.3875
44.3787
41.1089
41.0383
39.4486
36.849
32.0431
32.2995
33.6333
36.9169
41.3725
44.2175
52.4053
55.23
56.7662
58.1329
59.2012
59.8871
60.7108
62.1673
61.7169
57.452
55.4154
51.4463
60.0372
65.0121
62.7429
58.551
47.2593
44.3809
42.2459
38.9416
36.332
34.4174
32.9612
32.3406
32.9491
33.1496
29.5609
24.8434
31.1878
34.5018
24.2898
30.2983
32.6456
28.3812
24.57
24.2253
25.1868
27.8724
31.0128
34.0033
37.0956
41.6367
45.5751
47.6136
48.4592
48.6207
47.1285
42.0338
38.4417
38.7247
40.6903
39.4286
38.501
38.7118
35.1777
35.7049
34.0032
32.6385
30.7545
31.1517
26.7975
24.3676
24.022
25.9424
25.0707
17.6411
14.4517
20.6309
17.1298
16.351
15.2615
24.6102
23.0728
15.0913
8.35034
6.6256
10.8029
15.4525
19.6456
23.5826
27.2666
31.0045
34.3367
37.0985
38.6271
39.107
38.6438
37.2019
35.5644
34.5337
33.9545
32.125
30.5624
29.1491
27.8113
26.4283
23.0988
22.0433
20.9986
16.9424
10.8299
4.69445
5.05097
17.3595
28.9985
16.6175
10.5183
12.913
0.264347
-0.782509
-0.906202
5.0231
11.5964
1.87299
-3.21807
-4.72234
2.52959
4.18135
6.21189
9.75785
13.1828
15.774
17.8512
19.7613
21.0761
21.7088
21.757
21.2173
20.2606
19.2702
17.8768
15.8958
14.3223
13.4762
12.3587
10.6205
8.12328
4.65228
6.78973
7.35144
2.41262
-0.837828
-0.244873
1.05274
2.09423
2.18482
8.37454
9.64821
-1.33443
-1.29373
-1.23411
-1.05433
-0.495537
-1.13356
-1.26661
-1.30092
-1.19051
-1.2888
-1.0412
1.20764
3.6949
5.47604
6.21116
6.62477
7.5972
8.04297
7.84112
7.22276
6.39922
5.52644
4.68627
3.20578
2.21916
2.05698
1.66897
0.643129
-0.517849
-1.14497
-1.32753
-1.38183
-1.35924
-1.28864
-1.2156
-1.07224
-1.02036
-1.38714
-2.36729
-1.21504
-1.30739
-1.27956
-1.29133
-1.41099
-1.48306
-0.75351
-1.85267
-1.36668
-1.33458
-1.30138
-1.2924
-1.31531
-1.33915
-1.352
-1.35016
-1.34294
-1.31024
-1.19119
-1.17403
-1.25296
-1.30885
-1.33709
-1.34593
-1.34542
-1.34356
-1.34486
-1.34482
-1.34671
-1.34404
-1.33362
-1.35199
-1.38015
-1.42428
-1.47393
-1.53119
-1.56722
-1.56949
-1.58827
-1.55198
-1.42953
-1.38237
-1.41701
-1.46187
-1.51439
-1.52199
-1.49484
-1.1759
-1.51491
-1.39881
-1.34752
-1.37824
-1.38726
-1.3813
-1.38161
-1.37867
-1.37312
-1.37304
-1.36938
-1.36249
-1.35463
-1.35042
-1.35329
-1.35652
-1.35803
-1.36447
-1.36737
-1.37042
-1.37197
-1.36956
-1.37352
-1.3727
-1.38832
-1.41451
-1.44911
-1.49479
-1.51516
-1.44812
-1.39225
-1.39438
-1.37864
-1.43604
-1.46389
-1.5168
-1.54543
-1.5111
-1.53755
-1.56672
-1.55817
-1.46355
-1.44183
-1.42597
-1.42064
-1.42303
-1.41865
-1.41502
-1.41209
-1.40399
-1.3932
-1.38001
-1.37242
-1.36953
-1.3703
-1.37279
-1.37476
-1.37666
-1.38367
-1.39304
-1.39702
-1.39692
-1.39699
-1.39603
-1.39406
-1.39106
-1.39136
-1.3848
-1.34313
-1.33899
-1.34394
-1.36412
-1.36832
-1.47037
-1.45758
-1.51548
-1.51222
-1.50989
-1.51519
-1.52037
-1.52595
-1.50743
-1.49276
-1.48325
-1.47881
-1.47438
-1.45966
-1.45526
-1.44212
-1.43208
-1.41788
-1.40347
-1.38639
-1.38028
-1.38057
-1.38202
-1.38544
-1.40085
-1.41361
-1.42199
-1.42619
-1.42672
-1.42523
-1.42132
-1.41396
-1.40257
-1.38886
-1.37194
-1.35087
-1.34966
-1.35952
-1.3852
-1.38714
-1.50402
-1.51254
-1.51554
-1.5164
-1.51752
-1.5199
-1.5227
-1.5331
-1.53099
-1.5316
-1.53114
-1.53976
-1.53392
-1.53855
-1.51303
-1.49198
-1.47736
-1.45736
-1.43674
-1.42693
-1.41579
-1.41263
-1.41215
-1.42046
-1.44022
-1.45419
-1.46152
-1.46444
-1.46519
-1.46414
-1.46116
-1.45563
-1.44698
-1.43595
-1.42428
-1.41402
-1.41146
-1.42263
-1.41874
-1.41937
-1.5154
-1.5352
-1.52452
-1.51816
-1.52128
-1.52396
-1.53603
-1.54305
-1.54715
-1.56155
-1.57
-1.57354
-1.56958
-1.5668
-1.56889
-1.57047
-1.5526
-1.52471
-1.50674
-1.49093
-1.4837
-1.4844
-1.48184
-1.48933
-1.49663
-1.50537
-1.50686
-1.50701
-1.5065
-1.50537
-1.50373
-1.50077
-1.49614
-1.48958
-1.48208
-1.47609
-1.47135
-1.4688
-1.46473
-1.45164
-1.55785
-1.56164
-1.55012
-1.56133
-1.55496
-1.55401
-1.55494
-1.55905
-1.56506
-1.57314
-1.58424
-1.59215
-1.60561
-1.60657
-1.60413
-1.60835
-1.61058
-1.59328
-1.59638
-1.5842
-1.57948
-1.57354
-1.56767
-1.56486
-1.56396
-1.56229
-1.55846
-1.55472
-1.55131
-1.54848
-1.54389
-1.53434
-1.53009
-1.52666
-1.52412
-1.52359
-1.52187
-1.5194
-1.51677
-1.49535
-1.56632
-1.56818
-1.5693
-1.57028
-1.57056
-1.57335
-1.57182
-1.57252
-1.58002
-1.5793
-1.58753
-1.59996
-1.61624
-1.63033
-1.64691
-1.66743
-1.67112
-1.67945
-1.68373
-1.6793
-1.67572
-1.6692
-1.66145
-1.65202
-1.6422
-1.63214
-1.6212
-1.61043
-1.60174
-1.59519
-1.5874
-1.5735
-1.56797
-1.56584
-1.56775
-1.57345
-1.57548
-1.57002
-1.56972
-1.54446
-1.5815
-1.58158
-1.58442
-1.58309
-1.58589
-1.58843
-1.57984
-1.59011
-1.59378
-1.59865
-1.6064
-1.62006
-1.64117
-1.66701
-1.69917
-1.73492
-1.76455
-1.78499
-1.79499
-1.79904
-1.79786
-1.78601
-1.7742
-1.75754
-1.73769
-1.71526
-1.6932
-1.67294
-1.65638
-1.64459
-1.6369
-1.62766
-1.62542
-1.63179
-1.64625
-1.65663
-1.65926
-1.64642
-1.63634
-1.61218
-1.59416
-1.59362
-1.598
-1.60008
-1.60212
-1.60722
-1.59217
-1.60372
-1.60765
-1.61605
-1.62891
-1.64363
-1.67155
-1.70635
-1.74323
-1.7856
-1.83123
-1.8783
-1.91311
-1.93085
-1.92788
-1.91636
-1.89743
-1.86856
-1.83514
-1.79621
-1.76146
-1.73128
-1.70641
-1.68822
-1.67726
-1.67373
-1.67847
-1.69219
-1.71713
-1.74867
-1.77036
-1.75526
-1.72156
-1.66847
-1.61213
-1.60959
-1.61472
-1.61646
-1.61868
-1.6211
-1.61157
-1.61466
-1.62207
-1.62741
-1.64422
-1.65092
-1.68128
-1.72883
-1.76613
-1.81068
-1.86073
-1.91151
-1.95837
-1.99224
-1.99948
-1.99272
-1.97258
-1.93935
-1.89767
-1.85225
-1.81124
-1.77144
-1.74214
-1.7201
-1.70672
-1.70153
-1.70431
-1.71465
-1.72775
-1.76255
-1.76999
-1.78278
-1.77413
-1.75641
-1.62313
-1.6301
-1.63278
-1.63389
-1.63641
-1.63869
-1.63876
-1.63243
-1.63496
-1.64087
-1.65224
-1.67005
-1.69848
-1.73543
-1.77759
-1.82112
-1.86392
-1.90814
-1.94517
-1.96982
-1.98159
-1.97971
-1.97724
-1.95408
-1.91893
-1.87764
-1.8348
-1.78317
-1.75957
-1.7225
-1.72465
-1.71815
-1.7152
-1.71532
-1.71691
-1.7187
-1.73282
-1.75492
-1.78872
-1.86821
-1.64163
-1.64772
-1.65084
-1.65385
-1.65752
-1.65879
-1.65817
-1.6569
-1.65624
-1.65472
-1.66489
-1.67995
-1.70383
-1.73537
-1.77304
-1.81238
-1.85296
-1.89029
-1.9212
-1.95246
-1.96412
-1.95879
-1.96246
-1.94302
-1.90849
-1.86783
-1.83045
-1.78017
-1.76623
-1.72053
-1.73306
-1.73034
-1.72798
-1.72391
-1.71884
-1.7049
-1.71194
-1.75031
-1.82146
-1.9099
-1.66926
-1.66924
-1.67206
-1.67816
-1.68016
-1.68311
-1.67996
-1.67638
-1.67417
-1.67409
-1.67765
-1.68715
-1.7046
-1.72946
-1.75801
-1.78944
-1.8193
-1.8522
-1.88269
-1.90831
-1.92368
-1.92598
-1.91207
-1.8909
-1.86245
-1.83065
-1.80253
-1.77159
-1.76305
-1.72777
-1.73335
-1.73846
-1.74293
-1.75024
-1.76272
-1.77039
-1.76016
-1.79528
-1.82845
-1.8618
-1.69637
-1.68594
-1.69664
-1.70081
-1.70211
-1.70385
-1.70369
-1.70003
-1.69843
-1.69644
-1.69784
-1.70343
-1.71452
-1.73203
-1.75249
-1.77401
-1.79619
-1.81449
-1.83031
-1.83701
-1.84693
-1.83718
-1.82749
-1.81428
-1.80395
-1.79071
-1.77289
-1.75711
-1.74939
-1.72711
-1.73084
-1.74337
-1.75736
-1.77606
-1.80847
-1.83352
-1.84646
-1.83436
-1.82507
-1.81223
-1.71321
-1.70446
-1.71805
-1.72002
-1.71932
-1.71906
-1.71954
-1.71614
-1.71728
-1.71902
-1.72215
-1.72772
-1.73622
-1.74767
-1.75952
-1.77052
-1.77963
-1.78798
-1.79341
-1.7958
-1.79629
-1.7919
-1.78234
-1.77626
-1.7707
-1.76333
-1.75326
-1.74181
-1.73531
-1.72617
-1.7297
-1.7392
-1.75155
-1.77947
-1.82561
-1.86552
-1.86353
-1.83722
-1.80442
-1.77937
-1.738
-1.74065
-1.73456
-1.74203
-1.7371
-1.73446
-1.73012
-1.7319
-1.73308
-1.73628
-1.74186
-1.74977
-1.75898
-1.76696
-1.77206
-1.77487
-1.77742
-1.78002
-1.78176
-1.78104
-1.77804
-1.76779
-1.75674
-1.74884
-1.74629
-1.74508
-1.74253
-1.74488
-1.73096
-1.72795
-1.72682
-1.72869
-1.73404
-1.7538
-1.78333
-1.80589
-1.80667
-1.78784
-1.76829
-1.75737
-1.75638
-1.75851
-1.74889
-1.76094
-1.75564
-1.75251
-1.74653
-1.74944
-1.75079
-1.75425
-1.75944
-1.76704
-1.77736
-1.77829
-1.77909
-1.78345
-1.78591
-1.78792
-1.78433
-1.78305
-1.7793
-1.74995
-1.74056
-1.74647
-1.74439
-1.74434
-1.74476
-1.74364
-1.7459
-1.74357
-1.73987
-1.73533
-1.73135
-1.73707
-1.7459
-1.74838
-1.74088
-1.7407
-1.73673
-1.73712
-1.77504
-1.77548
-1.76203
-1.77393
-1.77247
-1.77247
-1.77255
-1.7734
-1.7748
-1.77698
-1.77939
-1.78203
-1.78733
-1.78609
-1.77564
-1.77341
-1.78203
-1.78869
-1.79437
-1.79012
-1.77584
-1.75869
-1.7471
-1.74511
-1.75072
-1.74724
-1.74775
-1.76428
-1.76326
-1.76035
-1.75742
-1.75314
-1.74922
-1.74526
-1.74416
-1.73984
-1.73538
-1.73059
-1.73875
-1.74014
-1.79372
-1.79364
-1.78956
-1.78923
-1.78848
-1.79138
-1.79414
-1.79665
-1.79889
-1.80136
-1.79926
-1.79203
-1.80609
-1.79916
-1.80539
-1.81185
-1.80772
-1.80113
-1.80083
-1.79939
-1.79988
-1.79564
-1.79087
-1.79395
-1.78999
-1.78778
-1.78761
-1.78635
-1.78319
-1.77918
-1.77725
-1.77191
-1.77064
-1.76702
-1.7645
-1.76284
-1.76067
-1.76016
-1.76277
-1.76497
-1.81159
-1.81135
-1.81097
-1.80496
-1.80955
-1.81157
-1.81454
-1.81794
-1.81669
-1.81857
-1.81742
-1.81612
-1.82045
-1.8267
-1.82534
-1.82609
-1.82865
-1.8306
-1.8314
-1.82984
-1.82527
-1.82151
-1.8183
-1.817
-1.81184
-1.80905
-1.80551
-1.80268
-1.79988
-1.79761
-1.7955
-1.79075
-1.78849
-1.78756
-1.78461
-1.78292
-1.78354
-1.78483
-1.786
-1.78851
-1.83061
-1.83021
-1.82928
-1.82791
-1.82383
-1.8303
-1.83249
-1.83527
-1.83495
-1.83682
-1.83541
-1.83638
-1.83876
-1.84173
-1.84618
-1.84639
-1.84615
-1.8459
-1.84491
-1.84273
-1.84037
-1.8381
-1.83562
-1.83276
-1.83073
-1.82174
-1.8186
-1.81973
-1.81682
-1.81497
-1.81316
-1.81117
-1.80921
-1.80489
-1.80359
-1.80382
-1.80545
-1.80727
-1.80784
-1.80942
-1.85062
-1.85046
-1.85024
-1.85027
-1.84758
-1.84942
-1.85379
-1.85617
-1.85724
-1.85763
-1.85829
-1.85993
-1.86104
-1.86151
-1.86404
-1.86348
-1.86225
-1.86072
-1.85882
-1.85668
-1.85441
-1.85205
-1.84956
-1.84686
-1.8434
-1.83601
-1.8302
-1.83621
-1.83359
-1.83181
-1.83082
-1.82897
-1.82869
-1.82744
-1.8247
-1.82603
-1.82609
-1.82655
-1.82925
-1.82572
-1.8707
-1.87095
-1.87137
-1.87209
-1.8731
-1.87464
-1.87644
-1.87774
-1.88109
-1.87972
-1.88553
-1.88351
-1.88283
-1.88361
-1.88534
-1.88208
-1.87914
-1.87664
-1.87421
-1.87151
-1.8687
-1.86645
-1.86381
-1.86084
-1.8581
-1.85091
-1.84577
-1.85106
-1.8489
-1.84839
-1.84841
-1.84807
-1.84767
-1.84787
-1.84814
-1.84774
-1.84761
-1.84871
-1.84631
-1.84811
-1.89006
-1.89047
-1.89135
-1.89296
-1.89509
-1.89748
-1.89918
-1.89987
-1.90045
-1.9009
-1.90492
-1.90902
-1.90986
-1.90616
-1.90095
-1.89882
-1.89553
-1.8926
-1.89003
-1.88751
-1.88457
-1.88199
-1.88026
-1.87733
-1.8769
-1.86686
-1.86722
-1.86239
-1.86194
-1.865
-1.86092
-1.86182
-1.86853
-1.86878
-1.86874
-1.86885
-1.86965
-1.86939
-1.87051
-1.87194
-1.90835
-1.90872
-1.9095
-1.91079
-1.91273
-1.91159
-1.9143
-1.91448
-1.91247
-1.91231
-1.91338
-1.91489
-1.9158
-1.91521
-1.9141
-1.91244
-1.91022
-1.90777
-1.90531
-1.903
-1.90078
-1.89793
-1.89634
-1.8932
-1.89226
-1.88276
-1.8849
-1.88579
-1.88634
-1.88517
-1.88528
-1.88824
-1.88981
-1.89012
-1.89116
-1.89167
-1.89144
-1.89196
-1.89178
-1.8913
-1.92587
-1.9262
-1.92661
-1.9271
-1.92763
-1.92789
-1.92673
-1.92422
-1.92222
-1.92186
-1.92352
-1.92484
-1.92513
-1.92436
-1.92341
-1.92279
-1.92286
-1.92205
-1.92048
-1.91832
-1.91633
-1.91442
-1.91248
-1.9097
-1.90752
-1.90366
-1.90369
-1.90035
-1.903
-1.90719
-1.9074
-1.90861
-1.90937
-1.9098
-1.91107
-1.91175
-1.91173
-1.9124
-1.91252
-1.91495
-1.94309
-1.94328
-1.94338
-1.94349
-1.94342
-1.94288
-1.94178
-1.94051
-1.93961
-1.93935
-1.93999
-1.94079
-1.9409
-1.93369
-1.93366
-1.93556
-1.93803
-1.93876
-1.93802
-1.93541
-1.9335
-1.93197
-1.92973
-1.92642
-1.92111
-1.91674
-1.92327
-1.92382
-1.92563
-1.928
-1.92925
-1.93045
-1.93133
-1.93202
-1.9327
-1.93308
-1.93313
-1.93294
-1.93259
-1.93089
-1.95953
-1.96009
-1.96032
-1.96034
-1.96004
-1.95963
-1.95943
-1.95905
-1.95878
-1.95953
-1.96194
-1.96256
-1.96019
-1.94935
-1.95504
-1.95371
-1.9556
-1.95684
-1.95633
-1.95508
-1.95527
-1.95614
-1.95749
-1.9595
-1.96149
-1.9607
-1.97505
-1.96903
-1.96772
-1.96245
-1.95892
-1.95711
-1.95639
-1.9563
-1.95664
-1.95736
-1.95869
-1.96087
-1.9649
-1.96994
)
;

boundaryField
{
    inlet
    {
        type            calculated;
        value           nonuniform List<scalar> 10(-294.349 -294.526 -294.663 -294.789 -294.849 -294.854 -294.794 -294.666 -294.529 -294.352);
    }
    inletWall
    {
        type            calculated;
        value           nonuniform List<scalar> 
30
(
-205.228
-225.288
-245.18
-264.917
-284.539
-119.066
-134.501
-150.967
-167.844
-184.967
-26.0623
-46.0195
-66.166
-88.9226
-114.18
-205.224
-225.287
-245.18
-264.919
-284.542
-119.047
-134.5
-150.989
-167.854
-184.958
-25.6036
-45.8438
-66.0449
-88.8824
-114.106
)
;
    }
    bottleWall
    {
        type            calculated;
        value           nonuniform List<scalar> 
290
(
1131.07
1112.42
1095.4
1071.6
1053.59
1038.11
1020.7
1003.09
985.679
969.352
953.333
937.224
920.586
903.22
885.158
867.202
849.034
832.004
816.853
801.167
782.74
752.558
712.615
679.665
658.295
645.262
641.724
637.585
635.665
620.859
605.603
594.305
589.733
586.003
580.93
570.638
556.923
544.44
527.751
508.623
487.225
463.464
444.591
417.104
381.473
342.135
306.855
276.594
249.988
227.236
207.079
191.368
181.166
172.678
161.827
149.132
134.943
119.823
105.253
89.295
73.3344
61.896
48.7025
31.7625
19.2064
1.99777
-1.06467
-1.10207
-1.13214
-1.20087
-1.26752
-1.31039
-1.34327
-1.36746
-1.37936
-1.3956
-1.41872
-1.44332
-1.467
-1.49209
-1.51625
-1.54112
-1.5654
-1.58795
-1.61326
-1.63717
-1.66095
-1.68505
-1.70907
-1.73319
-1.75707
-1.78054
-1.80355
-1.82607
-1.84807
-1.86955
-1.89075
-1.91145
-1.93182
-1.95202
1139.53
1139.59
1139.65
1139.79
1139.94
1140.19
1140.51
1140.91
1141.41
1141.99
1142.58
1143.39
1144.32
1145.35
1146.33
1147.41
1148.03
1148.6
1148.93
1147.92
1145.59
1142.53
1139.19
1135.92
1134.79
1133.95
1133.36
1133.59
1134.33
1135.62
1137.71
1139.9
1141.25
1142.12
1141.96
1141.9
1141.41
1141.02
1139.6
1139.22
1139.98
1139.93
1139.72
1139.51
1139.45
1139.42
1139.44
1139.51
1139.53
1139.49
1151.31
1151.12
1151.35
1151.36
1151.38
1151.24
1150.95
1150.53
1150.08
1149.55
1148.94
1148.33
1147.78
1147.35
1147.01
1146.66
1146.23
1145.76
1145.17
1144.56
1143.95
1143.35
1142.78
1142.13
1141.79
1141.3
1141.15
1140.92
1140.72
1140.55
1140.39
1140.29
1140.21
1140.16
1140.13
1140.14
1140.17
1140.12
1140.19
1140.18
1141.75
1121.82
1102.19
1083.16
1063.39
1044.37
1026.37
1008.74
990.539
968.574
946.685
928.672
912.138
896.962
880.35
864.872
845.473
827.285
808.855
791.483
775.887
759.868
744.752
729.71
712.566
693.294
660.31
621.615
596.817
582.717
571.4
560.296
550.128
535.11
520.823
506.747
492.601
478.827
463.835
446.729
426.414
405.177
386.758
371.068
358.322
346.414
335.399
323.757
310.599
297.391
285.832
273.666
261.467
249.994
229.513
208.514
181.727
155.184
154.793
132.888
96.7808
67.4737
60.4064
62.4959
62.6391
60.502
41.3875
31.1878
17.1298
0.264347
-1.33443
-1.30739
-1.38237
-1.43604
-1.47037
-1.50402
-1.5154
-1.55785
-1.56632
-1.5815
-1.59416
-1.61213
-1.62313
-1.64163
-1.66926
-1.69637
-1.71321
-1.738
-1.75638
-1.77504
-1.79372
-1.81159
-1.83061
-1.85062
-1.8707
-1.89006
-1.90835
-1.92587
-1.94309
-1.95953
)
;
    }
    atmosphere
    {
        type            calculated;
        value           nonuniform List<scalar> 
80
(
-1.96969
-1.96299
-1.9623
-1.96234
-1.96201
-2.04996
-2.08714
-2.08714
-2.03174
-2.02172
-2.04753
-2.04753
-2.04753
-2.02369
-1.99503
-1.97133
-1.96209
-1.96207
-1.96203
-1.96202
-1.962
-1.962
-1.962
-1.9737
-1.97181
-1.96201
-1.962
-1.962
-1.962
-1.962
-1.962
-1.962
-1.962
-1.962
-1.962
-1.962
-1.962
-1.962
-1.962
-1.96202
-1.96627
-1.96911
-1.96945
-1.96933
-1.96894
-1.9682
-1.96738
-1.96654
-1.96641
-1.96726
-1.9668
-1.98555
-2.01795
-1.96201
-1.96498
-1.96647
-1.96738
-1.96623
-1.96226
-1.96265
-1.96467
-1.967
-1.96846
-1.96857
-1.96547
-1.99148
-2.19829
-2.02126
-1.96838
-1.97122
-1.96932
-1.96787
-1.96691
-1.96635
-1.96612
-1.96618
-1.96648
-1.96693
-1.9682
-1.9724
)
;
    }
    frontAndBack
    {
        type            empty;
    }
}


// ************************************************************************* //
