/*--------------------------------*- C++ -*----------------------------------*\
  =========                 |
  \\      /  F ield         | OpenFOAM: The Open Source CFD Toolbox
   \\    /   O peration     | Website:  https://openfoam.org
    \\  /    A nd           | Version:  8
     \\/     M anipulation  |
\*---------------------------------------------------------------------------*/
FoamFile
{
    version     2.0;
    format      ascii;
    class       volScalarField;
    location    "0.2";
    object      k;
}
// * * * * * * * * * * * * * * * * * * * * * * * * * * * * * * * * * * * * * //

dimensions      [0 2 -2 0 0 0 0];

internalField   nonuniform List<scalar> 
9150
(
0.00344608
0.00216631
0.00144154
0.00126119
0.00122767
0.00122767
0.00126119
0.00144154
0.00216631
0.00344608
0.00339637
0.00187008
0.00132984
0.00122101
0.00120159
0.00120159
0.00122101
0.00132984
0.00187008
0.00339637
0.00328733
0.00173229
0.00128623
0.00120932
0.00119431
0.00119431
0.00120933
0.00128623
0.00173229
0.00328733
0.00316088
0.00166189
0.0012724
0.00120884
0.00119505
0.00119505
0.00120884
0.0012724
0.00166189
0.00316088
0.00302065
0.00163465
0.00127132
0.0012128
0.00119933
0.00119933
0.0012128
0.00127132
0.00163465
0.00302065
0.0049161
0.00440532
0.00287774
0.00229915
0.00211535
0.00211535
0.00229915
0.00287774
0.00440532
0.00491609
0.00412206
0.00299588
0.00233158
0.0019811
0.00185971
0.00185971
0.0019811
0.00233158
0.00299588
0.00412206
0.00375971
0.00265299
0.00193143
0.001675
0.00159597
0.00159597
0.001675
0.00193143
0.00265299
0.00375971
0.00349342
0.00244269
0.00166395
0.00145681
0.00140168
0.00140168
0.00145681
0.00166395
0.00244269
0.00349342
0.00337794
0.00230726
0.00150883
0.00132447
0.00128454
0.00128454
0.00132447
0.00150883
0.00230726
0.00337794
0.0190503
0.00884477
0.00414565
0.0026532
0.00221071
0.00221071
0.00265319
0.00414554
0.00884426
0.0190493
0.00747924
0.00562633
0.00364885
0.00261732
0.00222232
0.00222232
0.00261732
0.00364885
0.00562632
0.00747923
0.00689215
0.00530946
0.00362322
0.00261783
0.00223647
0.00223647
0.00261783
0.00362322
0.00530946
0.00689215
0.00633873
0.00502206
0.0035934
0.0026119
0.00225216
0.00225216
0.00261189
0.0035934
0.00502205
0.00633873
0.00564314
0.00502281
0.00348185
0.00255632
0.00224964
0.00224964
0.00255632
0.00348185
0.00502281
0.00564314
0.0161697
0.0162089
0.0162383
0.016258
0.016268
0.0162683
0.0162587
0.0162392
0.01621
0.0161709
0.0259313
0.0259812
0.0260186
0.0260436
0.0260562
0.0260563
0.0260439
0.0260192
0.0259819
0.0259322
0.0317087
0.0317651
0.0318074
0.0318356
0.0318498
0.0318499
0.0318359
0.0318079
0.0317658
0.0317096
0.0358415
0.0359023
0.0359478
0.0359782
0.0359935
0.0359936
0.0359785
0.0359484
0.035903
0.0358425
0.0391214
0.0391854
0.0392333
0.0392652
0.0392812
0.0392814
0.0392655
0.0392338
0.0391861
0.0391225
0.0418738
0.0419401
0.0419898
0.0420229
0.0420395
0.0420397
0.0420233
0.0419903
0.0419409
0.0418748
0.044268
0.0443362
0.0443873
0.0444214
0.0444385
0.0444386
0.0444217
0.0443878
0.0443369
0.0442689
0.0464088
0.0464787
0.0465311
0.046566
0.0465835
0.0465836
0.0465662
0.0465315
0.0464792
0.0464095
0.0483708
0.0484422
0.0484958
0.0485314
0.0485493
0.0485493
0.0485316
0.048496
0.0484425
0.0483711
0.0502141
0.0502871
0.0503419
0.0503783
0.0503966
0.0503966
0.0503784
0.0503419
0.0502872
0.0502141
0.0519934
0.0520683
0.0521244
0.0521618
0.0521805
0.0521804
0.0521617
0.0521243
0.0520681
0.0519931
0.0537639
0.053841
0.0538987
0.0539372
0.0539564
0.0539563
0.053937
0.0538984
0.0538405
0.0537633
0.0555854
0.0556651
0.0557248
0.0557646
0.0557844
0.0557843
0.0557643
0.0557243
0.0556644
0.0555844
0.057526
0.057609
0.0576712
0.0577126
0.0577332
0.0577331
0.0577122
0.0576706
0.0576081
0.0575248
0.0596657
0.0597527
0.0598179
0.0598613
0.059883
0.0598828
0.0598609
0.0598173
0.0597518
0.0596644
0.0620989
0.0621908
0.0622597
0.0623055
0.0623283
0.0623281
0.062305
0.0622589
0.0621898
0.0620975
0.0649377
0.0650352
0.0651083
0.0651569
0.0651811
0.065181
0.0651565
0.0651076
0.0650343
0.0649363
0.0683146
0.0684185
0.0684964
0.0685482
0.068574
0.0685739
0.0685478
0.0684958
0.0684177
0.0683134
0.0723876
0.0724987
0.0725818
0.0726372
0.0726649
0.0726648
0.072637
0.0725815
0.0724982
0.0723868
0.0773475
0.0774663
0.0775554
0.0776147
0.0776443
0.0776444
0.0776148
0.0775555
0.0774664
0.0773473
0.0834278
0.0835551
0.0836505
0.0837141
0.083746
0.0837461
0.0837146
0.0836513
0.083556
0.0834285
0.0909175
0.0910538
0.0911562
0.0912244
0.0912586
0.091259
0.0912254
0.0911578
0.091056
0.0909196
0.100171
0.100317
0.100426
0.100499
0.100536
0.100537
0.100501
0.100429
0.100321
0.100175
0.11161
0.111765
0.111881
0.111958
0.111997
0.111998
0.111961
0.111885
0.111771
0.111617
0.1257
0.12586
0.125981
0.126061
0.126102
0.126103
0.126065
0.125987
0.125869
0.12571
0.142894
0.143052
0.143172
0.143251
0.143292
0.143294
0.143257
0.143181
0.143065
0.142908
0.163532
0.163675
0.163782
0.163854
0.163891
0.163893
0.163861
0.163794
0.163691
0.163551
0.187713
0.187815
0.187891
0.187942
0.187968
0.187971
0.187951
0.187906
0.187835
0.187736
0.215158
0.215181
0.215198
0.215209
0.215216
0.21522
0.21522
0.215216
0.215205
0.215184
0.245123
0.245017
0.244937
0.244883
0.244857
0.244861
0.244894
0.244956
0.245043
0.245152
0.276384
0.276087
0.275864
0.275713
0.275639
0.275643
0.275725
0.275883
0.276114
0.276414
0.307312
0.306755
0.306336
0.306056
0.305916
0.30592
0.306067
0.306355
0.306781
0.30734
0.336035
0.335148
0.334482
0.334036
0.333814
0.333816
0.334045
0.334497
0.335169
0.336057
0.360686
0.359405
0.358445
0.357804
0.357483
0.357485
0.35781
0.358455
0.359419
0.3607
0.379746
0.378024
0.376736
0.375877
0.375448
0.375449
0.375881
0.376742
0.378032
0.379752
0.392343
0.390167
0.388543
0.387462
0.386922
0.386923
0.387466
0.388549
0.390174
0.392347
0.398551
0.39596
0.39403
0.392749
0.392109
0.39211
0.39275
0.394032
0.395961
0.39855
0.400959
0.398102
0.395982
0.394576
0.393876
0.393877
0.394578
0.395983
0.398103
0.400956
0.400766
0.397969
0.395898
0.394529
0.393848
0.393848
0.394529
0.395897
0.397968
0.400763
0.40002
0.397397
0.395456
0.394173
0.393535
0.393535
0.394173
0.395455
0.397396
0.400017
0.399965
0.397497
0.395672
0.394467
0.393868
0.393868
0.394467
0.395671
0.397495
0.399961
0.400595
0.39826
0.396534
0.395395
0.394828
0.394828
0.395394
0.396532
0.398257
0.40059
0.401778
0.399556
0.397913
0.39683
0.396291
0.396291
0.396828
0.397911
0.399552
0.401773
0.403471
0.401341
0.399768
0.39873
0.398214
0.398213
0.398728
0.399765
0.401337
0.403465
0.405649
0.403593
0.402075
0.401073
0.400575
0.400574
0.401071
0.402071
0.403588
0.405642
0.408269
0.406269
0.404792
0.403817
0.403333
0.403332
0.403815
0.404788
0.406263
0.408261
0.411284
0.409323
0.407874
0.406918
0.406443
0.406442
0.406916
0.407869
0.409316
0.411274
0.414644
0.412705
0.411274
0.410329
0.40986
0.409858
0.410326
0.411268
0.412697
0.414633
0.418294
0.416364
0.41494
0.414
0.413533
0.413532
0.413996
0.414933
0.416355
0.418281
0.422169
0.42024
0.418816
0.417877
0.41741
0.417408
0.417872
0.418808
0.420229
0.422155
0.4262
0.424267
0.422841
0.4219
0.421432
0.421431
0.421895
0.422833
0.424255
0.426185
0.430312
0.428377
0.426949
0.426006
0.425538
0.425536
0.426001
0.42694
0.428364
0.430296
0.434433
0.432499
0.431071
0.430129
0.429659
0.429658
0.430123
0.431061
0.432485
0.434415
0.438492
0.436564
0.435139
0.434199
0.43373
0.433728
0.434193
0.435129
0.43655
0.438474
0.442429
0.440508
0.439088
0.438151
0.437683
0.437681
0.438145
0.439078
0.440494
0.44241
0.446188
0.444273
0.442857
0.441921
0.441455
0.441453
0.441915
0.442847
0.444259
0.446169
0.449719
0.447804
0.446387
0.445451
0.444985
0.444983
0.445445
0.446377
0.44779
0.4497
0.452976
0.451052
0.449628
0.448687
0.448217
0.448215
0.448681
0.449618
0.451038
0.452958
0.455918
0.45397
0.452529
0.451576
0.451102
0.4511
0.451571
0.452519
0.453957
0.4559
0.458504
0.456518
0.455047
0.454075
0.453591
0.453589
0.454069
0.455038
0.456504
0.458487
0.460694
0.458653
0.45714
0.456139
0.45564
0.455638
0.456133
0.45713
0.45864
0.460678
0.462457
0.46034
0.458769
0.45773
0.457212
0.45721
0.457724
0.45876
0.460327
0.462441
0.463754
0.461544
0.459901
0.458813
0.45827
0.458268
0.458807
0.459892
0.461532
0.463738
0.46456
0.462238
0.460505
0.459355
0.458781
0.458779
0.459349
0.460496
0.462225
0.464545
0.464869
0.462402
0.460556
0.45933
0.458718
0.458716
0.459325
0.460547
0.462389
0.464853
0.464651
0.462012
0.460035
0.45872
0.458062
0.458061
0.458714
0.460026
0.462
0.464635
0.463878
0.461049
0.458924
0.457506
0.456796
0.456794
0.4575
0.458914
0.461036
0.463862
0.462577
0.45952
0.457219
0.455678
0.454906
0.454904
0.455672
0.457208
0.459506
0.46256
0.460783
0.457439
0.454921
0.453233
0.452385
0.452383
0.453226
0.45491
0.457424
0.460765
0.458483
0.454797
0.452024
0.450163
0.449228
0.449226
0.450156
0.452013
0.454781
0.458463
0.455653
0.45158
0.448518
0.446461
0.445428
0.445425
0.446453
0.448505
0.451562
0.455632
0.45228
0.447779
0.444395
0.442121
0.440977
0.440974
0.442112
0.444381
0.44776
0.452256
0.448377
0.443402
0.439655
0.437136
0.435869
0.435865
0.437127
0.439639
0.44338
0.44835
0.443965
0.438451
0.434294
0.431499
0.430092
0.430088
0.431488
0.434276
0.438427
0.443934
0.439022
0.43291
0.428295
0.425193
0.423631
0.423627
0.425181
0.428275
0.432882
0.438987
0.433511
0.426745
0.421632
0.418194
0.416463
0.416458
0.41818
0.42161
0.426714
0.433471
0.427393
0.419928
0.414276
0.410475
0.408561
0.408557
0.410461
0.414252
0.419893
0.427349
0.420642
0.412429
0.4062
0.402008
0.399897
0.399892
0.401993
0.406174
0.412392
0.420593
0.41324
0.404225
0.397373
0.392758
0.390433
0.390428
0.392742
0.397345
0.404185
0.413188
0.405174
0.395286
0.387756
0.38268
0.380122
0.380117
0.382663
0.387727
0.395245
0.405121
0.396411
0.385563
0.377291
0.371712
0.368901
0.368894
0.371694
0.37726
0.38552
0.396355
0.386866
0.374971
0.365896
0.359773
0.356688
0.356682
0.359753
0.365862
0.374924
0.386806
0.376397
0.363393
0.353468
0.346773
0.343399
0.343392
0.346751
0.353431
0.363341
0.37633
0.364844
0.350707
0.339913
0.332628
0.328957
0.328949
0.332604
0.339871
0.350648
0.364767
0.352078
0.336823
0.325162
0.317286
0.313315
0.313306
0.317259
0.325116
0.336757
0.351991
0.338046
0.321708
0.309196
0.300734
0.296465
0.296455
0.300705
0.309145
0.321635
0.337949
0.322781
0.305397
0.292052
0.283011
0.278444
0.278434
0.28298
0.291999
0.30532
0.322678
0.30638
0.287981
0.273816
0.264196
0.259328
0.259318
0.264164
0.273762
0.287903
0.306274
0.288966
0.269584
0.254604
0.244397
0.239221
0.239211
0.244366
0.25455
0.269506
0.28886
0.270673
0.250347
0.234553
0.22374
0.21824
0.21823
0.22371
0.234501
0.250271
0.27057
0.251643
0.230428
0.213816
0.20236
0.196501
0.196492
0.202331
0.213767
0.230354
0.251544
0.232033
0.210007
0.192563
0.18039
0.17411
0.174101
0.180363
0.192517
0.209938
0.231938
0.212029
0.189301
0.170986
0.157959
0.151137
0.151129
0.157934
0.170942
0.189236
0.211939
0.19186
0.168575
0.149304
0.135171
0.127581
0.127574
0.135149
0.149264
0.168515
0.191776
0.171815
0.148153
0.127771
0.112102
0.103335
0.103328
0.112083
0.127735
0.148099
0.171739
0.152268
0.128398
0.10664
0.0887961
0.0781948
0.0781896
0.0887794
0.10661
0.128351
0.1522
0.13369
0.109577
0.0859921
0.0653196
0.0521631
0.052159
0.0653065
0.0859682
0.109539
0.133634
0.116553
0.091336
0.0651546
0.0419377
0.0267857
0.026783
0.0419289
0.0651379
0.0913089
0.116512
0.100657
0.0712837
0.0419276
0.0199315
0.00813983
0.00813881
0.0199273
0.0419187
0.0712686
0.100633
0.0813941
0.0428462
0.0164803
0.00522857
0.00247905
0.002479
0.00522793
0.0164779
0.0428416
0.0813868
0.0161188
0.0160514
0.0159714
0.0158787
0.0157732
0.0156547
0.0155232
0.0153784
0.0152201
0.0150483
0.0148625
0.0146627
0.0144485
0.0142196
0.0139758
0.0137167
0.0134426
0.0131555
0.0128546
0.0125373
0.0122023
0.0118484
0.0114747
0.0110803
0.0106641
0.0102249
0.00976119
0.00927156
0.00875419
0.00820702
0.00762764
0.00701311
0.00635982
0.00566314
0.00491688
0.00411241
0.00323759
0.00227773
0.0012346
0.000199223
0.0258661
0.0257802
0.0256783
0.0255602
0.0254256
0.0252745
0.0251067
0.0249218
0.0247196
0.0244998
0.024262
0.0240059
0.023731
0.0234368
0.0231228
0.0227883
0.0224328
0.0220556
0.0216564
0.0212338
0.0207863
0.0203124
0.0198105
0.0192789
0.0187155
0.018118
0.0174837
0.0168095
0.0160917
0.0153259
0.0145065
0.0136269
0.0126782
0.011649
0.0105231
0.00927635
0.00786815
0.0062144
0.00406549
0.000872298
0.0316348
0.0315376
0.0314222
0.0312884
0.031136
0.0309649
0.0307747
0.0305652
0.030336
0.0300868
0.0298171
0.0295265
0.0292144
0.0288802
0.0285233
0.0281428
0.0277379
0.0273077
0.0268514
0.0263676
0.0258546
0.0253109
0.0247344
0.0241231
0.0234744
0.0227857
0.0220538
0.0212748
0.0204445
0.0195575
0.0186075
0.0175866
0.0164845
0.0152876
0.0139762
0.0125195
0.010861
0.0088733
0.00615815
0.0015745
0.0357619
0.0356571
0.0355327
0.0353885
0.0352243
0.0350398
0.0348347
0.0346087
0.0343616
0.0340927
0.0338018
0.0334882
0.0331514
0.0327907
0.0324052
0.0319942
0.0315567
0.0310916
0.0305979
0.030074
0.0295184
0.0289292
0.0283043
0.0276414
0.0269378
0.0261906
0.0253963
0.0245509
0.0236496
0.0226869
0.0216559
0.0205478
0.0193514
0.0180511
0.0166236
0.0150309
0.0132011
0.0109694
0.00782774
0.00220613
0.0390377
0.0389275
0.0387966
0.0386449
0.038472
0.0382778
0.038062
0.0378241
0.0375639
0.0372809
0.0369746
0.0366445
0.0362898
0.0359099
0.035504
0.0350711
0.0346102
0.0341201
0.0335997
0.0330474
0.0324616
0.0318402
0.0311812
0.0304821
0.02974
0.028952
0.0281143
0.0272227
0.0262723
0.0252571
0.0241695
0.0230002
0.0217365
0.0203604
0.0188447
0.0171442
0.0151726
0.0127342
0.00923576
0.00277702
0.0417868
0.0416724
0.0415366
0.041379
0.0411996
0.0409979
0.0407738
0.0405268
0.0402566
0.0399627
0.0396446
0.0393017
0.0389334
0.0385388
0.0381172
0.0376676
0.0371888
0.0366798
0.0361392
0.0355655
0.0349569
0.0343115
0.0336269
0.0329007
0.03213
0.0313115
0.0304415
0.0295154
0.0285281
0.027473
0.0263422
0.025125
0.0238074
0.0223691
0.0207788
0.0189845
0.0168878
0.0142673
0.010461
0.00329909
0.0441783
0.0440605
0.0439206
0.0437583
0.0435735
0.0433658
0.0431349
0.0428805
0.0426021
0.0422993
0.0419716
0.0416183
0.0412388
0.0408323
0.040398
0.0399348
0.0394417
0.0389174
0.0383606
0.0377698
0.0371431
0.0364785
0.0357737
0.035026
0.0342325
0.0333899
0.032494
0.0315403
0.0305231
0.0294355
0.0282687
0.0270112
0.0256472
0.0241541
0.0224972
0.0206183
0.0184088
0.0156256
0.0115489
0.00378115
0.0463166
0.0461959
0.0460524
0.0458861
0.0456965
0.0454835
0.0452467
0.0449857
0.0447002
0.0443896
0.0440534
0.043691
0.0433018
0.0428849
0.0424395
0.0419646
0.0414591
0.0409217
0.040351
0.0397456
0.0391034
0.0384225
0.0377005
0.0369346
0.0361218
0.0352586
0.0343408
0.0333633
0.0323203
0.0312042
0.0300056
0.0287119
0.0273059
0.0257629
0.0240448
0.0220884
0.0197759
0.0168461
0.0125289
0.00422965
0.0482761
0.0481526
0.0480058
0.0478355
0.0476415
0.0474234
0.0471809
0.0469137
0.0466214
0.0463033
0.0459591
0.0455881
0.0451896
0.0447629
0.044307
0.043821
0.0433038
0.0427542
0.0421706
0.0415516
0.0408952
0.0401993
0.0394615
0.0386789
0.0378485
0.0369665
0.0360284
0.0350292
0.0339623
0.0328199
0.0315916
0.0302641
0.0288188
0.027229
0.0254537
0.0234254
0.0210183
0.017955
0.0134215
0.0046495
0.0501168
0.0499903
0.0498401
0.0496657
0.0494671
0.0492437
0.0489954
0.0487216
0.0484221
0.0480963
0.0477437
0.0473637
0.0469556
0.0465186
0.0460519
0.0455546
0.0450254
0.0444631
0.0438664
0.0432337
0.042563
0.0418521
0.0410985
0.0402994
0.0394515
0.0385509
0.037593
0.0365723
0.0354821
0.0343139
0.0330569
0.0316966
0.0302134
0.0285787
0.0267493
0.0246534
0.0221584
0.0189724
0.0142424
0.00504479
0.0518933
0.0517636
0.0516094
0.0514305
0.0512265
0.0509972
0.0507422
0.0504611
0.0501535
0.0498189
0.0494568
0.0490666
0.0486476
0.0481991
0.0477203
0.0472101
0.0466675
0.0460913
0.04548
0.0448322
0.0441457
0.0434185
0.0426479
0.041831
0.0409644
0.0400441
0.0390653
0.0380223
0.0369079
0.0357133
0.034427
0.0330339
0.031513
0.0298344
0.0279526
0.0257922
0.0232145
0.0199146
0.0150042
0.00541928
0.0536605
0.0535269
0.053368
0.0531836
0.0529734
0.052737
0.052474
0.0521841
0.0518667
0.0515216
0.051148
0.0507456
0.0503135
0.0498512
0.0493577
0.0488322
0.0482736
0.0476807
0.0470522
0.0463865
0.0456816
0.0449353
0.0441449
0.0433075
0.0424196
0.041477
0.0404748
0.0394071
0.0382664
0.0370434
0.0357261
0.0342986
0.0327392
0.0310165
0.0290828
0.0268598
0.0242029
0.0207957
0.0157178
0.00577651
0.055478
0.0553396
0.055175
0.0549839
0.054766
0.0545208
0.0542479
0.053947
0.0536176
0.0532593
0.0528715
0.0524538
0.0520054
0.0515258
0.051014
0.0504694
0.0498908
0.0492772
0.0486272
0.0479394
0.0472117
0.0464419
0.0456274
0.0447651
0.0438514
0.0428823
0.0418526
0.040756
0.0395851
0.03833
0.0369784
0.0355138
0.0339134
0.0321447
0.0301584
0.0278729
0.0251389
0.0216289
0.0163931
0.00612002
0.0574139
0.0572696
0.057098
0.0568986
0.056671
0.0564149
0.0561297
0.055815
0.0554705
0.0550956
0.0546899
0.0542528
0.0537837
0.053282
0.0527471
0.052178
0.0515739
0.0509337
0.0502564
0.0495404
0.0487837
0.0479841
0.047139
0.0462453
0.0452995
0.0442974
0.0432337
0.0421022
0.040895
0.0396021
0.0382109
0.0367041
0.0350584
0.0332402
0.0311983
0.0288488
0.0260374
0.022427
0.0170401
0.00645385
0.059548
0.0593965
0.0592163
0.0590067
0.0587672
0.0584975
0.058197
0.0578652
0.0575017
0.057106
0.0566776
0.056216
0.0557207
0.055191
0.0546263
0.054026
0.0533891
0.0527149
0.0520023
0.0512499
0.0504558
0.0496177
0.0487331
0.0477991
0.046812
0.0457676
0.0446609
0.0434853
0.042233
0.0408939
0.0394548
0.0378983
0.0362003
0.0343262
0.0322235
0.0298058
0.0269147
0.0232035
0.017669
0.00678261
0.0619747
0.0618146
0.061624
0.061402
0.0611482
0.060862
0.0605427
0.0601899
0.059803
0.0593815
0.0589249
0.0584328
0.0579045
0.0573395
0.0567372
0.0560971
0.0554185
0.0547006
0.0539427
0.0531434
0.0523008
0.0514129
0.0504771
0.0494906
0.0484498
0.0473507
0.0461881
0.0449558
0.0436458
0.042248
0.0407492
0.0391314
0.0373704
0.0354306
0.0332583
0.0307651
0.0277884
0.0239729
0.0182908
0.00711128
0.0648059
0.0646358
0.0644329
0.0641964
0.0639256
0.0636197
0.063278
0.0628998
0.0624847
0.0620319
0.0615409
0.0610113
0.0604423
0.0598336
0.0591846
0.0584948
0.0577636
0.0569906
0.0561751
0.055316
0.0544114
0.0534593
0.0524573
0.0514026
0.0502919
0.0491213
0.0478858
0.0465793
0.0451942
0.0437203
0.0421445
0.0404489
0.0386089
0.0365886
0.0343331
0.0317523
0.0286796
0.0247519
0.0189175
0.00744547
0.0681743
0.0679928
0.0677759
0.0675227
0.0672321
0.0669033
0.0665353
0.0661274
0.0656789
0.0651889
0.0646569
0.0640822
0.0634643
0.0628026
0.0620965
0.0613458
0.0605499
0.0597084
0.0588211
0.0578871
0.0569043
0.0558708
0.0547842
0.0536419
0.0524408
0.0511772
0.0498465
0.0484428
0.0469589
0.045385
0.0437083
0.0419113
0.0399694
0.0378465
0.0354872
0.0327999
0.0296147
0.0255609
0.0195634
0.00779165
0.0722381
0.0720438
0.0718113
0.0715392
0.0712262
0.0708712
0.0704731
0.0700309
0.0695436
0.0690103
0.0684302
0.0678026
0.0671268
0.0664021
0.065628
0.0648042
0.0639301
0.0630057
0.0620308
0.0610047
0.0599253
0.0587905
0.0575979
0.056345
0.0550287
0.0536458
0.0521918
0.0506616
0.0490481
0.0473425
0.0455325
0.0436013
0.0415248
0.0392676
0.0367742
0.0339519
0.0306284
0.0264256
0.0202458
0.00815736
0.0771881
0.0769798
0.0767299
0.0764367
0.0760987
0.0757143
0.075282
0.0748007
0.0742691
0.0736861
0.0730505
0.0723616
0.0716184
0.0708201
0.0699662
0.0690562
0.0680897
0.0670665
0.0659868
0.0648501
0.0636539
0.0623958
0.0610731
0.0596833
0.0582235
0.0566902
0.0550796
0.0533867
0.0516054
0.0497275
0.0477417
0.0456323
0.0433766
0.0409403
0.0382687
0.0352695
0.0317685
0.0273814
0.0209876
0.00855225
0.0832581
0.0830344
0.0827655
0.082449
0.082083
0.0816656
0.0811949
0.0806693
0.0800873
0.0794474
0.0787483
0.0779889
0.0771679
0.0762846
0.075338
0.0743276
0.073253
0.0721141
0.0709112
0.0696439
0.0683091
0.0669037
0.0654248
0.0638694
0.0622341
0.0605156
0.0587099
0.0568125
0.0548175
0.0527177
0.050503
0.048159
0.045665
0.0429885
0.0400772
0.0368403
0.0331036
0.028478
0.0218208
0.00898958
0.090737
0.0904969
0.0902072
0.0898651
0.0894681
0.0890137
0.0884997
0.087924
0.0872847
0.0865799
0.085808
0.0849675
0.0840571
0.0830755
0.0820217
0.0808949
0.0796948
0.0784211
0.0770743
0.0756544
0.0741573
0.0725788
0.0709152
0.0691626
0.0673172
0.0653749
0.0633315
0.0611822
0.0589213
0.0565419
0.0540348
0.0513871
0.0485801
0.0455841
0.04235
0.0387905
0.034734
0.029789
0.022792
0.00948846
0.0999802
0.0997227
0.0994109
0.0990411
0.0986102
0.0981149
0.0975526
0.0969205
0.0962163
0.0954376
0.0945825
0.0936489
0.0926353
0.0915401
0.0903621
0.0891004
0.0877544
0.086324
0.0848098
0.0832124
0.0815261
0.0797455
0.0778654
0.0758808
0.0737867
0.0715781
0.0692497
0.0667959
0.0642106
0.0614864
0.0586144
0.0555824
0.0523731
0.0489595
0.0452963
0.0413009
0.0368069
0.0314244
0.0239717
0.0100779
0.11141
0.111136
0.110802
0.110404
0.109938
0.109399
0.108784
0.108091
0.107314
0.106453
0.105504
0.104465
0.103333
0.102108
0.100786
0.0993686
0.0978534
0.0962409
0.0945318
0.092728
0.0908216
0.0888054
0.0866725
0.084416
0.0820293
0.0795059
0.0768389
0.0740214
0.0710458
0.0679037
0.0645851
0.0610775
0.0573634
0.0534172
0.0491963
0.0446224
0.0395352
0.0335495
0.0254684
0.0108032
0.125495
0.125208
0.124857
0.124434
0.123936
0.123356
0.122689
0.121933
0.121082
0.120133
0.119082
0.117927
0.116665
0.115293
0.113811
0.112215
0.110506
0.108684
0.10675
0.104708
0.102547
0.100257
0.0978292
0.0952547
0.0925245
0.0896299
0.086562
0.0833118
0.0798698
0.0762254
0.0723669
0.0682798
0.0639451
0.059336
0.0544093
0.0490881
0.0432149
0.0364069
0.0274499
0.0117356
0.142694
0.142406
0.142049
0.141615
0.141097
0.140488
0.139782
0.138973
0.138055
0.137024
0.135875
0.134605
0.133208
0.131683
0.130027
0.128239
0.126316
0.124261
0.122074
0.119761
0.11731
0.114707
0.11194
0.108997
0.105866
0.102535
0.0989936
0.0952295
0.0912308
0.0869843
0.0824756
0.0776875
0.0725981
0.067177
0.0613775
0.0551178
0.0482348
0.0403363
0.0301694
0.0129896
0.163357
0.163092
0.162756
0.16234
0.161833
0.161227
0.160512
0.159682
0.158728
0.157643
0.156422
0.155057
0.153545
0.15188
0.150059
0.14808
0.145941
0.143643
0.141188
0.138584
0.135816
0.132866
0.129719
0.126358
0.122768
0.118933
0.114838
0.110468
0.105807
0.10084
0.0955491
0.0899137
0.0839088
0.0774995
0.070633
0.063218
0.055075
0.0457797
0.033989
0.0147475
0.187595
0.187393
0.187126
0.18678
0.186342
0.185799
0.185141
0.184355
0.183431
0.182359
0.181128
0.179732
0.17816
0.176408
0.174468
0.172338
0.170015
0.167498
0.164791
0.1619
0.158813
0.155507
0.151959
0.148148
0.144053
0.139653
0.134928
0.129857
0.124421
0.1186
0.112372
0.105715
0.0985993
0.090987
0.0828188
0.0739918
0.0643024
0.0532704
0.0393819
0.0172857
0.215145
0.21507
0.214945
0.214752
0.214475
0.214097
0.213601
0.212973
0.212196
0.211255
0.210137
0.208827
0.207314
0.205587
0.203636
0.201454
0.199036
0.196381
0.193489
0.190369
0.18701
0.183382
0.179456
0.175203
0.170593
0.165597
0.160188
0.154338
0.148021
0.141211
0.133881
0.126005
0.11755
0.108476
0.0987194
0.0881657
0.0765845
0.0634214
0.0469085
0.0209909
0.245281
0.245419
0.245538
0.245616
0.245631
0.245562
0.245387
0.245085
0.244633
0.24401
0.243195
0.242167
0.240907
0.239398
0.237625
0.235574
0.233236
0.230605
0.227679
0.224464
0.220956
0.217116
0.212905
0.208284
0.203212
0.197649
0.191557
0.184895
0.177628
0.169718
0.161133
0.151838
0.141799
0.13097
0.119285
0.106622
0.0927216
0.0769423
0.0571932
0.0263575
0.276794
0.277252
0.277743
0.27824
0.278718
0.279149
0.279505
0.279756
0.279874
0.279826
0.279583
0.279115
0.278393
0.27739
0.276082
0.274446
0.272465
0.270125
0.267419
0.264347
0.260914
0.257072
0.25277
0.247955
0.242571
0.236564
0.229876
0.222452
0.214238
0.205182
0.195236
0.184356
0.172498
0.159613
0.145629
0.130415
0.113678
0.094678
0.0709456
0.03398
0.308064
0.308965
0.309976
0.311067
0.312209
0.313368
0.31451
0.315596
0.316587
0.317442
0.318119
0.318574
0.318766
0.318655
0.318202
0.317374
0.31614
0.314475
0.312361
0.309787
0.306774
0.303261
0.299183
0.294471
0.289051
0.282845
0.275772
0.267753
0.258709
0.248563
0.237245
0.22469
0.210838
0.195628
0.178978
0.16074
0.14058
0.117635
0.0890118
0.0445746
0.337221
0.338692
0.340379
0.342253
0.344279
0.346422
0.348638
0.350881
0.353103
0.355249
0.357262
0.359082
0.360651
0.361908
0.3628
0.363276
0.363289
0.362798
0.361768
0.360168
0.358039
0.355309
0.3519
0.347721
0.342675
0.336657
0.329555
0.321255
0.311644
0.300609
0.288043
0.273849
0.257936
0.240219
0.220591
0.198874
0.174669
0.146966
0.112402
0.0590207
0.36239
0.364551
0.367066
0.369908
0.373042
0.37643
0.380024
0.383771
0.387614
0.391486
0.395314
0.399014
0.402502
0.405691
0.408504
0.410869
0.412723
0.414005
0.414656
0.414625
0.413932
0.412539
0.410348
0.40725
0.403118
0.397812
0.391184
0.383075
0.373323
0.361767
0.348249
0.332618
0.314736
0.294466
0.271658
0.246073
0.217223
0.183908
0.142264
0.0783845
0.382034
0.384982
0.388452
0.392424
0.396867
0.401743
0.407004
0.412599
0.418468
0.424537
0.430714
0.436887
0.442925
0.448697
0.454091
0.459012
0.463379
0.46711
0.470117
0.472319
0.47366
0.474206
0.473842
0.472438
0.469839
0.465867
0.460326
0.453009
0.443694
0.432157
0.418166
0.401497
0.381929
0.359245
0.33321
0.303491
0.269463
0.229693
0.1798
0.103886
0.395246
0.399026
0.403527
0.408738
0.414637
0.421191
0.428363
0.436115
0.444402
0.453166
0.462305
0.471662
0.481026
0.490177
0.498938
0.507194
0.514853
0.521802
0.527895
0.532989
0.536983
0.540038
0.542064
0.542924
0.542443
0.540408
0.53658
0.530698
0.52248
0.511624
0.497807
0.480694
0.45994
0.435197
0.406088
0.372125
0.332491
0.28547
0.226176
0.136808
0.402027
0.406598
0.412091
0.418522
0.425889
0.434182
0.443389
0.453505
0.464531
0.476458
0.489222
0.50263
0.516338
0.529945
0.543159
0.555839
0.567898
0.579154
0.589318
0.598114
0.605404
0.611318
0.616059
0.619498
0.621452
0.621698
0.61998
0.616009
0.609457
0.599943
0.587029
0.570225
0.548998
0.522785
0.490979
0.452843
0.407281
0.352244
0.282401
0.178339
0.404802
0.409893
0.41606
0.423358
0.431843
0.441574
0.452612
0.46501
0.478806
0.494011
0.510602
0.528514
0.547468
0.566881
0.58627
0.605365
0.623958
0.641616
0.657681
0.671585
0.6831
0.692285
0.699833
0.705693
0.709762
0.711923
0.712021
0.709841
0.705076
0.697287
0.685893
0.670182
0.649332
0.62244
0.588517
0.546421
0.494616
0.430591
0.348678
0.229005
0.404532
0.409519
0.415582
0.42282
0.431358
0.441346
0.452953
0.466371
0.481804
0.499453
0.519433
0.5417
0.566199
0.592891
0.621635
0.651787
0.68171
0.710024
0.736059
0.758761
0.777425
0.791978
0.80251
0.81008
0.814889
0.817251
0.817455
0.815652
0.811739
0.805282
0.795516
0.781399
0.761667
0.734884
0.699457
0.653588
0.595035
0.520401
0.422133
0.285643
0.403556
0.408254
0.413979
0.420829
0.428926
0.43842
0.449487
0.462336
0.477216
0.494413
0.514244
0.537046
0.563276
0.593593
0.628637
0.668811
0.713347
0.759653
0.806455
0.85131
0.888818
0.917956
0.937532
0.947358
0.950938
0.950256
0.946973
0.942211
0.936465
0.929457
0.920232
0.907304
0.888781
0.862469
0.825933
0.776488
0.710983
0.624588
0.501043
0.309773
0.403296
0.407728
0.413138
0.419621
0.427294
0.436301
0.446817
0.459048
0.473242
0.489693
0.508746
0.530813
0.55639
0.586061
0.620493
0.660449
0.706829
0.760577
0.822566
0.893208
0.967703
1.03789
1.09508
1.12585
1.13447
1.13054
1.12047
1.10835
1.09625
1.08455
1.07245
1.05821
1.03932
1.01264
0.974595
0.921144
0.847469
0.746242
0.594651
0.346181
0.403747
0.407949
0.413084
0.419243
0.426541
0.435116
0.44514
0.456818
0.470398
0.486177
0.504514
0.525834
0.550648
0.579556
0.613262
0.652592
0.698505
0.752111
0.814708
0.88784
0.973222
1.07115
1.17915
1.28087
1.34763
1.37126
1.36709
1.34939
1.327
1.30366
1.28089
1.25825
1.23341
1.20247
1.16025
1.10059
1.01591
0.895405
0.710737
0.399399
0.40478
0.408785
0.413683
0.419561
0.426532
0.43473
0.444321
0.455507
0.468535
0.483703
0.501371
0.521975
0.546039
0.574188
0.607167
0.645856
0.691292
0.744688
0.807451
0.881182
0.967656
1.06879
1.18701
1.32563
1.4798
1.61456
1.67948
1.69027
1.67075
1.63444
1.59199
1.54924
1.50726
1.46298
1.40976
1.33825
1.23664
1.08921
0.861381
0.474355
0.406347
0.410187
0.414884
0.420525
0.427216
0.435087
0.444301
0.455055
0.467591
0.482205
0.499257
0.51919
0.542537
0.569947
0.602199
0.640223
0.685128
0.738223
0.801056
0.87546
0.963607
1.06811
1.1922
1.33996
1.51656
1.72797
1.94337
2.08264
2.12366
2.10024
2.04506
1.97802
1.90921
1.84048
1.76579
1.67276
1.54392
1.35656
1.06717
0.57865
0.408424
0.412131
0.416666
0.422113
0.428574
0.436176
0.445075
0.455462
0.467574
0.481701
0.498201
0.517514
0.540182
0.566868
0.59838
0.635692
0.679974
0.732616
0.795284
0.869982
0.959125
1.06563
1.19304
1.3456
1.52837
1.74727
2.00867
2.30646
2.56577
2.67678
2.67525
2.60969
2.51618
2.41312
2.30132
2.16963
1.99542
1.7461
1.36423
0.72739
0.410967
0.414573
0.418986
0.424286
0.430571
0.437966
0.44662
0.456719
0.46849
0.482214
0.49824
0.517
0.539034
0.565011
0.595762
0.6323
0.675841
0.727826
0.789991
0.864435
0.953708
1.0609
1.18977
1.34478
1.53129
1.75559
2.02512
2.34869
2.73942
3.16667
3.45944
3.53125
3.46908
3.33624
3.16015
2.95226
2.69401
2.34128
1.81448
0.948146
0.413929
0.417466
0.421796
0.426997
0.433166
0.440423
0.448914
0.458818
0.470352
0.483781
0.499434
0.51772
0.539162
0.564433
0.594389
0.630072
0.67274
0.723863
0.785204
0.858908
0.947591
1.05451
1.18369
1.34007
1.5297
1.76013
2.04104
2.38516
2.80986
3.33864
3.99175
4.60883
4.90665
4.81611
4.52617
4.1759
3.77085
3.25165
2.50409
1.28458
0.417257
0.420757
0.425042
0.430191
0.436303
0.443497
0.451916
0.461733
0.473153
0.486418
0.501826
0.51975
0.540658
0.565188
0.594247
0.628893
0.670499
0.720574
0.780846
0.853445
0.940943
1.04679
1.17534
1.33206
1.52359
1.75833
2.04717
2.40441
2.84895
3.40593
4.10881
5.0026
6.07878
6.89405
6.75754
6.1209
5.38237
4.56374
3.49299
1.7761
0.420894
0.42438
0.428652
0.433791
0.439897
0.447092
0.455521
0.465352
0.476787
0.490066
0.505463
0.523279
0.543718
0.567103
0.594747
0.62791
0.668037
0.716566
0.775274
0.846478
0.93287
1.03748
1.16488
1.32128
1.5136
1.75079
2.04447
2.40991
2.86729
3.44368
4.17586
5.11379
6.32419
7.90575
9.40728
9.17162
7.82893
6.35469
4.76087
2.4214
0.424768
0.428257
0.432536
0.437687
0.443816
0.451047
0.459529
0.469447
0.48104
0.494576
0.510267
0.527349
0.545908
0.567797
0.59416
0.62593
0.664324
0.710857
0.76747
0.83662
0.92127
1.02498
1.15197
1.30811
1.50105
1.7401
2.03751
2.40964
2.87836
3.47287
4.23358
5.21709
6.50215
8.19652
10.4384
12.4603
11.188
8.62467
6.16462
3.13196
0.428803
0.432299
0.436587
0.441752
0.447898
0.455152
0.463674
0.473694
0.485508
0.499287
0.513591
0.528973
0.547073
0.568333
0.593531
0.623721
0.660217
0.704638
0.758989
0.825737
0.907855
1.00902
1.13409
1.28948
1.4833
1.72528
2.02764
2.40777
2.88955
3.50378
4.29378
5.32052
6.66981
8.46159
10.8629
14.0251
14.411
11.028
7.50987
3.77232
0.432916
0.436414
0.440702
0.445862
0.451993
0.459215
0.467707
0.477737
0.489561
0.502282
0.515783
0.531143
0.548701
0.569052
0.593033
0.621682
0.656276
0.698417
0.75011
0.813864
0.89281
0.990937
1.11348
1.26734
1.46116
1.70543
2.01357
2.40326
2.89932
3.53535
4.35731
5.43181
6.85537
8.76876
11.3773
14.9401
16.3373
12.8975
8.62973
4.22548
0.437031
0.440521
0.444794
0.449926
0.456006
0.463156
0.471564
0.481452
0.492738
0.505021
0.518555
0.533726
0.55082
0.570425
0.59333
0.620515
0.653211
0.692973
0.741781
0.802163
0.877376
0.971674
1.09067
1.24173
1.43414
1.67934
1.99158
2.3895
2.89859
3.55474
4.40796
5.52883
7.02484
9.06021
11.8877
15.2273
16.221
13.8273
9.52708
4.52969
0.441081
0.444554
0.448801
0.453892
0.459912
0.467005
0.475384
0.48519
0.495942
0.507865
0.521428
0.536483
0.553251
0.572265
0.594244
0.620102
0.651
0.688422
0.734281
0.791063
0.862038
0.951555
1.06541
1.21125
1.3989
1.64076
1.95248
2.35442
2.87243
3.54468
4.42185
5.57484
7.10863
9.17617
11.9472
14.5798
15.5136
13.8673
9.89529
4.72872
0.445005
0.448459
0.452677
0.457723
0.463696
0.470759
0.479093
0.488581
0.499097
0.511032
0.524446
0.539245
0.555653
0.574127
0.595293
0.619972
0.649228
0.684435
0.72738
0.780413
0.846659
0.930321
1.03706
1.17449
1.35267
1.5848
1.88821
2.28609
2.80584
3.48706
4.38441
5.57053
7.15208
9.23069
11.5928
13.6013
14.3728
13.1751
9.66766
4.75386
0.448755
0.452195
0.45639
0.461404
0.467361
0.474452
0.482778
0.491924
0.502169
0.513999
0.527165
0.541638
0.557648
0.575587
0.595999
0.619608
0.647366
0.680507
0.720641
0.769893
0.831099
0.908082
1.00603
1.13202
1.29565
1.51
1.79304
2.17006
2.67741
3.36059
4.26697
5.47244
7.05703
8.94701
10.8891
12.5142
13.1267
12.147
9.06064
4.61034
0.452286
0.455722
0.459907
0.464919
0.470901
0.478013
0.486149
0.495089
0.505228
0.516766
0.529518
0.54354
0.55906
0.576419
0.596092
0.618715
0.645123
0.676404
0.713977
0.759716
0.816121
0.886569
0.975673
1.0898
1.23781
1.43217
1.69064
2.03884
2.51424
3.16876
4.06116
5.24361
6.72969
8.41658
10.0704
11.3686
11.8216
10.9671
8.27137
4.34086
0.455556
0.459006
0.463201
0.468252
0.474331
0.481539
0.489386
0.497977
0.507925
0.519063
0.53133
0.544851
0.55985
0.576637
0.595641
0.617427
0.642737
0.67254
0.708104
0.751109
0.803816
0.869304
0.951841
1.05744
1.19469
1.37603
1.61954
1.95124
2.40744
3.03447
3.88067
4.97493
6.30974
7.78059
9.17921
10.2127
10.5289
9.76023
7.42884
3.99806
0.458528
0.46201
0.466251
0.471374
0.477541
0.484693
0.49236
0.500726
0.510317
0.520968
0.532718
0.545737
0.560252
0.576564
0.595071
0.616298
0.640933
0.66987
0.704298
0.745807
0.79656
0.859547
0.938965
1.04079
1.17364
1.35
1.58768
1.91115
2.35123
2.94365
3.72411
4.71278
5.88861
7.14259
8.30338
9.12146
9.3239
8.61913
6.61269
3.62926
0.461163
0.464702
0.469035
0.474318
0.480676
0.487602
0.494873
0.503077
0.512287
0.522489
0.53381
0.546445
0.560634
0.576683
0.594989
0.616065
0.640581
0.669414
0.703733
0.745122
0.795757
0.858656
0.938056
1.03996
1.17289
1.34883
1.58406
1.89914
2.31896
2.87301
3.58946
4.47469
5.49637
6.54978
7.49803
8.13403
8.24228
7.59075
5.86316
3.26812
0.463424
0.467049
0.4715
0.476948
0.483415
0.490222
0.497203
0.505152
0.514013
0.523871
0.534914
0.547359
0.561464
0.577549
0.596025
0.617419
0.642416
0.67191
0.707095
0.749594
0.801636
0.866285
0.947784
1.05201
1.18699
1.36353
1.59543
1.90022
2.29995
2.81863
3.47425
4.25868
5.13345
6.01228
6.77595
7.25891
7.29261
6.68845
5.19393
2.93326
0.465281
0.469043
0.473677
0.479322
0.48579
0.492381
0.4992
0.506951
0.515615
0.525342
0.53635
0.548878
0.563203
0.579668
0.598708
0.620884
0.646916
0.677745
0.714606
0.759169
0.813689
0.881217
0.965881
1.07321
1.21039
1.38685
1.61506
1.91053
2.29151
2.77548
3.36881
4.05761
4.79967
5.52873
6.13562
6.49325
6.46909
5.90734
4.60447
2.63169
0.466696
0.470635
0.475537
0.481516
0.487833
0.494068
0.500933
0.508637
0.517313
0.527165
0.538426
0.551345
0.56622
0.583416
0.603401
0.626774
0.654309
0.687003
0.726121
0.773328
0.830911
0.901862
0.990012
1.10039
1.23956
1.41608
1.64085
1.92708
2.28893
2.73603
3.26693
3.86571
4.49571
5.09316
5.5694
5.82727
5.75835
5.23405
4.08808
2.36339
0.467645
0.471771
0.476903
0.483057
0.489406
0.495613
0.502605
0.51046
0.51938
0.529611
0.541395
0.554991
0.570709
0.588939
0.610174
0.635051
0.664388
0.699229
0.740848
0.790908
0.851698
0.926082
1.01758
1.13073
1.27152
1.44768
1.66897
1.94577
2.2852
2.69155
3.16252
3.68139
4.21399
4.69932
5.06908
5.24714
5.14384
4.65264
3.6361
2.12522
0.468149
0.472537
0.477959
0.484267
0.490609
0.496936
0.504181
0.512418
0.521853
0.532731
0.545289
0.559793
0.576564
0.596007
0.618642
0.645123
0.67629
0.713248
0.757354
0.810267
0.874151
0.951792
1.04637
1.16183
1.30372
1.47917
1.69593
1.95963
2.27407
2.63977
3.0546
3.50467
3.95048
4.34093
4.62427
4.73863
4.60951
4.14802
3.23999
1.91324
0.468174
0.472916
0.478782
0.485174
0.491446
0.498151
0.50583
0.514648
0.524808
0.536524
0.550017
0.565546
0.583432
0.604092
0.628057
0.655992
0.688782
0.727641
0.774014
0.829548
0.896342
0.976991
1.07442
1.19203
1.33458
1.50819
1.71822
1.96643
2.25326
2.58135
2.94758
3.33341
3.70159
4.01304
4.22649
4.2902
4.14206
3.70762
2.8923
1.72381
0.467663
0.472762
0.479011
0.485589
0.492088
0.499382
0.507709
0.517278
0.528294
0.540946
0.555427
0.571978
0.590913
0.612648
0.637726
0.66684
0.700944
0.741348
0.789536
0.847111
0.916095
0.998948
1.0985
1.21821
1.36197
1.53286
1.73174
1.96135
2.22387
2.5195
2.84014
3.16486
3.46595
3.71278
3.86956
3.89288
3.73096
3.32151
2.58675
1.55401
0.466659
0.472126
0.478718
0.485614
0.49263
0.500645
0.509793
0.520265
0.532244
0.545882
0.561347
0.57886
0.598721
0.621346
0.647297
0.677311
0.712418
0.753964
0.803379
0.862256
0.932572
1.01666
1.11711
1.23689
1.3784
1.54311
1.73182
1.94585
2.18636
2.45018
2.72647
2.99811
3.24375
3.43723
3.54782
3.53903
3.36766
2.98175
2.31804
1.40164
0.465241
0.471176
0.478199
0.485496
0.493138
0.501965
0.512062
0.523555
0.536569
0.551215
0.567632
0.586023
0.606682
0.630028
0.656649
0.687341
0.723184
0.765493
0.815637
0.875165
0.945938
1.03009
1.12982
1.24685
1.38305
1.53968
1.71732
1.91615
2.1347
2.36774
2.60536
2.83321
3.03299
3.18259
3.25586
3.22207
3.04512
2.68188
2.0815
1.26502
0.463395
0.46991
0.477422
0.48522
0.49366
0.503424
0.514567
0.527147
0.541219
0.556848
0.574149
0.593314
0.614636
0.638542
0.665646
0.696809
0.73314
0.775882
0.826356
0.886073
0.956631
1.03958
1.13666
1.2494
1.37904
1.52628
1.69117
1.87315
2.06948
2.27442
2.47871
2.66967
2.83159
2.94553
2.98917
2.93654
2.75753
2.41647
1.87291
1.14269
0.461081
0.468251
0.476276
0.484715
0.494194
0.505055
0.517335
0.531033
0.546144
0.562693
0.580774
0.600575
0.622396
0.646667
0.674032
0.705434
0.741997
0.784938
0.835387
0.894572
0.963886
1.04472
1.13839
1.24598
1.3682
1.5052
1.6567
1.82134
1.99592
2.17477
2.34946
2.50886
2.63925
2.72424
2.7446
2.6783
2.5002
2.1809
1.68846
1.0333
0.458262
0.466092
0.474758
0.484109
0.494787
0.506877
0.520367
0.535195
0.551302
0.568677
0.587398
0.607655
0.62975
0.654107
0.68144
0.712872
0.749429
0.792075
0.841862
0.899919
0.96741
1.04546
1.13503
1.23682
1.35108
1.47749
1.61543
1.7631
1.9171
2.07212
2.22062
2.35279
2.45664
2.5179
2.51999
2.44414
2.26927
1.97118
1.52478
0.93545
0.454963
0.463507
0.473003
0.483507
0.495484
0.508893
0.52364
0.539593
0.556635
0.574719
0.593908
0.614388
0.636456
0.660598
0.687636
0.718711
0.75485
0.796809
0.845465
0.901842
0.96691
1.04154
1.1264
1.22185
1.32778
1.44352
1.56823
1.69982
1.83492
1.96858
2.09405
2.20274
2.28414
2.32587
2.31364
2.23143
2.0615
1.78389
1.37898
0.847718
0.451235
0.460608
0.471103
0.482893
0.49625
0.511036
0.527059
0.544108
0.562003
0.580657
0.60011
0.620554
0.642294
0.665869
0.692337
0.722821
0.758193
0.799024
0.846067
0.900236
0.962324
1.03298
1.11262
1.2013
1.29865
1.404
1.51612
1.63281
1.75079
1.86548
1.97086
2.05936
2.12182
2.14748
2.12409
2.03797
1.87415
1.61612
1.2487
0.768782
0.447057
0.457368
0.468996
0.482164
0.496956
0.513134
0.530409
0.548488
0.567131
0.586198
0.605704
0.62581
0.646885
0.6697
0.695462
0.725181
0.759439
0.798728
0.843761
0.895282
0.953928
1.02016
1.09421
1.17594
1.26477
1.36005
1.46029
1.56328
1.66585
1.7638
1.85174
1.92297
1.96949
1.98203
1.95004
1.86188
1.70491
1.46548
1.13204
0.6975
0.442378
0.453713
0.466572
0.481168
0.497397
0.514918
0.533357
0.552353
0.571604
0.590919
0.610218
0.629702
0.64993
0.671871
0.696781
0.725563
0.758519
0.79604
0.838775
0.887314
0.942159
1.00365
1.07186
1.14656
1.22706
1.31267
1.40181
1.49227
1.58106
1.66429
1.73713
1.79364
1.82685
1.82873
1.79025
1.70151
1.55186
1.33002
1.02746
0.63297
0.437149
0.449573
0.463724
0.479744
0.497341
0.516074
0.535505
0.555225
0.57489
0.594227
0.613096
0.631788
0.651062
0.672087
0.696114
0.723892
0.75549
0.791131
0.831363
0.876667
0.92745
0.983959
1.0462
1.11387
1.18632
1.26276
1.34159
1.42066
1.49714
1.56747
1.62727
1.6713
1.69347
1.68681
1.64359
1.55541
1.41333
1.20811
0.933627
0.574508
0.431339
0.444908
0.460385
0.477779
0.496608
0.516344
0.536507
0.556665
0.576444
0.595473
0.613616
0.631246
0.649525
0.669867
0.693317
0.720215
0.750446
0.784136
0.821704
0.863581
0.910126
0.961538
1.01778
1.07848
1.14328
1.2111
1.2804
1.34913
1.41465
1.47368
1.52226
1.55576
1.56883
1.55544
1.50895
1.42226
1.28789
1.09833
0.849335
0.52158
0.424944
0.439727
0.456574
0.47528
0.49519
0.515701
0.536311
0.556587
0.576052
0.594256
0.610988
0.627163
0.644695
0.664902
0.68816
0.714321
0.743184
0.774833
0.809628
0.847989
0.890262
0.936631
0.987041
1.04114
1.09859
1.15834
1.21887
1.27825
1.33401
1.38317
1.42213
1.44676
1.4524
1.4338
1.38529
1.30083
1.17423
0.999408
0.773467
0.473727
0.417975
0.434083
0.452383
0.47237
0.493249
0.514362
0.535172
0.555196
0.573855
0.590435
0.605364
0.620558
0.637708
0.657771
0.680813
0.706134
0.73339
0.762825
0.794783
0.829662
0.867786
0.909319
0.954203
1.00211
1.05273
1.10502
1.15756
1.20851
1.25561
1.29613
1.32684
1.34405
1.34367
1.32116
1.27163
1.19002
1.07116
0.910172
0.705021
0.430531
0.41042
0.428008
0.447853
0.469103
0.490866
0.512378
0.533083
0.552492
0.569886
0.584764
0.598525
0.613235
0.630068
0.649704
0.672071
0.696052
0.721284
0.74826
0.777319
0.808799
0.842958
0.879912
0.919569
0.961851
1.00622
1.05171
1.097
1.14039
1.17981
1.21277
1.2364
1.24741
1.2422
1.21683
1.16714
1.08884
0.977655
0.829649
0.643216
0.391587
0.402202
0.42141
0.442819
0.465261
0.487716
0.509407
0.529757
0.548305
0.564477
0.578249
0.59139
0.605766
0.622342
0.641557
0.662718
0.684695
0.707608
0.731957
0.758071
0.786219
0.816595
0.849267
0.884123
0.92115
0.959751
0.999022
1.03774
1.07434
1.10695
1.1333
1.15084
1.15666
1.14759
1.12023
1.07102
0.996363
0.892754
0.757037
0.587634
0.356733
0.393147
0.414047
0.436901
0.460329
0.483274
0.504957
0.524834
0.542555
0.557902
0.571148
0.583974
0.598241
0.61473
0.633311
0.652756
0.672502
0.693046
0.714775
0.737977
0.762872
0.789607
0.818224
0.848618
0.880741
0.914011
0.947584
0.980332
1.01083
1.03737
1.05794
1.07022
1.07168
1.05953
1.03083
0.982551
0.911677
0.815373
0.691147
0.536737
0.325679
0.383033
0.405584
0.429639
0.453778
0.476959
0.498482
0.517909
0.535042
0.549999
0.563277
0.576229
0.590589
0.606997
0.62445
0.641922
0.659653
0.678002
0.697268
0.717693
0.739468
0.762708
0.787427
0.813698
0.841267
0.869607
0.897949
0.925269
0.950276
0.971418
0.986889
0.994645
0.992431
0.977821
0.948275
0.901209
0.834096
0.74465
0.630842
0.488398
0.306991
0.371668
0.395737
0.42071
0.445239
0.468387
0.489608
0.508639
0.52546
0.540367
0.554115
0.567773
0.58235
0.598166
0.614275
0.630188
0.646219
0.662635
0.679676
0.697554
0.716439
0.73644
0.757571
0.779934
0.803241
0.827014
0.850555
0.872937
0.892996
0.909336
0.920342
0.9242
0.918922
0.902392
0.872417
0.8268
0.763443
0.680553
0.57666
0.447194
0.30347
0.358971
0.384408
0.41005
0.4347
0.457602
0.478424
0.497113
0.513836
0.528995
0.543265
0.557499
0.572225
0.587346
0.602411
0.617223
0.631947
0.646782
0.661927
0.677571
0.693872
0.71094
0.728812
0.747568
0.766951
0.786531
0.80569
0.823596
0.83921
0.851286
0.858387
0.858905
0.851096
0.833118
0.803087
0.759154
0.699626
0.623237
0.529484
0.417726
0.3055
0.344975
0.371654
0.397784
0.422384
0.444928
0.465317
0.483698
0.500377
0.515789
0.530476
0.544982
0.559607
0.574238
0.588658
0.602738
0.61653
0.630164
0.643795
0.65758
0.671659
0.686132
0.701149
0.716683
0.732525
0.748312
0.763508
0.777385
0.789024
0.797323
0.801012
0.798677
0.788791
0.76976
0.73998
0.697924
0.642299
0.572377
0.488631
0.393752
0.300916
0.329788
0.357602
0.384074
0.408497
0.430607
0.450543
0.468624
0.485239
0.500808
0.515742
0.530382
0.544893
0.559223
0.57323
0.586814
0.599959
0.612721
0.625201
0.637515
0.64978
0.662087
0.674615
0.687311
0.700012
0.712418
0.724072
0.734351
0.742455
0.747423
0.74814
0.743372
0.731791
0.712028
0.682737
0.642689
0.590964
0.527322
0.45295
0.372132
0.292649
0.31353
0.342367
0.369004
0.393091
0.414655
0.43407
0.451807
0.468309
0.483964
0.499078
0.513859
0.528384
0.542611
0.556431
0.569741
0.582477
0.594637
0.606268
0.617446
0.62826
0.638794
0.649207
0.659457
0.66942
0.678853
0.687382
0.694479
0.699465
0.701508
0.699648
0.692813
0.679863
0.659633
0.63101
0.593037
0.545118
0.487385
0.421412
0.351679
0.281865
0.296314
0.326018
0.352573
0.376088
0.396924
0.415697
0.433013
0.449357
0.465079
0.480405
0.49544
0.510187
0.524572
0.53847
0.551754
0.564324
0.576133
0.587183
0.597509
0.607171
0.61629
0.62495
0.63313
0.640741
0.647596
0.653396
0.657708
0.659964
0.659459
0.655375
0.646796
0.632753
0.612269
0.584439
0.548544
0.504242
0.451904
0.393195
0.332061
0.269369
0.278241
0.308591
0.334718
0.357338
0.377197
0.395165
0.411975
0.428141
0.443974
0.45962
0.475094
0.490316
0.505148
0.519421
0.532964
0.545641
0.557367
0.568105
0.57786
0.586665
0.594666
0.601891
0.608341
0.613956
0.618601
0.622045
0.623942
0.623827
0.621118
0.615128
0.605087
0.590183
0.569611
0.542647
0.508765
0.467809
0.420267
0.367679
0.313192
0.255775
0.259412
0.290099
0.315347
0.336661
0.355238
0.372208
0.388423
0.40441
0.420433
0.436552
0.452685
0.468658
0.484249
0.499217
0.513338
0.52643
0.538366
0.549078
0.558546
0.566793
0.573945
0.580032
0.585065
0.589015
0.591793
0.593226
0.593052
0.5909
0.5863
0.578688
0.567431
0.551859
0.531319
0.505245
0.473259
0.435325
0.391946
0.344425
0.295076
0.24158
0.239939
0.270551
0.294364
0.31389
0.330835
0.346592
0.362107
0.377905
0.394186
0.41092
0.427923
0.444917
0.46158
0.477586
0.492638
0.506493
0.518975
0.529978
0.539464
0.547451
0.55405
0.559298
0.563223
0.565826
0.567059
0.566809
0.564882
0.560999
0.554793
0.545814
0.533554
0.517472
0.497049
0.471846
0.4416
0.406337
0.366509
0.323128
0.277764
0.227193
0.219959
0.249957
0.271685
0.288893
0.303839
0.318147
0.332821
0.348353
0.364875
0.382276
0.400278
0.418504
0.436529
0.45393
0.470313
0.485348
0.498786
0.510468
0.520323
0.528413
0.534796
0.539528
0.542667
0.544242
0.544247
0.542624
0.539248
0.533921
0.526369
0.516251
0.50317
0.486704
0.466449
0.442072
0.413386
0.38044
0.343599
0.30358
0.26132
0.212944
0.199644
0.228329
0.247259
0.261628
0.274232
0.286844
0.300447
0.315476
0.332015
0.349907
0.368832
0.388351
0.407956
0.427111
0.445301
0.462065
0.47703
0.489945
0.500683
0.509308
0.515877
0.520473
0.523178
0.524064
0.523167
0.520481
0.515946
0.509443
0.500786
0.489731
0.475986
0.459236
0.439175
0.415554
0.388241
0.35728
0.32293
0.285634
0.245811
0.199091
0.179241
0.20567
0.221087
0.232222
0.242254
0.252914
0.265052
0.279032
0.294948
0.31271
0.332068
0.352618
0.373829
0.395076
0.415683
0.43498
0.452358
0.467362
0.479744
0.489556
0.496871
0.501809
0.504504
0.505077
0.503619
0.500184
0.494777
0.487353
0.477812
0.466001
0.451724
0.434762
0.414896
0.391949
0.365824
0.336546
0.304263
0.269181
0.231295
0.185827
0.1592
0.181981
0.193313
0.201181
0.208639
0.217057
0.227037
0.238902
0.252882
0.269119
0.28763
0.308252
0.33061
0.354109
0.377944
0.401111
0.422504
0.441127
0.456446
0.468481
0.47735
0.483265
0.486457
0.487137
0.485479
0.48161
0.47561
0.467509
0.457285
0.444873
0.430168
0.413038
0.393346
0.370974
0.345854
0.317986
0.287418
0.254149
0.217822
0.173298
0.140303
0.157532
0.164896
0.170031
0.175009
0.180633
0.187297
0.195369
0.205283
0.217514
0.232527
0.250707
0.27228
0.29721
0.32504
0.354571
0.38356
0.408982
0.429704
0.445662
0.457232
0.46491
0.469162
0.470379
0.468868
0.464861
0.458524
0.449963
0.439234
0.426349
0.411284
0.393989
0.374403
0.352469
0.328147
0.301421
0.272256
0.240475
0.205424
0.161608
0.123045
0.133957
0.138813
0.141387
0.143367
0.14529
0.147483
0.150293
0.154105
0.159378
0.166708
0.176938
0.191319
0.211743
0.240915
0.281027
0.328932
0.369115
0.399777
0.422082
0.437647
0.44781
0.453564
0.455625
0.45451
0.450588
0.444119
0.435286
0.424209
0.410965
0.395596
0.37812
0.358542
0.336863
0.31308
0.287177
0.259065
0.228433
0.194363
0.150906
0.104593
0.112028
0.114563
0.114698
0.114257
0.113584
0.112953
0.112511
0.112317
0.112403
0.11281
0.113623
0.115026
0.117549
0.12322
0.143489
0.251059
0.324235
0.370887
0.401543
0.421741
0.434577
0.441896
0.444856
0.444215
0.440482
0.434008
0.425035
0.413732
0.400218
0.384577
0.366871
0.347152
0.325461
0.30183
0.276258
0.248643
0.218621
0.185139
0.141726
0.000198368
0.0012316
0.00227387
0.00323328
0.00410777
0.00491195
0.00565801
0.00635457
0.00700784
0.00762244
0.00820197
0.00874933
0.00926694
0.00975684
0.0102208
0.0106603
0.0110768
0.0114714
0.0118452
0.0121992
0.0125344
0.0128516
0.013152
0.0134373
0.013711
0.0139702
0.0142143
0.0144435
0.0146581
0.0148583
0.0150444
0.0152167
0.0153754
0.0155207
0.0156527
0.0157715
0.0158773
0.0159702
0.0160502
0.0161176
0.000869291
0.00406053
0.00620888
0.00786174
0.00926886
0.0105146
0.0116396
0.0126681
0.0136163
0.0144958
0.0153152
0.0160812
0.0167992
0.0174737
0.0181084
0.0187063
0.01927
0.019802
0.0203042
0.0207784
0.0212262
0.021649
0.0220484
0.0224257
0.0227815
0.0231162
0.0234306
0.0237252
0.0240005
0.0242571
0.0244953
0.0247155
0.0249182
0.0251036
0.0252719
0.0254234
0.0255583
0.0256768
0.025779
0.025865
0.00157
0.00615211
0.00886694
0.010854
0.0125115
0.0139674
0.015278
0.0164743
0.017576
0.0185967
0.0195467
0.0204338
0.0212644
0.0220436
0.0227759
0.0234649
0.0241139
0.0247256
0.0253024
0.0258465
0.0263597
0.0268439
0.0273005
0.027731
0.0281361
0.028517
0.0288743
0.0292088
0.0295213
0.0298123
0.0300824
0.030332
0.0305616
0.0307715
0.0309621
0.0311337
0.0312864
0.0314205
0.0315362
0.0316337
0.00220206
0.00782291
0.0109643
0.0131954
0.0150242
0.016616
0.0180426
0.0193424
0.0205383
0.0216461
0.0226771
0.0236399
0.0245413
0.0253869
0.0261815
0.026929
0.0276328
0.028296
0.0289212
0.0295108
0.0300666
0.0305908
0.0310848
0.0315502
0.0319881
0.0323994
0.0327852
0.0331463
0.0334834
0.0337973
0.0340886
0.0343578
0.0346053
0.0348316
0.035037
0.0352219
0.0353865
0.035531
0.0356556
0.0357607
0.00277503
0.0092339
0.0127318
0.0151693
0.0171398
0.0188392
0.0203539
0.0217292
0.0229924
0.0241614
0.0252487
0.0262639
0.0272144
0.0281061
0.028944
0.0297322
0.0304745
0.0311739
0.0318332
0.0324548
0.0330408
0.0335934
0.034114
0.0346044
0.0350657
0.0354989
0.0359051
0.0362853
0.0366402
0.0369707
0.0372773
0.0375605
0.037821
0.0380591
0.0382753
0.0384697
0.0386428
0.0387949
0.038926
0.0390364
0.00329984
0.0104627
0.0142683
0.0168875
0.0189829
0.0207759
0.022365
0.0238024
0.0251193
0.0263359
0.0274665
0.0285214
0.0295086
0.0304347
0.0313049
0.0321235
0.0328944
0.0336208
0.0343056
0.0349512
0.03556
0.036134
0.0366748
0.0371841
0.0376631
0.038113
0.0385349
0.0389296
0.0392982
0.0396413
0.0399597
0.0402538
0.0405242
0.0407714
0.0409957
0.0411975
0.0413772
0.0415349
0.041671
0.0417856
0.00378431
0.0115539
0.0156298
0.0184115
0.0206195
0.0224969
0.0241525
0.0256445
0.0270076
0.0282645
0.0294309
0.0305183
0.0315353
0.0324889
0.0333848
0.0342275
0.0350211
0.0357689
0.0364739
0.0371387
0.0377656
0.0383566
0.0389136
0.0394381
0.0399314
0.0403948
0.0408293
0.041236
0.0416157
0.0419691
0.042297
0.0425999
0.0428784
0.043133
0.043364
0.0435719
0.0437569
0.0439192
0.0440593
0.0441773
0.00423441
0.0125363
0.0168529
0.0197813
0.0220922
0.024047
0.0257637
0.0273056
0.0287106
0.0300036
0.0312016
0.0323173
0.0333601
0.0343374
0.0352552
0.0361185
0.0369313
0.0376973
0.0384195
0.0391005
0.0397428
0.0403484
0.0409192
0.0414568
0.0419625
0.0424376
0.0428831
0.0433001
0.0436894
0.0440519
0.0443881
0.0446988
0.0449844
0.0452454
0.0454823
0.0456954
0.045885
0.0460515
0.046195
0.0463159
0.00465511
0.0134306
0.0179638
0.021026
0.0234316
0.0254583
0.0272321
0.0288207
0.030265
0.0315917
0.0328193
0.0339613
0.0350278
0.0360269
0.0369648
0.0378468
0.0386773
0.0394599
0.0401978
0.0408938
0.0415503
0.0421695
0.0427531
0.043303
0.0438203
0.0443064
0.0447623
0.0451891
0.0455876
0.0459586
0.0463028
0.0466208
0.0469132
0.0471804
0.0474229
0.047641
0.047835
0.0480053
0.0481521
0.0482757
0.00505093
0.0142528
0.018983
0.022168
0.0246617
0.0267561
0.0285841
0.0302175
0.0316997
0.033059
0.0343153
0.035483
0.0365728
0.0375932
0.0385509
0.0394514
0.0402994
0.0410985
0.0418521
0.0425631
0.043234
0.0438668
0.0444636
0.0450259
0.0455552
0.0460526
0.0465193
0.0469562
0.0473643
0.0477443
0.0480968
0.0484226
0.048722
0.0489957
0.0492439
0.0494672
0.0496658
0.0498401
0.0499904
0.0501168
0.00542608
0.0150161
0.019927
0.0232262
0.0258027
0.0279616
0.029842
0.0315192
0.0330389
0.0344311
0.0357166
0.0369106
0.0380245
0.0390671
0.0400457
0.0409659
0.0418324
0.0426493
0.04342
0.0441473
0.0448339
0.0454818
0.0460931
0.0466693
0.047212
0.0477221
0.048201
0.0486494
0.0490683
0.0494584
0.0498204
0.0501549
0.0504624
0.0507433
0.0509982
0.0512274
0.0514312
0.05161
0.0517641
0.0518937
0.00578458
0.0157316
0.0208104
0.0242169
0.0268725
0.029094
0.0310261
0.0327474
0.0343056
0.0357319
0.0370483
0.0382706
0.0394108
0.0404782
0.04148
0.0424225
0.0433103
0.0441477
0.0449381
0.0456845
0.0463895
0.0470552
0.0476838
0.0482767
0.0488353
0.0493607
0.0498542
0.0503164
0.0507484
0.0511507
0.0515241
0.0518691
0.0521862
0.052476
0.0527387
0.052975
0.053185
0.0533691
0.0535278
0.0536613
0.00613027
0.0164097
0.0216462
0.0251553
0.0278879
0.0301716
0.0321564
0.0339234
0.0355224
0.0369859
0.0383365
0.0395907
0.0407611
0.0418571
0.0428866
0.0438555
0.044769
0.0456313
0.0464459
0.0472157
0.0479435
0.0486313
0.0492813
0.0498949
0.0504735
0.0510181
0.0515298
0.0520094
0.0524576
0.0528752
0.0532627
0.0536209
0.05395
0.0542506
0.0545232
0.0547682
0.0549859
0.0551767
0.055341
0.0554792
0.00646689
0.0170598
0.0224472
0.0260564
0.0288659
0.0312135
0.0332535
0.03507
0.0367142
0.0382196
0.0396098
0.0409017
0.0421083
0.0432393
0.0443026
0.0453046
0.0462502
0.0471439
0.047989
0.0487886
0.0495454
0.0502615
0.0509388
0.0515789
0.052183
0.0527521
0.053287
0.0537885
0.0542574
0.0546944
0.0550999
0.0554745
0.0558188
0.0561331
0.056418
0.0566738
0.056901
0.0571001
0.0572714
0.0574154
0.00679834
0.0176917
0.0232262
0.0269358
0.0298248
0.0322403
0.0343409
0.0362131
0.0379095
0.0394646
0.0409025
0.0422407
0.0434923
0.0446673
0.0457737
0.0468178
0.0478048
0.0487388
0.0496233
0.0504615
0.0512556
0.0520081
0.0527207
0.0533949
0.0540318
0.0546321
0.0551967
0.0557262
0.0562214
0.0566828
0.0571109
0.0575064
0.0578695
0.058201
0.0585011
0.0587705
0.0590095
0.0592187
0.0593986
0.0595497
0.00712894
0.0183154
0.0239974
0.0278111
0.0307856
0.0332764
0.0354465
0.0373842
0.0391435
0.0407598
0.0422574
0.0436543
0.0449635
0.0461952
0.0473574
0.0484563
0.0494969
0.0504834
0.0514192
0.0523072
0.0531497
0.0539491
0.054707
0.0554249
0.0561035
0.0567436
0.0573457
0.0579106
0.0584387
0.0589307
0.059387
0.0598082
0.0601947
0.0605472
0.060866
0.0611519
0.0614052
0.0616267
0.0618169
0.0619765
0.00746381
0.0189429
0.0247773
0.0287032
0.0317736
0.0343522
0.0366054
0.0386237
0.0404619
0.0421559
0.0437304
0.0452033
0.0465877
0.0478935
0.0491286
0.0502989
0.0514095
0.0524641
0.0534661
0.0544182
0.0553228
0.0561819
0.0569975
0.0577705
0.0585017
0.0591914
0.0598403
0.0604489
0.0610177
0.0615471
0.0620378
0.0624903
0.0629051
0.0632828
0.0636241
0.0639295
0.0641998
0.0644358
0.0646381
0.0648077
0.00780923
0.0195882
0.0255861
0.0296386
0.0328218
0.035507
0.0378641
0.039985
0.0419252
0.0437206
0.045396
0.0469688
0.0484518
0.0498548
0.0511851
0.0524484
0.0536492
0.0547914
0.055878
0.0569115
0.0578943
0.0588283
0.0597156
0.060557
0.0613529
0.0621036
0.0628095
0.0634711
0.0640889
0.0646633
0.0651951
0.0656847
0.0661329
0.0665403
0.0669078
0.0672361
0.0675261
0.0677788
0.067995
0.0681759
0.00817319
0.0202691
0.0264501
0.0306522
0.0339742
0.0367946
0.0392861
0.0415415
0.0436162
0.0455458
0.0473545
0.0490589
0.0506714
0.0522009
0.0536543
0.0550368
0.0563527
0.0576055
0.058798
0.0599328
0.0610121
0.0620382
0.063013
0.0639374
0.0648114
0.0656352
0.0664092
0.0671337
0.0678094
0.0684367
0.0690165
0.0695494
0.0700363
0.0704781
0.0708757
0.0712301
0.0715424
0.0718139
0.0720457
0.0722393
0.00856604
0.0210092
0.0274049
0.0317921
0.0352921
0.0382899
0.0409598
0.0433945
0.0456485
0.0477562
0.0497406
0.0516173
0.0533975
0.0550895
0.0566994
0.0582321
0.0596916
0.0610811
0.0624035
0.0636616
0.0648577
0.0659943
0.0670738
0.0680969
0.0690634
0.0699733
0.0708271
0.0716251
0.0723681
0.0730568
0.073692
0.0742747
0.0748059
0.0752867
0.0757184
0.0761022
0.0764396
0.076732
0.0769811
0.0771886
0.00900177
0.0218411
0.0285009
0.0331271
0.0368633
0.0400992
0.043009
0.0456839
0.0481763
0.0505187
0.0527319
0.0548304
0.0568241
0.0587205
0.0605254
0.0622432
0.063878
0.0654331
0.0669116
0.0683167
0.0696513
0.0709184
0.0721212
0.07326
0.0743344
0.0753447
0.0762911
0.0771742
0.0779949
0.0787541
0.0794528
0.0800923
0.0806739
0.0811989
0.081669
0.0820858
0.082451
0.0827666
0.0830346
0.0832574
0.00950005
0.0228116
0.0298116
0.0347576
0.038814
0.0423727
0.0456055
0.0486
0.0514055
0.0540515
0.056557
0.058935
0.0611946
0.0633428
0.0653852
0.0673267
0.0691715
0.0709236
0.0725867
0.0741648
0.0756616
0.0770812
0.0784277
0.0797011
0.080901
0.0820276
0.0830812
0.0840626
0.0849727
0.0858129
0.0865844
0.0872887
0.0879275
0.0885026
0.0890159
0.0894695
0.0898657
0.0902068
0.0904955
0.0907346
0.0100898
0.0239913
0.0314469
0.0368306
0.0413246
0.0453193
0.0489813
0.0523936
0.0556013
0.0586317
0.0615022
0.0642248
0.0668088
0.0692614
0.0715887
0.0737965
0.0758898
0.0778737
0.0797531
0.0815332
0.0832191
0.084816
0.0863298
0.0877598
0.0891055
0.0903669
0.0915446
0.0926395
0.0936527
0.0945859
0.0954406
0.0962188
0.0969224
0.0975538
0.0981154
0.0986098
0.0990398
0.0994084
0.0997191
0.0999755
0.0108157
0.0254882
0.0335719
0.0395585
0.0446458
0.049219
0.053439
0.0573838
0.0610964
0.0646026
0.0679196
0.0710603
0.0740345
0.0768507
0.0795165
0.0820389
0.0844246
0.0866803
0.0888125
0.090828
0.0927338
0.094537
0.0962454
0.0978574
0.0993721
0.10079
0.10211
0.103335
0.104467
0.105505
0.106454
0.107315
0.10809
0.108783
0.109397
0.109935
0.1104
0.110797
0.111129
0.111402
0.0117484
0.0274693
0.0364286
0.0432374
0.0491107
0.0544313
0.0593571
0.0639651
0.0682984
0.0723841
0.0762412
0.079884
0.0833246
0.0865735
0.0896402
0.0925336
0.0952628
0.0978363
0.100263
0.102552
0.104712
0.106754
0.108687
0.110508
0.112217
0.113812
0.115294
0.116665
0.117927
0.119081
0.120131
0.12108
0.12193
0.122685
0.123351
0.12393
0.124427
0.124848
0.125198
0.125483
0.0130022
0.0301877
0.0403564
0.0482558
0.0551389
0.0613983
0.0671972
0.0726172
0.0777054
0.0824922
0.0869995
0.0912445
0.0952418
0.0990045
0.102545
0.105874
0.109004
0.111946
0.114712
0.117314
0.119764
0.122076
0.124262
0.126316
0.128238
0.130026
0.131681
0.133205
0.134601
0.135871
0.137019
0.13805
0.138966
0.139775
0.14048
0.141087
0.141604
0.142036
0.142391
0.142677
0.0147589
0.0340048
0.0457974
0.0550937
0.0632372
0.0706522
0.0775183
0.0839268
0.0899307
0.0955648
0.100855
0.10582
0.110479
0.114848
0.118942
0.122775
0.126364
0.129724
0.13287
0.135817
0.138584
0.141186
0.143641
0.145938
0.148076
0.150054
0.151874
0.153539
0.15505
0.156414
0.157635
0.158719
0.159672
0.160501
0.161214
0.161819
0.162324
0.162738
0.163072
0.163336
0.0172948
0.039394
0.0532844
0.064318
0.0740083
0.0828356
0.0910036
0.0986153
0.10573
0.112386
0.118612
0.124432
0.129867
0.134936
0.13966
0.144059
0.148153
0.151962
0.155508
0.158813
0.161899
0.164788
0.167494
0.17001
0.172332
0.174461
0.1764
0.178151
0.179722
0.181118
0.182347
0.183418
0.184341
0.185126
0.185783
0.186324
0.18676
0.187104
0.187368
0.187568
0.0209965
0.0469153
0.0634305
0.0765956
0.0881782
0.0987324
0.108489
0.117563
0.126016
0.133892
0.14122
0.148029
0.154345
0.160194
0.165602
0.170596
0.175205
0.179457
0.183382
0.187008
0.190366
0.193484
0.196374
0.199029
0.201446
0.203627
0.205577
0.207303
0.208815
0.210124
0.211241
0.212181
0.212957
0.213584
0.214077
0.214454
0.214729
0.214919
0.215041
0.215114
0.0263578
0.0571932
0.0769447
0.0927263
0.106629
0.119292
0.130977
0.141806
0.151845
0.161139
0.169723
0.177632
0.184898
0.191559
0.197651
0.203212
0.208283
0.212904
0.217114
0.220953
0.22446
0.227673
0.230597
0.233228
0.235565
0.237615
0.239388
0.240895
0.242154
0.243181
0.243996
0.244618
0.245068
0.245369
0.245542
0.245608
0.245591
0.24551
0.245387
0.245246
0.0339729
0.0709364
0.0946711
0.113673
0.130412
0.145627
0.159611
0.172497
0.184355
0.195235
0.20518
0.214235
0.22245
0.229874
0.236561
0.242569
0.247952
0.252766
0.257068
0.260909
0.264341
0.267412
0.270118
0.272457
0.274437
0.276072
0.27738
0.278382
0.279103
0.27957
0.279812
0.279859
0.279741
0.279488
0.27913
0.278697
0.278216
0.277715
0.27722
0.276758
0.0445566
0.0889901
0.117615
0.140562
0.160724
0.178963
0.195613
0.210824
0.224676
0.237232
0.24855
0.258697
0.267742
0.275762
0.282836
0.289044
0.294465
0.299177
0.303255
0.306769
0.309782
0.312356
0.314469
0.316133
0.317366
0.318194
0.318646
0.318757
0.318564
0.318108
0.317431
0.316576
0.315584
0.314497
0.313354
0.312192
0.311047
0.309951
0.308936
0.30803
0.0589873
0.112363
0.146928
0.174632
0.198838
0.220557
0.240185
0.257903
0.273817
0.288013
0.300581
0.311618
0.321232
0.329534
0.336639
0.34266
0.347708
0.351889
0.3553
0.358031
0.360161
0.361761
0.362792
0.363283
0.363269
0.362794
0.361901
0.360643
0.359075
0.357254
0.355242
0.353096
0.350875
0.348631
0.346414
0.34427
0.34224
0.340362
0.338669
0.337193
0.0783289
0.1422
0.183844
0.217159
0.24601
0.271595
0.294404
0.314675
0.33256
0.348194
0.361716
0.373276
0.383032
0.391146
0.397779
0.403089
0.407225
0.410327
0.412521
0.413916
0.41461
0.414645
0.413996
0.412716
0.410862
0.408497
0.405685
0.402496
0.39901
0.39531
0.391485
0.387615
0.383774
0.380027
0.376433
0.373044
0.369907
0.367061
0.36454
0.362373
0.103799
0.179704
0.229593
0.269361
0.303388
0.333107
0.359142
0.381828
0.4014
0.418073
0.432069
0.443613
0.452934
0.460259
0.465806
0.469785
0.47239
0.4738
0.474169
0.473629
0.472292
0.470096
0.467094
0.463367
0.459003
0.454084
0.448693
0.442922
0.436886
0.430716
0.424542
0.418476
0.412611
0.407017
0.401757
0.396881
0.392435
0.388459
0.384983
0.382028
0.136679
0.226035
0.28532
0.332336
0.371967
0.405928
0.435036
0.45978
0.480537
0.497655
0.511478
0.522343
0.53057
0.536462
0.5403
0.542345
0.542836
0.541984
0.539968
0.536923
0.532938
0.527853
0.521768
0.514826
0.507173
0.498921
0.490164
0.481018
0.471657
0.462304
0.45317
0.444412
0.436129
0.42838
0.421209
0.414655
0.408753
0.403537
0.399031
0.395244
0.178155
0.282201
0.352029
0.407056
0.452609
0.490738
0.52254
0.548751
0.569979
0.586788
0.59971
0.609234
0.615799
0.619785
0.621518
0.621286
0.619345
0.615919
0.611189
0.605285
0.59801
0.589228
0.579076
0.56783
0.555782
0.543113
0.529912
0.516319
0.502624
0.489227
0.476474
0.464554
0.453532
0.443418
0.43421
0.425914
0.418543
0.412107
0.406608
0.402031
0.228752
0.348404
0.430294
0.494299
0.546085
0.588167
0.622078
0.648963
0.66981
0.685524
0.696926
0.704728
0.709511
0.711709
0.711631
0.709486
0.705432
0.69959
0.692061
0.682896
0.671402
0.657518
0.641473
0.623834
0.605262
0.586194
0.566838
0.547457
0.52853
0.510636
0.494056
0.478855
0.46506
0.45266
0.441617
0.431879
0.423386
0.416081
0.409905
0.404808
0.285319
0.421778
0.520004
0.594602
0.653124
0.698967
0.734372
0.76114
0.780862
0.794976
0.804747
0.811218
0.815151
0.816977
0.816799
0.814464
0.809686
0.802141
0.791624
0.777082
0.758431
0.735755
0.709766
0.681514
0.651662
0.62157
0.592876
0.566226
0.541755
0.519501
0.499522
0.481869
0.466429
0.453003
0.441387
0.431392
0.422845
0.415599
0.40953
0.404537
0.30949
0.50061
0.624076
0.710415
0.775874
0.825278
0.861782
0.888067
0.906569
0.919484
0.928706
0.93572
0.941487
0.946282
0.949605
0.950316
0.946717
0.936843
0.917251
0.888169
0.850806
0.806123
0.759452
0.713268
0.668814
0.628676
0.593648
0.56334
0.537114
0.514311
0.494476
0.477273
0.462387
0.44953
0.438456
0.428955
0.42085
0.413994
0.408264
0.403562
0.345899
0.594126
0.745606
0.846756
0.920371
0.973773
1.01178
1.03842
1.05729
1.0715
1.08358
1.09527
1.10737
1.11947
1.12946
1.13325
1.12455
1.09397
1.03713
0.967246
0.893008
0.822495
0.760565
0.706854
0.660496
0.620554
0.586129
0.55646
0.530882
0.508811
0.489752
0.473295
0.459094
0.446856
0.436334
0.42732
0.419641
0.413153
0.407738
0.403302
0.39909
0.710115
0.894645
1.01506
1.09967
1.15929
1.20147
1.23239
1.2572
1.27981
1.30255
1.32581
1.34807
1.36553
1.36929
1.34552
1.27958
1.17862
1.07095
0.973133
0.887816
0.814728
0.752161
0.698573
0.652669
0.613343
0.579636
0.550725
0.525906
0.504579
0.486235
0.470449
0.456863
0.445178
0.435148
0.426566
0.419263
0.413099
0.40796
0.403754
0.474003
0.86066
1.08833
1.23566
1.33719
1.40865
1.46183
1.50608
1.54801
1.59072
1.63308
1.66923
1.6885
1.67754
1.61288
1.47907
1.32535
1.18689
1.06877
0.967686
0.881248
0.807538
0.744785
0.691393
0.645956
0.607262
0.574277
0.546121
0.522049
0.501437
0.483761
0.468586
0.455551
0.444358
0.434761
0.426557
0.419582
0.413698
0.408796
0.404787
0.578241
1.06634
1.35555
1.54278
1.67149
1.76437
1.83889
1.90744
1.97608
2.04299
2.09817
2.1217
2.08096
1.9425
1.72798
1.5167
1.34007
1.19231
1.06823
0.963736
0.875594
0.80119
0.738352
0.68525
0.640337
0.602303
0.570041
0.542621
0.519265
0.499324
0.482263
0.467642
0.455099
0.444339
0.435119
0.427242
0.420546
0.414901
0.410199
0.406355
0.726917
1.36333
1.74502
1.99414
2.16805
2.29934
2.41067
2.51324
2.60638
2.67178
2.67366
2.56413
2.30616
2.00884
1.74751
1.52862
1.34582
1.19324
1.06583
0.959307
0.870152
0.795442
0.732761
0.680106
0.635812
0.598487
0.566964
0.540267
0.51759
0.498268
0.48176
0.467625
0.455507
0.445113
0.436208
0.428601
0.422135
0.416684
0.412144
0.408433
0.947678
1.81378
2.34054
2.69307
2.95088
3.15806
3.33324
3.46511
3.52665
3.45558
3.1651
2.73911
2.34869
2.02529
1.75583
1.53154
1.34503
1.19
1.06112
0.953905
0.864615
0.790155
0.727975
0.675975
0.63242
0.595869
0.565106
0.539119
0.517076
0.498307
0.482273
0.468542
0.456765
0.44666
0.438
0.4306
0.424309
0.419005
0.414588
0.410978
1.28442
2.5043
3.25209
3.77107
4.1753
4.52422
4.81266
4.90241
4.60602
3.99209
3.33941
2.81031
2.38551
2.04134
1.76041
1.52996
1.34031
1.18391
1.05471
0.947782
0.859084
0.785365
0.724008
0.67287
0.630189
0.594494
0.564527
0.539247
0.517797
0.499503
0.483843
0.470406
0.458866
0.448956
0.440459
0.433197
0.427023
0.421817
0.417483
0.413941
1.77654
3.49419
4.56503
5.38306
6.12032
6.75553
6.89201
6.079
5.00399
4.10997
3.40683
2.84962
2.4049
2.04755
1.75864
1.52385
1.33229
1.17555
1.04698
0.941124
0.853613
0.780999
0.720713
0.670625
0.629006
0.59435
0.565282
0.540744
0.51983
0.501898
0.486482
0.473211
0.461785
0.451961
0.443536
0.436337
0.43022
0.425065
0.420775
0.417272
2.42186
4.76173
6.35559
7.82906
9.17072
9.4083
7.90738
6.32544
5.11502
4.17698
3.4446
2.86799
2.41044
2.04487
1.75109
1.51385
1.3215
1.16508
1.03767
0.933049
0.846642
0.775421
0.716699
0.668157
0.628018
0.594846
0.567195
0.543806
0.523366
0.505542
0.490136
0.476849
0.465408
0.45557
0.447134
0.439934
0.433822
0.428678
0.424401
0.42091
3.13211
6.16559
8.62682
11.1914
12.4711
10.4496
8.20301
6.50609
5.21965
4.23532
3.47407
2.87919
2.41022
2.03792
1.74041
1.5013
1.30833
1.15217
1.02517
0.921443
0.836776
0.76761
0.710983
0.664438
0.626034
0.594255
0.567886
0.545991
0.527435
0.510354
0.494653
0.481109
0.469507
0.459582
0.451093
0.443856
0.437721
0.432564
0.42828
0.424786
3.77275
7.51272
11.0357
14.4325
14.0523
10.8795
8.47177
6.67611
5.32448
4.2963
3.5054
2.8906
2.40847
2.02814
1.72567
1.48361
1.28974
1.13431
1.00922
0.908033
0.825895
0.759129
0.704763
0.660329
0.623823
0.593626
0.568423
0.547161
0.52906
0.513673
0.499363
0.48558
0.473758
0.46373
0.455201
0.447941
0.441788
0.436618
0.432324
0.428822
4.22708
8.63394
12.9133
16.3752
14.9737
11.3973
8.78119
6.86322
5.43683
4.36052
3.53741
2.90066
2.40414
2.01416
1.70586
1.46149
1.26761
1.11371
0.991139
0.892987
0.814019
0.750246
0.698538
0.656385
0.621782
0.593128
0.569143
0.54879
0.53123
0.515865
0.50236
0.489636
0.477804
0.467766
0.459267
0.452038
0.4459
0.440734
0.43644
0.432937
4.53232
9.53423
13.8516
16.2653
15.2607
11.9059
9.07276
7.03338
5.53454
4.41173
3.55721
2.90022
2.39058
1.99233
1.67987
1.43453
1.24204
1.09092
0.971878
0.877548
0.80231
0.741908
0.693085
0.653313
0.62061
0.593421
0.570513
0.550908
0.533813
0.518639
0.505102
0.492814
0.481522
0.471625
0.463209
0.456052
0.449965
0.444827
0.440549
0.437054
4.7324
9.90467
13.8919
15.554
14.6209
11.9717
9.19071
7.11835
5.5813
4.42613
3.54752
2.87433
2.35572
1.95339
1.6414
1.39937
1.2116
1.06568
0.951772
0.862215
0.79121
0.734407
0.688533
0.651101
0.620197
0.594336
0.572355
0.553341
0.536572
0.521515
0.507948
0.496018
0.485258
0.475445
0.467058
0.459959
0.453933
0.448835
0.444582
0.441104
4.75838
9.67862
13.1981
14.4079
13.6403
11.6219
9.24676
7.16198
5.57721
4.3889
3.49011
2.80793
2.28756
1.88924
1.58554
1.35321
1.17489
1.03736
0.930555
0.846846
0.780567
0.727512
0.684551
0.649333
0.620071
0.595388
0.574221
0.555746
0.539336
0.524534
0.511113
0.499171
0.488648
0.479154
0.470812
0.463742
0.457763
0.452712
0.448488
0.445028
4.61531
9.0722
12.1679
13.1561
12.5487
10.9199
8.96612
7.06714
5.47895
4.27136
3.36358
2.67949
2.17151
1.79408
1.51076
1.2962
1.13243
1.00635
0.908328
0.831296
0.770056
0.720779
0.680628
0.647476
0.619712
0.596098
0.575684
0.557743
0.54173
0.527252
0.51408
0.502242
0.491989
0.482836
0.474503
0.467406
0.461443
0.456424
0.452223
0.448778
4.34591
8.28262
10.9853
11.8456
11.3978
10.1004
8.43727
6.74019
5.24918
4.0643
3.17074
2.51563
2.03989
1.69145
1.43279
1.23829
1.09017
0.975971
0.886809
0.816318
0.759881
0.714119
0.67653
0.645238
0.618823
0.596195
0.576518
0.559155
0.543631
0.529603
0.516844
0.505298
0.495151
0.486205
0.478062
0.470945
0.464956
0.459939
0.45575
0.452308
4.00298
7.43947
9.77625
10.5493
10.2362
9.2031
7.79982
6.32148
4.98149
3.88419
3.03642
2.40863
1.95206
1.62014
1.3765
1.19506
1.05775
0.952099
0.869521
0.804001
0.75127
0.708246
0.672668
0.642855
0.617536
0.595745
0.576737
0.559944
0.544941
0.531413
0.519138
0.507992
0.498037
0.489438
0.481586
0.474373
0.468288
0.463233
0.459032
0.455579
3.63397
6.62258
8.6332
9.34125
9.141
8.3231
7.15971
5.90069
4.72022
3.72849
2.94613
2.35264
1.91199
1.58823
1.35039
1.17395
1.04104
0.939183
0.859738
0.796729
0.745959
0.704436
0.669997
0.64105
0.616408
0.595174
0.576662
0.560345
0.545824
0.532798
0.521039
0.510381
0.500782
0.492409
0.484738
0.47758
0.471409
0.466281
0.462036
0.458549
3.27257
5.87223
7.60316
8.25733
8.15062
7.51461
6.5645
5.50775
4.48235
3.59427
2.87587
2.32061
1.9001
1.58464
1.34921
1.17317
1.04019
0.938251
0.85883
0.795915
0.745267
0.703867
0.669539
0.640697
0.616174
0.595091
0.576779
0.560724
0.546528
0.533887
0.522558
0.512348
0.50313
0.49492
0.487643
0.480714
0.474351
0.469064
0.464727
0.461183
2.93741
5.20213
6.69943
7.30574
7.27307
6.78978
6.02452
5.14331
4.26591
3.47899
2.82155
2.30172
1.90129
1.59609
1.36395
1.18729
1.05224
0.947977
0.866455
0.801791
0.749737
0.707228
0.672033
0.642529
0.617525
0.596125
0.577643
0.561552
0.547441
0.534988
0.523937
0.514072
0.505204
0.497248
0.490261
0.48345
0.476979
0.471527
0.467072
0.463444
2.63549
4.61176
5.91698
6.48043
6.50522
6.1471
5.53886
4.80799
4.06398
3.37317
2.77831
2.29333
1.9117
1.61582
1.38735
1.21074
1.07347
0.966094
0.881401
0.813853
0.759317
0.714742
0.677868
0.64703
0.620989
0.598807
0.579761
0.563289
0.548957
0.536422
0.525406
0.515673
0.507001
0.499243
0.492419
0.485824
0.479352
0.473703
0.469065
0.465301
2.36682
4.09447
5.24244
5.76803
5.83728
5.57885
5.1015
4.50261
3.87115
3.27102
2.73883
2.2908
1.92834
1.6417
1.41666
1.23997
1.10069
0.990252
0.902063
0.831089
0.773489
0.726264
0.68713
0.654424
0.626881
0.603501
0.583509
0.566305
0.551423
0.538497
0.527229
0.517368
0.508686
0.500975
0.494105
0.487866
0.481545
0.475563
0.470657
0.466715
2.12826
3.64162
4.65985
5.15201
5.25544
5.07684
4.70615
4.21969
3.68599
3.16617
2.69432
2.28712
1.94709
1.66987
1.44831
1.27197
1.13106
1.01785
0.926305
0.851894
0.791084
0.741001
0.699362
0.664507
0.63516
0.610275
0.589031
0.570794
0.555068
0.541465
0.529674
0.519435
0.510508
0.502647
0.495649
0.489438
0.483085
0.476928
0.471793
0.467664
1.91587
3.24467
4.15409
4.6163
4.74546
4.63065
4.34654
3.95517
3.50851
3.05774
2.64225
2.27595
1.96097
1.69687
1.47983
1.3042
1.16219
1.04666
0.952039
0.874371
0.810461
0.757519
0.71339
0.676416
0.645237
0.618746
0.596102
0.576649
0.559871
0.545359
0.532792
0.521908
0.512465
0.504222
0.496972
0.490641
0.484294
0.477983
0.472558
0.468168
1.72603
2.89619
3.71265
4.14763
4.29581
4.23171
4.01762
3.70546
3.33662
2.95025
2.58354
2.25498
1.96774
1.7192
1.5089
1.3351
1.19243
1.07475
0.977275
0.896593
0.829769
0.774203
0.727803
0.688923
0.656119
0.62817
0.604192
0.583522
0.565625
0.550088
0.536586
0.524862
0.514696
0.505871
0.498186
0.491477
0.485201
0.478806
0.472938
0.468194
1.55586
2.58996
3.32561
3.7355
3.89745
3.87381
3.71653
3.46914
3.16755
2.84242
2.52141
2.22546
1.96264
1.73274
1.53363
1.36257
1.21867
1.09888
0.999277
0.916387
0.84737
0.78976
0.741539
0.701108
0.666985
0.637853
0.612758
0.59101
0.572063
0.555501
0.54101
0.528351
0.517326
0.507751
0.499419
0.49212
0.485616
0.479036
0.472784
0.467683
1.40317
2.32066
2.98507
3.37134
3.54274
3.55128
3.44031
3.24641
3.00038
2.72842
2.45187
2.18785
1.94711
1.73284
1.54392
1.37905
1.23742
1.11755
1.01704
0.932905
0.862551
0.803638
0.754186
0.712609
0.677476
0.64744
0.621469
0.598827
0.578951
0.561427
0.54595
0.532303
0.520316
0.509836
0.500683
0.492663
0.485643
0.478744
0.472149
0.46668
1.26626
2.08363
2.68457
3.04809
3.22507
3.25869
3.18513
3.03522
2.83515
2.60706
2.36924
2.13603
1.91732
1.71831
1.5405
1.38373
1.24742
1.1303
1.03051
0.946307
0.875492
0.815925
0.765746
0.723404
0.687528
0.656807
0.630163
0.606797
0.586121
0.567717
0.551288
0.536632
0.523609
0.512108
0.502005
0.493173
0.485527
0.478227
0.471201
0.465263
1.14371
1.87465
2.41864
2.75993
2.93898
2.99148
2.94764
2.83346
2.67134
2.4802
2.27576
2.07069
1.87423
1.69212
1.5271
1.37974
1.25
1.13718
1.04003
0.957031
0.886429
0.82667
0.776159
0.733383
0.697017
0.665821
0.638689
0.614761
0.593421
0.574241
0.556926
0.541286
0.527205
0.514617
0.503467
0.493697
0.485253
0.477451
0.469937
0.463419
1.03415
1.68987
2.18265
2.50214
2.68028
2.7465
2.726
2.64086
2.51032
2.35078
2.17598
1.99703
1.82236
1.65762
1.50601
1.36891
1.2466
1.13893
1.0452
0.96431
0.894948
0.835722
0.785238
0.742262
0.705666
0.67423
0.646831
0.622532
0.60069
0.580871
0.562776
0.546215
0.531094
0.517388
0.505101
0.494235
0.484752
0.476309
0.46828
0.461107
0.936161
1.52593
1.97261
2.27084
2.44576
2.52156
2.51939
2.45803
2.35408
2.22181
2.07324
1.91814
1.76406
1.61632
1.47829
1.3518
1.23746
1.1356
1.04596
0.967856
0.900315
0.842215
0.79239
0.749713
0.713129
0.681662
0.65429
0.629898
0.607777
0.587499
0.568761
0.551374
0.535258
0.520422
0.506927
0.494832
0.48415
0.474795
0.466125
0.458291
0.848319
1.37992
1.78506
2.0628
2.23278
2.31497
2.32716
2.28537
2.2039
2.09515
1.96961
1.83589
1.70073
1.56908
1.4443
1.3285
1.2225
1.12698
1.04206
0.967372
0.902254
0.845833
0.797136
0.755144
0.718974
0.687864
0.660789
0.636613
0.614514
0.594009
0.574803
0.556707
0.539656
0.523698
0.508947
0.495533
0.483553
0.473045
0.463544
0.454996
0.769295
1.24948
1.61709
1.87524
2.03911
2.12525
2.14863
2.12293
2.06043
1.97188
1.86645
1.75171
1.63368
1.51694
1.40477
1.29935
1.20195
1.1132
1.0335
0.96279
0.900653
0.846438
0.799351
0.758482
0.723076
0.692557
0.666055
0.642448
0.620679
0.600211
0.580741
0.562076
0.544175
0.527123
0.511096
0.496307
0.482945
0.471151
0.46065
0.451272
0.697945
1.1327
1.4663
1.70585
1.86287
1.95106
1.98306
1.97051
1.92395
1.85269
1.76473
1.66674
1.56411
1.46108
1.36078
1.26545
1.17657
1.09478
1.02067
0.95438
0.895687
0.844122
0.799049
0.759718
0.725421
0.695669
0.669875
0.647029
0.625931
0.605805
0.586285
0.567211
0.548565
0.530483
0.513206
0.497024
0.482227
0.469051
0.457417
0.4471
0.633362
1.02803
1.33073
1.55268
1.7024
1.79118
1.82968
1.82779
1.79456
1.73803
1.66518
1.58191
1.49307
1.40256
1.31337
1.22771
1.14716
1.07241
1.00413
0.942584
0.887692
0.839112
0.796341
0.758787
0.7258
0.696983
0.672035
0.650069
0.629823
0.610325
0.591018
0.5717
0.552448
0.53345
0.515008
0.497481
0.481244
0.466639
0.453771
0.442427
0.57486
0.934132
1.20875
1.41407
1.55622
1.64444
1.68768
1.69434
1.67216
1.62812
1.56831
1.49795
1.42142
1.3423
1.26342
1.18694
1.11445
1.04672
0.984413
0.927849
0.877019
0.831675
0.79141
0.755744
0.724127
0.696331
0.67228
0.651227
0.631932
0.613227
0.594354
0.575016
0.555348
0.535624
0.516186
0.497443
0.479835
0.463803
0.44964
0.437204
0.521901
0.849789
1.09891
1.28856
1.42299
1.50973
1.55624
1.56964
1.55657
1.52307
1.47447
1.41541
1.34985
1.28107
1.21172
1.14387
1.07903
1.01828
0.961981
0.910515
0.863925
0.822011
0.784415
0.750707
0.720464
0.693562
0.670109
0.649756
0.631453
0.613797
0.595639
0.576603
0.556818
0.53665
0.516477
0.496728
0.477884
0.460474
0.444982
0.4314
0.474022
0.773879
0.999932
1.17484
1.30151
1.38601
1.43455
1.45316
1.44753
1.42289
1.38392
1.33474
1.27894
1.21952
1.15895
1.09917
1.04168
0.987537
0.937077
0.890661
0.848347
0.809953
0.775134
0.74347
0.714598
0.688436
0.665187
0.644987
0.62744
0.611226
0.594453
0.576229
0.556752
0.536464
0.515842
0.495316
0.475392
0.456669
0.439806
0.425009
0.430801
0.705397
0.910651
1.07172
1.19065
1.27231
1.32186
1.34439
1.34478
1.32756
1.29685
1.25631
1.20918
1.15819
1.10562
1.0533
1.00264
0.954699
0.909776
0.868205
0.830048
0.795141
0.76316
0.733706
0.706433
0.681109
0.658063
0.637987
0.620825
0.605618
0.590656
0.57404
0.555361
0.535322
0.514497
0.493372
0.472479
0.452479
0.434165
0.418042
0.391832
0.643558
0.830084
0.978173
1.08942
1.16777
1.21749
1.24288
1.2481
1.23709
1.21346
1.18048
1.14103
1.09761
1.05229
1.00677
0.962375
0.920062
0.880375
0.843391
0.809203
0.777696
0.74861
0.721608
0.696347
0.672346
0.649964
0.630312
0.613466
0.598743
0.584966
0.57007
0.552657
0.533228
0.512508
0.490984
0.469209
0.447948
0.428091
0.41049
0.356944
0.587936
0.757432
0.893237
0.99691
1.07161
1.12085
1.14823
1.15731
1.15149
1.13395
1.10758
1.07496
1.03833
0.999587
0.960289
0.921661
0.884605
0.849721
0.817021
0.786617
0.75844
0.732297
0.707918
0.684971
0.662957
0.641768
0.622541
0.605956
0.591571
0.578421
0.564647
0.548469
0.529904
0.50954
0.487837
0.465372
0.442918
0.421497
0.402275
0.325891
0.537099
0.691539
0.815841
0.912198
0.98311
1.03142
1.06013
1.07229
1.07084
1.05855
1.03798
1.01142
0.980896
0.948122
0.914524
0.881226
0.849075
0.818652
0.790007
0.763242
0.738318
0.715086
0.693325
0.67275
0.65297
0.633486
0.614882
0.598387
0.584117
0.57129
0.558057
0.542718
0.52499
0.505104
0.483412
0.460457
0.437015
0.414145
0.39323
0.309548
0.489747
0.631331
0.74511
0.834588
0.901733
0.948825
0.978388
0.993008
0.995225
0.987465
0.971983
0.950825
0.925798
0.898454
0.870086
0.841718
0.81412
0.787817
0.76307
0.739801
0.717997
0.697542
0.678248
0.65987
0.642109
0.624601
0.607119
0.5907
0.576336
0.563404
0.550156
0.535214
0.518086
0.498657
0.477126
0.453933
0.429777
0.405701
0.383129
0.307109
0.448343
0.577145
0.680974
0.763891
0.827279
0.872922
0.902915
0.919456
0.924737
0.920876
0.90986
0.893505
0.873427
0.851022
0.827454
0.803653
0.780316
0.757923
0.736762
0.716733
0.69782
0.679917
0.662852
0.646414
0.630363
0.614429
0.598289
0.582448
0.56788
0.55425
0.540531
0.525647
0.50884
0.489812
0.468585
0.445424
0.420874
0.395875
0.37178
0.305726
0.418107
0.529851
0.623614
0.700032
0.75959
0.803549
0.833598
0.851587
0.859399
0.858877
0.851768
0.839678
0.824044
0.806115
0.786932
0.767323
0.747912
0.729127
0.711228
0.694135
0.677811
0.662148
0.646985
0.632136
0.617401
0.602579
0.587501
0.572363
0.557633
0.543413
0.529166
0.514032
0.497325
0.478642
0.457817
0.434903
0.410233
0.384564
0.359096
0.300994
0.394028
0.488967
0.572731
0.642676
0.698327
0.740405
0.770201
0.789241
0.79913
0.801462
0.797763
0.78945
0.777792
0.763894
0.748674
0.73286
0.716992
0.701434
0.686393
0.671902
0.657807
0.64401
0.63037
0.616728
0.60293
0.588842
0.574411
0.55977
0.545137
0.530635
0.515964
0.500569
0.483905
0.465531
0.445142
0.422591
0.397975
0.371821
0.345109
0.292862
0.372454
0.453292
0.527665
0.59132
0.643064
0.68313
0.712434
0.732203
0.743785
0.748549
0.747822
0.74284
0.734718
0.724419
0.712742
0.700314
0.687592
0.674876
0.662331
0.65001
0.637735
0.625413
0.612929
0.600162
0.587012
0.573421
0.559404
0.545063
0.530544
0.515904
0.500978
0.485421
0.468817
0.450745
0.430812
0.408699
0.384266
0.357773
0.329925
0.282151
0.352026
0.421749
0.487712
0.54545
0.593383
0.631369
0.660002
0.680236
0.693186
0.700016
0.701866
0.699809
0.694807
0.687691
0.679143
0.669691
0.659711
0.649446
0.639022
0.628479
0.617659
0.606477
0.594843
0.582679
0.569938
0.556622
0.542793
0.528557
0.514024
0.499241
0.48413
0.468483
0.451989
0.43426
0.414849
0.393285
0.369192
0.342537
0.313667
0.269647
0.33238
0.3935
0.4522
0.504541
0.548855
0.584761
0.612599
0.633086
0.647128
0.6557
0.659775
0.660267
0.657997
0.653669
0.647853
0.640983
0.63336
0.625169
0.616501
0.607376
0.597712
0.587385
0.576333
0.564521
0.551946
0.538657
0.524751
0.510359
0.495605
0.480567
0.465243
0.449524
0.433186
0.415876
0.397108
0.376274
0.352754
0.326185
0.296448
0.256002
0.313451
0.367934
0.420519
0.468069
0.509035
0.542927
0.569897
0.590473
0.605375
0.615409
0.621391
0.624088
0.624191
0.622281
0.618826
0.61417
0.608547
0.602092
0.594862
0.58686
0.578054
0.568299
0.55756
0.545832
0.533151
0.519603
0.505324
0.490485
0.475258
0.459781
0.444134
0.428303
0.41214
0.395336
0.377372
0.357515
0.334892
0.308752
0.278371
0.241747
0.295272
0.344624
0.392151
0.435539
0.473485
0.50548
0.53156
0.552102
0.567672
0.578924
0.586528
0.59112
0.593263
0.593429
0.591987
0.589204
0.58525
0.580215
0.574128
0.566976
0.55873
0.549263
0.538551
0.526613
0.513519
0.499394
0.484421
0.468825
0.452847
0.436711
0.42059
0.404568
0.388582
0.372371
0.355405
0.336831
0.315514
0.290255
0.259537
0.227306
0.277902
0.323276
0.366666
0.406505
0.44178
0.472034
0.497242
0.517668
0.533748
0.546006
0.554979
0.56118
0.565057
0.566979
0.567227
0.565993
0.563389
0.559465
0.554219
0.547623
0.539639
0.530155
0.519153
0.506671
0.492814
0.477759
0.461749
0.445082
0.428084
0.411077
0.39434
0.378058
0.362261
0.346748
0.330994
0.314051
0.294523
0.2707
0.240059
0.21301
0.26141
0.30368
0.34371
0.380563
0.413519
0.442212
0.466596
0.486853
0.503319
0.516399
0.526516
0.534066
0.539392
0.542768
0.544392
0.544389
0.542817
0.539683
0.534955
0.528577
0.52049
0.51064
0.49896
0.485523
0.470487
0.454101
0.436697
0.418667
0.400436
0.38243
0.365025
0.3485
0.332968
0.318295
0.303989
0.289045
0.271836
0.250098
0.220073
0.199116
0.24586
0.285692
0.322998
0.357359
0.38833
0.41565
0.439277
0.459343
0.476096
0.489842
0.500899
0.509558
0.516064
0.520602
0.523293
0.524196
0.523316
0.520617
0.516028
0.509465
0.500846
0.490113
0.477202
0.462238
0.445475
0.427283
0.408124
0.388514
0.368988
0.350057
0.332159
0.315616
0.300584
0.286981
0.274371
0.261769
0.247399
0.228461
0.199749
0.185819
0.231309
0.269202
0.304293
0.336585
0.365873
0.392006
0.41496
0.434831
0.451799
0.466081
0.477897
0.487444
0.494874
0.500288
0.503731
0.505197
0.504633
0.501946
0.497015
0.489708
0.479904
0.467528
0.45253
0.435154
0.415859
0.395249
0.373997
0.352779
0.33222
0.312853
0.295083
0.279161
0.265177
0.253037
0.242378
0.232348
0.221213
0.20579
0.179335
0.173263
0.217807
0.25414
0.287416
0.317993
0.345869
0.370997
0.393377
0.413077
0.430215
0.444928
0.457348
0.467581
0.475692
0.481701
0.48558
0.487248
0.486578
0.483395
0.47749
0.46863
0.456603
0.441292
0.422676
0.401288
0.378121
0.354283
0.330775
0.308406
0.287772
0.269248
0.253001
0.239013
0.227142
0.21716
0.208742
0.201286
0.19342
0.182084
0.15928
0.161555
0.205388
0.240441
0.272228
0.301401
0.328135
0.352465
0.374409
0.394004
0.411309
0.426385
0.439281
0.450021
0.458594
0.464942
0.46896
0.470483
0.469277
0.465036
0.457368
0.445807
0.429858
0.409143
0.383731
0.354749
0.325216
0.297376
0.272431
0.250841
0.232644
0.217617
0.205374
0.195452
0.187376
0.18071
0.175086
0.17011
0.164977
0.157612
0.140364
0.15084
0.194312
0.228383
0.259018
0.287136
0.313047
0.336839
0.358528
0.378117
0.395605
0.410986
0.424243
0.435333
0.444179
0.450661
0.454596
0.455723
0.453673
0.447931
0.437778
0.422223
0.399927
0.369273
0.329096
0.281186
0.241056
0.211861
0.191415
0.177015
0.166771
0.15943
0.154151
0.150336
0.147525
0.145332
0.143412
0.141434
0.138862
0.134007
0.123083
0.141654
0.185079
0.218559
0.248583
0.276202
0.301782
0.325422
0.347124
0.366855
0.384574
0.400228
0.413757
0.425074
0.434061
0.440549
0.444295
0.444948
0.442
0.434692
0.421865
0.401675
0.371024
0.324368
0.251164
0.143519
0.123235
0.11756
0.115035
0.11363
0.112816
0.112408
0.112323
0.112518
0.112961
0.113594
0.114269
0.114712
0.11458
0.112045
0.104603
)
;

boundaryField
{
    inlet
    {
        type            kqRWallFunction;
        value           nonuniform List<scalar> 10(0.00302065 0.00163465 0.00127132 0.0012128 0.00119933 0.00119933 0.0012128 0.00127132 0.00163465 0.00302065);
    }
    inletWall
    {
        type            kqRWallFunction;
        value           nonuniform List<scalar> 
30
(
0.00344608
0.00339637
0.00328733
0.00316088
0.00302065
0.0049161
0.00412206
0.00375971
0.00349342
0.00337794
0.0190503
0.00747924
0.00689215
0.00633873
0.00564314
0.00344608
0.00339637
0.00328733
0.00316088
0.00302065
0.00491609
0.00412206
0.00375971
0.00349342
0.00337794
0.0190493
0.00747923
0.00689215
0.00633873
0.00564314
)
;
    }
    bottleWall
    {
        type            kqRWallFunction;
        value           nonuniform List<scalar> 
290
(
0.000199223
0.000872298
0.0015745
0.00220613
0.00277702
0.00329909
0.00378115
0.00422965
0.0046495
0.00504479
0.00541928
0.00577651
0.00612002
0.00645385
0.00678261
0.00711128
0.00744547
0.00779165
0.00815736
0.00855225
0.00898958
0.00948846
0.0100779
0.0108032
0.0117356
0.0129896
0.0147475
0.0172857
0.0209909
0.0263575
0.03398
0.0445746
0.0590207
0.0783845
0.103886
0.136808
0.178339
0.229005
0.285643
0.309773
0.346181
0.399399
0.474355
0.57865
0.72739
0.948146
1.28458
1.7761
2.4214
3.13196
3.77232
4.22548
4.52969
4.72872
4.75386
4.61034
4.34086
3.99806
3.62926
3.26812
2.93326
2.63169
2.36339
2.12522
1.91324
1.72381
1.55401
1.40164
1.26502
1.14269
1.0333
0.93545
0.847718
0.768782
0.6975
0.63297
0.574508
0.52158
0.473727
0.430531
0.391587
0.356733
0.325679
0.306991
0.30347
0.3055
0.300916
0.292649
0.281865
0.269369
0.255775
0.24158
0.227193
0.212944
0.199091
0.185827
0.173298
0.161608
0.150906
0.141726
0.0161188
0.0160514
0.0159714
0.0158787
0.0157732
0.0156547
0.0155232
0.0153784
0.0152201
0.0150483
0.0148625
0.0146627
0.0144485
0.0142196
0.0139758
0.0137167
0.0134426
0.0131555
0.0128546
0.0125373
0.0122023
0.0118484
0.0114747
0.0110803
0.0106641
0.0102249
0.00976119
0.00927156
0.00875419
0.00820702
0.00762764
0.00701311
0.00635982
0.00566314
0.00491688
0.00411241
0.00323759
0.00227773
0.0012346
0.000199223
0.0161697
0.0162089
0.0162383
0.016258
0.016268
0.0162683
0.0162587
0.0162392
0.01621
0.0161709
0.000198368
0.0012316
0.00227387
0.00323328
0.00410777
0.00491195
0.00565801
0.00635457
0.00700784
0.00762244
0.00820197
0.00874933
0.00926694
0.00975684
0.0102208
0.0106603
0.0110768
0.0114714
0.0118452
0.0121992
0.0125344
0.0128516
0.013152
0.0134373
0.013711
0.0139702
0.0142143
0.0144435
0.0146581
0.0148583
0.0150444
0.0152167
0.0153754
0.0155207
0.0156527
0.0157715
0.0158773
0.0159702
0.0160502
0.0161176
0.000198368
0.000869291
0.00157
0.00220206
0.00277503
0.00329984
0.00378431
0.00423441
0.00465511
0.00505093
0.00542608
0.00578458
0.00613027
0.00646689
0.00679834
0.00712894
0.00746381
0.00780923
0.00817319
0.00856604
0.00900177
0.00950005
0.0100898
0.0108157
0.0117484
0.0130022
0.0147589
0.0172948
0.0209965
0.0263578
0.0339729
0.0445566
0.0589873
0.0783289
0.103799
0.136679
0.178155
0.228752
0.285319
0.30949
0.345899
0.39909
0.474003
0.578241
0.726917
0.947678
1.28442
1.77654
2.42186
3.13211
3.77275
4.22708
4.53232
4.7324
4.75838
4.61531
4.34591
4.00298
3.63397
3.27257
2.93741
2.63549
2.36682
2.12826
1.91587
1.72603
1.55586
1.40317
1.26626
1.14371
1.03415
0.936161
0.848319
0.769295
0.697945
0.633362
0.57486
0.521901
0.474022
0.430801
0.391832
0.356944
0.325891
0.309548
0.307109
0.305726
0.300994
0.292862
0.282151
0.269647
0.256002
0.241747
0.227306
0.21301
0.199116
0.185819
0.173263
0.161555
0.15084
0.141654
)
;
    }
    atmosphere
    {
        type            inletOutlet;
        inletValue      uniform 0.1;
        value           nonuniform List<scalar> 
80
(
0.1
0.1
0.1
0.1
0.1
0.1
0.1
0.1
0.1
0.1
0.1
0.1
0.1
0.1
0.1
0.1
0.251059
0.324235
0.370887
0.401543
0.421741
0.434577
0.441896
0.444856
0.444215
0.440482
0.434008
0.425035
0.413732
0.400218
0.384577
0.366871
0.347152
0.325461
0.30183
0.276258
0.248643
0.218621
0.185139
0.141726
0.141654
0.185079
0.218559
0.248583
0.276202
0.301782
0.325422
0.347124
0.366855
0.384574
0.400228
0.413757
0.425074
0.434061
0.440549
0.444295
0.444948
0.442
0.434692
0.421865
0.401675
0.371024
0.324368
0.251164
0.1
0.1
0.1
0.1
0.1
0.1
0.1
0.1
0.1
0.1
0.1
0.1
0.1
0.1
0.1
0.1
)
;
    }
    frontAndBack
    {
        type            empty;
    }
}


// ************************************************************************* //
