/*--------------------------------*- C++ -*----------------------------------*\
  =========                 |
  \\      /  F ield         | OpenFOAM: The Open Source CFD Toolbox
   \\    /   O peration     | Website:  https://openfoam.org
    \\  /    A nd           | Version:  8
     \\/     M anipulation  |
\*---------------------------------------------------------------------------*/
FoamFile
{
    version     2.0;
    format      ascii;
    class       volScalarField;
    location    "8.45";
    object      p;
}
// * * * * * * * * * * * * * * * * * * * * * * * * * * * * * * * * * * * * * //

dimensions      [1 -1 -2 0 0 0 0];

internalField   nonuniform List<scalar> 
9150
(
-204.314
-205.342
-205.968
-206.435
-206.666
-206.655
-206.432
-205.971
-205.349
-204.315
-224.372
-224.896
-225.319
-225.628
-225.809
-225.839
-225.652
-225.323
-224.901
-224.374
-244.267
-244.555
-244.812
-245.032
-245.144
-245.148
-245.031
-244.81
-244.555
-244.268
-264.008
-264.186
-264.354
-264.517
-264.595
-264.592
-264.509
-264.354
-264.185
-264.007
-283.632
-283.813
-283.95
-284.081
-284.135
-284.134
-284.077
-283.948
-283.812
-283.631
-118.37
-119.111
-118.771
-118.428
-118.231
-118.22
-118.401
-118.748
-119.103
-118.362
-133.846
-134.547
-134.638
-134.722
-134.62
-134.612
-134.706
-134.614
-134.517
-133.812
-150.253
-151.027
-151.301
-151.687
-151.754
-151.721
-151.659
-151.272
-151.019
-150.257
-167.086
-168.274
-168.726
-169.341
-169.536
-169.538
-169.386
-168.753
-168.313
-167.119
-184.162
-186.245
-186.997
-187.686
-187.966
-187.964
-187.687
-187.001
-186.247
-184.159
-24.2976
-25.9613
-27.9274
-28.9819
-29.6029
-29.6861
-29.199
-28.1196
-26.1195
-24.532
-44.8864
-45.2615
-46.3445
-46.6912
-47.1513
-47.1484
-46.6072
-46.3748
-45.3306
-45.0051
-65.2345
-65.0273
-66.1162
-65.6566
-66.1938
-66.2233
-65.7625
-66.1857
-65.0801
-65.2834
-88.0507
-85.1284
-86.153
-84.6474
-84.7668
-84.7646
-84.6211
-86.1631
-85.1446
-88.0688
-113.461
-104.036
-103.523
-102.185
-101.721
-101.756
-102.232
-103.569
-104.064
-113.487
1663.43
1663.23
1663.37
1663.27
1663.25
1663.17
1663.09
1662.99
1662.89
1662.82
1643.86
1643.77
1643.71
1643.65
1643.57
1643.54
1643.47
1643.39
1643.29
1643.2
1624.23
1624.27
1624.22
1624.17
1624.12
1624.03
1623.94
1623.78
1623.73
1623.61
1604.52
1604.75
1604.63
1604.71
1604.63
1604.58
1604.37
1604.2
1604.08
1603.93
1584.85
1585.08
1585.01
1585
1585.08
1584.88
1584.9
1584.52
1584.4
1584.23
1564.95
1565.27
1565.25
1565.11
1565.19
1565.06
1565.09
1564.87
1564.73
1564.56
1545.02
1545.23
1545.27
1545.19
1545.24
1545.23
1545.15
1545.11
1545
1544.84
1525.08
1525.21
1525.3
1525.34
1525.36
1525.51
1525.42
1525.34
1525.27
1525.13
1505.33
1505.44
1505.53
1505.58
1505.63
1505.77
1505.76
1505.65
1505.6
1505.52
1485.7
1485.76
1485.88
1485.88
1485.95
1485.97
1486.11
1486.08
1486.04
1485.98
1466.32
1466.25
1466.43
1466.25
1466.35
1466.39
1466.4
1466.52
1466.43
1466.43
1446.68
1446.82
1446.81
1446.74
1446.73
1446.74
1446.74
1446.89
1446.73
1446.7
1427.34
1427.3
1427.26
1427.18
1427.12
1427.08
1427.02
1426.93
1426.82
1426.66
1407.88
1407.74
1407.64
1407.54
1407.46
1407.39
1407.29
1407.16
1406.98
1406.75
1388.38
1388.17
1388.02
1387.92
1387.85
1387.75
1387.63
1387.5
1387.36
1387.17
1368.78
1368.6
1368.43
1368.29
1368.56
1368.21
1368.17
1368.1
1368.01
1367.91
1349.04
1348.84
1348.79
1348.93
1348.98
1348.71
1348.85
1348.93
1348.94
1348.93
1328.77
1328.8
1328.96
1329.12
1329.24
1330.26
1329.96
1329.7
1329.83
1329.83
1308.72
1309.05
1309.23
1310.01
1310.53
1311.08
1311.4
1311.57
1311.4
1311.38
1291.02
1291.12
1291.36
1291.7
1291.93
1292.03
1292.18
1292.23
1292.07
1291.8
1272.82
1272.99
1273.1
1273.31
1273.4
1273.34
1273.22
1272.97
1272.61
1272.25
1254.77
1254.75
1254.55
1254.49
1254.37
1254.22
1254.05
1253.84
1253.56
1253.19
1235.61
1236.27
1235.31
1235.27
1235.18
1235.06
1234.97
1234.94
1234.93
1234.77
1216.62
1216.54
1216.39
1216.16
1215.92
1215.67
1215.53
1215.59
1215.68
1215.64
1198.07
1197.89
1197.59
1197.18
1196.72
1196.32
1196.23
1196.34
1196.38
1195.91
1179.91
1179.66
1179.26
1178.64
1178
1177.78
1178.49
1178.33
1178.26
1178.11
1161.87
1161.87
1161.74
1160.74
1161.92
1162.2
1162.11
1161.96
1161.82
1161.54
1144.27
1143.36
1144.07
1143.86
1144.36
1145.26
1145.01
1144.57
1144.23
1143.53
1126.13
1126.41
1125.21
1125.7
1125.55
1125.98
1127.41
1125.5
1125.45
1125.13
1106.2
1106.72
1107.2
1106.77
1106.55
1106.1
1105.75
1105.71
1105.58
1105.36
1086.63
1086.94
1088.31
1087.47
1087.07
1086.42
1085.75
1085.54
1085.45
1085.26
1066.26
1066.49
1066.87
1066.82
1066.62
1066.06
1065.13
1064.88
1065.08
1065.07
1045.68
1045.8
1045.69
1045.47
1045.29
1044.93
1043.9
1044.08
1044.12
1044.51
1025.09
1025.01
1025.36
1024.87
1024.61
1024.76
1027.33
1023.79
1024.35
1025.03
1006.63
1005.28
1007.31
1006.45
1005.69
1007.28
1007.25
1005.65
1006.38
1006.81
987.806
988.518
987.38
986.525
986.961
987.495
987.364
986.727
987.324
987.708
969.37
969.539
969.294
969.346
969.073
968.977
968.616
968.255
968.449
968.587
952.151
952.181
951.984
951.694
951.687
950.616
950.427
950.004
949.871
949.797
935.155
935.286
933.629
933.186
932.618
931.697
931.854
931.409
931.105
931.022
914.373
914.378
914.865
914.306
913.611
913.299
912.947
912.489
912.195
912.005
894.929
894.902
895.193
894.911
894.655
893.777
894.235
894.258
894.197
894.149
873.583
871.638
870.707
872.364
873.143
874.121
874.913
875.305
875.213
876.042
859.393
858.322
856.027
855.93
856.07
853.619
855.279
855.09
855.141
855.881
845.588
844.432
843.246
842.188
841.367
840.318
839.371
839.481
838.599
838.573
834.398
832.743
830.928
829.189
827.708
826.314
825.972
825.037
824.324
823.897
819.657
819.665
817.933
815.557
813.945
813.298
809.875
809.372
808.286
807.482
801.489
799.962
797.742
796.144
794.09
792.255
789.652
787.561
786.968
787.199
780.235
776.646
772.462
775.15
769.989
769.297
767.681
765.935
765.851
766.386
755.306
756.898
756.723
755.756
754.073
751.921
748.938
747.375
746.056
745.647
739.844
740.216
739.939
738.425
736.511
734.299
732.302
729.572
728.345
726.117
726.678
725.391
728.091
721.469
720.264
718.657
717.693
715.59
714.616
713.247
713.872
712.133
708.686
712.039
705.16
703.089
702.375
701.089
700.065
698.811
689.953
689.498
689.859
690.391
689.446
689.23
688.127
686.908
685.152
682.959
671.303
671.186
670.827
670.873
670.625
670.273
670.752
671.675
671.15
670.074
651.369
650.752
650.331
650.367
650.368
650.655
651.405
651.94
651.69
652.187
628.984
628.552
628.629
629.15
629.959
630.999
632.144
632.988
633.569
633.725
605.141
604.3
604.289
606.235
607.247
609.113
610.757
612.061
612.949
613.816
587.951
588.236
585.293
587.347
589.249
589.786
590.818
591.778
592.745
593.38
579.045
577.419
576.286
575.826
576.109
575.844
570.508
571.222
573.292
574.239
570.772
568.677
567.04
565.891
564.203
562.345
560.413
556.177
555.482
554.706
554.661
553.194
550.362
545.311
543.125
538.809
537.689
534.9
532.593
531.043
533.877
532.041
529.572
526.281
522.733
519.544
515.586
511.612
508.352
505.866
512.686
510.131
507.176
505.654
502.547
499.551
495.344
490.314
484.931
478.347
486.663
485.379
484.731
480.896
475.615
469.574
466.574
457.317
450.946
444.104
459.693
455.45
451.244
445.828
439.088
432.066
424.71
417.494
410.155
401.261
432.051
427.163
419.96
409.367
399.861
390.753
380.741
369.81
358.685
346.781
399.471
393.689
384.981
372.816
362.626
351.654
338.201
321.73
303.721
283.129
365.997
357.642
349.049
339.175
329.859
318.851
305.169
288.23
268.306
249.287
335.79
329.012
319.029
317.498
304.055
293.355
282.401
268.139
251.934
243.406
306.988
300.372
293.31
291.619
284.255
274.837
267.34
255.911
242.552
237.764
283.397
277.887
272.97
270.693
264.697
256.728
251.623
241.644
233.464
230.326
264.574
261.519
255.479
252.878
250.445
238.937
233.506
225.396
219.926
218.861
247.013
243.425
240.123
238.005
235.619
226.718
219.864
212.678
207.662
207.938
224.365
225.974
223.662
229.466
222.267
217.782
211.726
204.752
199.654
200.193
209.785
204.987
205.066
209.464
206.232
206.21
202.833
196.118
193.18
191.201
184.813
186.82
184.993
187.824
191.211
191.354
188.563
187.74
185.937
184.429
166.152
169.25
173.482
178.827
180.327
179.77
180.163
179.322
178.966
178.518
158.6
163.294
167.298
169.846
171.183
172.335
172.952
173.935
173.641
172.755
160.4
162.372
164.23
165.702
166.606
167.202
167.38
167.203
168.816
169.954
160.287
160.6
161.496
161.668
161.879
162.567
163.094
163.093
162.97
164.315
157.571
157.671
157.343
157.66
157.824
159.001
159.186
158.969
158.455
158.279
153.886
159.153
161.094
152.985
155.601
153.804
154.303
154.316
153.833
152.481
147.272
151.701
153.091
153.151
153.93
153.535
152.79
150.791
148.949
148.963
141.237
148.37
152.303
155.136
156.737
156.184
150.219
147.312
144.851
143.945
129.006
143.172
150.294
155.603
158.835
157.203
151.519
144.104
137.032
134.002
78.8704
96.2117
112.378
126.162
132.724
131.696
126.532
122.153
118.566
115.481
12.3864
16.5435
40.062
68.6311
82.5791
83.0804
77.1734
75.5928
82.4724
86.5987
17.7954
22.5853
23.6942
34.3263
43.2572
35.5229
32.8248
33.2379
53.6183
58.3133
-1.53917
27.1672
35.1931
26.6536
32.6643
25.286
34.1895
36.5804
43.1037
47.8289
0.699193
10.3989
15.6117
15.0757
25.8503
35.0119
40.7524
44.7013
40.2613
42.7846
-1.41271
-1.53345
-0.288662
-0.80612
13.4436
27.0468
34.8897
36.9892
32.5658
32.5152
-1.824
-2.9191
-1.24302
-4.15433
5.96024
15.848
17.4052
16.831
12.648
12.3822
-1.76211
-1.90354
-1.28458
-2.68137
1.03515
6.46269
-1.5139
10.9778
0.252322
1.90993
-1.78426
-1.78467
-2.26631
-2.50071
-1.13361
-0.15574
-8.26589
0.752841
-6.73961
-2.66547
-1.87667
-1.838
-2.3325
-2.10137
-1.4036
-1.47447
-8.04901
-7.24007
-5.33483
-2.15391
-1.87013
-1.82004
-2.13274
-2.05363
-0.957842
-1.70574
-5.03576
-5.37549
-1.87607
-1.87508
-1.90394
-1.88671
-2.9514
-1.60351
-1.20158
-1.81844
-3.21141
-4.8491
-1.93284
-1.90237
-1.949
-2.41562
-4.23247
-2.25337
-1.36411
-1.86259
-3.43321
-4.62942
-2.2225
-1.91076
-1.9821
-4.15351
-5.99215
-5.98017
-5.94488
-5.90588
-5.2666
-4.85243
-3.70454
-1.93932
-2.76238
-9.5464
-13.0669
-15.0459
-15.6026
-15.3724
-14.655
-12.927
-9.61589
-2.7765
1662.73
1662.65
1662.54
1662.38
1662.01
1661.71
1661.41
1661.05
1661.14
1660.93
1660.5
1660.91
1660.74
1660.65
1660.67
1660.82
1661
1661.12
1661.34
1661.65
1661.65
1661.15
1660.3
1659.49
1658.81
1658.22
1657.64
1657.25
1657.03
1656.92
1656.91
1656.94
1657.05
1657.15
1657.26
1657.3
1657.24
1657.29
1657.39
1657.41
1643.11
1643.04
1642.88
1642.63
1642.42
1642.18
1641.84
1641.53
1641.36
1640.98
1640.61
1641.4
1641.08
1640.3
1640.58
1640.85
1641.02
1641.03
1641.09
1641.16
1641.07
1640.66
1640.06
1639.07
1638.47
1638.03
1637.74
1637.29
1637.14
1637.06
1637.23
1637.29
1637.35
1637.38
1637.43
1638.08
1637.64
1637.79
1637.87
1638.27
1623.45
1623.35
1623.14
1622.88
1622.64
1622.41
1622.17
1621.96
1621.66
1621.33
1621.46
1621.37
1621.27
1621.2
1621.5
1621.58
1621.79
1622.21
1622.3
1621.37
1620.81
1619.97
1619.38
1618.82
1618.02
1617.47
1617.28
1616.98
1616.93
1617.07
1617.33
1617.52
1617.51
1617.42
1617.69
1617.94
1618.05
1618.06
1618.67
1618.78
1603.78
1603.6
1603.36
1603.09
1602.83
1602.56
1602.31
1602.02
1601.61
1601.63
1601.47
1601.34
1601.62
1601.78
1602.22
1602.55
1603.3
1603.5
1603.06
1602.21
1601.3
1599.8
1598.6
1597.76
1597.64
1597.3
1596.94
1596.9
1597.36
1597.23
1597.48
1598.05
1598.04
1597.87
1598.13
1598.26
1598.3
1599.12
1599.1
1600.26
1584.04
1583.88
1583.57
1583.34
1583.06
1582.73
1582.68
1582.68
1582.47
1582.25
1583.33
1583.23
1582.67
1583.65
1583.38
1582.53
1583.09
1583.37
1583.2
1582.29
1580.83
1579.41
1578.06
1577.01
1576.65
1577.18
1577.39
1577.71
1578.12
1578.66
1578.66
1578.73
1578.68
1578.73
1578.55
1578.59
1579.06
1579.47
1579.65
1581.05
1564.32
1564.09
1563.85
1563.64
1563.37
1563.2
1563.2
1562.96
1562.73
1562.37
1562.4
1562.07
1561.3
1561.4
1561.14
1561.08
1560.81
1560.61
1559.87
1559.25
1558.67
1557.86
1557.04
1556.6
1556.71
1557.09
1558.19
1558.25
1559.08
1559.67
1559.47
1559.15
1559.15
1559.1
1559.21
1559.55
1559.81
1560.23
1561.13
1561.68
1544.63
1544.37
1544.11
1543.93
1543.69
1543.68
1543.54
1543.33
1542.65
1542.85
1542.52
1541.11
1540.36
1539.71
1538.96
1538.11
1537.33
1536.16
1535.18
1534.56
1534.2
1533.97
1534.17
1534.78
1535.62
1536.65
1537.74
1538.88
1539.98
1540.67
1541.31
1542.26
1542.31
1542.13
1542.18
1542.52
1543.01
1543.2
1543.21
1543.07
1524.94
1524.67
1524.36
1524.07
1523.64
1524.03
1523.51
1524.35
1522.51
1523
1521.81
1520.31
1519.02
1517.85
1516.62
1515.29
1513.66
1511.56
1509.63
1508.52
1508.2
1508.36
1509.22
1510.81
1512.65
1514.82
1517.07
1518.98
1520.65
1521.96
1523.82
1524.92
1525.13
1525.06
1524.6
1524.52
1524.51
1524.47
1524.52
1524.57
1505.3
1505.04
1504.68
1504.35
1504.19
1503.85
1503.21
1504.84
1502.86
1502.55
1501.63
1498.95
1497.64
1496.3
1494.74
1492.94
1490.88
1488.91
1487.07
1484.83
1484.46
1484.79
1485.88
1487.38
1489.59
1492.4
1495.45
1498.05
1500.43
1502.51
1504.34
1505.44
1506.67
1507.21
1505.12
1504.97
1504.89
1504.85
1504.82
1504.85
1485.82
1485.5
1485.07
1484.66
1484.53
1484.11
1482.8
1483.42
1482.4
1482.08
1481.98
1478.48
1476.87
1475.35
1473.81
1472.19
1470.59
1469.05
1467.89
1466.63
1466.86
1467.93
1469.26
1469.26
1469.36
1471.11
1473.94
1476.81
1479.51
1481.8
1483.84
1485.34
1486.1
1486.38
1485.53
1485.75
1485.3
1485.06
1485.08
1485.05
1466.48
1465.84
1465.43
1464.78
1464.69
1464.66
1462.79
1462.33
1461.63
1460.49
1459.97
1458.08
1456.74
1455.35
1454.04
1452.79
1452.52
1452.86
1451.89
1450.48
1450.27
1451.32
1451.31
1451.54
1453.1
1452.33
1453.69
1456.14
1458.47
1460.7
1462.55
1464.07
1464.65
1464.92
1464.71
1464.62
1464.32
1464.52
1464.58
1464.66
1446.61
1446.18
1445.51
1444.81
1444.14
1443.47
1442.56
1441.89
1441.15
1440.35
1439.36
1438.09
1436.75
1435.35
1433.97
1432.64
1434.54
1434.08
1430.93
1431.12
1430.78
1431.47
1432.24
1433.37
1434.85
1436.48
1433.77
1435.45
1437.35
1439.3
1440.9
1442.18
1442.65
1443.14
1443.49
1443.97
1443.96
1444.06
1444.32
1444.71
1426.41
1426.18
1425.27
1424.42
1423.41
1422.92
1422.33
1421.8
1421.21
1420.51
1419.57
1418.57
1417.52
1416.15
1414.66
1413
1411.97
1411.08
1411.5
1411.38
1412.05
1412.63
1413.62
1414.49
1415.28
1417.99
1414.49
1414.73
1416.28
1418.34
1420.03
1421.07
1424.59
1422.47
1423.05
1423.68
1423.59
1423.69
1424.21
1424.63
1406.45
1406.03
1405.59
1405.44
1404.3
1402.89
1402.19
1401.63
1401.05
1400.64
1400.19
1399.53
1398.74
1397.81
1396.93
1396.05
1395.38
1394.96
1394.7
1394.82
1394.95
1395.2
1395.99
1396.49
1396.58
1396.39
1397.83
1397.31
1397.1
1398.95
1400.87
1401.72
1408.87
1403.96
1404.32
1404.26
1403.28
1403.54
1404.92
1405.28
1386.91
1386.52
1386.17
1385.87
1385.07
1384.22
1383.53
1382.73
1381.78
1381.36
1381.01
1380.57
1380.28
1379.86
1379.34
1378.78
1378.34
1378.04
1377.96
1377.97
1378.42
1378.52
1378.93
1379.23
1379.08
1379.62
1380.14
1379.83
1379.86
1381.38
1383.1
1383.6
1390.49
1385.72
1387.17
1386.41
1386.24
1387.19
1387.66
1387.48
1367.76
1367.52
1367.26
1367.08
1366.85
1366.26
1365.57
1364.9
1364.02
1363.34
1362.96
1362.65
1362.37
1362.19
1361.82
1361.51
1361.25
1361.07
1361.01
1361.04
1361.2
1361.38
1361.46
1361.71
1361.79
1361.5
1364.04
1364.25
1364.11
1364.63
1365.68
1365.72
1371.53
1368.16
1368.02
1368.03
1368.52
1370.43
1370.86
1370.42
1348.92
1348.93
1348.95
1348.76
1348.46
1348.13
1348.04
1347.17
1346.12
1345.78
1345.34
1345.04
1344.81
1344.56
1344.3
1344.08
1343.89
1343.72
1343.73
1343.71
1343.63
1343.67
1343.61
1343.55
1343.75
1343.44
1347.15
1347.92
1347.46
1347.99
1348.55
1348.21
1350.89
1351.23
1347.95
1348.76
1350.14
1352.56
1352.65
1352.17
1329.86
1329.87
1329.98
1330.04
1329.97
1329.75
1329.44
1329.26
1328.75
1328.19
1328.37
1327.71
1327.28
1327.05
1326.73
1326.45
1326.33
1326.29
1326.09
1325.84
1325.94
1325.97
1325.47
1325.57
1325.12
1327.41
1328.11
1329.19
1329.56
1330.17
1330.74
1330.88
1332.69
1334.1
1330.91
1330.24
1331.07
1331.91
1334.32
1333.66
1311.17
1310.78
1310.87
1310.99
1311.23
1311.36
1311.22
1310.85
1310.24
1310.42
1310.48
1310.25
1309.7
1309.48
1309.24
1308.94
1308.63
1308.27
1308.17
1307.97
1307.81
1307.51
1307.59
1308.37
1308.7
1308.75
1309.12
1309.59
1310.07
1310.69
1311.38
1311.99
1312.62
1314.23
1313.43
1310.52
1311.04
1311.08
1311.31
1316.55
1291.58
1291.54
1291.39
1291.59
1291.88
1292.18
1292.14
1292.51
1292.57
1292.41
1292.23
1292.06
1291.8
1291.41
1290.89
1290.37
1290.04
1289.91
1289.39
1289.07
1289.73
1289.84
1289.91
1290.16
1288.34
1289.19
1289.52
1289.89
1290.3
1290.76
1291.24
1291.5
1291.47
1291.16
1290.12
1289.47
1288.98
1288.47
1287.97
1294.2
1271.79
1271.62
1272.04
1272.88
1273.6
1274.02
1273.97
1273.94
1273.65
1273.62
1273.4
1273.15
1272.78
1272.43
1272.09
1272.26
1271.76
1271.07
1270.6
1273.69
1273.09
1269.45
1269.75
1269.24
1269.05
1269.37
1269.82
1270.21
1270.55
1270.86
1271.08
1271.1
1270.83
1270.33
1269.58
1268.54
1267.31
1265.81
1265.09
1268.25
1252.84
1253.28
1253.82
1254.54
1255.15
1255.46
1255.71
1255.64
1255.43
1255.12
1254.72
1254.3
1253.75
1253.22
1252.28
1252.5
1252.8
1251.56
1251.25
1251.16
1251.12
1250.89
1251.16
1251.2
1250.87
1250.19
1250.34
1250.66
1251.05
1251.38
1251.57
1251.55
1251.28
1250.71
1249.89
1248.56
1246.75
1244.92
1245.57
1246.43
1234.57
1234.85
1235.82
1235.93
1236.57
1237
1237.09
1236.94
1236.63
1236.14
1235.64
1235.16
1234.5
1233.64
1231.77
1230.49
1231.19
1231.3
1231.47
1231.62
1231.74
1231.97
1232.21
1231.8
1231.07
1230.83
1230.94
1231.19
1231.43
1231.73
1232.04
1232.23
1232.27
1232.09
1231.51
1230.19
1227.94
1227.88
1228.89
1229.04
1215.44
1215.57
1215.91
1216.91
1217.73
1218.29
1218.41
1218.26
1217.87
1217.42
1217.1
1216.54
1215.72
1214.8
1214.59
1213.66
1212.18
1212.71
1212.23
1211.61
1210.85
1211.06
1211.72
1211.86
1211.4
1210.96
1210.89
1211.12
1211.4
1211.85
1212.38
1212.92
1213.44
1213.71
1213.46
1212.63
1211.09
1212.47
1212.53
1212.79
1198
1194.82
1194.62
1195.63
1196.87
1197.91
1198.29
1198.57
1198.63
1198.59
1198.58
1198.44
1197.88
1198.27
1197.42
1196.46
1195.18
1194.17
1193.15
1191.85
1190.89
1190.7
1190.77
1190.4
1189.91
1189.83
1190.21
1190.6
1191
1191.57
1192.2
1192.9
1193.76
1194.59
1195.14
1195.33
1195.06
1195.9
1196.21
1196.43
1178.14
1177.25
1175.95
1174.98
1176.68
1178.44
1178.96
1180.6
1182.23
1182.41
1181.93
1181.28
1180.74
1180.77
1180.1
1179.21
1177.23
1176.34
1175.12
1173.55
1172.11
1171.18
1170.26
1169.52
1172.29
1171.71
1169.78
1170.01
1170.28
1170.75
1171.45
1172.28
1173.63
1175.11
1175.95
1176.59
1177.25
1178.4
1179.4
1179.74
1161.08
1160.82
1160.24
1158.46
1159.32
1160.27
1160.67
1162.39
1163.45
1163
1162.85
1163.27
1162.72
1161.25
1160.91
1160.22
1159.5
1158.15
1156.68
1155.02
1153.56
1152.71
1153.6
1153.2
1153.11
1153.07
1150.86
1150.11
1149.57
1149.52
1149.89
1151.18
1153.96
1155.1
1155.84
1156.68
1157.54
1158.44
1159.82
1162.54
1143.1
1142.18
1141.79
1141.7
1141.79
1141.78
1142.13
1142.55
1142.9
1143.18
1143.54
1143.46
1142.51
1141.68
1141.54
1141.31
1140.38
1138.72
1137.45
1137.56
1137.6
1136.64
1135.67
1134.72
1134.34
1132.45
1130.7
1129.97
1129.6
1129.87
1130.45
1132.78
1135.05
1135.35
1136.21
1136.8
1137.38
1137.96
1138.54
1138.4
1124.64
1124.19
1123.35
1123.7
1123.17
1123.01
1123.04
1123.2
1123.44
1123.64
1123.74
1123.36
1122.58
1122.37
1122.12
1121.75
1121.55
1121.78
1121.48
1119.73
1117.56
1116.07
1114.79
1113.53
1113.58
1112.75
1111.61
1110.79
1111.04
1112.04
1113.5
1115.2
1116.83
1116.87
1117.01
1117.04
1116.93
1117.11
1117.41
1117.89
1105.03
1104.66
1104.43
1104.86
1103.89
1103.75
1103.71
1103.74
1103.84
1103.99
1104.04
1103.79
1103.44
1103.61
1104.87
1105.04
1104.72
1102.3
1100.23
1099.63
1098.46
1097.3
1096.1
1094.85
1093.61
1092.68
1092.03
1092.51
1093.67
1095.1
1096.59
1097.79
1098.68
1098.47
1097.81
1097.04
1097.59
1098.58
1098.98
1099.26
1084.99
1084.78
1084.6
1084.51
1084.1
1083.98
1083.92
1083.92
1084.07
1084.37
1084.67
1084.95
1085.28
1086.21
1086.45
1084.24
1083.45
1083.44
1082.55
1081.09
1079.32
1077.51
1076.04
1075.37
1074.93
1074.15
1074.32
1075.26
1076.4
1077.71
1078.95
1079.46
1079.48
1079.33
1079.26
1078.98
1080.54
1081.4
1082.12
1082.69
1064.88
1064.75
1064.63
1064.5
1064.35
1064.33
1064.39
1064.53
1064.91
1065.42
1065.95
1066.35
1066.71
1070.58
1065.29
1065.57
1064.36
1062.9
1061.59
1060.4
1060.45
1060.14
1059.64
1059.39
1059.44
1059.49
1059.58
1059.62
1059.85
1060.38
1060.64
1060.49
1059.38
1059.5
1060
1061.06
1062.53
1063.63
1064.95
1065.54
1044.49
1044.47
1044.4
1044.36
1044.47
1044.84
1045.23
1045.67
1046.19
1046.77
1047.46
1047.99
1048.51
1051.22
1044.97
1043.78
1042.3
1040.81
1040.6
1040.62
1040.62
1041.2
1041.34
1042.39
1042.85
1043.2
1043.22
1042.51
1042.82
1042.5
1042.03
1040.83
1042
1042.01
1042.11
1041.86
1044.94
1045.46
1045.96
1046.08
1024.29
1025.75
1025.06
1025.34
1025.57
1025.61
1025.83
1026.54
1027.25
1027.96
1028.58
1028.87
1027.95
1029.02
1023.52
1022.37
1020.18
1017.66
1017.3
1017.82
1019.27
1021.2
1023.1
1024.46
1025.42
1025.51
1025.7
1025.14
1024.11
1022.84
1023.31
1021.57
1022.49
1022.17
1022.32
1023.26
1024.9
1026.38
1027.63
1028.17
1005.71
1006.61
1006.86
1006.84
1007.18
1007.36
1007.12
1007.58
1007.99
1008.17
1007.9
1006.63
1010.82
1004.54
1001.83
999.674
996.274
992.226
989.667
991.585
996.086
1000.41
1003.63
1005.54
1006.65
1007.38
1007.91
1007.07
1006.3
1004.38
1001.88
1001.2
1000.04
998.939
998.599
999.122
1000.58
1002.82
1004.75
1006.35
987.649
988.471
988.711
988.73
988.679
988.409
988.166
988.306
988.355
988.449
988.109
987.379
987.831
985.534
978.524
979.006
974.755
974.477
972.035
971.202
972.464
976.613
980.475
982.223
981.821
981.77
981.589
981.755
981.588
980.957
980.302
978.984
976.76
973.166
971.301
971.276
972.691
975.191
978.837
980.95
968.713
968.975
969.679
969.512
969.169
969.12
968.976
968.827
968.481
968.674
967.942
967.011
966.929
968.078
962.103
959.317
957.408
951.127
953.379
951.881
950.159
950.939
951.443
950.447
947.025
943.451
940.953
940.23
942.639
946.338
949.77
950.927
951.927
952.417
952.63
952.626
954.237
957.799
962.322
966.919
949.696
949.747
949.852
949.906
949.943
949.878
949.746
949.582
949.161
948.848
948.257
947.299
947.027
944.983
945.1
937.568
935.252
934.609
932.011
934.704
929.68
930.576
926.864
918.567
911.192
911.009
912.004
915.414
915.938
916.08
922.803
930.675
936.516
939.309
940.414
941.814
943.659
947.639
951.213
957.128
930.705
930.675
930.753
930.924
930.919
930.808
930.633
930.336
929.865
929.035
928.848
926.814
926.113
924.219
920.276
917.845
914.92
916.728
916.761
914.983
917.763
919.37
914.416
903.848
904.1
902.476
902.414
903.045
904.748
908.594
912.671
915.684
920.918
925.312
927.674
928.844
930.44
932.616
935.532
940.287
911.934
912.011
912.203
912.303
912.288
912.048
911.661
911.171
910.476
909.48
909.225
907.047
906.654
904.085
901.638
901.662
900.927
900.07
898.544
900.565
902.194
898.621
896.212
893.393
899.754
899.963
900.289
901.508
903.537
905.155
906.441
906.185
909.448
911.866
913.814
912.825
913.37
915.194
916.528
917.489
893.567
893.846
894.194
894.378
894.268
893.865
893.27
892.533
891.684
891.011
890.254
889.038
887.677
886.958
884.815
886.472
885.039
882.999
879.691
886.24
886.373
886.717
892.104
889.391
890.804
891.725
892.948
894.618
896.821
896.912
892.162
893.159
894.788
895.697
895.484
895.649
895.984
896.34
896.585
897.827
875.581
875.774
876.1
876.473
876.612
875.823
874.993
874.158
873.414
872.83
872.489
871.677
870.713
870.402
869.519
870.773
869.363
869.134
868.285
869.776
873.99
868.607
877.525
866.186
875.881
876.255
876.505
879.867
881.294
880.628
879.386
876.094
876.04
875.816
875.598
874.677
873.736
873.165
872.969
874.27
857.071
857.689
857.989
858.039
857.943
858.286
856.683
855.763
854.718
853.77
853.438
852.944
852.702
852.862
853.028
853.624
852.495
858.312
852.322
855.032
855.497
852.829
853.69
852.128
845.638
853.983
859.151
860.208
861.741
862.279
861.306
861.411
856.855
855.968
855.206
854.612
854.428
852.929
853.947
857.101
839.46
839.708
839.898
839.856
839.56
839.035
838.303
837.323
836.263
835.559
834.474
833.622
833.445
833.792
834.598
835.11
835.082
842.624
835.188
836.742
835.29
833.93
833.276
830.081
830.129
830.579
831.487
836.745
838.383
839.844
839.695
845.08
837.304
837.546
837.054
837.617
838.819
839.678
841.597
843.338
822.717
822.159
822.095
821.793
821.487
821.052
820.464
819.55
818.596
817.451
816.225
815.993
816.266
816.552
816.872
817.334
818.101
818.244
823.046
817.681
819.846
816.071
818.66
817.318
815.238
814.365
814.441
814.24
814.77
818.688
819.798
825.752
821.768
822.597
821.312
821.159
822.16
825.659
827.437
831.3
806.442
804.533
804.268
804.272
803.491
803.117
803.104
802.56
801.891
801.142
800.2
800.161
799.835
800.61
800.939
800.017
801.43
802.046
802.165
801.47
801.952
802.903
804.659
803.437
802.293
801.494
800.549
800.671
800.74
804.381
807.767
808.325
810.662
809.88
807.151
809.291
809.875
810.519
811.184
811.805
785.64
786.67
785.817
785.159
784.769
784.782
784.717
784.645
784.44
784.082
784.054
783.951
783.658
784.2
787.645
782.822
784.301
784.854
785.292
784.833
786.559
788.967
790.507
789.257
789.052
788.989
789.123
790.098
789.257
792.147
796.567
799.139
800.681
798.243
799.213
798.409
797.331
797.263
797.766
796.298
766.794
767.355
769.375
767.242
766.86
767.054
767.01
766.686
766.278
766.374
767.013
767.274
766.838
765.916
774.466
766.527
768.726
768.039
766.121
773.493
768.395
773.208
774.684
775.094
776.056
776.326
776.335
777.031
777.871
780.06
783.484
786.685
788.866
787.925
783.367
780.813
779.366
780.249
778.989
780.422
746.185
746.872
755.861
750.923
751.007
750.176
749.356
748.651
749.835
753.248
749.924
750.934
751.391
750.042
752.046
753.024
751.772
750.657
751.112
753.733
752.072
759.28
759.252
759.945
765.013
765.239
762.302
761.672
762.637
763.032
766.45
768.294
768.301
768.479
767.171
762.986
762.226
760.322
759.278
760.566
726.055
728.401
732.119
733.992
733.794
734.624
734.794
734.507
734.228
734.697
733.961
735.874
735.769
732.915
734.211
736.13
736.905
736.903
737.406
739.24
738.523
742.215
742.162
743.03
754.465
747.041
744.681
744.156
744.01
744.067
744.44
746.876
746.375
746.525
744.607
744.504
747.156
747.259
743.859
747.118
713.246
713.96
715.77
716.228
717.41
717.395
717.499
717.794
718.45
717.801
717.711
717.633
714.938
715.439
717.093
718.566
718.93
718.689
718.763
721.194
718.476
720.55
721.969
723.646
724.923
725.352
725.277
724.748
723.886
722.7
721.226
729.946
725.457
727.43
723.559
728.105
730.38
730.853
730.323
734.476
698.403
699.196
699.995
699.519
699.334
699.661
699.587
699.338
699.955
699.923
697.61
697.405
699.904
700.172
700.433
700.415
699.52
701.126
701.466
700.196
697.482
697.023
700.296
702.794
704.404
705.833
706.743
706.749
706.39
705.496
706.655
708.92
703.687
705.37
704.691
709.394
713.449
710.413
710.079
711.053
683.545
682.593
681.821
681.605
681.379
681.117
680.955
680.902
681.151
681.035
680.417
683.315
685.22
684.564
684.238
682.714
684.261
683.625
681.129
680.608
681.52
679.591
679.956
682.52
685.416
687.952
689.795
691.031
692.254
692.336
692.034
690.192
689.22
688.74
689.202
690.641
690.294
692.384
690.898
690.961
668.118
665.217
663.892
664.323
663.885
662.986
662.303
661.921
662.265
662.779
663.382
664.318
665.269
666.625
666.455
664.118
664.939
664.767
664.463
664.377
663.969
663.857
665.115
666.416
669.2
672.546
674.544
675.699
678.749
677.16
675.081
673.738
670.028
673.447
670.437
673.697
673.978
671.106
671.483
672.936
654.542
654.169
651.784
648.686
648.251
648.215
646.479
644.514
645.017
645.607
646.493
647.96
648.741
648.147
647.317
646.394
645.825
648.484
649.645
650.054
650.711
651.371
652.228
652.655
655.159
658.982
661.091
663.727
661.298
658.244
655.862
653.89
650.573
651.908
652.523
652
652.957
653.161
653.84
654.774
632.947
631.946
632.383
634.455
634.753
634.519
633.151
628.726
632.049
629.305
630.297
630.265
629.929
630.451
631.089
631.968
632.891
634.244
633.035
634.591
635.405
636.292
636.359
634.625
636.199
640.231
644.018
643.124
640.022
637.309
635.122
633.007
631.705
632.374
634.73
636.479
636.897
636.436
635.84
636.595
614.439
614.574
614.424
613.466
613.129
613.073
612.345
611.331
611.785
611.276
611.493
612.781
612.458
612.916
613.622
614.712
615.544
616.467
615.931
619.635
618.595
618.784
615.684
609.614
607.678
613.513
615.525
613.454
611.119
610.281
605.448
602.852
604.302
608.792
612.25
613.579
615.59
616.137
616.574
616.163
593.904
594.828
594.949
594.631
594.536
593.944
593.596
593.313
593.11
592.805
592.642
591.849
593.465
594.153
594.587
596.8
597.56
598.532
602.53
602.821
598.55
601.62
592.288
577.595
588.869
585.84
593.674
591.56
585.272
584.789
588.414
589.703
579.07
587.394
591.618
592.943
594.656
595.873
596.863
597.378
575.462
575.7
575.649
575.12
574.894
575.67
574.978
574.8
574.602
574.387
574.057
573.811
574.349
574.887
575.059
577.876
578.297
578.986
586.354
580.638
581.898
586.42
580.562
566.985
572.663
574.796
573.736
573.339
578.702
580.221
580.212
578.277
573.079
573.673
575.402
575.542
576.013
576.506
577.307
577.539
554.314
554.508
555.109
556.23
557.121
556.705
556.64
556.448
556.052
555.624
555.628
555.849
555.888
556.157
556.102
557.743
557.471
562.093
560.996
563.474
565.033
565.169
569.601
560.402
565.084
566.028
565.045
563.041
562.944
564.339
566.697
562.719
557.933
557.716
557.801
557.533
558.081
558.264
558.212
558.706
530.249
530.448
531.412
532.566
534.145
535.794
536.43
536.252
536.25
536.011
535.699
537.147
536.288
535.748
536.741
537.588
538.912
543.573
543.265
542.761
542.504
543.755
541.394
540.28
542.82
543.321
541.488
542.561
545.217
543.442
543.032
541.902
540.242
539.802
538.669
537.176
537.897
536.748
537.837
538.708
504.013
503.024
503.229
504.477
506.767
509.558
511.503
513.618
515.14
515.417
515.556
515.655
515.457
515.733
516.6
517.6
520.48
519.928
521.246
520.537
519.949
520.473
520.714
520.545
519.536
520.156
523.326
523.619
522.834
522.111
521.706
520.682
519.626
518.585
518.015
516.67
513.776
514.056
515.272
516.669
474.288
471.774
471.305
472.662
475.488
478.883
482.7
486.76
490.559
493.571
495.08
495.484
494.786
494.245
495.333
496.038
497.567
498.369
499.978
501.738
500.964
501.631
498.392
497.355
496.555
496.294
495.664
495.278
496.054
497.788
498.964
499.929
500.085
499.333
500.071
497.172
491.12
489
489.003
491.557
437.679
434.05
433.759
435.764
439.656
444.866
451.106
457.743
464.089
470.175
474.083
474.576
473.293
472.449
475.69
474.273
475.116
476.029
477.55
479.591
481.41
474.565
474.94
476.182
477.271
476.383
477.588
478.547
480.008
478.59
477.737
479.784
481.029
481.222
480.123
476.832
471.378
477.599
471.467
474.616
393.197
388.787
390.272
394.616
400.443
407.187
415.351
424.245
434.102
442.754
448.403
449.98
449.255
449.107
450.751
451.506
452.46
453.84
455.029
455.934
456.966
458.79
449.858
449.135
450.765
452.902
458.13
457.139
459.051
460.758
460.659
460.87
463.521
464.089
463.591
463.289
462.775
466.503
466.712
464.199
336.961
332.858
339.43
348.489
357.093
366.316
376.292
386.291
396.869
406.538
414.029
419.388
422.223
423.491
426.004
428.555
429.991
431.676
433.787
435.068
434.412
433.943
432.801
433.195
433.405
434.048
432.993
442.514
444.958
443.126
441.841
442.676
443.689
444.986
446.875
447.592
451.844
454.153
455.292
456.26
273.973
275.795
290
304.138
315.219
325.799
336.677
347.466
358.384
374.811
379.879
385.681
394.047
398.3
401.952
405.756
409.093
410.985
413.99
415.693
416.723
417.271
418.948
419.745
420.742
422.442
422.107
427.221
426.261
422.125
421.266
430.636
428.528
428.988
429.162
432.7
434.847
441.214
442.457
441.663
250.032
257.369
259.502
271.404
282.35
292.203
302.743
315.74
329.495
343.031
352.123
357.659
364.179
374.596
378.094
384.967
388.968
391.397
394.716
395.645
398.572
403.641
407.378
409.037
409.93
410.612
416.289
418.628
413.222
415.752
415.245
416.859
419.648
421.789
422.791
419.6
427.618
420.949
427.551
423.964
240.865
243.008
248.405
253.14
260.866
268.53
279.032
293.362
307.308
319.03
328.871
336.542
342.876
348.938
357.797
363.852
368.967
373.861
377.091
381.36
387.346
391.986
395.79
398.778
400.845
401.014
402.846
402.224
401.815
405.385
406.193
404.341
403.473
403.89
405.024
408.124
408.325
407.824
410.169
409.543
234.911
236.451
238.291
239.499
245.378
253.308
263.298
277.05
290.17
300.789
310.449
318.706
325.455
331.893
338.837
347.3
353.969
358.966
363.001
369.653
376.893
380.79
383.37
385.558
386.067
386.217
384.532
382.82
394.202
395.194
387.45
388.332
388.551
388.52
389.183
390.788
390.811
390.864
393.211
392.568
228.943
229.002
229.6
230.96
234.223
240.958
253.45
262.118
276.037
286.725
295.579
303.825
310.249
316.776
322.584
331.279
338.178
341.875
346.62
352.876
363.892
362.198
363.919
366.71
369.064
367.666
366.372
372.852
372.606
376.187
375.17
371.488
371.099
371.268
371.916
371.914
374.095
373.108
374.836
375.181
218.647
219.051
219.832
221.805
225.111
229.869
236.833
250.067
261.378
272.24
281.399
289.483
295.674
300.368
308.143
316.246
321.791
325.269
328.883
332.399
336.34
339.807
343.846
347.251
350.074
352.288
353.65
357.753
346.311
350.837
351.622
350.456
352.189
352.546
353.209
354.018
354.889
355.564
356.347
356.902
207.552
207.533
208.395
210.612
214.238
218.943
224.186
231.973
244.136
254.621
260.591
266.195
273.293
281.39
292.165
301.783
306.376
309.378
312.138
314.969
317.821
320.619
323.518
325.938
327.171
327.951
335.366
327.516
326.26
325.47
324.963
325.301
326.437
327.848
329.868
331.873
333.175
334.402
335.97
336.547
198.57
197.098
197.06
198.663
202.892
208.133
212.013
215.946
220.864
230.416
235.377
237.345
246.581
264.103
278.599
286.176
289.406
292.346
295.063
297.518
299.847
301.984
303.917
305.553
306.101
307.228
311.218
300.159
299.759
296.605
294.98
296.274
298.378
301.061
303.937
306.597
309.051
311.235
313.031
313.801
189.048
188.456
189.317
190.959
194.539
198.826
201.945
203.323
203.459
204.668
203.445
214.675
235.6
252.081
262.494
269.333
273.793
276.669
278.765
280.575
282.279
283.611
284.675
285.475
285.17
284.136
286.045
274.204
269.15
265.442
264.085
261.023
264.068
269.234
275.562
280.924
284.72
287.383
289.35
290.176
183.872
182.585
186.927
188.379
190.341
191.977
192.016
191.918
191.753
195.343
197.825
211.882
220.405
235.703
247.641
254.693
258.849
261.543
263.436
264.828
265.898
266.439
266.453
268.871
267.616
265.73
261.511
255.242
248.221
242.059
238.607
241.203
242.668
244.124
252.433
260.076
264.545
267.271
269.317
269.882
178.386
182.788
182.673
189.193
186.895
190.627
191.498
192.475
194.574
199.532
207.955
213.953
215.185
225.994
234.87
239.866
243.725
246.24
247.825
249.016
250.59
252.69
253.888
253.8
252.667
251.081
248.616
244.724
240.513
236.458
233.799
231.869
236.359
235.833
240.467
246.542
249.107
250.805
252.954
254.998
175.223
175.939
180.064
182.904
184.786
186.427
188.818
194.148
201.015
204.906
206.573
209.683
212.393
218.497
223.158
225.834
228.504
231.438
234.105
236.398
238.335
238.97
239.231
239.518
239.82
239.673
238.919
237.127
235.052
232.973
231.102
229.808
228.767
233.177
230.707
235.298
235.358
239.066
240.396
242.377
171.106
171.486
173.929
175.439
177.036
179.819
182.909
186.17
189.614
194.678
200.785
205.17
207.54
210.422
213.179
215.829
217.31
219.628
221.582
223.527
225.035
226.074
227.121
227.821
227.895
227.551
227.271
226.31
225.292
224.262
222.741
221.555
219.478
224.499
221.48
223.745
224.507
226.842
228.246
229.29
164.783
164.623
163.767
166.66
167.851
170.402
173.903
177.257
180.311
183.219
187.546
191.635
194.319
198.758
201.504
201.874
204.726
207.229
209.039
210.161
210.548
211.225
211.283
211.942
211.763
212.854
213.244
212.674
212.683
213.242
213.053
212.95
218.172
218.179
212.588
213.486
214.284
215.137
215.135
215.689
157.444
156.474
153.676
158.103
164.585
163.87
161.727
165.03
166.507
167.502
171.623
176.602
180.072
183.086
186.34
189.457
191.957
193.912
196.782
201.211
205.3
207.448
206.593
204.597
202.833
199.93
200.493
201.456
203.311
204.352
204.711
206.248
207.563
204.334
201.402
200.969
200.846
200.83
201.899
203.135
152.419
151.091
152.131
154.643
154.073
154.471
154.638
153.205
153.236
154.704
159.164
162.364
167.608
170.968
172.671
174.506
179.788
183.488
184.87
185.19
185.527
185.625
186.113
185.83
184.633
185.974
187.286
188.298
189.582
190.661
188.111
188.04
189.819
189.939
187.613
186.12
185.068
184.368
185.504
185.773
147.075
146.688
145.715
144.356
146.086
146.2
146.411
146.333
147.418
150.704
153.664
155.767
158.432
156.978
157.544
160.608
161.065
162.816
164.252
166.174
167.084
167.381
167.599
167.325
165.672
171.789
173.797
171.785
173.426
174.354
174.123
173.468
170.798
169.352
169.138
167.808
168.275
168.906
169.844
170.071
142.279
140.309
138.211
136.731
136.366
136.93
136.148
137.835
139.991
141.489
143.284
146.152
148.543
145.898
144.398
145.725
145.759
145.676
146.494
147.168
147.452
147.733
147.451
145.926
155.363
154.119
152.519
153.308
153.318
152.347
150.482
148.303
148.163
146.872
146.492
145.936
146.162
147.48
149.145
149.956
130.517
127.186
123.771
121.112
119.953
120.166
120.402
121.16
122.213
123.38
124.063
123.606
124.408
126.015
127.32
128.86
128.97
128.096
127.603
127.821
127.804
131.074
133.064
134.105
134.597
134.723
133.74
132.122
130.156
128.312
126.162
123.663
122.572
122.286
121.412
120.918
121.687
123.283
125.521
126.88
109.505
104.907
101.452
99.3083
98.0115
97.7923
98.5803
99.4943
100.59
101.523
101.435
101.333
102.777
105.613
108.597
111.234
113.512
116.706
116.217
114.462
113.668
112.94
116.488
117.927
118.659
116.51
111.931
110.607
108.324
105.304
102.071
97.9159
96.6897
99.6691
102.903
107.641
109.151
106.24
106.877
107.913
85.3738
81.268
77.5025
74.1486
74.0255
74.9725
76.0145
77.7084
78.9909
79.3144
78.7419
78.4719
80.2557
83.5428
87.3254
90.5325
92.2816
92.2164
91.0159
90.0409
90.2162
92.0662
93.0009
96.5036
98.7607
99.0302
97.1517
92.4561
89.8593
86.2714
86.1335
87.4672
88.2584
87.1152
89.0838
94.0556
94.5616
92.3805
91.305
91.9692
61.3872
60.715
57.3455
55.1882
55.1165
53.7888
51.9563
53.7831
56.1976
56.8425
55.8778
54.8112
55.3806
58.6685
62.4855
65.3209
66.1651
65.5773
65.5908
65.9789
66.8739
68.4377
70.482
73.1092
75.2955
75.6512
75.6793
75.3158
75.0504
76.2656
75.5471
73.8107
75.3799
76.3506
73.055
82.5143
77.6865
76.4939
76.3595
76.7195
48.8725
48.2105
48.9301
46.7319
42.7836
40.8025
37.3579
35.8508
37.767
36.9282
34.8404
31.998
29.8462
30.318
32.7554
35.418
37.3594
37.6116
37.871
38.7829
40.5233
43.4019
47.0372
50.8376
54.1286
56.743
58.3074
58.5887
58.3561
56.7452
62.0289
56.5798
57.6179
62.0372
61.1575
70.2372
58.7648
61.0591
61.0011
61.1842
43.61
42.1509
39.2786
35.8497
35.9286
32.9258
29.5843
31.9198
23.8736
24.5024
19.2663
16.3296
10.6421
3.30233
1.4764
0.0953673
-1.02648
2.77331
7.56488
9.25299
10.7944
15.217
22.0847
28.8676
34.4686
38.0727
40.6538
40.7898
40.8437
38.3468
43.9064
36.1242
39.7335
40.6781
46.1083
54.0977
41.9979
45.0668
45.586
45.8124
32.5699
31.7175
30.526
29.3563
27.6907
25.2921
22.0301
19.3998
13.7681
6.17415
1.46156
-0.770343
-2.59687
-1.48335
-1.7964
-1.83579
-1.5487
-1.2999
-1.12296
-1.17774
-0.270842
2.04762
8.43758
16.6629
23.6882
26.6087
25.5356
24.048
22.8468
20.452
23.0101
23.3085
20.528
15.5421
38.0409
22.609
24.382
28.0425
31.4381
33.0115
14.5022
13.7832
13.2417
11.2206
8.83336
6.22472
6.1425
8.06674
6.15981
2.34785
-1.39836
-1.80862
-2.0496
-1.93219
-1.91063
-1.89358
-1.81181
-1.67034
-1.5113
-1.45187
-1.11682
-0.060122
0.828079
2.26283
5.57349
3.17704
1.59575
4.96342
3.78869
4.36548
5.77185
3.21848
-1.66701
-2.3415
19.8216
-5.2572
9.42112
17.7514
22.4017
24.6577
1.97135
1.02738
0.880054
0.546801
-0.563719
-1.28655
-1.69156
-1.7721
-1.79407
-1.77836
-1.77948
-1.80594
-1.85555
-1.89849
-1.91868
-1.91281
-1.86639
-1.82051
-1.7843
-1.77092
-1.78105
-0.861921
-1.32415
-1.68362
-1.73229
-1.76461
-1.73378
-2.33081
-2.31913
-1.63314
-2.30694
-3.29014
-3.00201
2.01958
4.40222
3.43872
12.081
15.309
17.4567
17.9591
-2.86577
-1.9476
-1.80278
-1.77483
-1.76188
-1.77086
-1.78511
-1.79894
-1.81012
-1.82817
-1.84432
-1.85697
-1.87083
-1.87238
-1.87199
-1.86672
-1.85852
-1.88199
-1.95901
-2.11915
-2.04688
-2.08205
-1.98021
-1.91778
-1.85508
-1.81478
-1.79657
-1.76529
-1.84048
-0.512475
0.181236
-0.99613
0.315164
2.87147
3.54873
4.40494
7.86194
11.5195
10.7869
9.18159
-1.81543
-1.8094
-1.81169
-1.81904
-1.82407
-1.83078
-1.83477
-1.83655
-1.83725
-1.83837
-1.84159
-1.84604
-1.84992
-1.84826
-1.84694
-1.84628
-1.87203
-1.9208
-2.00348
-2.12415
-2.20413
-2.14846
-2.0474
-1.96367
-1.90677
-1.87335
-1.85492
-1.83811
-1.86186
-1.86911
-1.29093
-0.872515
-0.719111
-0.524075
-1.4
-1.52488
-1.44166
-0.499197
-0.377152
-0.567716
-1.8711
-1.86323
-1.86072
-1.85417
-1.85524
-1.85848
-1.85875
-1.86266
-1.8634
-1.86243
-1.85965
-1.85503
-1.84995
-1.84629
-1.84372
-1.84641
-1.86109
-1.8953
-1.94478
-1.99981
-2.03198
-2.02638
-1.99846
-1.96261
-1.93029
-1.90683
-1.89209
-1.8863
-1.88777
-1.88185
-1.87695
-1.8707
-1.86365
-1.85788
-1.84114
-1.84997
-1.87929
-1.88143
-1.87854
-1.86911
-1.89617
-1.89349
-1.89163
-1.89544
-1.89404
-1.88745
-1.88466
-1.88535
-1.88392
-1.88254
-1.87947
-1.87504
-1.87005
-1.8651
-1.86215
-1.86226
-1.86824
-1.88308
-1.90425
-1.92844
-1.94808
-1.9603
-1.95689
-1.94628
-1.93353
-1.923
-1.91591
-1.91227
-1.91233
-1.91422
-1.9122
-1.90117
-1.89174
-1.90415
-1.84779
-1.88257
-1.82698
-1.89485
-1.89161
-1.88979
-1.92074
-1.91329
-1.91449
-1.91383
-1.91224
-1.91045
-1.90739
-1.90713
-1.90671
-1.9054
-1.90264
-1.89942
-1.89638
-1.89403
-1.89302
-1.89386
-1.8973
-1.90383
-1.91294
-1.92349
-1.9316
-1.93818
-1.94062
-1.94031
-1.93843
-1.93579
-1.93369
-1.93323
-1.93511
-1.93853
-1.9393
-1.93307
-1.92946
-1.92424
-1.91534
-1.91627
-1.91263
-1.91195
-1.90896
-1.89804
-1.93121
-1.93736
-1.93517
-1.93345
-1.93223
-1.93135
-1.93068
-1.92987
-1.92881
-1.92765
-1.92623
-1.92474
-1.92337
-1.92237
-1.92215
-1.92288
-1.92466
-1.92744
-1.93101
-1.93496
-1.9387
-1.94153
-1.94364
-1.94527
-1.94645
-1.94726
-1.9483
-1.95008
-1.95289
-1.95582
-1.95539
-1.95064
-1.94603
-1.9431
-1.94292
-1.94296
-1.93672
-1.9342
-1.93628
-1.92764
-1.95822
-1.95892
-1.95733
-1.95537
-1.95403
-1.95309
-1.95231
-1.95162
-1.95102
-1.95049
-1.95006
-1.94966
-1.9493
-1.94912
-1.94916
-1.94942
-1.94982
-1.95039
-1.95122
-1.95209
-1.95312
-1.95436
-1.95595
-1.95794
-1.96018
-1.96253
-1.96494
-1.96703
-1.96764
-1.96678
-1.96328
-1.96025
-1.95827
-1.95613
-1.95537
-1.95462
-1.95286
-1.95214
-1.95062
-1.94822
1663.75
1663.76
1663.79
1663.83
1664.02
1664.28
1664.38
1664.46
1664.78
1664.9
1664.84
1664.47
1663.88
1663.18
1662.41
1661.59
1660.78
1659.95
1659.34
1658.37
1658.17
1657.78
1657.54
1657.56
1657.8
1658.17
1658.58
1659.04
1659.57
1660.11
1660.67
1661.28
1661.96
1662.45
1662.98
1663.41
1663.68
1663.7
1663.65
1663.55
1644.09
1644.06
1644
1644.02
1644.16
1644.45
1644.89
1645.01
1645.03
1644.73
1644.48
1644.14
1643.66
1643.09
1642.46
1641.73
1640.95
1640.12
1639.35
1638.72
1638.05
1637.69
1637.69
1637.5
1637.78
1638.19
1638.69
1639.26
1639.85
1640.43
1641.01
1641.6
1642.13
1642.76
1643.12
1643.48
1643.74
1643.84
1644
1643.92
1624.35
1624.34
1624.45
1624.54
1624.51
1625.02
1625.11
1625.07
1624.78
1624.47
1624.18
1623.79
1623.28
1622.71
1622.06
1621.41
1620.77
1620.07
1619.1
1618.26
1617.45
1617.07
1617.07
1616.92
1617.21
1617.79
1618.36
1619.01
1619.72
1620.39
1620.99
1621.54
1621.99
1622.68
1623.09
1623.35
1623.78
1623.99
1624.1
1624.18
1605.58
1605.47
1605.69
1605.56
1604.91
1604.9
1604.97
1604.99
1604.87
1604.61
1604.23
1603.69
1603.06
1602.69
1602.44
1601.54
1600.41
1599.34
1598.11
1596.88
1596.26
1596
1596.04
1596.2
1596.11
1596.72
1597.48
1598.27
1599.11
1599.9
1600.58
1601.2
1601.73
1602.43
1602.94
1603.32
1603.74
1604.1
1604.22
1604.5
1586.13
1585.9
1585.47
1585.45
1585.37
1585.32
1585.2
1584.91
1584.71
1584.41
1584.03
1584.06
1583.74
1583.15
1582.39
1581.55
1580.6
1579.47
1578.54
1577.31
1576.3
1575.73
1575.29
1575.19
1575.29
1575.73
1576.41
1577.28
1578.24
1579.13
1579.93
1580.72
1581.51
1582.2
1582.77
1583.22
1583.71
1584.17
1584.48
1584.79
1566.01
1565.64
1565.61
1565.5
1565.24
1565.04
1564.72
1564.52
1564.25
1563.94
1563.65
1563.94
1563.29
1562.69
1562.16
1561.45
1560.66
1559.61
1558.67
1557.84
1556.85
1556.32
1555.64
1555.25
1555.28
1555.6
1556.17
1556.91
1557.71
1558.55
1559.42
1560.31
1561.34
1561.85
1562.46
1563.07
1563.67
1564.17
1564.54
1564.89
1545.35
1545.43
1545.28
1545.5
1545.02
1544.5
1544.15
1543.71
1543.26
1542.94
1542.61
1542.42
1542.25
1542
1541.66
1541.15
1540.51
1539.71
1538.85
1537.81
1537.18
1536.34
1535.67
1535.44
1535.58
1535.91
1536.43
1537.04
1537.7
1538.41
1539.17
1539.98
1540.73
1541.61
1542.42
1543.07
1543.66
1544.15
1544.55
1545.02
1525.28
1525.26
1525.28
1525.65
1524.55
1524
1523.48
1522.51
1521.89
1521.01
1520.74
1520.75
1520.86
1520.98
1521.04
1520.83
1520.45
1519.85
1519.16
1518.46
1518.03
1517.16
1516.46
1516.3
1516.48
1516.8
1517.16
1517.54
1518.02
1518.59
1519.15
1520
1521.13
1522.02
1522.72
1523.35
1523.86
1524.29
1524.66
1524.98
1505.14
1505.3
1505.07
1505.52
1504.16
1503.28
1502.75
1501.66
1500.18
1499.43
1498.99
1498.48
1498.63
1499.35
1499.99
1500.43
1500.52
1500.26
1499.91
1499.47
1498.88
1498.23
1497.96
1497.87
1497.89
1497.97
1498.16
1498.33
1498.65
1499.14
1499.84
1501.03
1501.86
1502.73
1503.43
1503.99
1504.38
1504.67
1504.96
1505.2
1485.07
1484.93
1484.89
1484.72
1483.81
1483.45
1482.91
1481.84
1481.12
1479.93
1479.7
1479.53
1478.87
1478.87
1479.82
1480.59
1481
1480.97
1480.78
1480.52
1480.14
1479.71
1479.4
1479.27
1479.07
1479.31
1479.4
1479.64
1479.96
1480.59
1481.58
1482.39
1482.99
1483.72
1484.29
1484.74
1485
1485.22
1485.6
1485.56
1464.23
1463.49
1462.71
1462.51
1463.41
1464.57
1463.85
1463.44
1463.18
1462.63
1462.42
1462.29
1461.95
1461.18
1461.81
1462.57
1462.01
1461.99
1461.79
1461.8
1461.66
1461.38
1461.11
1460.76
1461.01
1461.02
1461.07
1461.4
1461.97
1462.67
1463.42
1464.04
1464.57
1464.79
1465.19
1465.53
1465.65
1466.04
1466.19
1466.2
1445.24
1444.36
1443.77
1444.37
1444.49
1445.8
1445.87
1446.78
1447.23
1447.24
1447.19
1447.23
1446.8
1444.66
1444.39
1445.1
1443.78
1444.19
1443.54
1443.23
1443.22
1443.18
1443.04
1442.86
1442.94
1442.98
1443.17
1443.67
1444.2
1444.8
1445.44
1445.93
1446.31
1446.19
1446.33
1446.52
1446.68
1446.78
1446.71
1446.88
1428.34
1426.84
1426.76
1427.04
1427.11
1428.6
1430.53
1430.64
1430.23
1429.82
1429.87
1429.63
1428.27
1427.84
1426.87
1426.26
1425.55
1425.19
1424.97
1424.83
1424.79
1424.77
1424.77
1424.71
1424.89
1425
1424.99
1426.06
1425.97
1426.71
1427.31
1427.41
1427.52
1427.64
1427.65
1427.68
1427.77
1427.5
1427.5
1427.32
1411.29
1409.86
1408.47
1407.62
1408.24
1408.24
1408.24
1409.99
1409.4
1410.8
1410.61
1410.09
1409.62
1409.14
1408.45
1408
1407.39
1406.82
1406.57
1406.58
1406.63
1406.66
1406.65
1406.69
1406.76
1406.71
1406.85
1407.19
1407.57
1408.15
1408.57
1408.76
1408.77
1408.71
1408.62
1408.46
1408.37
1408.28
1408.13
1408.02
1391
1389.72
1387.93
1386.27
1385.87
1386.01
1385.93
1385.74
1385.94
1386.47
1387.23
1387.85
1388.35
1388.88
1389.45
1389.63
1389.34
1389.01
1388.77
1388.66
1388.59
1388.52
1388.54
1388.6
1388.62
1388.34
1389.11
1389.47
1389.32
1389.36
1389.64
1389.74
1389.65
1389.47
1389.3
1389.14
1389.02
1388.82
1388.75
1388.59
1368.41
1366.35
1364.66
1362.67
1362.46
1363.45
1364.41
1363.18
1362.68
1362.69
1362.51
1364.74
1367.47
1369.66
1370.88
1371.22
1371.43
1371.36
1371.08
1370.73
1370.44
1370.25
1370.19
1370.38
1370.67
1370.81
1370.98
1371.14
1371.12
1370.42
1370.68
1370.39
1370.04
1369.76
1369.58
1369.48
1369.39
1369.42
1369.23
1369.02
1345.47
1342.93
1342.02
1339.5
1338.52
1340.61
1343.01
1344.17
1344.66
1344.83
1345.94
1347.45
1349.45
1352.08
1353.3
1353.67
1354.16
1354.46
1354.11
1353.36
1353.46
1353.1
1352.31
1352.57
1352.49
1352.35
1352.07
1352.18
1352.23
1352.07
1351.8
1351.44
1351.2
1350.86
1350.65
1350.5
1350.17
1349.86
1349.63
1349.33
1325.77
1322.94
1321.41
1320.79
1320.92
1322.49
1325.11
1328.12
1329.32
1329.97
1330.82
1332.08
1332.83
1335.1
1335.7
1336.22
1337.25
1337.4
1337.57
1336.94
1335.44
1335.26
1334.5
1334.68
1334.81
1333.85
1333.7
1333.03
1333.06
1332.89
1332.42
1331.74
1331.18
1330.64
1330.38
1330.3
1329.87
1329.44
1329.21
1328.96
1313.63
1312.34
1311
1310.58
1310.34
1310.31
1310.64
1311.31
1314.26
1313.98
1315.72
1317.07
1317.11
1318.21
1318.45
1319.26
1319.26
1319.29
1318.81
1318.64
1317.25
1316.81
1315.85
1315.17
1314.9
1313.78
1313.39
1313.09
1312.92
1312.71
1312.27
1311.54
1310.86
1310.26
1310.35
1310.37
1310.12
1309.63
1309.1
1308.71
1301.17
1300.19
1298.74
1297.99
1297.41
1296.99
1296.23
1297
1298.21
1298.47
1303.01
1301.16
1300.26
1300.85
1300.37
1301.02
1301.45
1301.63
1301.16
1300.87
1299.49
1298.31
1297.05
1295.76
1294.5
1293.42
1292.52
1291.8
1291.37
1291.23
1291.27
1291.01
1290.45
1290.26
1290.73
1290.62
1290.95
1290.88
1290.56
1290.75
1282.94
1281.58
1281.55
1281.81
1281.25
1280.39
1279.58
1277.74
1277.73
1278.44
1280.05
1281.62
1281.46
1281.78
1281.84
1282.17
1282.46
1282.76
1282.69
1281.88
1281.45
1278.99
1277.47
1275.78
1273.94
1272.32
1271.12
1270.24
1269.58
1270.07
1269.93
1270.61
1270.96
1271.48
1273.36
1271.68
1272.82
1272.6
1272.58
1272.68
1262.06
1262.15
1262.67
1262.31
1261.21
1260.39
1259.14
1259.53
1259.43
1259.67
1259.91
1260.65
1261.38
1262.11
1262.19
1262.68
1263.15
1263.47
1263.16
1262.36
1261.21
1259.95
1258.38
1256.51
1254.09
1251.19
1248.54
1247.15
1246.96
1246.57
1246.99
1248.6
1251.17
1252.67
1254.31
1253.66
1254.13
1254.26
1254.09
1254.7
1241.17
1241.7
1241.09
1240.45
1241.89
1241.73
1241.53
1241.28
1241.19
1242.06
1242.78
1241.32
1241.64
1241.87
1242.61
1242.99
1242.96
1243.12
1242.81
1242.06
1240.84
1239.44
1237.77
1235.95
1234.03
1232.33
1230.75
1229.16
1227.73
1228.71
1228.73
1229.03
1231.61
1233.42
1235.71
1236.53
1235.53
1235.69
1235.67
1235.45
1223.56
1223.89
1221.87
1223.1
1223.01
1222.99
1222.66
1222.39
1222.06
1221.34
1221.57
1221.45
1221.69
1222.17
1222.58
1222.97
1223.32
1222.93
1222.22
1221.37
1220.31
1219.19
1217.87
1216.57
1215.32
1214.21
1213.89
1212.66
1211.24
1212.48
1216.45
1214.62
1213.89
1216.23
1217.35
1217.85
1217.66
1216.65
1216.87
1216.79
1203.39
1203.1
1202.5
1202.02
1201.32
1201.71
1201.95
1200.71
1200.75
1200.53
1200.41
1200.54
1201.03
1201.57
1202.14
1202.62
1202.82
1203.18
1202.74
1200.62
1199.63
1198.62
1197.78
1197.03
1196.45
1196.05
1196.99
1197.21
1198.07
1196.82
1200.37
1201.52
1197.86
1199.62
1200.32
1199.14
1199.19
1198.97
1198.33
1198.12
1183.15
1182.83
1182.29
1181.61
1180.72
1179.77
1179.22
1179.11
1178.78
1178.4
1178.43
1178.67
1179.34
1180.28
1181
1181.43
1181.61
1181.74
1182.06
1181.79
1178.8
1178.09
1177.58
1177.16
1177.14
1177.29
1177.82
1178.33
1179.35
1179.07
1180.75
1182.43
1180.57
1181.58
1181.85
1180.8
1180.79
1180.55
1180.52
1180.07
1162.64
1162.36
1161.98
1161.33
1160.65
1159.95
1159.36
1158.88
1158.38
1157.85
1158
1158.18
1158.28
1159.15
1159.89
1160.19
1160.16
1160.05
1159.95
1162.86
1160.51
1158.37
1157.79
1157.6
1157.72
1157.98
1158.35
1158.92
1159.42
1160.1
1161.06
1161.86
1161.86
1161.92
1162.03
1162.05
1162.33
1162.53
1162.74
1162.59
1143.35
1142.75
1142.58
1142.14
1141.66
1141.11
1140.67
1140.23
1139.73
1139.25
1138.67
1138.27
1137.96
1138.34
1138.89
1139.35
1139.52
1139.46
1139.78
1140.54
1140.04
1139.14
1138.48
1138.29
1138.23
1138.32
1138.65
1139.22
1139.81
1140.5
1141.66
1142.28
1142.46
1141.79
1142.22
1143.15
1143.74
1144.01
1143.64
1144.6
1124.39
1123.9
1123.76
1123.37
1122.95
1122.42
1121.8
1121.3
1121.04
1120.71
1119.6
1118.51
1117.95
1117.6
1117.35
1117.28
1117.41
1117.68
1117.84
1118.27
1118.88
1119.2
1119.34
1118.43
1117.8
1118.17
1118.48
1119.06
1119.89
1120.74
1121.86
1124.29
1124.26
1122.62
1122.74
1123.27
1123.81
1124.66
1124.96
1124.96
1104.71
1104.56
1104.16
1103.88
1103.53
1103.03
1102.91
1102.6
1100.75
1099.63
1098.44
1097.07
1095.96
1095.11
1094.83
1094.37
1094.15
1094.36
1094.87
1095.48
1095.9
1096.27
1096.9
1097.38
1096.64
1097.14
1097.35
1098.11
1099.21
1100.37
1101.38
1103.99
1105.74
1101.6
1101.95
1102.84
1103.94
1104.8
1105.64
1105.92
1085.69
1084.83
1084.64
1084.71
1084.36
1083.95
1083.14
1081.24
1079.74
1078.06
1076.2
1074.38
1072.64
1071.53
1069.95
1069.28
1068.99
1069.39
1070.45
1071.72
1073.08
1073.93
1074.65
1074.26
1078.3
1074.28
1075.01
1076.43
1077.69
1078.79
1079.86
1080.73
1081.11
1081.53
1082.49
1083.29
1084.44
1085.03
1085.68
1086.21
1068.08
1067.08
1066.5
1066.18
1065.73
1065.06
1063.83
1062.06
1059.83
1057.47
1054.97
1052.65
1050.3
1047.26
1043.99
1040.82
1038.19
1040.57
1044.26
1047.57
1049.89
1050.98
1052.33
1053.34
1053.4
1054.47
1052.55
1054.52
1056.13
1057.69
1059.02
1060.15
1061.08
1062.05
1063.14
1064.19
1065.2
1065.27
1065.59
1065.96
1052.02
1050.36
1049.68
1048.96
1048.26
1047.42
1045.67
1043.1
1040.23
1037.3
1034.96
1032.55
1029.18
1024.65
1022.48
1025.57
1027.46
1030.29
1033.22
1030.87
1031.81
1033.04
1030.4
1030.62
1034.64
1036.88
1033.9
1033.69
1035.27
1036.97
1038.38
1039.67
1040.99
1042.31
1043.56
1044.54
1045.48
1045.39
1045.53
1045.61
1032.58
1032.09
1031.3
1031.07
1029.78
1028.54
1026.48
1023.97
1021.17
1019.13
1016.78
1013.65
1008.9
1007.38
1007.61
1006.4
1005.83
1008.3
1013.26
1014.42
1015.39
1014.27
1012.66
1013.86
1016.89
1018.51
1016.83
1014.23
1015.07
1016.44
1017.8
1019.02
1020.49
1022.18
1023.74
1024.93
1025.52
1025.61
1025.54
1025.34
1012.35
1012.21
1011.47
1011.39
1010.7
1009.32
1007.58
1005.42
1004.17
1002.56
999.694
995.857
991.682
991.095
992.19
991.287
988.376
988.644
988.369
990.075
991.816
991.571
992.501
992.133
992.368
994.14
992.661
991.808
993.478
995.116
996.6
998.474
1001.34
1003.93
1004.42
1005.63
1006.15
1006.18
1005.88
1004.79
994.578
994.392
994.086
993.153
991.859
991.16
989.829
988.416
989.041
985.801
984.914
979.622
979.099
979.944
980.136
979.975
979.624
979.301
977.503
972.84
970.811
969.798
969.323
967.87
967.697
968.367
969.607
971.146
972.871
974.81
976.901
979.017
982.037
984.253
985.634
986.792
987.439
987.345
987.381
986.678
976.975
976.608
976.069
974.607
974.054
973.275
971.842
973.924
972.24
970.314
968.652
965.303
966.237
966.904
966.548
965.457
964.254
961.413
963.508
959.325
955.038
954.813
953.239
951.675
950.777
950.711
951.497
953.055
954.825
956.861
959.286
961.503
963.885
965.92
967.093
968.609
968.808
968.796
970.306
969.173
959.004
957.903
957.592
956.942
956.093
955.575
954.637
956.852
953.832
952.756
951.394
949.823
949.706
953.334
954.395
950.856
950.668
952.173
945.093
942.765
940.923
938.923
935.908
935.504
934.811
934.611
935.019
936.255
937.976
940.135
942.481
944.49
946.302
948.002
949.361
950.479
950.781
951.158
951.258
951.845
939.111
938.607
937.77
937.036
936.64
937.402
937.294
937.103
936.305
935.297
933.842
932.573
931.635
931.197
931.348
929.767
930.387
929.575
926.735
926.347
925.521
924.005
922.441
921.267
918.051
917.875
918.563
920.201
922.117
923.805
926.055
928.028
929.159
930.878
931.525
932.402
933.007
933.077
934.768
933.164
920.697
920.106
918.702
917.82
919.351
920.253
919.329
919.452
918.728
917.655
916.591
915.268
914.183
912.594
912.028
912.645
911.738
910.728
909.16
908.329
907.75
905.87
906.14
906.346
905.546
904.423
903.619
905.649
907.508
909.243
910.885
912.236
913.431
914.248
914.71
915.739
915.967
914.703
915.301
914.753
905.031
904.562
903.129
902.283
902.526
901.639
901.675
901.583
900.705
899.521
898.469
897.153
896.382
896.024
894.68
893.904
892.82
891.604
890.56
889.662
888.599
887.909
887.908
888.508
888.555
891.985
894.831
893.454
893.241
894.147
895.815
897.329
898.185
898.397
898.146
899.024
898.644
896.779
896.022
895.291
889.63
888.898
887.93
890.139
885.554
885.381
884.405
883.575
882.71
880.993
880.062
878.87
877.791
877.488
875.979
875.163
874.285
873.321
872.093
870.365
868.727
867.972
867.875
869.478
871.503
873.391
874.854
876.737
879.635
882.376
883.984
884.482
884.252
884.093
883.884
883.054
881.625
879.738
877.757
875.304
872.721
872.148
870.985
873.006
868.299
867.687
866.17
865.071
864.142
862.766
861.587
860.369
859.23
858.099
857.08
856.103
855.208
854.305
853.361
852.789
851.325
851.717
851.52
852.409
853.798
857.292
858.922
860.114
861.926
864.218
866.792
868.4
870.226
869.993
868.936
867.828
866.091
864.025
862.278
860.587
853.726
853.232
851.671
852.637
851.075
850.219
848.336
846.44
845.955
844.029
842.479
841.524
840.274
838.994
838.184
837.358
836.346
841.264
834.584
835.026
834.204
832.858
834.131
835.379
836.907
838.573
840.339
841.516
843.821
846.695
848.893
850.355
851.036
851.751
851.354
850.408
850.104
849.382
848.283
846.113
832.796
832.488
832.549
832.495
832.432
831.275
829.47
828.036
826.339
824.133
823.441
822.425
820.969
819.888
819.785
819.399
818.897
819.092
818.197
813.222
813.044
814.457
815.136
815.155
817.888
818.606
819.638
822.126
824.572
826.793
828.598
829.836
830.498
831.617
832.084
835.03
835.493
835.892
837.598
836.434
816.438
816.277
816.158
814.083
815.289
814.733
813.39
811.328
808.574
807.184
804.785
803.035
801.363
799.675
799.662
798.798
796.733
795.983
795.782
794.353
793.507
792.794
793.131
794.735
796.799
798.785
800.505
802.446
803.959
805.553
807.936
810.637
813.097
815.156
816.933
820.201
822.406
822.288
821.421
819.636
798.159
797.844
797.646
797.818
796.239
795.218
793.653
791.012
788.559
785.871
785.893
785.448
783.494
779.061
779.708
782.519
784.421
783.239
777.745
772.861
772.382
772.851
772.806
774.777
776.843
778.007
779.659
781.22
783.054
785.418
787.413
790.652
793.588
796.366
798.694
801.52
804.263
806.108
805.624
803.389
778.557
778.22
776.886
776.619
774.936
771.235
770.076
768.674
767.692
766.828
767.252
766.167
764.655
763.417
762.089
765.258
765.268
758.928
760.951
761.753
760.57
761.121
760.342
757.341
757.512
757.765
760.727
764.195
769.503
771.716
768.917
770.155
771.813
773.518
776.543
780.137
782.961
784.824
784.945
782.923
756.577
755.807
754.333
752.729
751.113
750.131
749.476
748.905
748.366
747.477
747.407
746.767
745.286
745.344
748.089
747.848
747.485
745.146
747.808
748.165
747.556
747.52
748.115
748.738
749.457
745.736
749.022
752.342
750.756
754.599
754.791
755.213
756.698
757.746
757.343
758.148
758.567
760.83
760.61
757.12
737.017
736.247
734.736
733.003
731.332
730.291
729.537
729.148
728.563
728.019
726.507
724.683
723.892
725.527
725.763
727.176
730.95
734.529
737.133
739.058
739.63
739.651
739.429
739.433
739.906
734.011
734.153
735.227
736.326
738.186
737.929
741.04
741.843
741.707
742.433
742.877
743.773
743.902
743.565
737.709
719.725
718.329
717.023
715.346
713.793
712.721
711.961
711.304
710.433
709.178
707.649
705.903
712.582
714.115
716.232
718.558
721.316
723.522
725.596
726.853
726.282
724.115
724.866
723.167
720.341
718.405
718.14
718.237
718.616
718.915
719.02
727.411
723.373
729.997
722.921
728.88
729.081
728.739
732.953
721.971
702.439
700.926
699.789
698.194
696.652
695.336
694.175
693.105
692.186
691.436
691.102
693.619
702.317
703.4
701.527
702.204
704.493
707.506
709.87
709.83
708.448
707.066
706.169
704.909
702.699
701.297
699.961
699.644
699.625
699.825
700.471
702.637
704.554
707.471
706.237
712.71
712.877
711.554
714.875
707.173
684.242
683.265
682.258
680.72
679.138
677.557
676.104
674.863
673.726
672.605
673.045
674.289
674.344
676.143
679.308
682.425
685.292
688.342
689.728
688.907
686.819
684.825
683.481
682.699
681.831
681.09
680.542
680.072
679.866
679.741
680.544
682.09
684.323
686.909
689.544
693.04
697.652
690.124
691.195
690.416
664.444
664.157
663.859
662.245
660.788
658.957
657.075
655.367
654.76
654.607
654.601
654.369
654.605
654.981
656.044
656.818
657.593
659.215
661.745
663.011
662.145
661.141
662.205
660.636
660.65
661.207
661.162
660.959
660.602
660.128
660.581
662.023
664.285
666.624
668.731
670.115
679.967
672.384
672.715
671.907
644.002
643.269
645.751
643.806
640.855
639.485
636.818
634.227
632.415
632.326
633.362
632.888
632.939
631.563
630.95
630.305
631.159
632.33
635.076
641.565
641.173
643.914
647.276
641.013
642.05
642.434
642.48
642.479
642.609
642.77
643.148
644.3
646.014
647.749
649.835
652.537
663.873
654.277
653.975
652.545
629.748
627.356
627.269
625.902
623.757
620.297
617.328
615.509
613.032
613.331
614.183
614.406
613.238
612.671
614.656
618.787
618.021
618.025
619.994
621.9
623.477
625.707
625.748
624.642
624.866
624.572
624.557
624.707
624.903
625.006
625.384
626.369
627.8
629.254
630.611
632.325
636.655
632.976
631.389
629.922
612.266
612.849
611.708
608.313
607.691
606.255
603.735
602.399
599.313
597.912
596.691
597.73
598.343
604.511
606.945
607.379
606.874
606.694
607.63
609.31
610.626
609.585
608.439
607.776
607.335
606.041
605.727
606.224
606.843
606.507
606.154
606.359
607.283
607.978
608.813
609.164
608.372
606.57
612.241
604.647
597.976
599.182
597.981
595.268
593.505
591.228
589.185
586.414
584.546
583.154
586.087
587.136
587.632
586.802
592.473
593.544
591.271
592.039
593.421
594.373
593.963
594.367
593.293
591.932
590.85
588.525
586.762
586.951
587.149
586.442
585.278
584.368
584.93
585.679
586.196
585.455
585.567
589.779
591.557
588.27
582.962
581.272
581.344
580.245
577.737
576.132
574.015
577.03
576.987
575.145
573.627
573.419
570.765
572.376
573.728
575.114
576.485
575.333
580.57
580.713
579.128
580.197
577.462
576.02
574.502
571.947
568.855
567.399
564.124
564.899
563.555
561.866
563.144
565.343
566.916
566.883
567.288
575.033
578.519
580.081
567.07
567.337
568.463
567.025
567.445
566.79
562.512
560.167
557.193
556.075
552.251
553.461
553.462
553.171
553.692
555.014
556.971
558.845
566.839
565.094
562.076
564.36
561.704
560.506
557.807
552.176
551.83
548.499
546.081
548.008
548.015
548.026
547.619
547.278
549.159
551.549
554.298
561.668
566.041
571.462
556.946
556.393
555.288
552.922
549.248
545.553
543.791
541.496
538.898
536.095
532.529
531.271
532.832
532.653
533.437
534.511
536.363
538.462
542.355
546.407
547.631
545.763
544.95
543.607
540.342
535.436
532.868
530.277
530.444
530.074
530.169
530.772
530.687
530.981
532.796
534.955
540.159
548.066
553.323
555.616
533.292
531.531
531.468
529.908
527.546
525.032
522.855
521.018
518.648
515.757
515.485
517.346
518.106
516.159
516.458
516.876
519.81
522.755
524.781
528.062
527.253
526.423
525.001
523.207
520.29
517.609
515.052
512.066
510.517
512.208
513.299
513.544
514.179
515.857
518.638
522.515
527.678
531.243
531.523
535.053
509.183
509.382
509.331
507.507
505.515
503.707
502.325
501.101
499.341
498.741
501.242
502.683
503.482
503.541
503.802
501.943
503.844
505.244
508.245
506.951
506.709
505.48
504.018
501.86
499.299
496.885
494.824
492.881
491.282
491.189
492.168
493.91
495.698
498.342
501.69
504.707
506.763
509.41
511.887
512.025
485.068
485.309
485.453
483.822
482.705
482.146
481.872
481.4
480.243
480.044
481.304
486.354
485.032
485.469
485.817
485.677
486.745
487.618
487.358
487.043
486.221
484.439
482.773
480.236
478.013
475.748
473.566
471.937
471.264
471.604
472.935
474.918
477.406
480.488
484.232
488.013
490.857
492.498
491.298
488.503
460.603
459.634
460.534
459.467
459.462
460.72
461.954
462.263
461.787
461.763
463.57
465.381
466.308
465.776
466.166
465.529
467.016
468.317
468.761
467.762
465.724
464.291
461.503
458.507
455.948
453.366
451.22
449.647
448.484
447.821
448.301
449.487
450.522
452.82
457.085
459.755
461.986
464.157
463.578
463.965
441.575
440.676
441.678
437.532
440.383
440.364
441.783
442.655
444.119
445.281
445.961
447.038
446.029
453.433
445.394
446.772
447.54
448.626
448.711
447.377
445.213
442.33
439.335
436.22
433.266
430.638
429.412
428.827
428.422
429.01
429.807
431.356
434.64
439.158
442.049
444.523
444.256
441.157
437.922
435.81
428.543
429.335
427.244
427.456
427.85
428.594
429.897
428.439
428.724
429.492
430.154
429.768
427.681
433.91
426.126
425.823
425.7
426.365
426.305
425.184
422.174
419.534
416.257
413.294
410.33
408.819
410.753
410.368
410.537
411.277
411.577
412.142
413.964
414.378
417.168
417.238
414.845
410.767
407.979
403.94
416.631
416.305
415.895
415.97
415.676
415.006
414.782
414.463
412.435
411.097
416.694
413.145
419.168
409.722
408.018
405.042
402.889
403.867
402.862
400.944
398.577
395.584
392.391
389.901
389.195
392.494
393.023
393.015
392.893
392.546
391.574
390.544
389.804
388.714
387.012
385.011
381.689
377.535
374.076
371.299
404.395
402.176
401.901
402.578
401.481
399.645
398.276
406.242
395.123
395.934
395.278
396.3
396.063
390.307
388.693
384.095
378.73
377.051
374.584
373.375
370.221
367.483
366.169
365.979
366.357
371.915
375.774
375.972
376.107
375.806
373.784
370.087
366.244
362.219
358.36
355.008
351.849
347.845
345.39
341.042
388.268
383.252
382.925
386.826
389.192
383.279
387.589
385.457
376.55
376.532
376.737
376.719
375.534
370.171
365.215
357.543
352.402
347.976
344.344
340.889
338.491
337.065
335.748
336.808
339.885
345.056
350.205
352.804
355.008
357.307
350.343
347.11
344.101
341.269
337.469
333.241
328.565
323.565
318.359
312.852
364.4
367.916
364.142
371.215
365.611
364.638
364.424
361.442
357.535
356.247
356.117
355.869
352.043
344.947
336.557
327.805
320.889
315.041
310.418
307.188
304.777
303.034
301.355
302.726
306.435
312.992
319.618
324.482
326.598
326.803
326.045
323.85
321.053
318.785
315.675
311.735
307.12
302.025
296.454
290.107
347.623
353.988
344.322
347.836
348.92
347.354
344.547
342.804
341.519
338.628
334.827
330.906
323.041
313.139
301.712
291.422
282.546
276.217
272.338
269.86
269.623
269.184
267.705
270.697
275.147
278.319
286.619
293.298
297.817
300.225
300.539
299.247
297.449
295.447
292.42
288.587
284.333
279.954
275.047
269.971
327.618
330.117
325.253
326.279
327.905
329.535
328.548
326.367
330.375
325.185
311.38
300.803
288.164
276.349
263.618
249.664
236.968
230.638
229.282
228.465
230.122
233.508
234.669
238.96
242.565
246.066
252.318
259.225
265.156
269.936
273.145
272.986
271.821
270.236
268.084
265.131
261.629
258.268
254.998
250.711
300.741
299.039
300.461
304.067
306.336
307.617
306.621
305.194
311.551
299.945
286.889
270.337
253.839
237.838
220.235
201.106
185.842
178.954
175.691
174.143
178.524
191.505
198.734
204.463
209.046
215.237
223.036
230.257
235.396
241.35
247.225
249.893
249.42
246.547
244.963
242.209
238.442
233.866
230.586
227.259
275.958
273.753
269.385
277.36
277.543
278.426
276.415
274.443
282.333
269.4
255.112
237.527
219.846
202.967
187.005
172.577
168.422
164.294
161.409
162.791
165.172
164.511
168.261
177.261
182.242
189.751
199.253
207.478
214.751
220.81
223.82
227.827
228.197
226.33
224.082
220.869
216.487
211.259
205.143
208.869
256.962
252.584
252.758
255.538
249.045
239.933
247.006
240.952
249.868
235.356
224.233
210.312
197.155
185.068
174.726
163.726
162.042
160.253
159.618
160.284
161.466
162.607
163.596
161.895
168.977
176.766
184.276
191.149
202.882
207.85
209.407
211.243
210.903
208.373
204.529
199.355
192.925
187.39
182.886
180.605
242.05
242.811
236.495
240.232
241.377
223.874
230.236
219.506
226.92
211.152
202.951
193.269
183.616
174.98
167.747
161.741
160.81
160.394
160
160.005
160.665
161.578
162.625
162.141
160.18
167.815
176.301
184.613
200.74
196.599
199.814
200.45
198.616
195.509
188.981
179.729
170.436
164.65
161.798
163.41
226.089
226.742
225.993
232.209
232.613
230.106
219.934
214.154
208.11
198.869
190.24
182.262
174.801
166.094
158.151
156.177
156.949
156.945
157.135
157.802
158.818
160.068
161.371
161.927
158.924
166.899
174.85
182.72
200.587
192.629
194.422
194.553
193.533
188.019
177.982
168.975
162.017
157.06
152.829
153.246
216.353
217.796
219.81
226.029
219.684
241.872
209.094
207.2
200.396
190.225
181.093
173.479
169.211
160.368
153.348
152.161
152.454
152.889
153.979
155.424
156.917
158.375
159.696
159.214
160.972
168.885
176.882
184.778
194.518
191.288
192.168
192.84
189.877
184.185
177.404
168.824
161.128
157.648
157.959
159.254
207.331
207.661
206.441
214.496
206.258
230.842
211.976
201.432
189.176
176.611
166.883
162.35
159.77
153.593
150.09
149.527
149.957
150.783
152.112
153.849
155.429
156.837
158.286
157.556
162.468
169.939
178.902
186.597
191.217
192.956
193.828
192.525
188.74
184.431
177.548
170.692
166.077
163.063
161.576
160.591
194.625
197.014
197.991
197.277
204.914
200.671
203.877
202.875
180.034
165.394
154.958
146.141
145.425
145.322
146.502
146.947
147.836
149.219
150.916
152.741
154.106
154.912
153.921
156.689
162.793
170.114
179.027
192.119
192.584
195.48
194.671
191.979
188.721
183.146
176.046
169.398
164.377
161.562
160.234
158.715
181.67
180.187
190.024
177.646
182.747
181.713
184.452
180.627
175.521
164.202
152.39
147.905
144.905
142.596
144.353
145.606
147.521
149.353
150.508
152.161
150.427
149.875
152.897
156.86
163.147
170.795
178.478
193.266
191.114
194.059
193.46
189.863
186.071
178.787
169.71
162.455
156.742
152.174
153.245
154.508
162.945
161.59
165.038
162.758
162.836
164.076
166.937
164.087
155.077
154.804
163.348
162.039
156.939
151.636
149.774
149.493
148.994
148.643
145.603
148.17
149.183
149.13
150.633
154.577
161.07
169.205
176.585
186.347
182.374
183.887
185.338
182.398
180.122
172.8
161.032
155.057
145.075
146.055
139.748
149.648
144.26
143.944
144.09
144.133
144.501
145.009
145.462
145.167
143.599
143.405
145.582
143.252
141.083
139.641
139.807
139.118
135.979
133.411
131.862
136.579
137.119
138.029
140.407
144.651
149.425
155.367
160.321
168.076
166.547
168.11
172.317
168.504
164.986
157.081
140.706
139.896
128.525
130.612
126.702
137.362
124.981
124.519
124.655
125.073
125.355
125.377
125.397
125.369
125.014
123.81
124.151
124.505
124.907
125.213
125.402
125.671
124.92
120.602
120.721
121.598
121.268
122.317
125.134
128.768
132.74
137.256
145.642
141.009
142.019
141.911
141.187
139.505
135.755
129.691
120.202
112.672
109.414
106.064
106.187
115.335
104.836
104.181
104.44
104.868
105.323
104.921
104.8
104.869
105.216
104.002
103.531
103.422
103.21
103.86
104.642
105.047
104.418
103.609
101.146
108.318
104.36
104.772
106.461
108.764
110.989
118.625
120.248
113.634
113.144
111.749
106.655
107.852
102.382
98.1414
86.5073
71.6193
64.4003
57.8319
55.8967
62.6243
87.4372
87.6399
86.7472
86.5874
87.9667
85.3546
86.9721
87.1712
86.8984
86.5176
85.7082
83.304
82.0775
81.5607
81.8826
82.6021
83.1395
83.6118
83.2272
87.5895
82.6652
84.0046
85.5665
87.6287
90.0223
96.8857
97.5039
88.3788
90.6656
83.6407
81.4022
74.3306
69.7538
59.1769
47.9542
38.072
35.271
35.7696
34.497
26.4755
70.5759
70.2793
70.1465
68.333
70.275
69.2742
69.5195
70.3581
70.3914
70.1594
69.2144
65.8545
63.9039
62.6346
62.1787
62.1465
61.9777
61.511
63.4536
65.3799
61.0589
62.3458
63.4671
64.8721
66.4091
69.3869
73.1699
64.8334
64.3012
59.8034
54.9919
53.3083
48.2798
44.0445
35.7419
22.8917
13.2369
11.8714
13.3934
-0.499304
52.0427
52.6054
51.7615
50.4714
51.0873
51.2402
51.3306
51.3674
51.7082
51.1946
49.65
48.1009
46.0183
44.1026
42.7124
41.8129
40.9445
39.2467
39.4744
38.2686
38.805
39.4735
41.2347
43.6367
45.7728
47.5352
47.7304
45.8083
43.658
41.115
38.3269
35.5245
32.7323
29.6647
26.2164
22.9036
20.029
16.7168
13.6924
14.3536
33.9683
32.2088
33.377
32.8814
32.7162
32.6799
32.8266
32.8622
32.6543
31.9393
30.5786
28.5676
26.414
24.1789
21.9069
20.0208
18.8105
17.1855
14.6595
11.2672
7.7617
9.33527
13.2707
18.2581
23.0491
26.1067
27.0159
26.1605
24.3617
22.3088
20.4205
19.2311
18.0491
16.8397
15.0975
12.6081
8.62198
2.17539
-2.49566
-2.16908
12.5619
12.7618
13.0948
13.3272
13.568
13.8173
14.0353
14.0223
13.6638
12.8244
11.7027
10.4496
8.7452
6.65702
4.88399
3.85626
3.52021
2.89333
1.41273
-0.506379
-1.08171
-1.27681
-0.869562
0.54666
5.05348
9.87247
11.7095
9.02273
7.10818
5.43561
4.37765
4.94532
5.49792
5.49491
4.33537
1.99436
-0.814363
-1.59463
-1.68522
-1.21295
0.243476
0.338501
0.404542
0.613053
0.883784
1.09383
1.11701
0.953481
0.513671
0.0987593
-0.245246
-0.663605
-1.03998
-1.19944
-1.31078
-1.53471
-1.75016
-1.77643
-1.75402
-1.74282
-1.73553
-1.72495
-1.71439
-1.71476
-1.68494
-1.35851
-1.07843
-1.19955
-1.17562
-1.30927
-1.5174
-1.66663
-1.72888
-1.78052
-1.76734
-1.755
-1.78185
-1.78268
-1.78244
-1.75427
-1.79609
-1.79789
-1.80065
-1.80421
-1.80787
-1.81133
-1.81428
-1.8166
-1.81724
-1.81632
-1.81479
-1.81277
-1.81084
-1.80997
-1.81128
-1.81918
-1.82558
-1.81794
-1.81358
-1.81653
-1.81984
-1.81218
-1.80495
-1.81259
-1.83944
-1.85774
-1.84931
-1.83078
-1.81712
-1.82195
-1.83767
-1.84705
-1.85235
-1.85348
-1.84276
-1.85455
-1.85285
-1.84445
-1.8374
-1.8054
-1.82156
-1.82365
-1.82391
-1.82459
-1.8267
-1.82945
-1.83209
-1.83414
-1.83527
-1.83554
-1.83551
-1.83469
-1.83291
-1.83252
-1.83528
-1.83824
-1.8359
-1.83098
-1.82585
-1.82285
-1.82173
-1.82175
-1.82439
-1.8309
-1.84121
-1.85251
-1.8599
-1.85525
-1.84833
-1.84557
-1.86722
-1.86603
-1.8664
-1.86736
-1.86746
-1.8668
-1.85606
-1.85267
-1.86245
-1.83922
-1.84235
-1.84662
-1.8484
-1.84915
-1.84995
-1.85097
-1.85224
-1.85313
-1.8533
-1.8531
-1.85281
-1.85261
-1.85256
-1.85284
-1.85357
-1.8544
-1.85458
-1.8544
-1.85455
-1.85485
-1.85389
-1.85244
-1.85362
-1.85891
-1.86899
-1.87849
-1.87962
-1.87435
-1.87243
-1.8756
-1.87845
-1.87803
-1.87786
-1.87744
-1.87562
-1.87405
-1.87204
-1.87674
-1.87903
-1.88231
-1.86673
-1.86962
-1.86921
-1.86975
-1.87014
-1.87077
-1.87151
-1.87202
-1.87233
-1.87255
-1.87279
-1.87299
-1.8731
-1.87324
-1.87339
-1.87344
-1.87317
-1.87262
-1.87209
-1.87209
-1.87324
-1.87524
-1.87854
-1.88353
-1.89167
-1.89925
-1.89721
-1.89429
-1.8929
-1.89365
-1.89356
-1.89293
-1.89211
-1.89124
-1.88843
-1.88431
-1.8772
-1.86413
-1.88256
-1.88295
-1.88966
-1.8898
-1.89008
-1.89042
-1.8908
-1.89112
-1.89138
-1.8915
-1.89145
-1.89159
-1.8919
-1.89224
-1.89245
-1.89264
-1.89285
-1.89306
-1.89328
-1.89357
-1.894
-1.89462
-1.89552
-1.89674
-1.89875
-1.90175
-1.90562
-1.90858
-1.90912
-1.90933
-1.91074
-1.91193
-1.91269
-1.91134
-1.90746
-1.90708
-1.90926
-1.90365
-1.90056
-1.8978
-1.89985
-1.9061
-1.9103
-1.91043
-1.91066
-1.91093
-1.91115
-1.91133
-1.91149
-1.91167
-1.91175
-1.91134
-1.91189
-1.91219
-1.91235
-1.9125
-1.91266
-1.91282
-1.913
-1.9132
-1.91353
-1.91406
-1.91484
-1.91585
-1.91708
-1.91858
-1.92012
-1.92129
-1.92213
-1.92399
-1.92701
-1.93033
-1.93307
-1.93334
-1.93498
-1.93592
-1.93521
-1.9289
-1.92654
-1.92879
-1.93546
-1.95588
-1.93103
-1.93124
-1.93137
-1.93149
-1.93158
-1.93164
-1.93171
-1.93182
-1.93193
-1.93177
-1.93209
-1.93217
-1.93225
-1.93234
-1.93242
-1.93251
-1.93262
-1.9328
-1.93305
-1.93341
-1.93389
-1.9345
-1.93523
-1.93605
-1.9369
-1.93771
-1.93886
-1.94126
-1.94547
-1.9496
-1.95326
-1.95784
-1.96101
-1.97042
-1.97049
-1.95839
-1.95691
-1.95602
-1.9643
-1.97531
-1.95208
-1.95202
-1.95205
-1.95207
-1.95207
-1.95206
-1.95205
-1.95203
-1.95201
-1.95205
-1.95207
-1.95212
-1.95214
-1.95215
-1.95215
-1.95215
-1.9522
-1.95229
-1.95241
-1.95254
-1.95272
-1.953
-1.95339
-1.95392
-1.95466
-1.9557
-1.95755
-1.96044
-1.9663
-1.97128
-1.97679
-1.98555
-1.9997
-2.01888
-2.01166
-1.99103
-1.99164
-1.99849
-2.0141
-2.00617
)
;

boundaryField
{
    inlet
    {
        type            calculated;
        value           nonuniform List<scalar> 10(-293.442 -293.623 -293.76 -293.891 -293.945 -293.944 -293.887 -293.758 -293.622 -293.441);
    }
    inletWall
    {
        type            calculated;
        value           nonuniform List<scalar> 
30
(
-204.314
-224.372
-244.267
-264.008
-283.632
-118.072
-133.595
-150.035
-166.894
-183.989
-24.2976
-44.8864
-65.2345
-88.0507
-113.461
-204.315
-224.374
-244.268
-264.007
-283.631
-118.065
-133.56
-150.039
-166.927
-183.987
-24.532
-45.0051
-65.2834
-88.0688
-113.487
)
;
    }
    bottleWall
    {
        type            calculated;
        value           nonuniform List<scalar> 
290
(
1657.41
1638.27
1618.78
1600.26
1581.05
1561.68
1543.07
1524.57
1504.85
1485.05
1464.66
1444.71
1424.63
1405.28
1387.48
1370.42
1352.17
1333.66
1316.55
1294.2
1268.25
1246.43
1229.04
1212.79
1196.43
1179.74
1162.54
1138.4
1117.89
1099.26
1082.69
1065.54
1046.08
1028.17
1006.35
980.95
966.919
957.128
940.287
917.489
897.827
874.27
857.101
843.338
831.3
811.805
796.298
780.422
760.566
747.118
734.476
711.053
690.961
672.936
654.774
636.595
616.163
597.378
577.539
558.706
538.708
516.669
491.557
474.616
464.199
456.26
441.663
423.964
409.543
392.568
375.181
356.902
336.547
313.801
290.176
269.882
254.998
242.377
229.29
215.689
203.135
185.773
170.071
149.956
126.88
107.913
91.9692
76.7195
61.1842
45.8124
33.0115
24.6577
17.9591
9.18159
-0.567716
-1.86911
-1.88979
-1.89804
-1.92764
-1.94822
1672.52
1672.44
1672.33
1672.16
1671.81
1671.51
1671.2
1670.84
1670.78
1670.57
1670.17
1670.7
1670.54
1670.45
1670.47
1670.62
1670.79
1670.92
1671.13
1671.45
1671.45
1670.94
1670.09
1669.29
1668.6
1668.02
1667.41
1666.96
1666.74
1666.63
1666.65
1666.73
1666.84
1666.94
1667.05
1667.09
1667.03
1667.08
1667.17
1667.19
1673.2
1672.99
1673.09
1672.99
1673.04
1672.97
1672.88
1672.79
1672.69
1672.61
1673.53
1673.54
1673.57
1673.6
1673.8
1674.06
1674.13
1674.18
1674.5
1674.69
1674.63
1674.26
1673.67
1672.97
1672.2
1671.39
1670.58
1669.74
1669.02
1668.09
1667.96
1667.58
1667.33
1667.35
1667.6
1667.96
1668.37
1668.84
1669.37
1669.91
1670.46
1671.02
1671.68
1672.16
1672.78
1673.21
1673.47
1673.49
1673.4
1673.3
1663.75
1644.09
1624.35
1605.58
1586.13
1566.01
1545.35
1525.28
1505.14
1485.07
1464.23
1445.24
1428.34
1411.29
1391
1368.41
1345.47
1325.77
1313.63
1301.17
1282.94
1262.06
1241.17
1223.56
1203.39
1183.15
1162.64
1143.35
1124.39
1104.71
1085.69
1068.08
1052.02
1032.58
1012.35
994.578
976.975
959.004
939.111
920.697
905.031
889.63
872.721
853.726
832.796
816.438
798.159
778.557
756.577
737.017
719.725
702.439
684.242
664.444
644.002
629.748
612.266
597.976
582.962
567.07
556.946
533.292
509.183
485.068
460.603
441.575
428.543
416.631
404.395
388.268
364.4
347.623
327.618
300.741
275.958
256.962
242.05
226.089
216.353
207.331
194.625
181.67
162.945
144.26
124.981
104.836
87.4372
70.5759
52.0427
33.9683
12.5619
0.243476
-1.79609
-1.82156
-1.84235
-1.86673
-1.88966
-1.9103
-1.93103
-1.95208
)
;
    }
    atmosphere
    {
        type            calculated;
        value           nonuniform List<scalar> 
80
(
-1.96651
-1.96413
-1.9696
-1.96203
-1.96203
-1.96203
-1.96203
-1.96204
-1.96201
-1.962
-1.962
-1.962
-1.962
-1.962
-1.962
-1.962
-1.962
-1.962
-1.96201
-1.962
-1.96202
-1.96258
-1.96398
-1.96614
-1.96882
-1.97173
-1.97472
-1.97795
-1.97893
-1.97443
-1.96651
-1.96213
-1.96786
-1.96213
-1.96286
-1.96253
-1.96562
-1.96577
-1.96596
-2.01867
-1.96338
-1.96215
-1.96233
-1.96242
-1.96244
-1.9624
-1.9623
-1.96217
-1.96204
-1.96227
-1.962
-1.96201
-1.96202
-1.96202
-1.96202
-1.96201
-1.962
-1.962
-1.962
-1.962
-1.962
-1.962
-1.962
-1.96206
-1.96217
-1.962
-1.962
-1.96214
-1.98263
-1.98328
-1.97513
-1.97514
-2.02033
-2.14347
-2.0861
-1.96206
-1.96229
-2.01202
-2.09135
-2.04781
)
;
    }
    frontAndBack
    {
        type            empty;
    }
}


// ************************************************************************* //
